0.0000	0.0000	0.0000	0.0000	0.0000	0.0051	0.0000	0.0000	0.0049	0.0022	0.0085	0.0203	0.0240	0.0145	0.0285	0.0364	0.0544	0.0374	0.0369	0.0351	0.0446	0.0410	0.0484	0.0462	0.0620	0.0754	0.0545	0.0385	0.0517	0.0788	0.0707	0.0584	0.0543	0.0675	0.0695	0.0639	0.0637	0.0604	0.0742	0.0856	0.0698	0.0894	0.0828	0.0853	0.0719	0.0773	0.0786	0.0825	0.0958	0.0922	0.0924	0.0732	0.0678	0.0811	0.0856	0.0806	0.0727	0.0661	0.0773	0.0581	0.0478	0.0512	0.0449	0.0536	0.0483	0.0409	0.0401	0.0438	0.0298
0.0000	0.0000	0.0000	0.0000	0.0000	0.0000	0.0002	0.0099	0.0211	0.0068	0.0141	0.0268	0.0370	0.0226	0.0338	0.0422	0.0490	0.0373	0.0427	0.0427	0.0548	0.0548	0.0591	0.0628	0.0586	0.0691	0.0701	0.0638	0.0700	0.0754	0.0768	0.0701	0.0571	0.0651	0.0563	0.0720	0.0753	0.0734	0.0735	0.0799	0.0888	0.0889	0.0857	0.1093	0.1005	0.0963	0.0886	0.1077	0.1203	0.0950	0.0944	0.0814	0.0681	0.0871	0.0901	0.0828	0.0650	0.0767	0.0746	0.0660	0.0548	0.0601	0.0589	0.0645	0.0604	0.0483	0.0427	0.0388	0.0446
0.0000	0.0000	0.0005	0.0046	0.0000	0.0000	0.0061	0.0139	0.0162	0.0063	0.0351	0.0360	0.0437	0.0447	0.0414	0.0560	0.0374	0.0501	0.0553	0.0511	0.0594	0.0658	0.0526	0.0575	0.0764	0.0781	0.0793	0.0649	0.0785	0.0787	0.0806	0.0676	0.0576	0.0746	0.0758	0.0833	0.0817	0.0829	0.0733	0.0865	0.0999	0.0999	0.0906	0.1065	0.0996	0.1012	0.0982	0.1121	0.1282	0.1083	0.1083	0.1090	0.0831	0.0985	0.1074	0.1023	0.1018	0.0867	0.0966	0.0970	0.0977	0.1011	0.0791	0.0827	0.0700	0.0545	0.0603	0.0546	0.0582
0.0000	0.0094	0.0000	0.0072	0.0071	0.0121	0.0100	0.0190	0.0158	0.0132	0.0291	0.0362	0.0472	0.0460	0.0374	0.0356	0.0364	0.0580	0.0491	0.0587	0.0649	0.0614	0.0491	0.0743	0.0675	0.0775	0.0614	0.0554	0.0731	0.0820	0.0566	0.0789	0.0922	0.0786	0.0780	0.0814	0.0812	0.0918	0.0786	0.0803	0.1019	0.1055	0.1078	0.1152	0.1142	0.1144	0.1172	0.1073	0.1113	0.1064	0.1250	0.1168	0.1154	0.1165	0.1295	0.1187	0.1036	0.1021	0.1014	0.1016	0.1161	0.1132	0.0979	0.0996	0.0895	0.0750	0.0660	0.0708	0.0868
0.0000	0.0040	0.0080	0.0090	0.0007	0.0163	0.0236	0.0242	0.0206	0.0206	0.0263	0.0347	0.0456	0.0437	0.0375	0.0277	0.0414	0.0290	0.0329	0.0704	0.0650	0.0663	0.0479	0.0604	0.0676	0.0819	0.0630	0.0614	0.0789	0.0790	0.0725	0.0828	0.0914	0.1085	0.1014	0.0725	0.0663	0.0789	0.0870	0.0874	0.0983	0.0957	0.1105	0.1155	0.1288	0.1203	0.1305	0.1009	0.1059	0.1223	0.1347	0.1259	0.1292	0.1088	0.1233	0.1284	0.1114	0.1062	0.1095	0.1188	0.1259	0.1048	0.0852	0.1058	0.1031	0.0749	0.0836	0.0881	0.0883
0.0000	0.0000	0.0082	0.0107	0.0011	0.0165	0.0234	0.0306	0.0352	0.0164	0.0354	0.0305	0.0496	0.0589	0.0434	0.0468	0.0531	0.0452	0.0377	0.0647	0.0633	0.0752	0.0555	0.0547	0.0727	0.0679	0.0717	0.0726	0.0836	0.0934	0.0841	0.0862	0.0950	0.0962	0.1075	0.0901	0.0894	0.0895	0.0920	0.0945	0.1039	0.1166	0.1234	0.1168	0.1308	0.1223	0.1347	0.1279	0.1314	0.1540	0.1422	0.1339	0.1367	0.1243	0.1529	0.1597	0.1461	0.1375	0.1300	0.1336	0.1309	0.1167	0.1104	0.1281	0.1174	0.0959	0.0947	0.1133	0.0993
0.0000	0.0034	0.0108	0.0200	0.0078	0.0203	0.0190	0.0312	0.0303	0.0433	0.0451	0.0443	0.0455	0.0349	0.0263	0.0468	0.0677	0.0692	0.0674	0.0716	0.0620	0.0683	0.0754	0.0678	0.0827	0.0969	0.0815	0.0826	0.0786	0.0839	0.0767	0.0844	0.1015	0.1114	0.0940	0.0954	0.0905	0.0930	0.1078	0.1003	0.1212	0.1383	0.1462	0.1163	0.1282	0.1303	0.1501	0.1769	0.1522	0.1698	0.1650	0.1558	0.1732	0.1628	0.1948	0.1921	0.1750	0.1669	0.1636	0.1546	0.1260	0.1362	0.1503	0.1692	0.1434	0.1080	0.1283	0.1264	0.1174
0.0095	0.0190	0.0083	0.0127	0.0136	0.0240	0.0204	0.0286	0.0391	0.0418	0.0434	0.0490	0.0512	0.0419	0.0535	0.0815	0.0611	0.0693	0.0923	0.0773	0.0802	0.0835	0.0746	0.0776	0.0991	0.1011	0.0881	0.0717	0.0856	0.0877	0.0948	0.0938	0.1107	0.1174	0.1033	0.0964	0.1026	0.0996	0.1034	0.1049	0.1435	0.1428	0.1452	0.1255	0.1256	0.1453	0.1742	0.1909	0.1987	0.2101	0.2142	0.1988	0.1993	0.1862	0.2043	0.1960	0.1888	0.1753	0.1875	0.1759	0.1706	0.1640	0.1610	0.1767	0.1729	0.1372	0.1380	0.1502	0.1595
0.0000	0.0013	0.0187	0.0202	0.0278	0.0153	0.0229	0.0469	0.0541	0.0502	0.0538	0.0570	0.0795	0.0729	0.0597	0.0909	0.0717	0.0736	0.0958	0.0766	0.0886	0.0817	0.0811	0.0852	0.1099	0.0937	0.0776	0.0816	0.1136	0.1028	0.0995	0.0925	0.1198	0.1128	0.1199	0.1164	0.1132	0.1154	0.1189	0.1341	0.1443	0.1528	0.1559	0.1656	0.1629	0.1993	0.2189	0.2868	0.3633	0.3356	0.2675	0.2284	0.2427	0.2465	0.2347	0.2224	0.2178	0.2262	0.2339	0.2439	0.2278	0.1966	0.1865	0.1907	0.1889	0.1605	0.1602	0.1865	0.1673
0.0000	0.0033	0.0095	0.0272	0.0209	0.0290	0.0595	0.0489	0.0518	0.0531	0.0541	0.0603	0.0573	0.0600	0.0582	0.0795	0.0769	0.0876	0.0943	0.1034	0.0991	0.0866	0.0837	0.0966	0.1072	0.1235	0.1017	0.0948	0.1003	0.0977	0.1011	0.0963	0.1183	0.1283	0.1210	0.1105	0.1116	0.1271	0.1324	0.1483	0.1701	0.1625	0.1708	0.1992	0.2226	0.2727	0.4174	0.5632	0.6870	0.5971	0.4432	0.3197	0.2798	0.2939	0.2969	0.2922	0.3066	0.3685	0.3710	0.3666	0.3367	0.2568	0.2253	0.2052	0.1738	0.1971	0.2011	0.2054	0.2473
0.0144	0.0154	0.0179	0.0251	0.0214	0.0387	0.0386	0.0445	0.0467	0.0575	0.0461	0.0503	0.0582	0.0613	0.0795	0.0920	0.0982	0.1085	0.1025	0.0983	0.1017	0.1097	0.1053	0.0993	0.1118	0.1342	0.1241	0.1199	0.1129	0.0980	0.1062	0.1199	0.1321	0.1548	0.1463	0.1350	0.1409	0.1546	0.1526	0.1713	0.1972	0.2112	0.2347	0.2612	0.3158	0.4290	0.7322	0.8129	0.7872	0.7949	0.7598	0.7015	0.4953	0.5134	0.5309	0.5216	0.4764	0.5193	0.5422	0.4980	0.4429	0.3681	0.3233	0.3163	0.2627	0.2671	0.2968	0.3112	0.3097
0.0065	0.0098	0.0275	0.0303	0.0446	0.0317	0.0479	0.0457	0.0668	0.0514	0.0579	0.0772	0.0744	0.0877	0.0826	0.0963	0.1039	0.1112	0.1010	0.1053	0.1170	0.1149	0.1077	0.1116	0.1314	0.1147	0.1288	0.1277	0.1275	0.1432	0.1445	0.1440	0.1570	0.1674	0.1743	0.1519	0.1680	0.1924	0.2016	0.2427	0.2664	0.2798	0.3245	0.3360	0.3932	0.6051	0.8674	0.8236	0.7920	0.8319	0.7726	0.7904	0.7641	0.7764	0.7009	0.6876	0.6843	0.6249	0.5846	0.5483	0.4931	0.4647	0.4453	0.4762	0.3899	0.3561	0.3712	0.3818	0.3495
0.0133	0.0160	0.0274	0.0291	0.0538	0.0507	0.0556	0.0502	0.0721	0.0619	0.0789	0.0953	0.1106	0.0848	0.0916	0.0938	0.1139	0.1180	0.1088	0.1252	0.1412	0.1330	0.1288	0.1423	0.1483	0.1561	0.1499	0.1402	0.1489	0.1660	0.1631	0.1737	0.1899	0.1876	0.1995	0.2025	0.2097	0.2384	0.2603	0.3224	0.4223	0.4289	0.4268	0.4415	0.4829	0.7722	0.9225	0.8894	0.8575	0.8440	0.8014	0.8029	0.8051	0.8226	0.7433	0.6968	0.7071	0.6339	0.6105	0.5550	0.5091	0.5041	0.4772	0.5050	0.4776	0.4099	0.3925	0.4175	0.3517
0.0184	0.0156	0.0367	0.0338	0.0417	0.0575	0.0914	0.0721	0.0679	0.0767	0.0812	0.0974	0.1187	0.1053	0.1157	0.1317	0.1507	0.1549	0.1558	0.1641	0.1544	0.1569	0.1703	0.1637	0.1681	0.1741	0.1817	0.1739	0.1799	0.1844	0.2018	0.2381	0.2430	0.2449	0.2594	0.2531	0.2639	0.2823	0.3238	0.4390	0.7715	0.8021	0.6524	0.5629	0.5774	0.7670	0.8474	0.8380	0.8335	0.7797	0.8247	0.8705	0.8041	0.7106	0.6981	0.7265	0.6766	0.6135	0.5814	0.5355	0.5127	0.4700	0.4557	0.4670	0.4356	0.3696	0.3634	0.3521	0.3270
0.0129	0.0289	0.0543	0.0460	0.0476	0.0636	0.1080	0.0977	0.0924	0.0803	0.0877	0.1202	0.1436	0.1414	0.1846	0.1703	0.1954	0.1927	0.1993	0.2120	0.2059	0.2047	0.1993	0.2217	0.2047	0.1994	0.2056	0.2076	0.2164	0.2488	0.2396	0.2688	0.2824	0.2985	0.2827	0.2899	0.3152	0.3384	0.3809	0.5275	0.8706	0.9505	0.9135	0.7890	0.6618	0.6385	0.7180	0.8545	0.8948	0.8053	0.8045	0.8195	0.7884	0.6598	0.6454	0.6695	0.6552	0.5863	0.5548	0.5581	0.4936	0.4301	0.4366	0.4251	0.4293	0.3752	0.3457	0.3238	0.3086
0.0201	0.0451	0.0725	0.0612	0.0683	0.0917	0.1107	0.1191	0.1453	0.1415	0.1582	0.1970	0.2092	0.2149	0.2827	0.3025	0.3171	0.2883	0.3030	0.3231	0.3278	0.3479	0.2863	0.2749	0.2650	0.2411	0.2390	0.2330	0.2521	0.2722	0.2741	0.2884	0.3210	0.3420	0.3391	0.3503	0.3653	0.3712	0.4011	0.5207	0.8419	0.9184	1.0000	0.9646	0.9231	0.8703	0.7671	0.8315	0.8379	0.8158	0.7304	0.7787	0.7633	0.6416	0.6060	0.6445	0.6030	0.5607	0.5444	0.5390	0.4699	0.4261	0.4674	0.4521	0.3854	0.3423	0.3340	0.3114	0.3048
0.0433	0.0539	0.0553	0.0866	0.1060	0.1436	0.2119	0.2360	0.2692	0.2758	0.3169	0.3682	0.4223	0.4465	0.5522	0.6101	0.5632	0.5607	0.5551	0.6469	0.6699	0.6534	0.5564	0.4419	0.3936	0.3201	0.2968	0.2715	0.2748	0.2835	0.3034	0.3358	0.3415	0.3468	0.3697	0.3607	0.3743	0.4051	0.4556	0.5302	0.8277	0.9004	0.9847	0.9589	0.9474	0.8377	0.8396	0.8207	0.7383	0.7176	0.7298	0.7642	0.6952	0.6412	0.6258	0.6133	0.5668	0.5171	0.4955	0.5038	0.4691	0.4386	0.4216	0.4105	0.3786	0.3201	0.3392	0.3136	0.2907
0.0655	0.0872	0.1121	0.1371	0.1885	0.2551	0.4129	0.5439	0.5487	0.4571	0.5363	0.5763	0.5877	0.5315	0.5929	0.6229	0.6543	0.6708	0.6800	0.6724	0.7051	0.7490	0.6796	0.6343	0.5993	0.5223	0.4536	0.3796	0.2961	0.3407	0.3608	0.4030	0.4105	0.3752	0.3746	0.3789	0.3956	0.4158	0.4542	0.5854	0.8395	0.8838	0.8883	0.8694	0.8523	0.7550	0.7517	0.7378	0.7560	0.7174	0.7006	0.6980	0.6575	0.6492	0.5999	0.5580	0.5093	0.4988	0.4948	0.4641	0.4698	0.4218	0.4231	0.4185	0.3639	0.3295	0.3198	0.3336	0.2886
0.0866	0.1041	0.1800	0.2733	0.3547	0.4103	0.4751	0.4860	0.4931	0.4578	0.4516	0.4788	0.4987	0.4475	0.4906	0.5819	0.6474	0.6390	0.6303	0.6042	0.6472	0.7366	0.7171	0.6945	0.6643	0.6614	0.6909	0.5611	0.5294	0.6092	0.5420	0.6449	0.6530	0.4336	0.4042	0.3820	0.3663	0.4110	0.4670	0.6016	0.8224	0.8204	0.8136	0.7335	0.7491	0.7232	0.6782	0.6650	0.7091	0.7272	0.6964	0.6232	0.6167	0.5943	0.5884	0.5346	0.4757	0.4834	0.4714	0.4359	0.4535	0.3860	0.3931	0.3950	0.3416	0.3255	0.3111	0.2930	0.2898
0.1062	0.1555	0.2201	0.2651	0.3032	0.3358	0.3382	0.3161	0.3604	0.3714	0.3850	0.3892	0.4734	0.4723	0.4804	0.5519	0.6003	0.6362	0.6126	0.6024	0.6331	0.6863	0.6885	0.6876	0.6895	0.6617	0.7180	0.7212	0.7838	0.8476	0.8171	0.8802	0.8813	0.6130	0.5510	0.5671	0.4118	0.4537	0.5147	0.6835	0.8232	0.7740	0.7062	0.6677	0.7055	0.6524	0.6265	0.6622	0.6807	0.6510	0.6203	0.5865	0.5799	0.5721	0.5841	0.5485	0.4957	0.4580	0.4317	0.4178	0.4085	0.4105	0.3879	0.3826	0.3611	0.3705	0.3385	0.3321	0.2813
0.1183	0.1557	0.1927	0.1764	0.2057	0.2522	0.2785	0.2809	0.2908	0.3284	0.3699	0.3845	0.4756	0.4621	0.4687	0.5426	0.5797	0.6548	0.6136	0.5943	0.6405	0.6437	0.6667	0.6665	0.6516	0.6834	0.7031	0.7050	0.7189	0.7427	0.8329	0.8593	0.8994	0.8811	0.8777	0.8148	0.5382	0.5170	0.7004	0.7973	0.7487	0.7111	0.6138	0.6466	0.6116	0.6063	0.6419	0.6212	0.6294	0.6034	0.5955	0.5825	0.5449	0.5510	0.5300	0.5103	0.4714	0.4436	0.4300	0.4124	0.4260	0.4127	0.3912	0.3689	0.3580	0.3557	0.3238	0.3248	0.2836
0.1124	0.1527	0.1564	0.1907	0.1933	0.2094	0.2587	0.2967	0.3072	0.3200	0.3543	0.4272	0.4632	0.4985	0.5153	0.5073	0.6269	0.6422	0.6134	0.6280	0.6905	0.6529	0.6672	0.6148	0.6164	0.6395	0.6656	0.6640	0.6970	0.6982	0.7478	0.8073	0.8208	0.8358	0.9358	0.8006	0.5527	0.6458	0.8200	0.8095	0.7471	0.6473	0.6024	0.6156	0.6005	0.6149	0.6599	0.5957	0.5933	0.5837	0.5934	0.5685	0.5337	0.5246	0.4837	0.5217	0.4725	0.4356	0.4020	0.4032	0.4021	0.3780	0.3550	0.3458	0.3420	0.3296	0.2834	0.3034	0.3068
0.1176	0.1367	0.1655	0.1780	0.2039	0.2051	0.2732	0.2882	0.2972	0.3129	0.3461	0.4196	0.4819	0.4891	0.5011	0.5619	0.6473	0.6134	0.5795	0.6066	0.7235	0.6977	0.6374	0.5950	0.5976	0.5948	0.6523	0.6556	0.6771	0.7092	0.7032	0.7424	0.8270	0.8300	0.8327	0.8031	0.6683	0.8048	0.8583	0.6966	0.6399	0.5537	0.5794	0.5664	0.6146	0.6109	0.5863	0.5770	0.5620	0.5356	0.5310	0.5462	0.5475	0.5113	0.4868	0.4920	0.4785	0.4502	0.4151	0.3971	0.4080	0.3779	0.3884	0.3642	0.3552	0.3466	0.3093	0.3081	0.3039
0.1154	0.1331	0.1601	0.1907	0.2301	0.2324	0.2915	0.3087	0.3036	0.3190	0.3507	0.3826	0.4313	0.4824	0.5300	0.5896	0.6526	0.6396	0.6534	0.6692	0.6848	0.6817	0.6079	0.5805	0.6413	0.6093	0.6317	0.6616	0.6577	0.6650	0.6945	0.7398	0.7980	0.8010	0.8242	0.7943	0.7916	0.7999	0.7311	0.6153	0.5739	0.5424	0.5633	0.5813	0.5997	0.5947	0.6067	0.5681	0.5328	0.5377	0.5217	0.5313	0.5595	0.5365	0.4795	0.4923	0.4958	0.4741	0.4410	0.3916	0.4247	0.4060	0.4002	0.3629	0.3223	0.3269	0.2846	0.2853	0.3076
0.1278	0.1264	0.1539	0.1807	0.2142	0.2498	0.2638	0.3185	0.3284	0.3466	0.3574	0.3823	0.4051	0.4704	0.5043	0.5655	0.5873	0.6327	0.6414	0.6786	0.6094	0.5995	0.6418	0.6367	0.6270	0.6165	0.6163	0.6332	0.6655	0.6739	0.6772	0.7460	0.7592	0.7744	0.7867	0.7903	0.7804	0.7059	0.6278	0.5876	0.5908	0.5989	0.5998	0.5895	0.5806	0.6022	0.5781	0.5675	0.5641	0.5400	0.5438	0.5085	0.5251	0.5101	0.4951	0.4920	0.4962	0.4720	0.4303	0.4425	0.4270	0.3996	0.3762	0.3375	0.3365	0.3268	0.3059	0.2917	0.2726
0.1357	0.1509	0.1533	0.1823	0.2489	0.2524	0.2724	0.3111	0.3364	0.3203	0.3564	0.3964	0.4212	0.4231	0.4620	0.5077	0.5725	0.6162	0.5713	0.5946	0.6130	0.5862	0.5860	0.5796	0.5975	0.5960	0.6017	0.5962	0.6298	0.6501	0.7132	0.6907	0.7297	0.7536	0.7277	0.7115	0.6865	0.6245	0.5915	0.5721	0.5821	0.6058	0.5696	0.6002	0.6076	0.5784	0.5788	0.5718	0.5889	0.5805	0.5640	0.5447	0.5216	0.5295	0.5377	0.4999	0.4802	0.4946	0.4783	0.4413	0.4272	0.3766	0.3829	0.3664	0.3492	0.3408	0.3128	0.3118	0.2782
0.1239	0.1642	0.1848	0.2427	0.2613	0.2430	0.2627	0.3274	0.2969	0.2959	0.3662	0.3827	0.4341	0.4595	0.4496	0.5094	0.5589	0.5638	0.5552	0.5616	0.5730	0.5327	0.5333	0.5617	0.5161	0.5111	0.5775	0.5596	0.5619	0.6217	0.6743	0.6936	0.7212	0.7159	0.6243	0.5871	0.5818	0.5821	0.5976	0.5782	0.5971	0.5757	0.5695	0.5871	0.5945	0.5540	0.5400	0.5710	0.5727	0.5781	0.5866	0.5570	0.5323	0.5356	0.5030	0.5140	0.4733	0.4583	0.4616	0.4539	0.4182	0.3977	0.4026	0.3607	0.3451	0.3257	0.3198	0.3146	0.2841
0.1374	0.1911	0.2038	0.2249	0.2564	0.2488	0.2791	0.3222	0.2977	0.3588	0.3812	0.4063	0.4329	0.4308	0.4651	0.4925	0.5422	0.5235	0.5231	0.5637	0.5356	0.5042	0.5106	0.5304	0.5061	0.5188	0.5138	0.5246	0.5482	0.5737	0.6172	0.6655	0.6249	0.6044	0.5794	0.5779	0.5472	0.5686	0.5855	0.5906	0.6166	0.5939	0.5751	0.5398	0.5558	0.5318	0.5450	0.5619	0.5637	0.5569	0.5952	0.5746	0.5866	0.5456	0.5066	0.5128	0.4920	0.4602	0.4430	0.4738	0.4231	0.4271	0.4045	0.3422	0.3441	0.3064	0.3161	0.3096	0.3095
0.1540	0.1997	0.2080	0.2416	0.2697	0.2543	0.3047	0.3070	0.3241	0.3379	0.3949	0.4153	0.4170	0.4395	0.4758	0.4825	0.4983	0.5170	0.5377	0.5519	0.5721	0.5176	0.5076	0.5033	0.5241	0.4848	0.5073	0.5427	0.5376	0.5286	0.5891	0.6023	0.5859	0.5944	0.5913	0.5788	0.5604	0.5882	0.5482	0.5582	0.5724	0.5556	0.5509	0.5390	0.5468	0.5463	0.5808	0.5654	0.5656	0.5472	0.5365	0.5134	0.5219	0.5447	0.5199	0.4808	0.4677	0.4756	0.4146	0.4264	0.4099	0.4082	0.4018	0.3743	0.3515	0.3283	0.3207	0.3104	0.2898
0.1660	0.1981	0.2604	0.3002	0.2856	0.2748	0.3091	0.3139	0.3550	0.3384	0.3816	0.4362	0.4387	0.4543	0.4581	0.4750	0.5172	0.5379	0.5564	0.5648	0.5167	0.5034	0.4968	0.5259	0.5040	0.4846	0.4946	0.5486	0.5429	0.5428	0.5623	0.5913	0.6224	0.6045	0.5602	0.5474	0.6081	0.5925	0.5607	0.5488	0.5566	0.5664	0.5566	0.5736	0.5622	0.5416	0.5769	0.5800	0.5600	0.5771	0.5480	0.5464	0.5546	0.5365	0.5254	0.4946	0.4602	0.4565	0.4538	0.4464	0.4391	0.3993	0.3772	0.3883	0.3549	0.3331	0.3257	0.3320	0.3082
0.1894	0.2170	0.2489	0.2965	0.2972	0.2851	0.3028	0.3150	0.3442	0.3534	0.3807	0.4377	0.4545	0.4322	0.4567	0.4740	0.5274	0.5476	0.5314	0.5496	0.5208	0.5572	0.5387	0.5354	0.5068	0.5027	0.4918	0.5126	0.5431	0.5443	0.5715	0.6087	0.6230	0.6043	0.5897	0.5766	0.5874	0.5485	0.5464	0.5637	0.5208	0.5617	0.5639	0.5557	0.5478	0.5302	0.5427	0.5658	0.5768	0.6130	0.5896	0.5530	0.5771	0.5511	0.5004	0.4983	0.4810	0.4882	0.4397	0.4808	0.4433	0.4198	0.3940	0.3723	0.3626	0.3401	0.3362	0.3211	0.3100
0.1837	0.1946	0.2171	0.2703	0.3001	0.2682	0.2933	0.3149	0.3398	0.3612	0.3831	0.3950	0.4158	0.4135	0.4578	0.5287	0.5308	0.5398	0.5541	0.6122	0.5964	0.5960	0.5376	0.5467	0.5422	0.5802	0.5517	0.5573	0.6009	0.5883	0.6080	0.6474	0.6529	0.6233	0.6474	0.6544	0.6111	0.5401	0.5410	0.5434	0.5398	0.5399	0.5831	0.5334	0.5554	0.5461	0.5420	0.5902	0.5795	0.6155	0.6054	0.5591	0.5588	0.5501	0.5350	0.4941	0.4622	0.4668	0.4546	0.4593	0.4595	0.4355	0.4276	0.3983	0.3627	0.3418	0.3333	0.3280	0.3113
0.2120	0.2180	0.2443	0.2639	0.2850	0.3026	0.3212	0.3478	0.3452	0.3553	0.3724	0.4086	0.4185	0.4068	0.4588	0.5144	0.5461	0.5641	0.6076	0.6105	0.6036	0.6119	0.6323	0.6323	0.6105	0.5789	0.6193	0.6453	0.6745	0.6255	0.6917	0.7091	0.7030	0.7559	0.7673	0.7533	0.7416	0.6486	0.6333	0.5620	0.5412	0.5511	0.5723	0.5452	0.5548	0.5328	0.5893	0.5760	0.5788	0.5767	0.5643	0.5509	0.5848	0.5459	0.5275	0.5035	0.5001	0.4865	0.4555	0.4576	0.4342	0.4427	0.4288	0.3926	0.3768	0.3543	0.3514	0.3198	0.3470
0.1999	0.1946	0.2485	0.2649	0.2837	0.2972	0.3050	0.3472	0.3634	0.3604	0.3782	0.3836	0.4254	0.4277	0.4472	0.5222	0.5538	0.5863	0.6111	0.6366	0.6502	0.6011	0.6237	0.5910	0.5991	0.6029	0.6183	0.6428	0.6701	0.6568	0.7351	0.7697	0.7929	0.8662	0.8814	0.8654	0.7874	0.7868	0.7795	0.6703	0.5943	0.5611	0.5624	0.5439	0.5098	0.5433	0.5757	0.5582	0.5733	0.5874	0.5820	0.5511	0.5400	0.5202	0.5309	0.5110	0.5092	0.4777	0.4805	0.4849	0.4585	0.4617	0.4252	0.4222	0.3982	0.3971	0.3757	0.3653	0.3621
0.1915	0.2001	0.2255	0.2458	0.2828	0.2800	0.3145	0.3134	0.3337	0.3462	0.3718	0.3833	0.4336	0.4471	0.4386	0.5143	0.5827	0.6254	0.6341	0.6418	0.6920	0.6496	0.6192	0.6150	0.6334	0.6246	0.6386	0.6543	0.6388	0.6999	0.7325	0.7616	0.8399	0.9121	0.9821	0.8359	0.8385	0.7887	0.7269	0.7060	0.7051	0.6143	0.5790	0.5557	0.5248	0.5470	0.5279	0.5718	0.5435	0.6286	0.5850	0.5513	0.5346	0.5657	0.5173	0.5131	0.5248	0.4956	0.5053	0.5208	0.4991	0.4490	0.4335	0.4330	0.4403	0.4318	0.3633	0.3612	0.3168
0.1978	0.2020	0.2293	0.2460	0.2812	0.3173	0.3316	0.3116	0.3267	0.3543	0.3462	0.4015	0.3928	0.4396	0.5074	0.5623	0.6188	0.6148	0.6088	0.6545	0.6465	0.6586	0.6436	0.6231	0.6460	0.6373	0.6259	0.6709	0.6753	0.6953	0.7196	0.7782	0.9041	0.9869	0.8377	0.5660	0.7461	0.6664	0.4207	0.5990	0.7777	0.6967	0.6371	0.5780	0.5486	0.5498	0.5448	0.5647	0.5651	0.5931	0.5925	0.5634	0.5481	0.5294	0.5077	0.5206	0.5013	0.4989	0.4961	0.5184	0.5039	0.4525	0.4802	0.4641	0.4288	0.4193	0.3953	0.3671	0.3390
0.1942	0.2062	0.2473	0.2572	0.2734	0.2931	0.3049	0.3337	0.3427	0.3668	0.3410	0.4067	0.4227	0.4623	0.4817	0.5802	0.6134	0.6324	0.6180	0.6222	0.6489	0.6590	0.6667	0.7138	0.6610	0.6528	0.6509	0.6749	0.7381	0.7481	0.7638	0.8508	0.9224	0.9253	0.5517	0.3460	0.4722	0.5118	0.3723	0.5736	0.8144	0.7812	0.6954	0.6609	0.6174	0.5654	0.5524	0.5395	0.5692	0.5820	0.5411	0.5207	0.5237	0.5107	0.4876	0.4997	0.5000	0.5187	0.5067	0.5051	0.4704	0.4703	0.4666	0.4270	0.3954	0.3890	0.3934	0.3759	0.3737
0.2245	0.2366	0.2594	0.2962	0.2912	0.3150	0.3458	0.3690	0.3390	0.3270	0.3754	0.3822	0.4416	0.4436	0.4851	0.5366	0.6469	0.6980	0.6570	0.6605	0.6845	0.6887	0.6930	0.7202	0.7065	0.7447	0.6821	0.7004	0.7462	0.7014	0.7678	0.7405	0.6452	0.5294	0.3367	0.2837	0.3188	0.3623	0.3863	0.6477	0.8358	0.7614	0.7908	0.7417	0.6924	0.6422	0.6083	0.5835	0.5638	0.5718	0.5733	0.5650	0.5491	0.5589	0.5228	0.5144	0.5242	0.5516	0.5549	0.5236	0.5163	0.4984	0.4687	0.4624	0.4486	0.4223	0.4146	0.3994	0.3910
0.2326	0.3175	0.3401	0.3380	0.3585	0.4062	0.4262	0.4180	0.3844	0.3654	0.4007	0.4050	0.4243	0.4552	0.4800	0.5366	0.6744	0.6624	0.6363	0.6197	0.6032	0.6486	0.6990	0.7353	0.7480	0.7094	0.7057	0.6904	0.7247	0.6379	0.5016	0.3663	0.3239	0.2864	0.2783	0.2750	0.2907	0.3341	0.3479	0.4562	0.6206	0.7317	0.8984	0.8825	0.8071	0.7393	0.7034	0.6520	0.6364	0.6093	0.5770	0.5747	0.5846	0.5724	0.5489	0.5611	0.5505	0.5635	0.5421	0.5425	0.5557	0.5237	0.4919	0.4728	0.4387	0.4479	0.4095	0.3739	0.3820
0.1457	0.3035	0.4151	0.5309	0.5628	0.6150	0.6089	0.5802	0.5543	0.5306	0.5305	0.5100	0.4428	0.4670	0.4720	0.5156	0.5865	0.6287	0.6198	0.6445	0.6076	0.6328	0.6765	0.6989	0.7013	0.6456	0.6525	0.5744	0.4785	0.3645	0.2799	0.2591	0.2578	0.2641	0.2494	0.2570	0.2801	0.2956	0.3226	0.3420	0.4310	0.6116	0.9092	0.9428	0.9029	0.8454	0.8269	0.7447	0.7497	0.7284	0.7052	0.6585	0.6587	0.6472	0.6165	0.5920	0.5731	0.5801	0.5938	0.5880	0.5505	0.5211	0.5193	0.4630	0.4424	0.4329	0.4308	0.3988	0.3718
0.0703	0.1126	0.1988	0.3643	0.4538	0.5968	0.6898	0.6866	0.6389	0.6737	0.7248	0.6927	0.6303	0.6103	0.5680	0.5441	0.5887	0.6040	0.6313	0.6491	0.6529	0.6884	0.7068	0.6892	0.6639	0.5749	0.4463	0.2834	0.2593	0.2412	0.2440	0.2362	0.2303	0.2373	0.2387	0.2583	0.2750	0.2666	0.2881	0.3228	0.3622	0.4270	0.7536	0.9071	0.9034	0.8763	0.8767	0.8578	0.8694	0.8242	0.7642	0.7549	0.7142	0.6831	0.6574	0.6598	0.6401	0.6034	0.5896	0.5770	0.5354	0.5205	0.5232	0.4945	0.4644	0.4500	0.4321	0.4366	0.3839
0.0418	0.0415	0.0676	0.1016	0.1350	0.2161	0.2713	0.3426	0.4266	0.4855	0.5115	0.5573	0.6880	0.7000	0.7393	0.6803	0.6829	0.6715	0.6738	0.7025	0.7414	0.6976	0.6722	0.5840	0.4496	0.3073	0.2260	0.1962	0.2150	0.2171	0.2129	0.2046	0.2183	0.2275	0.2296	0.2383	0.2403	0.2668	0.2722	0.2929	0.3346	0.3730	0.4967	0.6924	0.9002	0.8912	0.9320	0.9046	0.9002	0.8647	0.7593	0.7633	0.7825	0.7410	0.7225	0.7164	0.6659	0.6203	0.5713	0.5735	0.5606	0.5020	0.5099	0.4824	0.4619	0.4484	0.4438	0.4262	0.3912
0.0242	0.0275	0.0402	0.0627	0.0638	0.0738	0.0807	0.0967	0.1322	0.1505	0.1497	0.2254	0.3166	0.4470	0.5304	0.5587	0.6663	0.7974	0.8086	0.7772	0.5955	0.4561	0.3897	0.2876	0.2329	0.1893	0.1817	0.1875	0.2035	0.2000	0.2019	0.1924	0.1910	0.2054	0.2038	0.2058	0.2177	0.2337	0.2283	0.2437	0.2875	0.3156	0.3524	0.4429	0.7484	0.8631	0.8885	0.9020	0.8548	0.8213	0.6104	0.5585	0.6744	0.6732	0.5868	0.6880	0.7648	0.6891	0.6220	0.6223	0.5677	0.5152	0.5167	0.4981	0.4639	0.4633	0.4591	0.4234	0.4144
0.0173	0.0383	0.0402	0.0461	0.0599	0.0633	0.0687	0.0732	0.0865	0.0934	0.0851	0.1000	0.1086	0.1409	0.1842	0.2157	0.3196	0.5268	0.5863	0.5278	0.3003	0.1655	0.1598	0.1774	0.1578	0.1576	0.1548	0.1539	0.1552	0.1654	0.1651	0.1675	0.1689	0.1754	0.1712	0.1825	0.1873	0.1945	0.2042	0.2163	0.2311	0.2477	0.2714	0.2955	0.4125	0.5659	0.6305	0.7543	0.8227	0.8363	0.6819	0.4596	0.4538	0.5261	0.5841	0.7495	0.7829	0.7169	0.6726	0.6565	0.6014	0.5570	0.5416	0.5323	0.4762	0.4620	0.4535	0.4319	0.4534
0.0266	0.0062	0.0212	0.0389	0.0543	0.0513	0.0576	0.0603	0.0617	0.0660	0.0818	0.0869	0.0818	0.0833	0.0947	0.1080	0.1280	0.1287	0.1622	0.1491	0.1211	0.1183	0.1128	0.1319	0.1366	0.1314	0.1381	0.1249	0.1393	0.1426	0.1465	0.1490	0.1511	0.1592	0.1633	0.1550	0.1553	0.1749	0.1779	0.1889	0.1834	0.1967	0.2292	0.2452	0.2519	0.3010	0.3334	0.4328	0.6538	0.8123	0.7880	0.5776	0.6315	0.7503	0.7854	0.7600	0.6981	0.6775	0.6438	0.6227	0.6258	0.6128	0.5613	0.5518	0.5032	0.5004	0.4847	0.4625	0.4635
0.0136	0.0162	0.0244	0.0238	0.0379	0.0543	0.0637	0.0666	0.0598	0.0657	0.0771	0.0708	0.0813	0.0759	0.0734	0.0913	0.0947	0.0892	0.0994	0.1060	0.1032	0.0967	0.0976	0.1001	0.0971	0.0948	0.1012	0.1028	0.1234	0.1296	0.1319	0.1357	0.1349	0.1327	0.1349	0.1326	0.1375	0.1384	0.1490	0.1475	0.1533	0.1620	0.1794	0.2019	0.2069	0.2168	0.2201	0.2578	0.3081	0.4336	0.5204	0.5102	0.7137	0.7067	0.6076	0.5687	0.5021	0.4349	0.4056	0.4431	0.6260	0.6589	0.5954	0.5512	0.5144	0.5276	0.5058	0.4542	0.4655
0.0206	0.0259	0.0363	0.0243	0.0300	0.0512	0.0414	0.0557	0.0580	0.0716	0.0600	0.0719	0.0728	0.0672	0.0724	0.0967	0.0903	0.0812	0.0915	0.0873	0.0813	0.0764	0.0794	0.0835	0.0821	0.0847	0.0849	0.0826	0.0930	0.0981	0.1024	0.0980	0.0927	0.0956	0.1107	0.1098	0.1094	0.1134	0.1197	0.1194	0.1324	0.1376	0.1473	0.1653	0.1742	0.1674	0.1724	0.1850	0.1951	0.2179	0.2488	0.2894	0.4436	0.3976	0.2894	0.3006	0.2906	0.3025	0.3080	0.3764	0.5561	0.5881	0.5385	0.5033	0.4904	0.5407	0.5365	0.5189	0.4623
0.0239	0.0141	0.0302	0.0329	0.0237	0.0291	0.0530	0.0397	0.0352	0.0427	0.0490	0.0483	0.0654	0.0638	0.0600	0.0627	0.0855	0.0852	0.0796	0.0764	0.0593	0.0690	0.0749	0.0674	0.0748	0.0674	0.0688	0.0751	0.0730	0.0787	0.0840	0.0685	0.0758	0.0750	0.0835	0.0781	0.0880	0.0846	0.0896	0.0886	0.1013	0.1026	0.1090	0.1164	0.1225	0.1279	0.1372	0.1454	0.1520	0.1576	0.1701	0.1727	0.1989	0.2072	0.2021	0.2169	0.2362	0.2528	0.2573	0.3330	0.5458	0.4756	0.3483	0.3077	0.3353	0.5166	0.5073	0.4819	0.3511
0.0022	0.0085	0.0289	0.0279	0.0218	0.0338	0.0467	0.0404	0.0373	0.0454	0.0397	0.0515	0.0621	0.0550	0.0564	0.0564	0.0704	0.0643	0.0651	0.0554	0.0572	0.0616	0.0589	0.0565	0.0681	0.0675	0.0569	0.0623	0.0682	0.0746	0.0706	0.0692	0.0633	0.0636	0.0684	0.0677	0.0695	0.0699	0.0718	0.0702	0.0783	0.0772	0.0804	0.0914	0.0945	0.1084	0.1078	0.1205	0.1150	0.1229	0.1354	0.1344	0.1310	0.1388	0.1507	0.1624	0.1654	0.1744	0.1880	0.2319	0.3041	0.2746	0.2125	0.2139	0.2156	0.2977	0.3067	0.2954	0.3258
0.0000	0.0000	0.0159	0.0215	0.0082	0.0272	0.0267	0.0278	0.0330	0.0409	0.0447	0.0452	0.0539	0.0419	0.0541	0.0595	0.0546	0.0651	0.0538	0.0529	0.0738	0.0605	0.0575	0.0568	0.0668	0.0674	0.0518	0.0531	0.0596	0.0602	0.0630	0.0602	0.0586	0.0571	0.0574	0.0570	0.0525	0.0631	0.0670	0.0673	0.0628	0.0663	0.0724	0.0697	0.0804	0.0799	0.0899	0.0954	0.0993	0.1014	0.1038	0.1106	0.1060	0.1087	0.1114	0.1148	0.1179	0.1171	0.1346	0.1579	0.1581	0.1565	0.1614	0.1764	0.1610	0.1783	0.2084	0.2220	0.3684
0.0000	0.0024	0.0115	0.0081	0.0103	0.0149	0.0291	0.0304	0.0331	0.0333	0.0396	0.0452	0.0461	0.0365	0.0468	0.0544	0.0546	0.0577	0.0566	0.0626	0.0586	0.0496	0.0494	0.0518	0.0634	0.0613	0.0479	0.0510	0.0523	0.0510	0.0467	0.0592	0.0580	0.0527	0.0601	0.0517	0.0564	0.0548	0.0586	0.0620	0.0614	0.0646	0.0617	0.0683	0.0650	0.0722	0.0850	0.0766	0.0831	0.0908	0.0909	0.0813	0.0834	0.0888	0.0985	0.0980	0.0931	0.0937	0.1020	0.1177	0.1151	0.1181	0.1261	0.1316	0.1393	0.1499	0.1750	0.2398	0.4094
0.0000	0.0000	0.0045	0.0051	0.0223	0.0184	0.0321	0.0207	0.0238	0.0234	0.0280	0.0412	0.0384	0.0338	0.0484	0.0545	0.0517	0.0465	0.0396	0.0489	0.0464	0.0464	0.0477	0.0375	0.0490	0.0550	0.0492	0.0411	0.0424	0.0469	0.0436	0.0433	0.0457	0.0510	0.0469	0.0535	0.0538	0.0536	0.0488	0.0471	0.0561	0.0512	0.0596	0.0571	0.0629	0.0649	0.0649	0.0643	0.0682	0.0769	0.0767	0.0755	0.0747	0.0753	0.0796	0.0701	0.0745	0.0863	0.0833	0.0917	0.0892	0.1020	0.1145	0.1069	0.1152	0.1265	0.1334	0.2567	0.4148
0.0000	0.0000	0.0000	0.0000	0.0098	0.0138	0.0295	0.0279	0.0222	0.0101	0.0157	0.0210	0.0217	0.0321	0.0353	0.0421	0.0327	0.0394	0.0427	0.0351	0.0383	0.0377	0.0401	0.0370	0.0468	0.0501	0.0462	0.0428	0.0390	0.0410	0.0404	0.0384	0.0429	0.0481	0.0388	0.0387	0.0459	0.0451	0.0493	0.0502	0.0481	0.0480	0.0559	0.0509	0.0560	0.0505	0.0546	0.0557	0.0619	0.0613	0.0621	0.0666	0.0667	0.0670	0.0703	0.0688	0.0775	0.0799	0.0799	0.0775	0.0887	0.0957	0.0860	0.0937	0.0920	0.0977	0.0920	0.1438	0.2324
0.0000	0.0000	0.0000	0.0000	0.0000	0.0000	0.0000	0.0161	0.0182	0.0032	0.0142	0.0268	0.0287	0.0332	0.0238	0.0254	0.0314	0.0384	0.0436	0.0274	0.0230	0.0333	0.0354	0.0473	0.0386	0.0318	0.0423	0.0396	0.0391	0.0424	0.0393	0.0392	0.0424	0.0364	0.0307	0.0317	0.0367	0.0434	0.0487	0.0468	0.0437	0.0412	0.0463	0.0449	0.0520	0.0480	0.0514	0.0615	0.0571	0.0529	0.0620	0.0635	0.0649	0.0629	0.0641	0.0591	0.0640	0.0639	0.0718	0.0733	0.0656	0.0688	0.0734	0.0778	0.0796	0.0679	0.0743	0.0641	0.0704
0.0000	0.0000	0.0000	0.0000	0.0000	0.0000	0.0038	0.0028	0.0124	0.0073	0.0061	0.0271	0.0237	0.0299	0.0303	0.0357	0.0323	0.0401	0.0322	0.0358	0.0354	0.0271	0.0273	0.0388	0.0404	0.0357	0.0340	0.0417	0.0451	0.0426	0.0440	0.0415	0.0434	0.0344	0.0331	0.0357	0.0417	0.0391	0.0457	0.0436	0.0405	0.0387	0.0442	0.0541	0.0463	0.0466	0.0548	0.0543	0.0416	0.0482	0.0577	0.0562	0.0606	0.0578	0.0647	0.0635	0.0564	0.0487	0.0597	0.0663	0.0623	0.0523	0.0651	0.0643	0.0592	0.0542	0.0557	0.0499	0.0563
0.0000	0.0000	0.0000	0.0000	0.0032	0.0031	0.0028	0.0017	0.0000	0.0222	0.0232	0.0138	0.0151	0.0235	0.0213	0.0293	0.0254	0.0219	0.0258	0.0317	0.0340	0.0381	0.0261	0.0319	0.0358	0.0408	0.0294	0.0413	0.0378	0.0402	0.0378	0.0351	0.0349	0.0386	0.0305	0.0309	0.0380	0.0501	0.0369	0.0387	0.0392	0.0365	0.0434	0.0473	0.0425	0.0504	0.0489	0.0448	0.0477	0.0480	0.0542	0.0536	0.0543	0.0578	0.0563	0.0561	0.0584	0.0498	0.0525	0.0526	0.0524	0.0507	0.0474	0.0565	0.0444	0.0397	0.0493	0.0473	0.0374
0.0000	0.0000	0.0000	0.0000	0.0000	0.0037	0.0029	0.0100	0.0054	0.0157	0.0155	0.0257	0.0224	0.0185	0.0210	0.0264	0.0250	0.0159	0.0172	0.0232	0.0290	0.0349	0.0308	0.0274	0.0312	0.0269	0.0284	0.0392	0.0420	0.0401	0.0367	0.0372	0.0339	0.0386	0.0310	0.0335	0.0281	0.0343	0.0306	0.0403	0.0332	0.0388	0.0449	0.0422	0.0459	0.0441	0.0425	0.0425	0.0478	0.0448	0.0443	0.0419	0.0471	0.0474	0.0567	0.0582	0.0472	0.0424	0.0435	0.0444	0.0434	0.0447	0.0462	0.0503	0.0399	0.0373	0.0369	0.0492	0.0332
0.0000	0.0000	0.0000	0.0000	0.0000	0.0000	0.0030	0.0254	0.0150	0.0000	0.0136	0.0217	0.0231	0.0212	0.0184	0.0113	0.0160	0.0213	0.0145	0.0220	0.0182	0.0231	0.0176	0.0313	0.0272	0.0347	0.0261	0.0309	0.0286	0.0370	0.0313	0.0250	0.0288	0.0306	0.0288	0.0281	0.0343	0.0372	0.0328	0.0343	0.0307	0.0391	0.0330	0.0378	0.0422	0.0446	0.0427	0.0403	0.0412	0.0375	0.0471	0.0411	0.0503	0.0569	0.0539	0.0528	0.0442	0.0415	0.0448	0.0505	0.0426	0.0550	0.0625	0.0577	0.0529	0.0514	0.0514	0.0455	0.0450
