0.0000	0.0000	0.0000	0.0159	0.0106	0.0104	0.0025	0.0057	0.0065	0.0059	0.0118	0.0273	0.0311	0.0405	0.0307	0.0455	0.0465	0.0430	0.0525	0.0579	0.0661	0.0467	0.0571	0.0643	0.0799	0.0835	0.0875	0.0790	0.0777	0.0821	0.0907	0.0886	0.0777	0.0948	0.0847	0.0794	0.0732	0.0841	0.0809	0.0698	0.0806	0.0797	0.0799	0.0799	0.0691	0.0667	0.0758	0.0819	0.0717	0.0710	0.0751	0.0672	0.0580	0.0716	0.0823	0.0726	0.0838	0.0635	0.0848	0.0827	0.0731	0.0641	0.0657	0.0717	0.0716	0.0656	0.0488	0.0498	0.0714
0.0000	0.0043	0.0000	0.0000	0.0023	0.0200	0.0201	0.0072	0.0178	0.0231	0.0325	0.0297	0.0426	0.0496	0.0427	0.0623	0.0523	0.0467	0.0482	0.0466	0.0720	0.0757	0.0645	0.0684	0.0845	0.0966	0.0976	0.0885	0.0890	0.0869	0.0811	0.0966	0.0808	0.0897	0.1050	0.0883	0.1008	0.0909	0.0977	0.0936	0.0842	0.0870	0.0970	0.0893	0.0858	0.0770	0.0743	0.0808	0.0751	0.0907	0.0842	0.0789	0.0618	0.0820	0.0797	0.0855	0.0783	0.0865	0.0928	0.0962	0.0862	0.0860	0.0656	0.0754	0.0787	0.0691	0.0703	0.0645	0.0760
0.0000	0.0044	0.0000	0.0149	0.0125	0.0008	0.0168	0.0236	0.0212	0.0310	0.0420	0.0339	0.0450	0.0413	0.0290	0.0492	0.0456	0.0645	0.0679	0.0595	0.0694	0.0885	0.0714	0.0813	0.0936	0.1013	0.1193	0.0884	0.1039	0.0904	0.0841	0.1057	0.0800	0.0988	0.1096	0.1035	0.0986	0.0927	0.0961	0.0878	0.0963	0.0898	0.0944	0.0884	0.0866	0.0783	0.0898	0.0913	0.0872	0.0776	0.0899	0.0790	0.0779	0.0945	0.0817	0.0824	0.0880	0.0943	0.1041	0.1114	0.1011	0.1123	0.0920	0.0769	0.0822	0.0774	0.0874	0.0872	0.0830
0.0000	0.0043	0.0086	0.0161	0.0214	0.0149	0.0159	0.0369	0.0282	0.0410	0.0381	0.0397	0.0503	0.0550	0.0376	0.0417	0.0678	0.0931	0.0677	0.0685	0.0795	0.0902	0.0824	0.0679	0.0825	0.0907	0.0985	0.0893	0.0934	0.0958	0.0877	0.1111	0.1050	0.1009	0.0996	0.1127	0.1001	0.0959	0.1005	0.0993	0.0977	0.0867	0.0913	0.0947	0.0837	0.0822	0.1035	0.0822	0.0640	0.0675	0.1038	0.0995	0.0915	0.0901	0.0956	0.0936	0.0893	0.1027	0.1149	0.1004	0.1235	0.1135	0.1169	0.1195	0.1089	0.1008	0.0956	0.1054	0.1125
0.0007	0.0171	0.0146	0.0171	0.0008	0.0111	0.0182	0.0273	0.0289	0.0181	0.0349	0.0554	0.0562	0.0747	0.0552	0.0472	0.0528	0.0624	0.0691	0.0770	0.0788	0.0820	0.0740	0.0829	0.0949	0.0900	0.1013	0.0885	0.1053	0.1022	0.1197	0.1068	0.1206	0.1115	0.1206	0.1134	0.1174	0.0971	0.1056	0.1013	0.1140	0.1035	0.0953	0.0959	0.1033	0.1088	0.0972	0.0853	0.0820	0.0850	0.1056	0.0967	0.0883	0.0978	0.1057	0.1127	0.1092	0.1171	0.1150	0.1162	0.1131	0.1054	0.1279	0.1288	0.1386	0.1245	0.1299	0.1176	0.1264
0.0000	0.0011	0.0199	0.0233	0.0152	0.0308	0.0144	0.0270	0.0352	0.0227	0.0569	0.0590	0.0801	0.0729	0.0617	0.0613	0.0685	0.0607	0.0640	0.0895	0.0975	0.0877	0.0888	0.0869	0.0990	0.0954	0.1079	0.0978	0.1239	0.1140	0.1368	0.1128	0.1159	0.1416	0.1329	0.1124	0.1150	0.1185	0.1015	0.0924	0.1003	0.1175	0.1153	0.1114	0.1140	0.1127	0.1038	0.1004	0.0951	0.1025	0.1160	0.1021	0.1118	0.1289	0.1085	0.1206	0.1328	0.1123	0.1350	0.1408	0.1468	0.1500	0.1515	0.1456	0.1677	0.1433	0.1512	0.1725	0.1589
0.0000	0.0071	0.0260	0.0305	0.0093	0.0285	0.0330	0.0449	0.0401	0.0310	0.0513	0.0627	0.0518	0.0530	0.0584	0.0856	0.0897	0.0788	0.0841	0.0744	0.1046	0.1057	0.0913	0.0810	0.1043	0.1176	0.1141	0.0927	0.1160	0.1055	0.1262	0.1208	0.1300	0.1430	0.1324	0.1335	0.1200	0.1264	0.1079	0.1071	0.1154	0.1217	0.1185	0.1148	0.1112	0.1033	0.1000	0.1175	0.1172	0.1146	0.1330	0.1338	0.1262	0.1283	0.1372	0.1320	0.1585	0.1511	0.1729	0.1745	0.1913	0.2126	0.1922	0.2205	0.2170	0.1764	0.1800	0.2012	0.2150
0.0039	0.0028	0.0160	0.0319	0.0167	0.0144	0.0355	0.0474	0.0463	0.0408	0.0372	0.0517	0.0544	0.0753	0.0869	0.0998	0.0852	0.1014	0.0963	0.0888	0.1130	0.1282	0.1034	0.1032	0.1158	0.1229	0.1191	0.1141	0.1265	0.1197	0.1337	0.1285	0.1471	0.1358	0.1326	0.1220	0.1241	0.1432	0.1215	0.1224	0.1232	0.1285	0.1278	0.1223	0.1137	0.1284	0.1244	0.1347	0.1351	0.1214	0.1351	0.1302	0.1265	0.1381	0.1605	0.1716	0.1755	0.1872	0.2357	0.3069	0.3973	0.3917	0.2888	0.3381	0.3155	0.2642	0.2568	0.3136	0.3165
0.0000	0.0000	0.0091	0.0356	0.0347	0.0377	0.0541	0.0542	0.0633	0.0698	0.0499	0.0675	0.0761	0.0853	0.0900	0.0960	0.0895	0.0785	0.1024	0.1253	0.1327	0.1254	0.1196	0.1253	0.1429	0.1257	0.1263	0.1250	0.1417	0.1384	0.1304	0.1358	0.1575	0.1366	0.1358	0.1442	0.1335	0.1435	0.1294	0.1417	0.1455	0.1553	0.1313	0.1242	0.1386	0.1361	0.1494	0.1621	0.1555	0.1553	0.1603	0.1540	0.1610	0.1837	0.1921	0.2116	0.2329	0.2887	0.4593	0.5213	0.5248	0.4753	0.4289	0.4240	0.4102	0.4028	0.3823	0.4571	0.3725
0.0135	0.0074	0.0153	0.0302	0.0277	0.0414	0.0613	0.0582	0.0675	0.0738	0.0635	0.0716	0.0694	0.0815	0.0892	0.0991	0.1063	0.1100	0.1344	0.1401	0.1296	0.1534	0.1371	0.1330	0.1412	0.1546	0.1479	0.1613	0.1519	0.1400	0.1465	0.1470	0.1558	0.1590	0.1649	0.1652	0.1475	0.1482	0.1473	0.1614	0.1564	0.1564	0.1477	0.1574	0.1696	0.1693	0.1774	0.1802	0.1640	0.1809	0.1759	0.1997	0.2159	0.2281	0.2606	0.2819	0.3264	0.4264	0.5502	0.5565	0.5543	0.5038	0.4865	0.4809	0.4495	0.4050	0.3745	0.4339	0.4147
0.0043	0.0040	0.0392	0.0477	0.0304	0.0460	0.0472	0.0655	0.0655	0.0660	0.0708	0.0717	0.0939	0.0873	0.0999	0.1038	0.1301	0.1469	0.1450	0.1334	0.1451	0.1527	0.1525	0.1506	0.1710	0.1740	0.1709	0.1803	0.1795	0.1736	0.1691	0.1600	0.1735	0.1866	0.1804	0.1702	0.1808	0.1799	0.1740	0.1733	0.1642	0.1775	0.1970	0.1873	0.2085	0.1909	0.2013	0.2239	0.2265	0.2138	0.2055	0.2376	0.2493	0.2616	0.2943	0.3326	0.3841	0.4620	0.5540	0.6040	0.5451	0.4753	0.4834	0.4554	0.5038	0.4237	0.3452	0.3744	0.3993
0.0120	0.0186	0.0332	0.0582	0.0513	0.0314	0.0471	0.0745	0.0769	0.0805	0.0918	0.0975	0.0996	0.0919	0.1119	0.1277	0.1563	0.1705	0.1528	0.1497	0.1931	0.2051	0.1899	0.2061	0.2051	0.2085	0.2070	0.2052	0.1999	0.2077	0.2281	0.2202	0.2094	0.2271	0.2272	0.2037	0.2317	0.2275	0.2252	0.2448	0.2190	0.2141	0.2333	0.2285	0.2285	0.2545	0.2469	0.2493	0.2542	0.2710	0.2539	0.2570	0.2961	0.3286	0.3403	0.3675	0.4572	0.5893	0.5896	0.6000	0.5883	0.5374	0.4982	0.4983	0.4843	0.4245	0.3704	0.3815	0.3849
0.0096	0.0336	0.0427	0.0549	0.0569	0.0340	0.0455	0.0790	0.0866	0.0979	0.1012	0.1035	0.1034	0.1315	0.1419	0.1571	0.1741	0.2253	0.1988	0.2283	0.3029	0.3407	0.3422	0.3522	0.3504	0.3419	0.3184	0.3099	0.3050	0.3031	0.3260	0.2942	0.2776	0.3093	0.3098	0.2543	0.2816	0.2894	0.2974	0.3030	0.2840	0.2717	0.2773	0.2783	0.2716	0.2641	0.2855	0.2855	0.3126	0.3089	0.3049	0.2907	0.3311	0.3612	0.3971	0.4392	0.5362	0.7056	0.6700	0.6109	0.5834	0.5891	0.5997	0.5782	0.5204	0.4348	0.4130	0.4546	0.3989
0.0310	0.0318	0.0529	0.0403	0.0429	0.0524	0.0618	0.0866	0.0982	0.0982	0.1342	0.1314	0.1494	0.1611	0.1918	0.2377	0.3152	0.3766	0.4105	0.4592	0.5841	0.6247	0.6511	0.6149	0.6153	0.5712	0.5877	0.6599	0.5964	0.5809	0.5959	0.5159	0.4541	0.3999	0.4160	0.4406	0.5532	0.5688	0.4422	0.4181	0.4360	0.3799	0.3809	0.3472	0.3637	0.3754	0.3392	0.3163	0.3151	0.3216	0.3529	0.3568	0.3750	0.4011	0.4240	0.5210	0.6738	0.7151	0.6692	0.6365	0.5943	0.5964	0.5866	0.5897	0.5309	0.4286	0.4488	0.4125	0.3484
0.0317	0.0310	0.0401	0.0461	0.0540	0.0643	0.0919	0.1145	0.1430	0.1286	0.1587	0.1840	0.2121	0.2423	0.3441	0.5236	0.7081	0.7520	0.7422	0.7022	0.7126	0.7765	0.7587	0.7232	0.7503	0.7077	0.7552	0.8000	0.8144	0.7749	0.7652	0.8400	0.8513	0.7365	0.7405	0.7617	0.8761	0.8530	0.7538	0.7340	0.7516	0.7054	0.5615	0.4753	0.5849	0.6636	0.4705	0.3720	0.3494	0.3540	0.3694	0.3629	0.3746	0.3855	0.4364	0.5648	0.7376	0.7199	0.6470	0.6415	0.6052	0.5775	0.5816	0.5499	0.5337	0.4535	0.4264	0.3996	0.3749
0.0272	0.0340	0.0422	0.0695	0.0884	0.1094	0.1174	0.1542	0.1910	0.2224	0.2637	0.3205	0.3745	0.4358	0.5951	0.7596	0.8383	0.8455	0.8122	0.7740	0.7220	0.7586	0.6817	0.6951	0.7216	0.7378	0.7571	0.7674	0.7829	0.7756	0.7932	0.9119	0.9764	0.9486	0.9060	0.8878	0.9119	0.8280	0.8219	0.7656	0.7727	0.7898	0.7864	0.7196	0.8057	0.8410	0.7249	0.5392	0.4805	0.3966	0.3677	0.4077	0.4278	0.4370	0.5037	0.6199	0.7392	0.6905	0.6498	0.6481	0.6252	0.6046	0.6447	0.5766	0.4748	0.4259	0.4079	0.4026	0.3591
0.0451	0.0522	0.0703	0.0980	0.1089	0.1441	0.1862	0.2467	0.3236	0.4193	0.5553	0.6949	0.7351	0.7133	0.8041	0.7632	0.7452	0.7626	0.7332	0.6852	0.6835	0.6856	0.6835	0.6904	0.7119	0.7016	0.6975	0.7317	0.7179	0.7487	0.7872	0.8343	0.8769	0.8604	0.9102	0.8196	0.8371	0.8135	0.8145	0.7047	0.7289	0.7984	0.8132	0.8448	0.8777	0.7898	0.7876	0.8037	0.6328	0.4341	0.4250	0.4592	0.4665	0.5755	0.7408	0.7283	0.6982	0.6546	0.6309	0.6280	0.6049	0.5726	0.6036	0.5759	0.4701	0.3903	0.3881	0.3846	0.3622
0.0683	0.0925	0.1280	0.1841	0.2092	0.2658	0.3751	0.5481	0.6579	0.6573	0.7479	0.7729	0.7594	0.7098	0.6992	0.6780	0.6338	0.6776	0.6471	0.6341	0.6755	0.6739	0.6279	0.6408	0.6367	0.6279	0.6779	0.7328	0.7204	0.7884	0.8209	0.8209	0.8271	0.8197	0.8587	0.7671	0.7806	0.7473	0.7654	0.7314	0.7100	0.7371	0.7776	0.7769	0.8104	0.7234	0.7745	0.7781	0.6938	0.4612	0.4419	0.4768	0.5127	0.6965	0.7986	0.6949	0.6452	0.6457	0.6364	0.5983	0.5766	0.5536	0.5264	0.5291	0.4486	0.3611	0.3410	0.3513	0.3443
0.0911	0.1516	0.2310	0.3409	0.4360	0.5188	0.6036	0.6182	0.6474	0.6175	0.6221	0.6026	0.5984	0.5477	0.5610	0.6000	0.5925	0.5794	0.6209	0.6001	0.5946	0.6861	0.6530	0.6810	0.6205	0.6395	0.6985	0.7604	0.7456	0.8155	0.7941	0.8031	0.8347	0.8666	0.8145	0.7699	0.7273	0.7335	0.7473	0.7499	0.6671	0.6720	0.7632	0.7355	0.7645	0.7485	0.7066	0.7723	0.7335	0.5291	0.5373	0.6314	0.5699	0.6720	0.7847	0.6967	0.6061	0.5820	0.5492	0.5554	0.5622	0.5435	0.5329	0.4523	0.3918	0.3410	0.3394	0.3491	0.3478
0.1718	0.2440	0.3111	0.3953	0.4121	0.4817	0.5042	0.4356	0.4229	0.4761	0.4792	0.4939	0.5292	0.4711	0.4867	0.5389	0.5837	0.6245	0.6392	0.6075	0.6098	0.6898	0.6969	0.7134	0.6692	0.6652	0.7029	0.7451	0.7164	0.8004	0.8021	0.7898	0.8184	0.8532	0.8142	0.7681	0.7168	0.7202	0.6821	0.7104	0.7042	0.7292	0.7249	0.6869	0.7319	0.7164	0.7278	0.7858	0.7861	0.5956	0.6844	0.7888	0.6150	0.6050	0.7825	0.6842	0.6044	0.5383	0.5289	0.5033	0.5153	0.4928	0.4864	0.4531	0.4112	0.3662	0.3395	0.3600	0.3319
0.1647	0.2354	0.2516	0.2438	0.2759	0.3024	0.3191	0.3018	0.3275	0.3779	0.3738	0.4048	0.5091	0.4731	0.4690	0.5416	0.5683	0.6303	0.5918	0.5468	0.6479	0.6497	0.6372	0.6729	0.6404	0.6742	0.6813	0.7120	0.6907	0.7168	0.8143	0.8022	0.8086	0.8571	0.8109	0.7561	0.7541	0.7241	0.6689	0.6958	0.6978	0.6750	0.6651	0.6965	0.6823	0.6818	0.7276	0.7568	0.7370	0.6668	0.7863	0.8107	0.5805	0.6122	0.7472	0.6405	0.5771	0.5501	0.5336	0.4602	0.4877	0.4895	0.4525	0.4396	0.4053	0.3702	0.3276	0.3368	0.3417
0.1603	0.1757	0.2291	0.2326	0.2360	0.2430	0.2561	0.2679	0.3194	0.3428	0.3710	0.4081	0.4771	0.5138	0.5060	0.5358	0.6151	0.6110	0.5942	0.6280	0.6658	0.6594	0.6607	0.6211	0.6497	0.6827	0.6350	0.6858	0.7051	0.7157	0.7365	0.7563	0.7678	0.7659	0.7578	0.7124	0.7070	0.7168	0.6712	0.6730	0.7065	0.6672	0.6643	0.7051	0.7343	0.7011	0.7024	0.7029	0.6954	0.7308	0.8245	0.7738	0.5613	0.5685	0.6532	0.6322	0.5751	0.5445	0.5112	0.4551	0.4321	0.4539	0.4322	0.3953	0.3854	0.3601	0.3373	0.3401	0.3239
0.1796	0.1699	0.1964	0.2272	0.2402	0.2424	0.2629	0.2737	0.2917	0.3310	0.3654	0.3986	0.4705	0.5333	0.5176	0.5766	0.6224	0.6115	0.5595	0.5766	0.6597	0.6726	0.6766	0.6555	0.6416	0.6657	0.6496	0.6828	0.6985	0.7213	0.7316	0.7102	0.7396	0.7661	0.7128	0.6882	0.6982	0.7219	0.7041	0.6469	0.6381	0.6432	0.6656	0.6760	0.7019	0.6854	0.6972	0.7401	0.7280	0.7180	0.7337	0.7597	0.6407	0.6358	0.6875	0.6331	0.5725	0.5024	0.4851	0.4836	0.4634	0.4425	0.4326	0.3845	0.3613	0.3795	0.3552	0.3195	0.3159
0.1761	0.1857	0.2090	0.2321	0.2779	0.2560	0.2808	0.2906	0.2848	0.3396	0.3803	0.4264	0.4295	0.4624	0.5018	0.5488	0.5880	0.5853	0.6050	0.6073	0.6404	0.6560	0.6711	0.6429	0.6988	0.6674	0.6837	0.6889	0.6914	0.7034	0.7206	0.7072	0.7133	0.7606	0.7465	0.6924	0.6635	0.6752	0.6563	0.6290	0.6545	0.6900	0.6705	0.6646	0.6713	0.6680	0.7197	0.7382	0.7280	0.7079	0.6983	0.7187	0.6705	0.6570	0.5952	0.5625	0.5729	0.5191	0.5095	0.4920	0.4566	0.4560	0.4272	0.3984	0.3622	0.3585	0.3304	0.3273	0.3345
0.1852	0.2052	0.2237	0.2198	0.2397	0.2333	0.2694	0.2949	0.3106	0.3557	0.3895	0.4270	0.4667	0.4353	0.4706	0.5266	0.5660	0.5613	0.6073	0.6014	0.6079	0.6315	0.6304	0.6817	0.6892	0.6541	0.6674	0.6695	0.7024	0.7318	0.7370	0.7630	0.7390	0.7276	0.7607	0.7190	0.6994	0.6461	0.6432	0.6525	0.6590	0.6906	0.6640	0.6496	0.6715	0.6573	0.6836	0.7147	0.6951	0.6838	0.6764	0.6543	0.6577	0.6193	0.5689	0.5426	0.5183	0.4806	0.5060	0.4838	0.4602	0.4339	0.4717	0.4131	0.3666	0.3459	0.3364	0.3517	0.3217
0.1819	0.2167	0.2370	0.2355	0.2216	0.2438	0.2986	0.2898	0.3090	0.3477	0.3959	0.3906	0.4405	0.4463	0.4769	0.5190	0.5876	0.5733	0.5537	0.5886	0.6264	0.6057	0.5856	0.6220	0.6393	0.6384	0.6588	0.7085	0.6959	0.6821	0.7138	0.6951	0.7012	0.7176	0.6940	0.6870	0.7003	0.6620	0.6695	0.6553	0.6418	0.6674	0.6411	0.6686	0.6791	0.6627	0.6589	0.6673	0.6815	0.6540	0.6517	0.6021	0.6136	0.6000	0.5780	0.5554	0.5329	0.5172	0.4889	0.4743	0.4821	0.4561	0.4486	0.4088	0.3726	0.3977	0.3679	0.3524	0.3151
0.1821	0.2250	0.2637	0.2660	0.2393	0.2506	0.2908	0.3056	0.3238	0.3239	0.3918	0.3748	0.4236	0.4856	0.4813	0.5186	0.5452	0.5352	0.5593	0.6026	0.6145	0.5848	0.5991	0.6327	0.6279	0.6193	0.6344	0.6608	0.6622	0.6555	0.6944	0.7207	0.7202	0.7145	0.6730	0.6464	0.6661	0.6633	0.6793	0.6708	0.6822	0.6496	0.6473	0.6615	0.6863	0.6414	0.6146	0.6074	0.6178	0.6359	0.6352	0.5907	0.5811	0.5835	0.5860	0.5457	0.5091	0.4834	0.4726	0.5032	0.4639	0.4341	0.4633	0.4215	0.3984	0.3560	0.3601	0.3722	0.3377
0.2082	0.2240	0.2485	0.2841	0.2573	0.2512	0.2662	0.2976	0.3265	0.3581	0.3830	0.4051	0.4199	0.4596	0.4861	0.5154	0.5373	0.5249	0.5223	0.5851	0.5809	0.5751	0.6011	0.6246	0.6168	0.6087	0.6337	0.6789	0.6975	0.6533	0.6747	0.7427	0.7009	0.6574	0.6374	0.6744	0.6673	0.6517	0.6554	0.6572	0.6804	0.6833	0.6465	0.6132	0.6562	0.5999	0.6035	0.6069	0.5791	0.5561	0.6057	0.5947	0.6396	0.5346	0.5106	0.5180	0.5277	0.4903	0.4852	0.4967	0.4935	0.4960	0.4953	0.4116	0.4028	0.3879	0.3646	0.3785	0.3354
0.2279	0.2380	0.2532	0.2758	0.2836	0.2603	0.2997	0.3159	0.3249	0.3489	0.3750	0.4108	0.4316	0.4792	0.4991	0.5060	0.4942	0.5240	0.5716	0.5628	0.5711	0.5605	0.5904	0.5974	0.6069	0.5987	0.6299	0.6930	0.7184	0.6563	0.6647	0.7146	0.7355	0.6957	0.6376	0.6512	0.6589	0.7139	0.6587	0.6447	0.6882	0.6688	0.6648	0.6127	0.6196	0.5830	0.6028	0.5806	0.5950	0.5969	0.5702	0.5765	0.5485	0.5429	0.5375	0.5282	0.5139	0.5034	0.4790	0.4775	0.5111	0.4587	0.4422	0.4326	0.4209	0.3844	0.3604	0.3656	0.3337
0.2201	0.2088	0.2229	0.2973	0.2740	0.2673	0.3131	0.3022	0.3344	0.3585	0.3744	0.4097	0.4574	0.4668	0.4703	0.4961	0.5382	0.5652	0.6068	0.5844	0.5892	0.5876	0.5583	0.6052	0.6127	0.6249	0.6194	0.6938	0.7044	0.7055	0.6787	0.6765	0.7476	0.6862	0.6521	0.6498	0.6935	0.6863	0.6514	0.6633	0.6666	0.6620	0.6454	0.6402	0.6093	0.5620	0.5687	0.5830	0.5846	0.6074	0.5911	0.6133	0.5720	0.5413	0.5380	0.5417	0.5129	0.4912	0.4661	0.4695	0.4663	0.4592	0.4518	0.4563	0.4487	0.4049	0.3722	0.4110	0.3657
0.1869	0.2269	0.2407	0.2473	0.2357	0.2539	0.2970	0.3094	0.3638	0.3676	0.3654	0.4117	0.4310	0.4390	0.4785	0.5169	0.5638	0.5483	0.5667	0.5631	0.5814	0.5936	0.5529	0.5986	0.6235	0.6054	0.5912	0.6653	0.6969	0.6886	0.6898	0.7267	0.7099	0.7019	0.6719	0.6566	0.6696	0.6638	0.6557	0.6614	0.6076	0.6533	0.6119	0.6083	0.5886	0.5881	0.5834	0.6059	0.5965	0.6176	0.6214	0.6280	0.6614	0.6166	0.5376	0.5276	0.5297	0.4949	0.4780	0.4735	0.4753	0.4673	0.4706	0.4521	0.4478	0.4066	0.3823	0.3955	0.3383
0.1975	0.2021	0.2311	0.2148	0.2375	0.2481	0.2706	0.3100	0.3601	0.3744	0.3708	0.3810	0.3973	0.4497	0.4656	0.5523	0.5701	0.5219	0.5447	0.5623	0.5970	0.6283	0.5866	0.6099	0.6310	0.6623	0.6538	0.6844	0.7163	0.7002	0.6831	0.6910	0.7365	0.6919	0.6752	0.6759	0.6554	0.6377	0.6400	0.6164	0.6021	0.5941	0.6305	0.5941	0.5904	0.6106	0.6119	0.6509	0.6146	0.6376	0.6563	0.5977	0.6274	0.6378	0.6069	0.5512	0.5238	0.4933	0.4780	0.4925	0.4951	0.4792	0.4980	0.4841	0.4232	0.3938	0.3984	0.4017	0.3744
0.2145	0.2145	0.2101	0.2601	0.2540	0.2659	0.2687	0.3144	0.3394	0.3836	0.3803	0.4101	0.4113	0.4513	0.4715	0.4799	0.5291	0.5398	0.5896	0.5826	0.6056	0.5963	0.6347	0.6943	0.6762	0.6736	0.7097	0.7208	0.7615	0.7272	0.7426	0.7340	0.7065	0.7075	0.7124	0.7089	0.7128	0.6635	0.6437	0.6333	0.6360	0.6338	0.6336	0.6283	0.6411	0.6039	0.6375	0.6561	0.6913	0.6736	0.6589	0.6070	0.6440	0.6453	0.6263	0.6002	0.5449	0.5158	0.4817	0.5006	0.4943	0.4914	0.5038	0.4504	0.4102	0.3964	0.4070	0.3638	0.3790
0.2144	0.2226	0.2017	0.2405	0.2404	0.2675	0.2507	0.3416	0.3612	0.3827	0.3971	0.3745	0.4295	0.4656	0.4799	0.5264	0.5055	0.5152	0.5352	0.5410	0.5917	0.5707	0.6364	0.6987	0.6666	0.6998	0.7247	0.7632	0.7778	0.7396	0.8042	0.7724	0.7792	0.7830	0.7503	0.7227	0.6751	0.6669	0.7087	0.6571	0.6545	0.6327	0.6351	0.6348	0.6184	0.6278	0.6809	0.6869	0.7229	0.7320	0.7095	0.6477	0.6762	0.6733	0.6498	0.6141	0.6157	0.5358	0.5377	0.5450	0.5113	0.5028	0.4771	0.4632	0.4015	0.4101	0.4369	0.3851	0.3569
0.1968	0.2159	0.2298	0.2330	0.2295	0.2361	0.2799	0.3398	0.3379	0.3395	0.3730	0.3779	0.4462	0.4694	0.4258	0.4833	0.5045	0.5131	0.5655	0.6058	0.6231	0.6310	0.6227	0.6778	0.7306	0.7240	0.7325	0.7607	0.7457	0.7597	0.7937	0.7661	0.7875	0.7779	0.8010	0.7688	0.7128	0.6876	0.7121	0.6603	0.6687	0.6744	0.6834	0.6574	0.6515	0.6614	0.6849	0.7180	0.6756	0.7868	0.7660	0.7393	0.7257	0.7286	0.6664	0.6528	0.6434	0.5827	0.5736	0.5830	0.5333	0.4906	0.4927	0.4777	0.4560	0.4290	0.4036	0.4203	0.3715
0.2130	0.2296	0.2271	0.2318	0.2378	0.3145	0.3304	0.3370	0.3570	0.3659	0.3921	0.4018	0.4257	0.4707	0.4467	0.4715	0.5184	0.5525	0.5535	0.6240	0.5804	0.6269	0.6367	0.6106	0.7115	0.7030	0.6794	0.7597	0.7608	0.7367	0.7646	0.7468	0.7731	0.8069	0.8307	0.7675	0.7071	0.7212	0.6546	0.6640	0.6847	0.6856	0.6990	0.7129	0.7009	0.7107	0.7383	0.7621	0.7480	0.7759	0.8227	0.8158	0.7814	0.7516	0.7333	0.7343	0.6849	0.6359	0.6085	0.5735	0.5775	0.5571	0.5435	0.4906	0.4675	0.4339	0.4155	0.4091	0.3766
0.2106	0.2476	0.2724	0.2916	0.3005	0.3435	0.3128	0.3125	0.3545	0.3973	0.3831	0.4217	0.4423	0.4607	0.4522	0.4898	0.5284	0.5514	0.5753	0.5901	0.6382	0.6545	0.6446	0.6644	0.6505	0.6725	0.6878	0.7487	0.7652	0.7761	0.7832	0.8162	0.8467	0.8451	0.7945	0.7519	0.7452	0.7272	0.6728	0.7034	0.7211	0.7388	0.7166	0.7239	0.7500	0.7377	0.7648	0.7603	0.8500	0.8794	0.8772	0.8810	0.8235	0.7899	0.7925	0.7984	0.7340	0.7141	0.6550	0.5890	0.5845	0.5875	0.5682	0.5102	0.4853	0.4338	0.4318	0.4435	0.4124
0.2766	0.3245	0.3685	0.3803	0.3785	0.3781	0.3685	0.3984	0.3745	0.3866	0.3906	0.4158	0.4411	0.4333	0.4776	0.4963	0.5518	0.6112	0.5848	0.6131	0.6586	0.6956	0.7055	0.6894	0.6832	0.7196	0.6956	0.7377	0.7745	0.7425	0.8264	0.8757	0.8129	0.8061	0.8291	0.7920	0.7724	0.7880	0.7553	0.7435	0.7388	0.7111	0.7542	0.7321	0.7916	0.8196	0.8323	0.8311	0.8633	0.9241	0.9288	0.8451	0.8648	0.8880	0.8306	0.7890	0.8143	0.7906	0.7050	0.6707	0.6768	0.6339	0.5803	0.5307	0.4968	0.4791	0.4778	0.4635	0.4190
0.3043	0.4143	0.5017	0.5694	0.5667	0.5691	0.5442	0.4859	0.4632	0.4367	0.4511	0.4562	0.4591	0.4897	0.5127	0.5193	0.5598	0.5695	0.5979	0.6364	0.6382	0.6955	0.7032	0.6760	0.7036	0.6957	0.7407	0.7119	0.7565	0.8073	0.8718	0.9230	0.8967	0.8421	0.8761	0.8129	0.7972	0.8215	0.7899	0.7593	0.7571	0.7928	0.7957	0.8255	0.8219	0.8414	0.8827	0.8806	0.9107	0.9490	0.8159	0.5847	0.8179	0.9404	0.8263	0.8543	0.8546	0.7531	0.7399	0.7610	0.7327	0.6857	0.6505	0.6309	0.5424	0.4776	0.4517	0.4502	0.4159
0.1703	0.2939	0.4381	0.5504	0.6786	0.7291	0.7572	0.6965	0.6581	0.6452	0.5656	0.5354	0.5305	0.5237	0.5666	0.5676	0.5483	0.5598	0.5981	0.6478	0.6405	0.6807	0.6803	0.6767	0.6836	0.6683	0.6745	0.7124	0.7314	0.8340	0.9271	0.8760	0.8865	0.8997	0.8882	0.8239	0.8587	0.7972	0.7748	0.7783	0.7728	0.8210	0.8641	0.9230	0.8802	0.9207	0.9206	0.8591	0.8927	0.9501	0.7362	0.5307	0.8001	1.0000	0.8856	0.8714	0.8141	0.7476	0.7914	0.7757	0.7833	0.7117	0.6695	0.6106	0.5351	0.4986	0.4992	0.4696	0.4185
0.0700	0.0973	0.1657	0.2505	0.3420	0.4359	0.5434	0.6404	0.7020	0.7218	0.7476	0.7175	0.7318	0.6618	0.6705	0.6365	0.5901	0.5849	0.5874	0.6261	0.6449	0.6640	0.6573	0.6630	0.6435	0.6537	0.6431	0.6748	0.8225	0.8677	0.9218	0.9244	0.8812	0.8915	0.8626	0.8753	0.8892	0.8009	0.7912	0.8130	0.8448	0.7899	0.8875	0.8460	0.8665	0.8697	0.6915	0.5201	0.5640	0.6908	0.5556	0.4898	0.7206	0.9978	0.9406	0.8984	0.8045	0.7565	0.7852	0.7732	0.7585	0.7041	0.6692	0.6250	0.5630	0.5257	0.4904	0.4898	0.4448
0.0281	0.0529	0.0795	0.0933	0.1165	0.1697	0.1929	0.2905	0.4026	0.4895	0.6038	0.7042	0.7863	0.7435	0.7735	0.7542	0.6554	0.6002	0.5429	0.5547	0.6075	0.5529	0.5727	0.5843	0.6224	0.6098	0.6538	0.7421	0.8549	0.9181	0.9331	0.9288	0.9388	0.9186	0.9249	0.9481	0.8725	0.8633	0.8155	0.8466	0.8683	0.8022	0.8598	0.8053	0.8573	0.7766	0.4661	0.3466	0.3654	0.3696	0.4059	0.4341	0.5669	0.8187	0.8523	0.8782	0.7524	0.7980	0.7654	0.7606	0.7080	0.6768	0.6690	0.6301	0.6026	0.5610	0.5291	0.4730	0.4090
0.0147	0.0257	0.0568	0.0631	0.0679	0.0906	0.1022	0.1244	0.1486	0.1972	0.2554	0.3099	0.4217	0.4778	0.5892	0.7607	0.7779	0.7830	0.7500	0.6199	0.6236	0.5926	0.6195	0.6577	0.7095	0.6854	0.7398	0.8738	0.9257	0.9783	0.9310	0.9254	0.9560	0.9874	0.9370	0.9151	0.8770	0.9117	0.8225	0.8086	0.8424	0.7320	0.8320	0.6433	0.6149	0.5360	0.3472	0.3127	0.3093	0.3050	0.3246	0.3418	0.3629	0.4345	0.5379	0.6226	0.6320	0.8360	0.8015	0.7842	0.6787	0.6732	0.6920	0.6424	0.5969	0.5771	0.5604	0.4894	0.4667
0.0130	0.0315	0.0441	0.0567	0.0637	0.0759	0.0925	0.0967	0.1022	0.1079	0.1283	0.1435	0.1816	0.2122	0.2743	0.3776	0.5740	0.7064	0.7412	0.7666	0.7360	0.6950	0.7330	0.7711	0.7752	0.7582	0.7540	0.8362	0.8695	0.9120	0.9077	0.9190	0.9011	0.8597	0.7096	0.6445	0.5653	0.5923	0.5585	0.4240	0.4588	0.4273	0.5063	0.3443	0.2858	0.3026	0.2736	0.2625	0.2682	0.2682	0.2752	0.2866	0.2866	0.3079	0.3346	0.3920	0.4415	0.5794	0.7119	0.6809	0.6698	0.7500	0.7278	0.6503	0.6124	0.5794	0.5584	0.5053	0.4947
0.0139	0.0354	0.0426	0.0351	0.0495	0.0690	0.0719	0.0771	0.0869	0.0834	0.0919	0.0906	0.1247	0.1138	0.1382	0.1536	0.2058	0.2729	0.3361	0.4446	0.5700	0.6060	0.6630	0.7445	0.7945	0.7994	0.8542	0.8076	0.8392	0.8198	0.7544	0.6029	0.5121	0.4394	0.3225	0.2674	0.2536	0.2893	0.2683	0.2233	0.2147	0.2351	0.2520	0.2332	0.2212	0.2268	0.2234	0.2286	0.2291	0.2511	0.2615	0.2507	0.2610	0.2626	0.2916	0.3103	0.3260	0.3734	0.4491	0.4760	0.6692	0.7779	0.7598	0.6753	0.6076	0.5773	0.5373	0.5222	0.4769
0.0186	0.0145	0.0350	0.0237	0.0276	0.0748	0.0673	0.0621	0.0474	0.0667	0.0849	0.0824	0.0976	0.0930	0.1060	0.1156	0.1040	0.1503	0.1750	0.1892	0.2263	0.2668	0.3118	0.3576	0.5025	0.6122	0.7739	0.7746	0.5783	0.4331	0.3632	0.2173	0.2014	0.2039	0.1983	0.1902	0.1883	0.1929	0.1977	0.1827	0.1750	0.1961	0.1851	0.2011	0.2016	0.1965	0.1860	0.1940	0.1951	0.2012	0.2185	0.2214	0.2327	0.2344	0.2451	0.2572	0.2787	0.3015	0.3322	0.3704	0.4738	0.6918	0.7789	0.7058	0.6126	0.5670	0.5328	0.5237	0.5012
0.0193	0.0195	0.0333	0.0302	0.0216	0.0500	0.0539	0.0615	0.0477	0.0542	0.0834	0.0739	0.0864	0.0788	0.0847	0.1026	0.1030	0.1101	0.1195	0.1173	0.1222	0.1294	0.1469	0.1751	0.1825	0.2534	0.4368	0.4019	0.1918	0.1504	0.1600	0.1466	0.1412	0.1481	0.1609	0.1511	0.1523	0.1425	0.1463	0.1519	0.1530	0.1651	0.1546	0.1689	0.1719	0.1706	0.1602	0.1681	0.1693	0.1757	0.1956	0.1884	0.1981	0.2090	0.2097	0.2265	0.2472	0.2577	0.2606	0.2932	0.3230	0.4080	0.5945	0.7049	0.6171	0.5908	0.4957	0.5226	0.5398
0.0177	0.0203	0.0230	0.0270	0.0348	0.0375	0.0464	0.0435	0.0425	0.0346	0.0647	0.0612	0.0695	0.0663	0.0751	0.0874	0.1034	0.1190	0.1081	0.0964	0.1003	0.1041	0.1192	0.1201	0.1256	0.1333	0.1337	0.1426	0.1343	0.1219	0.1114	0.1149	0.1198	0.1171	0.1209	0.1218	0.1207	0.1157	0.1186	0.1214	0.1155	0.1215	0.1330	0.1284	0.1294	0.1405	0.1395	0.1504	0.1537	0.1546	0.1649	0.1627	0.1604	0.1744	0.1841	0.2032	0.2230	0.2263	0.2378	0.2644	0.3060	0.4023	0.6298	0.7305	0.6286	0.6065	0.4448	0.5179	0.5624
0.0000	0.0082	0.0300	0.0235	0.0256	0.0223	0.0329	0.0513	0.0493	0.0429	0.0514	0.0665	0.0709	0.0623	0.0640	0.0734	0.0711	0.0841	0.0855	0.0776	0.0854	0.0918	0.1037	0.1065	0.1087	0.1177	0.1038	0.1138	0.1087	0.1096	0.1043	0.1001	0.1071	0.0992	0.0973	0.0898	0.0974	0.1020	0.0951	0.0934	0.0934	0.0977	0.1028	0.1036	0.1165	0.1133	0.1091	0.1196	0.1215	0.1127	0.1271	0.1289	0.1290	0.1367	0.1390	0.1461	0.1733	0.1766	0.2037	0.2371	0.2660	0.4543	0.7210	0.6988	0.6078	0.5118	0.3521	0.4794	0.5443
0.0000	0.0000	0.0171	0.0295	0.0072	0.0068	0.0269	0.0496	0.0444	0.0283	0.0423	0.0587	0.0588	0.0689	0.0711	0.0652	0.0657	0.0747	0.0755	0.0806	0.0904	0.0852	0.0790	0.0928	0.1013	0.0974	0.0950	0.0921	0.0894	0.0911	0.0959	0.0933	0.0962	0.0936	0.0924	0.0760	0.0831	0.0855	0.0912	0.0867	0.0805	0.0810	0.0898	0.0860	0.0990	0.0961	0.0898	0.0883	0.0943	0.0984	0.0903	0.1000	0.1010	0.1000	0.1061	0.1095	0.1195	0.1245	0.1445	0.1703	0.1971	0.2940	0.5248	0.5939	0.5315	0.3108	0.1968	0.2492	0.2701
0.0000	0.0031	0.0200	0.0197	0.0083	0.0025	0.0289	0.0336	0.0298	0.0248	0.0476	0.0497	0.0627	0.0562	0.0666	0.0670	0.0845	0.0759	0.0738	0.0876	0.0929	0.0696	0.0853	0.0901	0.0919	0.0962	0.0909	0.0852	0.0895	0.0815	0.0808	0.0760	0.0843	0.0887	0.0860	0.0825	0.0836	0.0764	0.0815	0.0877	0.0785	0.0762	0.0836	0.0821	0.0773	0.0778	0.0816	0.0800	0.0884	0.0827	0.0889	0.0876	0.0839	0.0859	0.0920	0.0976	0.1009	0.0914	0.1064	0.1103	0.1181	0.1328	0.2199	0.2853	0.2453	0.1737	0.1205	0.1197	0.1322
0.0000	0.0000	0.0082	0.0127	0.0129	0.0166	0.0185	0.0237	0.0352	0.0369	0.0325	0.0433	0.0526	0.0483	0.0484	0.0534	0.0626	0.0677	0.0611	0.0624	0.0703	0.0685	0.0749	0.0721	0.0774	0.0841	0.0791	0.0890	0.0761	0.0705	0.0800	0.0755	0.0670	0.0738	0.0782	0.0814	0.0747	0.0667	0.0741	0.0712	0.0702	0.0762	0.0762	0.0689	0.0676	0.0647	0.0673	0.0726	0.0690	0.0668	0.0756	0.0770	0.0677	0.0768	0.0826	0.0819	0.0898	0.0792	0.0812	0.0878	0.0954	0.0930	0.1063	0.1134	0.1047	0.1005	0.0868	0.0901	0.1047
0.0000	0.0000	0.0012	0.0165	0.0088	0.0220	0.0177	0.0303	0.0289	0.0185	0.0361	0.0415	0.0344	0.0391	0.0470	0.0481	0.0468	0.0484	0.0506	0.0638	0.0563	0.0559	0.0533	0.0674	0.0621	0.0789	0.0728	0.0732	0.0672	0.0707	0.0700	0.0719	0.0737	0.0765	0.0669	0.0657	0.0647	0.0579	0.0664	0.0668	0.0611	0.0682	0.0702	0.0644	0.0621	0.0635	0.0689	0.0574	0.0616	0.0670	0.0651	0.0705	0.0730	0.0658	0.0714	0.0709	0.0740	0.0731	0.0703	0.0844	0.0848	0.0761	0.0760	0.0935	0.0807	0.0801	0.0709	0.0638	0.0670
0.0000	0.0000	0.0000	0.0144	0.0031	0.0080	0.0211	0.0224	0.0208	0.0114	0.0325	0.0367	0.0284	0.0244	0.0322	0.0375	0.0427	0.0447	0.0547	0.0459	0.0580	0.0492	0.0436	0.0555	0.0577	0.0682	0.0705	0.0680	0.0765	0.0685	0.0578	0.0651	0.0682	0.0655	0.0638	0.0598	0.0587	0.0572	0.0682	0.0664	0.0620	0.0669	0.0583	0.0627	0.0638	0.0589	0.0651	0.0567	0.0485	0.0598	0.0744	0.0727	0.0578	0.0611	0.0709	0.0701	0.0672	0.0676	0.0707	0.0738	0.0649	0.0663	0.0742	0.0798	0.0779	0.0688	0.0689	0.0723	0.0720
0.0000	0.0000	0.0000	0.0089	0.0101	0.0060	0.0214	0.0115	0.0128	0.0176	0.0355	0.0416	0.0335	0.0254	0.0436	0.0397	0.0556	0.0480	0.0368	0.0450	0.0532	0.0513	0.0468	0.0471	0.0600	0.0574	0.0688	0.0717	0.0786	0.0666	0.0587	0.0646	0.0666	0.0631	0.0641	0.0556	0.0656	0.0616	0.0657	0.0635	0.0582	0.0580	0.0606	0.0602	0.0469	0.0519	0.0537	0.0547	0.0533	0.0612	0.0668	0.0651	0.0542	0.0546	0.0729	0.0730	0.0667	0.0634	0.0697	0.0699	0.0653	0.0567	0.0672	0.0773	0.0655	0.0539	0.0564	0.0670	0.0553
0.0000	0.0000	0.0000	0.0058	0.0025	0.0000	0.0118	0.0104	0.0106	0.0234	0.0412	0.0302	0.0374	0.0281	0.0412	0.0487	0.0472	0.0431	0.0345	0.0373	0.0384	0.0466	0.0457	0.0544	0.0518	0.0571	0.0531	0.0584	0.0553	0.0553	0.0575	0.0642	0.0598	0.0538	0.0576	0.0595	0.0520	0.0643	0.0589	0.0618	0.0540	0.0489	0.0629	0.0588	0.0492	0.0528	0.0498	0.0500	0.0589	0.0626	0.0568	0.0666	0.0551	0.0510	0.0664	0.0712	0.0638	0.0597	0.0543	0.0533	0.0542	0.0508	0.0629	0.0687	0.0547	0.0529	0.0540	0.0545	0.0421
0.0000	0.0000	0.0000	0.0000	0.0000	0.0000	0.0128	0.0095	0.0093	0.0138	0.0240	0.0318	0.0210	0.0251	0.0332	0.0269	0.0346	0.0235	0.0416	0.0381	0.0367	0.0454	0.0509	0.0465	0.0582	0.0484	0.0418	0.0493	0.0526	0.0480	0.0404	0.0504	0.0606	0.0508	0.0498	0.0535	0.0503	0.0529	0.0509	0.0515	0.0472	0.0499	0.0549	0.0546	0.0509	0.0481	0.0494	0.0480	0.0472	0.0477	0.0422	0.0459	0.0480	0.0472	0.0498	0.0525	0.0474	0.0462	0.0445	0.0463	0.0550	0.0564	0.0493	0.0541	0.0467	0.0470	0.0410	0.0471	0.0483
0.0000	0.0000	0.0000	0.0000	0.0022	0.0000	0.0000	0.0013	0.0022	0.0109	0.0169	0.0289	0.0266	0.0245	0.0265	0.0220	0.0189	0.0414	0.0341	0.0330	0.0425	0.0423	0.0420	0.0491	0.0482	0.0513	0.0529	0.0426	0.0639	0.0656	0.0468	0.0526	0.0600	0.0451	0.0441	0.0518	0.0509	0.0414	0.0399	0.0417	0.0478	0.0489	0.0467	0.0484	0.0438	0.0454	0.0536	0.0417	0.0402	0.0416	0.0494	0.0505	0.0471	0.0399	0.0539	0.0730	0.0575	0.0508	0.0401	0.0503	0.0630	0.0567	0.0660	0.0681	0.0621	0.0504	0.0509	0.0541	0.0515
