0.0000	0.0000	0.0000	0.0000	0.0000	0.0000	0.0125	0.0145	0.0070	0.0086	0.0040	0.0237	0.0137	0.0123	0.0297	0.0324	0.0312	0.0305	0.0320	0.0297	0.0339	0.0303	0.0323	0.0460	0.0506	0.0527	0.0492	0.0572	0.0577	0.0684	0.0687	0.0833	0.0778	0.0699	0.0870	0.0714	0.0617	0.0721	0.0870	0.0715	0.0650	0.0837	0.0769	0.0678	0.0690	0.0677	0.0770	0.0696	0.0612	0.0825	0.0839	0.0636	0.0613	0.0739	0.0659	0.0596	0.0607	0.0606	0.0594	0.0607	0.0475	0.0447	0.0360	0.0448	0.0448	0.0372	0.0284	0.0351	0.0303
0.0000	0.0000	0.0025	0.0071	0.0020	0.0000	0.0069	0.0102	0.0084	0.0078	0.0160	0.0199	0.0236	0.0381	0.0331	0.0304	0.0305	0.0378	0.0358	0.0416	0.0497	0.0378	0.0450	0.0579	0.0628	0.0531	0.0505	0.0615	0.0631	0.0679	0.0854	0.0729	0.0713	0.0878	0.0974	0.0852	0.0677	0.0824	0.0858	0.0783	0.0778	0.0844	0.0867	0.0831	0.0782	0.0647	0.0767	0.0800	0.0815	0.0773	0.0852	0.0857	0.0558	0.0747	0.0695	0.0670	0.0620	0.0628	0.0623	0.0789	0.0543	0.0496	0.0437	0.0506	0.0552	0.0327	0.0349	0.0303	0.0370
0.0000	0.0000	0.0000	0.0123	0.0076	0.0000	0.0040	0.0108	0.0108	0.0035	0.0178	0.0215	0.0320	0.0349	0.0354	0.0314	0.0280	0.0374	0.0461	0.0532	0.0448	0.0438	0.0436	0.0623	0.0614	0.0648	0.0735	0.0581	0.0523	0.0612	0.0925	0.0709	0.0788	0.1045	0.0907	0.0862	0.0873	0.0882	0.0827	0.0789	0.0757	0.0898	0.0900	0.0815	0.0779	0.0886	0.0978	0.0897	0.0895	0.0846	0.0785	0.0861	0.0828	0.0865	0.0716	0.0782	0.0820	0.0715	0.0846	0.0855	0.0717	0.0654	0.0545	0.0509	0.0563	0.0507	0.0429	0.0435	0.0509
0.0000	0.0000	0.0000	0.0064	0.0016	0.0002	0.0011	0.0023	0.0067	0.0236	0.0267	0.0342	0.0417	0.0331	0.0330	0.0378	0.0437	0.0411	0.0417	0.0394	0.0402	0.0447	0.0427	0.0603	0.0609	0.0686	0.0674	0.0518	0.0634	0.0634	0.0647	0.0730	0.0990	0.1110	0.0931	0.0962	0.0777	0.0844	0.0881	0.0805	0.0989	0.1008	0.0881	0.0878	0.0902	0.0836	0.0958	0.0984	0.0926	0.0930	0.0927	0.0774	0.0842	0.0897	0.0863	0.0799	0.0760	0.0718	0.0773	0.0726	0.0766	0.0596	0.0584	0.0565	0.0567	0.0557	0.0484	0.0518	0.0486
0.0000	0.0000	0.0042	0.0011	0.0068	0.0035	0.0048	0.0071	0.0158	0.0203	0.0279	0.0321	0.0394	0.0344	0.0286	0.0352	0.0430	0.0432	0.0425	0.0508	0.0498	0.0491	0.0527	0.0638	0.0606	0.0596	0.0771	0.0663	0.0745	0.0724	0.0708	0.0804	0.1017	0.0949	0.0945	0.0836	0.0848	0.0896	0.0892	0.0818	0.0951	0.0926	0.0913	0.0950	0.1012	0.0875	0.0982	0.1033	0.1055	0.0957	0.0973	0.0879	0.0901	0.1032	0.0954	0.0831	0.0723	0.0801	0.0750	0.0802	0.0691	0.0673	0.0677	0.0635	0.0653	0.0600	0.0662	0.0630	0.0557
0.0000	0.0000	0.0084	0.0063	0.0034	0.0011	0.0099	0.0181	0.0174	0.0258	0.0273	0.0281	0.0404	0.0328	0.0283	0.0431	0.0424	0.0513	0.0576	0.0644	0.0514	0.0543	0.0544	0.0696	0.0691	0.0680	0.0711	0.0530	0.0766	0.0890	0.0819	0.0826	0.0947	0.1071	0.0986	0.1000	0.0912	0.0917	0.0942	0.0921	0.1135	0.1147	0.1052	0.1039	0.1204	0.1095	0.1035	0.1140	0.1041	0.1173	0.1089	0.1028	0.1038	0.1106	0.1077	0.1095	0.1032	0.0999	0.1000	0.0924	0.0852	0.0784	0.0847	0.0848	0.0659	0.0706	0.0750	0.0694	0.0567
0.0000	0.0000	0.0098	0.0107	0.0098	0.0012	0.0095	0.0281	0.0296	0.0263	0.0251	0.0270	0.0432	0.0376	0.0406	0.0586	0.0574	0.0664	0.0572	0.0586	0.0698	0.0644	0.0794	0.0593	0.0677	0.0846	0.0827	0.0647	0.0899	0.0886	0.0799	0.0898	0.1035	0.1088	0.1089	0.1075	0.0964	0.0956	0.1097	0.1070	0.1090	0.1222	0.1316	0.1106	0.1084	0.1268	0.1247	0.1374	0.1252	0.1395	0.1238	0.1190	0.1192	0.1322	0.1342	0.1304	0.1127	0.1229	0.1128	0.1070	0.0943	0.0870	0.0842	0.1081	0.0909	0.0783	0.0711	0.0782	0.0699
0.0000	0.0008	0.0072	0.0199	0.0076	0.0000	0.0154	0.0312	0.0351	0.0331	0.0281	0.0343	0.0459	0.0396	0.0395	0.0481	0.0583	0.0600	0.0572	0.0502	0.0719	0.0690	0.0695	0.0654	0.0873	0.0845	0.0827	0.0892	0.0936	0.0918	0.0804	0.0937	0.1190	0.1248	0.1156	0.1110	0.1160	0.1152	0.1232	0.1296	0.1155	0.1247	0.1410	0.1221	0.1178	0.1363	0.1456	0.1612	0.1561	0.1441	0.1487	0.1375	0.1361	0.1415	0.1457	0.1445	0.1264	0.1274	0.1239	0.1258	0.1202	0.1175	0.1077	0.1115	0.1139	0.0913	0.0818	0.0835	0.0920
0.0053	0.0041	0.0106	0.0163	0.0146	0.0206	0.0252	0.0409	0.0412	0.0453	0.0436	0.0383	0.0426	0.0688	0.0474	0.0484	0.0521	0.0598	0.0732	0.0831	0.0699	0.0691	0.0620	0.0817	0.1002	0.0737	0.0799	0.0914	0.0907	0.0939	0.0921	0.1146	0.1343	0.1364	0.1284	0.1433	0.1393	0.1374	0.1391	0.1396	0.1299	0.1309	0.1510	0.1477	0.1640	0.1580	0.1775	0.2179	0.2538	0.2442	0.1949	0.1677	0.1731	0.1891	0.2534	0.3242	0.2750	0.1814	0.1509	0.1425	0.1458	0.1359	0.1302	0.1298	0.1173	0.1131	0.1036	0.1075	0.1029
0.0030	0.0019	0.0130	0.0116	0.0221	0.0379	0.0295	0.0361	0.0275	0.0350	0.0486	0.0437	0.0455	0.0574	0.0531	0.0588	0.0645	0.0682	0.0761	0.0919	0.0900	0.0732	0.0727	0.0913	0.0845	0.0909	0.1052	0.1096	0.1083	0.1068	0.1065	0.1233	0.1247	0.1495	0.1421	0.1587	0.1583	0.1765	0.1721	0.1737	0.1674	0.1790	0.1736	0.1764	0.1937	0.2006	0.2078	0.2776	0.4200	0.4048	0.2740	0.2005	0.2245	0.2795	0.4112	0.4341	0.3973	0.2865	0.1913	0.1850	0.1931	0.1836	0.1656	0.1576	0.1523	0.1269	0.1132	0.1262	0.1217
0.0097	0.0070	0.0090	0.0082	0.0186	0.0250	0.0303	0.0448	0.0364	0.0468	0.0424	0.0451	0.0600	0.0500	0.0509	0.0721	0.0843	0.0844	0.0842	0.0927	0.1016	0.0881	0.0773	0.0895	0.1046	0.0925	0.1064	0.1109	0.1106	0.1161	0.1208	0.1367	0.1464	0.1673	0.1740	0.1758	0.1930	0.2176	0.2260	0.2012	0.2017	0.2172	0.2373	0.2197	0.2651	0.2342	0.2609	0.3467	0.4819	0.5122	0.3767	0.3067	0.3075	0.3248	0.4564	0.4830	0.4498	0.4174	0.3103	0.2403	0.2591	0.2561	0.2309	0.1850	0.1614	0.1342	0.1176	0.1275	0.1321
0.0097	0.0168	0.0325	0.0313	0.0216	0.0221	0.0217	0.0379	0.0444	0.0421	0.0477	0.0523	0.0726	0.0597	0.0583	0.0773	0.0809	0.0851	0.0932	0.0879	0.0892	0.0896	0.1075	0.0996	0.1125	0.1121	0.1199	0.1124	0.1224	0.1403	0.1566	0.1780	0.2046	0.2427	0.2469	0.2215	0.2258	0.2318	0.2649	0.2621	0.2296	0.2373	0.2802	0.2772	0.2835	0.2974	0.3177	0.3476	0.4914	0.6042	0.4780	0.4685	0.4994	0.5099	0.5055	0.5113	0.4893	0.4955	0.4614	0.3878	0.3693	0.3590	0.2921	0.2375	0.1823	0.1520	0.1238	0.1325	0.1432
0.0139	0.0203	0.0238	0.0294	0.0287	0.0301	0.0394	0.0472	0.0536	0.0516	0.0556	0.0528	0.0715	0.0715	0.0635	0.0820	0.0846	0.0907	0.0949	0.1001	0.1007	0.1116	0.1171	0.1125	0.1116	0.1346	0.1322	0.1528	0.1678	0.1769	0.2070	0.2852	0.4013	0.5217	0.4910	0.3846	0.3561	0.3359	0.3720	0.3971	0.3379	0.3145	0.3414	0.3535	0.3705	0.4097	0.4746	0.4965	0.5478	0.6302	0.5863	0.5338	0.5558	0.5560	0.5368	0.5501	0.5196	0.4721	0.4895	0.4458	0.4081	0.3804	0.3394	0.2795	0.2235	0.1849	0.1811	0.1818	0.1663
0.0062	0.0162	0.0313	0.0310	0.0296	0.0278	0.0454	0.0433	0.0539	0.0497	0.0596	0.0743	0.0697	0.0730	0.0909	0.0926	0.1064	0.1164	0.1210	0.1243	0.1238	0.1246	0.1337	0.1342	0.1522	0.1748	0.1935	0.2274	0.2395	0.2784	0.3204	0.5169	0.8141	0.8495	0.7812	0.6687	0.6778	0.6328	0.6237	0.6315	0.6351	0.5447	0.4910	0.4947	0.5816	0.6361	0.6087	0.6218	0.5970	0.5965	0.6077	0.5777	0.5142	0.4901	0.5035	0.5454	0.5013	0.4632	0.4748	0.4480	0.4074	0.3769	0.3633	0.2826	0.3023	0.2920	0.2633	0.1972	0.1887
0.0054	0.0164	0.0322	0.0328	0.0357	0.0358	0.0492	0.0533	0.0608	0.0615	0.0704	0.0847	0.0883	0.0800	0.1025	0.1081	0.1296	0.1298	0.1412	0.1346	0.1629	0.1721	0.1668	0.2090	0.2177	0.2170	0.2850	0.3798	0.3808	0.4015	0.4817	0.7736	1.0000	0.8668	0.7811	0.7616	0.7571	0.7425	0.7080	0.6814	0.6901	0.6911	0.6828	0.6458	0.6704	0.6418	0.5675	0.5897	0.5835	0.5492	0.5805	0.5282	0.5056	0.4720	0.4743	0.4900	0.5215	0.4828	0.4346	0.4534	0.4359	0.4144	0.3728	0.2990	0.3806	0.4003	0.3525	0.2580	0.2598
0.0159	0.0200	0.0384	0.0446	0.0469	0.0533	0.0639	0.0684	0.0695	0.0738	0.0965	0.1185	0.1090	0.1046	0.1422	0.1688	0.1860	0.1726	0.1727	0.1919	0.2030	0.2214	0.2312	0.2804	0.2996	0.3093	0.4492	0.6350	0.6201	0.5093	0.5622	0.8118	0.8185	0.7862	0.7119	0.6941	0.7013	0.6844	0.6741	0.6501	0.6658	0.6199	0.6645	0.6487	0.6014	0.6164	0.5814	0.5628	0.5334	0.5302	0.5298	0.5513	0.5349	0.5044	0.4775	0.5072	0.5012	0.4616	0.4252	0.4559	0.4302	0.4079	0.4457	0.3815	0.3854	0.4001	0.3779	0.3415	0.2998
0.0161	0.0307	0.0487	0.0644	0.0812	0.0906	0.1165	0.1134	0.1220	0.1326	0.1664	0.1916	0.1989	0.1823	0.2100	0.2206	0.2329	0.2598	0.2447	0.2846	0.3062	0.2892	0.2970	0.3601	0.4353	0.4209	0.5816	0.7320	0.6593	0.5664	0.5932	0.7426	0.6989	0.6159	0.6108	0.5708	0.6054	0.6267	0.6582	0.6004	0.6174	0.6343	0.6929	0.6533	0.6338	0.5889	0.5733	0.5861	0.5673	0.5592	0.5638	0.5569	0.5392	0.5092	0.5218	0.5234	0.5060	0.4598	0.4725	0.4729	0.4648	0.4472	0.4326	0.3907	0.3938	0.3572	0.3722	0.3661	0.3389
0.0468	0.0680	0.0858	0.1017	0.1067	0.1281	0.1820	0.2454	0.2456	0.2336	0.3056	0.3155	0.3363	0.3209	0.3477	0.3839	0.4168	0.4335	0.4309	0.4976	0.4749	0.4648	0.4292	0.5142	0.6418	0.5479	0.6226	0.7023	0.6179	0.6360	0.6457	0.6278	0.5852	0.5861	0.5812	0.5657	0.5598	0.5826	0.6035	0.6048	0.6155	0.6200	0.6520	0.6214	0.5874	0.5615	0.5723	0.5598	0.5855	0.5780	0.5612	0.5695	0.5406	0.5256	0.4952	0.4774	0.4571	0.4575	0.4843	0.4699	0.4693	0.4564	0.4011	0.3850	0.4226	0.3771	0.3784	0.3833	0.3459
0.0592	0.0908	0.1181	0.1537	0.1842	0.2236	0.2902	0.3334	0.3256	0.3313	0.3980	0.4297	0.4896	0.5087	0.5792	0.6082	0.6470	0.6392	0.6680	0.6785	0.6498	0.6748	0.6089	0.6403	0.6750	0.5924	0.6311	0.5699	0.5574	0.6029	0.5536	0.5417	0.5627	0.5906	0.5874	0.5683	0.5442	0.5454	0.5647	0.6054	0.5792	0.5862	0.6252	0.5880	0.5997	0.5890	0.5591	0.5476	0.5269	0.5670	0.5453	0.5492	0.5296	0.5345	0.4951	0.4798	0.4272	0.4375	0.4312	0.4520	0.4626	0.4385	0.4137	0.4213	0.4236	0.3806	0.3586	0.3748	0.3517
0.0798	0.0976	0.1493	0.1802	0.1894	0.2024	0.2461	0.2689	0.2799	0.3161	0.3445	0.3799	0.4493	0.4978	0.5552	0.5739	0.6420	0.6812	0.6430	0.6373	0.6380	0.6439	0.6382	0.6101	0.6056	0.5580	0.5511	0.5174	0.5143	0.5162	0.5335	0.5395	0.5740	0.5940	0.5734	0.5676	0.5487	0.5493	0.5544	0.5198	0.5322	0.5557	0.5901	0.5674	0.6208	0.5481	0.5232	0.5339	0.5274	0.5177	0.5071	0.5066	0.4850	0.5009	0.5111	0.4815	0.4555	0.4563	0.4418	0.4295	0.4093	0.4073	0.4304	0.4451	0.4172	0.3993	0.3623	0.3899	0.3392
0.0886	0.1199	0.1408	0.1324	0.1541	0.1550	0.1803	0.2000	0.2041	0.2726	0.3117	0.3323	0.4106	0.4529	0.4703	0.5229	0.5812	0.6579	0.5661	0.5093	0.5862	0.5508	0.5155	0.5155	0.4925	0.4610	0.4518	0.4866	0.5065	0.4806	0.5180	0.5338	0.5527	0.5982	0.5705	0.5725	0.5623	0.5416	0.5474	0.5448	0.5440	0.5389	0.5610	0.5736	0.5667	0.5408	0.5562	0.5380	0.5109	0.4934	0.5081	0.5109	0.4629	0.4939	0.4813	0.4615	0.4409	0.4373	0.4406	0.4170	0.4097	0.4012	0.4011	0.3690	0.4045	0.3664	0.3606	0.3792	0.3226
0.0831	0.1081	0.1311	0.1167	0.1289	0.1325	0.1704	0.2259	0.2459	0.2522	0.2995	0.3411	0.3770	0.4527	0.4757	0.4945	0.5730	0.5750	0.5281	0.5355	0.5337	0.5327	0.5164	0.4236	0.4365	0.4704	0.4614	0.4690	0.5119	0.5030	0.4970	0.5221	0.5317	0.5468	0.5771	0.5564	0.5112	0.5407	0.5300	0.5395	0.5636	0.5355	0.5492	0.5544	0.5806	0.5635	0.5317	0.5555	0.4973	0.4681	0.5055	0.4810	0.4564	0.4415	0.4414	0.4641	0.4536	0.4366	0.4097	0.3968	0.4285	0.4148	0.3961	0.3731	0.3710	0.3581	0.3475	0.3292	0.3268
0.0730	0.1053	0.1254	0.1214	0.1393	0.1441	0.1854	0.2174	0.2341	0.2450	0.2813	0.3318	0.3483	0.4136	0.4443	0.4676	0.4979	0.4735	0.4493	0.4758	0.4792	0.4712	0.4806	0.4304	0.4187	0.4249	0.4442	0.4865	0.5036	0.5504	0.4974	0.4904	0.5637	0.5660	0.5344	0.5289	0.5340	0.5575	0.5454	0.5278	0.5502	0.5094	0.5333	0.5368	0.5879	0.5502	0.5159	0.5112	0.4977	0.4945	0.4879	0.4886	0.5085	0.4728	0.4482	0.4667	0.4422	0.4321	0.4062	0.4255	0.4116	0.3659	0.3575	0.3576	0.3519	0.3520	0.3486	0.3111	0.3206
0.1009	0.1323	0.1399	0.1433	0.1529	0.1728	0.2041	0.2354	0.2260	0.2348	0.2813	0.3065	0.3302	0.3765	0.3894	0.4370	0.4508	0.4425	0.4554	0.4264	0.4411	0.4256	0.4308	0.4148	0.4587	0.4231	0.4691	0.4780	0.4796	0.5101	0.5145	0.5102	0.5476	0.5574	0.5660	0.5369	0.5414	0.5471	0.5415	0.5571	0.5434	0.5406	0.5601	0.5461	0.5758	0.5746	0.5284	0.5573	0.4772	0.4875	0.4434	0.4608	0.4932	0.4680	0.4430	0.4677	0.4610	0.4289	0.4094	0.4058	0.3835	0.3562	0.3589	0.3381	0.3204	0.3191	0.3027	0.2907	0.3013
0.1262	0.1241	0.1614	0.1910	0.1803	0.2119	0.2287	0.2495	0.2488	0.2520	0.2827	0.3272	0.3326	0.3338	0.3679	0.3834	0.4020	0.4242	0.4142	0.4471	0.4293	0.4070	0.4220	0.4482	0.4387	0.4468	0.4649	0.4530	0.4773	0.5139	0.5252	0.5318	0.5368	0.5472	0.5657	0.5580	0.5426	0.5466	0.5363	0.5510	0.5409	0.5744	0.5663	0.5065	0.5433	0.5337	0.5098	0.5266	0.5004	0.5033	0.4797	0.4450	0.4618	0.4818	0.4574	0.4449	0.4325	0.4142	0.3895	0.3947	0.3738	0.3468	0.3737	0.3411	0.3273	0.3189	0.2808	0.2730	0.2922
0.1545	0.1614	0.1617	0.1849	0.1997	0.2255	0.2357	0.2337	0.2602	0.2797	0.2919	0.3261	0.3472	0.3493	0.3425	0.3828	0.4104	0.4226	0.4031	0.4031	0.4657	0.4183	0.3942	0.4213	0.4501	0.4844	0.4748	0.4781	0.4707	0.5054	0.5636	0.5423	0.5343	0.5291	0.5234	0.5296	0.5324	0.5309	0.5399	0.5212	0.5439	0.5500	0.5170	0.5183	0.5487	0.5599	0.5433	0.5369	0.5428	0.5029	0.5114	0.4691	0.4622	0.4622	0.4484	0.4432	0.4279	0.4041	0.3929	0.3962	0.3688	0.3555	0.3380	0.3163	0.3294	0.3144	0.3022	0.2881	0.2504
0.1509	0.1940	0.1941	0.2166	0.2067	0.2204	0.2198	0.2413	0.2454	0.2570	0.2873	0.3161	0.3420	0.3485	0.3661	0.3799	0.3771	0.3913	0.4378	0.4308	0.4321	0.4383	0.4239	0.4412	0.4333	0.4359	0.4817	0.4781	0.4698	0.5158	0.5374	0.5465	0.5580	0.5428	0.4899	0.4905	0.5026	0.5247	0.5515	0.5369	0.5645	0.5327	0.5318	0.5147	0.5572	0.5201	0.4653	0.4718	0.4882	0.4747	0.4777	0.4743	0.4470	0.4430	0.4269	0.4326	0.4033	0.4043	0.4092	0.4014	0.3751	0.3604	0.3499	0.3348	0.3200	0.3001	0.2911	0.2810	0.2546
0.1729	0.2057	0.2076	0.2154	0.2191	0.2125	0.2395	0.2704	0.2755	0.2872	0.2963	0.3040	0.3448	0.3622	0.3853	0.3931	0.3928	0.3869	0.3848	0.4155	0.4105	0.4198	0.4257	0.4230	0.4430	0.4549	0.4733	0.4823	0.4920	0.5003	0.5252	0.5398	0.5229	0.5259	0.5090	0.5001	0.4952	0.5193	0.5295	0.5062	0.5270	0.5346	0.5201	0.5053	0.5264	0.4662	0.4653	0.4837	0.4820	0.4564	0.4897	0.4964	0.4814	0.4552	0.4251	0.4224	0.4191	0.3893	0.3880	0.4211	0.3879	0.3809	0.3610	0.3215	0.3130	0.3115	0.2932	0.3093	0.2910
0.2071	0.2164	0.2008	0.2055	0.2230	0.2294	0.2507	0.2707	0.2747	0.2875	0.3004	0.2952	0.3233	0.3671	0.3757	0.3752	0.3901	0.4049	0.4137	0.4218	0.4445	0.4192	0.4242	0.4367	0.4579	0.4501	0.4817	0.5027	0.5336	0.5059	0.5226	0.5213	0.5476	0.5374	0.5039	0.5245	0.5278	0.5356	0.5325	0.5108	0.5216	0.5381	0.5277	0.5073	0.5018	0.4588	0.4811	0.4712	0.4783	0.4869	0.4549	0.4539	0.4451	0.4611	0.4621	0.4172	0.4038	0.3907	0.3747	0.3857	0.3842	0.3483	0.3386	0.3441	0.3221	0.3178	0.3054	0.2660	0.2730
0.1826	0.1855	0.2094	0.2577	0.2467	0.2317	0.2492	0.2608	0.2875	0.2763	0.2903	0.3253	0.3280	0.3557	0.3610	0.3741	0.4259	0.4236	0.4158	0.4205	0.4079	0.4310	0.4323	0.4497	0.4375	0.4410	0.4821	0.5188	0.5262	0.5387	0.5418	0.5545	0.6001	0.5702	0.5242	0.5269	0.5568	0.5490	0.5105	0.5408	0.5401	0.5638	0.5149	0.5043	0.5002	0.4926	0.4976	0.4945	0.4805	0.4773	0.4723	0.4558	0.4441	0.4391	0.4605	0.4407	0.4031	0.3823	0.3725	0.3856	0.3885	0.3616	0.3390	0.3409	0.3297	0.3210	0.3091	0.2902	0.2823
0.1762	0.1967	0.2181	0.2317	0.2492	0.2237	0.2748	0.2592	0.2764	0.2779	0.2902	0.3232	0.3255	0.3403	0.3624	0.3647	0.4174	0.4249	0.4165	0.4328	0.4220	0.4185	0.4269	0.4368	0.4368	0.4547	0.4477	0.4660	0.4990	0.5305	0.5263	0.5600	0.5727	0.5621	0.5669	0.5770	0.5651	0.5259	0.5197	0.5487	0.5004	0.5448	0.5279	0.5412	0.5115	0.4796	0.4852	0.4813	0.4796	0.4940	0.4989	0.5037	0.4912	0.4602	0.4264	0.4228	0.4273	0.4063	0.3876	0.3919	0.3750	0.3787	0.3541	0.3500	0.3344	0.3155	0.2986	0.2819	0.2813
0.1673	0.1797	0.1940	0.2076	0.2380	0.2084	0.2427	0.2719	0.2822	0.3068	0.2904	0.2968	0.3260	0.3252	0.3512	0.4029	0.4329	0.4139	0.4205	0.4225	0.4251	0.4257	0.4161	0.4262	0.4633	0.4724	0.4293	0.4663	0.5172	0.5149	0.5144	0.5702	0.5873	0.5700	0.5864	0.5491	0.5403	0.5645	0.5569	0.5475	0.5113	0.5175	0.5850	0.5472	0.5205	0.5100	0.5025	0.5254	0.5049	0.5120	0.5182	0.4873	0.4869	0.4690	0.4549	0.4349	0.4042	0.4091	0.3833	0.3867	0.3740	0.3670	0.3707	0.3609	0.3299	0.3121	0.3156	0.3032	0.2868
0.1562	0.1929	0.2131	0.2190	0.2455	0.2330	0.2739	0.2620	0.2617	0.2882	0.3054	0.3221	0.3466	0.3511	0.3808	0.3869	0.4555	0.4312	0.4281	0.4356	0.4368	0.4479	0.4344	0.4441	0.4878	0.4398	0.4402	0.4756	0.4800	0.4989	0.5478	0.5596	0.5532	0.5661	0.5804	0.5674	0.5794	0.5629	0.5757	0.5571	0.5511	0.5639	0.5575	0.5440	0.5478	0.5155	0.5234	0.5423	0.5485	0.5149	0.4985	0.4872	0.5123	0.4813	0.4716	0.4432	0.4115	0.4324	0.3874	0.4008	0.3603	0.3674	0.3692	0.3448	0.3419	0.3272	0.3332	0.3046	0.2890
0.1696	0.1833	0.2191	0.2254	0.2434	0.2275	0.2732	0.2971	0.2791	0.2889	0.3030	0.3215	0.3488	0.4058	0.3862	0.4313	0.4574	0.4577	0.4297	0.4685	0.4482	0.4084	0.4324	0.4218	0.4366	0.4473	0.4465	0.4665	0.4851	0.5317	0.5644	0.5406	0.5533	0.5849	0.5710	0.5918	0.5813	0.5613	0.5882	0.5774	0.5600	0.5732	0.5631	0.5597	0.5208	0.5296	0.5650	0.5290	0.5584	0.5615	0.5267	0.5079	0.4958	0.4960	0.4826	0.4524	0.4264	0.4252	0.4141	0.4083	0.3774	0.3873	0.3735	0.3891	0.3571	0.3549	0.3576	0.3451	0.3274
0.1449	0.1605	0.1922	0.2011	0.2229	0.2302	0.2597	0.2929	0.2743	0.2686	0.2914	0.3176	0.3837	0.4467	0.4513	0.4922	0.4895	0.4925	0.4597	0.5020	0.4876	0.4663	0.4335	0.4600	0.4560	0.4434	0.4645	0.4671	0.4922	0.5090	0.4990	0.5254	0.5659	0.5840	0.6132	0.5989	0.5736	0.5659	0.5808	0.5634	0.5732	0.5771	0.5747	0.5473	0.5286	0.5473	0.5211	0.5423	0.5066	0.5866	0.5522	0.5255	0.4842	0.5019	0.4776	0.4640	0.4613	0.4476	0.4371	0.4151	0.4173	0.4067	0.3901	0.4013	0.4051	0.3970	0.3828	0.3547	0.3145
0.1470	0.1586	0.1874	0.2100	0.2230	0.2506	0.2647	0.2922	0.2902	0.3140	0.3481	0.3928	0.4228	0.4597	0.5040	0.5381	0.5075	0.5048	0.5147	0.5294	0.4990	0.4989	0.4744	0.4845	0.5083	0.4590	0.4518	0.4613	0.4834	0.4778	0.5208	0.5103	0.5664	0.6046	0.6046	0.5974	0.5727	0.5717	0.5603	0.5567	0.5761	0.5668	0.5760	0.5645	0.5612	0.5548	0.5541	0.5624	0.5717	0.5797	0.5603	0.5288	0.5277	0.4981	0.4757	0.4604	0.4505	0.4591	0.4248	0.4257	0.4221	0.4008	0.4215	0.4220	0.3961	0.3708	0.3988	0.3721	0.3765
0.1638	0.1795	0.2066	0.2294	0.2396	0.2553	0.2839	0.2755	0.2891	0.3299	0.3481	0.4209	0.4512	0.4705	0.4905	0.5417	0.5758	0.5577	0.5542	0.5737	0.5745	0.5454	0.5467	0.5276	0.4937	0.4796	0.4708	0.4794	0.4961	0.4806	0.5006	0.5382	0.5854	0.6003	0.5788	0.5719	0.5802	0.5540	0.5427	0.5584	0.5821	0.5724	0.5528	0.5798	0.5749	0.5469	0.5675	0.5784	0.5944	0.5807	0.5488	0.5263	0.5176	0.5063	0.4962	0.4781	0.4575	0.4493	0.4325	0.4129	0.4010	0.4160	0.4154	0.3957	0.3841	0.3658	0.3946	0.3860	0.4215
0.1823	0.2141	0.2295	0.2429	0.2624	0.2616	0.2998	0.2957	0.3080	0.3462	0.3728	0.4342	0.4749	0.4706	0.5403	0.5787	0.5990	0.6447	0.6183	0.5802	0.5918	0.5855	0.5827	0.5892	0.5420	0.5734	0.5354	0.5011	0.5293	0.4841	0.5232	0.5429	0.5655	0.5778	0.5941	0.5722	0.5854	0.5510	0.5496	0.5715	0.5766	0.5510	0.5770	0.5927	0.5869	0.5714	0.5861	0.5896	0.5832	0.5655	0.5627	0.5552	0.5244	0.5231	0.4948	0.4762	0.4680	0.4591	0.4464	0.3985	0.4099	0.4334	0.4152	0.4079	0.4077	0.4112	0.4442	0.4071	0.4233
0.1811	0.2637	0.3082	0.3083	0.3128	0.3535	0.3878	0.3942	0.3841	0.4139	0.4458	0.4993	0.5116	0.5628	0.5769	0.6245	0.6737	0.6545	0.6604	0.6638	0.6275	0.6552	0.6507	0.6305	0.6768	0.6605	0.6435	0.5939	0.5700	0.5602	0.5715	0.5509	0.5744	0.5600	0.5850	0.5796	0.5729	0.5795	0.5596	0.5795	0.5633	0.5654	0.5997	0.5973	0.6151	0.5875	0.5832	0.5640	0.5820	0.5738	0.5747	0.5771	0.5304	0.5153	0.4641	0.4788	0.4757	0.4518	0.4459	0.4527	0.4690	0.4576	0.4609	0.4609	0.4518	0.4398	0.4463	0.4427	0.4084
0.1088	0.2182	0.3131	0.3865	0.4468	0.4938	0.5628	0.5527	0.5295	0.5387	0.5373	0.5896	0.5742	0.6091	0.6717	0.6707	0.6874	0.7353	0.7296	0.7505	0.6935	0.6550	0.6434	0.6329	0.6279	0.6256	0.6588	0.6416	0.6715	0.6900	0.6424	0.5949	0.5739	0.5856	0.5527	0.5748	0.5929	0.5438	0.5598	0.5579	0.5447	0.5876	0.6338	0.6380	0.6376	0.6277	0.6299	0.5756	0.5721	0.5756	0.5569	0.5765	0.5766	0.5448	0.5047	0.5138	0.4858	0.4833	0.4810	0.4941	0.5124	0.4930	0.4865	0.4798	0.4825	0.4793	0.4677	0.4511	0.4221
0.0704	0.1015	0.1267	0.2084	0.2894	0.3639	0.4415	0.4602	0.4178	0.4068	0.4607	0.4648	0.4796	0.5093	0.5010	0.4440	0.4583	0.4932	0.5028	0.5131	0.4622	0.3870	0.3629	0.3808	0.3844	0.3729	0.4342	0.4754	0.6442	0.8073	0.7642	0.7241	0.6674	0.6198	0.5806	0.6067	0.5827	0.5667	0.5910	0.5815	0.6128	0.5983	0.6338	0.6125	0.6280	0.6084	0.6014	0.6192	0.5866	0.5639	0.5506	0.5591	0.5635	0.5486	0.5343	0.5419	0.5133	0.5225	0.5082	0.5034	0.5241	0.5098	0.5237	0.4955	0.4862	0.4691	0.3858	0.3291	0.3043
0.0309	0.0341	0.0642	0.0905	0.1031	0.1426	0.1516	0.1741	0.1700	0.1845	0.2009	0.2030	0.2110	0.2094	0.2294	0.2135	0.2137	0.2190	0.2222	0.2484	0.2591	0.2433	0.2501	0.2609	0.2761	0.2916	0.3134	0.3539	0.4613	0.7048	0.8367	0.8120	0.7906	0.7819	0.7324	0.7057	0.6433	0.6648	0.6437	0.6479	0.6710	0.6204	0.6052	0.5961	0.6295	0.6262	0.6396	0.6128	0.5824	0.5760	0.5997	0.5609	0.5442	0.5472	0.5285	0.5472	0.5487	0.5393	0.4986	0.5284	0.5093	0.4801	0.5281	0.4875	0.4518	0.3438	0.2395	0.2010	0.2110
0.0119	0.0221	0.0349	0.0461	0.0512	0.0676	0.0667	0.0745	0.0819	0.0987	0.1112	0.1123	0.1275	0.1216	0.1304	0.1479	0.1615	0.1626	0.1779	0.1808	0.1846	0.2130	0.2126	0.2266	0.2635	0.2703	0.2871	0.3191	0.3947	0.5575	0.7959	0.8580	0.8832	0.8767	0.8023	0.7489	0.7463	0.7642	0.7231	0.6803	0.7178	0.6687	0.6485	0.6182	0.6211	0.6042	0.6374	0.6362	0.6101	0.5811	0.5659	0.5617	0.5616	0.5654	0.5600	0.5876	0.5636	0.5874	0.5400	0.5234	0.4978	0.4966	0.4770	0.3799	0.2640	0.2423	0.2159	0.2009	0.2038
0.0000	0.0155	0.0304	0.0410	0.0454	0.0459	0.0477	0.0661	0.0765	0.0743	0.0730	0.0801	0.0824	0.0871	0.1065	0.1172	0.1320	0.1332	0.1449	0.1533	0.1659	0.1598	0.1810	0.2054	0.2047	0.2188	0.2431	0.2693	0.3203	0.4035	0.5316	0.7791	0.9438	0.9149	0.8567	0.8112	0.8183	0.8137	0.7956	0.7043	0.6911	0.6844	0.6606	0.6300	0.6217	0.6370	0.6097	0.6238	0.6017	0.6000	0.5787	0.5830	0.5492	0.5625	0.5921	0.6224	0.6517	0.6035	0.5155	0.5232	0.5037	0.4789	0.3906	0.2448	0.2082	0.2121	0.2056	0.1985	0.1908
0.0064	0.0176	0.0326	0.0302	0.0345	0.0405	0.0549	0.0441	0.0500	0.0570	0.0632	0.0576	0.0576	0.0606	0.0768	0.0860	0.0897	0.0875	0.0968	0.1064	0.1159	0.1148	0.1341	0.1535	0.1646	0.1705	0.1957	0.2085	0.2614	0.2948	0.3430	0.5178	0.7625	0.8340	0.9104	0.8215	0.7407	0.7217	0.7851	0.7909	0.7136	0.7292	0.7183	0.6746	0.6286	0.6235	0.6187	0.6184	0.6161	0.6306	0.6480	0.5881	0.5851	0.6058	0.6454	0.6047	0.5915	0.6024	0.5823	0.5448	0.5258	0.4356	0.2762	0.2105	0.1945	0.1970	0.1792	0.1678	0.1667
0.0074	0.0100	0.0286	0.0244	0.0273	0.0303	0.0520	0.0467	0.0405	0.0424	0.0490	0.0542	0.0599	0.0627	0.0689	0.0685	0.0649	0.0852	0.0821	0.0847	0.0838	0.0815	0.0981	0.1003	0.1088	0.1140	0.1254	0.1397	0.1610	0.1858	0.2218	0.2653	0.3442	0.4833	0.6018	0.5198	0.4311	0.4338	0.6489	0.7649	0.7363	0.7682	0.7378	0.7278	0.6732	0.6293	0.6193	0.6052	0.5867	0.5924	0.6149	0.5760	0.6076	0.5906	0.5677	0.4878	0.4426	0.4347	0.5101	0.5664	0.5316	0.3983	0.2301	0.1823	0.1833	0.1781	0.1620	0.1550	0.1625
0.0101	0.0090	0.0211	0.0236	0.0229	0.0291	0.0466	0.0504	0.0536	0.0500	0.0484	0.0535	0.0526	0.0581	0.0644	0.0737	0.0710	0.0699	0.0745	0.0761	0.0749	0.0814	0.0834	0.0945	0.0873	0.0905	0.0970	0.1083	0.1050	0.1135	0.1404	0.1485	0.1468	0.1874	0.2260	0.2099	0.2204	0.2455	0.3263	0.4686	0.5250	0.5948	0.6766	0.6863	0.7291	0.6638	0.6259	0.6183	0.6194	0.6270	0.6236	0.5919	0.5935	0.5009	0.3302	0.2331	0.2098	0.2062	0.2536	0.3348	0.3134	0.2336	0.1789	0.1660	0.1627	0.1618	0.1561	0.1512	0.1518
0.0063	0.0099	0.0253	0.0330	0.0331	0.0260	0.0265	0.0412	0.0379	0.0420	0.0490	0.0526	0.0541	0.0511	0.0548	0.0680	0.0644	0.0671	0.0629	0.0683	0.0664	0.0731	0.0689	0.0704	0.0795	0.0816	0.0789	0.0933	0.0937	0.0952	0.0957	0.1014	0.1119	0.1170	0.1360	0.1395	0.1394	0.1287	0.1418	0.1731	0.1811	0.2271	0.2895	0.2984	0.4089	0.5114	0.5474	0.5170	0.4550	0.4816	0.5804	0.5636	0.4861	0.3215	0.1807	0.1677	0.1645	0.1548	0.1444	0.1577	0.1666	0.1625	0.1597	0.1491	0.1425	0.1343	0.1434	0.1556	0.1435
0.0077	0.0122	0.0165	0.0191	0.0186	0.0236	0.0264	0.0286	0.0290	0.0342	0.0459	0.0461	0.0560	0.0387	0.0502	0.0519	0.0577	0.0521	0.0583	0.0655	0.0626	0.0606	0.0651	0.0612	0.0662	0.0695	0.0704	0.0691	0.0795	0.0867	0.0899	0.0982	0.1013	0.1001	0.0997	0.0964	0.1050	0.1079	0.1078	0.1039	0.1157	0.1211	0.1206	0.1248	0.1463	0.1793	0.2176	0.2045	0.1680	0.1713	0.2529	0.2663	0.1954	0.1400	0.1286	0.1297	0.1242	0.1225	0.1203	0.1398	0.1362	0.1215	0.1188	0.1213	0.1141	0.1169	0.1239	0.1270	0.1337
0.0000	0.0000	0.0151	0.0155	0.0186	0.0303	0.0263	0.0360	0.0294	0.0283	0.0322	0.0382	0.0476	0.0387	0.0488	0.0530	0.0522	0.0443	0.0620	0.0648	0.0576	0.0576	0.0622	0.0576	0.0693	0.0715	0.0650	0.0647	0.0740	0.0727	0.0758	0.0799	0.0848	0.0826	0.0844	0.0810	0.0847	0.0848	0.0940	0.0907	0.0902	0.0957	0.1057	0.1004	0.1144	0.1055	0.1094	0.1096	0.1031	0.1063	0.1108	0.1170	0.1105	0.1053	0.1045	0.1032	0.0964	0.0919	0.1008	0.1076	0.1051	0.1005	0.0951	0.1012	0.0984	0.1032	0.0977	0.0989	0.0973
0.0013	0.0030	0.0056	0.0038	0.0072	0.0139	0.0340	0.0394	0.0331	0.0242	0.0232	0.0297	0.0303	0.0336	0.0455	0.0413	0.0487	0.0521	0.0545	0.0583	0.0549	0.0498	0.0586	0.0562	0.0609	0.0659	0.0659	0.0672	0.0639	0.0657	0.0635	0.0685	0.0783	0.0763	0.0750	0.0688	0.0810	0.0797	0.0829	0.0902	0.0880	0.0833	0.0911	0.0922	0.0883	0.0850	0.0928	0.0928	0.0858	0.0901	0.0913	0.0905	0.0862	0.0879	0.0895	0.0844	0.0717	0.0663	0.0774	0.0786	0.0861	0.0878	0.0767	0.0782	0.0879	0.0864	0.0848	0.0781	0.0854
0.0000	0.0000	0.0047	0.0140	0.0185	0.0073	0.0132	0.0194	0.0386	0.0256	0.0248	0.0196	0.0358	0.0309	0.0394	0.0392	0.0425	0.0378	0.0514	0.0459	0.0476	0.0601	0.0566	0.0506	0.0506	0.0609	0.0660	0.0604	0.0618	0.0616	0.0607	0.0656	0.0642	0.0735	0.0729	0.0696	0.0757	0.0764	0.0748	0.0841	0.0766	0.0746	0.0789	0.0775	0.0808	0.0762	0.0815	0.0810	0.0845	0.0829	0.0837	0.0775	0.0677	0.0728	0.0704	0.0619	0.0694	0.0712	0.0657	0.0654	0.0677	0.0647	0.0706	0.0683	0.0714	0.0624	0.0615	0.0668	0.0617
0.0000	0.0000	0.0003	0.0102	0.0000	0.0000	0.0032	0.0197	0.0161	0.0140	0.0310	0.0263	0.0204	0.0160	0.0292	0.0275	0.0336	0.0292	0.0424	0.0435	0.0446	0.0518	0.0491	0.0443	0.0502	0.0582	0.0586	0.0510	0.0519	0.0597	0.0651	0.0629	0.0621	0.0698	0.0562	0.0596	0.0618	0.0610	0.0647	0.0739	0.0694	0.0704	0.0705	0.0689	0.0746	0.0689	0.0726	0.0695	0.0726	0.0675	0.0720	0.0691	0.0671	0.0673	0.0644	0.0605	0.0671	0.0601	0.0602	0.0621	0.0542	0.0540	0.0544	0.0509	0.0492	0.0471	0.0482	0.0462	0.0378
0.0000	0.0000	0.0000	0.0000	0.0000	0.0000	0.0000	0.0086	0.0162	0.0039	0.0196	0.0262	0.0198	0.0240	0.0275	0.0309	0.0316	0.0236	0.0248	0.0371	0.0423	0.0315	0.0343	0.0384	0.0397	0.0511	0.0486	0.0497	0.0515	0.0542	0.0511	0.0540	0.0572	0.0576	0.0603	0.0572	0.0554	0.0676	0.0648	0.0608	0.0560	0.0604	0.0609	0.0581	0.0610	0.0634	0.0626	0.0660	0.0664	0.0577	0.0753	0.0687	0.0597	0.0604	0.0642	0.0620	0.0596	0.0561	0.0601	0.0573	0.0584	0.0470	0.0557	0.0519	0.0491	0.0464	0.0430	0.0371	0.0449
0.0000	0.0000	0.0014	0.0004	0.0000	0.0000	0.0042	0.0061	0.0056	0.0047	0.0031	0.0239	0.0254	0.0225	0.0208	0.0310	0.0452	0.0320	0.0276	0.0284	0.0358	0.0301	0.0387	0.0349	0.0372	0.0462	0.0445	0.0500	0.0555	0.0538	0.0530	0.0553	0.0544	0.0586	0.0585	0.0514	0.0564	0.0623	0.0580	0.0580	0.0680	0.0670	0.0610	0.0621	0.0619	0.0651	0.0688	0.0651	0.0596	0.0569	0.0662	0.0579	0.0552	0.0570	0.0579	0.0580	0.0567	0.0489	0.0496	0.0535	0.0488	0.0417	0.0433	0.0468	0.0406	0.0411	0.0334	0.0351	0.0330
0.0000	0.0000	0.0000	0.0038	0.0016	0.0000	0.0047	0.0147	0.0088	0.0127	0.0157	0.0246	0.0285	0.0168	0.0144	0.0183	0.0274	0.0187	0.0223	0.0308	0.0305	0.0422	0.0336	0.0365	0.0404	0.0436	0.0410	0.0390	0.0450	0.0500	0.0428	0.0488	0.0564	0.0532	0.0565	0.0504	0.0458	0.0560	0.0538	0.0595	0.0580	0.0564	0.0588	0.0582	0.0565	0.0556	0.0574	0.0605	0.0582	0.0583	0.0577	0.0537	0.0525	0.0533	0.0498	0.0545	0.0542	0.0448	0.0471	0.0481	0.0415	0.0330	0.0469	0.0462	0.0391	0.0317	0.0245	0.0294	0.0262
0.0000	0.0000	0.0000	0.0000	0.0000	0.0000	0.0000	0.0066	0.0103	0.0005	0.0025	0.0145	0.0123	0.0116	0.0178	0.0181	0.0146	0.0107	0.0159	0.0232	0.0250	0.0301	0.0307	0.0355	0.0377	0.0328	0.0377	0.0375	0.0500	0.0501	0.0421	0.0453	0.0487	0.0503	0.0513	0.0500	0.0501	0.0490	0.0459	0.0517	0.0570	0.0531	0.0565	0.0507	0.0515	0.0549	0.0558	0.0543	0.0507	0.0508	0.0521	0.0464	0.0475	0.0473	0.0424	0.0475	0.0438	0.0379	0.0402	0.0495	0.0448	0.0347	0.0386	0.0312	0.0344	0.0316	0.0240	0.0268	0.0199
0.0000	0.0000	0.0000	0.0033	0.0000	0.0000	0.0000	0.0046	0.0151	0.0044	0.0092	0.0061	0.0122	0.0103	0.0067	0.0132	0.0178	0.0137	0.0152	0.0217	0.0257	0.0314	0.0307	0.0335	0.0359	0.0285	0.0340	0.0403	0.0411	0.0462	0.0459	0.0394	0.0478	0.0556	0.0503	0.0561	0.0550	0.0459	0.0531	0.0555	0.0504	0.0572	0.0520	0.0534	0.0567	0.0580	0.0634	0.0537	0.0479	0.0561	0.0582	0.0504	0.0454	0.0428	0.0512	0.0474	0.0379	0.0383	0.0420	0.0421	0.0371	0.0325	0.0359	0.0321	0.0280	0.0272	0.0266	0.0268	0.0227
