0.0000	0.0000	0.0044	0.0000	0.0000	0.0000	0.0022	0.0157	0.0132	0.0068	0.0033	0.0193	0.0162	0.0352	0.0307	0.0315	0.0275	0.0306	0.0214	0.0225	0.0403	0.0347	0.0344	0.0435	0.0661	0.0503	0.0431	0.0413	0.0472	0.0604	0.0575	0.0541	0.0642	0.0643	0.0597	0.0611	0.0669	0.0512	0.0528	0.0495	0.0628	0.0510	0.0531	0.0576	0.0543	0.0644	0.0562	0.0569	0.0456	0.0473	0.0601	0.0411	0.0324	0.0430	0.0588	0.0510	0.0376	0.0520	0.0467	0.0326	0.0529	0.0397	0.0456	0.0406	0.0310	0.0186	0.0140	0.0342	0.0304
0.0000	0.0000	0.0105	0.0000	0.0000	0.0000	0.0207	0.0298	0.0073	0.0052	0.0194	0.0314	0.0327	0.0271	0.0388	0.0370	0.0463	0.0525	0.0270	0.0299	0.0558	0.0537	0.0408	0.0633	0.0768	0.0592	0.0560	0.0657	0.0736	0.0600	0.0673	0.0578	0.0697	0.0689	0.0652	0.0670	0.0748	0.0780	0.0738	0.0591	0.0586	0.0727	0.0743	0.0673	0.0551	0.0578	0.0721	0.0765	0.0605	0.0571	0.0714	0.0546	0.0404	0.0357	0.0552	0.0577	0.0507	0.0478	0.0420	0.0621	0.0498	0.0374	0.0455	0.0419	0.0407	0.0303	0.0252	0.0271	0.0278
0.0000	0.0000	0.0071	0.0046	0.0058	0.0000	0.0117	0.0165	0.0150	0.0108	0.0317	0.0269	0.0318	0.0424	0.0435	0.0319	0.0358	0.0507	0.0532	0.0426	0.0627	0.0725	0.0634	0.0903	0.0811	0.0570	0.0717	0.0565	0.0752	0.0687	0.0629	0.0575	0.0622	0.0809	0.0760	0.0665	0.0781	0.0729	0.0722	0.0650	0.0630	0.0736	0.0756	0.0710	0.0694	0.0782	0.0779	0.0670	0.0530	0.0508	0.0733	0.0667	0.0603	0.0620	0.0489	0.0534	0.0519	0.0597	0.0489	0.0453	0.0509	0.0543	0.0547	0.0519	0.0412	0.0448	0.0502	0.0420	0.0465
0.0000	0.0000	0.0076	0.0098	0.0134	0.0003	0.0139	0.0221	0.0284	0.0201	0.0215	0.0188	0.0354	0.0380	0.0371	0.0366	0.0441	0.0518	0.0525	0.0457	0.0619	0.0779	0.0634	0.0704	0.0658	0.0705	0.0675	0.0655	0.0719	0.0694	0.0540	0.0516	0.0612	0.0704	0.0795	0.0738	0.0701	0.0642	0.0888	0.1021	0.0781	0.0736	0.0755	0.0846	0.0700	0.0802	0.0802	0.0584	0.0527	0.0400	0.0703	0.0739	0.0570	0.0484	0.0666	0.0680	0.0460	0.0665	0.0616	0.0495	0.0585	0.0640	0.0677	0.0616	0.0580	0.0518	0.0569	0.0647	0.0628
0.0000	0.0000	0.0000	0.0026	0.0163	0.0026	0.0160	0.0149	0.0257	0.0182	0.0296	0.0262	0.0376	0.0297	0.0324	0.0421	0.0503	0.0338	0.0417	0.0646	0.0631	0.0783	0.0568	0.0694	0.0740	0.0709	0.0751	0.0770	0.0731	0.0703	0.0765	0.0747	0.0778	0.0806	0.0957	0.0715	0.0732	0.0756	0.0772	0.0687	0.0629	0.0686	0.0735	0.0944	0.0797	0.0868	0.0836	0.0781	0.0615	0.0684	0.0628	0.0652	0.0532	0.0526	0.0629	0.0631	0.0568	0.0639	0.0611	0.0596	0.0691	0.0667	0.0675	0.0697	0.0638	0.0672	0.0661	0.0791	0.0668
0.0000	0.0000	0.0159	0.0241	0.0185	0.0094	0.0166	0.0258	0.0181	0.0224	0.0417	0.0429	0.0607	0.0568	0.0317	0.0551	0.0499	0.0361	0.0538	0.0663	0.0731	0.0684	0.0599	0.0684	0.0844	0.0771	0.0635	0.0553	0.0823	0.0773	0.0772	0.0703	0.0842	0.1032	0.0938	0.0817	0.1021	0.0840	0.0757	0.0728	0.0826	0.0834	0.0889	0.0808	0.0755	0.0730	0.0791	0.0786	0.0737	0.0851	0.0701	0.0628	0.0697	0.0709	0.0685	0.0730	0.0742	0.0542	0.0614	0.0759	0.0793	0.0857	0.0768	0.0871	0.0813	0.0847	0.0734	0.0904	0.0805
0.0000	0.0000	0.0000	0.0297	0.0157	0.0261	0.0202	0.0300	0.0217	0.0312	0.0706	0.0456	0.0500	0.0368	0.0345	0.0528	0.0541	0.0574	0.0596	0.0620	0.0674	0.0710	0.0718	0.0676	0.0927	0.0984	0.0766	0.0842	0.0940	0.0804	0.0709	0.0808	0.0870	0.1124	0.1049	0.0829	0.0863	0.1003	0.0941	0.0680	0.0730	0.0894	0.1010	0.0838	0.0731	0.0783	0.0780	0.0846	0.0813	0.0778	0.0795	0.0827	0.0736	0.0798	0.0858	0.0932	0.0830	0.0753	0.0789	0.0945	0.0824	0.0952	0.1003	0.1094	0.1227	0.0867	0.0830	0.0946	0.1028
0.0000	0.0156	0.0256	0.0131	0.0211	0.0142	0.0188	0.0313	0.0279	0.0405	0.0496	0.0526	0.0611	0.0697	0.0471	0.0580	0.0591	0.0710	0.0716	0.0819	0.0798	0.0659	0.0822	0.0849	0.1043	0.1029	0.0697	0.0718	0.0819	0.0824	0.0905	0.0809	0.0987	0.0947	0.0990	0.0761	0.0992	0.1006	0.1114	0.0862	0.0784	0.0903	0.1039	0.0865	0.1013	0.1021	0.0948	0.0964	0.0955	0.0894	0.0884	0.0903	0.0686	0.0719	0.0894	0.0967	0.1022	0.0917	0.1052	0.1067	0.0995	0.1084	0.1071	0.1260	0.1382	0.1187	0.1273	0.1321	0.1192
0.0103	0.0186	0.0250	0.0238	0.0272	0.0335	0.0484	0.0332	0.0464	0.0515	0.0564	0.0545	0.0545	0.0878	0.0748	0.0678	0.0462	0.0707	0.0799	0.0896	0.0907	0.0866	0.0917	0.0798	0.1015	0.0964	0.0971	0.0948	0.0935	0.1042	0.1010	0.0869	0.0991	0.0973	0.0992	0.1069	0.1004	0.1054	0.1001	0.1020	0.0978	0.1102	0.1216	0.1070	0.1111	0.1203	0.1121	0.1167	0.1138	0.1222	0.1112	0.1004	0.0996	0.1030	0.1062	0.1130	0.1118	0.1101	0.1336	0.1281	0.1322	0.1249	0.1453	0.1451	0.1573	0.1472	0.1570	0.1558	0.1413
0.0027	0.0099	0.0265	0.0322	0.0308	0.0323	0.0509	0.0532	0.0557	0.0515	0.0501	0.0612	0.0624	0.0798	0.0773	0.0783	0.0765	0.0751	0.0806	0.0811	0.0843	0.0997	0.0998	0.0907	0.1024	0.1148	0.1146	0.0997	0.0945	0.1274	0.1104	0.0941	0.0940	0.1233	0.1242	0.1251	0.1072	0.1141	0.1137	0.1058	0.1108	0.1275	0.1282	0.1261	0.1179	0.1367	0.1457	0.1345	0.1142	0.1337	0.1186	0.1261	0.1140	0.1125	0.1273	0.1276	0.1548	0.1523	0.1629	0.1538	0.1714	0.1795	0.1581	0.1926	0.1747	0.1527	0.1691	0.1985	0.1820
0.0131	0.0128	0.0191	0.0268	0.0240	0.0276	0.0292	0.0535	0.0504	0.0594	0.0636	0.0578	0.0664	0.0683	0.0710	0.0791	0.0974	0.0877	0.0967	0.0931	0.0896	0.1043	0.1183	0.1059	0.1149	0.1399	0.1255	0.1153	0.1190	0.1146	0.1172	0.1171	0.1089	0.1314	0.1346	0.1243	0.1224	0.1422	0.1431	0.1221	0.1492	0.1447	0.1422	0.1229	0.1306	0.1630	0.1571	0.1639	0.1502	0.1556	0.1426	0.1637	0.1429	0.1303	0.1282	0.1380	0.1811	0.1853	0.1970	0.2399	0.2981	0.2698	0.2155	0.2105	0.2157	0.2157	0.2328	0.2866	0.2629
0.0188	0.0227	0.0288	0.0324	0.0307	0.0502	0.0393	0.0476	0.0679	0.0607	0.0736	0.0810	0.0782	0.0666	0.0717	0.0853	0.0876	0.1037	0.1069	0.1066	0.1135	0.1312	0.1304	0.1173	0.1536	0.1700	0.1531	0.1416	0.1407	0.1520	0.1531	0.1628	0.1460	0.1335	0.1400	0.1493	0.1598	0.1713	0.1743	0.1646	0.1688	0.1652	0.1621	0.1478	0.1797	0.1886	0.1986	0.1932	0.1714	0.1669	0.1656	0.1596	0.1736	0.1683	0.1609	0.1871	0.2293	0.2666	0.3643	0.4520	0.4625	0.4081	0.3217	0.2845	0.3281	0.3105	0.3099	0.3055	0.2810
0.0200	0.0199	0.0428	0.0460	0.0504	0.0399	0.0522	0.0592	0.0880	0.0636	0.0952	0.0772	0.0825	0.0853	0.0866	0.0882	0.1111	0.1272	0.1214	0.1312	0.1325	0.1583	0.1933	0.1719	0.1967	0.2382	0.2483	0.2100	0.2439	0.2038	0.1980	0.2198	0.1914	0.1802	0.1980	0.1915	0.1986	0.1883	0.1743	0.2134	0.2017	0.1845	0.2077	0.2083	0.1999	0.1974	0.2203	0.2213	0.2260	0.2059	0.1964	0.1879	0.2104	0.2029	0.2097	0.2374	0.2916	0.3799	0.5284	0.5033	0.4457	0.4478	0.4382	0.3390	0.4003	0.3569	0.3324	0.2769	0.2759
0.0193	0.0391	0.0570	0.0542	0.0535	0.0426	0.0569	0.0959	0.0682	0.0704	0.0895	0.0962	0.1070	0.0966	0.1031	0.1157	0.1414	0.1821	0.1850	0.1921	0.2473	0.2853	0.3928	0.4560	0.5281	0.5648	0.5755	0.5522	0.4969	0.4507	0.3796	0.3070	0.3149	0.3280	0.3633	0.4033	0.4306	0.3264	0.2468	0.2502	0.2344	0.2303	0.2741	0.3036	0.3556	0.3903	0.4146	0.3340	0.2908	0.2631	0.2548	0.2096	0.2059	0.2064	0.2489	0.2778	0.3555	0.5366	0.5621	0.5087	0.4912	0.4682	0.4490	0.3670	0.3952	0.3204	0.3067	0.2441	0.2301
0.0227	0.0367	0.0563	0.0642	0.0640	0.0822	0.0683	0.0815	0.0791	0.1003	0.1095	0.1118	0.1222	0.1389	0.1953	0.1919	0.2220	0.2471	0.2816	0.3577	0.5225	0.6053	0.6792	0.7471	0.6985	0.6809	0.6799	0.6710	0.6327	0.6687	0.6781	0.6542	0.6459	0.6720	0.6716	0.6902	0.7254	0.6299	0.5748	0.5130	0.3837	0.3589	0.3571	0.4538	0.6850	0.6579	0.6469	0.6226	0.5924	0.4987	0.3234	0.2339	0.2402	0.2087	0.2550	0.3051	0.4338	0.6218	0.5202	0.4839	0.4649	0.4474	0.4420	0.3991	0.3825	0.2920	0.2664	0.2298	0.2167
0.0301	0.0438	0.0500	0.0653	0.0759	0.0818	0.0796	0.1163	0.1357	0.1397	0.1750	0.2006	0.2165	0.3286	0.3907	0.3781	0.4865	0.5273	0.5591	0.6146	0.7117	0.7313	0.6567	0.6953	0.6609	0.6246	0.6190	0.6103	0.6403	0.6809	0.7088	0.7635	0.7571	0.7643	0.6903	0.7011	0.7162	0.7099	0.6996	0.6882	0.6484	0.6238	0.5802	0.6218	0.7217	0.7725	0.7089	0.6859	0.6563	0.5664	0.3607	0.2757	0.2682	0.2302	0.2554	0.3391	0.4448	0.6068	0.5764	0.5313	0.4665	0.4335	0.4769	0.4085	0.2937	0.2829	0.2804	0.2326	0.2294
0.0352	0.0604	0.0642	0.0683	0.0969	0.1114	0.1382	0.1765	0.1894	0.2299	0.3147	0.3416	0.4564	0.6514	0.7603	0.7323	0.6627	0.7551	0.7307	0.6753	0.6538	0.6778	0.6237	0.6051	0.6007	0.5627	0.6247	0.6066	0.6240	0.6408	0.7030	0.7039	0.6652	0.6608	0.7197	0.6745	0.6421	0.6840	0.6772	0.6619	0.6806	0.6380	0.7008	0.7074	0.6906	0.6701	0.6626	0.6721	0.6026	0.5309	0.3569	0.2974	0.2675	0.2668	0.2647	0.3463	0.3986	0.4638	0.5470	0.5034	0.4853	0.4486	0.4430	0.3803	0.3082	0.2491	0.2405	0.2250	0.2015
0.0413	0.0976	0.0933	0.1110	0.1334	0.1674	0.2158	0.3481	0.3987	0.4369	0.5558	0.6049	0.6422	0.6734	0.7046	0.7019	0.6635	0.6786	0.6243	0.6071	0.6030	0.5927	0.5348	0.5451	0.5127	0.5309	0.5778	0.5489	0.5574	0.6139	0.6615	0.6760	0.6576	0.6494	0.6644	0.6695	0.6347	0.6119	0.6043	0.5963	0.6077	0.5832	0.6244	0.6063	0.6043	0.5814	0.6221	0.6163	0.6440	0.5911	0.4961	0.3699	0.2876	0.2954	0.2774	0.3210	0.3725	0.3891	0.4987	0.4997	0.4768	0.4331	0.3816	0.3574	0.2805	0.2311	0.2250	0.2083	0.1999
0.0693	0.1170	0.1550	0.2243	0.2669	0.3312	0.3964	0.5049	0.5431	0.5565	0.5689	0.5884	0.6432	0.5987	0.5827	0.6173	0.5642	0.5731	0.5739	0.5595	0.5464	0.5213	0.5274	0.4937	0.4863	0.4996	0.5264	0.4956	0.5047	0.6110	0.6166	0.6306	0.6830	0.6620	0.6565	0.6225	0.5965	0.5471	0.5522	0.5829	0.5907	0.5423	0.5617	0.5664	0.5978	0.5809	0.5581	0.5693	0.6035	0.6431	0.6279	0.4761	0.3243	0.3131	0.2908	0.3229	0.4204	0.5119	0.4945	0.4593	0.4969	0.4243	0.4031	0.3431	0.2728	0.2259	0.2365	0.2193	0.2298
0.1774	0.2029	0.2320	0.2945	0.2967	0.2996	0.3392	0.3954	0.3954	0.4524	0.5041	0.4801	0.5151	0.4853	0.5029	0.5037	0.5242	0.5947	0.5617	0.5228	0.5261	0.5093	0.5013	0.5095	0.4834	0.4501	0.5030	0.4875	0.5416	0.5791	0.5737	0.6010	0.6240	0.6576	0.6589	0.5986	0.5501	0.5784	0.5207	0.5304	0.5725	0.5318	0.5550	0.5345	0.5720	0.5341	0.5610	0.5677	0.5720	0.5706	0.5847	0.5530	0.4044	0.3230	0.3116	0.3625	0.4989	0.5447	0.4692	0.4317	0.4350	0.4281	0.3995	0.3436	0.2994	0.2699	0.2716	0.2522	0.2280
0.2293	0.2722	0.2468	0.2211	0.2072	0.1905	0.2654	0.3144	0.3127	0.3707	0.4036	0.4303	0.4629	0.4225	0.4360	0.4490	0.5359	0.5781	0.5272	0.5300	0.5398	0.5238	0.5211	0.5142	0.4693	0.4935	0.5081	0.5508	0.5538	0.5391	0.5865	0.6167	0.6301	0.6466	0.6383	0.6098	0.5637	0.5672	0.5559	0.5592	0.5394	0.5135	0.5470	0.5446	0.5270	0.5324	0.5652	0.5568	0.5504	0.5427	0.5546	0.5596	0.4522	0.4121	0.3509	0.3487	0.5091	0.5554	0.4896	0.4394	0.4118	0.4221	0.3742	0.3352	0.2978	0.2669	0.2661	0.2404	0.2193
0.2392	0.2883	0.2606	0.2340	0.2195	0.2124	0.2409	0.3143	0.3026	0.3311	0.3715	0.4069	0.4332	0.5369	0.4631	0.4931	0.5942	0.5695	0.5447	0.5491	0.5462	0.5121	0.5388	0.5058	0.4829	0.5117	0.5386	0.5155	0.5264	0.5498	0.5687	0.6213	0.6063	0.6147	0.5865	0.5684	0.5097	0.5401	0.5315	0.5672	0.5700	0.5329	0.5248	0.5398	0.5449	0.5493	0.5425	0.5318	0.5165	0.5393	0.5947	0.5766	0.5595	0.5442	0.3755	0.3925	0.5587	0.5794	0.5171	0.4011	0.4206	0.4015	0.3557	0.3051	0.2885	0.2684	0.2438	0.2445	0.2541
0.2321	0.2401	0.2551	0.2710	0.2857	0.2694	0.3006	0.3096	0.3088	0.3199	0.3918	0.4177	0.4415	0.4425	0.4845	0.4910	0.5251	0.5677	0.5292	0.4935	0.5244	0.5307	0.5461	0.5238	0.5250	0.5052	0.5200	0.5274	0.5433	0.5825	0.5373	0.5757	0.5946	0.5819	0.5462	0.5353	0.5531	0.5602	0.5513	0.5238	0.5564	0.5378	0.5204	0.5343	0.5511	0.5676	0.5672	0.5868	0.5412	0.5386	0.5786	0.5935	0.6061	0.5344	0.4034	0.4565	0.5917	0.5286	0.4542	0.4119	0.4054	0.3725	0.3469	0.3225	0.3216	0.2898	0.2544	0.2384	0.2749
0.2057	0.2647	0.2571	0.2721	0.2974	0.2969	0.3264	0.3463	0.3335	0.3505	0.3753	0.3952	0.4363	0.4246	0.4723	0.4944	0.5234	0.5770	0.5789	0.5348	0.5095	0.5545	0.5031	0.5208	0.5334	0.4936	0.5409	0.5367	0.5457	0.5420	0.5658	0.5780	0.5819	0.5635	0.5539	0.5587	0.5397	0.5621	0.5671	0.5463	0.5254	0.5403	0.5845	0.5626	0.5354	0.5568	0.5914	0.5837	0.5608	0.5535	0.5515	0.5788	0.6604	0.6031	0.5321	0.5443	0.5569	0.4881	0.4338	0.3983	0.3724	0.3787	0.3684	0.3346	0.2966	0.2934	0.2504	0.2605	0.2495
0.2148	0.2626	0.2717	0.2954	0.3134	0.3154	0.3281	0.3560	0.3840	0.3742	0.3967	0.4477	0.4600	0.4086	0.4716	0.4796	0.4920	0.5570	0.5553	0.5640	0.5244	0.5042	0.5492	0.5595	0.5121	0.5146	0.5263	0.5577	0.5782	0.5197	0.5606	0.5645	0.5605	0.5540	0.5569	0.5529	0.5681	0.5113	0.5402	0.5496	0.5501	0.5911	0.5855	0.5309	0.5527	0.5686	0.5829	0.5934	0.5920	0.5758	0.5810	0.5635	0.6463	0.6608	0.6237	0.5865	0.5331	0.4778	0.4265	0.4325	0.4030	0.4013	0.3761	0.3484	0.3205	0.2969	0.2658	0.2755	0.2323
0.2454	0.2742	0.3011	0.2944	0.3085	0.3264	0.3505	0.3388	0.3568	0.4001	0.4209	0.4116	0.4524	0.4565	0.4739	0.4650	0.5195	0.5322	0.4915	0.5224	0.5337	0.5030	0.4742	0.5201	0.5127	0.5034	0.5337	0.5384	0.5779	0.5550	0.5943	0.5540	0.5561	0.5625	0.5846	0.5624	0.5786	0.5663	0.5858	0.5680	0.5456	0.5410	0.5322	0.5554	0.5651	0.5787	0.5950	0.6272	0.5997	0.5677	0.5994	0.5773	0.5730	0.5910	0.5720	0.5636	0.5143	0.5051	0.4874	0.4236	0.4355	0.3950	0.3731	0.3504	0.3279	0.3209	0.2964	0.2768	0.2358
0.2566	0.2624	0.3053	0.3383	0.3202	0.3261	0.3400	0.3696	0.3357	0.3812	0.4091	0.4280	0.4399	0.4622	0.4780	0.4888	0.4853	0.5081	0.5204	0.5404	0.5167	0.5137	0.5034	0.5590	0.5039	0.5007	0.5297	0.5258	0.5270	0.5621	0.5865	0.5898	0.6032	0.6230	0.5756	0.5434	0.5838	0.5869	0.5831	0.5521	0.5907	0.5275	0.5412	0.5599	0.5389	0.5412	0.5258	0.5480	0.5624	0.5529	0.5513	0.5528	0.5548	0.5563	0.5265	0.5175	0.4874	0.4776	0.4440	0.4466	0.4331	0.4100	0.3771	0.3381	0.3309	0.3153	0.2890	0.3022	0.2835
0.2331	0.3009	0.2972	0.2866	0.2887	0.3150	0.3597	0.3586	0.3320	0.3791	0.4150	0.4412	0.4438	0.4617	0.4925	0.4946	0.5060	0.5062	0.4974	0.5272	0.4931	0.5071	0.5194	0.5397	0.5108	0.5400	0.5372	0.5266	0.5481	0.5341	0.5438	0.6068	0.5974	0.5938	0.5798	0.5516	0.5597	0.5803	0.5966	0.5862	0.5763	0.5720	0.5356	0.5169	0.5463	0.5124	0.5061	0.5250	0.5206	0.4865	0.5204	0.5237	0.5414	0.5213	0.4791	0.4793	0.4919	0.4788	0.4210	0.4341	0.4215	0.4190	0.4003	0.3440	0.3341	0.3117	0.3140	0.3130	0.3072
0.2402	0.2800	0.2859	0.2756	0.2628	0.3066	0.3684	0.3449	0.3604	0.3629	0.3912	0.4380	0.4241	0.4664	0.4740	0.4691	0.4764	0.5208	0.5811	0.5315	0.5509	0.5103	0.5214	0.5170	0.5007	0.5226	0.5276	0.5296	0.5712	0.5378	0.5494	0.6067	0.5888	0.5643	0.5680	0.5887	0.5901	0.6046	0.5999	0.5908	0.5875	0.5995	0.5748	0.5536	0.5262	0.5120	0.5267	0.5272	0.4984	0.4772	0.4851	0.4757	0.4766	0.4670	0.4883	0.4811	0.4574	0.4589	0.4097	0.4182	0.4128	0.3946	0.3925	0.3454	0.3448	0.3396	0.3155	0.3029	0.2863
0.2329	0.2627	0.2827	0.3204	0.3122	0.3030	0.3503	0.3588	0.3875	0.3807	0.3725	0.4673	0.4614	0.4466	0.4569	0.4891	0.5301	0.5451	0.5545	0.5553	0.5113	0.4973	0.5188	0.5142	0.4737	0.4927	0.5366	0.5748	0.5986	0.5895	0.5759	0.6036	0.6474	0.6127	0.6009	0.5918	0.6431	0.6176	0.6165	0.5973	0.6039	0.6015	0.5576	0.5392	0.5592	0.5288	0.5417	0.5337	0.5425	0.5486	0.5275	0.5265	0.4934	0.4759	0.5128	0.5126	0.4564	0.4176	0.4012	0.4079	0.4109	0.3950	0.3565	0.3365	0.3352	0.3235	0.3180	0.3112	0.2865
0.2275	0.2380	0.2894	0.2743	0.3059	0.3275	0.3506	0.4017	0.4233	0.4255	0.4338	0.4308	0.3948	0.4185	0.4733	0.5068	0.5369	0.5286	0.5458	0.5281	0.5300	0.5522	0.5309	0.5464	0.5415	0.5314	0.5108	0.5606	0.5934	0.5720	0.5993	0.6613	0.6424	0.6508	0.6321	0.6290	0.6841	0.6229	0.5938	0.6263	0.5953	0.6161	0.6019	0.6011	0.5783	0.5590	0.5892	0.6040	0.6235	0.6300	0.6228	0.6299	0.6226	0.5325	0.5132	0.5115	0.4760	0.4551	0.4238	0.4160	0.3981	0.3923	0.3640	0.3335	0.3136	0.3089	0.2772	0.2982	0.2708
0.2236	0.2537	0.2961	0.2931	0.3324	0.3523	0.3382	0.3980	0.4163	0.4035	0.4170	0.4096	0.4044	0.4371	0.4664	0.4980	0.5551	0.5507	0.5316	0.4951	0.5406	0.5506	0.5495	0.5576	0.5461	0.5591	0.5430	0.5893	0.6174	0.6144	0.6363	0.6970	0.6793	0.6393	0.6771	0.6397	0.6566	0.6275	0.6065	0.6317	0.6245	0.6113	0.6465	0.6043	0.6158	0.5991	0.5942	0.6818	0.6718	0.7562	0.7611	0.7279	0.7251	0.7030	0.6337	0.5908	0.5353	0.4848	0.4195	0.4031	0.3962	0.3908	0.4064	0.3405	0.3221	0.3442	0.3075	0.2927	0.2611
0.2539	0.2586	0.2712	0.2746	0.3283	0.3464	0.3771	0.4235	0.4283	0.4284	0.4013	0.4577	0.4548	0.4761	0.4789	0.4896	0.5493	0.5670	0.5662	0.5507	0.5648	0.5664	0.5825	0.5763	0.5685	0.5495	0.5662	0.5894	0.6159	0.6349	0.6796	0.6943	0.6707	0.6874	0.6933	0.6490	0.6988	0.6580	0.6366	0.6238	0.6642	0.6480	0.6582	0.6434	0.6800	0.6169	0.6524	0.6826	0.7375	0.7526	0.7692	0.7959	0.8251	0.7857	0.7448	0.6891	0.6329	0.5457	0.4560	0.4389	0.3936	0.3987	0.3874	0.3474	0.3334	0.3121	0.3065	0.2677	0.2631
0.2412	0.2804	0.2963	0.2827	0.3276	0.3329	0.3686	0.4187	0.4240	0.3998	0.3880	0.3932	0.4340	0.4577	0.4614	0.5116	0.5152	0.5440	0.5658	0.6034	0.5931	0.5735	0.5664	0.5714	0.5677	0.5734	0.5718	0.5598	0.6149	0.6079	0.6745	0.6871	0.7181	0.7354	0.7058	0.6988	0.6555	0.6411	0.6904	0.6581	0.6558	0.6578	0.6344	0.6347	0.6071	0.6327	0.6822	0.6672	0.7213	0.7557	0.7474	0.7539	0.7933	0.7381	0.7633	0.7105	0.6700	0.6236	0.5672	0.5149	0.4558	0.4122	0.3974	0.3801	0.3318	0.3216	0.3069	0.3033	0.3035
0.2214	0.2584	0.2944	0.3176	0.3191	0.2895	0.3443	0.4215	0.4109	0.3751	0.3896	0.4317	0.4716	0.4797	0.4664	0.4799	0.5374	0.5301	0.5725	0.6327	0.5973	0.5761	0.5406	0.5972	0.5903	0.5633	0.5686	0.5461	0.5579	0.5777	0.6223	0.6775	0.6790	0.7618	0.7702	0.7058	0.6826	0.6527	0.7157	0.6382	0.6516	0.6521	0.6766	0.6498	0.6220	0.6301	0.6333	0.6779	0.6326	0.7153	0.7189	0.7092	0.7029	0.7353	0.7082	0.7084	0.6956	0.6762	0.6563	0.6403	0.5519	0.4267	0.3789	0.3748	0.3635	0.3232	0.3190	0.3189	0.2743
0.2198	0.2471	0.3494	0.3475	0.3377	0.3589	0.3805	0.4156	0.3744	0.3686	0.4068	0.4973	0.4914	0.5022	0.5003	0.4958	0.5446	0.5529	0.5634	0.6144	0.5804	0.5789	0.5556	0.5842	0.5917	0.5822	0.5477	0.5725	0.5907	0.5730	0.6248	0.6651	0.7101	0.7611	0.7391	0.7068	0.6868	0.6310	0.6309	0.6422	0.6541	0.6330	0.6760	0.6641	0.6359	0.6622	0.6859	0.6817	0.6915	0.7124	0.7204	0.7048	0.6838	0.7113	0.7125	0.7024	0.7107	0.6995	0.6663	0.6516	0.6459	0.5310	0.4475	0.4005	0.3651	0.3296	0.3325	0.3156	0.3038
0.2424	0.2589	0.3293	0.3521	0.4038	0.3855	0.3992	0.4155	0.4026	0.4116	0.4178	0.4483	0.4659	0.4976	0.4769	0.4916	0.5145	0.5781	0.5753	0.5869	0.5958	0.5775	0.5560	0.5864	0.5637	0.5694	0.5615	0.5860	0.6294	0.6138	0.6352	0.6977	0.7114	0.7331	0.7354	0.7091	0.7079	0.7069	0.6477	0.6273	0.6455	0.6430	0.6463	0.6822	0.6843	0.6596	0.6840	0.6852	0.7490	0.7384	0.7138	0.6976	0.7359	0.7527	0.7305	0.7575	0.7407	0.7198	0.6914	0.6642	0.5793	0.6148	0.5402	0.4233	0.3837	0.3626	0.3788	0.3396	0.3266
0.2467	0.2723	0.3453	0.4071	0.4411	0.4807	0.4908	0.4677	0.4864	0.4934	0.4487	0.4640	0.4513	0.4593	0.4843	0.4670	0.5492	0.6076	0.6142	0.6157	0.5997	0.6130	0.6044	0.5914	0.5795	0.5930	0.5777	0.6052	0.6365	0.6092	0.6901	0.7131	0.7325	0.7565	0.7658	0.7226	0.7349	0.7709	0.7329	0.6998	0.7096	0.6580	0.6908	0.7101	0.7257	0.7172	0.7103	0.7322	0.7482	0.7622	0.7678	0.7734	0.7202	0.5938	0.6969	0.7856	0.7789	0.7186	0.7262	0.6478	0.5835	0.6212	0.5423	0.4766	0.4743	0.4019	0.4002	0.3624	0.3690
0.2323	0.3543	0.4150	0.5208	0.5670	0.6032	0.6101	0.6412	0.6380	0.6385	0.6244	0.5672	0.5452	0.5235	0.5158	0.5386	0.5888	0.5932	0.5787	0.5697	0.5714	0.6121	0.5864	0.5803	0.5893	0.5603	0.5788	0.5613	0.6245	0.6540	0.7146	0.7905	0.8053	0.8001	0.8158	0.7527	0.7640	0.7900	0.7734	0.7690	0.7636	0.7210	0.7678	0.7981	0.7825	0.7575	0.7485	0.7583	0.7662	0.7744	0.7421	0.7416	0.5310	0.3805	0.4796	0.6686	0.8009	0.7856	0.7326	0.6836	0.5229	0.6091	0.6285	0.6016	0.5240	0.4607	0.4162	0.3809	0.3821
0.1374	0.2642	0.3788	0.5374	0.6244	0.6979	0.7497	0.7157	0.7373	0.7570	0.7047	0.6947	0.6443	0.6828	0.6511	0.6409	0.6275	0.6119	0.5691	0.5717	0.5804	0.6029	0.5951	0.5924	0.5763	0.5714	0.5696	0.6049	0.6951	0.7713	0.7695	0.7914	0.8228	0.8422	0.8257	0.7841	0.8325	0.7640	0.7783	0.7964	0.7642	0.7924	0.8465	0.8709	0.8661	0.8575	0.8202	0.7766	0.8040	0.7942	0.7688	0.6828	0.4402	0.3305	0.3441	0.3877	0.6372	0.8928	0.8370	0.6355	0.4228	0.5167	0.6830	0.6608	0.6043	0.5588	0.4855	0.4105	0.3599
0.0996	0.0974	0.1477	0.2244	0.2791	0.3748	0.4793	0.4836	0.5059	0.5817	0.7148	0.7585	0.7706	0.8088	0.8189	0.8154	0.7806	0.7755	0.7084	0.6761	0.6510	0.6008	0.5965	0.6075	0.6103	0.5980	0.6313	0.6923	0.8298	0.8178	0.8109	0.8504	0.8798	0.8621	0.8727	0.8554	0.8574	0.8318	0.8090	0.8054	0.8482	0.8054	0.8971	0.8660	0.8337	0.8408	0.8535	0.8440	0.7919	0.7606	0.6761	0.5133	0.2999	0.2532	0.2737	0.3148	0.4141	0.6526	0.5918	0.4103	0.3750	0.4887	0.6568	0.7033	0.6238	0.5830	0.4983	0.4441	0.4038
0.0464	0.0701	0.1022	0.0951	0.1076	0.1322	0.1456	0.1759	0.1947	0.2492	0.3564	0.4930	0.6041	0.6355	0.7099	0.7485	0.7564	0.7891	0.8169	0.7595	0.8035	0.7347	0.6462	0.6766	0.7240	0.6943	0.7157	0.7823	0.8400	0.8672	0.8814	0.8560	0.8459	0.9154	0.9014	0.8769	0.9054	0.9301	0.8564	0.9074	0.8584	0.8089	0.8332	0.8311	0.7105	0.6640	0.7789	0.6969	0.6193	0.4397	0.3466	0.2672	0.2446	0.2175	0.2175	0.2533	0.2674	0.2799	0.2792	0.2896	0.3818	0.4973	0.6413	0.7043	0.6565	0.5723	0.4833	0.4239	0.3849
0.0153	0.0322	0.0610	0.0657	0.0464	0.0649	0.0915	0.0948	0.1346	0.1324	0.1476	0.1788	0.2178	0.2192	0.2808	0.2939	0.3394	0.4160	0.4846	0.5579	0.7311	0.7952	0.7644	0.8012	0.8102	0.7722	0.7327	0.7255	0.7475	0.7896	0.6306	0.4626	0.4905	0.6251	0.6912	0.8559	0.9113	0.9358	0.9120	0.8881	0.9199	0.8560	0.8478	0.8209	0.7198	0.4693	0.3486	0.2896	0.2747	0.2272	0.2168	0.2100	0.1980	0.2018	0.2278	0.2449	0.2466	0.2579	0.2622	0.2897	0.3296	0.4321	0.7224	0.7113	0.5676	0.5547	0.4894	0.4512	0.3959
0.0172	0.0172	0.0250	0.0572	0.0543	0.0526	0.0723	0.0847	0.0845	0.0997	0.1058	0.0987	0.1224	0.1178	0.1235	0.1518	0.1598	0.1749	0.1984	0.2605	0.3735	0.4683	0.5311	0.4570	0.4141	0.4138	0.3782	0.3416	0.4066	0.3897	0.3350	0.3226	0.3379	0.4484	0.7850	0.9793	1.0000	0.9652	0.9831	0.9230	0.9101	0.9362	0.8847	0.8406	0.7790	0.4386	0.2068	0.1893	0.2075	0.2035	0.2106	0.2074	0.1981	0.2049	0.2075	0.2463	0.2597	0.2574	0.2628	0.2967	0.3326	0.5425	0.7707	0.6686	0.5654	0.5368	0.4826	0.4184	0.4137
0.0206	0.0096	0.0215	0.0381	0.0455	0.0566	0.0666	0.0750	0.0545	0.0754	0.0787	0.0903	0.1033	0.0903	0.0965	0.1123	0.1164	0.1133	0.1304	0.1330	0.1572	0.1846	0.1946	0.1847	0.2058	0.1950	0.2076	0.3240	0.6037	0.4790	0.2929	0.2497	0.2895	0.3548	0.6515	0.7831	0.8844	0.8918	0.8751	0.8399	0.6206	0.6811	0.7311	0.5740	0.4545	0.2369	0.1803	0.1862	0.1853	0.2010	0.2028	0.1860	0.1905	0.1938	0.2083	0.2236	0.2212	0.2409	0.2612	0.2927	0.4472	0.6886	0.7569	0.6268	0.5561	0.5172	0.4758	0.4817	0.4227
0.0155	0.0022	0.0330	0.0390	0.0438	0.0496	0.0523	0.0480	0.0593	0.0643	0.0647	0.0647	0.0828	0.0751	0.0744	0.0929	0.0846	0.0991	0.1073	0.1093	0.1097	0.1318	0.1248	0.1303	0.1395	0.1575	0.1643	0.2564	0.4116	0.3196	0.2049	0.1801	0.2042	0.2032	0.2543	0.2882	0.3560	0.3758	0.3493	0.3193	0.2221	0.2745	0.3355	0.2409	0.1985	0.1757	0.1720	0.1764	0.1624	0.1761	0.1800	0.1843	0.1855	0.1857	0.2043	0.2089	0.2232	0.2469	0.2806	0.3452	0.7092	0.8737	0.7778	0.6374	0.5654	0.4987	0.4898	0.4543	0.4269
0.0048	0.0122	0.0504	0.0409	0.0301	0.0409	0.0455	0.0462	0.0537	0.0446	0.0676	0.0719	0.0582	0.0613	0.0654	0.0873	0.0844	0.0807	0.0956	0.0992	0.1049	0.0994	0.0970	0.1097	0.1120	0.1314	0.1175	0.1224	0.1425	0.1343	0.1430	0.1365	0.1291	0.1434	0.1536	0.1452	0.1497	0.1520	0.1496	0.1459	0.1559	0.1574	0.1657	0.1730	0.1771	0.1675	0.1612	0.1567	0.1581	0.1553	0.1757	0.1828	0.1822	0.1808	0.1839	0.2102	0.2249	0.2446	0.2611	0.3263	0.6139	0.8022	0.8006	0.6782	0.5666	0.5111	0.4999	0.4841	0.4896
0.0141	0.0129	0.0194	0.0285	0.0373	0.0415	0.0383	0.0413	0.0543	0.0400	0.0553	0.0753	0.0674	0.0566	0.0626	0.0702	0.0783	0.0635	0.0660	0.0741	0.0826	0.0888	0.0820	0.0845	0.0843	0.0959	0.0876	0.0999	0.1106	0.1181	0.1087	0.1092	0.1087	0.1059	0.1196	0.1347	0.1406	0.1310	0.1363	0.1275	0.1276	0.1295	0.1368	0.1297	0.1417	0.1430	0.1356	0.1417	0.1400	0.1391	0.1597	0.1539	0.1565	0.1643	0.1769	0.1932	0.2148	0.2087	0.2239	0.2631	0.3391	0.5394	0.7918	0.7692	0.6084	0.5694	0.5447	0.5532	0.5094
0.0007	0.0037	0.0151	0.0274	0.0316	0.0331	0.0323	0.0385	0.0444	0.0403	0.0582	0.0468	0.0785	0.0570	0.0554	0.0636	0.0675	0.0655	0.0629	0.0586	0.0753	0.0770	0.0761	0.0819	0.0828	0.0819	0.0661	0.0758	0.0900	0.0944	0.0901	0.0963	0.0932	0.0955	0.0917	0.1023	0.1063	0.1112	0.1089	0.1111	0.1115	0.1063	0.1100	0.1111	0.1215	0.1231	0.1149	0.1167	0.1239	0.1153	0.1246	0.1284	0.1293	0.1363	0.1444	0.1550	0.1678	0.1756	0.1919	0.2257	0.2477	0.3027	0.4455	0.6683	0.7024	0.6215	0.6245	0.5837	0.5266
0.0000	0.0000	0.0038	0.0259	0.0105	0.0224	0.0323	0.0332	0.0365	0.0344	0.0430	0.0492	0.0474	0.0507	0.0454	0.0648	0.0620	0.0612	0.0662	0.0650	0.0754	0.0702	0.0718	0.0734	0.0817	0.0731	0.0693	0.0743	0.0818	0.0725	0.0727	0.0766	0.0788	0.0789	0.0738	0.0800	0.0827	0.0810	0.0968	0.0922	0.0866	0.1000	0.1033	0.0897	0.0971	0.1000	0.1046	0.1057	0.1005	0.1005	0.1030	0.1081	0.1025	0.1015	0.1238	0.1339	0.1404	0.1296	0.1522	0.1757	0.1964	0.2059	0.2293	0.3529	0.5589	0.5858	0.6070	0.6054	0.5546
0.0000	0.0000	0.0066	0.0068	0.0246	0.0250	0.0366	0.0426	0.0238	0.0267	0.0293	0.0422	0.0411	0.0482	0.0465	0.0561	0.0587	0.0594	0.0640	0.0647	0.0645	0.0565	0.0616	0.0609	0.0745	0.0692	0.0705	0.0660	0.0659	0.0674	0.0595	0.0690	0.0701	0.0660	0.0665	0.0685	0.0760	0.0755	0.0744	0.0747	0.0864	0.0755	0.0828	0.0820	0.0708	0.0745	0.0856	0.0846	0.0985	0.0946	0.0909	0.0894	0.0824	0.0983	0.1209	0.1118	0.1151	0.1076	0.1214	0.1293	0.1373	0.1434	0.1506	0.1756	0.2480	0.3426	0.5192	0.5591	0.4674
0.0000	0.0000	0.0017	0.0177	0.0072	0.0014	0.0212	0.0302	0.0324	0.0336	0.0297	0.0328	0.0409	0.0474	0.0410	0.0412	0.0463	0.0432	0.0445	0.0476	0.0531	0.0497	0.0535	0.0482	0.0610	0.0639	0.0695	0.0689	0.0649	0.0595	0.0652	0.0570	0.0546	0.0660	0.0672	0.0702	0.0716	0.0652	0.0609	0.0640	0.0690	0.0646	0.0693	0.0675	0.0619	0.0618	0.0624	0.0682	0.0707	0.0754	0.0748	0.0855	0.0717	0.0878	0.0994	0.0903	0.1033	0.0944	0.0998	0.1116	0.1172	0.1187	0.1361	0.1434	0.1587	0.1750	0.2581	0.3062	0.2209
0.0000	0.0000	0.0079	0.0130	0.0071	0.0041	0.0115	0.0233	0.0216	0.0241	0.0249	0.0271	0.0274	0.0385	0.0283	0.0325	0.0311	0.0387	0.0399	0.0471	0.0462	0.0520	0.0523	0.0489	0.0444	0.0491	0.0601	0.0625	0.0579	0.0547	0.0560	0.0691	0.0544	0.0606	0.0604	0.0619	0.0684	0.0588	0.0632	0.0702	0.0582	0.0649	0.0562	0.0590	0.0616	0.0581	0.0595	0.0532	0.0537	0.0553	0.0613	0.0605	0.0608	0.0639	0.0734	0.0792	0.0894	0.0881	0.0936	0.1044	0.1066	0.1065	0.1122	0.1257	0.1421	0.1367	0.1476	0.1550	0.1630
0.0000	0.0000	0.0082	0.0044	0.0000	0.0000	0.0182	0.0239	0.0006	0.0062	0.0201	0.0238	0.0204	0.0195	0.0282	0.0353	0.0337	0.0346	0.0276	0.0347	0.0474	0.0375	0.0371	0.0438	0.0407	0.0351	0.0492	0.0451	0.0478	0.0555	0.0510	0.0522	0.0433	0.0517	0.0548	0.0551	0.0479	0.0624	0.0630	0.0602	0.0510	0.0595	0.0561	0.0540	0.0467	0.0437	0.0558	0.0532	0.0538	0.0540	0.0587	0.0575	0.0556	0.0492	0.0601	0.0666	0.0583	0.0594	0.0737	0.0794	0.0831	0.0810	0.0937	0.1127	0.1229	0.1238	0.1432	0.1669	0.1657
0.0000	0.0000	0.0000	0.0000	0.0006	0.0000	0.0066	0.0066	0.0120	0.0208	0.0211	0.0290	0.0249	0.0312	0.0404	0.0291	0.0371	0.0349	0.0278	0.0331	0.0403	0.0421	0.0299	0.0283	0.0387	0.0388	0.0417	0.0390	0.0472	0.0533	0.0450	0.0418	0.0519	0.0492	0.0492	0.0409	0.0512	0.0605	0.0502	0.0504	0.0618	0.0526	0.0569	0.0542	0.0456	0.0463	0.0532	0.0501	0.0398	0.0494	0.0497	0.0488	0.0466	0.0415	0.0558	0.0568	0.0493	0.0451	0.0565	0.0570	0.0570	0.0582	0.0751	0.0769	0.0783	0.0832	0.0852	0.1154	0.1224
0.0000	0.0000	0.0000	0.0000	0.0000	0.0000	0.0000	0.0000	0.0047	0.0032	0.0138	0.0194	0.0199	0.0267	0.0195	0.0274	0.0388	0.0316	0.0284	0.0402	0.0306	0.0356	0.0327	0.0377	0.0371	0.0382	0.0376	0.0376	0.0390	0.0399	0.0459	0.0412	0.0450	0.0524	0.0545	0.0503	0.0476	0.0558	0.0493	0.0517	0.0517	0.0531	0.0531	0.0544	0.0515	0.0530	0.0486	0.0588	0.0488	0.0448	0.0524	0.0428	0.0405	0.0421	0.0509	0.0426	0.0529	0.0519	0.0527	0.0456	0.0524	0.0555	0.0662	0.0596	0.0578	0.0611	0.0519	0.0596	0.0646
0.0000	0.0000	0.0000	0.0000	0.0000	0.0060	0.0043	0.0056	0.0076	0.0002	0.0042	0.0054	0.0248	0.0182	0.0032	0.0193	0.0265	0.0164	0.0181	0.0252	0.0336	0.0271	0.0298	0.0399	0.0356	0.0250	0.0332	0.0401	0.0493	0.0436	0.0504	0.0427	0.0378	0.0377	0.0431	0.0480	0.0425	0.0448	0.0458	0.0477	0.0426	0.0463	0.0488	0.0417	0.0449	0.0493	0.0410	0.0477	0.0459	0.0369	0.0414	0.0327	0.0310	0.0388	0.0478	0.0499	0.0414	0.0353	0.0398	0.0451	0.0478	0.0458	0.0495	0.0589	0.0513	0.0500	0.0420	0.0574	0.0546
0.0000	0.0000	0.0000	0.0077	0.0000	0.0072	0.0059	0.0214	0.0139	0.0000	0.0114	0.0081	0.0232	0.0107	0.0162	0.0260	0.0288	0.0173	0.0196	0.0253	0.0347	0.0357	0.0390	0.0336	0.0296	0.0294	0.0224	0.0510	0.0528	0.0474	0.0369	0.0270	0.0416	0.0512	0.0424	0.0479	0.0491	0.0422	0.0386	0.0481	0.0412	0.0432	0.0554	0.0462	0.0305	0.0351	0.0386	0.0394	0.0430	0.0461	0.0406	0.0440	0.0416	0.0311	0.0506	0.0503	0.0456	0.0440	0.0444	0.0525	0.0420	0.0488	0.0548	0.0634	0.0595	0.0603	0.0471	0.0682	0.0613
