0.0000	0.0000	0.0047	0.0000	0.0000	0.0000	0.0071	0.0062	0.0000	0.0016	0.0114	0.0274	0.0222	0.0209	0.0153	0.0305	0.0391	0.0293	0.0245	0.0356	0.0358	0.0404	0.0456	0.0610	0.0636	0.0635	0.0705	0.0580	0.0717	0.0754	0.0753	0.0714	0.0908	0.0911	0.0856	0.0741	0.0823	0.0877	0.0905	0.0727	0.0775	0.0775	0.0738	0.0757	0.0847	0.0937	0.0853	0.0782	0.0600	0.0736	0.0714	0.0598	0.0677	0.0655	0.0635	0.0596	0.0593	0.0575	0.0565	0.0495	0.0470	0.0465	0.0434	0.0412	0.0528	0.0447	0.0261	0.0283	0.0403
0.0000	0.0000	0.0039	0.0050	0.0000	0.0000	0.0014	0.0124	0.0247	0.0021	0.0103	0.0240	0.0399	0.0273	0.0291	0.0410	0.0470	0.0550	0.0383	0.0270	0.0548	0.0533	0.0618	0.0745	0.0632	0.0722	0.0743	0.0799	0.0754	0.0888	0.0959	0.0885	0.0957	0.0997	0.0886	0.0996	0.0942	0.0943	0.1152	0.0947	0.0948	0.0978	0.0957	0.0927	0.0874	0.0797	0.0773	0.0956	0.0884	0.0730	0.0736	0.0709	0.0583	0.0691	0.0695	0.0691	0.0603	0.0591	0.0652	0.0760	0.0642	0.0453	0.0558	0.0471	0.0459	0.0359	0.0453	0.0337	0.0374
0.0000	0.0000	0.0080	0.0067	0.0000	0.0000	0.0030	0.0129	0.0167	0.0072	0.0174	0.0305	0.0429	0.0336	0.0374	0.0391	0.0415	0.0555	0.0457	0.0340	0.0475	0.0631	0.0691	0.0746	0.0689	0.0723	0.0730	0.0746	0.0860	0.1106	0.1020	0.0876	0.0896	0.1143	0.1058	0.1063	0.1040	0.0995	0.1049	0.0995	0.0967	0.0931	0.0971	0.1065	0.0902	0.0907	0.0963	0.0953	0.0927	0.0684	0.0818	0.0871	0.0802	0.0885	0.0734	0.0721	0.0741	0.0606	0.0717	0.0767	0.0681	0.0609	0.0718	0.0589	0.0470	0.0416	0.0398	0.0533	0.0537
0.0000	0.0000	0.0010	0.0045	0.0035	0.0167	0.0175	0.0123	0.0216	0.0265	0.0271	0.0343	0.0366	0.0300	0.0343	0.0462	0.0448	0.0474	0.0468	0.0501	0.0543	0.0673	0.0673	0.0577	0.0850	0.0773	0.0812	0.0709	0.0980	0.0819	0.0797	0.0882	0.1005	0.1099	0.1344	0.1327	0.1040	0.0894	0.1011	0.0942	0.1045	0.0979	0.1165	0.1131	0.0906	0.0812	0.0950	0.0950	0.0892	0.0911	0.0909	0.0912	0.0850	0.0825	0.0733	0.0628	0.0632	0.0546	0.0592	0.0608	0.0770	0.0675	0.0710	0.0671	0.0668	0.0606	0.0531	0.0493	0.0634
0.0000	0.0000	0.0027	0.0073	0.0000	0.0054	0.0137	0.0100	0.0194	0.0188	0.0202	0.0276	0.0411	0.0413	0.0271	0.0436	0.0419	0.0395	0.0518	0.0573	0.0672	0.0615	0.0750	0.0723	0.0739	0.0811	0.0965	0.0727	0.0811	0.0903	0.0915	0.0923	0.1151	0.1133	0.1230	0.1189	0.1144	0.1064	0.1172	0.0950	0.1113	0.0926	0.1203	0.1144	0.1030	0.0883	0.0929	0.0982	0.0907	0.0931	0.0909	0.0959	0.0865	0.0801	0.0833	0.0777	0.0776	0.0684	0.0723	0.0663	0.0759	0.0726	0.0824	0.0783	0.0839	0.0616	0.0670	0.0635	0.0779
0.0000	0.0000	0.0090	0.0182	0.0231	0.0157	0.0166	0.0137	0.0169	0.0228	0.0255	0.0402	0.0503	0.0605	0.0413	0.0414	0.0583	0.0548	0.0390	0.0670	0.0695	0.0576	0.0748	0.0710	0.0730	0.0854	0.0711	0.0750	0.0961	0.1138	0.1029	0.1000	0.1312	0.1481	0.1274	0.1247	0.1275	0.1382	0.1237	0.0993	0.1095	0.1054	0.1216	0.1145	0.1106	0.1088	0.1055	0.1088	0.0930	0.1074	0.1079	0.1054	0.0992	0.1025	0.0939	0.0946	0.1009	0.0886	0.0773	0.0767	0.0838	0.0888	0.0863	0.0929	0.0999	0.0779	0.0763	0.0953	0.0947
0.0000	0.0000	0.0027	0.0184	0.0161	0.0161	0.0248	0.0245	0.0233	0.0284	0.0339	0.0506	0.0405	0.0402	0.0513	0.0538	0.0735	0.0727	0.0553	0.0713	0.0868	0.0865	0.0887	0.0725	0.0926	0.1108	0.0955	0.1059	0.1192	0.0998	0.0932	0.1046	0.1226	0.1509	0.1284	0.1316	0.1175	0.1215	0.1296	0.1338	0.1265	0.1337	0.1235	0.1170	0.1032	0.1238	0.1152	0.1266	0.1179	0.1230	0.1138	0.1084	0.1149	0.1178	0.1233	0.1313	0.1049	0.0930	0.0983	0.1013	0.0954	0.1057	0.1090	0.1249	0.1100	0.0853	0.1067	0.1090	0.1105
0.0000	0.0000	0.0071	0.0203	0.0183	0.0125	0.0331	0.0585	0.0456	0.0397	0.0314	0.0480	0.0427	0.0441	0.0509	0.0543	0.0721	0.0792	0.0645	0.0603	0.0945	0.1033	0.0795	0.0711	0.0990	0.1141	0.1011	0.0937	0.1103	0.1171	0.1115	0.1151	0.1391	0.1471	0.1454	0.1424	0.1525	0.1477	0.1542	0.1364	0.1364	0.1599	0.1492	0.1315	0.1248	0.1416	0.1435	0.1342	0.1219	0.1200	0.1241	0.1221	0.1164	0.1257	0.1226	0.1416	0.1139	0.1090	0.1135	0.1275	0.1401	0.1234	0.1358	0.1407	0.1365	0.1115	0.1106	0.1327	0.1392
0.0000	0.0003	0.0212	0.0143	0.0197	0.0113	0.0251	0.0420	0.0479	0.0448	0.0432	0.0589	0.0599	0.0614	0.0621	0.0714	0.0721	0.0751	0.0691	0.0778	0.1022	0.0859	0.0978	0.0948	0.1204	0.1220	0.1006	0.0951	0.1196	0.1261	0.1256	0.1262	0.1581	0.1589	0.1515	0.1637	0.1542	0.1635	0.1590	0.1555	0.1534	0.1625	0.1690	0.1437	0.1507	0.1538	0.1625	0.1506	0.1567	0.1599	0.1624	0.1438	0.1436	0.1673	0.1594	0.1582	0.1360	0.1313	0.1348	0.1484	0.1486	0.1303	0.1373	0.1417	0.1384	0.1369	0.1551	0.1649	0.1449
0.0000	0.0015	0.0206	0.0186	0.0154	0.0178	0.0427	0.0382	0.0531	0.0471	0.0487	0.0585	0.0794	0.0751	0.0775	0.0809	0.0832	0.0843	0.0812	0.0997	0.1076	0.1027	0.0954	0.1013	0.1157	0.1279	0.1228	0.1240	0.1405	0.1456	0.1257	0.1407	0.1490	0.1859	0.1940	0.1844	0.1836	0.2029	0.1788	0.1781	0.1699	0.1698	0.1723	0.1667	0.1857	0.1896	0.2061	0.1775	0.1767	0.1783	0.1766	0.1616	0.1850	0.1852	0.1914	0.1715	0.1716	0.1551	0.1617	0.1543	0.1665	0.1692	0.1638	0.1755	0.1786	0.1756	0.1602	0.1956	0.2118
0.0082	0.0058	0.0213	0.0205	0.0265	0.0292	0.0315	0.0414	0.0503	0.0574	0.0586	0.0604	0.0688	0.0735	0.0788	0.0864	0.0922	0.0996	0.0947	0.0927	0.1123	0.1088	0.1069	0.0998	0.1231	0.1348	0.1301	0.1335	0.1538	0.1554	0.1335	0.1753	0.1919	0.2154	0.2512	0.3176	0.3571	0.2864	0.2293	0.1926	0.1990	0.1949	0.2028	0.2043	0.2008	0.2041	0.2191	0.2197	0.2005	0.2034	0.1998	0.2150	0.2022	0.1948	0.1955	0.1976	0.2027	0.1785	0.1764	0.1873	0.1988	0.1852	0.1842	0.1958	0.2174	0.1846	0.1930	0.2083	0.2396
0.0075	0.0189	0.0113	0.0203	0.0363	0.0338	0.0397	0.0602	0.0519	0.0581	0.0733	0.0962	0.0854	0.0919	0.0840	0.1013	0.1168	0.0974	0.1092	0.1080	0.1249	0.1240	0.1246	0.1381	0.1380	0.1506	0.1469	0.1476	0.1618	0.1835	0.1928	0.2033	0.2312	0.2667	0.3552	0.6354	0.7711	0.6751	0.4937	0.2901	0.2315	0.2413	0.2755	0.2553	0.2308	0.2400	0.2443	0.2364	0.2410	0.2385	0.2288	0.2502	0.2521	0.2535	0.2595	0.2488	0.2417	0.2190	0.2033	0.2254	0.2296	0.2252	0.2262	0.2590	0.2531	0.2244	0.2207	0.2379	0.2773
0.0159	0.0261	0.0404	0.0440	0.0583	0.0281	0.0375	0.0617	0.0604	0.0549	0.0777	0.1023	0.0939	0.0906	0.0767	0.0844	0.0995	0.1322	0.1186	0.1297	0.1524	0.1607	0.1602	0.1645	0.1779	0.2069	0.1906	0.2033	0.2295	0.2328	0.2663	0.3143	0.4035	0.5037	0.5459	0.7553	0.9059	0.8467	0.7664	0.5254	0.4470	0.4110	0.3893	0.2931	0.2593	0.2631	0.2783	0.2861	0.2867	0.2855	0.2630	0.2722	0.2831	0.2901	0.2969	0.2831	0.2693	0.2542	0.2553	0.2379	0.2514	0.2684	0.2893	0.3471	0.3272	0.3170	0.2987	0.3728	0.3761
0.0176	0.0271	0.0476	0.0570	0.0599	0.0358	0.0574	0.0557	0.0758	0.0725	0.0808	0.0948	0.1117	0.1109	0.0958	0.1114	0.1398	0.1466	0.1537	0.1714	0.1916	0.1907	0.1870	0.2165	0.2528	0.2886	0.3397	0.4107	0.4515	0.4839	0.5241	0.6246	0.7824	0.8704	0.8693	0.9067	0.9090	0.8523	0.8871	0.8431	0.8189	0.7351	0.7569	0.4778	0.3401	0.3513	0.3325	0.3490	0.3532	0.3565	0.3457	0.3423	0.3233	0.3064	0.3264	0.3381	0.3073	0.2946	0.2918	0.2948	0.2974	0.3186	0.4217	0.5196	0.4778	0.4412	0.4343	0.4032	0.3838
0.0144	0.0233	0.0503	0.0567	0.0704	0.0653	0.0624	0.0855	0.0929	0.0909	0.1038	0.1198	0.1323	0.1580	0.1645	0.1730	0.2124	0.2139	0.2570	0.3168	0.3040	0.3434	0.3875	0.4506	0.4783	0.5505	0.6275	0.6832	0.7363	0.8187	0.8351	0.9310	0.9759	0.9344	0.9065	0.9284	0.8781	0.8858	0.9621	0.9313	0.8896	0.8687	0.8795	0.7407	0.6079	0.6260	0.6197	0.6440	0.6365	0.5896	0.5061	0.4588	0.4356	0.3734	0.4405	0.4919	0.4149	0.3708	0.3346	0.3465	0.3623	0.4123	0.4910	0.5391	0.5422	0.4434	0.4682	0.4063	0.3650
0.0345	0.0351	0.0345	0.0622	0.0945	0.0903	0.0906	0.1148	0.1389	0.1406	0.1648	0.2148	0.1980	0.2077	0.2646	0.2989	0.3776	0.4023	0.4928	0.6164	0.6008	0.6202	0.6398	0.6901	0.6915	0.6780	0.7210	0.6772	0.7350	0.7469	0.7858	0.8781	0.8779	0.8850	0.8787	0.9202	0.9052	0.8828	0.9051	0.8841	0.8940	0.8795	0.9032	0.8879	0.8802	0.9455	0.8873	0.8943	0.8639	0.8167	0.7978	0.8229	0.7691	0.5970	0.6568	0.6845	0.5809	0.4399	0.3635	0.4076	0.4209	0.5190	0.6268	0.5910	0.4877	0.4388	0.4301	0.4270	0.3643
0.0545	0.0432	0.0599	0.0925	0.1085	0.1196	0.1631	0.1862	0.2040	0.2438	0.3244	0.3740	0.4391	0.4458	0.4835	0.5925	0.6505	0.6884	0.6948	0.6971	0.7339	0.6945	0.6638	0.6646	0.6527	0.6043	0.6460	0.6686	0.6465	0.6618	0.7466	0.8797	0.8525	0.8211	0.8961	0.9163	0.8779	0.9031	0.8932	0.8211	0.8493	0.8284	0.8963	0.9152	0.9180	0.8760	0.8691	0.8841	0.8050	0.8156	0.8738	0.9207	0.8621	0.7436	0.7450	0.6853	0.6474	0.6143	0.5103	0.4948	0.4516	0.5532	0.6022	0.6085	0.5250	0.4289	0.4269	0.4031	0.3745
0.0551	0.0828	0.1325	0.1911	0.1936	0.2493	0.3772	0.4637	0.4964	0.4744	0.5745	0.5839	0.6307	0.6633	0.6816	0.7375	0.7226	0.7170	0.7092	0.6498	0.6692	0.6534	0.6114	0.6250	0.5699	0.5450	0.6014	0.6390	0.5953	0.6805	0.7372	0.8109	0.8174	0.8052	0.8277	0.8397	0.8231	0.8073	0.8273	0.8302	0.8064	0.8297	0.8667	0.8390	0.8379	0.7868	0.8128	0.8023	0.8271	0.8407	0.8575	0.8745	0.8319	0.7272	0.7187	0.6556	0.6480	0.6609	0.5930	0.5724	0.5048	0.5447	0.5880	0.6037	0.5264	0.4167	0.3915	0.4076	0.3563
0.0838	0.1971	0.3264	0.4078	0.4493	0.5068	0.6256	0.5991	0.6242	0.6103	0.5876	0.6088	0.6257	0.6000	0.6262	0.6998	0.7087	0.6971	0.6539	0.5986	0.5879	0.5837	0.6182	0.5703	0.5211	0.5068	0.5750	0.5714	0.6141	0.6808	0.6824	0.7114	0.7642	0.8384	0.8005	0.7967	0.7869	0.7798	0.8049	0.8497	0.8036	0.7512	0.8075	0.8085	0.7773	0.7838	0.7678	0.7617	0.7645	0.8549	0.8801	0.8086	0.7744	0.7401	0.7157	0.6733	0.6088	0.5972	0.5529	0.6135	0.5685	0.5234	0.5573	0.5136	0.4958	0.4150	0.3810	0.3757	0.3530
0.1731	0.3257	0.4395	0.4985	0.5177	0.4752	0.4913	0.4615	0.4842	0.4764	0.4739	0.5126	0.6004	0.5701	0.5805	0.5962	0.6307	0.6344	0.5440	0.5274	0.5339	0.5634	0.5239	0.5440	0.5286	0.5206	0.5610	0.6368	0.6363	0.6705	0.6923	0.7220	0.7712	0.8249	0.7905	0.8079	0.7683	0.7671	0.7695	0.7496	0.7719	0.7847	0.7638	0.7729	0.7853	0.7393	0.7376	0.7471	0.7927	0.7836	0.7717	0.7554	0.7640	0.7461	0.7069	0.6871	0.6329	0.5702	0.5786	0.6183	0.5291	0.5080	0.5114	0.4835	0.4697	0.4310	0.3724	0.3695	0.3224
0.2200	0.3062	0.3233	0.3200	0.3144	0.3686	0.3480	0.3396	0.3414	0.3761	0.3850	0.4383	0.5086	0.4926	0.4891	0.4815	0.4987	0.5288	0.4916	0.4590	0.4940	0.4854	0.4746	0.5460	0.5376	0.5652	0.5524	0.6409	0.6309	0.6326	0.7133	0.7116	0.7412	0.8337	0.8388	0.8199	0.7997	0.7935	0.7895	0.7822	0.7493	0.7482	0.7494	0.7482	0.7060	0.7138	0.7396	0.7157	0.7129	0.7173	0.7548	0.7285	0.6907	0.7499	0.6683	0.6394	0.6124	0.6160	0.6425	0.5820	0.5344	0.5060	0.5022	0.4412	0.4056	0.3789	0.3404	0.3358	0.2957
0.2129	0.2364	0.2481	0.2736	0.2699	0.3073	0.2982	0.3110	0.3109	0.3505	0.3674	0.3848	0.4138	0.4229	0.4115	0.4485	0.4963	0.4792	0.4837	0.5012	0.5079	0.5127	0.5340	0.5158	0.5223	0.5727	0.5845	0.5875	0.6301	0.6428	0.6570	0.6561	0.7177	0.7622	0.7859	0.8193	0.7826	0.7618	0.7394	0.7744	0.7702	0.7288	0.7386	0.7584	0.6908	0.7323	0.6910	0.6772	0.6389	0.6469	0.7238	0.6934	0.6783	0.6938	0.6136	0.6515	0.6170	0.5997	0.5804	0.5409	0.5242	0.4999	0.4556	0.4303	0.3964	0.3526	0.3261	0.3213	0.3073
0.1969	0.2216	0.2452	0.2503	0.2497	0.2847	0.3022	0.2979	0.2945	0.2847	0.3400	0.3672	0.3906	0.4052	0.4128	0.4710	0.4727	0.4746	0.4699	0.4728	0.5150	0.5592	0.5493	0.5534	0.5362	0.5345	0.5721	0.6366	0.6407	0.6608	0.6323	0.6650	0.7414	0.7407	0.7112	0.7541	0.7785	0.7509	0.7368	0.7454	0.7429	0.7123	0.7028	0.6732	0.7015	0.7093	0.6750	0.6598	0.6166	0.6181	0.6532	0.6761	0.6899	0.6648	0.6342	0.6251	0.5568	0.5203	0.5213	0.5447	0.4996	0.4747	0.4597	0.4135	0.3857	0.3526	0.3375	0.3221	0.3097
0.2160	0.2056	0.2371	0.2728	0.2630	0.3035	0.3101	0.2986	0.2833	0.2815	0.3123	0.3582	0.3666	0.3671	0.3894	0.4482	0.4862	0.4845	0.5125	0.4909	0.5222	0.5748	0.5373	0.5504	0.5919	0.5442	0.5574	0.6162	0.6464	0.6497	0.6768	0.7065	0.7467	0.7416	0.7381	0.7216	0.7571	0.7715	0.7321	0.7118	0.7109	0.6994	0.7213	0.7095	0.7135	0.6924	0.7012	0.6481	0.6143	0.6240	0.5993	0.5948	0.6048	0.6108	0.5812	0.5660	0.5433	0.5271	0.5308	0.4846	0.4715	0.4635	0.4512	0.4022	0.3675	0.3519	0.3195	0.3187	0.2919
0.1878	0.2168	0.2355	0.2369	0.2594	0.3060	0.3279	0.3155	0.2867	0.3289	0.3204	0.3503	0.3777	0.3563	0.3828	0.4226	0.4789	0.5147	0.5100	0.4932	0.5074	0.5246	0.5220	0.5705	0.5696	0.5539	0.5709	0.5798	0.6250	0.6646	0.6622	0.6934	0.7612	0.7731	0.7566	0.7476	0.7518	0.7157	0.7343	0.7318	0.7282	0.7314	0.7071	0.6584	0.6891	0.6601	0.6580	0.6354	0.6389	0.6543	0.6193	0.5948	0.5526	0.5791	0.5609	0.5644	0.5308	0.5284	0.5101	0.4678	0.4452	0.4606	0.4466	0.3936	0.3606	0.3245	0.3359	0.3279	0.3012
0.2016	0.2279	0.2392	0.2634	0.2593	0.2797	0.3114	0.2865	0.3019	0.3462	0.3441	0.3648	0.3843	0.3694	0.3927	0.4394	0.4683	0.4945	0.5191	0.5123	0.5440	0.5179	0.5141	0.5420	0.5460	0.5349	0.5631	0.5922	0.6194	0.6531	0.7147	0.6920	0.7227	0.7406	0.7687	0.7379	0.7288	0.7625	0.7573	0.7446	0.7166	0.7204	0.6522	0.6587	0.6848	0.7009	0.6895	0.6293	0.6440	0.6468	0.6341	0.5939	0.5657	0.5770	0.5848	0.5828	0.5630	0.5436	0.5560	0.5138	0.4927	0.4710	0.4285	0.4025	0.3854	0.3763	0.3456	0.3276	0.2971
0.2072	0.2462	0.2686	0.2712	0.2838	0.2820	0.2891	0.3081	0.2857	0.3023	0.3811	0.3754	0.3875	0.4003	0.4325	0.4534	0.4599	0.4796	0.5360	0.5138	0.5361	0.5375	0.5145	0.5657	0.5294	0.5235	0.5513	0.6029	0.6061	0.6688	0.6982	0.7234	0.7295	0.7235	0.7257	0.7254	0.7080	0.7252	0.7422	0.7358	0.7070	0.6606	0.6716	0.6660	0.6836	0.6681	0.6194	0.5881	0.6173	0.6152	0.6242	0.6001	0.5939	0.5886	0.5584	0.5303	0.5332	0.5226	0.5291	0.5201	0.4729	0.4523	0.4447	0.4177	0.4152	0.3692	0.3383	0.3381	0.3239
0.1905	0.2242	0.2541	0.2730	0.2668	0.2535	0.2859	0.3025	0.2982	0.3212	0.3552	0.3700	0.3930	0.4209	0.4604	0.4352	0.4585	0.4986	0.5048	0.5259	0.5151	0.5144	0.5055	0.5545	0.5444	0.5218	0.5577	0.6118	0.6238	0.6354	0.6936	0.7583	0.7233	0.6971	0.6853	0.6882	0.6630	0.6602	0.7166	0.7197	0.7211	0.6837	0.7010	0.6417	0.6529	0.6247	0.6343	0.6245	0.6362	0.6116	0.6373	0.6107	0.6118	0.5998	0.5497	0.5461	0.5561	0.5002	0.4864	0.5202	0.4986	0.4825	0.4636	0.4054	0.4143	0.3906	0.3599	0.3556	0.3430
0.2057	0.2255	0.2324	0.2513	0.2726	0.2708	0.3060	0.3066	0.2955	0.3231	0.3540	0.3975	0.4098	0.4090	0.4212	0.4597	0.4794	0.5310	0.5522	0.5353	0.5336	0.4941	0.5090	0.5450	0.5632	0.5235	0.5866	0.6248	0.6508	0.6457	0.6948	0.7040	0.6882	0.6732	0.6640	0.7045	0.6939	0.6969	0.7139	0.6778	0.7238	0.7118	0.6775	0.6692	0.6467	0.6493	0.6549	0.6358	0.6446	0.6223	0.6312	0.5969	0.5856	0.6039	0.6007	0.5766	0.5494	0.5321	0.5062	0.4960	0.4751	0.4868	0.4592	0.4365	0.4320	0.3963	0.3711	0.3520	0.3032
0.1906	0.2135	0.2563	0.2460	0.2677	0.2657	0.2969	0.3214	0.3441	0.3112	0.3439	0.4000	0.4035	0.4165	0.4136	0.4636	0.5059	0.5345	0.5339	0.5516	0.5325	0.5101	0.5271	0.5637	0.5363	0.5526	0.5948	0.6576	0.6341	0.6750	0.6679	0.6654	0.7214	0.7024	0.6557	0.6945	0.7417	0.7508	0.7025	0.7124	0.7445	0.7332	0.6956	0.6960	0.6636	0.6245	0.6491	0.6486	0.6509	0.6645	0.6564	0.6124	0.6038	0.6032	0.5904	0.5838	0.5470	0.5117	0.5092	0.4988	0.4993	0.4873	0.4460	0.4452	0.4182	0.3761	0.3477	0.3673	0.3435
0.2081	0.2371	0.2431	0.2589	0.2582	0.2905	0.3005	0.3137	0.3311	0.3194	0.3572	0.3942	0.3721	0.3763	0.4299	0.4801	0.5328	0.5029	0.5124	0.5271	0.5202	0.5425	0.5410	0.5371	0.5321	0.5452	0.5261	0.5709	0.6117	0.6624	0.6532	0.6808	0.6913	0.7114	0.7281	0.7406	0.7251	0.7088	0.7157	0.7377	0.7091	0.7312	0.6875	0.6937	0.6663	0.6290	0.6316	0.6408	0.6667	0.7097	0.6766	0.6505	0.7056	0.6788	0.5995	0.5810	0.5696	0.5502	0.5441	0.5467	0.4990	0.4878	0.4695	0.4164	0.4076	0.3723	0.3628	0.3477	0.3212
0.1922	0.2073	0.2260	0.2474	0.2695	0.2543	0.2722	0.3276	0.3551	0.3514	0.3517	0.3806	0.3927	0.3979	0.4446	0.4898	0.5167	0.5271	0.5397	0.5443	0.5111	0.5299	0.5338	0.5414	0.5552	0.5566	0.5287	0.5594	0.6460	0.6673	0.7037	0.7200	0.7256	0.6994	0.7580	0.7815	0.7281	0.7511	0.7498	0.7318	0.7269	0.7116	0.7088	0.6744	0.6834	0.6812	0.6503	0.6903	0.6636	0.6995	0.7335	0.6779	0.6990	0.7117	0.6598	0.5796	0.6001	0.6042	0.5604	0.5369	0.5080	0.4985	0.5305	0.4587	0.4113	0.3841	0.3863	0.3633	0.3389
0.1777	0.2070	0.2233	0.2510	0.2795	0.2670	0.2846	0.3312	0.3586	0.3627	0.3551	0.3845	0.3964	0.4079	0.4304	0.4826	0.5243	0.5079	0.5108	0.5378	0.5468	0.5205	0.5101	0.5339	0.5544	0.5704	0.5804	0.6035	0.6455	0.6594	0.7334	0.7390	0.7424	0.7494	0.8007	0.8030	0.7931	0.7963	0.7642	0.7430	0.7520	0.7531	0.7439	0.7002	0.6828	0.6737	0.6973	0.7164	0.7308	0.6899	0.6804	0.6775	0.7365	0.7045	0.6911	0.6643	0.6689	0.6506	0.6049	0.5931	0.5472	0.5185	0.5376	0.4659	0.4366	0.3909	0.3772	0.3375	0.3433
0.1884	0.2447	0.2716	0.2529	0.2538	0.2615	0.3064	0.3446	0.3550	0.3480	0.3655	0.3684	0.3916	0.4284	0.4200	0.4899	0.5198	0.5233	0.5145	0.5339	0.5455	0.5062	0.5084	0.5396	0.5601	0.5852	0.5896	0.6664	0.6664	0.6646	0.7053	0.7534	0.7815	0.7895	0.8327	0.8374	0.7932	0.7757	0.8151	0.7722	0.8099	0.7936	0.7669	0.7401	0.6816	0.6974	0.7400	0.7081	0.7181	0.7062	0.7343	0.6902	0.6986	0.7166	0.6978	0.6825	0.6616	0.6618	0.6953	0.6663	0.6229	0.5964	0.5462	0.4889	0.4475	0.4180	0.4308	0.3763	0.3620
0.1649	0.2002	0.2417	0.2317	0.2821	0.2610	0.2985	0.3454	0.3400	0.3388	0.3894	0.3768	0.3942	0.4298	0.4445	0.4724	0.4762	0.5178	0.5075	0.5453	0.5392	0.5273	0.5285	0.5819	0.5975	0.5969	0.6092	0.6420	0.6495	0.6687	0.6811	0.7219	0.7497	0.7601	0.8376	0.8600	0.8152	0.8193	0.8661	0.8093	0.8367	0.7850	0.7671	0.7607	0.7202	0.7294	0.7181	0.7085	0.6778	0.7588	0.7137	0.7211	0.7457	0.7925	0.7383	0.7297	0.7635	0.7190	0.7363	0.7493	0.7279	0.6395	0.5680	0.5253	0.5231	0.4436	0.4261	0.4116	0.3311
0.1822	0.1880	0.2201	0.2435	0.2843	0.3063	0.3345	0.3551	0.3559	0.3535	0.3796	0.3836	0.4113	0.4470	0.4642	0.4803	0.4766	0.4893	0.4933	0.5402	0.5273	0.5484	0.5514	0.5598	0.6068	0.5941	0.6436	0.6377	0.6840	0.6649	0.6462	0.6729	0.7230	0.7754	0.8053	0.8216	0.8093	0.8341	0.7900	0.7755	0.8164	0.7770	0.7677	0.7536	0.7641	0.7311	0.7262	0.7566	0.7555	0.7513	0.7578	0.7637	0.7584	0.7405	0.7481	0.7651	0.7549	0.7305	0.6084	0.6762	0.7349	0.6741	0.6240	0.5845	0.5299	0.4527	0.4546	0.4322	0.3716
0.1980	0.1959	0.2296	0.2872	0.3061	0.3183	0.3606	0.3526	0.3784	0.3895	0.3772	0.4225	0.4469	0.4665	0.4775	0.4847	0.4723	0.5173	0.5254	0.5341	0.5821	0.5796	0.5506	0.5810	0.5782	0.5787	0.5930	0.6322	0.6659	0.6711	0.6803	0.7064	0.7366	0.8037	0.8053	0.8248	0.8214	0.8173	0.7501	0.7631	0.8131	0.7953	0.7453	0.7653	0.7867	0.7346	0.7401	0.7418	0.7854	0.7742	0.7574	0.7359	0.7461	0.7439	0.7729	0.7605	0.7619	0.7112	0.5023	0.5727	0.6909	0.7198	0.6915	0.5958	0.5189	0.4904	0.4644	0.4338	0.3824
0.2231	0.2609	0.2889	0.2981	0.3002	0.3517	0.3812	0.3887	0.4142	0.4417	0.4831	0.5144	0.5068	0.4800	0.5383	0.5205	0.5444	0.5807	0.5817	0.5687	0.5685	0.5907	0.5881	0.6001	0.5866	0.6457	0.6174	0.6223	0.6590	0.6347	0.7072	0.7336	0.7513	0.8186	0.8654	0.8457	0.8400	0.8206	0.7908	0.7808	0.8145	0.7709	0.7693	0.7752	0.7739	0.7614	0.7674	0.7521	0.7768	0.7796	0.7838	0.7883	0.7945	0.8182	0.7953	0.7742	0.7742	0.5957	0.4357	0.5415	0.7449	0.7641	0.7198	0.6603	0.6033	0.5227	0.5042	0.4769	0.3998
0.2346	0.3743	0.4347	0.4618	0.4728	0.5065	0.5167	0.5124	0.5203	0.5500	0.6000	0.5961	0.5861	0.6114	0.6342	0.6023	0.6782	0.6501	0.6101	0.5667	0.5306	0.5603	0.5890	0.5879	0.5971	0.6224	0.6028	0.6394	0.6594	0.6724	0.7371	0.7748	0.8403	0.8565	0.8767	0.8490	0.8690	0.8606	0.8435	0.8117	0.8023	0.8380	0.8161	0.8056	0.7885	0.7783	0.8022	0.8031	0.8143	0.8001	0.7959	0.8423	0.8087	0.8028	0.7496	0.8012	0.7694	0.5197	0.3975	0.5176	0.7449	0.7864	0.7661	0.7036	0.6273	0.5453	0.5093	0.4899	0.4431
0.1617	0.2957	0.4232	0.5358	0.6031	0.6814	0.7212	0.7056	0.6669	0.6923	0.6481	0.6752	0.6614	0.6730	0.7057	0.7684	0.7738	0.7474	0.7012	0.6679	0.6186	0.5980	0.5955	0.5894	0.5681	0.6084	0.6298	0.6454	0.6918	0.7676	0.7976	0.7938	0.8385	0.8727	0.8912	0.8620	0.8733	0.8483	0.8243	0.8183	0.8219	0.8544	0.9203	0.8854	0.8695	0.8703	0.8878	0.8654	0.8555	0.8419	0.8690	0.8625	0.8853	0.8634	0.8014	0.7723	0.7413	0.4849	0.3839	0.4413	0.5857	0.6743	0.7073	0.7412	0.6596	0.6119	0.5701	0.5364	0.4487
0.0628	0.1101	0.1612	0.2351	0.3285	0.4351	0.5195	0.5892	0.6454	0.7132	0.7429	0.7419	0.7497	0.7585	0.7814	0.8278	0.8330	0.8491	0.8359	0.7788	0.7635	0.7357	0.6847	0.6620	0.6553	0.6283	0.6487	0.7082	0.7831	0.8315	0.8668	0.8931	0.8750	0.8901	0.9174	0.9133	0.8786	0.8529	0.8629	0.8426	0.8898	0.8893	0.9505	0.9233	0.9214	0.9316	0.9580	0.9188	0.8842	0.8721	0.8260	0.8606	0.8577	0.8942	0.8601	0.8459	0.7056	0.3894	0.3413	0.3534	0.3946	0.4512	0.5376	0.6696	0.6686	0.5965	0.4961	0.5325	0.4956
0.0119	0.0556	0.0767	0.0880	0.1170	0.1351	0.1724	0.2118	0.2606	0.3240	0.4277	0.4752	0.5197	0.5971	0.6919	0.7573	0.8206	0.8474	0.8166	0.7679	0.7893	0.7502	0.7201	0.7153	0.7151	0.6761	0.6850	0.7262	0.8124	0.8752	0.8894	0.9153	0.9245	0.9670	0.9539	0.9891	0.8990	0.9000	0.8464	0.8768	0.9224	0.9126	0.9612	0.9506	0.9494	0.9806	0.9910	0.9436	0.8404	0.5661	0.4972	0.5639	0.6905	0.8708	0.8254	0.7745	0.5115	0.3053	0.2904	0.3278	0.3265	0.3312	0.3623	0.4420	0.4827	0.4085	0.3762	0.4139	0.4868
0.0106	0.0298	0.0507	0.0522	0.0655	0.0711	0.0771	0.0963	0.1027	0.1349	0.1484	0.1888	0.2137	0.2293	0.2879	0.3386	0.4351	0.5307	0.6898	0.7903	0.7864	0.7532	0.7903	0.7838	0.7945	0.7654	0.7392	0.7940	0.8884	0.9134	0.9397	0.9305	0.9378	1.0000	0.9677	0.9239	0.8738	0.9112	0.8394	0.8554	0.9720	0.9337	0.9097	0.8765	0.7501	0.8149	0.7651	0.8232	0.7423	0.4448	0.3190	0.3567	0.4640	0.6706	0.7381	0.5971	0.3483	0.2896	0.2891	0.2970	0.3005	0.2957	0.3177	0.3187	0.3239	0.3420	0.3960	0.4567	0.5292
0.0000	0.0087	0.0371	0.0535	0.0672	0.0795	0.0705	0.0790	0.0819	0.0893	0.0920	0.0945	0.1046	0.1097	0.1205	0.1453	0.1694	0.2088	0.2797	0.4274	0.5087	0.5635	0.6956	0.6971	0.6489	0.7090	0.6989	0.7626	0.7570	0.7982	0.8699	0.9199	0.9341	0.9986	0.9912	0.9831	0.9447	0.9575	0.9494	0.8858	0.8851	0.8670	0.6446	0.4841	0.3839	0.4325	0.3657	0.4603	0.5047	0.3289	0.2514	0.2679	0.2738	0.3185	0.3947	0.3611	0.2850	0.2765	0.2653	0.2744	0.2728	0.2715	0.3030	0.2995	0.3121	0.3631	0.4027	0.5153	0.5799
0.0131	0.0161	0.0404	0.0547	0.0469	0.0467	0.0600	0.0712	0.0597	0.0647	0.0825	0.0735	0.0890	0.0960	0.0955	0.1111	0.1152	0.1310	0.1468	0.1368	0.1920	0.2232	0.2807	0.3055	0.2639	0.3180	0.3630	0.3238	0.3068	0.3137	0.3751	0.4317	0.5714	0.8198	0.9355	0.8482	0.7920	0.8596	0.8495	0.7478	0.6999	0.6241	0.3102	0.2188	0.2240	0.2475	0.2386	0.2372	0.2536	0.2371	0.2278	0.2026	0.2173	0.2223	0.2234	0.2330	0.2182	0.2236	0.2189	0.2241	0.2293	0.2297	0.2639	0.2672	0.2722	0.3105	0.3519	0.4902	0.5169
0.0150	0.0159	0.0250	0.0405	0.0438	0.0645	0.0468	0.0699	0.0603	0.0588	0.0714	0.0734	0.0712	0.0842	0.0873	0.0973	0.0993	0.1079	0.1083	0.1088	0.1187	0.1152	0.1319	0.1303	0.1367	0.1391	0.1516	0.1461	0.1628	0.1618	0.1746	0.1971	0.2363	0.3488	0.4591	0.4297	0.3215	0.3674	0.3486	0.2693	0.2510	0.2299	0.1887	0.1818	0.1819	0.1907	0.1843	0.1914	0.1795	0.1801	0.1887	0.1834	0.1884	0.1735	0.1943	0.1897	0.1960	0.1906	0.2003	0.1944	0.2042	0.2136	0.2242	0.2310	0.2246	0.2341	0.2645	0.3478	0.4382
0.0122	0.0279	0.0226	0.0304	0.0505	0.0531	0.0450	0.0694	0.0610	0.0598	0.0633	0.0713	0.0726	0.0666	0.0785	0.0836	0.0877	0.0873	0.1009	0.1023	0.0961	0.1011	0.1103	0.1110	0.1182	0.1248	0.1202	0.1316	0.1447	0.1422	0.1333	0.1351	0.1388	0.1612	0.1792	0.1632	0.1467	0.1503	0.1541	0.1406	0.1495	0.1442	0.1436	0.1507	0.1437	0.1399	0.1448	0.1455	0.1431	0.1457	0.1552	0.1501	0.1542	0.1447	0.1499	0.1642	0.1633	0.1632	0.1661	0.1896	0.1751	0.1737	0.1858	0.2008	0.1999	0.1994	0.2062	0.2375	0.2814
0.0083	0.0281	0.0257	0.0237	0.0223	0.0318	0.0293	0.0504	0.0437	0.0442	0.0577	0.0590	0.0581	0.0566	0.0620	0.0670	0.0799	0.0849	0.0915	0.0933	0.0938	0.0874	0.0938	0.0876	0.1094	0.1063	0.0909	0.1150	0.1263	0.1118	0.1087	0.1038	0.1226	0.1203	0.1286	0.1236	0.1260	0.1361	0.1291	0.1224	0.1210	0.1215	0.1259	0.1163	0.1186	0.1198	0.1185	0.1250	0.1220	0.1152	0.1094	0.1093	0.1201	0.1143	0.1206	0.1314	0.1268	0.1223	0.1224	0.1420	0.1497	0.1561	0.1631	0.1742	0.1654	0.1629	0.1771	0.2088	0.1874
0.0050	0.0231	0.0159	0.0271	0.0200	0.0238	0.0406	0.0451	0.0329	0.0437	0.0411	0.0497	0.0508	0.0582	0.0631	0.0658	0.0726	0.0684	0.0683	0.0728	0.0722	0.0756	0.0790	0.0752	0.0835	0.0869	0.0968	0.0909	0.0867	0.0981	0.1003	0.0999	0.1131	0.1107	0.1083	0.1058	0.1022	0.1060	0.1058	0.0994	0.0885	0.0937	0.1077	0.0976	0.1027	0.1108	0.1076	0.1053	0.1055	0.0937	0.0981	0.1114	0.0981	0.0940	0.0993	0.0999	0.0936	0.1036	0.0992	0.1125	0.1128	0.1142	0.1148	0.1170	0.1152	0.1064	0.1241	0.1455	0.1420
0.0000	0.0106	0.0208	0.0303	0.0141	0.0180	0.0388	0.0422	0.0444	0.0340	0.0282	0.0448	0.0425	0.0506	0.0565	0.0615	0.0627	0.0585	0.0629	0.0664	0.0735	0.0715	0.0734	0.0717	0.0779	0.0891	0.0963	0.0807	0.0891	0.0874	0.0819	0.0890	0.0982	0.0943	0.0998	0.0946	0.0871	0.0895	0.0959	0.0821	0.0898	0.0833	0.0890	0.0863	0.0986	0.0893	0.0936	0.0858	0.0898	0.0831	0.0857	0.0928	0.0872	0.0785	0.0817	0.0895	0.0859	0.0858	0.0893	0.0962	0.0915	0.0900	0.0863	0.0901	0.0901	0.0901	0.1016	0.0995	0.0965
0.0000	0.0000	0.0234	0.0200	0.0035	0.0118	0.0293	0.0362	0.0248	0.0388	0.0390	0.0505	0.0435	0.0475	0.0500	0.0498	0.0584	0.0587	0.0534	0.0627	0.0705	0.0717	0.0664	0.0667	0.0743	0.0835	0.0749	0.0742	0.0846	0.0825	0.0664	0.0738	0.0944	0.0893	0.0871	0.0879	0.0873	0.0815	0.0752	0.0833	0.0943	0.0847	0.0819	0.0828	0.0812	0.0798	0.0777	0.0841	0.0840	0.0817	0.0778	0.0808	0.0708	0.0799	0.0803	0.0826	0.0738	0.0644	0.0732	0.0766	0.0718	0.0695	0.0718	0.0728	0.0828	0.0829	0.0792	0.0792	0.0838
0.0000	0.0000	0.0096	0.0162	0.0135	0.0069	0.0207	0.0199	0.0231	0.0319	0.0365	0.0379	0.0421	0.0385	0.0473	0.0532	0.0517	0.0509	0.0587	0.0684	0.0623	0.0684	0.0671	0.0646	0.0657	0.0683	0.0651	0.0718	0.0739	0.0746	0.0701	0.0697	0.0725	0.0848	0.0808	0.0836	0.0845	0.0775	0.0723	0.0717	0.0783	0.0795	0.0778	0.0694	0.0661	0.0664	0.0630	0.0745	0.0721	0.0709	0.0788	0.0711	0.0651	0.0743	0.0799	0.0736	0.0670	0.0676	0.0617	0.0674	0.0719	0.0593	0.0628	0.0731	0.0743	0.0632	0.0589	0.0611	0.0575
0.0000	0.0000	0.0121	0.0082	0.0027	0.0000	0.0125	0.0307	0.0228	0.0313	0.0250	0.0241	0.0311	0.0358	0.0440	0.0485	0.0370	0.0472	0.0507	0.0479	0.0480	0.0573	0.0506	0.0549	0.0661	0.0626	0.0699	0.0653	0.0711	0.0780	0.0623	0.0604	0.0660	0.0733	0.0650	0.0706	0.0741	0.0680	0.0776	0.0687	0.0687	0.0694	0.0712	0.0673	0.0588	0.0538	0.0630	0.0689	0.0612	0.0577	0.0573	0.0624	0.0628	0.0630	0.0673	0.0630	0.0606	0.0586	0.0610	0.0582	0.0630	0.0534	0.0524	0.0571	0.0616	0.0532	0.0574	0.0550	0.0487
0.0000	0.0000	0.0000	0.0000	0.0000	0.0000	0.0092	0.0192	0.0130	0.0222	0.0084	0.0250	0.0307	0.0344	0.0349	0.0422	0.0386	0.0318	0.0363	0.0521	0.0503	0.0361	0.0427	0.0503	0.0635	0.0538	0.0584	0.0613	0.0653	0.0637	0.0506	0.0557	0.0655	0.0622	0.0628	0.0573	0.0549	0.0630	0.0696	0.0647	0.0542	0.0604	0.0643	0.0652	0.0590	0.0595	0.0583	0.0553	0.0533	0.0547	0.0547	0.0645	0.0561	0.0489	0.0550	0.0513	0.0524	0.0454	0.0516	0.0586	0.0439	0.0364	0.0500	0.0483	0.0566	0.0511	0.0534	0.0459	0.0490
0.0000	0.0000	0.0005	0.0039	0.0000	0.0000	0.0082	0.0152	0.0095	0.0013	0.0119	0.0221	0.0271	0.0224	0.0319	0.0339	0.0380	0.0362	0.0342	0.0388	0.0413	0.0381	0.0392	0.0473	0.0569	0.0490	0.0496	0.0560	0.0606	0.0557	0.0542	0.0520	0.0594	0.0569	0.0635	0.0587	0.0576	0.0649	0.0647	0.0548	0.0548	0.0620	0.0585	0.0563	0.0584	0.0582	0.0565	0.0599	0.0517	0.0556	0.0497	0.0564	0.0556	0.0531	0.0606	0.0558	0.0521	0.0458	0.0537	0.0512	0.0443	0.0360	0.0404	0.0456	0.0428	0.0367	0.0380	0.0391	0.0360
0.0000	0.0000	0.0000	0.0033	0.0000	0.0000	0.0075	0.0036	0.0096	0.0088	0.0249	0.0267	0.0271	0.0191	0.0263	0.0318	0.0282	0.0301	0.0387	0.0490	0.0395	0.0437	0.0430	0.0459	0.0539	0.0507	0.0422	0.0509	0.0631	0.0599	0.0564	0.0477	0.0525	0.0645	0.0636	0.0588	0.0526	0.0563	0.0623	0.0591	0.0538	0.0580	0.0592	0.0523	0.0538	0.0560	0.0568	0.0533	0.0471	0.0495	0.0534	0.0448	0.0533	0.0552	0.0474	0.0492	0.0492	0.0417	0.0394	0.0397	0.0392	0.0333	0.0391	0.0411	0.0359	0.0331	0.0306	0.0365	0.0320
0.0000	0.0000	0.0000	0.0000	0.0000	0.0000	0.0104	0.0000	0.0018	0.0069	0.0166	0.0344	0.0262	0.0166	0.0257	0.0258	0.0408	0.0208	0.0221	0.0295	0.0345	0.0361	0.0380	0.0412	0.0435	0.0394	0.0464	0.0624	0.0595	0.0603	0.0622	0.0512	0.0520	0.0607	0.0510	0.0511	0.0486	0.0485	0.0545	0.0540	0.0528	0.0595	0.0570	0.0486	0.0508	0.0501	0.0468	0.0443	0.0389	0.0377	0.0430	0.0413	0.0412	0.0401	0.0435	0.0532	0.0431	0.0316	0.0320	0.0303	0.0365	0.0320	0.0405	0.0326	0.0416	0.0265	0.0287	0.0301	0.0274
0.0000	0.0000	0.0000	0.0000	0.0041	0.0053	0.0000	0.0028	0.0000	0.0000	0.0148	0.0277	0.0216	0.0150	0.0201	0.0179	0.0249	0.0315	0.0228	0.0308	0.0377	0.0325	0.0346	0.0385	0.0359	0.0330	0.0443	0.0547	0.0611	0.0535	0.0474	0.0432	0.0493	0.0478	0.0531	0.0499	0.0466	0.0549	0.0517	0.0504	0.0498	0.0541	0.0512	0.0417	0.0532	0.0501	0.0389	0.0402	0.0388	0.0420	0.0468	0.0492	0.0406	0.0357	0.0463	0.0486	0.0296	0.0303	0.0357	0.0377	0.0319	0.0339	0.0459	0.0343	0.0331	0.0326	0.0365	0.0251	0.0164
