0.0000	0.0000	0.0000	0.0129	0.0000	0.0000	0.0038	0.0141	0.0203	0.0074	0.0048	0.0252	0.0277	0.0272	0.0419	0.0360	0.0405	0.0434	0.0370	0.0385	0.0456	0.0568	0.0622	0.0691	0.0687	0.0723	0.0944	0.0736	0.0739	0.0846	0.0820	0.0867	0.1042	0.1050	0.0830	0.0937	0.0858	0.0799	0.0935	0.0754	0.0846	0.0808	0.0929	0.0761	0.0660	0.0819	0.0895	0.0802	0.0781	0.0758	0.0682	0.0578	0.0542	0.0519	0.0660	0.0613	0.0560	0.0491	0.0487	0.0438	0.0335	0.0330	0.0370	0.0302	0.0272	0.0473	0.0332	0.0353	0.0313
0.0000	0.0000	0.0033	0.0217	0.0014	0.0088	0.0149	0.0112	0.0130	0.0231	0.0326	0.0421	0.0341	0.0319	0.0316	0.0492	0.0301	0.0388	0.0453	0.0504	0.0527	0.0556	0.0531	0.0685	0.0787	0.0834	0.0846	0.0865	0.0894	0.0796	0.1103	0.0933	0.0943	0.1053	0.0933	0.0967	0.0795	0.0803	0.1051	0.0954	0.0921	0.1042	0.0937	0.1103	0.0963	0.0856	0.0856	0.1016	0.0893	0.0845	0.0846	0.0648	0.0538	0.0649	0.0763	0.0722	0.0625	0.0611	0.0511	0.0577	0.0436	0.0397	0.0316	0.0479	0.0454	0.0373	0.0267	0.0330	0.0394
0.0000	0.0000	0.0000	0.0064	0.0160	0.0064	0.0102	0.0239	0.0218	0.0337	0.0370	0.0320	0.0302	0.0406	0.0354	0.0528	0.0438	0.0546	0.0632	0.0576	0.0446	0.0793	0.0733	0.0859	0.1118	0.0883	0.1076	0.0845	0.0840	0.1017	0.1114	0.1025	0.0950	0.0955	0.0984	0.1016	0.0962	0.1034	0.1064	0.1286	0.1058	0.1037	0.1097	0.1159	0.1051	0.1052	0.1133	0.1004	0.0825	0.0854	0.0940	0.0956	0.0793	0.0738	0.0648	0.0655	0.0721	0.0558	0.0625	0.0615	0.0611	0.0563	0.0523	0.0515	0.0500	0.0432	0.0333	0.0427	0.0432
0.0000	0.0000	0.0025	0.0098	0.0027	0.0099	0.0143	0.0176	0.0114	0.0457	0.0367	0.0391	0.0497	0.0408	0.0427	0.0822	0.0659	0.0713	0.0800	0.0610	0.0637	0.0664	0.0796	0.0820	0.1077	0.0991	0.0922	0.0813	0.0993	0.0998	0.0889	0.0914	0.0967	0.1008	0.1105	0.1089	0.0913	0.0987	0.1177	0.1027	0.1110	0.1051	0.1133	0.1153	0.1142	0.0994	0.1066	0.0934	0.0900	0.0946	0.1010	0.0932	0.0895	0.0794	0.0796	0.0764	0.0774	0.0716	0.0620	0.0612	0.0630	0.0618	0.0528	0.0563	0.0575	0.0510	0.0545	0.0532	0.0470
0.0000	0.0068	0.0120	0.0236	0.0131	0.0205	0.0202	0.0342	0.0239	0.0319	0.0318	0.0518	0.0599	0.0505	0.0471	0.0576	0.0536	0.0491	0.0804	0.0790	0.0663	0.0704	0.0772	0.0902	0.0963	0.1143	0.0951	0.0888	0.0975	0.1087	0.1068	0.0967	0.1231	0.1283	0.1202	0.1016	0.0944	0.0858	0.1068	0.1064	0.1068	0.1074	0.1271	0.1234	0.1100	0.1051	0.1102	0.1120	0.1025	0.1081	0.0856	0.0790	0.0846	0.0842	0.1019	0.0732	0.0635	0.0649	0.0606	0.0657	0.0570	0.0598	0.0628	0.0685	0.0720	0.0535	0.0642	0.0579	0.0502
0.0000	0.0000	0.0054	0.0166	0.0097	0.0084	0.0218	0.0282	0.0387	0.0383	0.0433	0.0506	0.0607	0.0617	0.0585	0.0703	0.0548	0.0528	0.0658	0.0973	0.0800	0.0664	0.0716	0.0792	0.0939	0.0880	0.0897	0.1151	0.1190	0.1134	0.1245	0.1088	0.1288	0.1345	0.1283	0.1244	0.1126	0.1053	0.0990	0.1148	0.1224	0.1294	0.1127	0.1136	0.1158	0.1030	0.1101	0.1165	0.1156	0.1128	0.0883	0.0883	0.0884	0.0815	0.0913	0.0864	0.0784	0.0691	0.0770	0.0828	0.0805	0.0661	0.0844	0.0691	0.0689	0.0611	0.0594	0.0705	0.0695
0.0000	0.0126	0.0163	0.0199	0.0075	0.0228	0.0283	0.0324	0.0239	0.0373	0.0631	0.0617	0.0494	0.0399	0.0579	0.0773	0.0682	0.0622	0.0728	0.0788	0.0928	0.1034	0.0881	0.0902	0.1253	0.1280	0.1055	0.1040	0.1270	0.1171	0.1174	0.1247	0.1243	0.1241	0.1330	0.1406	0.1323	0.1380	0.1167	0.1112	0.1197	0.1417	0.1347	0.1170	0.1262	0.1144	0.1268	0.1287	0.1287	0.1188	0.1194	0.1087	0.1062	0.1030	0.1028	0.1141	0.0972	0.0810	0.0867	0.0820	0.0890	0.0822	0.0849	0.0979	0.0987	0.0704	0.0637	0.0849	0.0935
0.0034	0.0172	0.0069	0.0100	0.0192	0.0317	0.0335	0.0403	0.0357	0.0452	0.0476	0.0617	0.0622	0.0529	0.0611	0.0770	0.0736	0.0821	0.0979	0.0781	0.0885	0.1055	0.0998	0.0924	0.1125	0.1351	0.1252	0.1318	0.1359	0.1415	0.1252	0.1209	0.1283	0.1362	0.1483	0.1456	0.1445	0.1262	0.1366	0.1352	0.1227	0.1240	0.1437	0.1338	0.1291	0.1533	0.1563	0.1466	0.1326	0.1285	0.1216	0.1203	0.1043	0.1017	0.1025	0.1113	0.0976	0.0956	0.1094	0.0980	0.1087	0.0983	0.0964	0.0981	0.1032	0.0929	0.0950	0.1020	0.1153
0.0008	0.0161	0.0184	0.0241	0.0411	0.0462	0.0411	0.0618	0.0543	0.0410	0.0576	0.0662	0.0753	0.0714	0.0804	0.0966	0.0789	0.0780	0.1056	0.1002	0.1020	0.1044	0.1138	0.1061	0.1214	0.1150	0.1293	0.1175	0.1450	0.1436	0.1266	0.1308	0.1450	0.1495	0.1415	0.1609	0.1501	0.1450	0.1571	0.1677	0.1482	0.1379	0.1518	0.1505	0.1487	0.1675	0.1765	0.1910	0.1596	0.1527	0.1491	0.1447	0.1227	0.1330	0.1332	0.1435	0.1196	0.1136	0.1273	0.1213	0.1215	0.1104	0.1197	0.1236	0.1146	0.1090	0.1151	0.1201	0.1211
0.0000	0.0176	0.0268	0.0351	0.0464	0.0374	0.0392	0.0629	0.0493	0.0657	0.0675	0.0710	0.0749	0.0725	0.0754	0.0826	0.0893	0.1044	0.0995	0.1038	0.1231	0.1102	0.1187	0.1315	0.1253	0.1283	0.1189	0.1295	0.1658	0.1730	0.1502	0.1556	0.1674	0.1829	0.1760	0.1580	0.1614	0.1682	0.1687	0.1808	0.1746	0.1668	0.1722	0.1753	0.1869	0.2163	0.2505	0.2317	0.1845	0.1719	0.1757	0.1597	0.1593	0.1629	0.1565	0.1533	0.1520	0.1436	0.1361	0.1312	0.1438	0.1364	0.1479	0.1434	0.1385	0.1307	0.1437	0.1581	0.1625
0.0064	0.0152	0.0350	0.0322	0.0398	0.0337	0.0416	0.0676	0.0696	0.0690	0.0683	0.0747	0.0834	0.1020	0.0889	0.0949	0.0991	0.1059	0.1046	0.0955	0.1404	0.1255	0.1395	0.1488	0.1867	0.1794	0.1528	0.1386	0.1755	0.1856	0.1651	0.1893	0.1835	0.2152	0.2185	0.2020	0.1901	0.2074	0.1981	0.1866	0.2037	0.2123	0.2249	0.2368	0.2669	0.4013	0.4777	0.4578	0.3134	0.2241	0.2044	0.2156	0.1780	0.1813	0.1848	0.1795	0.1861	0.1645	0.1468	0.1449	0.1695	0.1441	0.1622	0.1818	0.1678	0.1703	0.1546	0.1752	0.1908
0.0034	0.0151	0.0262	0.0352	0.0440	0.0506	0.0423	0.0691	0.0667	0.0688	0.0757	0.0778	0.0930	0.1002	0.0855	0.1118	0.1152	0.1163	0.1126	0.1124	0.1485	0.1447	0.1442	0.1665	0.1917	0.1760	0.1804	0.1773	0.1989	0.2048	0.2186	0.2260	0.2384	0.2741	0.3029	0.2858	0.2683	0.2669	0.2574	0.2428	0.2522	0.2718	0.3085	0.3541	0.3872	0.5339	0.7164	0.6783	0.5236	0.3285	0.2434	0.2320	0.2176	0.2276	0.2269	0.2387	0.2475	0.2032	0.1763	0.1809	0.1912	0.1929	0.1799	0.1979	0.2061	0.1905	0.1747	0.2010	0.2220
0.0233	0.0134	0.0317	0.0468	0.0704	0.0518	0.0502	0.0779	0.0855	0.0782	0.0938	0.0966	0.0905	0.0989	0.0933	0.1051	0.1123	0.1344	0.1365	0.1562	0.1592	0.1722	0.1686	0.1823	0.1989	0.2267	0.2190	0.2294	0.2817	0.3961	0.4354	0.4121	0.4087	0.5449	0.7263	0.6304	0.5379	0.3828	0.3428	0.3285	0.3363	0.3980	0.4781	0.6209	0.6614	0.5748	0.6563	0.6377	0.6795	0.4746	0.3796	0.3694	0.2952	0.2678	0.2639	0.3573	0.3625	0.2473	0.2298	0.2137	0.2078	0.2354	0.2290	0.2496	0.2708	0.2322	0.2152	0.2337	0.2294
0.0134	0.0236	0.0522	0.0524	0.0616	0.0456	0.0635	0.0828	0.0751	0.0839	0.0981	0.1024	0.1066	0.1070	0.1105	0.1203	0.1451	0.1684	0.1840	0.1975	0.2122	0.2265	0.2499	0.2611	0.3132	0.3605	0.4254	0.4921	0.6071	0.8274	0.8373	0.8288	0.8578	0.9013	0.9755	0.8778	0.8442	0.7393	0.6237	0.5677	0.6141	0.6876	0.8261	0.8141	0.8400	0.7671	0.7120	0.7038	0.6903	0.6293	0.6412	0.6482	0.4088	0.2872	0.3022	0.4509	0.4919	0.3068	0.2556	0.2581	0.2450	0.2512	0.2843	0.2969	0.2733	0.2439	0.2642	0.2539	0.2439
0.0188	0.0263	0.0461	0.0561	0.0474	0.0540	0.0789	0.0811	0.0854	0.1033	0.1250	0.1202	0.1381	0.1241	0.1418	0.1613	0.1981	0.2159	0.2475	0.2852	0.3673	0.4569	0.5075	0.5531	0.6078	0.7449	0.8125	0.8688	0.9292	0.9520	0.9420	0.9641	0.9812	0.9748	0.9094	0.8632	0.8194	0.7979	0.8179	0.7722	0.7587	0.8004	0.8504	0.7832	0.7632	0.7307	0.7284	0.7104	0.7470	0.6915	0.7022	0.6755	0.5792	0.3955	0.3604	0.4367	0.5519	0.3815	0.3580	0.3774	0.2924	0.2806	0.3223	0.2879	0.2590	0.2478	0.2563	0.3025	0.2922
0.0219	0.0371	0.0511	0.0647	0.0798	0.0823	0.0960	0.1085	0.1184	0.1286	0.1487	0.1478	0.1705	0.1827	0.2195	0.2365	0.3325	0.3417	0.4200	0.5083	0.6685	0.8268	0.8255	0.8716	0.8414	0.8602	0.8313	0.8418	0.8422	0.8223	0.8512	0.8812	0.8987	0.8924	0.8276	0.8403	0.7978	0.7306	0.7225	0.7128	0.7277	0.7189	0.7690	0.7591	0.7342	0.7559	0.7323	0.7107	0.6942	0.6946	0.7002	0.7454	0.6987	0.6022	0.4719	0.4528	0.5310	0.4682	0.5585	0.5556	0.3753	0.3585	0.4386	0.3911	0.2650	0.2730	0.2822	0.3576	0.3548
0.0366	0.0487	0.0651	0.0862	0.0987	0.1201	0.1379	0.1603	0.1728	0.1895	0.2246	0.2644	0.3022	0.3174	0.3750	0.4543	0.4903	0.5958	0.7193	0.8126	0.9058	0.8903	0.8624	0.8264	0.8133	0.7588	0.7489	0.7266	0.7578	0.7830	0.8085	0.8482	0.8753	0.8241	0.8181	0.7724	0.7486	0.7370	0.7320	0.6805	0.6913	0.7196	0.7467	0.7408	0.7498	0.7000	0.7141	0.6995	0.6311	0.6727	0.7090	0.7354	0.6724	0.6691	0.6001	0.5352	0.5424	0.5450	0.6195	0.5886	0.5213	0.4507	0.4773	0.4254	0.2936	0.2798	0.3076	0.3152	0.3268
0.0600	0.0799	0.1086	0.1497	0.1851	0.2399	0.2954	0.3386	0.3920	0.3672	0.4427	0.4656	0.5530	0.6206	0.6861	0.7920	0.7675	0.8968	0.9483	0.9320	0.9131	0.8374	0.8010	0.7534	0.7620	0.7273	0.7382	0.7333	0.7131	0.7711	0.8444	0.7991	0.8065	0.8221	0.7910	0.7801	0.7530	0.7177	0.7310	0.6868	0.6578	0.6938	0.7200	0.6789	0.6864	0.6586	0.6701	0.6824	0.6428	0.6526	0.6650	0.7027	0.6806	0.6467	0.6265	0.6071	0.5289	0.5865	0.6157	0.5689	0.5668	0.5348	0.4820	0.4527	0.3200	0.3582	0.3838	0.3720	0.3251
0.1165	0.2018	0.2975	0.3864	0.4743	0.5831	0.6241	0.6313	0.7170	0.6467	0.6449	0.7253	0.8154	0.7977	0.8744	0.8959	0.8712	0.8741	0.8433	0.8070	0.8154	0.8135	0.7923	0.7124	0.6807	0.6896	0.7370	0.6667	0.6908	0.7498	0.7389	0.7355	0.7430	0.7889	0.7462	0.7297	0.7059	0.6871	0.6925	0.6766	0.6586	0.6652	0.7163	0.6586	0.6525	0.6829	0.6765	0.6592	0.6432	0.6707	0.6569	0.6607	0.6502	0.6541	0.6301	0.6001	0.5470	0.5570	0.5636	0.5777	0.5855	0.5215	0.4698	0.4324	0.3458	0.3797	0.4006	0.3860	0.3797
0.2339	0.3503	0.4307	0.4733	0.4932	0.5579	0.5926	0.5839	0.6492	0.6232	0.6466	0.6811	0.7319	0.6708	0.6788	0.7207	0.7800	0.7703	0.6949	0.6784	0.6740	0.7139	0.7065	0.6529	0.6509	0.6158	0.6465	0.6653	0.6391	0.6790	0.6391	0.6390	0.7037	0.7226	0.6769	0.6903	0.6765	0.6503	0.6302	0.6221	0.6737	0.6566	0.6519	0.6543	0.6487	0.6206	0.6311	0.6404	0.6354	0.5995	0.5972	0.6060	0.5803	0.6061	0.5908	0.5594	0.5331	0.5218	0.5139	0.5211	0.5161	0.4949	0.4906	0.4462	0.4202	0.3853	0.3846	0.3960	0.3808
0.2425	0.3058	0.3112	0.3040	0.3172	0.3334	0.3871	0.4259	0.4405	0.4946	0.5428	0.5453	0.6259	0.5633	0.5628	0.6156	0.6045	0.6335	0.5896	0.5484	0.6004	0.5809	0.5805	0.6199	0.5559	0.5661	0.5716	0.6128	0.6308	0.6421	0.7136	0.6671	0.6992	0.7041	0.6398	0.6951	0.6936	0.6526	0.6431	0.6376	0.6344	0.6123	0.6391	0.6558	0.6091	0.6067	0.6387	0.6278	0.5739	0.5530	0.5911	0.5879	0.5326	0.5864	0.5425	0.5291	0.4998	0.4997	0.5112	0.4907	0.4898	0.4795	0.4585	0.4413	0.4260	0.3838	0.3761	0.3397	0.3517
0.2410	0.2612	0.2790	0.2517	0.2413	0.2696	0.3472	0.3878	0.3796	0.4090	0.4033	0.3998	0.4677	0.4840	0.4831	0.5046	0.5628	0.5891	0.5577	0.5150	0.5514	0.5911	0.5948	0.5426	0.5491	0.5624	0.5740	0.6221	0.6521	0.6681	0.6581	0.6391	0.6562	0.6548	0.6470	0.6636	0.6292	0.6405	0.6449	0.6301	0.6288	0.6391	0.6412	0.6430	0.6325	0.6033	0.6023	0.5790	0.5449	0.5364	0.5958	0.5618	0.5184	0.5453	0.5014	0.5105	0.4959	0.4955	0.4895	0.4608	0.4780	0.4588	0.4339	0.4155	0.3876	0.3728	0.3474	0.3421	0.3340
0.2000	0.2423	0.2631	0.2656	0.2702	0.3041	0.3380	0.3218	0.3363	0.3657	0.3710	0.3945	0.4206	0.4578	0.5240	0.5773	0.5805	0.5526	0.5669	0.5394	0.5526	0.6032	0.5703	0.5585	0.5923	0.5634	0.5982	0.6599	0.6772	0.6721	0.6342	0.6356	0.6761	0.6502	0.6119	0.6008	0.6449	0.6592	0.6461	0.6154	0.6134	0.6085	0.6287	0.6231	0.6527	0.6219	0.6030	0.5896	0.5488	0.5327	0.5402	0.5655	0.5722	0.5588	0.5253	0.5040	0.5047	0.4944	0.4544	0.4865	0.4587	0.4404	0.4189	0.4154	0.3658	0.3633	0.3455	0.3233	0.3298
0.2138	0.2443	0.2535	0.2882	0.2658	0.3089	0.3211	0.3449	0.3714	0.3249	0.3371	0.4129	0.4538	0.4843	0.5056	0.5416	0.5829	0.6051	0.6128	0.5646	0.5974	0.6125	0.5969	0.5712	0.6563	0.5881	0.6180	0.6462	0.6542	0.6680	0.6523	0.6751	0.6521	0.6635	0.6581	0.6232	0.6316	0.6464	0.6033	0.6046	0.6239	0.6097	0.6297	0.6270	0.6552	0.6416	0.6273	0.5877	0.5417	0.5418	0.5225	0.5271	0.5688	0.5464	0.5050	0.5090	0.4910	0.4697	0.4934	0.4783	0.4421	0.4408	0.4161	0.3978	0.3555	0.3316	0.3251	0.2958	0.3066
0.2319	0.2383	0.2602	0.2988	0.2885	0.2787	0.3012	0.3408	0.3560	0.3436	0.3928	0.4418	0.4859	0.5147	0.5062	0.5271	0.5365	0.6050	0.5941	0.5912	0.5661	0.5979	0.6310	0.6304	0.6244	0.6020	0.6230	0.6228	0.6671	0.6678	0.6518	0.6457	0.6542	0.6834	0.6270	0.6189	0.6592	0.6261	0.6034	0.6191	0.6184	0.6363	0.6422	0.5884	0.5893	0.5957	0.6172	0.5736	0.5641	0.5483	0.5325	0.5315	0.5400	0.5296	0.5308	0.5112	0.4938	0.4727	0.4879	0.4748	0.4480	0.4301	0.4345	0.3853	0.3596	0.3372	0.3057	0.3228	0.3007
0.2366	0.2321	0.2461	0.3005	0.2971	0.3124	0.3163	0.3411	0.3332	0.3572	0.4169	0.4546	0.5000	0.5494	0.5465	0.5413	0.5806	0.5655	0.5668	0.5765	0.6006	0.6048	0.5800	0.5875	0.5948	0.5888	0.6138	0.6258	0.6354	0.6213	0.6533	0.6163	0.6148	0.6271	0.6200	0.5849	0.5867	0.5828	0.6132	0.5937	0.5825	0.5980	0.5610	0.6042	0.6229	0.6137	0.6183	0.6167	0.5848	0.5732	0.5521	0.5323	0.5241	0.5200	0.5424	0.5139	0.5023	0.4927	0.4903	0.4657	0.4592	0.4423	0.4179	0.4020	0.3839	0.3406	0.3276	0.3436	0.3013
0.2210	0.2415	0.2611	0.2940	0.3012	0.3151	0.3187	0.3335	0.3233	0.3462	0.4220	0.4494	0.4647	0.5322	0.5486	0.5492	0.5351	0.5459	0.5861	0.6096	0.6003	0.5847	0.5729	0.6210	0.5741	0.5685	0.5618	0.5786	0.5909	0.6188	0.6055	0.5977	0.6333	0.5882	0.5758	0.5738	0.5854	0.5757	0.5985	0.5770	0.5622	0.5590	0.5760	0.5795	0.6170	0.6008	0.5740	0.5550	0.5654	0.5583	0.5580	0.5611	0.5465	0.5374	0.5285	0.5084	0.4652	0.4765	0.4816	0.4824	0.4417	0.4115	0.4347	0.4109	0.3903	0.3313	0.3370	0.3462	0.3146
0.2155	0.2392	0.2799	0.2768	0.2658	0.2933	0.3379	0.3358	0.3263	0.3712	0.3970	0.4327	0.4607	0.4881	0.5411	0.6027	0.5470	0.5317	0.5599	0.6105	0.5862	0.5554	0.5679	0.5964	0.6023	0.5795	0.5518	0.5830	0.5783	0.6098	0.6169	0.5974	0.5916	0.5590	0.5257	0.5401	0.5609	0.5690	0.5760	0.5384	0.5546	0.5859	0.6030	0.5607	0.5667	0.5765	0.5642	0.5658	0.5808	0.5269	0.5521	0.5739	0.5908	0.5670	0.5382	0.4923	0.4935	0.4759	0.4627	0.4998	0.4791	0.4492	0.4447	0.4153	0.4104	0.3810	0.3792	0.3541	0.3423
0.2187	0.2370	0.2652	0.2520	0.2735	0.2921	0.3065	0.3314	0.3278	0.3383	0.3909	0.4149	0.4295	0.4517	0.5137	0.5692	0.5811	0.5742	0.5968	0.5789	0.6157	0.5794	0.5978	0.6378	0.6259	0.5682	0.5877	0.6232	0.6367	0.6054	0.6168	0.6114	0.6166	0.5695	0.5486	0.5624	0.5708	0.5926	0.5671	0.5606	0.5858	0.5857	0.5864	0.5554	0.5790	0.5634	0.6048	0.5799	0.5528	0.5177	0.5396	0.5286	0.5372	0.5462	0.5254	0.5202	0.4815	0.4796	0.4664	0.4685	0.4635	0.4542	0.4264	0.4011	0.4056	0.3883	0.3665	0.3502	0.3406
0.2302	0.2376	0.2614	0.2643	0.2991	0.2943	0.2843	0.2877	0.3107	0.3422	0.4026	0.4340	0.4677	0.4629	0.4705	0.5286	0.5958	0.5793	0.6018	0.5974	0.5974	0.5707	0.6004	0.6314	0.5821	0.5743	0.5945	0.6478	0.6528	0.6544	0.6252	0.6499	0.7096	0.6170	0.5890	0.5685	0.5979	0.6075	0.6021	0.5940	0.6105	0.6048	0.5587	0.5561	0.5991	0.5531	0.5847	0.5813	0.5404	0.5513	0.5198	0.5163	0.5278	0.4975	0.4942	0.4951	0.4614	0.4565	0.4401	0.4717	0.4517	0.4366	0.3964	0.3728	0.3996	0.3704	0.3439	0.3416	0.3325
0.1983	0.2344	0.2185	0.2358	0.2736	0.2774	0.3031	0.3211	0.3527	0.3587	0.3978	0.4261	0.4484	0.4718	0.4623	0.5084	0.5936	0.6027	0.5825	0.5754	0.5828	0.6025	0.6130	0.6293	0.5943	0.6209	0.5904	0.6103	0.6477	0.6732	0.6615	0.6903	0.6856	0.6742	0.6849	0.6851	0.6493	0.6003	0.6009	0.6458	0.5909	0.6253	0.6201	0.5989	0.5946	0.5677	0.5803	0.5736	0.5542	0.5851	0.5678	0.5801	0.5571	0.5373	0.5129	0.4832	0.4645	0.4434	0.4398	0.4739	0.4344	0.4185	0.4096	0.3829	0.3711	0.3531	0.3530	0.3480	0.3231
0.1726	0.1838	0.2095	0.2142	0.2259	0.2460	0.2703	0.3085	0.3565	0.3631	0.3487	0.3722	0.4011	0.4500	0.4882	0.5368	0.5978	0.5852	0.5580	0.5257	0.5835	0.6187	0.6060	0.6422	0.6304	0.6481	0.6134	0.6359	0.6920	0.6454	0.6843	0.7126	0.7092	0.6670	0.6942	0.6743	0.6544	0.6488	0.6533	0.6622	0.5985	0.6207	0.6553	0.5903	0.6038	0.6109	0.5913	0.6194	0.5776	0.5742	0.6062	0.5809	0.5592	0.5853	0.5510	0.5250	0.4847	0.5125	0.4912	0.4809	0.4838	0.4594	0.4969	0.4471	0.3914	0.3765	0.3846	0.3717	0.3518
0.1594	0.1871	0.2102	0.2394	0.2399	0.2620	0.3116	0.2971	0.3151	0.3562	0.3454	0.3685	0.4097	0.4579	0.4765	0.5004	0.5477	0.6019	0.6096	0.5883	0.6311	0.6471	0.6165	0.6538	0.6581	0.6697	0.6350	0.6913	0.7240	0.6624	0.7171	0.7025	0.6690	0.6937	0.6955	0.6701	0.6962	0.6733	0.6847	0.6470	0.6688	0.6722	0.6721	0.6320	0.6283	0.6180	0.6375	0.6443	0.6387	0.6045	0.5959	0.5861	0.6182	0.5981	0.5653	0.5440	0.5388	0.5504	0.5003	0.4974	0.4907	0.4938	0.4871	0.4639	0.4031	0.3786	0.3919	0.3934	0.3682
0.1706	0.1940	0.2129	0.2379	0.2628	0.2581	0.3039	0.3397	0.3612	0.3544	0.3776	0.3736	0.4172	0.4486	0.4522	0.5404	0.5195	0.5835	0.5843	0.6261	0.6218	0.6120	0.6163	0.6457	0.6437	0.6940	0.6514	0.7090	0.7446	0.7057	0.7505	0.6923	0.6865	0.6991	0.7384	0.6821	0.6281	0.6748	0.6709	0.6256	0.6654	0.6921	0.6878	0.6641	0.6240	0.6419	0.6665	0.6396	0.6752	0.6752	0.6176	0.5961	0.6075	0.5860	0.5750	0.5556	0.5641	0.5665	0.5283	0.5296	0.5340	0.5482	0.5087	0.5049	0.4651	0.4549	0.4387	0.4213	0.4004
0.1958	0.1945	0.1985	0.2182	0.2581	0.2707	0.2756	0.3556	0.3402	0.3309	0.3993	0.3927	0.4080	0.4563	0.4757	0.5211	0.5285	0.5522	0.5680	0.5929	0.6050	0.6243	0.6301	0.6556	0.6602	0.6865	0.6730	0.6726	0.6871	0.6822	0.6538	0.6915	0.7022	0.6783	0.7392	0.6746	0.6516	0.6437	0.6612	0.6460	0.7169	0.7173	0.6699	0.6593	0.6607	0.6540	0.6430	0.6254	0.6171	0.6793	0.6223	0.6156	0.6133	0.6524	0.6380	0.5948	0.5788	0.5943	0.5800	0.6011	0.5816	0.5673	0.5492	0.5252	0.5215	0.4962	0.4557	0.4495	0.4072
0.1898	0.2107	0.2104	0.2347	0.2790	0.2866	0.3249	0.3814	0.3632	0.3885	0.4330	0.4496	0.4666	0.5042	0.4958	0.5129	0.5173	0.5365	0.5635	0.5838	0.5753	0.5866	0.6340	0.6318	0.7058	0.7008	0.6589	0.6545	0.7056	0.6689	0.6492	0.6768	0.6880	0.6988	0.7127	0.6735	0.6546	0.6500	0.6083	0.6277	0.6778	0.6725	0.6850	0.6620	0.6504	0.6631	0.6639	0.6652	0.6744	0.6746	0.6574	0.6613	0.6236	0.6516	0.6334	0.6382	0.6120	0.6287	0.6297	0.6331	0.6299	0.6304	0.6073	0.5559	0.5247	0.4790	0.4720	0.4860	0.4704
0.1964	0.2073	0.2518	0.2791	0.3019	0.2996	0.3511	0.3994	0.4130	0.4552	0.4725	0.5474	0.5392	0.5383	0.5511	0.5904	0.5841	0.5851	0.5814	0.5990	0.5970	0.6131	0.6172	0.6387	0.6253	0.6330	0.6397	0.6992	0.7136	0.7186	0.6951	0.7205	0.7148	0.7120	0.6477	0.6478	0.6595	0.6409	0.6075	0.6236	0.6726	0.7137	0.6796	0.6700	0.6920	0.6907	0.6914	0.6806	0.7129	0.6644	0.6516	0.6417	0.6623	0.6468	0.6438	0.6885	0.6761	0.6642	0.7260	0.6934	0.6625	0.6047	0.6627	0.5915	0.5775	0.5105	0.5014	0.5090	0.4958
0.2274	0.2546	0.3082	0.3216	0.3467	0.3282	0.4092	0.4369	0.4847	0.4884	0.5509	0.6536	0.6013	0.6073	0.6460	0.6968	0.7333	0.7460	0.7037	0.6837	0.6489	0.6515	0.6342	0.6322	0.6429	0.6355	0.6564	0.6622	0.7115	0.6675	0.7035	0.7254	0.6994	0.6982	0.7086	0.6577	0.6652	0.6481	0.6615	0.6448	0.6862	0.6798	0.7172	0.6911	0.7215	0.7190	0.7303	0.7316	0.7382	0.7393	0.7005	0.7213	0.7111	0.7147	0.6588	0.6663	0.6554	0.5024	0.6149	0.6280	0.5696	0.5275	0.6627	0.6758	0.6489	0.5746	0.5743	0.4985	0.4749
0.2476	0.3753	0.4408	0.4674	0.4752	0.4938	0.5511	0.5650	0.5724	0.6169	0.6706	0.6782	0.7309	0.7318	0.7454	0.8034	0.8613	0.8177	0.8050	0.7613	0.7096	0.7146	0.7003	0.6671	0.6739	0.6225	0.6449	0.6439	0.6373	0.6394	0.6770	0.6972	0.6998	0.7134	0.7200	0.6683	0.6582	0.6793	0.7064	0.6641	0.6927	0.7403	0.7726	0.7238	0.7271	0.7393	0.7466	0.7172	0.7364	0.7472	0.7093	0.7308	0.7154	0.7111	0.6405	0.6639	0.5684	0.3506	0.3485	0.3886	0.4028	0.4136	0.5095	0.5168	0.5025	0.5165	0.5445	0.4453	0.4076
0.1463	0.3076	0.4039	0.4903	0.5531	0.6438	0.7053	0.7020	0.6679	0.7131	0.7380	0.7683	0.8030	0.8213	0.8276	0.9184	0.9388	0.9276	0.9047	0.8723	0.8031	0.7976	0.7997	0.7759	0.6872	0.6673	0.6608	0.6468	0.6621	0.6692	0.6951	0.6816	0.7144	0.6921	0.6698	0.6762	0.6988	0.6359	0.6848	0.7003	0.6946	0.7190	0.7538	0.7450	0.7793	0.7829	0.7926	0.7455	0.7451	0.7658	0.7273	0.7536	0.7414	0.7134	0.6726	0.6490	0.5050	0.2923	0.2864	0.2851	0.2854	0.2953	0.2957	0.3055	0.2886	0.3117	0.3868	0.3225	0.3186
0.0552	0.0888	0.1450	0.2171	0.2747	0.3333	0.3895	0.4175	0.4159	0.4825	0.5243	0.6010	0.5929	0.6469	0.7028	0.8476	0.9176	0.9450	1.0000	0.9840	0.9388	0.9056	0.8740	0.8435	0.8291	0.7670	0.7390	0.7153	0.7836	0.7609	0.7638	0.7455	0.7337	0.7254	0.7477	0.7335	0.7225	0.6893	0.7067	0.6796	0.7492	0.7107	0.7597	0.7328	0.7328	0.7685	0.7982	0.7904	0.7903	0.7653	0.7748	0.8062	0.7346	0.7286	0.6903	0.6366	0.4012	0.2322	0.2588	0.2588	0.2462	0.2653	0.2695	0.2623	0.2622	0.2513	0.2428	0.2474	0.2584
0.0373	0.0431	0.0672	0.1026	0.1052	0.1329	0.1248	0.1580	0.1727	0.1795	0.2308	0.2337	0.2474	0.2821	0.3469	0.3955	0.4601	0.4898	0.6215	0.7265	0.7682	0.6967	0.7208	0.7764	0.8150	0.8323	0.8355	0.8092	0.8651	0.8243	0.8267	0.8344	0.8069	0.8129	0.8301	0.8062	0.7546	0.7873	0.7617	0.7339	0.7466	0.6945	0.7329	0.7056	0.7581	0.7714	0.8483	0.8165	0.7832	0.7784	0.8073	0.6504	0.6428	0.7167	0.6631	0.4799	0.2862	0.2314	0.2318	0.2574	0.2426	0.2208	0.2445	0.2378	0.2442	0.2569	0.2420	0.2254	0.2328
0.0211	0.0384	0.0614	0.0598	0.0698	0.0919	0.0846	0.0874	0.0965	0.0975	0.1165	0.1107	0.1457	0.1491	0.1737	0.2026	0.2111	0.2350	0.2819	0.3093	0.3143	0.3449	0.3855	0.4667	0.5716	0.7097	0.8378	0.8768	0.9543	0.9493	0.8894	0.8212	0.8591	0.8983	0.8713	0.8170	0.7971	0.8307	0.7739	0.7436	0.7418	0.7402	0.7368	0.7501	0.7437	0.7560	0.8216	0.8268	0.7923	0.7511	0.5861	0.3415	0.3710	0.4396	0.4349	0.3051	0.2482	0.2445	0.2306	0.2307	0.2360	0.2206	0.2240	0.2215	0.2132	0.2355	0.2271	0.2203	0.2369
0.0100	0.0376	0.0467	0.0440	0.0600	0.0724	0.0814	0.0779	0.0766	0.0885	0.0897	0.0778	0.1035	0.1117	0.1157	0.1304	0.1466	0.1552	0.1597	0.1864	0.2114	0.2151	0.2399	0.2766	0.2949	0.3679	0.4724	0.6342	0.7853	0.8967	0.9338	0.9313	0.9064	0.9079	0.8452	0.8156	0.8281	0.8379	0.8446	0.7917	0.7529	0.8012	0.7946	0.7609	0.7644	0.7953	0.8039	0.8004	0.7216	0.7024	0.4365	0.2342	0.2191	0.2299	0.2357	0.2463	0.2394	0.2304	0.2036	0.2197	0.2125	0.2042	0.2194	0.2102	0.2020	0.2232	0.2163	0.2019	0.2266
0.0185	0.0208	0.0269	0.0445	0.0486	0.0546	0.0590	0.0660	0.0642	0.0803	0.0766	0.0798	0.0860	0.0825	0.0934	0.1031	0.1096	0.1016	0.1004	0.1124	0.1457	0.1311	0.1418	0.1724	0.1800	0.1895	0.2305	0.2594	0.3668	0.4539	0.5743	0.7493	0.7762	0.6441	0.5118	0.4626	0.5378	0.6380	0.7165	0.7921	0.8024	0.7753	0.7651	0.7241	0.7620	0.8140	0.7825	0.7836	0.7031	0.5837	0.3039	0.2036	0.2181	0.2099	0.2176	0.2031	0.1925	0.2060	0.1944	0.1938	0.1945	0.1836	0.1920	0.1965	0.1970	0.2022	0.2048	0.2022	0.2195
0.0186	0.0134	0.0200	0.0306	0.0396	0.0354	0.0393	0.0577	0.0648	0.0600	0.0650	0.0686	0.0791	0.0791	0.0718	0.0879	0.0946	0.1083	0.1074	0.0964	0.1137	0.1081	0.0998	0.1256	0.1392	0.1316	0.1416	0.1525	0.1825	0.1718	0.2053	0.2669	0.2889	0.2165	0.2106	0.2126	0.2197	0.2615	0.3201	0.4681	0.4922	0.4177	0.3874	0.4263	0.5952	0.8410	0.8512	0.7743	0.6442	0.3274	0.1924	0.1829	0.1892	0.1908	0.1907	0.1838	0.1729	0.1774	0.1720	0.1850	0.1941	0.1901	0.1886	0.1866	0.1793	0.1710	0.1679	0.1766	0.1788
0.0000	0.0129	0.0223	0.0265	0.0341	0.0512	0.0461	0.0451	0.0594	0.0648	0.0663	0.0659	0.0804	0.0688	0.0712	0.0820	0.0911	0.0869	0.1017	0.0982	0.0963	0.1036	0.0958	0.1046	0.1216	0.1183	0.1165	0.1266	0.1326	0.1300	0.1488	0.1357	0.1331	0.1516	0.1580	0.1541	0.1381	0.1498	0.1575	0.1862	0.1940	0.1825	0.1919	0.2641	0.4449	0.7877	0.8292	0.6529	0.3745	0.1557	0.1558	0.1608	0.1565	0.1564	0.1543	0.1650	0.1572	0.1667	0.1541	0.1556	0.1638	0.1659	0.1719	0.1549	0.1552	0.1571	0.1497	0.1612	0.1673
0.0000	0.0271	0.0216	0.0251	0.0245	0.0346	0.0466	0.0493	0.0469	0.0488	0.0487	0.0615	0.0569	0.0586	0.0716	0.0696	0.0807	0.0831	0.0767	0.0811	0.0805	0.0777	0.0751	0.0796	0.0910	0.1050	0.0991	0.1094	0.1159	0.1179	0.1078	0.1030	0.1139	0.1178	0.1289	0.1144	0.1187	0.1189	0.1165	0.1157	0.1256	0.1238	0.1285	0.1431	0.1889	0.3323	0.3849	0.2482	0.1599	0.1194	0.1214	0.1254	0.1271	0.1354	0.1347	0.1390	0.1446	0.1352	0.1230	0.1271	0.1401	0.1376	0.1409	0.1312	0.1299	0.1359	0.1336	0.1457	0.1454
0.0044	0.0049	0.0176	0.0490	0.0139	0.0241	0.0389	0.0454	0.0351	0.0461	0.0444	0.0592	0.0613	0.0572	0.0576	0.0652	0.0687	0.0731	0.0793	0.0682	0.0841	0.0751	0.0683	0.0874	0.0841	0.0852	0.0877	0.0887	0.0942	0.0933	0.0867	0.0912	0.0950	0.0955	0.1033	0.0953	0.0979	0.0983	0.1006	0.0994	0.1007	0.1017	0.1107	0.1206	0.1157	0.1181	0.1242	0.1194	0.1253	0.1195	0.1018	0.1012	0.1046	0.0998	0.1083	0.1077	0.1021	0.1056	0.1034	0.1037	0.1171	0.1146	0.1099	0.1104	0.1101	0.1052	0.1122	0.1154	0.1231
0.0015	0.0010	0.0146	0.0171	0.0091	0.0258	0.0322	0.0314	0.0257	0.0370	0.0331	0.0431	0.0603	0.0629	0.0564	0.0578	0.0560	0.0644	0.0580	0.0631	0.0865	0.0861	0.0672	0.0719	0.0706	0.0781	0.0863	0.0820	0.0840	0.0729	0.0885	0.0837	0.0832	0.0801	0.0861	0.0855	0.0897	0.0913	0.0853	0.0879	0.0905	0.0857	0.0918	0.0861	0.0960	0.1085	0.1009	0.0890	0.0927	0.0967	0.0891	0.0854	0.0861	0.0727	0.0801	0.0894	0.0864	0.0791	0.0832	0.0923	0.0923	0.0852	0.0849	0.0938	0.0883	0.0883	0.0953	0.1010	0.1016
0.0000	0.0000	0.0198	0.0077	0.0193	0.0151	0.0287	0.0342	0.0318	0.0410	0.0336	0.0354	0.0552	0.0405	0.0386	0.0496	0.0588	0.0631	0.0549	0.0628	0.0719	0.0654	0.0617	0.0666	0.0743	0.0747	0.0773	0.0761	0.0791	0.0730	0.0734	0.0699	0.0763	0.0841	0.0812	0.0795	0.0839	0.0782	0.0837	0.0811	0.0909	0.0796	0.0775	0.0843	0.0829	0.0935	0.0861	0.0783	0.0773	0.0797	0.0800	0.0730	0.0651	0.0657	0.0743	0.0766	0.0673	0.0706	0.0763	0.0747	0.0798	0.0710	0.0702	0.0754	0.0780	0.0843	0.0770	0.0713	0.0750
0.0000	0.0000	0.0111	0.0059	0.0264	0.0331	0.0203	0.0269	0.0315	0.0327	0.0420	0.0433	0.0349	0.0240	0.0426	0.0475	0.0579	0.0545	0.0553	0.0506	0.0600	0.0628	0.0654	0.0651	0.0680	0.0688	0.0650	0.0719	0.0686	0.0664	0.0716	0.0644	0.0639	0.0836	0.0727	0.0777	0.0775	0.0665	0.0701	0.0627	0.0714	0.0728	0.0755	0.0677	0.0680	0.0734	0.0772	0.0823	0.0649	0.0660	0.0731	0.0640	0.0568	0.0652	0.0662	0.0599	0.0588	0.0630	0.0542	0.0587	0.0635	0.0567	0.0571	0.0593	0.0619	0.0608	0.0504	0.0580	0.0607
0.0000	0.0000	0.0000	0.0134	0.0110	0.0060	0.0048	0.0361	0.0298	0.0234	0.0244	0.0296	0.0290	0.0216	0.0450	0.0472	0.0428	0.0498	0.0378	0.0549	0.0545	0.0571	0.0475	0.0511	0.0535	0.0659	0.0546	0.0589	0.0674	0.0678	0.0658	0.0650	0.0622	0.0694	0.0606	0.0657	0.0645	0.0632	0.0686	0.0614	0.0602	0.0664	0.0688	0.0647	0.0653	0.0612	0.0642	0.0646	0.0645	0.0565	0.0565	0.0624	0.0604	0.0592	0.0539	0.0561	0.0528	0.0497	0.0504	0.0542	0.0582	0.0491	0.0429	0.0446	0.0427	0.0456	0.0390	0.0402	0.0356
0.0000	0.0000	0.0000	0.0000	0.0000	0.0058	0.0201	0.0193	0.0099	0.0004	0.0187	0.0415	0.0303	0.0250	0.0163	0.0263	0.0296	0.0422	0.0355	0.0408	0.0437	0.0470	0.0329	0.0378	0.0436	0.0526	0.0625	0.0592	0.0642	0.0651	0.0592	0.0603	0.0566	0.0620	0.0592	0.0586	0.0563	0.0564	0.0676	0.0617	0.0612	0.0618	0.0704	0.0585	0.0583	0.0594	0.0609	0.0637	0.0579	0.0564	0.0612	0.0606	0.0613	0.0599	0.0524	0.0574	0.0461	0.0397	0.0441	0.0445	0.0459	0.0378	0.0342	0.0409	0.0396	0.0333	0.0407	0.0349	0.0457
0.0000	0.0000	0.0000	0.0000	0.0000	0.0089	0.0161	0.0125	0.0057	0.0100	0.0230	0.0345	0.0323	0.0225	0.0254	0.0305	0.0319	0.0481	0.0336	0.0321	0.0489	0.0461	0.0381	0.0426	0.0532	0.0533	0.0562	0.0603	0.0456	0.0567	0.0557	0.0539	0.0558	0.0563	0.0583	0.0561	0.0646	0.0601	0.0620	0.0541	0.0573	0.0540	0.0651	0.0628	0.0612	0.0603	0.0661	0.0622	0.0558	0.0589	0.0560	0.0600	0.0477	0.0462	0.0488	0.0537	0.0547	0.0489	0.0408	0.0422	0.0441	0.0342	0.0304	0.0345	0.0331	0.0283	0.0315	0.0411	0.0339
0.0000	0.0000	0.0000	0.0057	0.0000	0.0000	0.0100	0.0113	0.0156	0.0143	0.0256	0.0219	0.0184	0.0246	0.0267	0.0262	0.0350	0.0419	0.0287	0.0370	0.0364	0.0370	0.0419	0.0451	0.0431	0.0461	0.0528	0.0548	0.0537	0.0616	0.0500	0.0535	0.0509	0.0554	0.0623	0.0505	0.0528	0.0622	0.0618	0.0549	0.0503	0.0492	0.0582	0.0554	0.0524	0.0616	0.0562	0.0549	0.0485	0.0504	0.0511	0.0449	0.0399	0.0428	0.0466	0.0415	0.0467	0.0463	0.0457	0.0373	0.0357	0.0278	0.0309	0.0354	0.0351	0.0231	0.0251	0.0251	0.0183
0.0000	0.0045	0.0042	0.0000	0.0000	0.0000	0.0000	0.0021	0.0116	0.0097	0.0101	0.0240	0.0362	0.0223	0.0187	0.0272	0.0261	0.0205	0.0233	0.0376	0.0392	0.0314	0.0393	0.0392	0.0402	0.0324	0.0435	0.0489	0.0467	0.0567	0.0517	0.0450	0.0473	0.0475	0.0527	0.0525	0.0455	0.0486	0.0483	0.0490	0.0437	0.0426	0.0518	0.0504	0.0524	0.0665	0.0472	0.0531	0.0471	0.0385	0.0481	0.0439	0.0359	0.0393	0.0421	0.0327	0.0287	0.0275	0.0301	0.0292	0.0297	0.0242	0.0277	0.0300	0.0349	0.0278	0.0294	0.0141	0.0115
0.0000	0.0000	0.0000	0.0000	0.0000	0.0000	0.0059	0.0052	0.0035	0.0000	0.0000	0.0186	0.0336	0.0175	0.0107	0.0226	0.0246	0.0284	0.0222	0.0199	0.0261	0.0231	0.0317	0.0433	0.0399	0.0224	0.0266	0.0452	0.0501	0.0573	0.0507	0.0526	0.0536	0.0444	0.0527	0.0486	0.0525	0.0534	0.0492	0.0570	0.0497	0.0562	0.0518	0.0511	0.0575	0.0514	0.0408	0.0487	0.0507	0.0349	0.0467	0.0431	0.0397	0.0310	0.0394	0.0449	0.0342	0.0276	0.0325	0.0319	0.0354	0.0279	0.0386	0.0382	0.0300	0.0218	0.0264	0.0207	0.0214
