0.0000	0.0000	0.0098	0.0101	0.0000	0.0029	0.0070	0.0087	0.0046	0.0127	0.0027	0.0262	0.0195	0.0171	0.0210	0.0198	0.0306	0.0374	0.0272	0.0378	0.0459	0.0410	0.0327	0.0446	0.0486	0.0616	0.0639	0.0569	0.0568	0.0637	0.0697	0.0590	0.0615	0.0628	0.0506	0.0567	0.0633	0.0636	0.0652	0.0596	0.0592	0.0700	0.0722	0.0635	0.0552	0.0686	0.0709	0.0654	0.0767	0.0713	0.0711	0.0537	0.0561	0.0586	0.0655	0.0705	0.0605	0.0516	0.0634	0.0741	0.0582	0.0526	0.0547	0.0515	0.0631	0.0511	0.0441	0.0431	0.0379
0.0000	0.0000	0.0000	0.0000	0.0020	0.0123	0.0088	0.0168	0.0210	0.0114	0.0112	0.0349	0.0270	0.0325	0.0201	0.0297	0.0392	0.0445	0.0485	0.0401	0.0458	0.0425	0.0501	0.0565	0.0668	0.0636	0.0581	0.0583	0.0709	0.0715	0.0806	0.0572	0.0599	0.0827	0.0697	0.0664	0.0579	0.0775	0.0820	0.0617	0.0659	0.0830	0.0760	0.0781	0.0712	0.0728	0.0624	0.0658	0.0665	0.0818	0.0875	0.0748	0.0579	0.0645	0.0691	0.0857	0.0755	0.0608	0.0663	0.0845	0.0780	0.0650	0.0664	0.0793	0.0696	0.0437	0.0402	0.0481	0.0519
0.0000	0.0000	0.0000	0.0057	0.0070	0.0014	0.0011	0.0226	0.0305	0.0172	0.0315	0.0449	0.0399	0.0520	0.0400	0.0493	0.0477	0.0589	0.0632	0.0389	0.0502	0.0610	0.0661	0.0599	0.0709	0.0635	0.0653	0.0647	0.0680	0.0773	0.0889	0.0695	0.0691	0.0910	0.0886	0.0681	0.0730	0.0736	0.0845	0.0778	0.0783	0.0702	0.0827	0.0862	0.0885	0.0883	0.0744	0.0807	0.0835	0.0747	0.0838	0.0898	0.0823	0.0838	0.0825	0.0873	0.0795	0.0674	0.0690	0.0821	0.0825	0.0716	0.0739	0.0690	0.0606	0.0558	0.0546	0.0664	0.0810
0.0000	0.0000	0.0140	0.0169	0.0127	0.0133	0.0101	0.0227	0.0196	0.0240	0.0299	0.0339	0.0464	0.0419	0.0291	0.0459	0.0594	0.0636	0.0596	0.0596	0.0568	0.0699	0.0580	0.0507	0.0703	0.0730	0.0694	0.0619	0.0608	0.0736	0.0699	0.0831	0.0745	0.0810	0.0869	0.0841	0.0916	0.0709	0.0798	0.0864	0.0932	0.0773	0.0819	0.0909	0.0733	0.0757	0.0832	0.0895	0.0793	0.0671	0.0853	0.0910	0.0719	0.0762	0.0822	0.0866	0.0757	0.0832	0.0662	0.0842	0.0926	0.0742	0.0907	0.0799	0.0756	0.0846	0.0757	0.0669	0.0918
0.0000	0.0009	0.0119	0.0114	0.0061	0.0153	0.0201	0.0228	0.0174	0.0262	0.0264	0.0494	0.0564	0.0444	0.0471	0.0523	0.0408	0.0427	0.0473	0.0706	0.0518	0.0569	0.0750	0.0695	0.0724	0.0779	0.0639	0.0597	0.0710	0.0785	0.0705	0.0738	0.0867	0.0784	0.0899	0.0869	0.0828	0.0813	0.0840	0.0780	0.0730	0.0735	0.0899	0.0830	0.0827	0.0806	0.1019	0.0967	0.0754	0.0893	0.1019	0.0839	0.0885	0.0948	0.0893	0.0861	0.0834	0.0863	0.0716	0.0881	0.0863	0.0935	0.0957	0.0871	0.1078	0.0898	0.1102	0.0835	0.0786
0.0000	0.0069	0.0281	0.0218	0.0122	0.0149	0.0243	0.0330	0.0226	0.0299	0.0452	0.0677	0.0647	0.0539	0.0504	0.0547	0.0647	0.0576	0.0621	0.0753	0.0663	0.0855	0.0746	0.0643	0.0728	0.0719	0.0796	0.0781	0.0797	0.0755	0.0729	0.0706	0.0904	0.1037	0.0813	0.0941	0.0933	0.0838	0.0803	0.0830	0.0921	0.0924	0.0947	0.0925	0.0946	0.0965	0.0889	0.1007	0.0890	0.0843	0.1042	0.0937	0.1021	0.1212	0.1030	0.1066	0.1023	0.0897	0.1036	0.1110	0.1000	0.1147	0.1265	0.1274	0.1176	0.1094	0.1190	0.1291	0.1370
0.0000	0.0064	0.0183	0.0224	0.0164	0.0158	0.0264	0.0343	0.0327	0.0317	0.0570	0.0671	0.0616	0.0488	0.0439	0.0621	0.0604	0.0678	0.0872	0.0569	0.0771	0.0872	0.0725	0.0780	0.0863	0.1068	0.0946	0.0841	0.0794	0.0861	0.0991	0.0889	0.0828	0.1068	0.1035	0.0896	0.0826	0.0969	0.0943	0.1048	0.0908	0.0977	0.1037	0.0931	0.0971	0.0989	0.0965	0.1005	0.0965	0.0979	0.1066	0.1078	0.1057	0.1072	0.1181	0.1130	0.1066	0.1022	0.1161	0.1400	0.1336	0.1237	0.1475	0.1614	0.1517	0.1609	0.1739	0.2153	0.2202
0.0060	0.0082	0.0174	0.0243	0.0207	0.0225	0.0244	0.0485	0.0460	0.0413	0.0459	0.0638	0.0718	0.0436	0.0520	0.0707	0.0621	0.0717	0.0678	0.0606	0.0954	0.1014	0.0936	0.0872	0.0961	0.0998	0.0794	0.0948	0.1110	0.0996	0.0869	0.0751	0.0909	0.1086	0.1043	0.0823	0.1041	0.1222	0.1037	0.0956	0.0910	0.1072	0.1153	0.1076	0.1051	0.1041	0.1151	0.1200	0.1266	0.1181	0.1159	0.1146	0.1026	0.1016	0.1065	0.1173	0.1267	0.1276	0.1456	0.1647	0.1776	0.1823	0.1946	0.2296	0.2668	0.2695	0.2679	0.3076	0.2707
0.0000	0.0053	0.0246	0.0380	0.0312	0.0224	0.0354	0.0524	0.0638	0.0448	0.0410	0.0655	0.0652	0.0642	0.0679	0.0752	0.0773	0.0836	0.0879	0.1022	0.1063	0.1017	0.0890	0.0798	0.0988	0.1076	0.0867	0.1076	0.1042	0.1104	0.0935	0.0904	0.1093	0.1039	0.1051	0.1073	0.1101	0.1235	0.1084	0.1265	0.1190	0.1188	0.1364	0.1116	0.1239	0.1256	0.1237	0.1276	0.1422	0.1507	0.1337	0.1312	0.1431	0.1657	0.1589	0.1633	0.1882	0.2147	0.2140	0.2068	0.2095	0.2256	0.2652	0.3190	0.3594	0.3299	0.3141	0.3321	0.2700
0.0033	0.0082	0.0326	0.0181	0.0219	0.0384	0.0425	0.0445	0.0704	0.0695	0.0611	0.0563	0.0733	0.0895	0.0746	0.0784	0.0791	0.1006	0.1059	0.1161	0.1115	0.1112	0.0803	0.0900	0.0950	0.1113	0.1057	0.1094	0.1092	0.1040	0.1134	0.0952	0.1048	0.1055	0.1189	0.1170	0.1287	0.1313	0.1360	0.1363	0.1348	0.1401	0.1326	0.1316	0.1446	0.1589	0.1565	0.1555	0.1703	0.1781	0.1540	0.1665	0.1773	0.1877	0.2095	0.2267	0.3029	0.3653	0.3139	0.2677	0.2628	0.2865	0.3634	0.4118	0.3675	0.3452	0.3344	0.3476	0.3410
0.0048	0.0055	0.0269	0.0203	0.0290	0.0466	0.0552	0.0442	0.0653	0.0651	0.0680	0.0592	0.0684	0.0835	0.0806	0.0856	0.0844	0.0868	0.1031	0.1080	0.1072	0.1070	0.1098	0.1009	0.1177	0.1169	0.1061	0.1120	0.1136	0.1041	0.1086	0.1117	0.1261	0.1366	0.1380	0.1260	0.1516	0.1346	0.1437	0.1353	0.1527	0.1514	0.1555	0.1536	0.1611	0.1807	0.1888	0.1888	0.1859	0.1991	0.2112	0.2266	0.2220	0.2183	0.2380	0.2768	0.3834	0.3795	0.3498	0.3257	0.3067	0.2847	0.3329	0.4026	0.3988	0.3341	0.3157	0.3300	0.3114
0.0220	0.0239	0.0251	0.0339	0.0371	0.0312	0.0525	0.0680	0.0639	0.0791	0.0698	0.0702	0.0779	0.0807	0.0812	0.0925	0.0986	0.1064	0.0998	0.1067	0.1140	0.1062	0.1192	0.1195	0.1242	0.1078	0.1282	0.1371	0.1195	0.1176	0.1281	0.1415	0.1384	0.1502	0.1397	0.1285	0.1659	0.1543	0.1824	0.1722	0.1748	0.1928	0.1995	0.1928	0.1998	0.2167	0.2151	0.2221	0.2295	0.2532	0.2580	0.2790	0.2898	0.3188	0.3089	0.3297	0.4114	0.4317	0.4967	0.4507	0.3873	0.3490	0.3883	0.4095	0.4103	0.3256	0.3016	0.3080	0.2890
0.0354	0.0162	0.0341	0.0530	0.0636	0.0412	0.0458	0.0751	0.0896	0.0689	0.0818	0.0935	0.0895	0.0957	0.1000	0.0935	0.1044	0.1211	0.1150	0.1259	0.1205	0.1167	0.1293	0.1280	0.1474	0.1512	0.1433	0.1428	0.1269	0.1405	0.1471	0.1604	0.1677	0.1622	0.1777	0.1747	0.2039	0.2065	0.2228	0.2239	0.2104	0.2271	0.2536	0.2376	0.2477	0.2572	0.2715	0.2714	0.2927	0.3148	0.3225	0.3172	0.3361	0.3818	0.4040	0.4272	0.4972	0.5633	0.5774	0.5225	0.4911	0.4449	0.4245	0.4376	0.4051	0.3749	0.3489	0.3747	0.3159
0.0140	0.0193	0.0285	0.0395	0.0602	0.0616	0.0618	0.0601	0.0740	0.0700	0.0932	0.1084	0.1000	0.0923	0.0866	0.1113	0.1361	0.1335	0.1411	0.1469	0.1583	0.1461	0.1759	0.1602	0.1670	0.1689	0.1819	0.1889	0.1822	0.1980	0.1907	0.2052	0.2152	0.2276	0.2447	0.2491	0.2646	0.2626	0.2901	0.2807	0.2653	0.2614	0.2915	0.2751	0.2951	0.3117	0.3180	0.3298	0.3434	0.3509	0.3631	0.3847	0.3975	0.4281	0.5115	0.5856	0.5801	0.5888	0.5753	0.5271	0.4970	0.4572	0.4170	0.4050	0.4117	0.3626	0.3596	0.3255	0.3148
0.0042	0.0131	0.0339	0.0493	0.0674	0.0733	0.0750	0.0793	0.1019	0.0931	0.0963	0.1155	0.1194	0.1220	0.1301	0.1423	0.1643	0.1875	0.1889	0.1954	0.2152	0.2079	0.2209	0.2286	0.2191	0.2000	0.2115	0.2219	0.2363	0.2431	0.2485	0.2871	0.2866	0.2943	0.3205	0.3259	0.3489	0.4097	0.5584	0.5030	0.3444	0.3329	0.3650	0.3338	0.3727	0.3994	0.4036	0.4755	0.5173	0.4798	0.4720	0.4283	0.4745	0.4717	0.5187	0.6030	0.6126	0.5985	0.5389	0.5351	0.4862	0.4225	0.4509	0.4356	0.4054	0.3363	0.3461	0.3297	0.2891
0.0160	0.0213	0.0384	0.0644	0.0955	0.1069	0.1055	0.1168	0.1485	0.1342	0.1449	0.1717	0.1832	0.2002	0.2267	0.2274	0.2770	0.2939	0.3495	0.3715	0.3875	0.3498	0.3181	0.3520	0.3512	0.3085	0.3108	0.2910	0.3097	0.3199	0.3349	0.3747	0.4192	0.4124	0.4496	0.5187	0.6448	0.6979	0.8174	0.7210	0.4767	0.4146	0.4806	0.4729	0.4857	0.5454	0.5723	0.7430	0.7433	0.6467	0.6451	0.6321	0.6674	0.5786	0.4889	0.4969	0.5535	0.6213	0.5854	0.5442	0.4881	0.4489	0.4477	0.4571	0.3934	0.3199	0.3101	0.3176	0.2917
0.0399	0.0446	0.0760	0.0762	0.1078	0.1538	0.1786	0.1954	0.2390	0.2534	0.2944	0.3355	0.4312	0.4442	0.4549	0.4753	0.5192	0.6061	0.6437	0.6867	0.7229	0.6139	0.6014	0.6534	0.6303	0.6077	0.5972	0.5377	0.4877	0.5739	0.5831	0.6934	0.7454	0.6461	0.7100	0.8210	0.9271	0.8833	0.8975	0.8070	0.6526	0.6057	0.6868	0.6709	0.7394	0.7021	0.7718	0.8391	0.8124	0.7790	0.7506	0.7578	0.6898	0.6387	0.5449	0.4673	0.5690	0.6098	0.5774	0.5372	0.4690	0.4336	0.4258	0.4030	0.3765	0.3318	0.3267	0.3114	0.2962
0.0611	0.0964	0.1226	0.1721	0.2318	0.3238	0.3907	0.4791	0.5584	0.5438	0.6228	0.6450	0.7327	0.7188	0.7347	0.7915	0.8285	0.8560	0.8256	0.8353	0.8705	0.8337	0.7485	0.7504	0.7366	0.7363	0.7651	0.7571	0.6975	0.7784	0.8981	0.9151	0.8964	0.8617	0.8698	0.8781	0.8587	0.8446	0.8375	0.8610	0.7928	0.7646	0.8273	0.7946	0.8003	0.7546	0.8130	0.7530	0.7620	0.7559	0.7455	0.7148	0.6686	0.6329	0.5796	0.4928	0.5624	0.5411	0.5603	0.4885	0.4421	0.4338	0.3979	0.3876	0.3757	0.3366	0.3204	0.3019	0.2863
0.1206	0.1974	0.2884	0.4127	0.5115	0.6038	0.6374	0.6584	0.6511	0.6626	0.6434	0.6708	0.6885	0.7019	0.6960	0.7402	0.8077	0.7587	0.7608	0.7559	0.7771	0.7747	0.7236	0.7164	0.7067	0.6564	0.7314	0.7207	0.7109	0.7497	0.7376	0.7367	0.7914	0.8062	0.7668	0.7513	0.6937	0.7164	0.7323	0.7674	0.7300	0.6810	0.7549	0.7245	0.7139	0.7401	0.6850	0.6726	0.6581	0.7233	0.7290	0.6738	0.6496	0.6288	0.6101	0.5633	0.5093	0.4731	0.4949	0.4695	0.4479	0.4074	0.3873	0.3605	0.3559	0.3340	0.3015	0.2946	0.2912
0.1992	0.3470	0.3756	0.4392	0.4891	0.4908	0.5043	0.5054	0.5409	0.5274	0.5410	0.5614	0.6097	0.6087	0.6040	0.6005	0.6778	0.6784	0.6708	0.7029	0.6693	0.7245	0.6928	0.6814	0.6561	0.6155	0.6938	0.6521	0.6781	0.6984	0.6775	0.6501	0.6576	0.6699	0.6572	0.6234	0.6192	0.6667	0.6273	0.6598	0.6561	0.6612	0.6992	0.6761	0.7035	0.6484	0.6498	0.6566	0.6536	0.6390	0.6596	0.6174	0.5753	0.6006	0.5637	0.5603	0.5290	0.4829	0.4881	0.4334	0.4320	0.3808	0.3692	0.3828	0.3691	0.3388	0.3003	0.3026	0.2920
0.2104	0.2720	0.2819	0.2949	0.3584	0.3571	0.3990	0.3924	0.3783	0.3999	0.4217	0.4672	0.5356	0.5312	0.5042	0.5620	0.5971	0.6265	0.6568	0.6582	0.6692	0.6435	0.6707	0.6609	0.5982	0.6379	0.6164	0.6158	0.6190	0.5752	0.6468	0.5882	0.5917	0.6024	0.5944	0.5945	0.5819	0.6213	0.5981	0.6198	0.6525	0.6016	0.6397	0.6315	0.6057	0.5748	0.6250	0.6209	0.6251	0.6061	0.6168	0.5914	0.5495	0.5619	0.5387	0.5116	0.4839	0.4820	0.4688	0.4453	0.4288	0.4080	0.3793	0.3620	0.3612	0.3225	0.3074	0.3034	0.2767
0.2325	0.2454	0.2632	0.2507	0.2584	0.2712	0.3366	0.3766	0.3514	0.3536	0.3819	0.4083	0.5071	0.5219	0.5192	0.5722	0.6611	0.6392	0.6416	0.6223	0.6312	0.6526	0.6342	0.5625	0.5878	0.6090	0.5982	0.6050	0.5605	0.5665	0.5671	0.5573	0.5744	0.5809	0.6043	0.5606	0.5578	0.5948	0.5679	0.6120	0.6353	0.5491	0.5707	0.5859	0.5894	0.6024	0.6121	0.6072	0.5590	0.5516	0.5877	0.5674	0.5510	0.5185	0.4762	0.5049	0.4860	0.4869	0.4653	0.4308	0.4134	0.3997	0.3606	0.3578	0.3377	0.3062	0.2869	0.2638	0.2631
0.1971	0.2045	0.2281	0.2413	0.2524	0.2745	0.3309	0.3201	0.3801	0.3755	0.4061	0.4160	0.4621	0.4902	0.5486	0.5904	0.6486	0.6115	0.5935	0.5853	0.6273	0.6626	0.6025	0.6015	0.5674	0.5374	0.5462	0.5631	0.5394	0.5554	0.5354	0.5333	0.5693	0.5523	0.5505	0.5640	0.5701	0.5776	0.5683	0.5423	0.5446	0.5170	0.5660	0.5670	0.6028	0.5820	0.5657	0.5600	0.5550	0.5242	0.5413	0.5556	0.5456	0.5369	0.4998	0.5089	0.4828	0.4511	0.4685	0.4709	0.4323	0.4039	0.3862	0.3607	0.3283	0.3159	0.3042	0.2852	0.2635
0.1712	0.1898	0.2133	0.2420	0.2724	0.3045	0.3510	0.3292	0.3459	0.3320	0.3481	0.4051	0.4258	0.4686	0.5168	0.5582	0.6098	0.6278	0.6358	0.6242	0.6344	0.6053	0.5961	0.5601	0.5941	0.5388	0.5312	0.5228	0.4943	0.5302	0.5330	0.5661	0.5684	0.5682	0.5878	0.5617	0.5580	0.5486	0.5398	0.5354	0.5153	0.5371	0.5724	0.5655	0.5799	0.5588	0.6018	0.5761	0.5309	0.5521	0.5190	0.4960	0.5502	0.4878	0.4631	0.4795	0.4696	0.4839	0.4893	0.4700	0.4233	0.3991	0.3726	0.3579	0.3357	0.3230	0.2976	0.2847	0.2928
0.1984	0.1912	0.2140	0.2497	0.2714	0.3026	0.2951	0.3096	0.3446	0.3477	0.3653	0.4111	0.4473	0.4766	0.4813	0.5130	0.5427	0.5718	0.5921	0.5957	0.5698	0.5875	0.5532	0.5379	0.5653	0.5142	0.5411	0.5572	0.5448	0.5560	0.5407	0.5836	0.5672	0.5979	0.5948	0.5733	0.5848	0.5376	0.5407	0.5325	0.5552	0.5812	0.5774	0.5358	0.5772	0.5613	0.5585	0.5365	0.5305	0.5313	0.5170	0.4841	0.4900	0.4856	0.4929	0.4986	0.4908	0.4710	0.4701	0.4642	0.4371	0.3908	0.4050	0.3670	0.3358	0.3280	0.2977	0.2830	0.2699
0.1961	0.2052	0.2164	0.2449	0.2421	0.2479	0.2723	0.3231	0.3579	0.3512	0.3813	0.4011	0.4433	0.4811	0.5091	0.5002	0.5124	0.5150	0.4957	0.5290	0.5610	0.5326	0.5120	0.5057	0.5284	0.5248	0.5459	0.5461	0.5631	0.5406	0.5832	0.5665	0.5803	0.5861	0.5905	0.5484	0.5629	0.5588	0.5897	0.5863	0.5666	0.5582	0.5339	0.5405	0.5645	0.5861	0.5615	0.5223	0.5385	0.5270	0.5391	0.4965	0.4929	0.4980	0.5127	0.5220	0.4607	0.4615	0.4668	0.4453	0.4359	0.4013	0.3955	0.3746	0.3323	0.3285	0.3225	0.2786	0.2719
0.1811	0.2007	0.2204	0.2591	0.2684	0.2576	0.2582	0.3301	0.3457	0.3431	0.3909	0.4142	0.4448	0.4803	0.4877	0.4990	0.5467	0.4744	0.5235	0.5434	0.5542	0.5323	0.5230	0.5360	0.5007	0.5131	0.5150	0.5026	0.5186	0.5411	0.5922	0.6069	0.6039	0.5865	0.5592	0.5495	0.5672	0.5207	0.5655	0.5855	0.5849	0.5415	0.5358	0.5624	0.5855	0.5415	0.5502	0.5141	0.5403	0.5495	0.5518	0.5160	0.4855	0.4958	0.4688	0.4949	0.4733	0.4484	0.4705	0.4776	0.4246	0.4009	0.3869	0.3752	0.3591	0.3309	0.3074	0.2890	0.2802
0.2000	0.2126	0.2294	0.2675	0.2681	0.2660	0.2912	0.3409	0.3217	0.3706	0.4073	0.3874	0.4269	0.4540	0.4821	0.4953	0.5280	0.5169	0.4976	0.5509	0.5527	0.5219	0.5237	0.5267	0.5257	0.5311	0.5351	0.5297	0.5562	0.5534	0.5656	0.6006	0.5957	0.5658	0.5521	0.5550	0.5560	0.5684	0.5791	0.5736	0.5967	0.5787	0.5548	0.5460	0.5676	0.5144	0.5713	0.5534	0.5630	0.5184	0.5509	0.5546	0.5382	0.5207	0.5056	0.5093	0.4836	0.4423	0.4418	0.4794	0.4394	0.4254	0.3897	0.3455	0.3381	0.3371	0.3095	0.2942	0.2829
0.1942	0.2083	0.2340	0.2562	0.2798	0.2993	0.3425	0.3364	0.3140	0.3491	0.4110	0.4098	0.3890	0.4171	0.4839	0.4973	0.5064	0.5339	0.5395	0.5298	0.5765	0.5312	0.5322	0.5279	0.5465	0.5129	0.5507	0.5669	0.6079	0.5577	0.5777	0.5995	0.6246	0.6128	0.5610	0.5672	0.5900	0.5866	0.5707	0.5642	0.5810	0.5943	0.5925	0.5470	0.5431	0.5212	0.5835	0.5730	0.5764	0.5236	0.5130	0.5286	0.5593	0.5290	0.5551	0.5245	0.4784	0.4617	0.4537	0.4544	0.4267	0.4032	0.3856	0.3764	0.3668	0.3567	0.3159	0.2972	0.2947
0.1778	0.2045	0.2246	0.2665	0.2637	0.2674	0.3176	0.3529	0.3667	0.3559	0.3886	0.4058	0.4529	0.4624	0.4601	0.5114	0.5536	0.5644	0.5407	0.5554	0.5409	0.5236	0.5193	0.5393	0.5096	0.5167	0.5355	0.5808	0.5886	0.6151	0.5986	0.6051	0.6501	0.6330	0.6165	0.6058	0.6119	0.6272	0.5891	0.5762	0.5923	0.6207	0.6057	0.5828	0.5688	0.5265	0.5562	0.5633	0.5517	0.5355	0.5381	0.5515	0.5311	0.4966	0.5261	0.5061	0.4873	0.4889	0.4678	0.4669	0.4120	0.4048	0.3995	0.3794	0.3810	0.3478	0.3045	0.3194	0.3069
0.1808	0.1880	0.2204	0.2427	0.2722	0.2558	0.3142	0.3531	0.3631	0.3616	0.4252	0.3993	0.4080	0.4256	0.4545	0.4859	0.5606	0.5635	0.5838	0.5250	0.5273	0.5435	0.4952	0.5307	0.5181	0.5411	0.5116	0.5553	0.5722	0.5961	0.6042	0.6004	0.6418	0.6368	0.6636	0.6468	0.6296	0.6009	0.6119	0.6383	0.6067	0.6743	0.6385	0.6500	0.5941	0.5606	0.5927	0.5669	0.5758	0.6060	0.5712	0.5631	0.5743	0.5488	0.4992	0.5025	0.4764	0.4710	0.4686	0.4601	0.4086	0.4004	0.3839	0.3803	0.3741	0.3293	0.3112	0.3044	0.3002
0.1623	0.1688	0.1950	0.2339	0.2597	0.2798	0.3143	0.3480	0.3682	0.3655	0.3952	0.4174	0.4428	0.4376	0.4616	0.5079	0.5384	0.5273	0.5504	0.5384	0.5374	0.5442	0.5152	0.5493	0.5761	0.5603	0.5466	0.5828	0.5904	0.5883	0.5967	0.6354	0.6428	0.6124	0.6549	0.6434	0.6090	0.5993	0.6433	0.6344	0.6306	0.6400	0.6645	0.6066	0.6093	0.6164	0.6166	0.6403	0.6152	0.6092	0.6133	0.5794	0.5763	0.5618	0.5395	0.5255	0.4848	0.4900	0.4746	0.4734	0.4671	0.4257	0.4302	0.4269	0.3593	0.3288	0.3453	0.3234	0.3216
0.1934	0.1865	0.1860	0.2345	0.2524	0.2661	0.3410	0.3568	0.3281	0.3459	0.3537	0.4055	0.4468	0.4570	0.4787	0.5202	0.5369	0.5494	0.5657	0.5626	0.5498	0.5546	0.5459	0.5512	0.5710	0.5451	0.5620	0.5987	0.6035	0.5715	0.6241	0.6758	0.6450	0.6263	0.6758	0.6541	0.6578	0.6503	0.6717	0.6456	0.6996	0.6645	0.6580	0.6547	0.6424	0.6072	0.6433	0.6594	0.6934	0.6073	0.6298	0.5797	0.5993	0.5640	0.5488	0.5338	0.5245	0.4737	0.4463	0.4659	0.4620	0.4398	0.4367	0.4075	0.3699	0.3493	0.3482	0.3222	0.3136
0.1568	0.1836	0.2140	0.2257	0.2497	0.2450	0.2855	0.3556	0.3610	0.3396	0.3479	0.3836	0.4449	0.4811	0.4613	0.5251	0.5546	0.5590	0.5582	0.5898	0.6184	0.5425	0.5828	0.5497	0.5608	0.5665	0.5272	0.5699	0.5855	0.6067	0.6397	0.6078	0.6165	0.6523	0.6780	0.6747	0.6616	0.6620	0.7045	0.6611	0.6483	0.6879	0.6921	0.6694	0.6230	0.6352	0.6713	0.6536	0.7033	0.6952	0.6505	0.6329	0.5918	0.5779	0.5779	0.5534	0.5534	0.5041	0.5061	0.4880	0.4809	0.4653	0.4610	0.4557	0.4070	0.3866	0.3697	0.3433	0.3451
0.1622	0.2048	0.2094	0.2142	0.2619	0.2686	0.3025	0.3708	0.3487	0.3423	0.3395	0.3978	0.4487	0.4743	0.4653	0.5400	0.5716	0.5862	0.5851	0.6478	0.6538	0.6245	0.6186	0.6245	0.6365	0.6336	0.5530	0.5747	0.5687	0.5847	0.5992	0.5825	0.6189	0.6383	0.6866	0.6879	0.6707	0.6594	0.7045	0.6592	0.6775	0.7151	0.7031	0.7103	0.6657	0.6662	0.6687	0.6679	0.6565	0.6942	0.6724	0.6605	0.6371	0.6597	0.6156	0.5752	0.5570	0.5465	0.5251	0.5281	0.5004	0.4609	0.4655	0.4520	0.4327	0.4099	0.3823	0.3635	0.3575
0.1816	0.1895	0.1922	0.2287	0.2637	0.3057	0.3304	0.3491	0.3438	0.3539	0.3454	0.4033	0.4398	0.5094	0.4909	0.5294	0.5694	0.6139	0.6141	0.6587	0.6595	0.6515	0.6412	0.6494	0.6584	0.6395	0.6389	0.6382	0.6330	0.5903	0.5811	0.5872	0.6485	0.6965	0.6720	0.6876	0.6828	0.6964	0.6649	0.6587	0.6955	0.6994	0.7327	0.7281	0.6736	0.6741	0.7019	0.7213	0.7236	0.7296	0.7099	0.6742	0.6520	0.6506	0.6082	0.5939	0.5951	0.5605	0.5452	0.5378	0.5206	0.4897	0.5017	0.4871	0.4536	0.4211	0.4214	0.3966	0.3642
0.1790	0.1802	0.1979	0.2145	0.2527	0.2808	0.3220	0.3451	0.3508	0.3669	0.3771	0.4269	0.4494	0.4923	0.4787	0.5308	0.5655	0.6392	0.6579	0.6620	0.6945	0.6762	0.6314	0.6251	0.6294	0.6382	0.6649	0.6771	0.7037	0.6677	0.6689	0.6803	0.7043	0.7348	0.7033	0.7135	0.7013	0.7424	0.6870	0.7117	0.7151	0.7119	0.7199	0.7426	0.7228	0.7104	0.7392	0.7284	0.7604	0.7692	0.7068	0.6929	0.6777	0.6303	0.6086	0.6137	0.5890	0.5933	0.5909	0.5573	0.5194	0.4935	0.5409	0.5006	0.4601	0.4266	0.4318	0.4012	0.3913
0.1863	0.2190	0.2207	0.2536	0.3020	0.3163	0.3373	0.3776	0.3628	0.4073	0.4433	0.4527	0.4808	0.4890	0.5406	0.5557	0.6016	0.6629	0.6681	0.6568	0.6789	0.6987	0.6795	0.6949	0.6744	0.7189	0.7261	0.7265	0.7463	0.7038	0.7619	0.7519	0.7838	0.8202	0.8119	0.7448	0.7551	0.7648	0.7587	0.7619	0.7767	0.7187	0.7460	0.7609	0.7624	0.7450	0.7659	0.7710	0.7844	0.8024	0.7457	0.7626	0.7409	0.7165	0.6716	0.6510	0.6707	0.6647	0.6594	0.5969	0.5748	0.5600	0.5376	0.5057	0.4838	0.4469	0.4842	0.4363	0.4172
0.1842	0.2902	0.3213	0.3567	0.3719	0.4057	0.4113	0.4574	0.4466	0.4940	0.5341	0.5424	0.5564	0.5646	0.5910	0.5850	0.6821	0.6527	0.6459	0.6705	0.6574	0.7150	0.7542	0.7600	0.7600	0.7793	0.8174	0.7746	0.7816	0.7614	0.8375	0.8511	0.8292	0.8629	0.8729	0.8461	0.8414	0.8432	0.8162	0.8060	0.8440	0.8178	0.8386	0.8357	0.8145	0.7945	0.8395	0.8277	0.8104	0.8287	0.8252	0.8426	0.8243	0.7535	0.7156	0.7332	0.7236	0.7171	0.6615	0.6299	0.6401	0.6252	0.5970	0.5631	0.5179	0.4947	0.4773	0.4419	0.3998
0.1093	0.2546	0.3583	0.4780	0.5290	0.5793	0.6152	0.6621	0.6372	0.6578	0.6697	0.6690	0.6752	0.7497	0.7669	0.7594	0.7803	0.7961	0.7855	0.8323	0.7750	0.8364	0.8204	0.8159	0.8195	0.8183	0.8235	0.8323	0.8520	0.8880	0.9464	0.9601	0.9522	0.9703	0.9180	0.9160	0.9131	0.8753	0.9014	0.8757	0.8723	0.8989	0.9348	0.9071	0.8922	0.8907	0.9145	0.8617	0.9007	0.9111	0.8835	0.8883	0.8823	0.8460	0.7844	0.7370	0.7083	0.6283	0.6254	0.6947	0.6922	0.6453	0.6330	0.6073	0.5522	0.5257	0.4784	0.4737	0.4279
0.0740	0.1074	0.1523	0.2545	0.3746	0.4512	0.5479	0.6008	0.6559	0.7536	0.7810	0.7832	0.7887	0.8291	0.8567	0.9003	0.8995	0.9108	0.9315	1.0000	0.9467	0.9530	0.9393	0.8694	0.8770	0.8496	0.8557	0.8254	0.8659	0.9015	0.8280	0.7988	0.8487	0.8551	0.9081	0.9620	0.9122	0.8863	0.9147	0.8993	0.9411	0.9079	0.9848	0.9182	0.8939	0.8277	0.6534	0.6040	0.6746	0.7761	0.6816	0.7458	0.7400	0.8368	0.7498	0.7784	0.7375	0.6181	0.6047	0.6588	0.7209	0.6761	0.6402	0.6113	0.5550	0.5319	0.4857	0.4713	0.4595
0.0474	0.0524	0.0786	0.1166	0.1332	0.1568	0.1776	0.2311	0.3008	0.3419	0.3927	0.4425	0.4512	0.4706	0.5010	0.5374	0.5101	0.5650	0.6462	0.7193	0.7481	0.7366	0.7335	0.6792	0.6769	0.5926	0.5291	0.4684	0.4495	0.4491	0.4101	0.4078	0.4148	0.4543	0.5031	0.6076	0.5144	0.5233	0.5697	0.5886	0.7432	0.8326	0.9481	0.8125	0.6542	0.6452	0.4609	0.3764	0.4030	0.4372	0.4721	0.5200	0.6154	0.8449	0.7707	0.8024	0.8256	0.7835	0.7091	0.6416	0.7184	0.6578	0.6178	0.6042	0.5726	0.5356	0.5146	0.4465	0.4314
0.0197	0.0310	0.0443	0.0624	0.0480	0.0747	0.1013	0.1136	0.1022	0.1216	0.1253	0.1428	0.1510	0.1447	0.1553	0.1730	0.1866	0.2082	0.2632	0.2711	0.2785	0.2812	0.3135	0.3275	0.3040	0.2656	0.2216	0.2240	0.2484	0.2348	0.2365	0.2242	0.2398	0.2628	0.2541	0.2550	0.2557	0.2842	0.2949	0.2970	0.3639	0.4775	0.6306	0.5049	0.3671	0.3715	0.3598	0.3571	0.3648	0.3824	0.3956	0.4283	0.5302	0.7721	0.8129	0.7716	0.7704	0.8286	0.7362	0.6321	0.7131	0.6289	0.5885	0.5567	0.5283	0.5234	0.5468	0.4685	0.4637
0.0183	0.0395	0.0416	0.0374	0.0467	0.0596	0.0687	0.0681	0.0779	0.0950	0.0860	0.0851	0.0960	0.0988	0.0920	0.1103	0.1416	0.1244	0.1328	0.1453	0.1529	0.1438	0.1633	0.1846	0.1624	0.1599	0.1512	0.1560	0.1699	0.1812	0.1722	0.1698	0.1673	0.1727	0.1865	0.1933	0.1882	0.1903	0.2034	0.1987	0.2125	0.2290	0.2466	0.2402	0.2621	0.2675	0.2652	0.2813	0.2996	0.3077	0.3117	0.3391	0.3590	0.4939	0.5666	0.5285	0.5440	0.6426	0.5658	0.6343	0.6731	0.6519	0.6352	0.5764	0.5343	0.5421	0.5249	0.4869	0.4705
0.0067	0.0141	0.0276	0.0391	0.0434	0.0415	0.0497	0.0588	0.0650	0.0803	0.0808	0.0741	0.0740	0.0755	0.0930	0.0915	0.1068	0.0985	0.1017	0.1051	0.1139	0.1110	0.1133	0.1275	0.1269	0.1176	0.1205	0.1157	0.1401	0.1361	0.1354	0.1355	0.1416	0.1378	0.1462	0.1492	0.1504	0.1514	0.1633	0.1586	0.1610	0.1814	0.2096	0.2046	0.2085	0.2104	0.2107	0.2299	0.2352	0.2617	0.2793	0.2790	0.3008	0.3237	0.3586	0.3553	0.3667	0.4350	0.5445	0.7239	0.6995	0.6464	0.6277	0.6006	0.5390	0.5434	0.5248	0.4931	0.4647
0.0035	0.0131	0.0241	0.0283	0.0361	0.0359	0.0447	0.0660	0.0507	0.0547	0.0755	0.0677	0.0631	0.0634	0.0748	0.0767	0.0886	0.1001	0.0953	0.0957	0.0983	0.0966	0.1004	0.0941	0.1001	0.0970	0.1018	0.0983	0.1101	0.1060	0.1122	0.1106	0.1109	0.1099	0.1149	0.1207	0.1269	0.1275	0.1318	0.1270	0.1243	0.1357	0.1608	0.1739	0.1713	0.1754	0.1731	0.1901	0.1980	0.2065	0.2327	0.2471	0.2689	0.2754	0.3070	0.3149	0.3479	0.4046	0.6107	0.7433	0.7114	0.6395	0.6018	0.5989	0.5811	0.5233	0.4830	0.5011	0.4425
0.0095	0.0108	0.0254	0.0298	0.0357	0.0414	0.0462	0.0571	0.0511	0.0556	0.0615	0.0625	0.0617	0.0668	0.0739	0.0766	0.0749	0.0725	0.0858	0.0891	0.0892	0.0834	0.0882	0.0934	0.0847	0.0887	0.0906	0.0940	0.1023	0.0929	0.0924	0.0973	0.0980	0.1002	0.1102	0.1002	0.0985	0.1005	0.0992	0.1048	0.1070	0.1120	0.1188	0.1368	0.1478	0.1380	0.1404	0.1518	0.1554	0.1694	0.1977	0.2007	0.2225	0.2276	0.2425	0.2735	0.3078	0.3523	0.5484	0.7058	0.6509	0.6234	0.5647	0.5634	0.5491	0.4710	0.4018	0.5035	0.4850
0.0031	0.0238	0.0215	0.0358	0.0257	0.0230	0.0391	0.0530	0.0384	0.0338	0.0433	0.0523	0.0725	0.0610	0.0598	0.0665	0.0696	0.0784	0.0777	0.0748	0.0714	0.0676	0.0751	0.0732	0.0758	0.0812	0.0735	0.0908	0.0949	0.0932	0.0850	0.0844	0.0898	0.0855	0.0915	0.0930	0.0934	0.0910	0.0878	0.0895	0.0851	0.0899	0.0949	0.0936	0.1001	0.1130	0.1142	0.1213	0.1230	0.1444	0.1527	0.1563	0.1740	0.1727	0.1950	0.2236	0.2597	0.2894	0.4369	0.6687	0.6736	0.6190	0.5902	0.5632	0.4910	0.3842	0.3602	0.5356	0.4873
0.0123	0.0162	0.0212	0.0231	0.0321	0.0193	0.0324	0.0470	0.0383	0.0385	0.0385	0.0500	0.0621	0.0510	0.0700	0.0591	0.0709	0.0663	0.0700	0.0725	0.0662	0.0604	0.0619	0.0711	0.0634	0.0706	0.0752	0.0843	0.0748	0.0830	0.0704	0.0759	0.0815	0.0738	0.0784	0.0693	0.0835	0.0774	0.0750	0.0760	0.0744	0.0775	0.0809	0.0884	0.0912	0.0896	0.0926	0.0977	0.1062	0.1088	0.1195	0.1297	0.1346	0.1450	0.1601	0.1832	0.2101	0.2429	0.3511	0.6554	0.6316	0.5996	0.5722	0.5323	0.4719	0.4250	0.4497	0.5263	0.4852
0.0000	0.0224	0.0178	0.0291	0.0287	0.0256	0.0227	0.0316	0.0383	0.0350	0.0385	0.0582	0.0509	0.0481	0.0495	0.0555	0.0610	0.0550	0.0674	0.0598	0.0579	0.0602	0.0635	0.0651	0.0652	0.0600	0.0612	0.0651	0.0595	0.0665	0.0605	0.0642	0.0750	0.0649	0.0655	0.0664	0.0750	0.0692	0.0716	0.0727	0.0703	0.0724	0.0830	0.0758	0.0835	0.0832	0.0868	0.0902	0.0821	0.0932	0.1001	0.1039	0.1091	0.1159	0.1338	0.1644	0.1806	0.2079	0.3047	0.6085	0.6246	0.5500	0.5551	0.5296	0.5184	0.5079	0.4987	0.4628	0.4419
0.0000	0.0000	0.0077	0.0098	0.0080	0.0207	0.0262	0.0354	0.0289	0.0316	0.0301	0.0481	0.0519	0.0492	0.0481	0.0468	0.0558	0.0613	0.0547	0.0592	0.0606	0.0567	0.0519	0.0542	0.0650	0.0677	0.0596	0.0552	0.0544	0.0547	0.0536	0.0616	0.0672	0.0657	0.0621	0.0635	0.0668	0.0671	0.0719	0.0723	0.0670	0.0735	0.0711	0.0709	0.0722	0.0708	0.0734	0.0767	0.0713	0.0796	0.0786	0.0794	0.0744	0.0862	0.1030	0.1063	0.1156	0.1407	0.1918	0.3989	0.5266	0.4327	0.3477	0.3707	0.5226	0.5292	0.4644	0.3697	0.4131
0.0000	0.0000	0.0089	0.0111	0.0097	0.0156	0.0088	0.0257	0.0396	0.0328	0.0240	0.0285	0.0268	0.0336	0.0597	0.0411	0.0591	0.0513	0.0447	0.0521	0.0699	0.0589	0.0580	0.0540	0.0602	0.0572	0.0547	0.0583	0.0518	0.0564	0.0530	0.0565	0.0518	0.0648	0.0588	0.0628	0.0685	0.0569	0.0561	0.0563	0.0649	0.0639	0.0604	0.0592	0.0632	0.0608	0.0605	0.0670	0.0678	0.0687	0.0688	0.0747	0.0665	0.0728	0.0785	0.0864	0.0865	0.0923	0.1026	0.1535	0.2188	0.1718	0.1591	0.2407	0.3905	0.3532	0.2555	0.2475	0.3463
0.0000	0.0000	0.0000	0.0107	0.0047	0.0000	0.0110	0.0231	0.0103	0.0064	0.0195	0.0216	0.0150	0.0210	0.0432	0.0467	0.0460	0.0460	0.0317	0.0413	0.0520	0.0425	0.0495	0.0488	0.0577	0.0548	0.0469	0.0443	0.0498	0.0502	0.0490	0.0475	0.0515	0.0535	0.0547	0.0552	0.0561	0.0499	0.0563	0.0504	0.0557	0.0577	0.0610	0.0511	0.0542	0.0589	0.0595	0.0564	0.0569	0.0618	0.0575	0.0624	0.0647	0.0669	0.0682	0.0737	0.0802	0.0775	0.0877	0.1020	0.1114	0.1014	0.1014	0.1230	0.1373	0.1172	0.0924	0.1136	0.1679
0.0000	0.0000	0.0000	0.0000	0.0000	0.0000	0.0072	0.0137	0.0087	0.0119	0.0154	0.0218	0.0227	0.0293	0.0363	0.0316	0.0325	0.0378	0.0321	0.0360	0.0448	0.0365	0.0399	0.0453	0.0460	0.0506	0.0499	0.0364	0.0487	0.0432	0.0418	0.0415	0.0497	0.0457	0.0509	0.0558	0.0450	0.0494	0.0477	0.0484	0.0601	0.0578	0.0511	0.0524	0.0563	0.0530	0.0573	0.0499	0.0539	0.0580	0.0610	0.0627	0.0599	0.0604	0.0706	0.0709	0.0749	0.0728	0.0778	0.0846	0.0948	0.0770	0.0846	0.0881	0.0961	0.0800	0.0775	0.0865	0.0830
0.0000	0.0000	0.0000	0.0001	0.0000	0.0025	0.0138	0.0104	0.0186	0.0213	0.0132	0.0287	0.0350	0.0261	0.0358	0.0318	0.0345	0.0396	0.0348	0.0432	0.0438	0.0352	0.0268	0.0320	0.0373	0.0445	0.0429	0.0489	0.0465	0.0556	0.0497	0.0361	0.0487	0.0460	0.0474	0.0488	0.0541	0.0537	0.0434	0.0388	0.0558	0.0459	0.0550	0.0569	0.0501	0.0535	0.0560	0.0528	0.0507	0.0468	0.0622	0.0633	0.0592	0.0616	0.0699	0.0677	0.0584	0.0590	0.0666	0.0734	0.0740	0.0663	0.0711	0.0708	0.0749	0.0668	0.0656	0.0766	0.0772
0.0000	0.0000	0.0000	0.0000	0.0011	0.0003	0.0000	0.0123	0.0141	0.0063	0.0188	0.0248	0.0304	0.0233	0.0175	0.0226	0.0373	0.0345	0.0290	0.0301	0.0290	0.0334	0.0357	0.0397	0.0319	0.0394	0.0500	0.0474	0.0397	0.0510	0.0499	0.0412	0.0358	0.0377	0.0454	0.0352	0.0389	0.0508	0.0478	0.0371	0.0481	0.0430	0.0548	0.0462	0.0449	0.0518	0.0508	0.0489	0.0440	0.0533	0.0543	0.0580	0.0546	0.0506	0.0570	0.0618	0.0582	0.0596	0.0598	0.0621	0.0633	0.0638	0.0661	0.0658	0.0639	0.0551	0.0582	0.0524	0.0469
0.0000	0.0000	0.0000	0.0000	0.0000	0.0000	0.0000	0.0149	0.0182	0.0058	0.0147	0.0189	0.0225	0.0145	0.0282	0.0195	0.0331	0.0221	0.0248	0.0342	0.0261	0.0313	0.0317	0.0354	0.0357	0.0324	0.0373	0.0412	0.0513	0.0466	0.0388	0.0313	0.0339	0.0344	0.0454	0.0349	0.0344	0.0468	0.0507	0.0470	0.0412	0.0465	0.0474	0.0468	0.0456	0.0447	0.0386	0.0446	0.0444	0.0438	0.0483	0.0494	0.0511	0.0604	0.0465	0.0558	0.0528	0.0490	0.0486	0.0575	0.0577	0.0531	0.0525	0.0561	0.0687	0.0580	0.0484	0.0523	0.0449
0.0000	0.0000	0.0000	0.0000	0.0000	0.0000	0.0072	0.0130	0.0064	0.0000	0.0047	0.0033	0.0133	0.0096	0.0284	0.0201	0.0252	0.0199	0.0213	0.0274	0.0227	0.0253	0.0237	0.0352	0.0446	0.0395	0.0296	0.0355	0.0448	0.0376	0.0379	0.0318	0.0401	0.0360	0.0461	0.0346	0.0415	0.0486	0.0403	0.0409	0.0371	0.0483	0.0491	0.0451	0.0336	0.0294	0.0391	0.0457	0.0421	0.0438	0.0516	0.0519	0.0517	0.0450	0.0545	0.0534	0.0438	0.0458	0.0551	0.0762	0.0766	0.0571	0.0460	0.0640	0.0742	0.0683	0.0764	0.0576	0.0633
