0.0000	0.0000	0.0000	0.0057	0.0089	0.0002	0.0157	0.0309	0.0127	0.0141	0.0040	0.0243	0.0211	0.0198	0.0280	0.0526	0.0474	0.0408	0.0281	0.0526	0.0432	0.0394	0.0550	0.0606	0.0697	0.0647	0.0655	0.0779	0.0812	0.0815	0.0771	0.0961	0.1014	0.1064	0.0863	0.0875	0.0878	0.0807	0.0878	0.0849	0.0927	0.1045	0.0964	0.0773	0.0728	0.0857	0.0934	0.0889	0.0744	0.0815	0.0777	0.0583	0.0608	0.0630	0.0637	0.0624	0.0582	0.0502	0.0423	0.0413	0.0463	0.0324	0.0353	0.0367	0.0450	0.0316	0.0194	0.0293	0.0243
0.0000	0.0000	0.0028	0.0039	0.0000	0.0004	0.0103	0.0287	0.0142	0.0152	0.0238	0.0125	0.0350	0.0431	0.0369	0.0454	0.0451	0.0559	0.0566	0.0425	0.0595	0.0472	0.0661	0.0624	0.0745	0.0788	0.0844	0.0864	0.0871	0.0914	0.0821	0.0940	0.0957	0.1062	0.0976	0.0950	0.0920	0.1079	0.0965	0.1039	0.0919	0.1007	0.0983	0.0863	0.0824	0.0829	0.0881	0.0894	0.0853	0.0859	0.0919	0.0781	0.0639	0.0755	0.0687	0.0587	0.0613	0.0523	0.0469	0.0491	0.0439	0.0446	0.0467	0.0502	0.0569	0.0362	0.0198	0.0253	0.0251
0.0000	0.0006	0.0112	0.0129	0.0120	0.0010	0.0000	0.0242	0.0257	0.0115	0.0319	0.0248	0.0302	0.0433	0.0386	0.0265	0.0404	0.0470	0.0652	0.0575	0.0588	0.0668	0.0692	0.0583	0.0751	0.0812	0.0818	0.1041	0.0921	0.1073	0.0895	0.0852	0.1016	0.1128	0.0964	0.1001	0.1080	0.1193	0.1021	0.1054	0.1207	0.1268	0.1137	0.1049	0.1004	0.0949	0.1008	0.1083	0.0902	0.0884	0.1011	0.0969	0.0873	0.0854	0.0711	0.0764	0.0828	0.0609	0.0516	0.0619	0.0632	0.0573	0.0532	0.0447	0.0430	0.0428	0.0310	0.0287	0.0307
0.0000	0.0000	0.0048	0.0120	0.0034	0.0152	0.0176	0.0267	0.0209	0.0228	0.0403	0.0377	0.0500	0.0391	0.0423	0.0395	0.0506	0.0432	0.0565	0.0689	0.0797	0.0714	0.0585	0.0633	0.0849	0.0812	0.0838	0.1078	0.1108	0.0972	0.0921	0.0872	0.1089	0.1040	0.1113	0.1279	0.1111	0.1002	0.1164	0.1057	0.1270	0.1180	0.1125	0.1087	0.1047	0.0943	0.0974	0.0980	0.0857	0.0898	0.1068	0.1002	0.0829	0.0856	0.0938	0.0828	0.0767	0.0634	0.0602	0.0612	0.0796	0.0698	0.0629	0.0570	0.0545	0.0420	0.0416	0.0388	0.0452
0.0000	0.0000	0.0085	0.0161	0.0124	0.0210	0.0205	0.0237	0.0319	0.0260	0.0329	0.0399	0.0483	0.0551	0.0479	0.0492	0.0633	0.0521	0.0571	0.0691	0.0748	0.0825	0.0754	0.0837	0.0944	0.0796	0.0978	0.0976	0.0852	0.0826	0.0985	0.0954	0.1185	0.1043	0.1138	0.1068	0.1226	0.1174	0.1134	0.1207	0.1240	0.1091	0.1185	0.1268	0.1194	0.1158	0.1227	0.1056	0.0891	0.1040	0.1024	0.1059	0.0925	0.0980	0.1004	0.0842	0.0691	0.0614	0.0634	0.0714	0.0831	0.0669	0.0616	0.0643	0.0645	0.0465	0.0600	0.0564	0.0523
0.0000	0.0000	0.0078	0.0129	0.0032	0.0133	0.0412	0.0353	0.0412	0.0287	0.0393	0.0554	0.0522	0.0551	0.0521	0.0554	0.0590	0.0694	0.0583	0.0752	0.0723	0.0759	0.0816	0.0750	0.0973	0.0895	0.0806	0.0850	0.0962	0.1168	0.1246	0.1062	0.1264	0.1355	0.1454	0.1378	0.1307	0.1221	0.1117	0.1147	0.1309	0.1349	0.1303	0.1299	0.1243	0.1347	0.1219	0.1190	0.1045	0.1197	0.1150	0.1093	0.1048	0.1053	0.1061	0.1028	0.0765	0.0873	0.0743	0.0863	0.0889	0.0684	0.0736	0.0742	0.0576	0.0471	0.0461	0.0559	0.0570
0.0000	0.0180	0.0153	0.0165	0.0294	0.0212	0.0441	0.0383	0.0506	0.0405	0.0483	0.0500	0.0587	0.0550	0.0511	0.0630	0.0641	0.0638	0.0708	0.0611	0.0788	0.0778	0.0774	0.0780	0.1053	0.1124	0.1030	0.0973	0.1176	0.1107	0.1110	0.1163	0.1269	0.1606	0.1430	0.1492	0.1420	0.1375	0.1498	0.1443	0.1290	0.1488	0.1596	0.1369	0.1343	0.1381	0.1330	0.1467	0.1379	0.1364	0.1334	0.1372	0.1349	0.1163	0.1242	0.1370	0.1131	0.0891	0.0952	0.1024	0.0857	0.0792	0.0969	0.1023	0.0821	0.0634	0.0651	0.0808	0.0682
0.0016	0.0220	0.0193	0.0233	0.0257	0.0145	0.0449	0.0384	0.0422	0.0444	0.0468	0.0636	0.0665	0.0551	0.0688	0.0659	0.0631	0.0663	0.0729	0.0646	0.0909	0.1050	0.1030	0.1046	0.1074	0.1152	0.0988	0.1011	0.1210	0.1256	0.1275	0.1152	0.1422	0.1599	0.1636	0.1552	0.1502	0.1486	0.1696	0.1812	0.1859	0.1710	0.1795	0.1671	0.1663	0.1594	0.1528	0.1631	0.1602	0.1460	0.1295	0.1284	0.1386	0.1274	0.1223	0.1392	0.1225	0.1104	0.1225	0.1075	0.1015	0.0919	0.1071	0.1122	0.0927	0.0808	0.0785	0.1011	0.1015
0.0000	0.0094	0.0243	0.0262	0.0193	0.0134	0.0451	0.0434	0.0511	0.0448	0.0596	0.0678	0.0851	0.0779	0.0589	0.0664	0.0797	0.0772	0.0671	0.0864	0.0953	0.1033	0.1199	0.1163	0.1220	0.1103	0.1012	0.1223	0.1325	0.1415	0.1373	0.1458	0.1885	0.1833	0.1856	0.1763	0.1885	0.1795	0.1821	0.2010	0.2358	0.2504	0.2243	0.1799	0.1903	0.1892	0.1876	0.1666	0.1693	0.1675	0.1691	0.1411	0.1476	0.1730	0.1491	0.1554	0.1356	0.1263	0.1309	0.1141	0.1283	0.1276	0.1082	0.1180	0.1150	0.1033	0.1140	0.1211	0.1178
0.0045	0.0001	0.0280	0.0124	0.0238	0.0516	0.0521	0.0509	0.0501	0.0526	0.0554	0.0645	0.0935	0.0773	0.0742	0.0778	0.0976	0.0937	0.0908	0.1214	0.1076	0.1056	0.1238	0.1175	0.1355	0.1265	0.1355	0.1520	0.1602	0.1635	0.1629	0.1868	0.1858	0.2125	0.2248	0.2255	0.2501	0.2600	0.2487	0.3486	0.4647	0.4642	0.3713	0.2760	0.2060	0.2276	0.2155	0.2080	0.1916	0.2034	0.1930	0.1765	0.1820	0.1811	0.1960	0.1892	0.1759	0.1695	0.1668	0.1547	0.1622	0.1584	0.1508	0.1515	0.1398	0.1332	0.1223	0.1280	0.1407
0.0135	0.0047	0.0350	0.0171	0.0163	0.0489	0.0603	0.0529	0.0627	0.0701	0.0617	0.0619	0.0851	0.0796	0.0818	0.0914	0.0950	0.0992	0.1049	0.1197	0.1431	0.1339	0.1163	0.1263	0.1629	0.1722	0.1458	0.1592	0.1833	0.1998	0.2143	0.2257	0.2277	0.2484	0.2745	0.3040	0.3565	0.4045	0.4240	0.5971	0.6685	0.6211	0.6011	0.5012	0.3263	0.2621	0.2583	0.2711	0.2335	0.2147	0.2318	0.2467	0.2295	0.2132	0.2345	0.2194	0.2090	0.1875	0.1675	0.1764	0.1855	0.1738	0.1546	0.1741	0.1578	0.1440	0.1384	0.1424	0.1459
0.0293	0.0245	0.0325	0.0402	0.0309	0.0362	0.0651	0.0649	0.0643	0.0704	0.0630	0.0696	0.0735	0.0752	0.0873	0.0948	0.1007	0.1164	0.1122	0.0994	0.1306	0.1404	0.1364	0.1559	0.1868	0.1903	0.2093	0.2394	0.2411	0.2624	0.2998	0.3327	0.3623	0.4146	0.4986	0.5561	0.6674	0.6669	0.6676	0.7252	0.6885	0.6439	0.6414	0.6191	0.5432	0.4810	0.4545	0.4423	0.3431	0.3211	0.3184	0.3226	0.3949	0.4346	0.3260	0.2886	0.2551	0.2331	0.2233	0.2053	0.2199	0.2147	0.1822	0.2068	0.2121	0.1605	0.1544	0.1548	0.1592
0.0238	0.0246	0.0303	0.0509	0.0401	0.0446	0.0707	0.0765	0.0865	0.0884	0.0844	0.0880	0.0813	0.0721	0.0802	0.0946	0.1329	0.1242	0.1221	0.1389	0.1741	0.1741	0.1673	0.1745	0.2397	0.2678	0.2901	0.3414	0.4040	0.4297	0.4649	0.6037	0.7129	0.7456	0.8122	0.7872	0.7628	0.7194	0.7334	0.7347	0.6849	0.6521	0.6902	0.6915	0.6719	0.6934	0.6891	0.6230	0.6276	0.5575	0.5267	0.5372	0.6328	0.6876	0.5680	0.4709	0.3311	0.2502	0.2503	0.2490	0.2429	0.2497	0.2399	0.2481	0.2621	0.2153	0.1870	0.2060	0.1818
0.0062	0.0172	0.0360	0.0515	0.0458	0.0639	0.0786	0.0830	0.0965	0.0868	0.0887	0.1088	0.1007	0.1046	0.1026	0.1278	0.1446	0.1602	0.1665	0.1783	0.2177	0.2425	0.2821	0.2591	0.3255	0.4077	0.5529	0.6529	0.6613	0.6915	0.7233	0.7856	0.8873	0.7885	0.7817	0.7244	0.7146	0.6915	0.6568	0.6615	0.6810	0.6686	0.7071	0.6904	0.6634	0.6837	0.6863	0.6404	0.6766	0.6211	0.6881	0.6985	0.6688	0.6812	0.6442	0.6348	0.4549	0.3079	0.2839	0.2886	0.2830	0.2524	0.2673	0.2715	0.2667	0.2175	0.2110	0.2053	0.1873
0.0129	0.0338	0.0500	0.0597	0.0602	0.0811	0.0708	0.0846	0.1074	0.0971	0.0863	0.1087	0.1243	0.1288	0.1577	0.1681	0.1844	0.2176	0.2242	0.2273	0.2862	0.3459	0.3685	0.4066	0.4638	0.6153	0.7527	0.8246	0.7927	0.7789	0.7315	0.7355	0.8090	0.7673	0.7164	0.7072	0.7216	0.6830	0.6428	0.6356	0.6435	0.6296	0.6570	0.6345	0.6284	0.6413	0.6138	0.6371	0.6477	0.5960	0.6501	0.6200	0.6442	0.6092	0.6039	0.6325	0.6070	0.3940	0.3104	0.3137	0.3153	0.2770	0.2832	0.2791	0.2634	0.2319	0.2421	0.2118	0.2083
0.0192	0.0357	0.0545	0.0706	0.0769	0.0800	0.0834	0.0988	0.1181	0.1270	0.1311	0.1719	0.1790	0.1757	0.2145	0.2026	0.2705	0.2655	0.2921	0.3228	0.3972	0.4620	0.4210	0.4836	0.6090	0.7895	0.7862	0.7311	0.7410	0.7232	0.7247	0.7343	0.7951	0.7294	0.6970	0.7124	0.7131	0.6613	0.6379	0.6292	0.6421	0.5774	0.6243	0.6888	0.6320	0.6957	0.6305	0.6212	0.6260	0.5926	0.6286	0.6198	0.6274	0.6226	0.6471	0.6503	0.6413	0.5551	0.4295	0.4534	0.4234	0.3049	0.3001	0.3277	0.2615	0.2386	0.2382	0.2383	0.2433
0.0331	0.0443	0.0617	0.0890	0.1006	0.1041	0.1301	0.1671	0.1656	0.1571	0.1990	0.2266	0.2656	0.2348	0.2544	0.2774	0.3219	0.3625	0.3687	0.4326	0.5895	0.6946	0.7073	0.7254	0.7259	0.7795	0.7355	0.7006	0.6649	0.6653	0.7034	0.7399	0.7679	0.6897	0.7593	0.7155	0.6766	0.6566	0.6754	0.6201	0.6128	0.5968	0.6567	0.7069	0.6637	0.6542	0.6176	0.6258	0.6094	0.6051	0.6356	0.6438	0.6039	0.6436	0.6400	0.6290	0.6181	0.6424	0.5913	0.5844	0.5328	0.4370	0.3288	0.3201	0.2847	0.2425	0.2268	0.2337	0.2395
0.0470	0.0790	0.1125	0.1495	0.1603	0.1848	0.2499	0.3119	0.3382	0.2932	0.3412	0.3667	0.3345	0.3185	0.3220	0.3738	0.4011	0.4594	0.4878	0.5550	0.8473	0.9211	0.8403	0.8066	0.7457	0.6763	0.6697	0.6401	0.5499	0.6377	0.6683	0.6525	0.6533	0.6801	0.7212	0.6717	0.6459	0.6442	0.6416	0.6303	0.5826	0.5677	0.6259	0.6389	0.6489	0.6095	0.6235	0.6014	0.6303	0.6193	0.6098	0.6167	0.6016	0.6324	0.6142	0.5422	0.5716	0.6066	0.6143	0.5744	0.5549	0.4903	0.3645	0.3132	0.3044	0.2520	0.2369	0.2444	0.2384
0.1017	0.1590	0.2501	0.3688	0.3965	0.4828	0.5569	0.5696	0.5996	0.6097	0.6192	0.6465	0.6151	0.5600	0.4752	0.5368	0.6581	0.6571	0.6687	0.7408	0.8552	0.8460	0.7917	0.7266	0.6824	0.6203	0.6606	0.5931	0.5832	0.6126	0.6252	0.6361	0.6532	0.7001	0.6991	0.6600	0.6303	0.6136	0.6042	0.6294	0.6083	0.5797	0.5973	0.6119	0.6357	0.6234	0.6096	0.6150	0.6024	0.6201	0.6128	0.5676	0.5754	0.5961	0.6053	0.5719	0.5394	0.5386	0.5506	0.5582	0.5774	0.4836	0.3759	0.3450	0.2985	0.2719	0.2641	0.2534	0.2545
0.1823	0.3194	0.4097	0.5137	0.5132	0.6068	0.6024	0.5723	0.6528	0.6779	0.6735	0.7136	0.8617	0.8537	0.7598	0.7761	0.8739	0.8669	0.8209	0.8088	0.7509	0.7724	0.6921	0.6574	0.6156	0.5700	0.6310	0.6018	0.6268	0.6681	0.6580	0.6399	0.6858	0.6977	0.6963	0.6838	0.6217	0.6179	0.5749	0.5996	0.6055	0.6157	0.5937	0.5893	0.6300	0.6194	0.5973	0.6003	0.6035	0.5811	0.5828	0.5708	0.5495	0.5811	0.5660	0.5488	0.5031	0.5083	0.5297	0.5458	0.5633	0.5337	0.4566	0.3961	0.3398	0.3254	0.2928	0.2778	0.2498
0.2289	0.3191	0.3414	0.3690	0.3568	0.4294	0.4744	0.5041	0.5296	0.5622	0.6023	0.6113	0.7922	0.7837	0.6920	0.7606	0.8120	0.8382	0.7685	0.6585	0.6356	0.6393	0.5929	0.6028	0.5515	0.5981	0.5777	0.6062	0.6232	0.6279	0.6528	0.6688	0.6847	0.7025	0.6850	0.6898	0.6486	0.6435	0.5930	0.5941	0.6174	0.5919	0.5772	0.6229	0.5793	0.6095	0.6050	0.5705	0.5717	0.5678	0.5890	0.5622	0.5284	0.5568	0.5451	0.5690	0.5390	0.5003	0.5260	0.5316	0.5594	0.5702	0.5361	0.4799	0.4293	0.3538	0.2880	0.2684	0.2720
0.2142	0.2478	0.2867	0.3063	0.3346	0.3542	0.4282	0.5181	0.4878	0.5212	0.5643	0.6275	0.6649	0.7085	0.6867	0.7008	0.7811	0.7292	0.7047	0.6395	0.6039	0.5928	0.6003	0.5775	0.5778	0.5897	0.5854	0.6081	0.6065	0.6297	0.6338	0.6506	0.6686	0.6533	0.6827	0.6544	0.6491	0.6703	0.6126	0.6161	0.6533	0.5928	0.5814	0.6450	0.5898	0.5949	0.5896	0.5696	0.5736	0.5587	0.6006	0.5655	0.5596	0.5696	0.5486	0.5447	0.5318	0.4946	0.5279	0.5270	0.5478	0.5430	0.5506	0.5129	0.4725	0.4388	0.3344	0.2787	0.2820
0.2022	0.2231	0.2491	0.2973	0.3156	0.3352	0.4195	0.4350	0.4549	0.4449	0.5150	0.5740	0.6093	0.6450	0.6736	0.6909	0.7279	0.6632	0.6055	0.5622	0.5787	0.6526	0.6195	0.5857	0.5974	0.5612	0.5774	0.6366	0.6334	0.6749	0.6398	0.6303	0.6864	0.6622	0.6195	0.6581	0.6519	0.6461	0.6443	0.6194	0.6190	0.5685	0.5764	0.6007	0.6348	0.5922	0.5688	0.5881	0.5960	0.5588	0.5838	0.5757	0.5877	0.5879	0.5740	0.5631	0.5506	0.5171	0.5374	0.5413	0.5323	0.5500	0.5660	0.5228	0.5002	0.4766	0.4117	0.2826	0.2776
0.1921	0.2390	0.2605	0.3080	0.3189	0.3326	0.4022	0.3879	0.3885	0.4250	0.4600	0.4712	0.5480	0.5728	0.5621	0.5883	0.6248	0.5941	0.5685	0.5596	0.6098	0.6321	0.6352	0.5633	0.6302	0.6006	0.5984	0.6221	0.6528	0.6751	0.6380	0.6747	0.6698	0.6556	0.6530	0.6295	0.6318	0.6291	0.6238	0.6075	0.6096	0.5701	0.5883	0.6414	0.6330	0.6089	0.6134	0.5896	0.5493	0.5507	0.5318	0.5482	0.5681	0.5751	0.5335	0.5598	0.5695	0.5682	0.5500	0.5414	0.5214	0.5353	0.5258	0.4948	0.4872	0.4857	0.3788	0.2786	0.2988
0.2118	0.2525	0.2839	0.3242	0.3336	0.3210	0.3892	0.3678	0.3598	0.4020	0.4155	0.4446	0.4721	0.4823	0.4799	0.5040	0.5374	0.5655	0.5662	0.5774	0.5964	0.6158	0.6448	0.6341	0.6004	0.5863	0.5902	0.6302	0.6830	0.6691	0.6487	0.6674	0.6649	0.6646	0.6505	0.6577	0.6674	0.6424	0.5990	0.6306	0.6243	0.6110	0.6060	0.5905	0.6049	0.5926	0.5923	0.6049	0.5821	0.5769	0.5851	0.5514	0.5692	0.5881	0.5699	0.5370	0.5489	0.5527	0.5325	0.5614	0.5426	0.5005	0.5201	0.5162	0.5110	0.4884	0.3315	0.2875	0.2951
0.2299	0.2598	0.3033	0.3280	0.3047	0.3363	0.3877	0.3622	0.3799	0.3831	0.3955	0.4391	0.4980	0.4930	0.5006	0.5009	0.5381	0.5466	0.5430	0.5741	0.6262	0.6142	0.5799	0.5959	0.6121	0.6023	0.6123	0.6467	0.6622	0.6683	0.7127	0.6545	0.6721	0.6741	0.6449	0.6478	0.6221	0.6061	0.6211	0.6077	0.6328	0.6224	0.6129	0.6365	0.6379	0.6494	0.6226	0.6331	0.6181	0.5894	0.6062	0.5814	0.5734	0.5905	0.6116	0.5790	0.5827	0.5580	0.5493	0.5369	0.5585	0.5363	0.5539	0.5070	0.4490	0.3879	0.2961	0.3040	0.3176
0.2394	0.2755	0.3011	0.3588	0.3482	0.3545	0.3590	0.3802	0.3607	0.3808	0.3987	0.4448	0.5106	0.5136	0.5369	0.5213	0.5469	0.5113	0.5712	0.5605	0.5911	0.5978	0.5855	0.6469	0.6045	0.5951	0.6154	0.6213	0.5898	0.6563	0.6693	0.6734	0.6813	0.6617	0.6327	0.6294	0.6332	0.6271	0.6481	0.6411	0.6568	0.6347	0.6321	0.6354	0.6640	0.6471	0.6064	0.5806	0.6087	0.5840	0.6166	0.5816	0.5986	0.6151	0.5925	0.5962	0.6090	0.5850	0.5920	0.5831	0.5529	0.5844	0.6109	0.4892	0.4413	0.3829	0.3107	0.3210	0.3225
0.2631	0.2871	0.2777	0.3623	0.3582	0.3591	0.3651	0.3717	0.3580	0.4064	0.4171	0.4405	0.4744	0.4590	0.4975	0.5482	0.5544	0.5082	0.5336	0.5882	0.5588	0.5727	0.6206	0.6481	0.6330	0.6042	0.5977	0.6335	0.6263	0.6479	0.6685	0.6783	0.6784	0.6352	0.6207	0.6292	0.5954	0.6240	0.6625	0.6124	0.6602	0.6785	0.6329	0.5979	0.6274	0.6003	0.6087	0.5976	0.6153	0.5833	0.6240	0.6241	0.6454	0.6330	0.5846	0.6048	0.6068	0.5770	0.6168	0.6460	0.5963	0.6201	0.5974	0.5804	0.5799	0.5030	0.4117	0.3652	0.3308
0.2544	0.2575	0.2932	0.3658	0.3510	0.3547	0.3642	0.3802	0.3708	0.3891	0.4313	0.4430	0.4238	0.4294	0.4745	0.5256	0.5199	0.5273	0.5749	0.5752	0.6126	0.5561	0.6081	0.6705	0.6829	0.6110	0.6254	0.6494	0.6693	0.6497	0.6794	0.6755	0.6932	0.6474	0.6383	0.6238	0.6226	0.6573	0.6177	0.6169	0.6481	0.6402	0.6359	0.5910	0.6082	0.5912	0.6282	0.6247	0.6095	0.5989	0.6113	0.6066	0.6038	0.6291	0.6184	0.6231	0.6027	0.6072	0.6038	0.6022	0.6070	0.6122	0.6248	0.6152	0.5997	0.5588	0.5151	0.4366	0.4426
0.2652	0.2830	0.2975	0.3619	0.3272	0.3353	0.3579	0.3778	0.3935	0.3950	0.4360	0.4605	0.4314	0.4557	0.4743	0.5121	0.5229	0.5657	0.5687	0.5579	0.5623	0.5889	0.6045	0.6378	0.6040	0.5879	0.6344	0.6847	0.6632	0.6928	0.6755	0.6671	0.7491	0.6992	0.6476	0.6147	0.6893	0.6952	0.6447	0.6503	0.6522	0.6392	0.6196	0.6213	0.6387	0.6160	0.6125	0.6361	0.6177	0.6266	0.6160	0.6387	0.6214	0.6151	0.6124	0.6227	0.5853	0.5925	0.5949	0.5943	0.6003	0.6364	0.6302	0.6232	0.5888	0.5745	0.5422	0.5596	0.5633
0.2266	0.2806	0.3472	0.3241	0.3024	0.3231	0.3673	0.3804	0.4126	0.4022	0.4394	0.4841	0.4255	0.4656	0.4870	0.5068	0.5300	0.5576	0.5753	0.5552	0.5562	0.6082	0.6102	0.6052	0.5987	0.5896	0.5993	0.6335	0.6398	0.6462	0.6831	0.6818	0.7098	0.6970	0.6973	0.6998	0.6709	0.6248	0.6317	0.6509	0.6254	0.6552	0.6328	0.6456	0.6377	0.6019	0.6411	0.6227	0.6216	0.6476	0.6333	0.6441	0.6774	0.6403	0.5814	0.5847	0.6206	0.6227	0.5859	0.5986	0.5748	0.5869	0.5710	0.5695	0.5988	0.5432	0.5504	0.5420	0.5766
0.2234	0.2562	0.3049	0.3083	0.3139	0.3532	0.3521	0.3401	0.4134	0.4115	0.3890	0.4026	0.4167	0.4412	0.4983	0.5103	0.5634	0.5336	0.5859	0.5504	0.5588	0.5906	0.6064	0.6060	0.6252	0.6245	0.5817	0.6083	0.6753	0.6685	0.6686	0.6959	0.7192	0.6765	0.7323	0.7210	0.6766	0.6480	0.6456	0.6432	0.5988	0.6123	0.6510	0.6226	0.6187	0.6410	0.6398	0.6614	0.6267	0.6392	0.6473	0.5970	0.6268	0.6757	0.6271	0.5870	0.5942	0.5658	0.5694	0.5801	0.5819	0.5913	0.6094	0.5933	0.5907	0.5504	0.5690	0.5891	0.5947
0.2479	0.2690	0.2780	0.3285	0.3451	0.3423	0.3615	0.3917	0.3963	0.4353	0.3987	0.4347	0.4256	0.4408	0.4669	0.5098	0.5556	0.5272	0.5531	0.5418	0.5736	0.5751	0.5861	0.6275	0.6183	0.6450	0.6292	0.6527	0.6507	0.6906	0.7128	0.7079	0.7073	0.6977	0.7127	0.7244	0.7374	0.6734	0.6724	0.6692	0.6520	0.6443	0.6325	0.6352	0.6462	0.6039	0.6536	0.6463	0.6558	0.6315	0.6189	0.6157	0.6441	0.6519	0.6573	0.6217	0.5830	0.5843	0.5320	0.5496	0.5614	0.5721	0.6073	0.5902	0.5675	0.5765	0.5917	0.5936	0.5858
0.2548	0.2624	0.2895	0.3129	0.3014	0.2944	0.3696	0.4093	0.4024	0.4288	0.4317	0.4521	0.5145	0.5405	0.5106	0.5857	0.5661	0.5641	0.5396	0.5649	0.6072	0.5716	0.5901	0.6097	0.5973	0.6368	0.6551	0.6672	0.6790	0.6940	0.7369	0.7143	0.7040	0.7395	0.7417	0.6881	0.6782	0.6493	0.7069	0.6841	0.6462	0.6560	0.6514	0.6605	0.6232	0.6318	0.6830	0.6342	0.6593	0.6636	0.6247	0.6237	0.6251	0.6207	0.6035	0.6179	0.6097	0.5966	0.5990	0.5994	0.6005	0.5992	0.6234	0.6264	0.5584	0.5905	0.5964	0.5044	0.6172
0.2130	0.2479	0.2477	0.2685	0.3256	0.3110	0.3686	0.4047	0.4469	0.4648	0.5145	0.5084	0.5703	0.6605	0.6550	0.6723	0.6886	0.6058	0.6077	0.6046	0.6141	0.6193	0.5978	0.6289	0.6409	0.6314	0.6627	0.6484	0.6296	0.6909	0.6659	0.6928	0.6906	0.6801	0.7730	0.7397	0.7006	0.6557	0.6822	0.6691	0.7024	0.6460	0.6474	0.6403	0.6024	0.6288	0.6415	0.6550	0.6357	0.6784	0.6396	0.6112	0.6668	0.6686	0.6028	0.6204	0.6206	0.6318	0.6413	0.6278	0.6095	0.6088	0.6523	0.6323	0.6295	0.6262	0.5909	0.4925	0.5384
0.2500	0.2634	0.2748	0.2791	0.3231	0.3742	0.4316	0.4702	0.5094	0.5370	0.6024	0.6448	0.6399	0.7441	0.7430	0.7488	0.7393	0.6647	0.6841	0.6714	0.6218	0.6516	0.6248	0.5901	0.6655	0.6791	0.6404	0.6580	0.6424	0.6625	0.6939	0.6751	0.7166	0.7127	0.7303	0.6947	0.6705	0.6665	0.6380	0.6562	0.6587	0.6312	0.6581	0.6619	0.6379	0.6550	0.6772	0.6605	0.6532	0.6467	0.6553	0.6431	0.6324	0.6292	0.6277	0.6375	0.5896	0.6281	0.6533	0.6602	0.6476	0.6386	0.6853	0.6819	0.6209	0.5913	0.5306	0.4297	0.5310
0.2415	0.2220	0.2644	0.2944	0.3616	0.4173	0.4685	0.5681	0.6054	0.6170	0.6623	0.7023	0.7417	0.7695	0.8002	0.8102	0.8208	0.8085	0.8164	0.7839	0.7256	0.7118	0.6738	0.6356	0.6021	0.6242	0.6087	0.6442	0.6728	0.6592	0.6736	0.7153	0.6942	0.7187	0.6969	0.6689	0.6819	0.6702	0.6252	0.6295	0.6470	0.6408	0.6183	0.6344	0.6419	0.6551	0.6710	0.6559	0.6851	0.6434	0.6342	0.6257	0.6234	0.6057	0.6187	0.6314	0.6380	0.6537	0.7043	0.7126	0.6606	0.6694	0.6782	0.6471	0.6172	0.5367	0.3602	0.2922	0.3428
0.2327	0.2891	0.3199	0.3544	0.4072	0.4931	0.5306	0.5766	0.6323	0.5939	0.6940	0.7472	0.8166	0.8015	0.8866	0.9098	0.9139	0.9858	0.9311	0.8758	0.8289	0.8049	0.7434	0.6690	0.6080	0.6454	0.6210	0.6485	0.6624	0.6240	0.7103	0.7004	0.6758	0.6956	0.6942	0.6619	0.6771	0.6850	0.6268	0.6258	0.6229	0.5996	0.6133	0.6365	0.6543	0.6625	0.6465	0.6555	0.6582	0.6633	0.6535	0.6495	0.6597	0.6537	0.6420	0.6427	0.6780	0.7258	0.7606	0.6812	0.7297	0.7092	0.6921	0.6782	0.6265	0.4788	0.2872	0.2474	0.2676
0.2350	0.3478	0.4099	0.4426	0.4702	0.5607	0.5939	0.6501	0.6520	0.6833	0.7513	0.8344	0.8130	0.8314	0.7692	0.7789	0.8616	0.9351	0.9323	0.9208	0.9015	0.8554	0.7941	0.7390	0.7030	0.6408	0.6384	0.6325	0.6465	0.6372	0.6422	0.6793	0.7004	0.6778	0.7055	0.6677	0.6602	0.6756	0.6224	0.6111	0.6170	0.6339	0.6375	0.6611	0.6643	0.6791	0.6457	0.6403	0.6706	0.6540	0.6520	0.6634	0.6733	0.6802	0.6446	0.6593	0.6701	0.7220	0.6445	0.6061	0.7548	0.7047	0.6826	0.6557	0.5324	0.3360	0.2369	0.2457	0.2589
0.1518	0.2627	0.3292	0.4440	0.4957	0.5805	0.6450	0.6428	0.6551	0.7917	0.8243	0.7974	0.6241	0.5256	0.4343	0.4551	0.5125	0.5902	0.7545	0.9698	0.9682	0.8987	0.8571	0.7924	0.7384	0.6286	0.5678	0.5906	0.6073	0.6587	0.6771	0.6456	0.6615	0.6608	0.6482	0.6558	0.6635	0.6060	0.6105	0.5989	0.5969	0.6586	0.6807	0.6867	0.6850	0.6930	0.6926	0.6700	0.6789	0.6457	0.6587	0.6640	0.6782	0.6817	0.6681	0.6604	0.7123	0.6924	0.5117	0.5983	0.7226	0.6268	0.4367	0.3611	0.2989	0.2586	0.2527	0.2592	0.2544
0.0846	0.1162	0.1460	0.1711	0.2255	0.2922	0.3522	0.3406	0.3747	0.4621	0.4888	0.4096	0.3322	0.3062	0.3152	0.3570	0.3806	0.4375	0.5322	0.7251	0.9919	1.0000	0.9112	0.8500	0.8295	0.7198	0.6232	0.5631	0.6320	0.6528	0.6352	0.6542	0.6367	0.6524	0.6223	0.6321	0.6609	0.5927	0.5929	0.5831	0.6422	0.6451	0.6802	0.6675	0.6650	0.6995	0.6899	0.6527	0.6630	0.6428	0.6397	0.6471	0.6869	0.6797	0.6767	0.7038	0.6928	0.4869	0.3515	0.5124	0.6234	0.4391	0.2872	0.2616	0.2493	0.2497	0.2573	0.2811	0.2640
0.0315	0.0479	0.0670	0.0797	0.0881	0.1149	0.1488	0.1591	0.1878	0.2015	0.2112	0.2033	0.2346	0.2303	0.2690	0.2796	0.3005	0.3126	0.3499	0.4468	0.7809	0.9440	0.9007	0.7753	0.7885	0.7791	0.6788	0.6408	0.6189	0.6454	0.6418	0.6250	0.6175	0.6272	0.6409	0.6486	0.6271	0.6293	0.6321	0.6528	0.6678	0.6506	0.6548	0.6604	0.6676	0.6749	0.6658	0.6700	0.6527	0.6390	0.7038	0.6784	0.7227	0.7171	0.6517	0.6486	0.4748	0.2778	0.2581	0.3153	0.3541	0.2810	0.2492	0.2542	0.2511	0.2441	0.2530	0.2411	0.2350
0.0050	0.0314	0.0531	0.0559	0.0643	0.0799	0.0860	0.1025	0.1056	0.1236	0.1370	0.1470	0.1616	0.1647	0.1807	0.2091	0.2342	0.2432	0.2705	0.2969	0.4110	0.6451	0.6652	0.5171	0.6547	0.8106	0.7513	0.7294	0.7166	0.6764	0.6591	0.6245	0.6378	0.6793	0.6302	0.5960	0.6239	0.6563	0.6541	0.6816	0.7171	0.6724	0.6569	0.6832	0.6712	0.6629	0.7017	0.6977	0.6659	0.6547	0.6682	0.6606	0.5546	0.4280	0.3847	0.3745	0.3061	0.2628	0.2476	0.2564	0.2502	0.2278	0.2266	0.2426	0.2184	0.2280	0.2231	0.2178	0.2131
0.0191	0.0168	0.0357	0.0452	0.0502	0.0746	0.0726	0.0975	0.0936	0.0923	0.1052	0.1127	0.1109	0.1234	0.1414	0.1678	0.1854	0.1920	0.2154	0.2308	0.2565	0.3041	0.3519	0.3922	0.4632	0.6425	0.7614	0.7638	0.7789	0.7555	0.6912	0.7082	0.6886	0.6763	0.6547	0.6348	0.6616	0.6473	0.6613	0.6674	0.6614	0.6707	0.6576	0.6528	0.6463	0.6919	0.6959	0.6908	0.6834	0.6609	0.6326	0.5417	0.3072	0.2361	0.2337	0.2587	0.2558	0.2471	0.2334	0.2475	0.2340	0.2155	0.2243	0.2198	0.2107	0.2203	0.2014	0.1956	0.1934
0.0057	0.0205	0.0412	0.0565	0.0308	0.0531	0.0592	0.0759	0.0640	0.0779	0.0919	0.0919	0.0900	0.1049	0.1098	0.1246	0.1348	0.1375	0.1650	0.1795	0.2038	0.2172	0.2320	0.2915	0.3330	0.3961	0.6100	0.7793	0.8555	0.8295	0.7374	0.7705	0.7684	0.7193	0.7308	0.6983	0.6953	0.7152	0.7037	0.6993	0.6453	0.6521	0.6738	0.6623	0.6564	0.6835	0.6812	0.6789	0.6106	0.5352	0.5215	0.3432	0.2214	0.2030	0.2129	0.2214	0.2062	0.2185	0.2194	0.2146	0.2061	0.2022	0.1888	0.1998	0.2041	0.1967	0.1910	0.1973	0.1939
0.0114	0.0217	0.0306	0.0410	0.0502	0.0586	0.0660	0.0616	0.0584	0.0620	0.0834	0.0781	0.0851	0.0840	0.0875	0.1068	0.0980	0.1132	0.1135	0.1303	0.1433	0.1571	0.1743	0.1826	0.2287	0.2529	0.3359	0.5765	0.7627	0.7900	0.7970	0.8040	0.7930	0.7603	0.7820	0.7451	0.6988	0.6930	0.6913	0.7190	0.6708	0.6824	0.6860	0.7601	0.7233	0.7130	0.6772	0.6242	0.3935	0.2214	0.2207	0.1914	0.1786	0.1674	0.1724	0.1739	0.1761	0.1825	0.1788	0.1849	0.1901	0.1985	0.1981	0.1763	0.1761	0.1672	0.1709	0.1635	0.1643
0.0051	0.0099	0.0349	0.0330	0.0465	0.0378	0.0547	0.0626	0.0573	0.0521	0.0709	0.0724	0.0830	0.0843	0.0800	0.0857	0.0937	0.0934	0.1025	0.1086	0.1041	0.1216	0.1306	0.1305	0.1489	0.1705	0.2026	0.2755	0.3896	0.3890	0.5125	0.6785	0.6772	0.5974	0.5215	0.4067	0.3793	0.4705	0.5905	0.5443	0.5560	0.5936	0.5988	0.6614	0.6293	0.5737	0.5588	0.4547	0.2220	0.1393	0.1458	0.1522	0.1405	0.1392	0.1446	0.1410	0.1561	0.1493	0.1459	0.1483	0.1565	0.1565	0.1622	0.1483	0.1366	0.1514	0.1499	0.1419	0.1478
0.0002	0.0100	0.0220	0.0195	0.0306	0.0312	0.0481	0.0576	0.0415	0.0416	0.0482	0.0557	0.0823	0.0662	0.0733	0.0701	0.0858	0.0841	0.0851	0.0868	0.0937	0.0921	0.0921	0.0895	0.1102	0.1137	0.1211	0.1556	0.1861	0.1754	0.2001	0.2750	0.3094	0.2412	0.2078	0.1983	0.2115	0.2814	0.3371	0.2612	0.2256	0.2656	0.3012	0.2964	0.2429	0.2540	0.2502	0.1913	0.1458	0.1310	0.1276	0.1263	0.1208	0.1161	0.1234	0.1297	0.1244	0.1175	0.1145	0.1077	0.1282	0.1297	0.1259	0.1142	0.1144	0.1229	0.1195	0.1320	0.1153
0.0095	0.0146	0.0152	0.0285	0.0279	0.0324	0.0388	0.0415	0.0386	0.0510	0.0504	0.0519	0.0698	0.0566	0.0696	0.0764	0.0855	0.0791	0.0711	0.0728	0.0860	0.0932	0.0823	0.0897	0.0890	0.1058	0.0943	0.1098	0.1102	0.1285	0.1263	0.1372	0.1473	0.1364	0.1430	0.1406	0.1389	0.1418	0.1430	0.1421	0.1378	0.1413	0.1584	0.1509	0.1441	0.1363	0.1287	0.1212	0.1015	0.1104	0.1010	0.1006	0.0965	0.0953	0.0934	0.0953	0.0973	0.0996	0.0985	0.1032	0.1022	0.1044	0.0973	0.0916	0.0867	0.0855	0.0885	0.0924	0.0892
0.0014	0.0070	0.0046	0.0173	0.0194	0.0300	0.0240	0.0299	0.0288	0.0423	0.0498	0.0460	0.0474	0.0616	0.0658	0.0669	0.0646	0.0707	0.0634	0.0678	0.0767	0.0793	0.0797	0.0864	0.0881	0.0908	0.0919	0.0959	0.1028	0.0998	0.0985	0.1059	0.1115	0.1174	0.1057	0.1059	0.1059	0.1074	0.1130	0.1191	0.1108	0.1269	0.1292	0.1080	0.1159	0.1086	0.1093	0.1012	0.0867	0.0937	0.0926	0.0928	0.0863	0.0802	0.0856	0.0890	0.0800	0.0751	0.0847	0.0866	0.0849	0.0807	0.0737	0.0742	0.0785	0.0690	0.0746	0.0718	0.0787
0.0000	0.0014	0.0069	0.0121	0.0203	0.0154	0.0257	0.0377	0.0487	0.0403	0.0399	0.0432	0.0439	0.0517	0.0539	0.0623	0.0577	0.0626	0.0637	0.0700	0.0773	0.0616	0.0619	0.0731	0.0843	0.0926	0.0847	0.0794	0.0960	0.0844	0.0833	0.0984	0.0953	0.0863	0.0890	0.0871	0.1044	0.0925	0.0926	0.0884	0.0987	0.0963	0.0952	0.0938	0.0885	0.0956	0.0922	0.0867	0.0796	0.0870	0.0848	0.0722	0.0703	0.0723	0.0732	0.0715	0.0653	0.0622	0.0656	0.0667	0.0737	0.0665	0.0644	0.0619	0.0684	0.0672	0.0666	0.0586	0.0587
0.0018	0.0001	0.0000	0.0040	0.0176	0.0172	0.0228	0.0230	0.0321	0.0366	0.0502	0.0499	0.0377	0.0418	0.0552	0.0570	0.0539	0.0519	0.0602	0.0636	0.0639	0.0667	0.0620	0.0685	0.0753	0.0894	0.0747	0.0815	0.0812	0.0803	0.0720	0.0890	0.0756	0.0829	0.0835	0.0773	0.0895	0.0885	0.0766	0.0736	0.0805	0.0815	0.0848	0.0819	0.0713	0.0778	0.0794	0.0819	0.0825	0.0737	0.0743	0.0769	0.0655	0.0646	0.0632	0.0619	0.0641	0.0638	0.0594	0.0550	0.0522	0.0507	0.0515	0.0541	0.0575	0.0530	0.0538	0.0505	0.0416
0.0000	0.0047	0.0026	0.0055	0.0055	0.0023	0.0023	0.0264	0.0255	0.0186	0.0274	0.0302	0.0267	0.0388	0.0375	0.0524	0.0527	0.0396	0.0439	0.0579	0.0540	0.0554	0.0610	0.0644	0.0697	0.0722	0.0673	0.0737	0.0628	0.0743	0.0638	0.0704	0.0692	0.0708	0.0677	0.0752	0.0736	0.0682	0.0756	0.0754	0.0722	0.0822	0.0740	0.0751	0.0653	0.0636	0.0693	0.0700	0.0643	0.0637	0.0622	0.0638	0.0649	0.0578	0.0595	0.0581	0.0535	0.0530	0.0548	0.0510	0.0487	0.0423	0.0439	0.0449	0.0405	0.0473	0.0426	0.0327	0.0277
0.0000	0.0000	0.0000	0.0000	0.0000	0.0000	0.0116	0.0157	0.0049	0.0016	0.0215	0.0294	0.0245	0.0264	0.0310	0.0427	0.0430	0.0307	0.0469	0.0579	0.0523	0.0514	0.0500	0.0506	0.0568	0.0542	0.0598	0.0628	0.0602	0.0643	0.0600	0.0613	0.0666	0.0606	0.0598	0.0726	0.0556	0.0619	0.0706	0.0604	0.0596	0.0631	0.0630	0.0626	0.0623	0.0616	0.0627	0.0631	0.0535	0.0473	0.0561	0.0515	0.0484	0.0473	0.0546	0.0589	0.0577	0.0514	0.0549	0.0560	0.0525	0.0429	0.0473	0.0430	0.0348	0.0412	0.0419	0.0301	0.0255
0.0000	0.0000	0.0000	0.0000	0.0000	0.0000	0.0167	0.0078	0.0107	0.0009	0.0198	0.0356	0.0317	0.0135	0.0276	0.0448	0.0392	0.0401	0.0426	0.0406	0.0563	0.0512	0.0475	0.0460	0.0536	0.0543	0.0599	0.0687	0.0659	0.0735	0.0691	0.0648	0.0800	0.0641	0.0589	0.0596	0.0645	0.0665	0.0656	0.0659	0.0640	0.0550	0.0609	0.0592	0.0552	0.0644	0.0656	0.0607	0.0490	0.0559	0.0603	0.0538	0.0519	0.0480	0.0495	0.0510	0.0463	0.0403	0.0451	0.0584	0.0457	0.0437	0.0353	0.0333	0.0390	0.0308	0.0230	0.0251	0.0248
0.0070	0.0000	0.0000	0.0000	0.0000	0.0000	0.0000	0.0090	0.0147	0.0158	0.0190	0.0198	0.0286	0.0154	0.0257	0.0385	0.0359	0.0399	0.0373	0.0430	0.0382	0.0431	0.0528	0.0571	0.0475	0.0557	0.0523	0.0539	0.0560	0.0716	0.0757	0.0585	0.0586	0.0624	0.0613	0.0575	0.0580	0.0646	0.0615	0.0629	0.0616	0.0529	0.0561	0.0562	0.0574	0.0594	0.0568	0.0514	0.0428	0.0524	0.0516	0.0531	0.0499	0.0475	0.0436	0.0422	0.0427	0.0391	0.0323	0.0449	0.0389	0.0305	0.0322	0.0321	0.0315	0.0236	0.0191	0.0258	0.0270
0.0000	0.0000	0.0000	0.0000	0.0000	0.0078	0.0000	0.0029	0.0150	0.0095	0.0094	0.0258	0.0187	0.0314	0.0249	0.0215	0.0338	0.0260	0.0380	0.0309	0.0332	0.0281	0.0378	0.0459	0.0446	0.0446	0.0427	0.0518	0.0495	0.0556	0.0592	0.0475	0.0550	0.0555	0.0523	0.0509	0.0499	0.0604	0.0518	0.0585	0.0487	0.0523	0.0558	0.0585	0.0564	0.0512	0.0494	0.0477	0.0420	0.0427	0.0464	0.0505	0.0425	0.0386	0.0376	0.0431	0.0404	0.0370	0.0279	0.0330	0.0309	0.0227	0.0291	0.0235	0.0198	0.0226	0.0198	0.0187	0.0208
0.0000	0.0000	0.0000	0.0000	0.0000	0.0000	0.0000	0.0036	0.0172	0.0336	0.0247	0.0138	0.0145	0.0040	0.0298	0.0218	0.0235	0.0162	0.0273	0.0295	0.0266	0.0279	0.0355	0.0454	0.0436	0.0430	0.0398	0.0538	0.0548	0.0500	0.0579	0.0502	0.0662	0.0618	0.0539	0.0554	0.0667	0.0748	0.0604	0.0633	0.0532	0.0566	0.0576	0.0585	0.0628	0.0510	0.0478	0.0461	0.0491	0.0418	0.0495	0.0454	0.0408	0.0362	0.0334	0.0328	0.0368	0.0272	0.0282	0.0344	0.0305	0.0235	0.0259	0.0351	0.0194	0.0243	0.0135	0.0230	0.0231
