0.0000	0.0000	0.0044	0.0000	0.0000	0.0000	0.0076	0.0089	0.0106	0.0000	0.0093	0.0087	0.0180	0.0174	0.0241	0.0283	0.0281	0.0186	0.0283	0.0253	0.0360	0.0303	0.0220	0.0320	0.0442	0.0496	0.0429	0.0416	0.0509	0.0587	0.0581	0.0527	0.0622	0.0614	0.0639	0.0662	0.0560	0.0454	0.0598	0.0569	0.0694	0.0713	0.0688	0.0696	0.0531	0.0595	0.0673	0.0675	0.0634	0.0599	0.0737	0.0469	0.0531	0.0587	0.0606	0.0636	0.0638	0.0553	0.0598	0.0488	0.0541	0.0472	0.0344	0.0313	0.0359	0.0340	0.0202	0.0247	0.0289
0.0000	0.0000	0.0017	0.0054	0.0000	0.0000	0.0042	0.0189	0.0110	0.0000	0.0102	0.0110	0.0238	0.0359	0.0282	0.0270	0.0290	0.0354	0.0419	0.0370	0.0470	0.0270	0.0365	0.0451	0.0568	0.0562	0.0548	0.0514	0.0697	0.0736	0.0513	0.0549	0.0746	0.0596	0.0817	0.0845	0.0674	0.0783	0.0902	0.0861	0.0840	0.0837	0.0765	0.0840	0.0830	0.0730	0.0709	0.0828	0.0692	0.0713	0.0734	0.0768	0.0552	0.0709	0.0529	0.0617	0.0640	0.0689	0.0610	0.0552	0.0607	0.0498	0.0410	0.0511	0.0469	0.0298	0.0338	0.0324	0.0406
0.0000	0.0000	0.0064	0.0029	0.0000	0.0000	0.0000	0.0123	0.0147	0.0119	0.0153	0.0095	0.0281	0.0459	0.0361	0.0508	0.0336	0.0349	0.0415	0.0350	0.0485	0.0457	0.0429	0.0592	0.0694	0.0509	0.0736	0.0574	0.0684	0.0814	0.0624	0.0598	0.0777	0.0687	0.0621	0.0714	0.0776	0.0853	0.0818	0.0769	0.0833	0.0730	0.0778	0.0782	0.0885	0.0820	0.0784	0.0801	0.0680	0.0689	0.0810	0.0894	0.0750	0.0802	0.0654	0.0738	0.0622	0.0682	0.0604	0.0632	0.0727	0.0717	0.0624	0.0546	0.0450	0.0421	0.0418	0.0481	0.0423
0.0000	0.0000	0.0155	0.0006	0.0052	0.0153	0.0109	0.0144	0.0237	0.0357	0.0337	0.0433	0.0352	0.0259	0.0352	0.0656	0.0549	0.0504	0.0551	0.0565	0.0561	0.0487	0.0510	0.0697	0.0686	0.0544	0.0626	0.0616	0.0624	0.0793	0.0758	0.0707	0.0783	0.0727	0.0754	0.0850	0.0784	0.0830	0.0900	0.0848	0.0821	0.0859	0.0767	0.0720	0.0822	0.0894	0.0762	0.0781	0.0735	0.0626	0.0772	0.0837	0.0793	0.0751	0.0780	0.0730	0.0794	0.0659	0.0750	0.0643	0.0613	0.0754	0.0618	0.0577	0.0617	0.0598	0.0532	0.0476	0.0654
0.0000	0.0037	0.0118	0.0143	0.0046	0.0074	0.0150	0.0316	0.0233	0.0175	0.0291	0.0385	0.0454	0.0502	0.0349	0.0368	0.0492	0.0527	0.0490	0.0582	0.0510	0.0563	0.0580	0.0599	0.0552	0.0643	0.0612	0.0559	0.0626	0.0753	0.0791	0.0872	0.0865	0.0937	0.0986	0.0833	0.0793	0.0718	0.0830	0.0873	0.0975	0.0878	0.0817	0.0802	0.0972	0.0978	0.0993	0.0904	0.0829	0.0827	0.0764	0.0734	0.0803	0.0862	0.0878	0.0845	0.0835	0.0738	0.0572	0.0733	0.0733	0.0733	0.0565	0.0642	0.0754	0.0622	0.0762	0.0617	0.0641
0.0000	0.0000	0.0069	0.0134	0.0110	0.0161	0.0179	0.0244	0.0318	0.0195	0.0252	0.0348	0.0434	0.0488	0.0323	0.0529	0.0740	0.0500	0.0312	0.0536	0.0585	0.0736	0.0697	0.0479	0.0638	0.0677	0.0630	0.0680	0.0782	0.0935	0.0787	0.0892	0.0987	0.1079	0.1024	0.0879	0.0858	0.0858	0.0892	0.0868	0.0919	0.0933	0.0757	0.0913	0.0958	0.0880	0.1032	0.1046	0.0933	0.0957	0.1078	0.0918	0.0940	0.0926	0.1013	0.1138	0.0999	0.0927	0.0765	0.0991	0.0892	0.0716	0.0781	0.0884	0.0862	0.0693	0.0704	0.0758	0.0702
0.0000	0.0000	0.0067	0.0042	0.0000	0.0139	0.0175	0.0221	0.0285	0.0243	0.0347	0.0392	0.0353	0.0500	0.0352	0.0495	0.0698	0.0567	0.0550	0.0637	0.0880	0.0956	0.0642	0.0601	0.0719	0.0763	0.0784	0.0690	0.0769	0.0786	0.0889	0.0912	0.1050	0.1154	0.0981	0.0961	0.0754	0.0952	0.1007	0.0871	0.0990	0.1102	0.0910	0.0991	0.0943	0.1070	0.1214	0.1134	0.0944	0.1026	0.1162	0.1125	0.1223	0.1195	0.1142	0.1314	0.1194	0.1001	0.0992	0.1191	0.1104	0.1117	0.0936	0.1180	0.1183	0.0937	0.0927	0.0892	0.0945
0.0000	0.0086	0.0171	0.0045	0.0010	0.0143	0.0284	0.0290	0.0264	0.0373	0.0365	0.0489	0.0375	0.0479	0.0489	0.0513	0.0606	0.0588	0.0657	0.0528	0.0784	0.0813	0.0597	0.0695	0.0925	0.0858	0.0842	0.0862	0.1007	0.0945	0.1017	0.0899	0.1023	0.1090	0.1160	0.1072	0.0941	0.0970	0.0994	0.1075	0.1123	0.1177	0.1184	0.1072	0.0947	0.1008	0.1265	0.1408	0.1212	0.1051	0.1087	0.1183	0.1169	0.1137	0.1074	0.1286	0.1275	0.1142	0.1384	0.1274	0.1398	0.1348	0.1178	0.1231	0.1215	0.1095	0.1218	0.1098	0.1217
0.0103	0.0116	0.0058	0.0107	0.0204	0.0403	0.0410	0.0387	0.0368	0.0434	0.0446	0.0576	0.0487	0.0529	0.0454	0.0608	0.0745	0.0638	0.0570	0.0831	0.0832	0.0770	0.0890	0.0793	0.0849	0.0925	0.0878	0.0796	0.1032	0.1013	0.1054	0.0940	0.1098	0.1017	0.1182	0.1204	0.1230	0.1082	0.1170	0.1266	0.1157	0.1140	0.1129	0.1174	0.1340	0.1264	0.1284	0.1401	0.1376	0.1501	0.1459	0.1385	0.1411	0.1553	0.1390	0.1412	0.1355	0.1373	0.1601	0.1463	0.1409	0.1299	0.1357	0.1248	0.1330	0.1246	0.1231	0.1251	0.1357
0.0090	0.0081	0.0057	0.0227	0.0186	0.0346	0.0346	0.0423	0.0416	0.0453	0.0449	0.0439	0.0444	0.0573	0.0660	0.0703	0.0838	0.0793	0.0807	0.0938	0.1040	0.0899	0.0796	0.0919	0.0891	0.1008	0.0913	0.0986	0.1094	0.1030	0.1110	0.1089	0.1174	0.1229	0.1304	0.1098	0.1095	0.1251	0.1286	0.1292	0.1170	0.1277	0.1347	0.1444	0.1492	0.1567	0.1620	0.1546	0.1667	0.1655	0.1727	0.1605	0.1749	0.1647	0.1695	0.1851	0.1890	0.2091	0.1936	0.1575	0.1633	0.1554	0.1774	0.1516	0.1434	0.1420	0.1342	0.1408	0.1513
0.0025	0.0142	0.0210	0.0233	0.0166	0.0399	0.0386	0.0610	0.0476	0.0387	0.0422	0.0528	0.0585	0.0694	0.0758	0.0910	0.0960	0.1020	0.0998	0.0964	0.1072	0.0884	0.0904	0.1002	0.1017	0.1106	0.1078	0.1162	0.1107	0.1087	0.1103	0.1130	0.1279	0.1414	0.1428	0.1123	0.1201	0.1381	0.1405	0.1412	0.1375	0.1438	0.1636	0.1472	0.1785	0.1897	0.1902	0.2192	0.2591	0.2308	0.2074	0.2115	0.1877	0.1873	0.2230	0.2411	0.3380	0.4081	0.3064	0.2027	0.2127	0.2082	0.1948	0.2397	0.2214	0.1977	0.1664	0.1600	0.2240
0.0028	0.0281	0.0278	0.0320	0.0369	0.0501	0.0431	0.0516	0.0497	0.0394	0.0609	0.0738	0.0736	0.0775	0.0609	0.0807	0.1048	0.1048	0.1011	0.1062	0.1003	0.1066	0.1033	0.1069	0.1175	0.1178	0.1337	0.1226	0.1171	0.1247	0.1354	0.1311	0.1426	0.1437	0.1474	0.1390	0.1382	0.1606	0.1808	0.1834	0.1732	0.1854	0.1892	0.1867	0.2244	0.2521	0.2600	0.3985	0.5440	0.4845	0.3607	0.3287	0.3251	0.3025	0.4132	0.4756	0.5542	0.5072	0.4567	0.3434	0.3803	0.3617	0.3049	0.4174	0.3896	0.3186	0.2489	0.1910	0.2908
0.0259	0.0301	0.0313	0.0447	0.0369	0.0381	0.0411	0.0485	0.0754	0.0589	0.0696	0.0924	0.0865	0.0889	0.0859	0.0858	0.1060	0.1116	0.1103	0.1298	0.1127	0.1288	0.1314	0.1385	0.1326	0.1413	0.1439	0.1262	0.1350	0.1462	0.1685	0.1527	0.1580	0.1764	0.1879	0.1618	0.1623	0.1907	0.2158	0.2160	0.2217	0.2245	0.2417	0.2804	0.3969	0.4946	0.4359	0.5095	0.7275	0.7370	0.6565	0.5988	0.5982	0.4306	0.5682	0.6491	0.6122	0.5335	0.5308	0.5018	0.5286	0.4920	0.4445	0.4555	0.4463	0.3936	0.3182	0.2321	0.2813
0.0066	0.0303	0.0342	0.0391	0.0405	0.0450	0.0507	0.0654	0.0693	0.0802	0.0964	0.0892	0.1009	0.0888	0.1054	0.1337	0.1377	0.1391	0.1555	0.1948	0.1605	0.1822	0.1921	0.1618	0.1521	0.1485	0.1609	0.1758	0.1649	0.1744	0.1859	0.1860	0.2045	0.2121	0.2300	0.1870	0.2043	0.2299	0.2497	0.2776	0.3968	0.4197	0.3810	0.5160	0.7813	0.7960	0.6939	0.5366	0.6756	0.6862	0.7084	0.6902	0.6842	0.4935	0.5615	0.6760	0.5965	0.5520	0.5240	0.5583	0.5519	0.5154	0.4906	0.4341	0.4082	0.3659	0.3396	0.2630	0.2885
0.0031	0.0211	0.0355	0.0486	0.0492	0.0634	0.0666	0.0923	0.1257	0.1374	0.1317	0.1343	0.1408	0.1659	0.2152	0.2791	0.3149	0.3300	0.3623	0.3713	0.4078	0.4131	0.3221	0.2400	0.2133	0.1905	0.1971	0.2281	0.2272	0.2373	0.2425	0.2458	0.2716	0.2644	0.2688	0.2681	0.2799	0.3075	0.4153	0.5900	0.7358	0.8470	0.6231	0.6908	0.8721	0.8204	0.7799	0.6924	0.7117	0.7118	0.6630	0.6233	0.6103	0.5059	0.4544	0.5862	0.6296	0.5855	0.4956	0.5225	0.4899	0.4820	0.4843	0.4255	0.3778	0.3227	0.3273	0.2972	0.2870
0.0223	0.0282	0.0312	0.0563	0.0808	0.0956	0.1070	0.1454	0.1884	0.2480	0.3290	0.3308	0.3543	0.3811	0.5002	0.5565	0.5954	0.6238	0.6849	0.6681	0.6995	0.7312	0.5812	0.4899	0.4627	0.4276	0.3454	0.3638	0.3991	0.4932	0.4935	0.3636	0.4159	0.5163	0.5457	0.5104	0.3723	0.3950	0.6062	0.9499	0.9543	0.8996	0.8127	0.7826	0.8210	0.7854	0.7693	0.7406	0.7111	0.6903	0.6522	0.6405	0.6129	0.5851	0.4462	0.4861	0.6010	0.5678	0.5134	0.5156	0.4811	0.4462	0.4643	0.4248	0.3416	0.3082	0.2962	0.2924	0.2893
0.0268	0.0583	0.0653	0.0830	0.1208	0.1809	0.2635	0.3615	0.4273	0.4770	0.5739	0.5642	0.5824	0.5548	0.5981	0.6390	0.6286	0.6631	0.6846	0.6921	0.7126	0.7185	0.6758	0.6688	0.6637	0.6618	0.6219	0.6886	0.6985	0.7673	0.8313	0.7571	0.8051	0.9082	1.0000	0.8175	0.5071	0.6072	0.8679	0.8929	0.8733	0.8290	0.8822	0.8879	0.8200	0.7247	0.7026	0.7033	0.6606	0.6541	0.6359	0.6746	0.6163	0.5981	0.5216	0.4641	0.5564	0.5265	0.4916	0.4776	0.4586	0.3983	0.3770	0.3750	0.3322	0.3066	0.2861	0.2745	0.2599
0.0446	0.0844	0.1245	0.1776	0.2364	0.4056	0.5100	0.5500	0.5553	0.4493	0.5069	0.4857	0.4493	0.4705	0.4999	0.5339	0.5662	0.6126	0.6464	0.6629	0.6686	0.6835	0.6533	0.6615	0.6151	0.6035	0.6862	0.7263	0.6680	0.7420	0.8051	0.8916	0.8903	0.9380	0.9649	0.8531	0.7610	0.9005	0.9835	0.8829	0.7509	0.7220	0.8045	0.7750	0.7419	0.6826	0.6956	0.6597	0.6358	0.6158	0.6163	0.6262	0.5950	0.5637	0.5433	0.5441	0.5149	0.4622	0.4679	0.4347	0.4321	0.3822	0.3627	0.3638	0.2993	0.2816	0.2710	0.2757	0.2567
0.0859	0.1744	0.2818	0.4109	0.4282	0.4493	0.4269	0.4274	0.4046	0.4028	0.4052	0.4021	0.4074	0.4116	0.4514	0.5067	0.5402	0.5727	0.5690	0.5774	0.5810	0.6417	0.6204	0.6198	0.5920	0.6098	0.6749	0.6418	0.6335	0.7060	0.6876	0.7401	0.8156	0.8626	0.8891	0.8911	0.9188	0.8770	0.8773	0.8195	0.7010	0.6719	0.7529	0.7165	0.7082	0.6673	0.6030	0.5849	0.6215	0.6001	0.5832	0.5733	0.5610	0.5350	0.5335	0.5063	0.4335	0.4190	0.4263	0.4287	0.4249	0.3675	0.3597	0.3354	0.2834	0.2629	0.2707	0.2782	0.2642
0.1689	0.2689	0.3474	0.3422	0.3396	0.3327	0.3110	0.3339	0.3356	0.3458	0.3682	0.3716	0.4208	0.4092	0.4212	0.4634	0.5006	0.5425	0.5426	0.5256	0.5168	0.5788	0.5750	0.5829	0.5772	0.5669	0.6332	0.6304	0.6323	0.6739	0.6824	0.7417	0.7558	0.8099	0.8241	0.8718	0.8717	0.7908	0.7157	0.6810	0.6846	0.6509	0.6621	0.6750	0.6568	0.6121	0.5771	0.5732	0.5872	0.5542	0.5348	0.5484	0.5290	0.5306	0.5100	0.4810	0.4654	0.4319	0.4118	0.3937	0.3845	0.3613	0.3390	0.3351	0.3183	0.2979	0.2795	0.2960	0.2550
0.1770	0.2269	0.2497	0.2482	0.2614	0.2793	0.2715	0.2736	0.2999	0.3331	0.3554	0.3697	0.3992	0.4086	0.4155	0.4545	0.5228	0.5271	0.4905	0.4836	0.5395	0.5310	0.5390	0.5800	0.5382	0.5583	0.5506	0.5974	0.5962	0.5808	0.6735	0.6953	0.6965	0.7584	0.7463	0.7512	0.7977	0.7437	0.6934	0.6509	0.6257	0.6175	0.6075	0.5784	0.5569	0.5477	0.5707	0.5389	0.5230	0.5067	0.4961	0.5132	0.4675	0.5115	0.5140	0.4756	0.4605	0.4399	0.4163	0.3860	0.3887	0.3800	0.3486	0.3273	0.3336	0.3134	0.2816	0.2990	0.2480
0.2016	0.2109	0.2094	0.2376	0.2160	0.2476	0.2686	0.2781	0.3190	0.3254	0.3468	0.3822	0.4058	0.4634	0.4466	0.4521	0.5348	0.5523	0.5288	0.5238	0.5485	0.5477	0.5622	0.5648	0.5222	0.5330	0.5375	0.5786	0.5620	0.5791	0.6038	0.6469	0.6808	0.6878	0.7044	0.6743	0.6641	0.6829	0.6438	0.6516	0.6521	0.6157	0.5899	0.5777	0.5586	0.5460	0.5518	0.5288	0.4986	0.4972	0.5387	0.5220	0.5026	0.4584	0.4607	0.4952	0.4737	0.4325	0.4147	0.4028	0.4051	0.3784	0.3325	0.3081	0.3306	0.3022	0.2864	0.2701	0.2702
0.1920	0.1946	0.1993	0.2251	0.2501	0.2385	0.2940	0.2981	0.3142	0.3265	0.3628	0.3793	0.3940	0.4329	0.4684	0.5072	0.5386	0.5617	0.5278	0.5117	0.5486	0.5887	0.5859	0.5525	0.5140	0.4670	0.5394	0.5690	0.5534	0.5911	0.5628	0.6072	0.6627	0.6814	0.6239	0.6161	0.6359	0.6474	0.6682	0.6236	0.5895	0.5756	0.5305	0.5454	0.5782	0.5620	0.5354	0.5116	0.4857	0.4697	0.4870	0.5117	0.5086	0.4632	0.4795	0.4947	0.4896	0.4349	0.4180	0.4328	0.4055	0.3956	0.3419	0.3414	0.3109	0.3067	0.3043	0.2653	0.2502
0.1870	0.2004	0.2492	0.2569	0.2452	0.2605	0.3116	0.3188	0.3195	0.3057	0.3367	0.3580	0.3962	0.4154	0.4362	0.4785	0.5274	0.5813	0.5556	0.5167	0.5410	0.5465	0.5138	0.4874	0.5134	0.4785	0.5072	0.5441	0.5507	0.5650	0.5941	0.6016	0.6307	0.6307	0.6219	0.5925	0.6349	0.6112	0.5913	0.5860	0.5927	0.6016	0.5749	0.5679	0.5486	0.5441	0.5341	0.5034	0.4911	0.4724	0.4581	0.4753	0.5005	0.4984	0.4811	0.4735	0.4656	0.4601	0.4508	0.4357	0.3923	0.3814	0.3448	0.3111	0.3021	0.3149	0.2923	0.2900	0.2751
0.1786	0.2080	0.2361	0.2445	0.2598	0.2757	0.2981	0.3032	0.3291	0.3348	0.3337	0.3620	0.3812	0.4051	0.4070	0.4231	0.4955	0.5386	0.5549	0.5215	0.5378	0.5309	0.4908	0.5045	0.5190	0.4747	0.4759	0.5077	0.5405	0.5482	0.5442	0.5843	0.6085	0.6145	0.6065	0.5979	0.6154	0.5892	0.5945	0.5697	0.5789	0.5754	0.5564	0.5340	0.5383	0.5087	0.5142	0.4831	0.5102	0.4783	0.4761	0.4578	0.4773	0.5077	0.4828	0.4792	0.4790	0.4605	0.4436	0.4276	0.4101	0.3717	0.3580	0.3345	0.3097	0.3228	0.2953	0.2798	0.2877
0.1903	0.2022	0.2072	0.2671	0.2884	0.2888	0.2969	0.3039	0.3243	0.3319	0.3236	0.3646	0.3750	0.3904	0.4236	0.4430	0.4945	0.4863	0.4940	0.5018	0.5445	0.5367	0.4952	0.4722	0.4939	0.5053	0.4757	0.4976	0.5143	0.5532	0.5873	0.5519	0.5664	0.5853	0.5945	0.5637	0.5833	0.5743	0.5907	0.5623	0.5569	0.5653	0.5213	0.5131	0.5365	0.5484	0.5373	0.5202	0.5310	0.4875	0.5072	0.4706	0.4840	0.5038	0.4978	0.4699	0.4682	0.4578	0.4515	0.4126	0.3926	0.3843	0.3613	0.3714	0.3325	0.3178	0.2990	0.2785	0.2694
0.1885	0.2272	0.2393	0.2851	0.3019	0.2761	0.2765	0.3064	0.3087	0.2976	0.3307	0.3508	0.4054	0.4205	0.4383	0.4735	0.4803	0.4501	0.5031	0.5101	0.5049	0.5232	0.4962	0.5469	0.5026	0.5069	0.5051	0.4791	0.5031	0.5383	0.5443	0.5549	0.5532	0.5627	0.5211	0.5429	0.5429	0.5694	0.5983	0.5570	0.5603	0.5066	0.5060	0.5020	0.5384	0.4953	0.4735	0.4909	0.5039	0.4914	0.4963	0.4718	0.4599	0.4769	0.4389	0.4550	0.4328	0.4274	0.4177	0.4370	0.4029	0.3650	0.3711	0.3633	0.3441	0.3037	0.3064	0.2842	0.2749
0.1980	0.2446	0.2503	0.2875	0.2756	0.2714	0.2677	0.3025	0.3060	0.3275	0.3660	0.3864	0.4291	0.4295	0.4475	0.4420	0.4699	0.4722	0.4923	0.4982	0.5068	0.5275	0.4902	0.5395	0.5101	0.5265	0.5482	0.5139	0.5140	0.5164	0.5592	0.5645	0.5405	0.5368	0.5063	0.5337	0.5105	0.5478	0.5686	0.5595	0.5602	0.5382	0.5252	0.4700	0.4940	0.4664	0.4694	0.4917	0.5122	0.4640	0.4953	0.4948	0.4749	0.4688	0.4326	0.4731	0.4685	0.4189	0.3893	0.4552	0.4287	0.3984	0.3925	0.3689	0.3430	0.3071	0.3047	0.3115	0.2831
0.1960	0.2305	0.2564	0.2560	0.2583	0.2821	0.2791	0.3096	0.2924	0.3399	0.3642	0.4036	0.4079	0.4378	0.4350	0.4250	0.4554	0.4790	0.5352	0.5123	0.5253	0.5222	0.5152	0.5209	0.5329	0.4924	0.5372	0.5419	0.5470	0.5449	0.5917	0.5903	0.5793	0.5383	0.5277	0.5276	0.5432	0.5555	0.5301	0.5405	0.5393	0.5228	0.5101	0.4673	0.4650	0.4635	0.5121	0.4907	0.4848	0.4647	0.4915	0.4693	0.4691	0.4721	0.4605	0.4707	0.4347	0.4261	0.3985	0.4147	0.3954	0.3872	0.3647	0.3720	0.3664	0.3335	0.3081	0.3098	0.2893
0.2038	0.2371	0.2748	0.2856	0.2717	0.3012	0.2830	0.3077	0.3282	0.3044	0.3428	0.3817	0.4174	0.4244	0.4106	0.4720	0.4932	0.5124	0.5170	0.5432	0.5218	0.5178	0.5274	0.5364	0.5064	0.4874	0.5264	0.5615	0.5581	0.5671	0.5692	0.5743	0.5925	0.5676	0.5428	0.5408	0.5886	0.5918	0.5560	0.5413	0.5420	0.5100	0.4796	0.4798	0.4539	0.4423	0.4682	0.4805	0.4375	0.4519	0.4683	0.4628	0.4575	0.4550	0.4389	0.4533	0.4161	0.4127	0.4089	0.4317	0.3925	0.3990	0.3765	0.3445	0.3350	0.3444	0.2948	0.3103	0.3150
0.2041	0.2462	0.2500	0.2789	0.2874	0.3058	0.3062	0.3066	0.3224	0.3215	0.3525	0.3716	0.4008	0.4031	0.4048	0.4687	0.5051	0.5025	0.4989	0.5155	0.5268	0.5325	0.5319	0.5488	0.5357	0.5093	0.5100	0.5417	0.5419	0.5571	0.5581	0.5841	0.5870	0.5934	0.6105	0.6018	0.5714	0.5308	0.5497	0.5611	0.4908	0.5024	0.4878	0.4559	0.4500	0.4306	0.4525	0.4699	0.4695	0.4902	0.4724	0.4731	0.5030	0.4547	0.4136	0.4245	0.4334	0.4211	0.4107	0.4335	0.3975	0.3760	0.3677	0.3456	0.3295	0.2936	0.2962	0.3049	0.2945
0.1952	0.2383	0.2366	0.2553	0.2741	0.2739	0.3173	0.3264	0.3304	0.3204	0.3329	0.3640	0.3964	0.4046	0.4506	0.4993	0.5328	0.4916	0.5432	0.5543	0.5685	0.5335	0.5486	0.5725	0.5555	0.5330	0.5007	0.5321	0.5489	0.5149	0.5487	0.6151	0.5890	0.5703	0.6295	0.5812	0.5683	0.5426	0.5616	0.5612	0.5081	0.4722	0.5040	0.4732	0.4686	0.4504	0.4556	0.4910	0.4518	0.4673	0.4750	0.4392	0.4768	0.4818	0.4740	0.4429	0.4307	0.4246	0.4046	0.3957	0.4010	0.3748	0.4218	0.3832	0.3261	0.3135	0.3223	0.3068	0.3082
0.2075	0.2430	0.2551	0.2711	0.2877	0.2903	0.3120	0.3030	0.3083	0.3324	0.3484	0.3781	0.4008	0.4299	0.4848	0.5079	0.5893	0.5671	0.5732	0.5724	0.5916	0.5845	0.5672	0.5881	0.5679	0.5623	0.5545	0.5670	0.5757	0.5430	0.5730	0.5962	0.6020	0.5945	0.6140	0.6089	0.6261	0.5800	0.6025	0.5599	0.5579	0.5325	0.5015	0.4776	0.4811	0.4520	0.4920	0.4758	0.4757	0.4482	0.4606	0.4384	0.4555	0.4579	0.4599	0.4260	0.4401	0.4287	0.3854	0.3860	0.3905	0.3975	0.3863	0.3571	0.3092	0.3246	0.3387	0.2912	0.2894
0.2163	0.2325	0.2495	0.2766	0.2836	0.2919	0.2999	0.3165	0.3216	0.3491	0.3553	0.3566	0.4018	0.4720	0.5042	0.5288	0.5237	0.5668	0.5631	0.5809	0.6165	0.5662	0.5711	0.5663	0.5710	0.5783	0.5438	0.5650	0.6081	0.5657	0.6066	0.5843	0.5984	0.6394	0.6271	0.6208	0.6145	0.5931	0.6148	0.5771	0.5833	0.5502	0.5238	0.5112	0.4802	0.4911	0.4856	0.4669	0.5023	0.4866	0.4876	0.4436	0.4291	0.4282	0.4256	0.4337	0.4314	0.4124	0.4112	0.3903	0.4110	0.4162	0.3800	0.3912	0.3479	0.3367	0.3507	0.3253	0.3137
0.1919	0.2387	0.2522	0.2523	0.2910	0.2794	0.3020	0.3130	0.3473	0.3323	0.3496	0.3491	0.3919	0.4972	0.4775	0.4857	0.5168	0.5463	0.5315	0.5571	0.5905	0.5826	0.5986	0.5899	0.6258	0.6057	0.5953	0.5690	0.5549	0.5815	0.5903	0.5860	0.6029	0.6275	0.6800	0.6375	0.6088	0.6039	0.6543	0.6056	0.5738	0.5773	0.5610	0.5064	0.5071	0.5269	0.4927	0.5093	0.4824	0.5093	0.4817	0.4601	0.4616	0.4576	0.4348	0.4420	0.4303	0.4219	0.4251	0.4318	0.3981	0.4010	0.3881	0.3894	0.3811	0.3608	0.3506	0.3270	0.3205
0.1994	0.2291	0.2390	0.2283	0.2721	0.2936	0.3068	0.3109	0.3157	0.3234	0.3683	0.3910	0.3981	0.4622	0.4616	0.4642	0.4978	0.4936	0.5146	0.5765	0.5842	0.5852	0.5538	0.5637	0.6348	0.6157	0.6215	0.5829	0.5895	0.5812	0.5865	0.6150	0.6606	0.6729	0.6944	0.6581	0.6388	0.6357	0.6346	0.6250	0.6334	0.6073	0.5888	0.5662	0.5528	0.5436	0.5390	0.5390	0.5283	0.5289	0.5240	0.4907	0.4741	0.4442	0.4346	0.4336	0.4269	0.4077	0.3972	0.4148	0.4246	0.4096	0.4175	0.3988	0.3638	0.3575	0.3421	0.3385	0.3611
0.1792	0.2041	0.2370	0.2504	0.3081	0.2967	0.3181	0.3208	0.3443	0.3564	0.3734	0.4270	0.4205	0.4618	0.4523	0.4661	0.4952	0.4999	0.5545	0.5662	0.5902	0.5859	0.5523	0.5695	0.5797	0.5959	0.5993	0.6147	0.6433	0.6054	0.6140	0.6600	0.6886	0.7241	0.7082	0.6824	0.7026	0.7017	0.6680	0.6547	0.6744	0.6597	0.5972	0.6107	0.5911	0.5516	0.5596	0.5658	0.5771	0.5640	0.5507	0.5024	0.4913	0.4627	0.4371	0.4433	0.4325	0.4049	0.4079	0.4050	0.4360	0.4048	0.4120	0.4085	0.3788	0.3410	0.3410	0.3401	0.3539
0.2175	0.2557	0.2673	0.2660	0.3010	0.2985	0.3297	0.3433	0.3524	0.3744	0.3729	0.4126	0.4439	0.4475	0.4667	0.4805	0.5130	0.6082	0.5870	0.5862	0.6063	0.6075	0.5994	0.5958	0.5978	0.6292	0.6137	0.6119	0.6301	0.5971	0.6539	0.7229	0.7023	0.7483	0.7983	0.7602	0.7311	0.7545	0.7017	0.7206	0.7105	0.6890	0.6690	0.6575	0.6610	0.6175	0.5963	0.6037	0.6066	0.5923	0.5812	0.5534	0.5175	0.5115	0.4863	0.4709	0.4842	0.4520	0.4494	0.4208	0.4517	0.4371	0.4292	0.4214	0.3872	0.3732	0.3901	0.3528	0.3514
0.2415	0.3185	0.3799	0.3451	0.3507	0.3331	0.3621	0.3497	0.3655	0.4018	0.4085	0.4485	0.4584	0.4667	0.4649	0.5035	0.5491	0.5936	0.6162	0.6055	0.5935	0.6446	0.6576	0.6188	0.6538	0.6332	0.6432	0.6294	0.6298	0.6265	0.7034	0.7374	0.7488	0.7849	0.8324	0.6704	0.4575	0.4942	0.5046	0.7313	0.7615	0.6611	0.5479	0.6248	0.6838	0.6652	0.6612	0.6310	0.6331	0.6058	0.5815	0.5922	0.5638	0.5486	0.5010	0.5142	0.5012	0.4662	0.4328	0.4473	0.4816	0.4830	0.4686	0.4437	0.4109	0.4045	0.3990	0.3985	0.3779
0.1429	0.2529	0.3532	0.4557	0.4914	0.4977	0.4634	0.4538	0.4391	0.4370	0.4333	0.4390	0.4523	0.5024	0.5468	0.5903	0.6626	0.6602	0.6777	0.6851	0.6693	0.6967	0.6850	0.6661	0.6559	0.6049	0.6037	0.6116	0.6589	0.6558	0.7041	0.7157	0.7519	0.7749	0.6059	0.3346	0.2695	0.2748	0.3461	0.6241	0.7396	0.5209	0.3406	0.4209	0.5065	0.5382	0.6814	0.7082	0.6791	0.6669	0.6206	0.6262	0.6473	0.6097	0.5529	0.5263	0.5226	0.5027	0.5141	0.5292	0.5277	0.5162	0.4676	0.4542	0.4339	0.4000	0.4072	0.3957	0.3754
0.0687	0.0944	0.1549	0.2450	0.3720	0.5130	0.5475	0.5602	0.5249	0.5681	0.5592	0.5769	0.5498	0.5761	0.6172	0.6788	0.6894	0.7227	0.7637	0.7551	0.7404	0.7505	0.7319	0.6660	0.6533	0.6367	0.6194	0.6157	0.6882	0.7069	0.7517	0.7721	0.7397	0.5734	0.2860	0.1939	0.2163	0.2303	0.2433	0.3664	0.5781	0.3806	0.2631	0.2753	0.3127	0.3607	0.6017	0.7745	0.7440	0.7214	0.6744	0.7108	0.6798	0.6431	0.5903	0.5800	0.5697	0.5338	0.5351	0.5579	0.5444	0.5218	0.4868	0.4683	0.4266	0.4116	0.4364	0.4345	0.3838
0.0348	0.0368	0.0663	0.0959	0.1214	0.1972	0.2365	0.3569	0.4215	0.4903	0.5704	0.6043	0.5877	0.6074	0.6729	0.7006	0.6818	0.7037	0.6733	0.7134	0.7408	0.6915	0.7106	0.6928	0.6624	0.6620	0.6749	0.6820	0.7095	0.7809	0.8085	0.6545	0.4235	0.2489	0.1864	0.1804	0.1811	0.1922	0.1920	0.2041	0.2579	0.2374	0.2286	0.2474	0.2854	0.3113	0.4857	0.7433	0.7745	0.7616	0.7490	0.6606	0.6709	0.6812	0.6069	0.6133	0.6030	0.5588	0.5707	0.5829	0.5775	0.5561	0.5497	0.5077	0.4588	0.4757	0.4408	0.4044	0.3860
0.0186	0.0340	0.0593	0.0596	0.0664	0.0826	0.0886	0.1171	0.1523	0.1784	0.2548	0.3369	0.3764	0.3609	0.3838	0.4691	0.5299	0.4894	0.4653	0.4807	0.5160	0.5384	0.4586	0.3886	0.3449	0.3268	0.3685	0.4154	0.4739	0.5490	0.5159	0.2399	0.1604	0.1557	0.1488	0.1486	0.1469	0.1607	0.1671	0.1700	0.1950	0.1981	0.2136	0.2283	0.2479	0.2700	0.3535	0.6397	0.7736	0.7803	0.6921	0.5251	0.6809	0.6931	0.6525	0.7307	0.6972	0.6806	0.6554	0.6614	0.6688	0.6012	0.5904	0.5299	0.4885	0.5225	0.5260	0.4448	0.4451
0.0095	0.0225	0.0340	0.0368	0.0620	0.0636	0.0621	0.0738	0.0761	0.0834	0.1018	0.1213	0.1475	0.1308	0.1456	0.1576	0.1905	0.1593	0.1572	0.1683	0.1792	0.1665	0.1561	0.1712	0.1450	0.1486	0.1445	0.1464	0.1484	0.1773	0.1714	0.1515	0.1509	0.1372	0.1326	0.1254	0.1294	0.1334	0.1429	0.1468	0.1613	0.1673	0.1694	0.1770	0.1944	0.2262	0.2626	0.4099	0.6725	0.7003	0.4765	0.4915	0.6966	0.7253	0.6830	0.7281	0.7437	0.6836	0.6352	0.6674	0.5850	0.6072	0.6341	0.5663	0.5304	0.5419	0.5488	0.4994	0.4496
0.0048	0.0127	0.0218	0.0360	0.0477	0.0565	0.0525	0.0507	0.0565	0.0696	0.0826	0.0664	0.1007	0.0856	0.0953	0.0988	0.0936	0.0966	0.1022	0.1018	0.1134	0.1093	0.1018	0.1151	0.1129	0.1139	0.1135	0.1083	0.1164	0.1196	0.1148	0.1189	0.1187	0.1151	0.1138	0.1102	0.1156	0.1245	0.1251	0.1262	0.1334	0.1398	0.1490	0.1484	0.1487	0.1639	0.1766	0.1963	0.2933	0.3514	0.2716	0.3251	0.4631	0.5636	0.4457	0.4183	0.5247	0.4243	0.3929	0.4718	0.4391	0.6089	0.6180	0.5728	0.5053	0.4171	0.5160	0.5315	0.4763
0.0061	0.0132	0.0251	0.0245	0.0132	0.0473	0.0570	0.0494	0.0455	0.0656	0.0548	0.0506	0.0648	0.0626	0.0631	0.0697	0.0738	0.0883	0.0879	0.0843	0.0869	0.0848	0.0853	0.0846	0.0842	0.0919	0.0896	0.1002	0.1027	0.0906	0.0934	0.0925	0.1021	0.1035	0.0952	0.0921	0.1003	0.1098	0.1013	0.0914	0.1021	0.1108	0.1158	0.1277	0.1258	0.1308	0.1397	0.1532	0.1498	0.1625	0.1811	0.1835	0.2002	0.2385	0.2292	0.2155	0.2567	0.2227	0.2367	0.2985	0.4705	0.6809	0.6243	0.5602	0.4168	0.2697	0.3329	0.3859	0.4688
0.0244	0.0121	0.0260	0.0209	0.0220	0.0412	0.0454	0.0445	0.0512	0.0544	0.0581	0.0502	0.0620	0.0512	0.0552	0.0738	0.0763	0.0684	0.0634	0.0792	0.0714	0.0746	0.0763	0.0713	0.0693	0.0792	0.0815	0.0866	0.0830	0.0728	0.0814	0.0880	0.0870	0.0828	0.0842	0.0843	0.0821	0.0811	0.0756	0.0770	0.0926	0.0865	0.0930	0.1064	0.1041	0.1059	0.1158	0.1199	0.1276	0.1416	0.1476	0.1401	0.1463	0.1561	0.1625	0.1675	0.1861	0.1898	0.2050	0.2716	0.5337	0.6706	0.5870	0.5173	0.3087	0.2008	0.1920	0.2125	0.3309
0.0080	0.0096	0.0154	0.0207	0.0259	0.0256	0.0330	0.0354	0.0515	0.0469	0.0413	0.0447	0.0529	0.0501	0.0569	0.0661	0.0771	0.0697	0.0705	0.0715	0.0599	0.0732	0.0642	0.0573	0.0614	0.0631	0.0612	0.0767	0.0785	0.0724	0.0724	0.0708	0.0732	0.0694	0.0724	0.0663	0.0763	0.0776	0.0668	0.0713	0.0771	0.0741	0.0787	0.0853	0.0883	0.0983	0.0989	0.1004	0.1045	0.1090	0.1164	0.1120	0.1140	0.1250	0.1305	0.1450	0.1516	0.1514	0.1677	0.2147	0.4103	0.5262	0.4336	0.2574	0.1727	0.1619	0.1594	0.1873	0.2013
0.0054	0.0034	0.0178	0.0246	0.0192	0.0195	0.0342	0.0407	0.0399	0.0433	0.0407	0.0447	0.0504	0.0373	0.0410	0.0553	0.0610	0.0551	0.0592	0.0569	0.0651	0.0538	0.0514	0.0645	0.0637	0.0627	0.0561	0.0538	0.0608	0.0634	0.0611	0.0537	0.0655	0.0647	0.0576	0.0581	0.0681	0.0650	0.0607	0.0629	0.0646	0.0652	0.0715	0.0717	0.0720	0.0795	0.0728	0.0780	0.0818	0.0926	0.0942	0.0897	0.0849	0.0985	0.1026	0.1095	0.1099	0.1165	0.1183	0.1447	0.1841	0.2161	0.1919	0.1484	0.1383	0.1358	0.1447	0.1524	0.1651
0.0026	0.0033	0.0060	0.0259	0.0293	0.0329	0.0316	0.0299	0.0272	0.0241	0.0466	0.0358	0.0376	0.0409	0.0441	0.0618	0.0583	0.0539	0.0540	0.0521	0.0606	0.0591	0.0524	0.0512	0.0593	0.0560	0.0546	0.0494	0.0625	0.0577	0.0522	0.0592	0.0562	0.0522	0.0511	0.0486	0.0481	0.0456	0.0538	0.0546	0.0555	0.0494	0.0556	0.0627	0.0615	0.0642	0.0693	0.0738	0.0653	0.0685	0.0723	0.0712	0.0713	0.0692	0.0746	0.0889	0.0838	0.0899	0.1006	0.1081	0.1150	0.1225	0.1237	0.1238	0.1189	0.1121	0.1266	0.1253	0.1348
0.0000	0.0026	0.0055	0.0188	0.0191	0.0136	0.0300	0.0277	0.0318	0.0352	0.0362	0.0277	0.0402	0.0407	0.0389	0.0471	0.0566	0.0518	0.0433	0.0485	0.0508	0.0500	0.0529	0.0423	0.0522	0.0591	0.0577	0.0502	0.0473	0.0465	0.0456	0.0532	0.0490	0.0501	0.0486	0.0466	0.0454	0.0443	0.0504	0.0481	0.0532	0.0481	0.0409	0.0447	0.0533	0.0548	0.0622	0.0616	0.0653	0.0675	0.0717	0.0703	0.0581	0.0680	0.0704	0.0815	0.0704	0.0700	0.0802	0.0899	0.0900	0.0880	0.0917	0.0938	0.0927	0.0998	0.1080	0.1079	0.1114
0.0000	0.0000	0.0100	0.0054	0.0040	0.0167	0.0108	0.0180	0.0342	0.0260	0.0262	0.0259	0.0450	0.0403	0.0352	0.0457	0.0421	0.0376	0.0350	0.0369	0.0438	0.0518	0.0473	0.0355	0.0515	0.0516	0.0426	0.0502	0.0466	0.0392	0.0408	0.0397	0.0402	0.0512	0.0432	0.0419	0.0418	0.0427	0.0465	0.0407	0.0429	0.0457	0.0481	0.0430	0.0511	0.0561	0.0524	0.0516	0.0547	0.0572	0.0592	0.0651	0.0522	0.0539	0.0649	0.0618	0.0628	0.0670	0.0659	0.0662	0.0697	0.0714	0.0823	0.0771	0.0793	0.0737	0.0768	0.0923	0.0880
0.0000	0.0000	0.0000	0.0000	0.0061	0.0152	0.0096	0.0232	0.0212	0.0157	0.0175	0.0331	0.0319	0.0207	0.0255	0.0359	0.0306	0.0355	0.0360	0.0488	0.0468	0.0341	0.0353	0.0352	0.0457	0.0405	0.0383	0.0393	0.0403	0.0359	0.0425	0.0370	0.0395	0.0412	0.0378	0.0355	0.0413	0.0367	0.0430	0.0412	0.0389	0.0392	0.0401	0.0418	0.0444	0.0428	0.0441	0.0382	0.0507	0.0466	0.0482	0.0478	0.0440	0.0470	0.0526	0.0529	0.0590	0.0591	0.0568	0.0636	0.0644	0.0667	0.0707	0.0692	0.0639	0.0646	0.0602	0.0607	0.0687
0.0000	0.0000	0.0000	0.0008	0.0005	0.0000	0.0155	0.0117	0.0087	0.0150	0.0086	0.0226	0.0266	0.0114	0.0192	0.0260	0.0242	0.0310	0.0385	0.0296	0.0327	0.0234	0.0270	0.0383	0.0291	0.0327	0.0378	0.0317	0.0362	0.0340	0.0332	0.0351	0.0328	0.0381	0.0360	0.0386	0.0298	0.0361	0.0363	0.0341	0.0324	0.0316	0.0350	0.0361	0.0367	0.0379	0.0440	0.0428	0.0403	0.0358	0.0436	0.0490	0.0433	0.0418	0.0438	0.0437	0.0454	0.0468	0.0490	0.0514	0.0495	0.0573	0.0592	0.0588	0.0556	0.0596	0.0604	0.0491	0.0543
0.0000	0.0000	0.0000	0.0000	0.0000	0.0000	0.0025	0.0094	0.0094	0.0149	0.0078	0.0271	0.0229	0.0215	0.0174	0.0320	0.0285	0.0257	0.0348	0.0278	0.0271	0.0250	0.0240	0.0308	0.0288	0.0347	0.0312	0.0332	0.0345	0.0393	0.0355	0.0311	0.0358	0.0322	0.0228	0.0269	0.0331	0.0305	0.0328	0.0374	0.0334	0.0341	0.0360	0.0328	0.0353	0.0376	0.0410	0.0432	0.0392	0.0446	0.0443	0.0459	0.0469	0.0450	0.0462	0.0463	0.0418	0.0401	0.0492	0.0494	0.0391	0.0388	0.0455	0.0430	0.0430	0.0440	0.0424	0.0503	0.0424
0.0000	0.0000	0.0000	0.0048	0.0040	0.0000	0.0012	0.0041	0.0072	0.0034	0.0174	0.0208	0.0146	0.0129	0.0091	0.0316	0.0297	0.0237	0.0273	0.0251	0.0229	0.0187	0.0250	0.0292	0.0279	0.0297	0.0293	0.0271	0.0302	0.0307	0.0347	0.0357	0.0330	0.0297	0.0369	0.0222	0.0331	0.0341	0.0313	0.0311	0.0342	0.0317	0.0328	0.0279	0.0371	0.0424	0.0323	0.0343	0.0379	0.0395	0.0339	0.0362	0.0424	0.0396	0.0436	0.0487	0.0446	0.0386	0.0413	0.0421	0.0378	0.0298	0.0352	0.0427	0.0429	0.0379	0.0349	0.0308	0.0264
0.0000	0.0000	0.0000	0.0000	0.0000	0.0086	0.0060	0.0000	0.0071	0.0019	0.0122	0.0150	0.0064	0.0144	0.0220	0.0259	0.0208	0.0158	0.0233	0.0255	0.0263	0.0238	0.0226	0.0377	0.0383	0.0265	0.0277	0.0339	0.0333	0.0340	0.0298	0.0306	0.0313	0.0284	0.0366	0.0232	0.0261	0.0252	0.0277	0.0313	0.0270	0.0287	0.0337	0.0328	0.0365	0.0349	0.0405	0.0323	0.0368	0.0304	0.0333	0.0315	0.0351	0.0346	0.0339	0.0385	0.0424	0.0356	0.0361	0.0346	0.0339	0.0392	0.0405	0.0348	0.0392	0.0371	0.0285	0.0306	0.0256
0.0000	0.0000	0.0000	0.0000	0.0063	0.0000	0.0004	0.0000	0.0000	0.0114	0.0092	0.0089	0.0184	0.0074	0.0142	0.0298	0.0193	0.0054	0.0081	0.0156	0.0142	0.0200	0.0204	0.0208	0.0368	0.0280	0.0246	0.0263	0.0232	0.0263	0.0224	0.0189	0.0332	0.0291	0.0267	0.0321	0.0226	0.0324	0.0257	0.0271	0.0312	0.0337	0.0328	0.0322	0.0258	0.0289	0.0302	0.0373	0.0326	0.0287	0.0369	0.0390	0.0338	0.0273	0.0356	0.0388	0.0376	0.0377	0.0350	0.0417	0.0427	0.0394	0.0428	0.0403	0.0348	0.0376	0.0359	0.0336	0.0280
