0.0000	0.0000	0.0000	0.0109	0.0024	0.0000	0.0000	0.0024	0.0002	0.0000	0.0241	0.0383	0.0203	0.0165	0.0366	0.0389	0.0376	0.0241	0.0445	0.0491	0.0314	0.0402	0.0419	0.0566	0.0717	0.0624	0.0568	0.0495	0.0592	0.0794	0.0704	0.0660	0.0785	0.0680	0.0626	0.0866	0.0833	0.0774	0.0775	0.0693	0.0890	0.0769	0.0766	0.0722	0.0696	0.0708	0.0754	0.0810	0.0569	0.0585	0.0724	0.0607	0.0626	0.0709	0.0663	0.0656	0.0605	0.0460	0.0617	0.0641	0.0583	0.0641	0.0562	0.0451	0.0477	0.0495	0.0483	0.0618	0.0577
0.0000	0.0000	0.0000	0.0000	0.0000	0.0000	0.0108	0.0102	0.0148	0.0037	0.0179	0.0324	0.0407	0.0236	0.0190	0.0323	0.0482	0.0446	0.0562	0.0429	0.0540	0.0502	0.0514	0.0733	0.0789	0.0685	0.0720	0.0725	0.0832	0.0759	0.0884	0.0943	0.0746	0.0662	0.0818	0.0910	0.0904	0.0957	0.0951	0.0781	0.0817	0.0899	0.0906	0.0751	0.0813	0.0776	0.0853	0.0881	0.0827	0.0581	0.0814	0.0680	0.0541	0.0708	0.0712	0.0676	0.0650	0.0618	0.0711	0.0806	0.0671	0.0580	0.0585	0.0569	0.0611	0.0500	0.0507	0.0626	0.0701
0.0000	0.0000	0.0000	0.0069	0.0000	0.0000	0.0074	0.0250	0.0256	0.0281	0.0237	0.0266	0.0442	0.0489	0.0343	0.0428	0.0402	0.0628	0.0788	0.0432	0.0549	0.0701	0.0699	0.0856	0.0805	0.0637	0.0841	0.0695	0.0703	0.0885	0.0920	0.0876	0.0815	0.0883	0.0920	0.0856	0.0966	0.0951	0.1060	0.0834	0.0822	0.0856	0.0926	0.0817	0.0692	0.0848	0.0814	0.0835	0.0828	0.0603	0.0983	0.0899	0.0779	0.0742	0.0756	0.0768	0.0837	0.0882	0.0791	0.0824	0.0685	0.0795	0.0739	0.0625	0.0681	0.0750	0.0799	0.0800	0.0806
0.0000	0.0000	0.0000	0.0034	0.0047	0.0098	0.0127	0.0208	0.0153	0.0308	0.0364	0.0283	0.0360	0.0420	0.0372	0.0340	0.0434	0.0703	0.0617	0.0704	0.0566	0.0684	0.0559	0.0616	0.0755	0.0746	0.0860	0.0700	0.0756	0.0929	0.0928	0.0796	0.0818	0.0854	0.1075	0.1003	0.0940	0.1012	0.0934	0.0966	0.0992	0.0953	0.0945	0.0830	0.0895	0.0821	0.0772	0.0714	0.0808	0.0788	0.1055	0.0994	0.0914	0.0844	0.0798	0.0786	0.0840	0.0770	0.0917	0.0846	0.0834	0.0870	0.0974	0.0933	0.0877	0.0985	0.1036	0.0986	0.0913
0.0000	0.0082	0.0131	0.0000	0.0025	0.0139	0.0208	0.0330	0.0156	0.0288	0.0285	0.0316	0.0429	0.0390	0.0370	0.0545	0.0580	0.0580	0.0460	0.0614	0.0568	0.0490	0.0585	0.0744	0.0849	0.0725	0.0786	0.0769	0.0918	0.0826	0.0754	0.0836	0.0893	0.0924	0.1126	0.0959	0.0995	0.0898	0.0897	0.0907	0.1016	0.0943	0.0863	0.0819	0.1001	0.1061	0.0884	0.0927	0.0962	0.0871	0.0996	0.1059	0.0906	0.0869	0.0979	0.0993	0.0885	0.0895	0.1004	0.1063	0.1045	0.1032	0.1231	0.1155	0.1220	0.1068	0.1233	0.1177	0.1158
0.0000	0.0029	0.0120	0.0147	0.0034	0.0115	0.0125	0.0244	0.0377	0.0295	0.0259	0.0291	0.0505	0.0504	0.0436	0.0649	0.0554	0.0561	0.0646	0.0884	0.0767	0.0641	0.0647	0.0786	0.1036	0.0818	0.0774	0.0700	0.0783	0.0910	0.1057	0.0953	0.0968	0.1245	0.1313	0.1136	0.1005	0.0888	0.0947	0.0854	0.0852	0.1105	0.1066	0.1002	0.0991	0.0929	0.0948	0.1058	0.1003	0.1040	0.0957	0.0942	0.1003	0.1221	0.1146	0.1112	0.1101	0.0955	0.1155	0.1361	0.1233	0.1197	0.1301	0.1320	0.1464	0.1281	0.1323	0.1388	0.1414
0.0000	0.0000	0.0038	0.0162	0.0243	0.0234	0.0251	0.0297	0.0380	0.0312	0.0428	0.0572	0.0593	0.0558	0.0515	0.0745	0.0749	0.0787	0.0791	0.0735	0.0886	0.0913	0.0771	0.0815	0.0883	0.1030	0.0812	0.0751	0.0937	0.1007	0.0987	0.0894	0.1191	0.1342	0.1299	0.1196	0.0978	0.0975	0.1089	0.1144	0.1021	0.1183	0.1171	0.1046	0.1019	0.1045	0.1004	0.1215	0.1228	0.1127	0.1264	0.1228	0.1116	0.1246	0.1287	0.1360	0.1298	0.1212	0.1282	0.1395	0.1416	0.1428	0.1480	0.1614	0.1623	0.1413	0.1510	0.1639	0.1693
0.0000	0.0150	0.0107	0.0165	0.0288	0.0298	0.0318	0.0361	0.0426	0.0336	0.0389	0.0636	0.0573	0.0520	0.0516	0.0695	0.0814	0.0733	0.0750	0.0674	0.0758	0.1059	0.0925	0.0954	0.0949	0.1103	0.0914	0.0949	0.1194	0.1242	0.0979	0.0933	0.1289	0.1294	0.1244	0.1033	0.1028	0.1280	0.1129	0.1132	0.1102	0.1210	0.1321	0.1157	0.1021	0.1218	0.1195	0.1326	0.1296	0.1215	0.1406	0.1232	0.1219	0.1308	0.1463	0.1589	0.1348	0.1379	0.1579	0.1473	0.1647	0.1582	0.1661	0.1879	0.1708	0.1549	0.1602	0.1789	0.1769
0.0000	0.0118	0.0144	0.0115	0.0209	0.0224	0.0306	0.0396	0.0441	0.0497	0.0422	0.0666	0.0584	0.0716	0.0787	0.0844	0.0767	0.0628	0.0731	0.0850	0.0943	0.0936	0.0920	0.1092	0.1128	0.0994	0.1068	0.0934	0.1155	0.1141	0.1045	0.1124	0.1550	0.1295	0.1323	0.1274	0.1208	0.1199	0.1240	0.1321	0.1230	0.1203	0.1453	0.1267	0.1349	0.1385	0.1390	0.1492	0.1538	0.1630	0.1512	0.1338	0.1457	0.1720	0.1654	0.1709	0.1562	0.1677	0.1887	0.1882	0.1731	0.1755	0.1822	0.1793	0.1870	0.1855	0.1907	0.2232	0.2401
0.0054	0.0143	0.0207	0.0248	0.0234	0.0252	0.0385	0.0495	0.0443	0.0472	0.0478	0.0562	0.0720	0.0783	0.0720	0.0917	0.1013	0.0965	0.0932	0.1085	0.1188	0.0924	0.0939	0.1042	0.0977	0.1128	0.1006	0.1063	0.1209	0.1261	0.1164	0.1283	0.1371	0.1506	0.1657	0.1691	0.1327	0.1498	0.1416	0.1482	0.1538	0.1542	0.1624	0.1555	0.1581	0.1557	0.1670	0.1695	0.1628	0.1726	0.1629	0.1561	0.1653	0.1825	0.1959	0.1949	0.2088	0.2015	0.2088	0.2130	0.2117	0.2134	0.2184	0.2420	0.2319	0.2296	0.2865	0.3373	0.3379
0.0010	0.0051	0.0319	0.0299	0.0286	0.0378	0.0535	0.0580	0.0477	0.0517	0.0548	0.0735	0.0808	0.0731	0.0624	0.0975	0.0907	0.1045	0.1084	0.1140	0.1335	0.1148	0.1060	0.0998	0.1201	0.1455	0.1227	0.1147	0.1299	0.1339	0.1295	0.1375	0.1321	0.1653	0.1699	0.1599	0.1682	0.1780	0.1668	0.1550	0.1779	0.1836	0.1811	0.1735	0.1803	0.1688	0.1826	0.1874	0.1952	0.2098	0.2038	0.2099	0.1998	0.1854	0.2022	0.2076	0.2414	0.2203	0.2234	0.2523	0.2368	0.2377	0.2631	0.2784	0.2908	0.3337	0.4235	0.4097	0.3639
0.0048	0.0138	0.0313	0.0346	0.0287	0.0404	0.0369	0.0578	0.0686	0.0543	0.0573	0.0742	0.0843	0.0826	0.0730	0.0956	0.1068	0.1109	0.1118	0.1101	0.1299	0.1164	0.1226	0.1176	0.1353	0.1347	0.1474	0.1456	0.1583	0.1516	0.1735	0.1792	0.1846	0.2029	0.1921	0.1740	0.1847	0.1907	0.2126	0.2063	0.2101	0.2120	0.2210	0.2021	0.1952	0.2002	0.2086	0.2269	0.2123	0.2365	0.2300	0.2420	0.2506	0.2525	0.2442	0.2651	0.2950	0.2725	0.2963	0.3302	0.3175	0.3058	0.2965	0.3383	0.3368	0.3870	0.4277	0.3968	0.3858
0.0041	0.0146	0.0372	0.0474	0.0563	0.0418	0.0437	0.0649	0.0896	0.0659	0.0789	0.0809	0.0873	0.0926	0.0762	0.0897	0.1252	0.1229	0.1227	0.1444	0.1202	0.1448	0.1566	0.1570	0.1772	0.1775	0.1773	0.1920	0.1936	0.1878	0.2005	0.2156	0.2372	0.2613	0.2709	0.2486	0.2406	0.2384	0.2645	0.2760	0.2395	0.2540	0.2756	0.2633	0.2273	0.2357	0.2492	0.2492	0.2775	0.2725	0.2598	0.2602	0.2855	0.3160	0.3582	0.3866	0.3499	0.3473	0.4816	0.5023	0.4325	0.4319	0.4223	0.4458	0.4630	0.4351	0.4511	0.4378	0.3898
0.0080	0.0213	0.0318	0.0382	0.0569	0.0419	0.0656	0.0808	0.0741	0.0825	0.1032	0.1038	0.1149	0.1233	0.1061	0.1104	0.1260	0.1492	0.1637	0.1715	0.1735	0.1793	0.2240	0.2212	0.2630	0.2611	0.2404	0.2714	0.2702	0.2644	0.2808	0.3037	0.3276	0.3309	0.3627	0.3501	0.3273	0.2947	0.3278	0.3164	0.3118	0.3107	0.3344	0.3106	0.2828	0.2823	0.2899	0.3124	0.3141	0.2964	0.3332	0.3282	0.3584	0.4180	0.4872	0.6051	0.4817	0.4940	0.6318	0.6519	0.6074	0.5568	0.5466	0.5440	0.5203	0.4548	0.4706	0.3839	0.3788
0.0125	0.0106	0.0395	0.0424	0.0605	0.0650	0.0670	0.0881	0.0991	0.0937	0.1067	0.1230	0.1473	0.1452	0.1695	0.1694	0.2102	0.2254	0.2448	0.2649	0.3508	0.3261	0.3295	0.3934	0.5053	0.4417	0.3865	0.4317	0.5264	0.5266	0.5214	0.5720	0.6307	0.5951	0.5787	0.5583	0.5292	0.5760	0.5607	0.4662	0.4518	0.4482	0.4351	0.3753	0.3585	0.3518	0.3565	0.4113	0.4561	0.3912	0.4002	0.4031	0.5057	0.6187	0.6478	0.7378	0.6411	0.6561	0.6722	0.6721	0.6310	0.5679	0.5690	0.5532	0.5562	0.4802	0.4518	0.3998	0.3737
0.0098	0.0263	0.0361	0.0672	0.0934	0.0952	0.0880	0.1217	0.1309	0.1377	0.1532	0.1890	0.2307	0.2712	0.2799	0.3529	0.5149	0.4960	0.4984	0.5381	0.6398	0.6419	0.6139	0.6637	0.7250	0.6952	0.6763	0.6911	0.8123	0.7677	0.7852	0.8538	0.8512	0.8636	0.8605	0.8810	0.8608	0.8096	0.7799	0.7757	0.7869	0.7104	0.7178	0.5876	0.4419	0.4642	0.5269	0.6427	0.7014	0.6230	0.4823	0.4870	0.5934	0.7671	0.7825	0.8369	0.7728	0.6974	0.6873	0.6847	0.6314	0.5677	0.5879	0.5612	0.4803	0.4419	0.4087	0.4184	0.4171
0.0461	0.0436	0.0732	0.0722	0.1218	0.1509	0.1612	0.2174	0.2242	0.2740	0.3298	0.4188	0.5296	0.5480	0.5840	0.6314	0.7708	0.7930	0.7793	0.7709	0.8260	0.7977	0.7388	0.6961	0.7339	0.7044	0.7222	0.7266	0.7755	0.7344	0.7922	0.8962	0.8847	0.8306	0.8706	0.8555	0.8707	0.8717	0.8471	0.7947	0.8244	0.7867	0.8867	0.8858	0.7268	0.6429	0.6832	0.8570	0.8341	0.8065	0.6410	0.5585	0.6469	0.8501	0.8101	0.7904	0.7691	0.7608	0.6602	0.6489	0.6114	0.5479	0.5502	0.5067	0.4844	0.4123	0.4215	0.4003	0.3912
0.0649	0.1089	0.1304	0.1582	0.1967	0.2689	0.3637	0.4500	0.5374	0.5195	0.6443	0.6553	0.7325	0.6910	0.7257	0.7655	0.7414	0.7789	0.7965	0.7921	0.8167	0.7926	0.7489	0.7327	0.6835	0.6720	0.7313	0.7192	0.7132	0.7714	0.7958	0.8256	0.8177	0.8396	0.8564	0.8299	0.8693	0.8050	0.8053	0.8001	0.7861	0.7984	0.8680	0.9053	0.8799	0.7874	0.7964	0.8651	0.8833	0.8672	0.8047	0.7654	0.8152	0.7892	0.7622	0.7222	0.6954	0.6530	0.6575	0.6042	0.6010	0.5765	0.5200	0.5294	0.4757	0.3858	0.4130	0.3844	0.3711
0.1182	0.1887	0.2518	0.3796	0.4707	0.5299	0.6019	0.6176	0.6476	0.5954	0.5952	0.6041	0.6235	0.6402	0.6768	0.7524	0.7290	0.7565	0.7680	0.7792	0.6969	0.7485	0.6887	0.6719	0.6440	0.6788	0.7170	0.6502	0.6748	0.7593	0.7484	0.7480	0.8109	0.8684	0.8432	0.8437	0.7991	0.7632	0.7952	0.7925	0.7664	0.7551	0.8188	0.8027	0.8222	0.8039	0.7902	0.7774	0.7600	0.7924	0.8550	0.8516	0.8012	0.7450	0.7202	0.6892	0.6254	0.6177	0.5842	0.5853	0.5860	0.5258	0.4935	0.4739	0.4527	0.4191	0.3915	0.3733	0.3525
0.2028	0.3453	0.3913	0.4493	0.4973	0.4866	0.4475	0.4480	0.4824	0.4440	0.4696	0.4855	0.5646	0.5754	0.5518	0.6381	0.7075	0.7007	0.6787	0.6841	0.6511	0.6733	0.6255	0.6318	0.6110	0.6105	0.6437	0.6727	0.6839	0.7238	0.7362	0.7252	0.7537	0.8148	0.7968	0.8085	0.7527	0.7379	0.6759	0.7266	0.7311	0.7146	0.7645	0.7387	0.7860	0.7272	0.7301	0.7386	0.7446	0.7263	0.7143	0.7130	0.7082	0.7057	0.6856	0.6628	0.6216	0.6476	0.5756	0.5323	0.5436	0.5173	0.5000	0.4773	0.4421	0.4313	0.4152	0.4043	0.3483
0.2243	0.3235	0.2834	0.2688	0.3191	0.3319	0.3207	0.3182	0.3427	0.3700	0.4159	0.4672	0.5489	0.5180	0.4883	0.5696	0.5659	0.6129	0.5980	0.5499	0.6008	0.5805	0.5562	0.5522	0.5290	0.5812	0.5873	0.6458	0.6558	0.6586	0.7346	0.7421	0.7163	0.8006	0.7876	0.8008	0.7545	0.7070	0.6882	0.7151	0.6740	0.6553	0.7289	0.7438	0.6961	0.6959	0.7207	0.7064	0.6923	0.6920	0.6656	0.6323	0.6540	0.7311	0.6494	0.5978	0.6183	0.5900	0.5600	0.5215	0.5210	0.5368	0.4988	0.4488	0.4677	0.4114	0.3690	0.4061	0.3702
0.2026	0.2254	0.2710	0.2523	0.2434	0.2752	0.2929	0.3119	0.3287	0.3649	0.3607	0.4165	0.4392	0.5007	0.4784	0.4948	0.5502	0.5582	0.5900	0.5741	0.5599	0.5924	0.5688	0.5190	0.5464	0.5401	0.5879	0.6230	0.6143	0.6353	0.6705	0.7150	0.7311	0.7464	0.7560	0.7341	0.7004	0.6943	0.6654	0.6930	0.7111	0.6614	0.6533	0.7064	0.6946	0.6943	0.6558	0.6716	0.6228	0.6224	0.6961	0.6464	0.6119	0.6231	0.5866	0.6151	0.5814	0.5867	0.5486	0.5398	0.5315	0.5498	0.4848	0.4346	0.4342	0.4275	0.4026	0.3507	0.3447
0.1683	0.1982	0.2338	0.2503	0.2477	0.3053	0.3045	0.2916	0.3242	0.3088	0.3404	0.3996	0.4193	0.4411	0.4688	0.5273	0.5684	0.5426	0.5671	0.5305	0.5662	0.6480	0.5758	0.5402	0.5716	0.5273	0.5667	0.6102	0.6187	0.6549	0.6427	0.6771	0.7193	0.7054	0.7238	0.7201	0.6688	0.6623	0.6812	0.6418	0.6585	0.6463	0.6577	0.6660	0.6578	0.6337	0.6256	0.6671	0.6114	0.6005	0.6352	0.6496	0.6640	0.6004	0.6163	0.6004	0.5864	0.5875	0.5500	0.5757	0.5295	0.5257	0.5078	0.4480	0.4255	0.4147	0.3948	0.3376	0.3383
0.1591	0.1807	0.2231	0.2597	0.2606	0.2784	0.3220	0.3142	0.3100	0.2919	0.3173	0.3634	0.3871	0.4191	0.4392	0.4863	0.5611	0.5557	0.5767	0.5284	0.5544	0.6068	0.5694	0.5153	0.5965	0.5790	0.6086	0.6297	0.6051	0.6458	0.6490	0.6517	0.6671	0.6790	0.6847	0.6470	0.6262	0.6155	0.6364	0.6083	0.6109	0.6300	0.6447	0.6444	0.6374	0.6386	0.6490	0.6221	0.5740	0.5871	0.5736	0.5835	0.6212	0.6298	0.5919	0.5802	0.6114	0.5934	0.5741	0.5588	0.5290	0.5251	0.4685	0.4175	0.3853	0.4101	0.3738	0.3374	0.3457
0.1432	0.1915	0.2382	0.2400	0.2830	0.2743	0.2744	0.2964	0.3067	0.3003	0.3251	0.3442	0.3832	0.4030	0.4239	0.4647	0.5154	0.5411	0.5288	0.5255	0.5211	0.5262	0.5460	0.5731	0.5825	0.5431	0.5669	0.5988	0.6504	0.6594	0.6310	0.6797	0.6422	0.6404	0.6291	0.6170	0.6293	0.6191	0.6297	0.6271	0.6415	0.6376	0.6227	0.5702	0.5839	0.5721	0.5839	0.6075	0.5963	0.6006	0.5883	0.5460	0.5541	0.5968	0.5689	0.6039	0.5707	0.5793	0.5536	0.5618	0.5318	0.4883	0.4640	0.4165	0.4194	0.4074	0.3843	0.3483	0.3251
0.1747	0.1843	0.2075	0.2421	0.2981	0.2751	0.2678	0.3013	0.3001	0.3212	0.3447	0.3701	0.3977	0.4086	0.4362	0.4679	0.5223	0.4910	0.5065	0.5367	0.5625	0.5088	0.5287	0.5368	0.5551	0.5374	0.5568	0.5795	0.6489	0.6184	0.6618	0.6323	0.6198	0.6211	0.6187	0.5881	0.5892	0.6252	0.6324	0.6344	0.6205	0.6279	0.5777	0.5794	0.5916	0.5962	0.5724	0.5818	0.5714	0.5793	0.5897	0.5691	0.5316	0.5691	0.5888	0.5882	0.5913	0.5872	0.5480	0.5293	0.5347	0.4572	0.4456	0.4246	0.4133	0.4235	0.3974	0.3735	0.3298
0.1623	0.1886	0.2270	0.2592	0.2682	0.2571	0.2628	0.3080	0.3084	0.2994	0.3369	0.3862	0.4175	0.4260	0.4556	0.4661	0.4966	0.4563	0.5215	0.5278	0.5307	0.4836	0.5121	0.5464	0.5394	0.5300	0.5375	0.5504	0.5741	0.5911	0.5997	0.6055	0.6278	0.6205	0.5752	0.5820	0.5830	0.5874	0.6171	0.6152	0.6289	0.5896	0.5834	0.5453	0.5885	0.5649	0.5467	0.5387	0.5704	0.5648	0.5779	0.5452	0.5550	0.5561	0.5407	0.5573	0.5549	0.5568	0.5589	0.5725	0.5030	0.4413	0.4392	0.4031	0.4059	0.3740	0.3667	0.3343	0.3313
0.1748	0.2111	0.2408	0.2418	0.2443	0.2691	0.2988	0.2681	0.3341	0.3461	0.3435	0.3601	0.4022	0.4269	0.4462	0.4664	0.4656	0.4816	0.5118	0.5287	0.5028	0.4941	0.5008	0.5389	0.5148	0.5552	0.5543	0.5486	0.5680	0.5896	0.5899	0.5831	0.5698	0.5803	0.5759	0.6026	0.5883	0.6064	0.6090	0.6039	0.6361	0.5953	0.6060	0.5538	0.5991	0.5537	0.5856	0.5973	0.5911	0.5556	0.5817	0.5557	0.5996	0.5763	0.5155	0.5407	0.5571	0.5322	0.5077	0.5370	0.4967	0.4503	0.4428	0.4205	0.4098	0.3937	0.3630	0.3552	0.3520
0.1768	0.1926	0.2304	0.2538	0.2770	0.2781	0.2867	0.2823	0.3009	0.3262	0.3493	0.3706	0.3883	0.4195	0.4755	0.4929	0.4861	0.5091	0.5498	0.5233	0.5174	0.4814	0.4937	0.5273	0.5239	0.5194	0.5728	0.5894	0.5934	0.5647	0.6087	0.6147	0.6363	0.5918	0.5987	0.6341	0.6094	0.6176	0.6050	0.6185	0.6221	0.6080	0.5998	0.5828	0.5939	0.5731	0.5992	0.5925	0.5837	0.5651	0.5704	0.5428	0.5531	0.5490	0.5734	0.5464	0.5316	0.5298	0.5103	0.4871	0.4747	0.4373	0.4197	0.4198	0.4183	0.3627	0.3460	0.3692	0.3264
0.1761	0.2050	0.2308	0.2692	0.2951	0.2951	0.2901	0.2942	0.3014	0.3227	0.3488	0.3516	0.3915	0.4069	0.4208	0.4857	0.5131	0.5252	0.5776	0.5544	0.5123	0.4950	0.4969	0.5375	0.5243	0.5234	0.5705	0.6288	0.6295	0.6202	0.6257	0.6285	0.6759	0.6352	0.6118	0.6201	0.6470	0.6387	0.6244	0.6168	0.6483	0.6514	0.5916	0.6112	0.5832	0.5489	0.5631	0.5680	0.5494	0.5799	0.5755	0.5557	0.5440	0.5416	0.5796	0.5613	0.5045	0.4931	0.4744	0.4604	0.4584	0.4370	0.4303	0.4251	0.4157	0.3735	0.3536	0.3789	0.3611
0.1598	0.1909	0.2189	0.2354	0.2498	0.2764	0.3065	0.3136	0.3152	0.3222	0.3485	0.3490	0.3680	0.3850	0.4345	0.4717	0.5255	0.5287	0.5548	0.5305	0.5278	0.5445	0.4984	0.5563	0.5378	0.5629	0.5244	0.5591	0.6052	0.5938	0.6105	0.6494	0.6629	0.6366	0.6572	0.6585	0.6759	0.5895	0.5973	0.6205	0.5935	0.5973	0.5875	0.6057	0.5708	0.5465	0.5692	0.5536	0.5695	0.5756	0.5609	0.5619	0.5805	0.5715	0.5177	0.5031	0.5171	0.4995	0.4715	0.4702	0.4559	0.4447	0.4315	0.4101	0.4052	0.3514	0.3496	0.3418	0.3294
0.1653	0.1891	0.2148	0.2191	0.2360	0.2577	0.2773	0.3276	0.3303	0.3278	0.3351	0.3486	0.3728	0.3935	0.4341	0.4838	0.5180	0.5055	0.5474	0.5598	0.5444	0.5531	0.5296	0.5565	0.5841	0.5831	0.5624	0.5868	0.6274	0.6195	0.6187	0.6631	0.6894	0.6776	0.6721	0.6669	0.6380	0.6329	0.6074	0.6025	0.5778	0.5923	0.6138	0.5766	0.5696	0.5572	0.5443	0.5816	0.5533	0.5754	0.6021	0.5446	0.5640	0.5929	0.5735	0.5082	0.4828	0.4956	0.4445	0.4448	0.4723	0.4748	0.4685	0.4193	0.3855	0.3533	0.3536	0.3432	0.3233
0.1706	0.1847	0.1909	0.2219	0.2284	0.2613	0.3185	0.3477	0.3436	0.3446	0.3207	0.3751	0.3904	0.4066	0.4256	0.4774	0.5279	0.5137	0.5530	0.5616	0.5376	0.5321	0.5214	0.5897	0.6280	0.6097	0.6178	0.6264	0.6162	0.6324	0.6524	0.6941	0.6952	0.7130	0.7231	0.6942	0.7248	0.6900	0.6472	0.5951	0.6105	0.6015	0.5857	0.5762	0.5624	0.5425	0.5849	0.6337	0.6012	0.6018	0.6027	0.5576	0.5872	0.5426	0.5439	0.5057	0.4639	0.5122	0.4595	0.4409	0.4356	0.4439	0.4491	0.4070	0.3847	0.3694	0.3634	0.3157	0.3171
0.1910	0.2093	0.2142	0.2361	0.2315	0.2454	0.3046	0.3475	0.3185	0.3030	0.3287	0.3730	0.3644	0.4083	0.3897	0.4440	0.4877	0.5131	0.5182	0.5684	0.5556	0.5255	0.5560	0.5781	0.5907	0.6239	0.5954	0.6277	0.6220	0.6430	0.6784	0.6851	0.7013	0.7378	0.7716	0.7299	0.6806	0.6781	0.6804	0.6308	0.6364	0.6456	0.6435	0.6387	0.5828	0.5910	0.6444	0.6283	0.6182	0.6323	0.6285	0.6140	0.6238	0.5688	0.5205	0.5170	0.4921	0.4511	0.4669	0.4458	0.4404	0.4428	0.4270	0.4314	0.3907	0.3798	0.3858	0.3581	0.3471
0.1621	0.1990	0.2189	0.2182	0.2466	0.2479	0.2788	0.3430	0.3425	0.3227	0.3541	0.3631	0.3929	0.4454	0.4265	0.4604	0.4848	0.5201	0.5056	0.5447	0.5776	0.5557	0.5785	0.6133	0.6024	0.6460	0.6244	0.6021	0.6100	0.6488	0.6412	0.6519	0.6931	0.7144	0.7955	0.7603	0.7116	0.7037	0.7508	0.6622	0.6813	0.7040	0.6832	0.6671	0.6402	0.6510	0.6360	0.6593	0.6138	0.6875	0.6556	0.6494	0.6423	0.6346	0.5847	0.5454	0.5089	0.4801	0.4739	0.4712	0.4503	0.4214	0.4223	0.4120	0.4233	0.3967	0.3767	0.3595	0.3180
0.1414	0.1837	0.2128	0.2224	0.2674	0.2958	0.3136	0.3357	0.3424	0.3539	0.3725	0.3905	0.4033	0.4511	0.4526	0.4735	0.4805	0.4992	0.5200	0.5701	0.5742	0.5846	0.5827	0.5976	0.6419	0.6255	0.5991	0.6100	0.6109	0.6115	0.6185	0.6317	0.7229	0.7758	0.7880	0.7788	0.7321	0.7116	0.7078	0.6973	0.7002	0.6908	0.7497	0.7077	0.7024	0.6873	0.7170	0.7297	0.7123	0.7090	0.7264	0.6985	0.6574	0.6649	0.6401	0.6190	0.5489	0.5660	0.5120	0.4928	0.4663	0.4511	0.4220	0.4320	0.4054	0.3714	0.3595	0.3542	0.3439
0.1553	0.1755	0.2425	0.2661	0.3053	0.3346	0.3372	0.3501	0.3635	0.3730	0.3643	0.4139	0.4141	0.4619	0.4516	0.4726	0.4871	0.5273	0.5394	0.5673	0.6019	0.6137	0.5961	0.6112	0.6003	0.6076	0.5828	0.6026	0.6368	0.6333	0.6598	0.7080	0.7531	0.7919	0.7729	0.7627	0.7520	0.7545	0.6958	0.6958	0.7238	0.7360	0.7255	0.7705	0.7616	0.7060	0.7548	0.7486	0.7988	0.7734	0.7321	0.7458	0.7281	0.7147	0.6692	0.6636	0.6356	0.6606	0.5944	0.5334	0.4670	0.4573	0.4233	0.4182	0.4033	0.3675	0.3598	0.3415	0.3489
0.1850	0.2350	0.2521	0.2829	0.3721	0.3646	0.3836	0.4251	0.4075	0.4157	0.4340	0.4267	0.4781	0.4704	0.5013	0.5073	0.5521	0.5688	0.5642	0.5801	0.5959	0.6101	0.5963	0.6286	0.6256	0.6449	0.6420	0.6546	0.7108	0.6833	0.7467	0.7801	0.7573	0.7980	0.8188	0.7836	0.7760	0.7717	0.7585	0.7849	0.7911	0.7457	0.7607	0.7916	0.7913	0.7647	0.8330	0.8328	0.8421	0.8334	0.8162	0.7971	0.7926	0.8095	0.7442	0.7105	0.7174	0.7159	0.6703	0.5731	0.5626	0.5114	0.4934	0.4513	0.4226	0.3823	0.3848	0.3569	0.3453
0.2219	0.3138	0.3691	0.4265	0.4580	0.4716	0.4833	0.4828	0.4681	0.4879	0.5105	0.5432	0.5559	0.5817	0.5582	0.6246	0.6743	0.6254	0.6071	0.6074	0.5846	0.6068	0.6114	0.6176	0.6986	0.6906	0.7255	0.7170	0.7510	0.7388	0.7765	0.8255	0.8549	0.8331	0.8281	0.8297	0.8063	0.8256	0.8291	0.8214	0.8018	0.8410	0.8505	0.8619	0.8770	0.8767	0.8824	0.8693	0.8653	0.8541	0.8132	0.6908	0.6348	0.7663	0.7804	0.7687	0.6965	0.6032	0.6704	0.6604	0.6235	0.5752	0.5421	0.5139	0.4838	0.4247	0.3657	0.3540	0.3521
0.1193	0.2255	0.3503	0.4893	0.5836	0.6787	0.6865	0.6782	0.6543	0.6510	0.6100	0.6392	0.6196	0.6804	0.7062	0.7379	0.7945	0.7591	0.7205	0.7277	0.7138	0.7022	0.7069	0.7433	0.7359	0.7326	0.7645	0.7581	0.8196	0.8433	0.8476	0.8217	0.8596	0.8814	0.8451	0.8675	0.8566	0.8352	0.8610	0.7980	0.8112	0.8818	0.9159	0.9132	0.8819	0.8343	0.7786	0.8344	0.8992	0.8669	0.7470	0.5364	0.4354	0.5175	0.6710	0.7086	0.5903	0.4964	0.6947	0.7532	0.6797	0.6042	0.5705	0.5414	0.5196	0.4643	0.4085	0.3735	0.3576
0.0703	0.0996	0.1333	0.2421	0.3144	0.4180	0.5388	0.6286	0.6707	0.7087	0.7267	0.7323	0.6939	0.7692	0.8278	0.7975	0.8426	0.8511	0.8371	0.8306	0.8632	0.8305	0.8057	0.8089	0.8255	0.7822	0.8203	0.8275	0.9593	0.9540	0.9145	0.9224	0.8743	0.8887	0.8946	0.9001	0.8853	0.8319	0.8444	0.8327	0.8878	0.8490	0.9146	0.8023	0.5808	0.4703	0.4898	0.7420	0.8873	0.7620	0.4546	0.3511	0.3388	0.3549	0.4013	0.4452	0.4194	0.4427	0.6433	0.7985	0.7016	0.6434	0.5905	0.5659	0.5279	0.4997	0.4935	0.4598	0.4064
0.0317	0.0354	0.0612	0.1017	0.1153	0.1323	0.1692	0.2451	0.3180	0.3597	0.4569	0.5549	0.6318	0.6960	0.7341	0.7365	0.7571	0.7830	0.8477	0.8474	0.9161	0.8794	0.8824	0.8821	0.8632	0.8293	0.8539	0.8823	0.9253	0.9521	0.9485	0.9565	0.9698	0.9916	0.9566	0.9664	0.9002	0.8741	0.8705	0.8925	0.9206	0.8426	0.8126	0.5784	0.3556	0.3446	0.4493	0.6514	0.7153	0.5052	0.3188	0.3067	0.3094	0.3210	0.3143	0.3190	0.3691	0.4050	0.4958	0.6958	0.7485	0.6546	0.6132	0.6202	0.5925	0.5314	0.5195	0.4590	0.3971
0.0156	0.0240	0.0409	0.0418	0.0492	0.0783	0.0842	0.0975	0.1156	0.1356	0.1390	0.1820	0.2458	0.2918	0.3477	0.3923	0.3891	0.4612	0.5103	0.5254	0.5984	0.7073	0.7356	0.7948	0.8141	0.7390	0.6520	0.6554	0.7088	0.7134	0.7186	0.7356	0.8805	1.0000	0.9768	0.8790	0.8113	0.9138	0.8620	0.8316	0.9075	0.8508	0.7551	0.4625	0.2819	0.2799	0.3442	0.4335	0.4224	0.3082	0.2696	0.2764	0.2901	0.2945	0.3031	0.3186	0.3435	0.3741	0.4112	0.5836	0.7531	0.6746	0.6596	0.6359	0.6124	0.6085	0.5607	0.4816	0.4456
0.0073	0.0189	0.0341	0.0379	0.0535	0.0638	0.0706	0.0885	0.0815	0.0922	0.0990	0.1091	0.1230	0.1216	0.1306	0.1475	0.1808	0.1670	0.1789	0.2076	0.2247	0.2281	0.2731	0.3229	0.3330	0.2942	0.2728	0.2833	0.2986	0.3150	0.3502	0.3837	0.4503	0.6236	0.7400	0.5626	0.5105	0.7292	0.7010	0.5193	0.7198	0.7874	0.5193	0.2626	0.2339	0.2531	0.2586	0.2604	0.2474	0.2320	0.2369	0.2402	0.2513	0.2612	0.2722	0.2909	0.3086	0.3175	0.3354	0.4538	0.6820	0.7197	0.7109	0.6376	0.6350	0.6185	0.5818	0.5076	0.4462
0.0114	0.0180	0.0265	0.0322	0.0459	0.0552	0.0592	0.0685	0.0670	0.0686	0.0850	0.0912	0.1013	0.0776	0.0962	0.1039	0.1109	0.1136	0.1178	0.1211	0.1439	0.1266	0.1331	0.1389	0.1618	0.1526	0.1543	0.1630	0.1592	0.1734	0.1859	0.2108	0.2144	0.2614	0.2947	0.2430	0.2391	0.3344	0.2973	0.2397	0.3194	0.4222	0.2954	0.1937	0.1951	0.2023	0.2052	0.2206	0.2022	0.2163	0.2162	0.1980	0.2284	0.2307	0.2321	0.2207	0.2325	0.2508	0.2748	0.3215	0.4059	0.5033	0.5035	0.4386	0.5495	0.6190	0.5863	0.5129	0.4515
0.0103	0.0082	0.0253	0.0335	0.0339	0.0513	0.0675	0.0620	0.0524	0.0565	0.0567	0.0748	0.0746	0.0771	0.0801	0.0835	0.0897	0.0893	0.1068	0.1062	0.1176	0.1157	0.1020	0.1066	0.1321	0.1230	0.1222	0.1299	0.1323	0.1399	0.1307	0.1474	0.1585	0.1460	0.1538	0.1611	0.1553	0.1673	0.1646	0.1647	0.1549	0.1596	0.1696	0.1755	0.1570	0.1545	0.1578	0.1740	0.1739	0.1708	0.1793	0.1777	0.1940	0.1833	0.1918	0.1930	0.1946	0.2061	0.2216	0.2413	0.2571	0.2957	0.3075	0.3132	0.4262	0.5971	0.5657	0.4976	0.4508
0.0062	0.0043	0.0213	0.0254	0.0355	0.0391	0.0488	0.0414	0.0644	0.0641	0.0532	0.0583	0.0619	0.0765	0.0760	0.0812	0.0878	0.0945	0.0952	0.1031	0.1053	0.1001	0.0916	0.1026	0.1020	0.1048	0.1100	0.1121	0.1095	0.1121	0.1094	0.1139	0.1166	0.1248	0.1290	0.1301	0.1248	0.1299	0.1351	0.1328	0.1375	0.1300	0.1344	0.1411	0.1384	0.1343	0.1309	0.1448	0.1458	0.1403	0.1588	0.1490	0.1639	0.1690	0.1708	0.1801	0.1775	0.1974	0.2014	0.2122	0.2201	0.2426	0.2679	0.2808	0.4200	0.5891	0.5822	0.5487	0.4610
0.0164	0.0111	0.0117	0.0163	0.0258	0.0271	0.0396	0.0612	0.0472	0.0492	0.0510	0.0598	0.0591	0.0580	0.0626	0.0781	0.0822	0.0886	0.0830	0.0941	0.0853	0.0871	0.0866	0.0857	0.0828	0.0895	0.0858	0.0925	0.1065	0.1073	0.0952	0.0918	0.1023	0.1001	0.1007	0.1040	0.1041	0.1073	0.1084	0.1088	0.1162	0.1174	0.1051	0.1012	0.1150	0.1193	0.1113	0.1265	0.1241	0.1219	0.1279	0.1339	0.1333	0.1366	0.1421	0.1583	0.1645	0.1660	0.1752	0.1895	0.2016	0.2203	0.2554	0.2859	0.4641	0.6296	0.6191	0.5737	0.4764
0.0090	0.0097	0.0109	0.0289	0.0215	0.0304	0.0374	0.0436	0.0405	0.0595	0.0580	0.0411	0.0575	0.0456	0.0590	0.0711	0.0694	0.0711	0.0695	0.0728	0.0870	0.0842	0.0730	0.0800	0.0812	0.0838	0.0815	0.0800	0.0845	0.0837	0.0794	0.0823	0.0836	0.0819	0.0895	0.0921	0.0917	0.0995	0.0950	0.0881	0.0887	0.0908	0.0945	0.0985	0.0994	0.1013	0.1002	0.0990	0.1060	0.1052	0.1074	0.1105	0.1090	0.1044	0.1136	0.1255	0.1222	0.1281	0.1415	0.1610	0.1643	0.1719	0.1924	0.2063	0.2958	0.4276	0.5517	0.5743	0.5409
0.0000	0.0000	0.0163	0.0136	0.0110	0.0279	0.0365	0.0320	0.0366	0.0361	0.0428	0.0526	0.0534	0.0448	0.0553	0.0596	0.0640	0.0656	0.0636	0.0564	0.0714	0.0744	0.0704	0.0709	0.0719	0.0721	0.0780	0.0815	0.0735	0.0758	0.0743	0.0742	0.0834	0.0791	0.0839	0.0785	0.0809	0.0813	0.0774	0.0801	0.0704	0.0780	0.0883	0.0771	0.0826	0.0840	0.0893	0.0828	0.0839	0.0860	0.0878	0.0972	0.0893	0.0835	0.0942	0.0981	0.0944	0.0909	0.0985	0.1150	0.1218	0.1221	0.1284	0.1440	0.1605	0.2011	0.3509	0.5422	0.5172
0.0009	0.0008	0.0113	0.0013	0.0122	0.0146	0.0264	0.0340	0.0266	0.0304	0.0294	0.0510	0.0556	0.0433	0.0456	0.0562	0.0663	0.0629	0.0513	0.0552	0.0676	0.0662	0.0686	0.0705	0.0695	0.0666	0.0692	0.0713	0.0705	0.0695	0.0647	0.0669	0.0792	0.0764	0.0783	0.0764	0.0790	0.0739	0.0689	0.0700	0.0766	0.0791	0.0718	0.0741	0.0622	0.0664	0.0711	0.0732	0.0736	0.0691	0.0773	0.0729	0.0657	0.0692	0.0795	0.0779	0.0782	0.0703	0.0874	0.0946	0.0922	0.0874	0.0879	0.0962	0.1142	0.1290	0.1565	0.2078	0.2200
0.0043	0.0000	0.0000	0.0085	0.0150	0.0122	0.0129	0.0186	0.0266	0.0310	0.0253	0.0261	0.0552	0.0500	0.0358	0.0479	0.0514	0.0545	0.0418	0.0487	0.0642	0.0560	0.0552	0.0560	0.0603	0.0674	0.0582	0.0609	0.0653	0.0597	0.0607	0.0577	0.0559	0.0663	0.0687	0.0697	0.0746	0.0682	0.0589	0.0609	0.0691	0.0614	0.0622	0.0643	0.0568	0.0568	0.0603	0.0671	0.0627	0.0626	0.0712	0.0622	0.0604	0.0669	0.0717	0.0684	0.0685	0.0754	0.0775	0.0751	0.0748	0.0792	0.0847	0.0837	0.0954	0.0911	0.0857	0.0922	0.0891
0.0000	0.0000	0.0000	0.0134	0.0105	0.0090	0.0249	0.0247	0.0166	0.0210	0.0132	0.0255	0.0444	0.0341	0.0370	0.0437	0.0444	0.0471	0.0366	0.0462	0.0465	0.0419	0.0526	0.0569	0.0569	0.0611	0.0588	0.0524	0.0614	0.0617	0.0554	0.0702	0.0623	0.0683	0.0638	0.0599	0.0652	0.0581	0.0571	0.0591	0.0597	0.0570	0.0578	0.0521	0.0508	0.0558	0.0542	0.0534	0.0549	0.0581	0.0557	0.0601	0.0601	0.0592	0.0536	0.0637	0.0641	0.0576	0.0651	0.0659	0.0733	0.0677	0.0689	0.0780	0.0738	0.0781	0.0735	0.0771	0.0781
0.0000	0.0000	0.0017	0.0061	0.0000	0.0000	0.0127	0.0147	0.0139	0.0037	0.0159	0.0294	0.0221	0.0207	0.0415	0.0452	0.0367	0.0335	0.0320	0.0456	0.0446	0.0371	0.0388	0.0394	0.0534	0.0542	0.0625	0.0535	0.0558	0.0611	0.0502	0.0661	0.0518	0.0623	0.0619	0.0505	0.0460	0.0517	0.0592	0.0499	0.0520	0.0530	0.0567	0.0528	0.0485	0.0474	0.0498	0.0505	0.0495	0.0540	0.0533	0.0624	0.0501	0.0521	0.0519	0.0583	0.0552	0.0502	0.0546	0.0556	0.0633	0.0536	0.0668	0.0637	0.0716	0.0707	0.0691	0.0760	0.0676
0.0000	0.0000	0.0000	0.0022	0.0000	0.0000	0.0129	0.0097	0.0094	0.0100	0.0211	0.0379	0.0174	0.0164	0.0251	0.0380	0.0389	0.0369	0.0311	0.0414	0.0382	0.0402	0.0323	0.0415	0.0554	0.0469	0.0513	0.0500	0.0544	0.0580	0.0563	0.0547	0.0525	0.0568	0.0545	0.0483	0.0482	0.0569	0.0533	0.0481	0.0574	0.0483	0.0494	0.0519	0.0425	0.0524	0.0516	0.0540	0.0433	0.0490	0.0598	0.0539	0.0509	0.0438	0.0536	0.0511	0.0423	0.0368	0.0430	0.0465	0.0472	0.0473	0.0539	0.0582	0.0587	0.0479	0.0522	0.0599	0.0529
0.0000	0.0000	0.0000	0.0088	0.0000	0.0000	0.0053	0.0081	0.0024	0.0094	0.0219	0.0296	0.0264	0.0198	0.0266	0.0288	0.0335	0.0232	0.0251	0.0379	0.0419	0.0340	0.0301	0.0452	0.0506	0.0420	0.0373	0.0409	0.0474	0.0519	0.0514	0.0472	0.0492	0.0594	0.0457	0.0442	0.0468	0.0552	0.0554	0.0499	0.0509	0.0530	0.0508	0.0418	0.0443	0.0513	0.0426	0.0493	0.0494	0.0462	0.0455	0.0505	0.0486	0.0474	0.0463	0.0508	0.0487	0.0375	0.0448	0.0472	0.0363	0.0402	0.0376	0.0520	0.0522	0.0513	0.0429	0.0468	0.0335
0.0000	0.0000	0.0000	0.0000	0.0000	0.0000	0.0000	0.0060	0.0126	0.0119	0.0100	0.0129	0.0166	0.0248	0.0150	0.0126	0.0191	0.0210	0.0317	0.0278	0.0353	0.0398	0.0347	0.0329	0.0422	0.0374	0.0466	0.0453	0.0415	0.0394	0.0397	0.0350	0.0422	0.0533	0.0469	0.0486	0.0468	0.0484	0.0399	0.0470	0.0448	0.0409	0.0561	0.0456	0.0432	0.0438	0.0446	0.0392	0.0462	0.0432	0.0444	0.0400	0.0400	0.0403	0.0383	0.0477	0.0416	0.0329	0.0431	0.0460	0.0429	0.0376	0.0345	0.0450	0.0428	0.0414	0.0433	0.0419	0.0349
0.0010	0.0000	0.0000	0.0000	0.0000	0.0000	0.0000	0.0099	0.0033	0.0129	0.0070	0.0053	0.0165	0.0133	0.0214	0.0191	0.0182	0.0308	0.0226	0.0223	0.0251	0.0290	0.0359	0.0365	0.0442	0.0379	0.0353	0.0437	0.0387	0.0394	0.0507	0.0376	0.0445	0.0400	0.0449	0.0499	0.0500	0.0456	0.0525	0.0476	0.0457	0.0413	0.0430	0.0458	0.0402	0.0447	0.0418	0.0417	0.0403	0.0359	0.0392	0.0410	0.0381	0.0326	0.0347	0.0421	0.0348	0.0316	0.0414	0.0492	0.0446	0.0408	0.0362	0.0417	0.0405	0.0618	0.0518	0.0524	0.0488
