0.0000	0.0000	0.0000	0.0000	0.0000	0.0000	0.0000	0.0088	0.0051	0.0000	0.0115	0.0141	0.0143	0.0180	0.0234	0.0294	0.0468	0.0291	0.0226	0.0376	0.0476	0.0345	0.0286	0.0398	0.0663	0.0522	0.0543	0.0465	0.0681	0.0630	0.0696	0.0863	0.0858	0.0945	0.0848	0.0861	0.0825	0.0806	0.0844	0.0857	0.0837	0.0670	0.0852	0.0938	0.0921	0.0864	0.0872	0.0826	0.0686	0.0640	0.0840	0.0688	0.0756	0.0713	0.0613	0.0582	0.0629	0.0652	0.0650	0.0607	0.0617	0.0635	0.0523	0.0475	0.0574	0.0423	0.0384	0.0382	0.0496
0.0000	0.0000	0.0000	0.0000	0.0000	0.0000	0.0022	0.0106	0.0125	0.0000	0.0150	0.0242	0.0293	0.0221	0.0332	0.0330	0.0402	0.0463	0.0317	0.0355	0.0532	0.0409	0.0527	0.0466	0.0519	0.0725	0.0642	0.0637	0.0559	0.0685	0.0879	0.0872	0.0823	0.0976	0.0917	0.0889	0.0799	0.0936	0.0980	0.0873	0.1050	0.1020	0.0893	0.0937	0.0938	0.0885	0.0902	0.0920	0.0959	0.0765	0.0807	0.0754	0.0740	0.0721	0.0796	0.0752	0.0725	0.0668	0.0708	0.0875	0.0782	0.0606	0.0650	0.0653	0.0616	0.0504	0.0552	0.0494	0.0540
0.0000	0.0000	0.0000	0.0047	0.0092	0.0010	0.0079	0.0156	0.0110	0.0000	0.0149	0.0132	0.0353	0.0323	0.0366	0.0391	0.0402	0.0611	0.0465	0.0386	0.0431	0.0575	0.0497	0.0581	0.0713	0.0662	0.0703	0.0623	0.0632	0.0883	0.0949	0.0826	0.0922	0.1088	0.1093	0.1076	0.0973	0.0997	0.1001	0.1079	0.1071	0.1013	0.1025	0.1149	0.1151	0.0977	0.0805	0.0996	0.0898	0.0840	0.0952	0.1013	0.0810	0.0805	0.0838	0.0811	0.0767	0.0813	0.0797	0.0910	0.0930	0.0899	0.0779	0.0675	0.0700	0.0709	0.0672	0.0693	0.0579
0.0000	0.0026	0.0000	0.0052	0.0008	0.0026	0.0103	0.0238	0.0165	0.0218	0.0169	0.0317	0.0305	0.0406	0.0402	0.0465	0.0448	0.0604	0.0565	0.0515	0.0506	0.0537	0.0497	0.0538	0.0699	0.0659	0.0785	0.0686	0.0736	0.0920	0.0857	0.0824	0.0872	0.0909	0.1075	0.1060	0.0897	0.1109	0.1112	0.0995	0.1035	0.0952	0.1044	0.1221	0.1007	0.0985	0.0971	0.0852	0.0784	0.0889	0.0985	0.0950	0.0931	0.0821	0.0922	0.0987	0.0832	0.0862	0.0977	0.0946	0.1101	0.1011	0.0879	0.0811	0.0697	0.0669	0.0794	0.0923	0.0741
0.0000	0.0000	0.0000	0.0032	0.0007	0.0070	0.0066	0.0167	0.0234	0.0179	0.0238	0.0437	0.0390	0.0366	0.0268	0.0444	0.0580	0.0560	0.0438	0.0602	0.0546	0.0615	0.0539	0.0713	0.0603	0.0639	0.0803	0.0826	0.0840	0.0834	0.0932	0.0886	0.0999	0.1096	0.0951	0.0983	0.1059	0.1088	0.1190	0.1011	0.1074	0.0956	0.1167	0.1250	0.1230	0.1077	0.1026	0.0945	0.0979	0.1030	0.0970	0.0933	0.0926	0.1000	0.1026	0.1119	0.0964	0.0978	0.1221	0.2048	0.1844	0.1106	0.1027	0.0820	0.0789	0.0771	0.0972	0.0944	0.0763
0.0000	0.0030	0.0000	0.0055	0.0105	0.0113	0.0219	0.0268	0.0301	0.0350	0.0332	0.0461	0.0564	0.0390	0.0325	0.0513	0.0501	0.0454	0.0469	0.0606	0.0635	0.0555	0.0557	0.0628	0.0693	0.0740	0.0801	0.0709	0.0842	0.0972	0.0930	0.0857	0.1190	0.1277	0.1153	0.1068	0.1090	0.1089	0.1212	0.1075	0.0967	0.1089	0.1246	0.1320	0.1319	0.1139	0.1095	0.1313	0.1213	0.1063	0.0970	0.0966	0.1007	0.1183	0.1288	0.1316	0.1291	0.1548	0.2726	0.4399	0.3693	0.2295	0.1737	0.1412	0.1179	0.0914	0.0840	0.0955	0.0777
0.0005	0.0061	0.0139	0.0130	0.0061	0.0161	0.0315	0.0346	0.0295	0.0242	0.0517	0.0467	0.0406	0.0309	0.0320	0.0607	0.0445	0.0541	0.0608	0.0619	0.0660	0.0663	0.0639	0.0632	0.0788	0.0879	0.0812	0.0793	0.0989	0.1037	0.1032	0.0906	0.1156	0.1250	0.1217	0.1199	0.1111	0.1156	0.1242	0.1283	0.1063	0.1106	0.1289	0.1296	0.1229	0.1218	0.1212	0.1411	0.1349	0.1217	0.1157	0.1333	0.1417	0.1359	0.1493	0.1544	0.1719	0.2239	0.4473	0.5149	0.4268	0.3763	0.3491	0.3283	0.2109	0.1265	0.1073	0.1083	0.1025
0.0000	0.0000	0.0107	0.0046	0.0093	0.0211	0.0321	0.0205	0.0326	0.0355	0.0399	0.0406	0.0452	0.0560	0.0358	0.0633	0.0492	0.0552	0.0770	0.0582	0.0673	0.0776	0.0702	0.0740	0.0858	0.0964	0.0759	0.0862	0.1088	0.1143	0.1138	0.1028	0.1118	0.1331	0.1379	0.1335	0.1481	0.1396	0.1355	0.1356	0.1318	0.1310	0.1518	0.1505	0.1382	0.1495	0.1536	0.1553	0.1528	0.1465	0.1302	0.1522	0.1598	0.1656	0.1832	0.2058	0.1892	0.2613	0.5073	0.5141	0.4587	0.3980	0.3926	0.3766	0.3122	0.2067	0.1392	0.1388	0.1324
0.0056	0.0000	0.0108	0.0161	0.0177	0.0352	0.0267	0.0265	0.0428	0.0381	0.0358	0.0409	0.0484	0.0584	0.0548	0.0593	0.0552	0.0643	0.0699	0.0814	0.0896	0.0889	0.0806	0.0776	0.0916	0.1064	0.0943	0.0974	0.1170	0.1177	0.1213	0.1219	0.1286	0.1332	0.1556	0.1509	0.1565	0.1708	0.1601	0.1645	0.1547	0.1589	0.1751	0.1778	0.1775	0.1867	0.1755	0.1775	0.1760	0.1901	0.1805	0.1759	0.2022	0.2201	0.2212	0.2297	0.2257	0.2836	0.5144	0.4866	0.4454	0.3856	0.3921	0.3840	0.3613	0.3280	0.2605	0.2261	0.1711
0.0129	0.0000	0.0091	0.0216	0.0278	0.0300	0.0460	0.0554	0.0523	0.0378	0.0467	0.0466	0.0544	0.0601	0.0796	0.0646	0.0697	0.0920	0.0844	0.0892	0.0933	0.0909	0.0900	0.0914	0.1005	0.1078	0.1122	0.0952	0.1204	0.1203	0.1358	0.1273	0.1351	0.1674	0.1726	0.1441	0.1753	0.2020	0.1864	0.1829	0.1986	0.1932	0.2267	0.3326	0.4003	0.2557	0.2080	0.2040	0.2026	0.2102	0.2138	0.2187	0.2243	0.2289	0.2473	0.2458	0.2790	0.3051	0.4622	0.5118	0.4556	0.4069	0.3917	0.4272	0.3704	0.3719	0.3486	0.3637	0.2997
0.0000	0.0000	0.0251	0.0234	0.0210	0.0256	0.0410	0.0417	0.0563	0.0535	0.0508	0.0491	0.0654	0.0734	0.0613	0.0833	0.0922	0.0853	0.0992	0.0952	0.0861	0.0928	0.1115	0.0952	0.1194	0.1268	0.1179	0.1151	0.1205	0.1297	0.1493	0.1551	0.1623	0.1970	0.1936	0.1832	0.2136	0.2590	0.3108	0.3410	0.3626	0.2754	0.3020	0.5039	0.6312	0.4083	0.2584	0.2581	0.2487	0.2296	0.2361	0.2702	0.2667	0.2520	0.2487	0.2741	0.2865	0.2945	0.3529	0.4751	0.4746	0.4104	0.4217	0.4354	0.3790	0.3755	0.3601	0.3696	0.3025
0.0055	0.0078	0.0270	0.0330	0.0270	0.0298	0.0433	0.0514	0.0522	0.0567	0.0611	0.0733	0.0703	0.0852	0.0760	0.0932	0.0959	0.0895	0.0987	0.0868	0.0990	0.1186	0.1222	0.1189	0.1167	0.1198	0.1320	0.1408	0.1324	0.1545	0.1806	0.2145	0.2124	0.2295	0.2422	0.2621	0.3107	0.4930	0.6655	0.6218	0.5573	0.4156	0.3665	0.5221	0.6144	0.5546	0.4120	0.3764	0.3113	0.3010	0.2811	0.3310	0.4356	0.4590	0.3999	0.3220	0.3369	0.3230	0.3409	0.4627	0.5101	0.4525	0.4509	0.4348	0.4346	0.4184	0.3888	0.3894	0.3320
0.0089	0.0193	0.0275	0.0446	0.0452	0.0285	0.0333	0.0499	0.0544	0.0564	0.0855	0.0829	0.0729	0.0800	0.0820	0.0953	0.1035	0.1044	0.1105	0.1108	0.1145	0.1109	0.1241	0.1233	0.1302	0.1434	0.1533	0.1625	0.1803	0.1941	0.2188	0.2770	0.3435	0.3228	0.3391	0.3692	0.4610	0.7174	0.7645	0.7207	0.6603	0.5962	0.5029	0.6102	0.6274	0.6188	0.6269	0.6014	0.5655	0.4311	0.3847	0.4603	0.6244	0.6113	0.5141	0.4071	0.4419	0.4021	0.4329	0.5369	0.5202	0.4947	0.4913	0.5202	0.4733	0.4306	0.4157	0.4491	0.3893
0.0106	0.0170	0.0262	0.0326	0.0454	0.0422	0.0526	0.0598	0.0754	0.0669	0.0791	0.0888	0.0821	0.0854	0.0887	0.1049	0.1211	0.1155	0.1311	0.1386	0.1343	0.1211	0.1564	0.1526	0.1641	0.1782	0.1901	0.2223	0.2465	0.2769	0.3305	0.5113	0.7895	0.6195	0.5669	0.5347	0.7008	0.8266	0.7877	0.7098	0.7237	0.6977	0.7232	0.6869	0.7078	0.6545	0.6353	0.6612	0.6516	0.6088	0.6212	0.6487	0.7066	0.6559	0.5532	0.5215	0.5846	0.5143	0.5293	0.5688	0.5308	0.4715	0.4929	0.4890	0.4600	0.4304	0.4746	0.4429	0.4025
0.0079	0.0135	0.0260	0.0477	0.0669	0.0567	0.0400	0.0707	0.0754	0.0813	0.0769	0.1038	0.0922	0.0901	0.1230	0.1269	0.1511	0.1537	0.1436	0.1464	0.1686	0.1670	0.1884	0.2007	0.2166	0.2438	0.2558	0.2885	0.3401	0.4267	0.5794	0.7786	1.0000	0.9849	0.8558	0.7793	0.8621	0.8651	0.8092	0.7874	0.7447	0.7351	0.7428	0.6945	0.6822	0.6816	0.6298	0.6669	0.6734	0.6710	0.7198	0.6721	0.6744	0.6184	0.6205	0.6308	0.6565	0.6186	0.5571	0.5699	0.5335	0.4900	0.4882	0.4787	0.4537	0.4547	0.4527	0.4301	0.3923
0.0129	0.0196	0.0342	0.0609	0.0656	0.0650	0.0687	0.0811	0.1107	0.0958	0.1159	0.1431	0.1346	0.1367	0.1569	0.1805	0.2012	0.1892	0.2180	0.2041	0.2247	0.2263	0.2386	0.2647	0.3011	0.3314	0.3333	0.3569	0.4360	0.5477	0.8383	0.9434	0.9401	0.9480	0.8832	0.8620	0.8484	0.7559	0.7262	0.7101	0.7000	0.6752	0.7243	0.7368	0.6485	0.6922	0.6641	0.6750	0.6699	0.6740	0.6630	0.6517	0.6661	0.6173	0.5882	0.6302	0.6292	0.5988	0.5715	0.5807	0.5363	0.4963	0.4953	0.5135	0.4461	0.4196	0.4412	0.4380	0.4165
0.0274	0.0311	0.0579	0.0798	0.0807	0.1038	0.1259	0.1381	0.1962	0.2042	0.2417	0.2520	0.2638	0.2479	0.2537	0.2442	0.2363	0.2318	0.2488	0.2740	0.2833	0.2896	0.3113	0.3393	0.3571	0.3627	0.3889	0.4248	0.5107	0.6569	0.8803	0.9305	0.9190	0.8419	0.8435	0.7751	0.7944	0.7685	0.7533	0.6421	0.6393	0.6678	0.7185	0.7051	0.6501	0.6489	0.6441	0.6507	0.6159	0.6104	0.6238	0.6577	0.6243	0.6252	0.5802	0.5822	0.5662	0.5394	0.5435	0.5535	0.5109	0.4755	0.5116	0.4753	0.4476	0.4223	0.4417	0.4350	0.4138
0.0580	0.0830	0.1063	0.1308	0.1851	0.2520	0.3292	0.3854	0.4194	0.4347	0.5110	0.5272	0.5461	0.5124	0.5517	0.5089	0.3642	0.3428	0.3292	0.3643	0.3957	0.4038	0.5200	0.6217	0.4962	0.4390	0.5456	0.5708	0.6688	0.8051	0.8539	0.8547	0.8859	0.8158	0.8003	0.7631	0.7359	0.7369	0.7289	0.7028	0.6387	0.6112	0.6584	0.6712	0.6400	0.6088	0.6202	0.6099	0.6270	0.6037	0.6067	0.6026	0.6035	0.6026	0.5298	0.5332	0.5349	0.5267	0.5106	0.5162	0.5104	0.4667	0.4705	0.4643	0.4445	0.4122	0.4453	0.4420	0.3720
0.1013	0.1728	0.2742	0.3582	0.4130	0.4718	0.5658	0.5621	0.5542	0.5267	0.5292	0.5836	0.6598	0.6473	0.6926	0.8084	0.7111	0.7153	0.6018	0.5439	0.5718	0.6196	0.7832	0.8530	0.7358	0.6754	0.8098	0.7317	0.7648	0.8088	0.7938	0.7567	0.8115	0.8465	0.7843	0.7128	0.6929	0.6765	0.6919	0.7060	0.6299	0.6079	0.7022	0.6556	0.6347	0.6150	0.5937	0.6074	0.5896	0.6065	0.6267	0.5772	0.5417	0.5717	0.5468	0.5115	0.4857	0.4873	0.4671	0.4707	0.5071	0.4543	0.4558	0.4385	0.4030	0.4026	0.3990	0.4039	0.3739
0.1646	0.2511	0.3299	0.3734	0.3903	0.3571	0.3899	0.3615	0.4159	0.4166	0.4552	0.5199	0.6268	0.5984	0.6345	0.7376	0.7533	0.8230	0.7848	0.7712	0.7881	0.8257	0.8152	0.8214	0.7805	0.7521	0.7990	0.7416	0.7399	0.7470	0.7775	0.7315	0.7418	0.7413	0.7044	0.6838	0.6547	0.6537	0.6195	0.5908	0.6108	0.5930	0.6282	0.5879	0.6303	0.5994	0.5724	0.5683	0.5781	0.5640	0.5586	0.5352	0.5314	0.5295	0.5266	0.5106	0.4784	0.4867	0.4612	0.4442	0.4433	0.4521	0.4192	0.4299	0.4011	0.4058	0.3905	0.3919	0.3653
0.1816	0.2275	0.2334	0.2530	0.2659	0.2788	0.2747	0.2963	0.3186	0.3694	0.4070	0.4611	0.6017	0.5868	0.5553	0.6285	0.6558	0.7467	0.7491	0.7065	0.7603	0.7493	0.7250	0.7129	0.6709	0.7003	0.6683	0.6938	0.6826	0.6620	0.7148	0.7056	0.7038	0.7217	0.7035	0.6497	0.6334	0.6227	0.5978	0.5949	0.5785	0.5672	0.6090	0.5930	0.5781	0.5784	0.5707	0.5755	0.5599	0.5470	0.5401	0.5205	0.5141	0.5227	0.4993	0.4792	0.4870	0.4772	0.4768	0.4561	0.4552	0.4169	0.4222	0.4205	0.4137	0.3971	0.3834	0.3562	0.3244
0.1682	0.2054	0.2252	0.2208	0.2361	0.2371	0.2570	0.2795	0.3210	0.3321	0.3953	0.4679	0.5431	0.5771	0.5973	0.6332	0.7173	0.7091	0.7100	0.7000	0.7102	0.6944	0.6943	0.6120	0.6132	0.6481	0.6121	0.6215	0.6371	0.6502	0.6434	0.6211	0.6169	0.6490	0.6895	0.6283	0.6098	0.5949	0.5820	0.6002	0.6011	0.5633	0.6085	0.6054	0.5988	0.5841	0.5488	0.5499	0.5113	0.5172	0.5498	0.5049	0.4835	0.4971	0.4847	0.5166	0.5041	0.5053	0.4611	0.4090	0.4233	0.4199	0.4084	0.3914	0.3836	0.3718	0.3509	0.3460	0.3123
0.1431	0.1735	0.2067	0.2151	0.2359	0.2531	0.2635	0.2853	0.3055	0.3173	0.4034	0.4587	0.5206	0.5587	0.5674	0.6139	0.7219	0.6784	0.6311	0.6028	0.6507	0.6800	0.6244	0.6146	0.5886	0.5610	0.5742	0.6084	0.6128	0.6388	0.6210	0.5975	0.6489	0.6315	0.5918	0.5878	0.5836	0.5884	0.5793	0.5572	0.5624	0.5621	0.5636	0.5534	0.6005	0.5823	0.5558	0.5181	0.4954	0.5115	0.5139	0.5029	0.5266	0.4890	0.4815	0.5173	0.4982	0.4821	0.4529	0.4561	0.4323	0.3999	0.4042	0.3789	0.3506	0.3752	0.3546	0.3323	0.3237
0.1460	0.1707	0.2095	0.2161	0.2345	0.2579	0.2834	0.2820	0.2973	0.2940	0.3559	0.4201	0.4612	0.5020	0.5245	0.5932	0.6134	0.6150	0.6300	0.6187	0.5914	0.5878	0.5551	0.5360	0.5825	0.5298	0.5464	0.5606	0.5672	0.5800	0.6092	0.6299	0.6312	0.6410	0.6106	0.5879	0.5913	0.5891	0.5454	0.5305	0.5576	0.5370	0.5636	0.5815	0.5699	0.5537	0.5616	0.5133	0.4991	0.4962	0.4809	0.4821	0.5188	0.5250	0.4908	0.5071	0.4936	0.4800	0.4586	0.4456	0.4297	0.3840	0.4065	0.3836	0.3332	0.3499	0.3273	0.3119	0.3139
0.1407	0.1918	0.2074	0.2288	0.2244	0.2466	0.2741	0.2562	0.2901	0.2924	0.3532	0.3734	0.3950	0.4540	0.4721	0.4871	0.5205	0.5716	0.5524	0.5605	0.5186	0.5120	0.5411	0.5611	0.5393	0.5421	0.5440	0.5609	0.5914	0.6042	0.6078	0.6224	0.6165	0.6089	0.5888	0.5790	0.6232	0.5764	0.5680	0.5678	0.5762	0.5636	0.5555	0.5314	0.5475	0.5561	0.5325	0.5479	0.5130	0.4968	0.5108	0.4620	0.4807	0.5154	0.4865	0.4883	0.4652	0.4703	0.4555	0.4413	0.4226	0.3907	0.4006	0.3616	0.3491	0.3451	0.3156	0.3018	0.3006
0.1816	0.1796	0.2176	0.2475	0.2441	0.2344	0.2524	0.2663	0.2920	0.2952	0.3277	0.3411	0.3822	0.4109	0.4403	0.4628	0.4780	0.4914	0.4799	0.5058	0.5373	0.5169	0.5335	0.5227	0.5487	0.5356	0.5804	0.5787	0.5958	0.6096	0.6514	0.6241	0.6124	0.5869	0.5934	0.5799	0.5832	0.5503	0.5617	0.5531	0.5759	0.5597	0.5180	0.5608	0.5500	0.5681	0.5397	0.5417	0.4989	0.4953	0.5090	0.4947	0.4929	0.4911	0.4981	0.4882	0.4808	0.4733	0.4729	0.4253	0.4131	0.3868	0.3823	0.3663	0.3665	0.3448	0.3152	0.3130	0.3164
0.1970	0.2149	0.2256	0.2351	0.2617	0.2669	0.2493	0.2687	0.2640	0.2767	0.3088	0.3208	0.3576	0.3773	0.4293	0.4359	0.4421	0.4349	0.4620	0.4893	0.5073	0.5097	0.5177	0.5538	0.5400	0.5301	0.5502	0.5492	0.5359	0.5534	0.6124	0.6142	0.6135	0.6058	0.5815	0.5719	0.5800	0.5577	0.5789	0.5712	0.5617	0.5294	0.5207	0.5506	0.5598	0.5139	0.4947	0.4736	0.4837	0.5075	0.5097	0.4991	0.4873	0.4804	0.4822	0.4964	0.4471	0.4424	0.4393	0.4405	0.4090	0.3781	0.4054	0.3697	0.3549	0.3452	0.3255	0.3405	0.3210
0.1888	0.2069	0.2303	0.2592	0.2496	0.2536	0.2545	0.2563	0.2431	0.2773	0.2809	0.3123	0.3555	0.3707	0.4185	0.3961	0.4307	0.4268	0.4419	0.4746	0.4726	0.4894	0.5095	0.5324	0.5357	0.5525	0.5383	0.5444	0.5452	0.5553	0.5817	0.5933	0.6085	0.5820	0.5338	0.5739	0.5691	0.5471	0.5695	0.5585	0.5794	0.5436	0.5202	0.5235	0.5427	0.5036	0.5009	0.5065	0.4986	0.4713	0.5188	0.5154	0.5089	0.4898	0.4577	0.4602	0.4510	0.4237	0.4128	0.4346	0.4250	0.4163	0.4167	0.3397	0.3349	0.3364	0.3251	0.3377	0.3063
0.1932	0.2294	0.2129	0.2244	0.2446	0.2532	0.2696	0.2522	0.2606	0.2661	0.2878	0.3127	0.3468	0.3819	0.3815	0.4063	0.4092	0.4363	0.4764	0.4718	0.4844	0.4827	0.4922	0.4964	0.5382	0.5187	0.5483	0.5636	0.5794	0.5675	0.5886	0.6130	0.6077	0.5934	0.5550	0.5737	0.5832	0.6128	0.5783	0.5462	0.5602	0.5472	0.5501	0.5207	0.5190	0.4924	0.5205	0.5076	0.4889	0.4673	0.4621	0.4714	0.4945	0.4718	0.4872	0.4764	0.4444	0.4391	0.4124	0.4219	0.4242	0.3943	0.3862	0.3724	0.3632	0.3312	0.3223	0.2969	0.3010
0.1906	0.2160	0.2140	0.2456	0.2703	0.2497	0.2325	0.2607	0.2872	0.2530	0.3129	0.3348	0.3664	0.3811	0.3772	0.4366	0.4385	0.4571	0.4870	0.4768	0.4646	0.4875	0.5113	0.5376	0.5343	0.5083	0.5128	0.5608	0.5997	0.6050	0.5745	0.6129	0.6304	0.5977	0.5790	0.5497	0.5847	0.6022	0.5861	0.5590	0.5528	0.5761	0.5401	0.5726	0.5254	0.5075	0.5309	0.5001	0.4609	0.4721	0.4777	0.4817	0.4930	0.4593	0.4755	0.4771	0.4288	0.4205	0.4168	0.4126	0.4040	0.3943	0.3863	0.3679	0.3647	0.3540	0.3165	0.3213	0.3345
0.1740	0.2174	0.2216	0.2565	0.2539	0.2323	0.2378	0.2624	0.3103	0.3004	0.3212	0.3272	0.3739	0.3908	0.4115	0.4401	0.4617	0.4413	0.4568	0.4783	0.4665	0.5108	0.4995	0.4877	0.5124	0.5266	0.4858	0.5389	0.5716	0.5669	0.5675	0.6208	0.6137	0.6037	0.6002	0.6029	0.6188	0.5771	0.5538	0.5586	0.5089	0.5692	0.5546	0.5493	0.5372	0.5368	0.5135	0.4991	0.4994	0.5263	0.4956	0.5079	0.5175	0.4654	0.4414	0.4513	0.4510	0.4175	0.4090	0.4190	0.4009	0.4001	0.3988	0.3685	0.3776	0.3587	0.3207	0.3321	0.3193
0.1669	0.1871	0.2170	0.2326	0.2657	0.2580	0.2404	0.2885	0.3127	0.3036	0.3101	0.3358	0.3746	0.3745	0.4126	0.4312	0.4676	0.4598	0.4671	0.4704	0.4655	0.5039	0.4996	0.5076	0.5445	0.5502	0.5136	0.5539	0.5716	0.5704	0.5769	0.6163	0.6195	0.6022	0.6320	0.6034	0.6084	0.5798	0.5652	0.5442	0.5344	0.5398	0.5722	0.5260	0.5552	0.5306	0.5060	0.5440	0.5186	0.5282	0.5110	0.4841	0.5085	0.5140	0.4869	0.4613	0.4442	0.4416	0.4203	0.4084	0.4172	0.4225	0.4273	0.4121	0.3630	0.3374	0.3472	0.3644	0.3435
0.1598	0.1832	0.2415	0.2411	0.2589	0.2569	0.2739	0.3016	0.3188	0.3227	0.3063	0.3460	0.3721	0.4005	0.4132	0.4582	0.4709	0.4739	0.5127	0.4817	0.5125	0.5011	0.5164	0.5233	0.5572	0.5503	0.5250	0.5641	0.5770	0.5640	0.5939	0.6329	0.6247	0.6582	0.6737	0.6477	0.6650	0.5826	0.5843	0.5439	0.5722	0.5708	0.5691	0.5643	0.5530	0.5064	0.5413	0.5560	0.5481	0.5222	0.5104	0.5026	0.5208	0.5204	0.5056	0.4731	0.4692	0.4529	0.4116	0.4301	0.4155	0.4228	0.4397	0.4154	0.3633	0.3707	0.3702	0.3620	0.3708
0.1721	0.1910	0.2424	0.2474	0.2525	0.2598	0.2860	0.3366	0.3428	0.3393	0.3445	0.3559	0.3780	0.4339	0.4154	0.4554	0.4612	0.4837	0.4766	0.5045	0.5100	0.4914	0.5126	0.4977	0.5286	0.5660	0.5139	0.5549	0.5627	0.5658	0.6297	0.6455	0.6237	0.6680	0.6825	0.6516	0.6448	0.6029	0.6316	0.6037	0.6024	0.6061	0.5739	0.5892	0.5609	0.5599	0.5719	0.5541	0.5670	0.5625	0.5590	0.5054	0.5283	0.5172	0.5118	0.4940	0.4860	0.4499	0.4465	0.4339	0.4153	0.4192	0.4185	0.4319	0.4007	0.4285	0.4181	0.4098	0.3810
0.1429	0.1919	0.2286	0.2274	0.2640	0.2901	0.2938	0.3470	0.3485	0.3580	0.3792	0.4353	0.4457	0.4528	0.4608	0.4620	0.4979	0.4866	0.4794	0.5300	0.5257	0.5197	0.5150	0.5398	0.5634	0.5476	0.5185	0.5317	0.5522	0.5647	0.5958	0.6216	0.6064	0.6322	0.6923	0.6473	0.6239	0.6095	0.6544	0.6009	0.6149	0.6037	0.5957	0.5900	0.5727	0.5840	0.5600	0.5655	0.5068	0.5738	0.5728	0.5197	0.5365	0.5607	0.5195	0.5163	0.5038	0.4716	0.4774	0.4620	0.4560	0.4299	0.4405	0.4627	0.4781	0.4911	0.4700	0.4561	0.4058
0.1421	0.1784	0.2227	0.2489	0.2731	0.3117	0.3500	0.3499	0.3682	0.4208	0.4399	0.4913	0.4961	0.5369	0.5532	0.5455	0.5613	0.5399	0.5500	0.5439	0.5104	0.5299	0.5341	0.5153	0.5520	0.5426	0.5113	0.5264	0.5660	0.5385	0.5855	0.5836	0.6137	0.6209	0.6260	0.6296	0.6379	0.5970	0.5698	0.5986	0.6126	0.6118	0.6021	0.6002	0.6071	0.5878	0.6170	0.6071	0.5804	0.5856	0.5787	0.5568	0.5398	0.5446	0.5105	0.5178	0.4862	0.4944	0.4735	0.4604	0.4817	0.4582	0.4986	0.5095	0.4997	0.5086	0.5210	0.4767	0.4504
0.1726	0.1764	0.2128	0.2510	0.2977	0.3265	0.3713	0.3969	0.4348	0.4699	0.4864	0.5382	0.5651	0.5933	0.5915	0.6085	0.6275	0.6554	0.6493	0.6393	0.6339	0.6552	0.5851	0.6122	0.5533	0.5449	0.5213	0.5453	0.5651	0.5460	0.5502	0.5702	0.5648	0.6279	0.6204	0.6136	0.6091	0.6075	0.5656	0.5933	0.6222	0.6490	0.6096	0.6303	0.6279	0.6000	0.6025	0.6004	0.6186	0.6286	0.5725	0.5473	0.5379	0.5372	0.5083	0.5168	0.5062	0.5001	0.5173	0.4926	0.4696	0.4862	0.5151	0.5175	0.5151	0.4496	0.4724	0.4892	0.4695
0.1950	0.2117	0.2318	0.2770	0.2832	0.3426	0.3514	0.4028	0.4591	0.4935	0.5116	0.5608	0.6001	0.6201	0.6507	0.6731	0.7258	0.7835	0.7394	0.7741	0.7539	0.7771	0.7373	0.7452	0.6861	0.6571	0.6222	0.5928	0.5708	0.5276	0.5979	0.6031	0.5541	0.5983	0.6122	0.6003	0.6237	0.6128	0.6125	0.6354	0.6654	0.6316	0.6477	0.6423	0.6386	0.6136	0.6459	0.6247	0.6130	0.6191	0.6108	0.6113	0.5819	0.6021	0.5538	0.5237	0.5317	0.5236	0.5475	0.5016	0.5176	0.5133	0.5278	0.5558	0.5250	0.3745	0.4794	0.5567	0.5285
0.2048	0.2957	0.3301	0.3608	0.3641	0.3956	0.4155	0.4535	0.4684	0.4695	0.5355	0.5776	0.6208	0.6906	0.7107	0.7783	0.8229	0.7984	0.8445	0.8444	0.8132	0.8610	0.8195	0.7911	0.8410	0.7689	0.7272	0.6781	0.6201	0.5983	0.5956	0.5987	0.5816	0.6027	0.6284	0.6220	0.6275	0.6577	0.6660	0.6565	0.6721	0.6690	0.6782	0.6686	0.6457	0.6159	0.6503	0.6083	0.6403	0.6335	0.6111	0.6051	0.6048	0.5806	0.5456	0.5522	0.5463	0.5475	0.5335	0.5171	0.5844	0.5453	0.5592	0.5528	0.3964	0.3288	0.3967	0.5360	0.5295
0.1235	0.2244	0.2973	0.3994	0.4569	0.5338	0.5972	0.6022	0.5765	0.6039	0.6192	0.6485	0.6668	0.7382	0.8051	0.8974	0.8955	0.9000	0.9320	0.8119	0.6271	0.7218	0.6179	0.6038	0.7804	0.8183	0.7377	0.7590	0.7499	0.7176	0.6992	0.6205	0.6052	0.6245	0.6021	0.6439	0.6635	0.6789	0.6754	0.6716	0.6821	0.6834	0.7038	0.7004	0.7061	0.6731	0.6794	0.6330	0.6329	0.6507	0.6199	0.6075	0.6419	0.6171	0.5664	0.5684	0.5598	0.5703	0.5870	0.5852	0.5917	0.5598	0.5783	0.5253	0.3268	0.3072	0.2952	0.4027	0.4160
0.0493	0.0745	0.1074	0.1961	0.2516	0.3204	0.4097	0.4596	0.4622	0.5147	0.5698	0.5169	0.5251	0.5988	0.6444	0.7349	0.6745	0.5550	0.5376	0.3866	0.3172	0.3320	0.3150	0.3423	0.4226	0.5325	0.5550	0.6441	0.8396	0.8619	0.8430	0.7824	0.6945	0.6893	0.6800	0.6916	0.7209	0.7097	0.7005	0.6943	0.7385	0.6792	0.7267	0.6937	0.6772	0.6579	0.6784	0.6613	0.6422	0.6383	0.6267	0.6411	0.6242	0.6285	0.6046	0.5974	0.6086	0.6088	0.6229	0.6034	0.6096	0.6017	0.5925	0.5255	0.3852	0.3281	0.2550	0.2754	0.2743
0.0233	0.0330	0.0628	0.0759	0.0771	0.0973	0.1043	0.1458	0.1828	0.1835	0.2347	0.2092	0.2319	0.2280	0.2660	0.2773	0.2568	0.2216	0.2028	0.2036	0.2360	0.2202	0.2329	0.2503	0.2832	0.2920	0.3547	0.4004	0.5650	0.8699	0.9547	0.9131	0.8327	0.8282	0.8055	0.8193	0.7570	0.7733	0.7403	0.7342	0.7544	0.6987	0.6990	0.6979	0.6815	0.6864	0.6910	0.6576	0.6569	0.6527	0.6752	0.6626	0.6240	0.6304	0.6168	0.6434	0.6577	0.6611	0.6318	0.6339	0.6251	0.5944	0.6049	0.5566	0.4546	0.2990	0.2215	0.2247	0.2221
0.0262	0.0392	0.0618	0.0483	0.0418	0.0611	0.0707	0.0591	0.0729	0.0967	0.1181	0.1117	0.1221	0.1112	0.1322	0.1411	0.1583	0.1647	0.1738	0.1730	0.1878	0.1906	0.2024	0.2244	0.2499	0.2456	0.2665	0.2985	0.3778	0.6202	0.8025	0.8414	0.9148	0.9174	0.8610	0.8095	0.7736	0.8201	0.7620	0.7321	0.7716	0.7573	0.7147	0.7079	0.7115	0.6788	0.6958	0.7007	0.6891	0.6986	0.6861	0.6733	0.6383	0.6471	0.6285	0.6718	0.7019	0.6763	0.5382	0.5800	0.6675	0.6007	0.5995	0.5331	0.3411	0.2225	0.1923	0.1917	0.1938
0.0218	0.0276	0.0406	0.0359	0.0454	0.0549	0.0693	0.0696	0.0719	0.0810	0.0910	0.0793	0.0902	0.0990	0.0962	0.0993	0.1153	0.1213	0.1188	0.1263	0.1297	0.1357	0.1657	0.1882	0.1877	0.1934	0.2134	0.2437	0.2757	0.3402	0.4310	0.5720	0.8534	0.9303	0.8939	0.8453	0.8386	0.8118	0.8034	0.7551	0.7642	0.7840	0.7472	0.6985	0.7048	0.6883	0.6938	0.6764	0.6731	0.6719	0.6492	0.5512	0.4530	0.5613	0.6023	0.6465	0.5878	0.4149	0.3116	0.3748	0.5218	0.5511	0.5318	0.4188	0.2412	0.1937	0.1823	0.1809	0.1828
0.0279	0.0229	0.0459	0.0414	0.0403	0.0599	0.0456	0.0642	0.0553	0.0656	0.0677	0.0687	0.0724	0.0680	0.0752	0.0813	0.0969	0.0926	0.0954	0.0971	0.1005	0.1037	0.1076	0.1368	0.1407	0.1419	0.1721	0.1843	0.2287	0.2454	0.2895	0.4062	0.6997	0.9035	0.9153	0.8927	0.8812	0.8283	0.8141	0.7930	0.7552	0.7364	0.7617	0.7335	0.7109	0.6844	0.6432	0.6347	0.6217	0.5960	0.5207	0.2954	0.2362	0.3087	0.4229	0.3821	0.3291	0.2168	0.2106	0.2104	0.2543	0.2925	0.2433	0.2146	0.1772	0.1715	0.1615	0.1720	0.1585
0.0199	0.0190	0.0374	0.0467	0.0389	0.0465	0.0461	0.0432	0.0438	0.0552	0.0588	0.0634	0.0672	0.0628	0.0674	0.0786	0.0749	0.0755	0.0788	0.0886	0.0855	0.0862	0.0951	0.0950	0.1013	0.1098	0.1133	0.1326	0.1586	0.1687	0.2038	0.2489	0.3557	0.4829	0.6183	0.7314	0.8264	0.8540	0.8376	0.7882	0.7396	0.7599	0.7668	0.7623	0.7494	0.7304	0.6749	0.6543	0.6032	0.5352	0.3489	0.1876	0.1682	0.1775	0.2039	0.1903	0.1857	0.1706	0.1671	0.1761	0.1712	0.1617	0.1436	0.1511	0.1494	0.1470	0.1406	0.1341	0.1408
0.0261	0.0157	0.0255	0.0262	0.0316	0.0383	0.0501	0.0456	0.0387	0.0512	0.0532	0.0547	0.0696	0.0563	0.0609	0.0700	0.0817	0.0710	0.0753	0.0805	0.0789	0.0749	0.0872	0.0868	0.0807	0.0945	0.0972	0.1008	0.1096	0.1203	0.1354	0.1473	0.1549	0.1860	0.2433	0.3148	0.4517	0.5775	0.6688	0.7392	0.7770	0.7390	0.6410	0.7667	0.7746	0.7035	0.6500	0.5726	0.4843	0.3326	0.1949	0.1485	0.1556	0.1480	0.1365	0.1472	0.1557	0.1494	0.1396	0.1344	0.1357	0.1311	0.1328	0.1308	0.1210	0.1164	0.1157	0.1184	0.1273
0.0067	0.0029	0.0169	0.0235	0.0269	0.0268	0.0347	0.0470	0.0329	0.0295	0.0401	0.0436	0.0597	0.0533	0.0501	0.0653	0.0727	0.0697	0.0629	0.0691	0.0692	0.0780	0.0786	0.0680	0.0718	0.0845	0.0812	0.0857	0.0969	0.1054	0.1026	0.1062	0.1070	0.1153	0.1415	0.1473	0.1761	0.2190	0.2857	0.3946	0.5385	0.5744	0.4009	0.5777	0.7008	0.6697	0.4947	0.2878	0.1943	0.1407	0.1283	0.1114	0.1166	0.1176	0.1159	0.1321	0.1308	0.1222	0.1207	0.1120	0.1077	0.1111	0.1093	0.1040	0.1052	0.1022	0.1046	0.1057	0.0958
0.0025	0.0024	0.0183	0.0252	0.0211	0.0213	0.0339	0.0419	0.0382	0.0342	0.0465	0.0405	0.0525	0.0470	0.0479	0.0602	0.0622	0.0620	0.0613	0.0598	0.0655	0.0607	0.0606	0.0709	0.0699	0.0766	0.0731	0.0744	0.0745	0.0838	0.0886	0.0991	0.1066	0.0923	0.0957	0.0994	0.1120	0.1204	0.1235	0.1303	0.1735	0.2347	0.2013	0.3552	0.5847	0.5096	0.2378	0.1156	0.1043	0.1038	0.1128	0.1072	0.0922	0.0906	0.0958	0.1019	0.1011	0.1004	0.0980	0.1092	0.0952	0.0938	0.0831	0.0895	0.0900	0.0893	0.0771	0.0771	0.0784
0.0039	0.0000	0.0080	0.0179	0.0041	0.0156	0.0284	0.0343	0.0305	0.0373	0.0425	0.0408	0.0464	0.0452	0.0527	0.0559	0.0588	0.0541	0.0598	0.0576	0.0559	0.0560	0.0595	0.0561	0.0657	0.0747	0.0722	0.0663	0.0719	0.0717	0.0725	0.0818	0.0820	0.0815	0.0837	0.0826	0.0885	0.1013	0.1010	0.1033	0.1075	0.1067	0.1163	0.1393	0.2117	0.1800	0.1217	0.1025	0.0952	0.1015	0.0907	0.0849	0.0862	0.0776	0.0819	0.0891	0.0886	0.0854	0.0847	0.0883	0.0851	0.0737	0.0697	0.0773	0.0720	0.0668	0.0648	0.0655	0.0589
0.0000	0.0000	0.0075	0.0051	0.0109	0.0128	0.0282	0.0291	0.0399	0.0380	0.0344	0.0363	0.0413	0.0394	0.0369	0.0504	0.0563	0.0457	0.0482	0.0494	0.0693	0.0520	0.0544	0.0595	0.0693	0.0705	0.0681	0.0689	0.0706	0.0713	0.0627	0.0683	0.0752	0.0735	0.0715	0.0780	0.0866	0.0864	0.0808	0.0875	0.0980	0.0975	0.0957	0.0995	0.0966	0.1031	0.0992	0.0940	0.0808	0.0853	0.0783	0.0749	0.0698	0.0749	0.0842	0.0789	0.0681	0.0676	0.0704	0.0698	0.0702	0.0647	0.0604	0.0671	0.0638	0.0612	0.0628	0.0518	0.0500
0.0000	0.0002	0.0131	0.0034	0.0163	0.0092	0.0171	0.0256	0.0317	0.0261	0.0255	0.0239	0.0398	0.0466	0.0419	0.0422	0.0422	0.0430	0.0407	0.0531	0.0533	0.0567	0.0534	0.0539	0.0650	0.0571	0.0551	0.0591	0.0643	0.0633	0.0607	0.0620	0.0593	0.0743	0.0721	0.0781	0.0787	0.0783	0.0775	0.0726	0.0809	0.0796	0.0814	0.0812	0.0854	0.0850	0.0785	0.0781	0.0809	0.0763	0.0726	0.0718	0.0635	0.0738	0.0774	0.0613	0.0568	0.0655	0.0589	0.0626	0.0668	0.0586	0.0562	0.0550	0.0615	0.0587	0.0510	0.0511	0.0402
0.0000	0.0000	0.0045	0.0111	0.0078	0.0047	0.0057	0.0209	0.0270	0.0130	0.0143	0.0200	0.0153	0.0301	0.0321	0.0299	0.0342	0.0403	0.0401	0.0516	0.0472	0.0492	0.0422	0.0478	0.0610	0.0544	0.0531	0.0502	0.0645	0.0556	0.0595	0.0639	0.0602	0.0651	0.0622	0.0670	0.0663	0.0674	0.0669	0.0730	0.0714	0.0709	0.0783	0.0680	0.0676	0.0733	0.0673	0.0610	0.0677	0.0659	0.0612	0.0571	0.0618	0.0604	0.0613	0.0528	0.0572	0.0550	0.0563	0.0646	0.0624	0.0545	0.0463	0.0509	0.0501	0.0466	0.0409	0.0341	0.0300
0.0000	0.0000	0.0060	0.0062	0.0000	0.0000	0.0007	0.0125	0.0125	0.0179	0.0185	0.0353	0.0269	0.0209	0.0154	0.0307	0.0390	0.0327	0.0305	0.0410	0.0394	0.0375	0.0372	0.0402	0.0485	0.0468	0.0472	0.0478	0.0641	0.0601	0.0567	0.0611	0.0597	0.0561	0.0552	0.0566	0.0553	0.0682	0.0673	0.0612	0.0622	0.0666	0.0686	0.0608	0.0551	0.0672	0.0666	0.0574	0.0537	0.0596	0.0614	0.0587	0.0537	0.0543	0.0555	0.0584	0.0520	0.0483	0.0505	0.0583	0.0485	0.0410	0.0415	0.0413	0.0403	0.0402	0.0352	0.0323	0.0285
0.0000	0.0000	0.0012	0.0087	0.0000	0.0036	0.0220	0.0254	0.0126	0.0083	0.0241	0.0288	0.0181	0.0158	0.0246	0.0357	0.0335	0.0455	0.0331	0.0378	0.0436	0.0343	0.0351	0.0371	0.0399	0.0463	0.0515	0.0558	0.0526	0.0545	0.0530	0.0606	0.0644	0.0587	0.0535	0.0578	0.0630	0.0625	0.0668	0.0642	0.0662	0.0613	0.0595	0.0579	0.0551	0.0650	0.0651	0.0589	0.0529	0.0533	0.0589	0.0562	0.0515	0.0494	0.0535	0.0517	0.0454	0.0421	0.0455	0.0443	0.0408	0.0369	0.0409	0.0377	0.0309	0.0265	0.0301	0.0308	0.0290
0.0000	0.0000	0.0000	0.0000	0.0000	0.0000	0.0123	0.0065	0.0143	0.0086	0.0152	0.0163	0.0228	0.0165	0.0240	0.0304	0.0265	0.0355	0.0336	0.0331	0.0345	0.0398	0.0358	0.0367	0.0393	0.0343	0.0337	0.0525	0.0521	0.0492	0.0491	0.0503	0.0524	0.0560	0.0546	0.0544	0.0569	0.0657	0.0608	0.0638	0.0602	0.0516	0.0571	0.0573	0.0531	0.0584	0.0595	0.0586	0.0523	0.0500	0.0504	0.0483	0.0531	0.0459	0.0526	0.0527	0.0459	0.0368	0.0375	0.0363	0.0361	0.0345	0.0392	0.0407	0.0276	0.0196	0.0267	0.0267	0.0225
0.0000	0.0000	0.0000	0.0000	0.0000	0.0000	0.0000	0.0000	0.0076	0.0130	0.0155	0.0047	0.0241	0.0202	0.0191	0.0173	0.0142	0.0200	0.0281	0.0215	0.0359	0.0391	0.0278	0.0395	0.0435	0.0448	0.0389	0.0410	0.0492	0.0474	0.0462	0.0448	0.0525	0.0515	0.0532	0.0518	0.0521	0.0558	0.0579	0.0537	0.0461	0.0535	0.0594	0.0535	0.0476	0.0527	0.0482	0.0485	0.0507	0.0427	0.0433	0.0373	0.0456	0.0443	0.0429	0.0472	0.0437	0.0314	0.0314	0.0305	0.0330	0.0320	0.0268	0.0314	0.0303	0.0318	0.0167	0.0202	0.0158
0.0000	0.0000	0.0000	0.0000	0.0000	0.0000	0.0042	0.0118	0.0104	0.0000	0.0028	0.0053	0.0187	0.0230	0.0224	0.0202	0.0136	0.0157	0.0211	0.0184	0.0273	0.0382	0.0243	0.0237	0.0474	0.0436	0.0444	0.0525	0.0420	0.0416	0.0594	0.0396	0.0537	0.0511	0.0474	0.0518	0.0540	0.0491	0.0570	0.0552	0.0513	0.0631	0.0626	0.0556	0.0467	0.0499	0.0534	0.0523	0.0453	0.0489	0.0496	0.0421	0.0413	0.0424	0.0423	0.0442	0.0412	0.0308	0.0306	0.0371	0.0419	0.0323	0.0349	0.0380	0.0259	0.0271	0.0190	0.0250	0.0161
