0.0000	0.0000	0.0000	0.0000	0.0000	0.0000	0.0034	0.0134	0.0037	0.0086	0.0078	0.0187	0.0291	0.0352	0.0346	0.0477	0.0453	0.0418	0.0403	0.0448	0.0504	0.0464	0.0526	0.0505	0.0672	0.0722	0.0885	0.0667	0.0614	0.0856	0.0852	0.0788	0.0858	0.0952	0.1011	0.0814	0.0773	0.0693	0.0832	0.0780	0.0712	0.0838	0.0866	0.0872	0.0749	0.0885	0.0778	0.0732	0.0752	0.0744	0.0795	0.0550	0.0616	0.0675	0.0714	0.0725	0.0702	0.0673	0.0773	0.0774	0.0660	0.0691	0.0781	0.0677	0.0656	0.0470	0.0457	0.0463	0.0381
0.0000	0.0000	0.0026	0.0000	0.0000	0.0066	0.0095	0.0051	0.0163	0.0105	0.0115	0.0299	0.0247	0.0271	0.0363	0.0475	0.0407	0.0398	0.0427	0.0552	0.0629	0.0579	0.0611	0.0731	0.0776	0.0754	0.0686	0.0804	0.1163	0.0984	0.0783	0.0907	0.1007	0.0911	0.0864	0.0914	0.0954	0.0861	0.0939	0.0887	0.0888	0.0833	0.0973	0.0992	0.0860	0.0776	0.0924	0.0958	0.0751	0.0877	0.0976	0.0680	0.0558	0.0701	0.0703	0.0670	0.0868	0.0695	0.0705	0.0753	0.0695	0.0565	0.0710	0.0806	0.0666	0.0519	0.0430	0.0457	0.0527
0.0000	0.0000	0.0000	0.0150	0.0052	0.0000	0.0096	0.0213	0.0178	0.0115	0.0256	0.0318	0.0340	0.0313	0.0330	0.0471	0.0365	0.0325	0.0528	0.0702	0.0740	0.0871	0.0773	0.0746	0.0938	0.0664	0.0747	0.0948	0.1216	0.1128	0.1075	0.0952	0.1027	0.1236	0.1088	0.1090	0.1105	0.1060	0.1128	0.0867	0.0904	0.0946	0.0928	0.0869	0.0930	0.0805	0.1030	0.0899	0.0893	0.0710	0.0976	0.0963	0.0658	0.0723	0.0748	0.0783	0.0953	0.0760	0.0843	0.0973	0.1011	0.0795	0.1102	0.0964	0.0853	0.0733	0.0619	0.0781	0.0658
0.0000	0.0000	0.0023	0.0218	0.0202	0.0069	0.0164	0.0378	0.0215	0.0139	0.0314	0.0404	0.0515	0.0404	0.0412	0.0476	0.0578	0.0520	0.0615	0.0630	0.0705	0.0818	0.0825	0.0846	0.1024	0.0861	0.0918	0.0898	0.0962	0.0900	0.0894	0.0868	0.1083	0.1276	0.1262	0.1061	0.0944	0.0959	0.1179	0.0921	0.0999	0.0996	0.0973	0.0917	0.0850	0.0901	0.0955	0.0823	0.0836	0.0800	0.0874	0.0716	0.0735	0.0864	0.0956	0.0910	0.0786	0.0773	0.0916	0.0919	0.1142	0.0938	0.0988	0.0954	0.1035	0.0879	0.0815	0.0982	0.0996
0.0000	0.0000	0.0084	0.0152	0.0104	0.0045	0.0067	0.0367	0.0268	0.0223	0.0339	0.0467	0.0650	0.0703	0.0469	0.0487	0.0527	0.0597	0.0581	0.0428	0.0770	0.0959	0.0823	0.0796	0.0996	0.0770	0.0840	0.0957	0.0941	0.1030	0.1008	0.1015	0.1276	0.1240	0.1137	0.0882	0.0979	0.0964	0.1208	0.1119	0.1150	0.0892	0.0931	0.1028	0.1003	0.0885	0.1001	0.0982	0.0960	0.0946	0.0908	0.0872	0.0801	0.0872	0.1093	0.0832	0.0886	0.0906	0.0949	0.1065	0.1142	0.0903	0.1131	0.1135	0.1070	0.0998	0.1088	0.1043	0.1077
0.0000	0.0000	0.0005	0.0041	0.0108	0.0139	0.0118	0.0263	0.0292	0.0349	0.0452	0.0321	0.0541	0.0674	0.0582	0.0605	0.0673	0.0560	0.0829	0.0731	0.0799	0.0969	0.0842	0.0975	0.1085	0.0929	0.1069	0.1066	0.1009	0.1199	0.1167	0.1156	0.1147	0.1135	0.1238	0.1302	0.1116	0.1144	0.1194	0.1144	0.1274	0.1109	0.1042	0.0873	0.1106	0.1081	0.1101	0.1014	0.1108	0.1114	0.0916	0.0947	0.0965	0.0968	0.0983	0.1115	0.1190	0.1097	0.1115	0.1374	0.1375	0.1278	0.1378	0.1561	0.1409	0.1289	0.1304	0.1418	0.1221
0.0000	0.0000	0.0060	0.0081	0.0069	0.0326	0.0349	0.0323	0.0363	0.0336	0.0483	0.0517	0.0616	0.0653	0.0640	0.0607	0.0824	0.0727	0.0682	0.0776	0.1021	0.0894	0.0848	0.0882	0.1050	0.1062	0.1046	0.0951	0.1083	0.1151	0.1253	0.1224	0.1283	0.1344	0.1087	0.1324	0.1061	0.1318	0.1288	0.1194	0.1113	0.1309	0.1222	0.1021	0.1194	0.1256	0.1202	0.1242	0.1178	0.1190	0.1288	0.1276	0.1160	0.1143	0.1127	0.1309	0.1483	0.1266	0.1305	0.1445	0.1470	0.1655	0.2359	0.2929	0.2348	0.1948	0.2064	0.1842	0.1685
0.0000	0.0087	0.0120	0.0191	0.0167	0.0110	0.0230	0.0411	0.0426	0.0453	0.0377	0.0584	0.0789	0.0657	0.0682	0.0822	0.0840	0.0811	0.0886	0.0876	0.0991	0.1048	0.1010	0.1148	0.1063	0.1129	0.1121	0.1124	0.1239	0.1183	0.1234	0.1076	0.1369	0.1482	0.1374	0.1193	0.1349	0.1473	0.1187	0.1343	0.1507	0.1413	0.1214	0.1083	0.1170	0.1291	0.1359	0.1333	0.1416	0.1266	0.1334	0.1412	0.1168	0.1157	0.1344	0.1593	0.1521	0.1523	0.1776	0.1867	0.2526	0.3192	0.4022	0.4677	0.3532	0.3078	0.3140	0.2916	0.2612
0.0000	0.0101	0.0270	0.0230	0.0243	0.0191	0.0297	0.0465	0.0424	0.0432	0.0408	0.0570	0.0707	0.0659	0.0691	0.0707	0.0804	0.0849	0.1021	0.1200	0.1034	0.1119	0.1142	0.1213	0.1170	0.1099	0.1206	0.1269	0.1360	0.1304	0.1357	0.1343	0.1534	0.1265	0.1427	0.1366	0.1433	0.1538	0.1340	0.1538	0.1490	0.1417	0.1406	0.1225	0.1269	0.1457	0.1525	0.1476	0.1598	0.1508	0.1586	0.1646	0.1417	0.1625	0.1631	0.1908	0.1926	0.1926	0.2403	0.3054	0.4443	0.4655	0.4699	0.4988	0.4443	0.3819	0.3610	0.3648	0.3610
0.0000	0.0049	0.0108	0.0364	0.0410	0.0313	0.0408	0.0572	0.0629	0.0594	0.0680	0.0572	0.0804	0.0782	0.0847	0.0905	0.0994	0.1013	0.1232	0.1247	0.1068	0.1256	0.1196	0.1171	0.1320	0.1272	0.1510	0.1530	0.1450	0.1541	0.1541	0.1460	0.1585	0.1508	0.1534	0.1451	0.1367	0.1662	0.1835	0.1846	0.1653	0.1621	0.1600	0.1661	0.1660	0.1801	0.1828	0.1929	0.1830	0.1861	0.1881	0.1926	0.1894	0.2023	0.2101	0.2302	0.2534	0.2834	0.2874	0.3749	0.5629	0.4954	0.4852	0.4598	0.4493	0.3573	0.3510	0.3981	0.3849
0.0000	0.0049	0.0220	0.0390	0.0275	0.0395	0.0564	0.0709	0.0631	0.0743	0.0661	0.0741	0.0908	0.0754	0.0813	0.1080	0.1117	0.1061	0.1377	0.1297	0.1437	0.1472	0.1718	0.1452	0.1601	0.1596	0.1612	0.1545	0.1649	0.1744	0.1678	0.1790	0.1815	0.1852	0.1839	0.1785	0.1847	0.1964	0.1993	0.1703	0.1940	0.1788	0.2092	0.2093	0.2075	0.1999	0.2163	0.2326	0.2097	0.2185	0.2316	0.2468	0.2264	0.2283	0.2395	0.2450	0.2782	0.3110	0.3329	0.4102	0.5945	0.5091	0.4541	0.4732	0.4541	0.3763	0.3404	0.3576	0.3532
0.0027	0.0266	0.0472	0.0589	0.0379	0.0410	0.0592	0.0604	0.0477	0.0528	0.0675	0.0935	0.0864	0.0998	0.1063	0.1049	0.1358	0.1511	0.1674	0.1638	0.1775	0.1912	0.2082	0.2133	0.2344	0.2340	0.2289	0.2258	0.2327	0.2477	0.2411	0.2352	0.2477	0.2461	0.2257	0.2063	0.2261	0.2444	0.2481	0.2331	0.2289	0.2229	0.2416	0.2551	0.2445	0.2348	0.2540	0.2645	0.2679	0.2636	0.2566	0.2487	0.2633	0.2899	0.2832	0.2850	0.3329	0.3536	0.3895	0.5284	0.6266	0.5524	0.5083	0.5028	0.4562	0.3950	0.3548	0.3440	0.3585
0.0257	0.0289	0.0336	0.0337	0.0488	0.0558	0.0512	0.0611	0.0676	0.0632	0.0967	0.1047	0.0979	0.1248	0.1208	0.1371	0.1632	0.2163	0.2228	0.2315	0.2574	0.2581	0.3204	0.4021	0.4293	0.4256	0.4125	0.4038	0.3782	0.3708	0.3544	0.3524	0.3544	0.3765	0.3080	0.2526	0.2830	0.2908	0.3250	0.3589	0.3163	0.2943	0.3250	0.3221	0.2872	0.2843	0.3036	0.3140	0.3062	0.2930	0.2988	0.2760	0.3161	0.3225	0.3240	0.3461	0.3707	0.4033	0.4891	0.6164	0.6151	0.5660	0.5263	0.5630	0.5358	0.4268	0.4092	0.3935	0.3790
0.0190	0.0221	0.0362	0.0356	0.0390	0.0619	0.0727	0.0904	0.1013	0.0851	0.1009	0.1295	0.1454	0.1448	0.1492	0.1863	0.2338	0.4243	0.5461	0.5091	0.5063	0.5133	0.6367	0.6273	0.6369	0.6166	0.6549	0.7171	0.6128	0.6174	0.6127	0.6600	0.7397	0.7070	0.5500	0.3988	0.4130	0.4393	0.5368	0.7370	0.5853	0.4537	0.4994	0.4815	0.4094	0.3554	0.3788	0.4412	0.4026	0.3308	0.3448	0.3468	0.3430	0.3205	0.3392	0.3833	0.3819	0.4449	0.5669	0.6198	0.6029	0.5322	0.5334	0.5611	0.5137	0.4360	0.4256	0.3822	0.3555
0.0033	0.0130	0.0318	0.0434	0.0605	0.0709	0.0708	0.0997	0.1120	0.1086	0.1554	0.1649	0.1860	0.2001	0.2489	0.2945	0.4478	0.7534	0.8210	0.7263	0.7579	0.7525	0.7445	0.7076	0.6349	0.6275	0.6618	0.7154	0.7151	0.7988	0.8013	0.8666	0.9118	0.9329	0.8457	0.7801	0.7741	0.8390	0.8899	0.8997	0.8663	0.8006	0.7954	0.7704	0.6488	0.4931	0.5001	0.7349	0.7155	0.4285	0.3874	0.3587	0.3397	0.3111	0.3489	0.3891	0.4269	0.5064	0.6148	0.6702	0.6260	0.5506	0.5670	0.5503	0.5193	0.4350	0.4334	0.3860	0.3325
0.0275	0.0238	0.0437	0.0591	0.0751	0.1023	0.0828	0.1142	0.1570	0.1554	0.2391	0.2973	0.3454	0.4773	0.5359	0.5411	0.7300	0.8149	0.8121	0.7536	0.7354	0.7262	0.6395	0.6691	0.6338	0.6280	0.6681	0.6820	0.7486	0.7763	0.8140	0.9243	0.9225	0.9934	0.9304	0.9427	1.0000	0.9833	0.8990	0.8392	0.8782	0.8399	0.8421	0.8795	0.8646	0.7892	0.7659	0.8622	0.8503	0.6559	0.5656	0.4469	0.3559	0.3351	0.3564	0.4358	0.4755	0.5611	0.6274	0.6592	0.5949	0.5394	0.5623	0.5881	0.4920	0.4282	0.4022	0.3756	0.3537
0.0326	0.0503	0.0586	0.0808	0.0991	0.1316	0.1815	0.2284	0.2448	0.3083	0.4628	0.6125	0.6993	0.7520	0.8247	0.8292	0.8072	0.7709	0.7477	0.7080	0.6720	0.6271	0.6051	0.5967	0.6194	0.6013	0.6377	0.6720	0.6782	0.7416	0.8038	0.8788	0.9081	0.9201	0.9516	0.8573	0.8878	0.8831	0.8941	0.7463	0.7821	0.8065	0.8498	0.8883	0.8490	0.8538	0.8504	0.8928	0.8175	0.7939	0.7648	0.5658	0.3941	0.3920	0.4209	0.5078	0.6406	0.7403	0.6657	0.6471	0.5633	0.5241	0.5165	0.5240	0.4994	0.4102	0.3971	0.3505	0.3604
0.0617	0.0919	0.1050	0.1482	0.1861	0.2248	0.3123	0.3966	0.5022	0.5577	0.7060	0.7710	0.7331	0.6951	0.7087	0.7413	0.7235	0.6574	0.6392	0.6313	0.6620	0.6356	0.5640	0.5680	0.5808	0.5881	0.5917	0.6713	0.6235	0.7650	0.7997	0.8341	0.8423	0.8491	0.8663	0.8928	0.7928	0.7406	0.7842	0.7690	0.7148	0.7229	0.7810	0.7764	0.7611	0.7792	0.8634	0.8499	0.8177	0.7906	0.7773	0.5826	0.4465	0.4259	0.4512	0.5500	0.7064	0.7174	0.6721	0.6178	0.5542	0.4990	0.5001	0.4834	0.4669	0.3981	0.3674	0.3512	0.3518
0.1114	0.1368	0.2212	0.2962	0.3810	0.5152	0.6038	0.5667	0.6521	0.6131	0.5908	0.6260	0.6299	0.5754	0.5896	0.6163	0.6197	0.5950	0.5957	0.5906	0.5696	0.6372	0.6187	0.6056	0.5752	0.5688	0.6385	0.6615	0.6234	0.7485	0.7661	0.7647	0.8192	0.8610	0.8577	0.8283	0.7872	0.7325	0.7565	0.7829	0.7348	0.7093	0.7585	0.7348	0.7314	0.7949	0.7922	0.7627	0.7676	0.7809	0.8381	0.6212	0.4782	0.5798	0.6356	0.5627	0.6628	0.6147	0.5872	0.5906	0.5696	0.4699	0.4857	0.4334	0.4261	0.3707	0.3435	0.3500	0.3372
0.1589	0.1941	0.2950	0.3852	0.4565	0.5332	0.5016	0.4590	0.4679	0.4621	0.4829	0.4979	0.5396	0.5350	0.5418	0.5431	0.5655	0.5805	0.5757	0.5898	0.5680	0.6163	0.6128	0.6185	0.6156	0.5706	0.6657	0.6743	0.6818	0.7466	0.7628	0.7834	0.8128	0.8428	0.8284	0.7915	0.7778	0.7645	0.7409	0.7454	0.6972	0.7095	0.7186	0.6950	0.7500	0.7575	0.7069	0.7659	0.7304	0.7438	0.8096	0.6323	0.5896	0.7620	0.7775	0.5664	0.6187	0.6069	0.5694	0.5273	0.5118	0.4669	0.4743	0.4558	0.4397	0.3931	0.3594	0.3249	0.3099
0.1600	0.1906	0.2421	0.2489	0.2900	0.3304	0.3181	0.3203	0.3482	0.3478	0.3572	0.4133	0.4621	0.4595	0.4443	0.4986	0.5521	0.5645	0.5372	0.5537	0.5959	0.5818	0.5816	0.6104	0.6178	0.6059	0.6040	0.6540	0.7080	0.6843	0.7860	0.7958	0.7972	0.8984	0.8415	0.8204	0.7959	0.7678	0.7014	0.6891	0.6777	0.6658	0.7034	0.7205	0.7099	0.6898	0.7378	0.7191	0.7081	0.7618	0.8020	0.6856	0.6809	0.7930	0.7734	0.5611	0.6242	0.6043	0.5610	0.5205	0.4812	0.4561	0.4388	0.4122	0.4384	0.3749	0.3533	0.3244	0.3176
0.1544	0.1928	0.2191	0.2348	0.2461	0.2544	0.2734	0.2859	0.3087	0.3235	0.3341	0.3771	0.4318	0.4919	0.4846	0.5235	0.5966	0.5885	0.5766	0.5793	0.6129	0.6094	0.6240	0.5707	0.5933	0.6122	0.6383	0.6497	0.6533	0.6775	0.6986	0.7204	0.7346	0.7941	0.8243	0.7911	0.7169	0.7009	0.6904	0.6814	0.7117	0.6786	0.6760	0.7090	0.7204	0.7368	0.7097	0.7170	0.6665	0.7104	0.8060	0.7729	0.7326	0.7112	0.6556	0.5407	0.6292	0.6304	0.5479	0.4856	0.4659	0.4489	0.4190	0.3845	0.3925	0.3768	0.3312	0.3183	0.3288
0.1472	0.1774	0.2025	0.2122	0.2480	0.2567	0.2612	0.2618	0.2694	0.2805	0.3300	0.4052	0.4308	0.4657	0.4822	0.5272	0.5904	0.5700	0.5450	0.5501	0.6121	0.6220	0.6086	0.5885	0.5908	0.5810	0.6481	0.6714	0.6562	0.6880	0.7120	0.7011	0.7736	0.7610	0.7348	0.7482	0.7243	0.7356	0.6913	0.6735	0.6691	0.6507	0.6718	0.6635	0.7225	0.6944	0.6882	0.7056	0.6696	0.7046	0.7416	0.7655	0.8076	0.7555	0.6436	0.5952	0.6778	0.5901	0.5208	0.5276	0.4546	0.4386	0.4273	0.4065	0.3854	0.3584	0.3222	0.2986	0.3135
0.1448	0.1774	0.1888	0.2401	0.2417	0.2473	0.2567	0.2546	0.2725	0.2845	0.3273	0.4214	0.4424	0.4476	0.4698	0.5476	0.5648	0.5720	0.5730	0.5617	0.5977	0.6180	0.5634	0.5807	0.6219	0.5814	0.6275	0.6977	0.6565	0.7137	0.7049	0.7220	0.7420	0.7645	0.7309	0.7040	0.7196	0.7071	0.6480	0.6392	0.6563	0.6603	0.6726	0.6803	0.7031	0.6752	0.7188	0.7171	0.6843	0.7147	0.6987	0.6878	0.7808	0.7385	0.6329	0.6733	0.6487	0.6051	0.5308	0.5391	0.4425	0.4164	0.4191	0.3788	0.3612	0.3734	0.3180	0.2974	0.3363
0.1671	0.1907	0.1973	0.2359	0.2297	0.2710	0.2844	0.2685	0.3094	0.3101	0.3493	0.3940	0.4300	0.4441	0.4845	0.5012	0.5324	0.5909	0.5698	0.5851	0.5687	0.5689	0.5685	0.6318	0.6107	0.6055	0.6370	0.6509	0.6881	0.6980	0.6886	0.7434	0.7294	0.7359	0.7033	0.7017	0.7531	0.6883	0.6702	0.6706	0.6838	0.7092	0.6812	0.6440	0.6577	0.6782	0.6919	0.6973	0.6852	0.7102	0.6876	0.6585	0.6729	0.6541	0.6593	0.5954	0.5768	0.5604	0.5197	0.5186	0.4744	0.4304	0.4309	0.3699	0.3618	0.3308	0.3155	0.3042	0.2990
0.1884	0.1980	0.2063	0.2290	0.2165	0.2435	0.2758	0.2714	0.3146	0.3354	0.3623	0.3934	0.4300	0.4498	0.4807	0.5054	0.5526	0.5514	0.5532	0.5707	0.5966	0.5820	0.5678	0.5826	0.5869	0.6074	0.6183	0.6652	0.7030	0.6802	0.7267	0.7241	0.7259	0.6869	0.6964	0.6986	0.6769	0.6761	0.7046	0.6453	0.6636	0.6656	0.6572	0.6539	0.6742	0.6999	0.6980	0.6785	0.7015	0.7035	0.7013	0.6826	0.6434	0.6019	0.6369	0.6205	0.5647	0.5506	0.5078	0.4775	0.4771	0.4125	0.4009	0.3926	0.3874	0.3433	0.3349	0.3200	0.3190
0.1861	0.2204	0.2404	0.2368	0.2298	0.2692	0.2838	0.2910	0.2739	0.3452	0.3586	0.3800	0.4386	0.4363	0.4342	0.5091	0.5470	0.5001	0.5537	0.5567	0.5443	0.5372	0.5572	0.5854	0.5699	0.5592	0.5711	0.6157	0.6312	0.6626	0.6603	0.7190	0.7069	0.6706	0.6626	0.6385	0.6522	0.6733	0.6891	0.6566	0.6827	0.6629	0.6584	0.6475	0.6722	0.6719	0.6308	0.6546	0.6814	0.6643	0.7000	0.6510	0.5944	0.6027	0.5943	0.5676	0.5055	0.5195	0.5234	0.4967	0.4466	0.4096	0.4306	0.4312	0.3940	0.3663	0.3449	0.3341	0.3297
0.2175	0.2324	0.2478	0.2621	0.2453	0.2627	0.2598	0.2894	0.3218	0.3500	0.3376	0.3868	0.4130	0.4409	0.4443	0.4844	0.5217	0.5107	0.5459	0.5539	0.5266	0.5366	0.5390	0.5890	0.5674	0.5802	0.6076	0.6269	0.6460	0.6656	0.6353	0.7091	0.6881	0.6833	0.6304	0.6765	0.6401	0.6503	0.6759	0.6501	0.6792	0.7054	0.6762	0.6390	0.6368	0.6014	0.6551	0.6604	0.6280	0.5966	0.6414	0.6129	0.6156	0.5601	0.5530	0.5196	0.5263	0.5066	0.4711	0.5263	0.4741	0.4452	0.4336	0.4131	0.3955	0.3756	0.3504	0.3289	0.3415
0.2109	0.2208	0.2351	0.2789	0.2672	0.2645	0.2785	0.2980	0.3354	0.3522	0.3615	0.4017	0.4081	0.4669	0.4660	0.5015	0.5063	0.5318	0.5849	0.5593	0.5670	0.5276	0.5683	0.6071	0.5805	0.5444	0.5972	0.6222	0.6408	0.6225	0.6504	0.6912	0.7009	0.6655	0.6434	0.6601	0.6609	0.6699	0.6390	0.6461	0.6909	0.6876	0.6721	0.6345	0.6254	0.5899	0.6479	0.6403	0.6089	0.5874	0.5934	0.5923	0.5827	0.5613	0.5534	0.5336	0.4986	0.5128	0.4771	0.4764	0.4576	0.4198	0.4303	0.4144	0.3905	0.3668	0.3486	0.3178	0.3057
0.1961	0.2324	0.2413	0.2916	0.2431	0.2598	0.2984	0.3142	0.3167	0.3383	0.3641	0.4117	0.4358	0.4576	0.4628	0.4904	0.5729	0.5433	0.5365	0.5667	0.5696	0.5490	0.5445	0.5724	0.5498	0.5332	0.5757	0.6499	0.6310	0.6861	0.6661	0.6714	0.7410	0.6902	0.6638	0.6656	0.6790	0.6857	0.6815	0.6579	0.6937	0.6701	0.6237	0.6285	0.6463	0.5932	0.6294	0.6378	0.5626	0.5817	0.5837	0.5925	0.5705	0.5455	0.5442	0.5566	0.4974	0.4859	0.4786	0.4927	0.4598	0.4404	0.4191	0.4158	0.4052	0.3840	0.3266	0.3611	0.3338
0.2037	0.2142	0.2434	0.2798	0.2390	0.2269	0.2852	0.3080	0.3299	0.3589	0.3349	0.3897	0.4149	0.4482	0.4768	0.5100	0.5816	0.5602	0.5212	0.5343	0.5764	0.5767	0.5458	0.5586	0.5623	0.5587	0.5671	0.6185	0.6196	0.6430	0.6584	0.6799	0.7130	0.6915	0.6796	0.7046	0.6833	0.6619	0.6809	0.6832	0.6409	0.6781	0.6356	0.6305	0.6231	0.6020	0.6312	0.5999	0.6150	0.6229	0.5934	0.6275	0.6469	0.5906	0.5650	0.5465	0.5403	0.5256	0.4699	0.4910	0.4577	0.4425	0.4187	0.4183	0.4058	0.3883	0.3641	0.3602	0.3262
0.2042	0.2065	0.2518	0.2581	0.2365	0.2362	0.2766	0.2908	0.3439	0.3688	0.3442	0.3615	0.3996	0.4285	0.4528	0.4918	0.5515	0.5470	0.5569	0.5480	0.5753	0.5949	0.5570	0.5527	0.6055	0.6346	0.5994	0.6317	0.6715	0.6824	0.7100	0.7306	0.7153	0.6731	0.7063	0.6750	0.6449	0.6383	0.6463	0.6466	0.6280	0.6346	0.6634	0.5992	0.6190	0.6184	0.6151	0.6623	0.6188	0.6353	0.6429	0.6121	0.6327	0.6393	0.6284	0.5829	0.5637	0.5435	0.4668	0.4647	0.4761	0.4832	0.4857	0.4612	0.4296	0.3841	0.3705	0.3754	0.3305
0.2287	0.2170	0.2304	0.2394	0.2345	0.2618	0.2942	0.3328	0.3442	0.3790	0.3665	0.3870	0.3863	0.4326	0.4662	0.4662	0.5470	0.5461	0.5944	0.5856	0.5579	0.5755	0.5906	0.6071	0.6565	0.6361	0.6312	0.7146	0.7117	0.7080	0.7543	0.7331	0.7034	0.7158	0.7131	0.7156	0.7018	0.6708	0.6784	0.6673	0.6692	0.6313	0.6449	0.6381	0.6471	0.5986	0.6521	0.6716	0.6645	0.6602	0.6721	0.6585	0.6846	0.6324	0.6291	0.5950	0.5639	0.5477	0.4928	0.4574	0.4784	0.4887	0.4879	0.4626	0.4212	0.3676	0.3759	0.3393	0.3310
0.1841	0.1888	0.2227	0.2494	0.2177	0.2370	0.2688	0.3359	0.3573	0.3466	0.3922	0.3661	0.3746	0.4395	0.4230	0.4839	0.5077	0.5439	0.5273	0.5676	0.5764	0.5568	0.6078	0.6443	0.6108	0.6392	0.6174	0.7157	0.7210	0.7241	0.7395	0.7779	0.7900	0.7852	0.7308	0.7178	0.6948	0.6847	0.7285	0.6738	0.6597	0.6462	0.6348	0.6118	0.6326	0.6470	0.6981	0.7003	0.6636	0.7155	0.7253	0.6596	0.6636	0.6699	0.6758	0.6223	0.5748	0.5473	0.5430	0.5185	0.5059	0.4932	0.4684	0.4495	0.4086	0.4124	0.4023	0.3636	0.3547
0.1901	0.2050	0.2443	0.2299	0.2600	0.2467	0.2767	0.3134	0.3395	0.3302	0.3448	0.3827	0.4059	0.4299	0.4235	0.4755	0.4919	0.5204	0.5006	0.5455	0.5913	0.5981	0.6019	0.6280	0.6471	0.6116	0.6480	0.6506	0.6868	0.7781	0.7018	0.7174	0.7614	0.7855	0.8228	0.7642	0.7226	0.7247	0.7350	0.6747	0.6715	0.6727	0.6609	0.6353	0.6541	0.6744	0.6625	0.7279	0.6788	0.7619	0.7263	0.7044	0.7305	0.7398	0.7130	0.6586	0.6410	0.6058	0.5882	0.5616	0.5472	0.5259	0.4721	0.4729	0.4663	0.4472	0.3959	0.3561	0.3369
0.2039	0.2337	0.2445	0.2549	0.2884	0.2785	0.2921	0.3327	0.3332	0.3251	0.3660	0.4206	0.4083	0.4518	0.4405	0.4510	0.5027	0.5272	0.5295	0.5316	0.5683	0.5879	0.5946	0.5878	0.6459	0.6274	0.6170	0.6445	0.6944	0.7123	0.7342	0.7431	0.7810	0.7877	0.8267	0.7670	0.7382	0.7359	0.7122	0.6875	0.6692	0.6551	0.6525	0.6792	0.6779	0.6976	0.7564	0.7473	0.7493	0.7681	0.7807	0.7765	0.7671	0.7552	0.7373	0.7179	0.6652	0.6613	0.6232	0.5856	0.5825	0.5775	0.5749	0.5470	0.4813	0.4336	0.4208	0.4005	0.3813
0.2025	0.2396	0.2977	0.3082	0.3224	0.3240	0.3141	0.3118	0.3253	0.3752	0.3626	0.4191	0.4460	0.4293	0.4416	0.4536	0.4850	0.5350	0.5232	0.5258	0.5739	0.5795	0.5932	0.6289	0.5783	0.6318	0.5999	0.6068	0.6791	0.7217	0.7416	0.7639	0.7748	0.8133	0.8155	0.7848	0.7535	0.7439	0.6881	0.7045	0.7081	0.7165	0.6925	0.6953	0.7081	0.7151	0.7489	0.7565	0.8075	0.8044	0.7888	0.7868	0.8085	0.8091	0.7791	0.7990	0.6842	0.6723	0.6775	0.6629	0.5878	0.5913	0.5964	0.5272	0.4770	0.4526	0.4559	0.4240	0.3947
0.2397	0.3164	0.3604	0.3833	0.4212	0.4442	0.3910	0.4000	0.3968	0.3622	0.3815	0.4072	0.4335	0.4347	0.4606	0.4740	0.5143	0.5605	0.5456	0.5665	0.6006	0.5985	0.6352	0.6236	0.5994	0.6730	0.6166	0.6495	0.6770	0.6657	0.7464	0.7880	0.7828	0.8294	0.8465	0.8039	0.7793	0.7659	0.7372	0.7284	0.7279	0.7027	0.7128	0.7263	0.7563	0.7419	0.8037	0.8260	0.8184	0.8457	0.8427	0.8805	0.8898	0.7748	0.7195	0.8256	0.7397	0.7360	0.7227	0.6899	0.6532	0.6180	0.5952	0.5791	0.5317	0.4799	0.4665	0.4161	0.4080
0.2734	0.4452	0.5355	0.5979	0.6150	0.6116	0.6034	0.5729	0.5310	0.4856	0.4478	0.4532	0.4285	0.4400	0.4669	0.4921	0.5433	0.4930	0.5248	0.5774	0.5694	0.6050	0.6246	0.6001	0.6269	0.6473	0.6376	0.6406	0.6450	0.6794	0.7407	0.7962	0.8419	0.8777	0.8906	0.8087	0.8103	0.7885	0.7677	0.7278	0.7657	0.7833	0.7740	0.8016	0.7931	0.7792	0.8479	0.8427	0.8581	0.9069	0.8857	0.9020	0.9227	0.6348	0.6034	0.8688	0.7987	0.7631	0.7069	0.7402	0.7193	0.6831	0.6529	0.6189	0.5545	0.4813	0.4303	0.4311	0.4194
0.1340	0.2694	0.4269	0.5561	0.5753	0.6785	0.7604	0.7172	0.7044	0.7043	0.6319	0.5847	0.5272	0.5245	0.5224	0.5294	0.5340	0.5387	0.5538	0.5727	0.5510	0.6239	0.5956	0.6430	0.6035	0.5884	0.6169	0.6222	0.6558	0.6992	0.7710	0.8066	0.8536	0.8733	0.8889	0.8141	0.8308	0.8216	0.8035	0.7541	0.7551	0.8193	0.8428	0.8356	0.8381	0.8414	0.8849	0.8891	0.8694	0.8353	0.7645	0.8501	0.9216	0.5788	0.5709	0.8480	0.8317	0.7613	0.7639	0.7857	0.7279	0.7333	0.6967	0.6739	0.5755	0.5173	0.5064	0.4726	0.4188
0.0432	0.0887	0.1356	0.1828	0.2381	0.3538	0.4713	0.5148	0.5658	0.7028	0.7646	0.7497	0.7035	0.7083	0.6892	0.6475	0.5836	0.5635	0.5529	0.5499	0.5649	0.5857	0.5839	0.6036	0.6137	0.5844	0.5864	0.5769	0.6792	0.7054	0.7820	0.8786	0.8823	0.8884	0.8409	0.8059	0.8432	0.8026	0.8316	0.8158	0.8271	0.7830	0.8531	0.8243	0.8170	0.8588	0.8559	0.8599	0.7472	0.4833	0.4140	0.5267	0.6392	0.4718	0.5252	0.8477	0.8793	0.8418	0.8464	0.7668	0.7132	0.7274	0.6688	0.6747	0.5964	0.5467	0.5153	0.4744	0.4415
0.0384	0.0514	0.0648	0.0694	0.0897	0.1473	0.1690	0.2191	0.2676	0.3487	0.4845	0.5627	0.6932	0.7585	0.7950	0.7470	0.7477	0.6736	0.5756	0.5425	0.5648	0.5179	0.5509	0.5597	0.5421	0.5285	0.5458	0.5918	0.6836	0.7636	0.8101	0.8513	0.9198	0.9100	0.8755	0.8725	0.8116	0.8477	0.8235	0.8452	0.8557	0.8090	0.8249	0.8045	0.8308	0.8617	0.9032	0.8804	0.6533	0.3172	0.3271	0.3317	0.3526	0.3781	0.4330	0.6966	0.8440	0.8688	0.8106	0.7105	0.7417	0.6760	0.6599	0.6344	0.5703	0.5211	0.5201	0.4637	0.4406
0.0218	0.0356	0.0413	0.0583	0.0485	0.0812	0.0919	0.1017	0.1173	0.1457	0.2001	0.2442	0.3452	0.4621	0.6104	0.6878	0.7923	0.8035	0.7679	0.6964	0.6356	0.5559	0.5431	0.5538	0.5841	0.5531	0.5739	0.6287	0.7445	0.8167	0.8315	0.8429	0.9211	0.9548	0.8680	0.8549	0.8508	0.9030	0.8754	0.8330	0.9289	0.8125	0.8179	0.7966	0.8267	0.7697	0.5875	0.6199	0.4334	0.2679	0.2765	0.2790	0.2859	0.3089	0.3164	0.4022	0.4938	0.6622	0.5981	0.6377	0.7271	0.6841	0.6990	0.6224	0.5789	0.5582	0.5338	0.4780	0.4368
0.0127	0.0167	0.0398	0.0519	0.0671	0.0690	0.0846	0.0798	0.0796	0.0946	0.1169	0.1197	0.1431	0.1720	0.2313	0.3098	0.3975	0.5358	0.6971	0.7708	0.7289	0.6604	0.6641	0.6522	0.6474	0.6252	0.6650	0.7333	0.8007	0.8435	0.8599	0.9072	0.8723	0.8821	0.8477	0.8413	0.8027	0.6950	0.6320	0.5206	0.5879	0.4894	0.5111	0.5007	0.5420	0.5091	0.2718	0.2669	0.2473	0.2280	0.2371	0.2466	0.2372	0.2527	0.2673	0.3014	0.3239	0.3632	0.3601	0.4562	0.6534	0.6616	0.6166	0.6283	0.6430	0.6011	0.5427	0.5137	0.4721
0.0224	0.0155	0.0433	0.0595	0.0516	0.0518	0.0674	0.0733	0.0694	0.0711	0.0949	0.0914	0.1039	0.1077	0.1286	0.1457	0.1679	0.2083	0.2960	0.3987	0.5018	0.5330	0.6284	0.6974	0.6950	0.6814	0.7641	0.8021	0.8439	0.8254	0.8484	0.8764	0.8441	0.7376	0.6201	0.5803	0.4277	0.3001	0.2695	0.2608	0.2566	0.2375	0.2467	0.2466	0.2457	0.2508	0.2109	0.2230	0.2102	0.2162	0.2255	0.2176	0.2177	0.2155	0.2424	0.2464	0.2513	0.2692	0.2956	0.3223	0.4024	0.4308	0.4772	0.6453	0.6224	0.5917	0.5428	0.5009	0.4453
0.0096	0.0176	0.0125	0.0414	0.0327	0.0587	0.0599	0.0519	0.0660	0.0705	0.0800	0.0800	0.0942	0.0836	0.0852	0.0966	0.1078	0.1304	0.1320	0.1557	0.1833	0.2232	0.2754	0.3651	0.3960	0.4115	0.4994	0.6219	0.7805	0.8145	0.7393	0.5840	0.5326	0.3437	0.2357	0.2246	0.1831	0.1752	0.1825	0.1781	0.1734	0.1864	0.1941	0.2006	0.1911	0.1828	0.1916	0.1875	0.1716	0.1741	0.1858	0.1891	0.2015	0.1889	0.1988	0.2065	0.2211	0.2439	0.2506	0.2680	0.2908	0.3065	0.3530	0.5268	0.6183	0.5853	0.5230	0.4719	0.4684
0.0034	0.0215	0.0157	0.0404	0.0249	0.0483	0.0581	0.0585	0.0643	0.0569	0.0611	0.0640	0.0774	0.0725	0.0696	0.0923	0.0946	0.0922	0.1220	0.1250	0.1187	0.1202	0.1404	0.1497	0.1637	0.1720	0.2060	0.2493	0.4132	0.5850	0.3416	0.1923	0.1723	0.1549	0.1619	0.1498	0.1410	0.1369	0.1420	0.1392	0.1504	0.1553	0.1558	0.1671	0.1699	0.1615	0.1577	0.1563	0.1507	0.1547	0.1634	0.1664	0.1791	0.1796	0.1742	0.1940	0.1989	0.2110	0.2066	0.2176	0.2266	0.2511	0.2712	0.3177	0.4493	0.6000	0.5815	0.5201	0.5148
0.0140	0.0000	0.0133	0.0345	0.0292	0.0314	0.0535	0.0476	0.0494	0.0451	0.0558	0.0572	0.0696	0.0811	0.0880	0.0817	0.0939	0.0889	0.0929	0.0926	0.1003	0.0913	0.0979	0.1041	0.1125	0.1133	0.1142	0.1493	0.1680	0.1993	0.1362	0.1248	0.1161	0.1080	0.1217	0.1220	0.1118	0.1071	0.1127	0.1185	0.1168	0.1220	0.1208	0.1244	0.1359	0.1365	0.1245	0.1301	0.1269	0.1302	0.1447	0.1476	0.1551	0.1570	0.1608	0.1706	0.1878	0.1835	0.1847	0.1912	0.2085	0.2379	0.2685	0.3193	0.4600	0.6346	0.5933	0.5479	0.5233
0.0101	0.0124	0.0271	0.0280	0.0260	0.0332	0.0390	0.0414	0.0421	0.0556	0.0554	0.0542	0.0598	0.0643	0.0779	0.0736	0.0811	0.0729	0.0569	0.0644	0.0863	0.0796	0.0828	0.0941	0.0959	0.1060	0.1019	0.1033	0.1047	0.1306	0.1207	0.0955	0.0996	0.0972	0.0985	0.0879	0.0911	0.0882	0.0908	0.0955	0.0909	0.0895	0.1001	0.1001	0.1092	0.1063	0.1053	0.1115	0.1087	0.1045	0.1157	0.1220	0.1233	0.1147	0.1201	0.1249	0.1358	0.1488	0.1573	0.1828	0.1809	0.2145	0.2539	0.3632	0.5694	0.5701	0.5913	0.5438	0.4804
0.0000	0.0140	0.0192	0.0318	0.0313	0.0293	0.0362	0.0383	0.0360	0.0409	0.0420	0.0506	0.0478	0.0449	0.0574	0.0743	0.0613	0.0696	0.0621	0.0758	0.0863	0.0843	0.0776	0.0761	0.0869	0.0941	0.0840	0.0806	0.0926	0.0906	0.0917	0.0876	0.0961	0.0906	0.0789	0.0797	0.0756	0.0766	0.0832	0.0760	0.0734	0.0752	0.0824	0.0781	0.0801	0.0923	0.0911	0.0877	0.0807	0.0905	0.0881	0.0898	0.0979	0.0960	0.0931	0.1067	0.1104	0.1099	0.1137	0.1328	0.1351	0.1572	0.1861	0.2756	0.4770	0.5558	0.5591	0.4485	0.2617
0.0000	0.0000	0.0112	0.0087	0.0029	0.0225	0.0235	0.0362	0.0343	0.0325	0.0299	0.0448	0.0433	0.0361	0.0469	0.0534	0.0633	0.0618	0.0580	0.0732	0.0761	0.0650	0.0737	0.0739	0.0729	0.0799	0.0837	0.0914	0.0884	0.0820	0.0748	0.0705	0.0794	0.0764	0.0699	0.0767	0.0847	0.0741	0.0738	0.0776	0.0803	0.0745	0.0700	0.0809	0.0793	0.0719	0.0752	0.0741	0.0755	0.0735	0.0829	0.0770	0.0728	0.0822	0.0874	0.0863	0.0881	0.0831	0.0889	0.0920	0.0925	0.0971	0.1176	0.1370	0.2118	0.3657	0.3562	0.2117	0.1252
0.0000	0.0000	0.0015	0.0027	0.0076	0.0177	0.0210	0.0306	0.0295	0.0337	0.0332	0.0479	0.0423	0.0396	0.0453	0.0527	0.0660	0.0591	0.0531	0.0629	0.0609	0.0673	0.0766	0.0608	0.0698	0.0722	0.0665	0.0817	0.0797	0.0728	0.0686	0.0725	0.0643	0.0735	0.0710	0.0778	0.0735	0.0688	0.0652	0.0677	0.0766	0.0745	0.0673	0.0663	0.0786	0.0682	0.0701	0.0716	0.0688	0.0669	0.0743	0.0772	0.0667	0.0708	0.0804	0.0632	0.0740	0.0700	0.0671	0.0746	0.0776	0.0780	0.0778	0.0863	0.0932	0.1053	0.0946	0.0990	0.0885
0.0000	0.0000	0.0000	0.0000	0.0016	0.0135	0.0236	0.0311	0.0247	0.0230	0.0287	0.0351	0.0314	0.0327	0.0455	0.0452	0.0423	0.0499	0.0464	0.0583	0.0543	0.0563	0.0553	0.0532	0.0712	0.0700	0.0568	0.0586	0.0695	0.0589	0.0646	0.0675	0.0617	0.0715	0.0638	0.0634	0.0589	0.0602	0.0673	0.0632	0.0586	0.0599	0.0635	0.0660	0.0673	0.0566	0.0651	0.0563	0.0579	0.0614	0.0576	0.0553	0.0612	0.0591	0.0650	0.0610	0.0620	0.0553	0.0601	0.0681	0.0709	0.0627	0.0595	0.0784	0.0724	0.0694	0.0634	0.0680	0.0566
0.0000	0.0000	0.0000	0.0009	0.0064	0.0000	0.0114	0.0210	0.0138	0.0077	0.0218	0.0339	0.0298	0.0209	0.0313	0.0321	0.0417	0.0450	0.0367	0.0376	0.0399	0.0433	0.0496	0.0542	0.0617	0.0525	0.0562	0.0584	0.0634	0.0662	0.0640	0.0635	0.0587	0.0666	0.0641	0.0593	0.0475	0.0587	0.0662	0.0546	0.0496	0.0574	0.0574	0.0545	0.0539	0.0528	0.0562	0.0547	0.0514	0.0521	0.0603	0.0570	0.0513	0.0540	0.0578	0.0561	0.0622	0.0590	0.0637	0.0653	0.0587	0.0601	0.0622	0.0652	0.0695	0.0636	0.0597	0.0639	0.0539
0.0000	0.0000	0.0000	0.0006	0.0000	0.0000	0.0120	0.0183	0.0000	0.0030	0.0142	0.0270	0.0308	0.0223	0.0371	0.0431	0.0395	0.0384	0.0275	0.0384	0.0467	0.0501	0.0387	0.0410	0.0522	0.0586	0.0570	0.0560	0.0756	0.0628	0.0661	0.0619	0.0531	0.0522	0.0567	0.0511	0.0589	0.0562	0.0596	0.0588	0.0529	0.0619	0.0599	0.0548	0.0519	0.0541	0.0556	0.0546	0.0549	0.0479	0.0567	0.0536	0.0522	0.0494	0.0558	0.0618	0.0543	0.0541	0.0512	0.0583	0.0552	0.0453	0.0517	0.0562	0.0550	0.0608	0.0570	0.0574	0.0533
0.0000	0.0000	0.0000	0.0046	0.0000	0.0000	0.0176	0.0264	0.0095	0.0000	0.0151	0.0237	0.0201	0.0231	0.0300	0.0295	0.0318	0.0325	0.0329	0.0423	0.0473	0.0491	0.0352	0.0401	0.0485	0.0519	0.0534	0.0481	0.0560	0.0545	0.0567	0.0510	0.0559	0.0588	0.0518	0.0523	0.0506	0.0545	0.0536	0.0530	0.0513	0.0545	0.0580	0.0519	0.0506	0.0503	0.0514	0.0503	0.0502	0.0491	0.0589	0.0510	0.0510	0.0440	0.0454	0.0530	0.0469	0.0415	0.0416	0.0421	0.0381	0.0438	0.0425	0.0499	0.0459	0.0541	0.0516	0.0387	0.0326
0.0000	0.0000	0.0000	0.0000	0.0000	0.0000	0.0000	0.0027	0.0176	0.0139	0.0143	0.0294	0.0084	0.0095	0.0183	0.0302	0.0234	0.0280	0.0306	0.0291	0.0351	0.0335	0.0387	0.0409	0.0559	0.0416	0.0425	0.0466	0.0563	0.0548	0.0498	0.0509	0.0557	0.0565	0.0531	0.0517	0.0395	0.0470	0.0431	0.0392	0.0392	0.0412	0.0440	0.0501	0.0516	0.0531	0.0430	0.0417	0.0498	0.0494	0.0442	0.0440	0.0482	0.0447	0.0445	0.0497	0.0366	0.0391	0.0347	0.0437	0.0377	0.0419	0.0353	0.0424	0.0469	0.0417	0.0368	0.0353	0.0323
0.0000	0.0000	0.0000	0.0000	0.0000	0.0000	0.0000	0.0000	0.0000	0.0082	0.0204	0.0024	0.0047	0.0032	0.0182	0.0325	0.0247	0.0174	0.0275	0.0411	0.0307	0.0282	0.0339	0.0367	0.0453	0.0411	0.0422	0.0491	0.0424	0.0532	0.0542	0.0527	0.0610	0.0471	0.0467	0.0489	0.0459	0.0457	0.0499	0.0439	0.0497	0.0505	0.0380	0.0431	0.0388	0.0390	0.0385	0.0511	0.0457	0.0364	0.0466	0.0443	0.0491	0.0545	0.0468	0.0460	0.0434	0.0381	0.0425	0.0383	0.0482	0.0393	0.0516	0.0500	0.0447	0.0570	0.0544	0.0378	0.0442
