0.0000	0.0000	0.0000	0.0010	0.0000	0.0073	0.0006	0.0090	0.0115	0.0000	0.0022	0.0169	0.0278	0.0227	0.0165	0.0231	0.0284	0.0253	0.0233	0.0408	0.0438	0.0377	0.0415	0.0447	0.0561	0.0516	0.0591	0.0511	0.0587	0.0590	0.0418	0.0546	0.0692	0.0710	0.0585	0.0593	0.0704	0.0524	0.0580	0.0534	0.0588	0.0575	0.0629	0.0563	0.0551	0.0526	0.0623	0.0632	0.0560	0.0723	0.0693	0.0593	0.0514	0.0527	0.0545	0.0642	0.0660	0.0518	0.0531	0.0469	0.0519	0.0434	0.0449	0.0427	0.0600	0.0596	0.0392	0.0671	0.0634
0.0000	0.0000	0.0000	0.0000	0.0000	0.0000	0.0000	0.0193	0.0146	0.0077	0.0177	0.0250	0.0264	0.0365	0.0243	0.0429	0.0293	0.0327	0.0354	0.0483	0.0579	0.0405	0.0464	0.0556	0.0611	0.0539	0.0513	0.0554	0.0715	0.0586	0.0742	0.0670	0.0594	0.0757	0.0649	0.0682	0.0682	0.0701	0.0594	0.0543	0.0660	0.0592	0.0632	0.0731	0.0670	0.0551	0.0681	0.0828	0.0637	0.0674	0.0897	0.0739	0.0553	0.0560	0.0755	0.0719	0.0647	0.0581	0.0649	0.0650	0.0604	0.0501	0.0593	0.0665	0.0639	0.0591	0.0738	0.0889	0.0704
0.0000	0.0000	0.0000	0.0000	0.0046	0.0005	0.0016	0.0086	0.0019	0.0031	0.0134	0.0280	0.0340	0.0373	0.0282	0.0325	0.0264	0.0410	0.0433	0.0464	0.0383	0.0530	0.0492	0.0649	0.0707	0.0598	0.0631	0.0485	0.0719	0.0749	0.0603	0.0560	0.0639	0.0792	0.0743	0.0626	0.0697	0.0698	0.0617	0.0672	0.0640	0.0784	0.0809	0.0774	0.0635	0.0729	0.0685	0.0725	0.0673	0.0639	0.0836	0.0836	0.0848	0.0791	0.0762	0.0721	0.0661	0.0604	0.0620	0.0792	0.0650	0.0589	0.0763	0.0841	0.0889	0.0859	0.0804	0.1139	0.1132
0.0000	0.0000	0.0000	0.0047	0.0341	0.0050	0.0097	0.0128	0.0020	0.0152	0.0132	0.0204	0.0408	0.0399	0.0241	0.0373	0.0355	0.0417	0.0465	0.0531	0.0524	0.0603	0.0618	0.0543	0.0579	0.0566	0.0677	0.0599	0.0730	0.0737	0.0622	0.0631	0.0830	0.0772	0.0811	0.0845	0.0820	0.0757	0.0565	0.0606	0.0733	0.0776	0.0746	0.0849	0.0673	0.0595	0.0671	0.0579	0.0692	0.0789	0.0859	0.0887	0.0741	0.0812	0.0835	0.0736	0.0712	0.0762	0.0664	0.0751	0.0686	0.0741	0.0856	0.1011	0.1007	0.1131	0.0989	0.1109	0.1249
0.0000	0.0000	0.0067	0.0047	0.0218	0.0111	0.0063	0.0059	0.0091	0.0198	0.0227	0.0195	0.0385	0.0530	0.0288	0.0368	0.0497	0.0352	0.0392	0.0450	0.0606	0.0454	0.0510	0.0535	0.0594	0.0632	0.0666	0.0704	0.0705	0.0627	0.0679	0.0677	0.0818	0.0755	0.0743	0.0742	0.0761	0.0690	0.0680	0.0664	0.0685	0.0641	0.0926	0.0792	0.0730	0.0660	0.0840	0.0795	0.0808	0.0784	0.0856	0.0795	0.0667	0.0715	0.0810	0.0778	0.0711	0.0833	0.0745	0.0858	0.0819	0.0741	0.0909	0.1175	0.1086	0.1141	0.1119	0.1166	0.1234
0.0000	0.0000	0.0108	0.0134	0.0060	0.0079	0.0134	0.0197	0.0207	0.0157	0.0222	0.0318	0.0473	0.0463	0.0276	0.0460	0.0483	0.0485	0.0485	0.0614	0.0636	0.0596	0.0552	0.0558	0.0635	0.0595	0.0601	0.0633	0.0779	0.0825	0.0753	0.0795	0.0936	0.0801	0.0754	0.0825	0.0866	0.0763	0.0792	0.0661	0.0657	0.0860	0.0840	0.0850	0.0870	0.0836	0.0844	0.0903	0.0922	0.0770	0.0958	0.0987	0.0885	0.0962	0.0877	0.0912	0.0816	0.0877	0.0970	0.1037	0.0957	0.0971	0.1210	0.1415	0.1447	0.1233	0.1155	0.1281	0.1372
0.0000	0.0012	0.0115	0.0094	0.0036	0.0012	0.0205	0.0226	0.0280	0.0240	0.0232	0.0326	0.0320	0.0277	0.0292	0.0463	0.0531	0.0582	0.0480	0.0495	0.0571	0.0698	0.0596	0.0530	0.0780	0.0743	0.0669	0.0803	0.0865	0.0920	0.0929	0.0850	0.0956	0.0920	0.0817	0.0783	0.0876	0.0922	0.0906	0.0905	0.0944	0.0926	0.0856	0.0898	0.0882	0.0898	0.0811	0.1018	0.0899	0.0878	0.1090	0.1052	0.1054	0.0979	0.0893	0.0988	0.0928	0.0960	0.1133	0.1071	0.1102	0.1187	0.1348	0.1511	0.1461	0.1257	0.1327	0.1313	0.1322
0.0000	0.0032	0.0071	0.0101	0.0078	0.0113	0.0315	0.0277	0.0334	0.0319	0.0269	0.0409	0.0527	0.0429	0.0373	0.0494	0.0550	0.0683	0.0493	0.0562	0.0726	0.0751	0.0697	0.0732	0.0765	0.0869	0.0704	0.0815	0.0940	0.0938	0.0956	0.0890	0.0917	0.0932	0.0960	0.0812	0.0932	0.1038	0.0989	0.0951	0.0946	0.0959	0.1033	0.0923	0.0869	0.1082	0.0926	0.1065	0.0962	0.0984	0.1141	0.1239	0.1041	0.1070	0.1153	0.1340	0.1092	0.1185	0.1399	0.1249	0.1420	0.1485	0.1578	0.1534	0.1543	0.1482	0.1509	0.1702	0.1689
0.0000	0.0092	0.0158	0.0236	0.0188	0.0142	0.0254	0.0369	0.0284	0.0408	0.0372	0.0469	0.0499	0.0437	0.0481	0.0530	0.0574	0.0677	0.0500	0.0770	0.0915	0.0702	0.0763	0.0755	0.0824	0.0768	0.0719	0.0803	0.1016	0.1137	0.1002	0.0935	0.1087	0.0987	0.1057	0.1024	0.1054	0.0999	0.1086	0.1055	0.0933	0.1047	0.1208	0.1041	0.1052	0.1114	0.1235	0.1174	0.1242	0.1477	0.1557	0.1496	0.1386	0.1544	0.1536	0.1656	0.1479	0.1352	0.1609	0.1646	0.1804	0.1634	0.1549	0.1724	0.1760	0.1822	0.1632	0.1833	0.1842
0.0000	0.0008	0.0110	0.0294	0.0292	0.0252	0.0216	0.0228	0.0371	0.0442	0.0414	0.0493	0.0577	0.0448	0.0418	0.0605	0.0709	0.0705	0.0664	0.0749	0.0874	0.0870	0.0807	0.0744	0.0845	0.0991	0.0916	0.0889	0.0958	0.1049	0.1128	0.1039	0.1085	0.1197	0.1145	0.1090	0.1039	0.1202	0.1189	0.1130	0.1062	0.1135	0.1260	0.1173	0.1282	0.1289	0.1397	0.1418	0.1447	0.1595	0.1683	0.1850	0.1883	0.1792	0.1977	0.1832	0.1824	0.1787	0.1869	0.1862	0.2231	0.2043	0.1988	0.2063	0.1958	0.1894	0.1693	0.2069	0.2146
0.0000	0.0000	0.0061	0.0302	0.0271	0.0247	0.0351	0.0344	0.0384	0.0496	0.0465	0.0592	0.0582	0.0528	0.0711	0.0722	0.0873	0.0917	0.1027	0.0897	0.1072	0.0919	0.0930	0.0912	0.1115	0.1080	0.1072	0.1049	0.1113	0.1157	0.1092	0.1161	0.1117	0.1344	0.1280	0.1182	0.1221	0.1351	0.1309	0.1232	0.1383	0.1400	0.1453	0.1379	0.1462	0.1637	0.1719	0.1701	0.1717	0.1795	0.2063	0.2391	0.2234	0.2116	0.2044	0.2256	0.2275	0.2171	0.2252	0.2298	0.2245	0.2269	0.2136	0.2357	0.2431	0.2067	0.1900	0.2073	0.2223
0.0000	0.0012	0.0240	0.0369	0.0197	0.0244	0.0362	0.0494	0.0401	0.0550	0.0664	0.0594	0.0623	0.0691	0.0751	0.0812	0.0762	0.0901	0.1016	0.0955	0.1158	0.1189	0.1188	0.1231	0.1189	0.1284	0.1289	0.1094	0.1292	0.1526	0.1373	0.1384	0.1525	0.1447	0.1513	0.1383	0.1490	0.1704	0.1662	0.1655	0.1681	0.1657	0.1813	0.1717	0.1773	0.1887	0.1971	0.2007	0.1960	0.2339	0.2409	0.2609	0.2521	0.2601	0.2539	0.2539	0.2752	0.2595	0.2617	0.2550	0.2495	0.2511	0.2410	0.2632	0.2443	0.2256	0.2057	0.2273	0.2584
0.0183	0.0109	0.0344	0.0310	0.0300	0.0461	0.0439	0.0639	0.0622	0.0613	0.0717	0.0705	0.0804	0.0686	0.0748	0.0850	0.0985	0.1123	0.1209	0.1315	0.1397	0.1600	0.1674	0.1643	0.1730	0.1875	0.1568	0.1528	0.1707	0.1866	0.1682	0.1711	0.1839	0.1893	0.1796	0.1731	0.1775	0.1926	0.1900	0.2054	0.1878	0.1898	0.1943	0.1987	0.1953	0.2104	0.2227	0.2251	0.2430	0.2481	0.2633	0.2669	0.2832	0.2933	0.2933	0.2839	0.2951	0.2835	0.2910	0.2650	0.2579	0.2844	0.2704	0.2959	0.2887	0.2536	0.2308	0.2888	0.3416
0.0115	0.0193	0.0203	0.0265	0.0349	0.0298	0.0497	0.0525	0.0566	0.0655	0.0906	0.0969	0.0996	0.0889	0.1128	0.1218	0.1529	0.1535	0.1776	0.2032	0.2190	0.2583	0.3033	0.3280	0.3673	0.3638	0.2956	0.2560	0.2493	0.2936	0.2762	0.2656	0.2784	0.2467	0.2262	0.2165	0.2226	0.2116	0.2217	0.2100	0.2167	0.2162	0.2262	0.2201	0.2304	0.2330	0.2426	0.2533	0.2708	0.2708	0.3187	0.3247	0.3242	0.3117	0.2964	0.3179	0.3116	0.2982	0.3091	0.3061	0.2931	0.2797	0.2873	0.2936	0.2662	0.2573	0.2698	0.2629	0.2944
0.0026	0.0239	0.0301	0.0335	0.0359	0.0314	0.0499	0.0640	0.0661	0.0740	0.1032	0.1396	0.1465	0.1389	0.1593	0.1563	0.2141	0.2499	0.2969	0.3513	0.4088	0.4502	0.4666	0.4846	0.4791	0.5040	0.4635	0.3710	0.3437	0.4928	0.4647	0.4892	0.4187	0.2903	0.2648	0.2642	0.2604	0.2518	0.2494	0.2447	0.2381	0.2544	0.2542	0.2395	0.2593	0.2768	0.2803	0.3199	0.3892	0.3973	0.3690	0.3513	0.3771	0.3492	0.3284	0.3404	0.3656	0.3244	0.3231	0.3654	0.3532	0.3559	0.3771	0.3535	0.3274	0.3087	0.3303	0.2956	0.2850
0.0079	0.0270	0.0381	0.0386	0.0433	0.0571	0.0752	0.0949	0.1145	0.1212	0.1439	0.1619	0.1801	0.2262	0.3084	0.3270	0.3830	0.4380	0.5085	0.5322	0.4963	0.5088	0.4830	0.5062	0.4911	0.5121	0.5203	0.5134	0.5494	0.5868	0.5992	0.6509	0.6128	0.4618	0.4160	0.3729	0.3616	0.3568	0.3097	0.2666	0.2794	0.2634	0.2941	0.3144	0.3209	0.3829	0.4483	0.5942	0.7236	0.6232	0.4529	0.5017	0.5901	0.5654	0.4408	0.4065	0.4369	0.4569	0.4667	0.5598	0.4971	0.4513	0.4793	0.4713	0.4042	0.3633	0.3699	0.3374	0.3059
0.0417	0.0332	0.0587	0.0810	0.0929	0.1033	0.1107	0.1370	0.1451	0.1957	0.2697	0.3039	0.3533	0.3955	0.5109	0.5202	0.5107	0.5067	0.4942	0.5077	0.4648	0.4439	0.4421	0.4693	0.5117	0.5100	0.5406	0.5671	0.5712	0.5572	0.6031	0.6900	0.7395	0.6882	0.7158	0.6221	0.6063	0.6115	0.4445	0.3194	0.3760	0.3789	0.4051	0.4375	0.4479	0.5128	0.7426	0.8456	0.7921	0.7417	0.5943	0.7014	0.7006	0.6962	0.5880	0.5463	0.5987	0.6083	0.5825	0.5859	0.5157	0.4651	0.4688	0.4760	0.4060	0.3463	0.3288	0.3079	0.2959
0.0641	0.0829	0.1119	0.1307	0.1295	0.1596	0.1807	0.2031	0.2714	0.3061	0.4373	0.4518	0.4555	0.4094	0.4224	0.4372	0.4402	0.4213	0.4526	0.4524	0.4905	0.4813	0.4350	0.4396	0.4665	0.5088	0.5540	0.5831	0.5593	0.5849	0.6565	0.7126	0.7018	0.7433	0.7447	0.7370	0.7447	0.7147	0.5514	0.4688	0.5907	0.5667	0.4704	0.5495	0.6140	0.7020	0.8583	0.7911	0.7961	0.7873	0.7186	0.7720	0.7283	0.6740	0.6490	0.6226	0.5990	0.5556	0.5308	0.5213	0.4968	0.4491	0.4274	0.4574	0.3722	0.3332	0.3199	0.3150	0.2650
0.0774	0.0960	0.1233	0.1648	0.1827	0.2685	0.3027	0.3166	0.3901	0.3707	0.3651	0.3747	0.3765	0.3495	0.3796	0.4361	0.4511	0.4622	0.4886	0.4973	0.4843	0.5017	0.4834	0.4531	0.4765	0.4949	0.5501	0.5577	0.5852	0.6757	0.6648	0.6577	0.7141	0.7489	0.7596	0.7334	0.6977	0.7321	0.6228	0.6194	0.7367	0.6282	0.5800	0.7309	0.8084	0.7865	0.7501	0.7330	0.7345	0.7466	0.7474	0.7419	0.6816	0.6514	0.6111	0.6247	0.5493	0.4848	0.4891	0.5003	0.5028	0.4365	0.3869	0.4107	0.3727	0.3303	0.3018	0.3030	0.2887
0.0746	0.1107	0.1653	0.2066	0.2448	0.3036	0.2891	0.2819	0.3027	0.2890	0.2889	0.2859	0.3441	0.3368	0.3733	0.4269	0.4506	0.4809	0.4817	0.4961	0.4781	0.4945	0.5117	0.5049	0.4905	0.4781	0.5552	0.5850	0.5857	0.6579	0.6424	0.6574	0.6972	0.7297	0.7182	0.7129	0.7096	0.7385	0.7098	0.6962	0.7256	0.6563	0.6329	0.8053	0.8082	0.7418	0.7107	0.7036	0.6906	0.6626	0.6961	0.6858	0.6589	0.6314	0.6058	0.5760	0.5218	0.4850	0.4527	0.4406	0.4283	0.3970	0.3923	0.3960	0.3493	0.3347	0.2985	0.3005	0.2796
0.0832	0.1358	0.1619	0.1536	0.1590	0.1755	0.1917	0.1815	0.1965	0.2287	0.2679	0.2817	0.3572	0.3471	0.3326	0.4020	0.4234	0.4461	0.4281	0.4511	0.4826	0.4610	0.4606	0.4774	0.4893	0.4925	0.5159	0.5674	0.5726	0.5722	0.6585	0.6190	0.6515	0.7238	0.7116	0.7058	0.7109	0.7120	0.6974	0.7156	0.7090	0.6963	0.7354	0.7742	0.7338	0.6877	0.6961	0.6626	0.6403	0.6373	0.6507	0.6583	0.6163	0.6260	0.5737	0.5324	0.4906	0.4549	0.4551	0.4186	0.3986	0.3800	0.3782	0.3567	0.3490	0.3168	0.2761	0.2877	0.2828
0.0945	0.1169	0.1422	0.1405	0.1327	0.1387	0.1588	0.1966	0.1940	0.2439	0.2663	0.2877	0.3438	0.3836	0.3568	0.3771	0.4313	0.4521	0.4320	0.4445	0.4762	0.5035	0.4734	0.4418	0.4682	0.5027	0.5189	0.5052	0.5739	0.5978	0.6232	0.6100	0.6234	0.6584	0.6802	0.6784	0.6740	0.7219	0.6785	0.6945	0.7092	0.6734	0.7163	0.7472	0.7139	0.6569	0.6436	0.6326	0.5851	0.6199	0.6453	0.6341	0.5661	0.5725	0.5155	0.5241	0.4966	0.4683	0.4503	0.4081	0.4412	0.3956	0.3564	0.3412	0.3378	0.3091	0.2825	0.2935	0.2740
0.0718	0.0989	0.1249	0.1333	0.1317	0.1439	0.1879	0.1989	0.2199	0.2517	0.2908	0.2954	0.3339	0.3596	0.3591	0.3796	0.4404	0.4245	0.4208	0.4135	0.4601	0.4796	0.4777	0.4598	0.4801	0.4861	0.5041	0.5101	0.5447	0.6045	0.5752	0.5733	0.6307	0.6435	0.6280	0.6364	0.6597	0.6893	0.6444	0.6215	0.6524	0.6534	0.6649	0.6652	0.6471	0.6289	0.6170	0.6040	0.6072	0.5975	0.6089	0.6104	0.6072	0.5814	0.5239	0.5005	0.5009	0.4707	0.4410	0.4124	0.4136	0.3768	0.3803	0.3572	0.3389	0.3163	0.3038	0.2844	0.2660
0.0804	0.1077	0.1346	0.1543	0.1608	0.1698	0.2028	0.2316	0.2375	0.2448	0.2579	0.2759	0.3377	0.3541	0.3700	0.3924	0.4268	0.4337	0.4441	0.4270	0.4467	0.4380	0.4404	0.4405	0.4754	0.4515	0.4774	0.4982	0.5321	0.5698	0.5838	0.5965	0.5975	0.6424	0.6248	0.6233	0.6406	0.6160	0.5936	0.6179	0.6262	0.6223	0.6656	0.6431	0.6320	0.6105	0.6179	0.5792	0.5614	0.5810	0.5527	0.5631	0.5751	0.5563	0.4876	0.4876	0.4822	0.4724	0.4441	0.4287	0.4179	0.3799	0.3839	0.3509	0.3272	0.3204	0.2941	0.2761	0.2853
0.1118	0.1529	0.1668	0.1960	0.1872	0.1951	0.2173	0.2480	0.2733	0.2657	0.2884	0.3015	0.3517	0.3175	0.3275	0.3530	0.4057	0.4225	0.4047	0.4189	0.3993	0.3975	0.4440	0.4730	0.4701	0.4753	0.4732	0.4876	0.5616	0.5708	0.5886	0.6090	0.5975	0.6393	0.6395	0.6209	0.6282	0.6104	0.6079	0.6441	0.6457	0.6400	0.6426	0.6141	0.6256	0.5933	0.5560	0.5678	0.5497	0.5675	0.5444	0.5196	0.5209	0.5158	0.5001	0.4847	0.4827	0.4639	0.4260	0.4249	0.4371	0.3964	0.3901	0.3646	0.3329	0.3126	0.3031	0.2973	0.2777
0.1622	0.1857	0.1980	0.2160	0.2120	0.2190	0.2297	0.2485	0.2656	0.2773	0.2936	0.3127	0.3277	0.3146	0.3420	0.3683	0.4118	0.4018	0.3919	0.4144	0.4281	0.4197	0.4236	0.4307	0.4510	0.4742	0.4923	0.5230	0.5352	0.5523	0.6136	0.5905	0.6076	0.6220	0.6053	0.5961	0.5967	0.5916	0.6204	0.6078	0.6110	0.5902	0.5701	0.5871	0.6087	0.5824	0.5558	0.5713	0.5680	0.5527	0.5573	0.5401	0.5128	0.4970	0.4942	0.4985	0.4890	0.4907	0.4877	0.4331	0.4480	0.4050	0.4016	0.3734	0.3581	0.3375	0.3175	0.3105	0.2762
0.1687	0.1865	0.2170	0.2191	0.2134	0.2189	0.2614	0.2567	0.2539	0.2529	0.2814	0.2988	0.3318	0.3475	0.3667	0.3685	0.3815	0.3747	0.4129	0.4222	0.4391	0.4440	0.4507	0.4723	0.4726	0.4706	0.4776	0.4988	0.5071	0.5516	0.5839	0.5821	0.5828	0.6060	0.5842	0.5716	0.5731	0.5751	0.6106	0.5797	0.6146	0.5709	0.5474	0.5573	0.5645	0.5545	0.5461	0.5314	0.5598	0.5571	0.5693	0.5384	0.5249	0.4933	0.4641	0.5043	0.4708	0.4639	0.4567	0.4516	0.4304	0.4036	0.4125	0.3939	0.3428	0.3222	0.2906	0.3020	0.2876
0.1769	0.1838	0.2032	0.2297	0.2160	0.2411	0.2635	0.2628	0.2539	0.2862	0.2919	0.3134	0.3284	0.3722	0.3799	0.3790	0.3771	0.3928	0.3993	0.4393	0.4367	0.4195	0.4152	0.4359	0.4759	0.4731	0.4880	0.5096	0.5203	0.4990	0.5473	0.5770	0.5422	0.5492	0.5362	0.5408	0.5499	0.5754	0.5831	0.5643	0.5583	0.5581	0.5583	0.5368	0.5380	0.5118	0.5406	0.5331	0.5296	0.4963	0.5529	0.5380	0.5522	0.5243	0.4802	0.4837	0.4743	0.4471	0.4254	0.4784	0.4461	0.4299	0.4092	0.3598	0.3478	0.3263	0.2929	0.3308	0.2982
0.1911	0.1896	0.2049	0.2310	0.2415	0.2471	0.2444	0.2695	0.2747	0.2807	0.2881	0.3426	0.3271	0.3529	0.3767	0.3925	0.3807	0.4085	0.4229	0.4437	0.4471	0.4148	0.4217	0.4212	0.4472	0.4808	0.5096	0.5241	0.5285	0.4869	0.5331	0.5782	0.5713	0.5153	0.4984	0.5297	0.5682	0.6138	0.5812	0.5749	0.5662	0.5644	0.5512	0.5367	0.5353	0.5256	0.5380	0.5371	0.5355	0.5348	0.5071	0.5310	0.5295	0.5027	0.5006	0.5025	0.4678	0.4627	0.4467	0.4562	0.4212	0.4155	0.3997	0.3859	0.3586	0.3218	0.2925	0.2990	0.2944
0.1848	0.1901	0.2207	0.2654	0.2759	0.2472	0.2587	0.2727	0.2962	0.2862	0.2964	0.3199	0.3408	0.3584	0.3654	0.3813	0.4218	0.4251	0.4342	0.4570	0.4376	0.4243	0.4166	0.4352	0.4268	0.4374	0.4733	0.5155	0.5546	0.5483	0.5191	0.5446	0.5904	0.5645	0.5402	0.5811	0.6081	0.5861	0.5791	0.5784	0.5919	0.5802	0.5312	0.5470	0.5092	0.5168	0.5237	0.5177	0.4828	0.5145	0.5196	0.5349	0.5178	0.4923	0.4874	0.5039	0.4684	0.4396	0.4440	0.4445	0.4401	0.4255	0.4078	0.3863	0.3557	0.3395	0.3219	0.3371	0.3120
0.1625	0.2041	0.2263	0.2512	0.2397	0.2338	0.2618	0.2527	0.2999	0.3062	0.3131	0.3090	0.3253	0.3407	0.3591	0.3695	0.4052	0.4091	0.4137	0.4258	0.4330	0.4450	0.4378	0.4357	0.4540	0.4361	0.4476	0.4774	0.5084	0.5151	0.5322	0.5596	0.5679	0.5747	0.6065	0.6174	0.6323	0.5711	0.5803	0.6002	0.5891	0.6054	0.5509	0.5375	0.5124	0.4949	0.5196	0.5084	0.5107	0.5344	0.5448	0.5692	0.5613	0.5328	0.4833	0.4758	0.4603	0.4585	0.4507	0.4572	0.4246	0.4007	0.3904	0.3643	0.3683	0.3326	0.3235	0.3154	0.2809
0.1601	0.1992	0.2015	0.2194	0.2292	0.2548	0.2527	0.2621	0.2900	0.3002	0.2934	0.2954	0.3133	0.3387	0.3370	0.3733	0.3984	0.3910	0.4132	0.4137	0.4129	0.4334	0.4358	0.4387	0.4744	0.4583	0.4456	0.4854	0.4946	0.4785	0.5387	0.5767	0.5664	0.5606	0.5979	0.6129	0.5968	0.6101	0.6162	0.6129	0.6030	0.5803	0.6188	0.5599	0.5599	0.5185	0.5172	0.5285	0.5125	0.5427	0.5668	0.5275	0.5316	0.5519	0.5123	0.4970	0.4832	0.4945	0.4663	0.4412	0.4132	0.3969	0.4185	0.3947	0.3545	0.3418	0.3429	0.3200	0.3103
0.1842	0.2010	0.2107	0.2191	0.2402	0.2655	0.2698	0.2736	0.2818	0.2887	0.2890	0.3117	0.3429	0.3423	0.3573	0.3918	0.4061	0.3907	0.3987	0.4203	0.4329	0.4096	0.4312	0.4551	0.4668	0.4619	0.4846	0.4991	0.5204	0.5076	0.5654	0.5790	0.5721	0.5671	0.6176	0.6323	0.6345	0.6287	0.6388	0.6308	0.6373	0.6459	0.6452	0.6299	0.6163	0.5472	0.5789	0.5462	0.5515	0.5452	0.5469	0.5202	0.5420	0.5344	0.5163	0.5049	0.5090	0.4982	0.4332	0.4298	0.4249	0.4294	0.4108	0.4170	0.3730	0.3429	0.3345	0.3215	0.3126
0.1747	0.2002	0.2386	0.2507	0.2469	0.2627	0.2585	0.3078	0.3137	0.2841	0.2828	0.2923	0.3049	0.3485	0.3547	0.4068	0.4010	0.4097	0.4174	0.4154	0.4156	0.4071	0.4371	0.4648	0.4745	0.4673	0.4931	0.5339	0.5432	0.5630	0.5901	0.5996	0.5935	0.6247	0.6388	0.6312	0.6205	0.6419	0.6648	0.6408	0.6285	0.6307	0.6321	0.6425	0.5868	0.6116	0.6445	0.5971	0.5985	0.6065	0.5766	0.5419	0.5450	0.5262	0.5160	0.4888	0.4979	0.4617	0.4721	0.4607	0.4534	0.4382	0.4033	0.4203	0.3848	0.3571	0.3534	0.3247	0.3079
0.1610	0.1926	0.2116	0.2153	0.2403	0.2659	0.2283	0.2861	0.2995	0.2864	0.2845	0.3093	0.3437	0.3591	0.3712	0.3757	0.4146	0.4157	0.3975	0.4394	0.4410	0.4236	0.4389	0.5085	0.5281	0.5486	0.5458	0.5345	0.5482	0.5880	0.5667	0.6020	0.6098	0.6358	0.6756	0.6647	0.6417	0.6402	0.6513	0.6268	0.6596	0.6422	0.6360	0.6441	0.6319	0.6464	0.6547	0.6670	0.6133	0.7041	0.6341	0.5670	0.5724	0.5802	0.5071	0.4927	0.4986	0.4954	0.4943	0.4741	0.4735	0.4376	0.4227	0.4215	0.4157	0.4091	0.3797	0.3393	0.2993
0.1727	0.1930	0.1956	0.1996	0.2489	0.2802	0.2906	0.2933	0.3010	0.3063	0.3157	0.3365	0.3374	0.3600	0.3702	0.3870	0.3945	0.3938	0.4098	0.4519	0.4354	0.4631	0.4547	0.4909	0.5350	0.5332	0.5360	0.5440	0.5628	0.5645	0.5984	0.5803	0.6037	0.6500	0.6639	0.6368	0.6293	0.6174	0.6006	0.6148	0.6574	0.6390	0.6718	0.6930	0.6763	0.6834	0.7027	0.7229	0.7311	0.7338	0.6773	0.6320	0.6023	0.5578	0.5174	0.5196	0.4882	0.4974	0.4687	0.4677	0.4846	0.4471	0.4525	0.4593	0.4136	0.4061	0.3997	0.3512	0.3037
0.1532	0.1826	0.2307	0.2383	0.2601	0.2739	0.2940	0.3094	0.3038	0.3022	0.2922	0.3185	0.3690	0.3840	0.3611	0.4097	0.4121	0.4234	0.4566	0.4785	0.5261	0.5097	0.4890	0.5166	0.4932	0.5067	0.5171	0.5677	0.6179	0.6059	0.6030	0.6230	0.6159	0.6450	0.6134	0.6398	0.6408	0.6634	0.6162	0.6386	0.6803	0.6956	0.6968	0.7364	0.7354	0.7317	0.7472	0.7603	0.7762	0.7729	0.7169	0.6835	0.6142	0.5623	0.5323	0.5341	0.5082	0.4797	0.4854	0.4536	0.4311	0.4301	0.4391	0.4325	0.4000	0.4137	0.3882	0.3513	0.3384
0.2027	0.2203	0.2535	0.2681	0.2864	0.2884	0.3088	0.3210	0.3161	0.3106	0.3195	0.3442	0.3749	0.3703	0.3937	0.4202	0.4587	0.5056	0.5310	0.5386	0.5438	0.5542	0.5283	0.5386	0.5111	0.5304	0.5197	0.5778	0.6428	0.5878	0.6240	0.6545	0.6313	0.6553	0.6715	0.6546	0.6669	0.6790	0.6721	0.6712	0.7190	0.7103	0.7622	0.7482	0.7181	0.7144	0.7794	0.6417	0.5640	0.6867	0.7709	0.7450	0.6771	0.6698	0.6021	0.5434	0.5078	0.5003	0.4933	0.4776	0.4608	0.4310	0.4600	0.4460	0.4012	0.4053	0.4042	0.3939	0.3655
0.2209	0.2977	0.3497	0.3817	0.3931	0.4342	0.4253	0.4047	0.4034	0.3690	0.3887	0.3750	0.3704	0.3965	0.4209	0.4319	0.5012	0.5124	0.5158	0.5187	0.5230	0.5361	0.5361	0.5293	0.5348	0.5255	0.5497	0.5952	0.6159	0.6401	0.6777	0.7011	0.7208	0.7394	0.7463	0.7089	0.7176	0.7405	0.7478	0.7350	0.7255	0.7348	0.7388	0.5604	0.4344	0.4526	0.5022	0.4230	0.4275	0.6248	0.8061	0.7909	0.7033	0.6759	0.6129	0.5870	0.5635	0.5405	0.4952	0.4892	0.5045	0.4817	0.4637	0.4489	0.4242	0.4098	0.3856	0.3769	0.3566
0.1535	0.2689	0.3731	0.4976	0.4908	0.5393	0.5833	0.5457	0.5043	0.5056	0.4809	0.4546	0.4020	0.4095	0.4409	0.4412	0.4685	0.4965	0.5127	0.5293	0.5105	0.5263	0.5238	0.5117	0.5129	0.5245	0.5572	0.5741	0.6257	0.6736	0.7232	0.7158	0.7399	0.7557	0.7240	0.7395	0.8109	0.7579	0.7721	0.7497	0.6865	0.6599	0.5303	0.3638	0.3527	0.3586	0.3596	0.3739	0.4290	0.6604	0.8444	0.8081	0.7594	0.7105	0.6535	0.6087	0.5702	0.5515	0.5634	0.5566	0.5241	0.5133	0.4686	0.4486	0.4282	0.4237	0.4105	0.3991	0.3777
0.0739	0.1093	0.1677	0.2292	0.3022	0.3573	0.4231	0.4577	0.4527	0.5054	0.5213	0.5165	0.5230	0.5098	0.4932	0.4646	0.4645	0.5119	0.5034	0.5409	0.5240	0.5272	0.5153	0.5281	0.5249	0.5096	0.5596	0.6010	0.6918	0.7023	0.7187	0.7451	0.7331	0.7345	0.7495	0.7782	0.8283	0.7096	0.7054	0.6030	0.4854	0.3812	0.3329	0.3231	0.3332	0.3372	0.3718	0.3944	0.4705	0.7511	0.9155	0.8762	0.8054	0.7598	0.6926	0.7118	0.6550	0.6122	0.5875	0.6136	0.5916	0.5717	0.5290	0.4851	0.4556	0.4398	0.4099	0.4300	0.3775
0.0364	0.0515	0.0720	0.0835	0.0904	0.1282	0.1626	0.2023	0.2388	0.3034	0.3583	0.4081	0.5336	0.5637	0.5693	0.5419	0.5122	0.4781	0.4750	0.4879	0.5014	0.4844	0.4913	0.5063	0.5347	0.5561	0.5860	0.6110	0.6707	0.7029	0.7216	0.7079	0.7466	0.7637	0.7670	0.7799	0.6765	0.5331	0.4087	0.3314	0.2940	0.2721	0.2803	0.2954	0.3228	0.3388	0.3733	0.3934	0.4648	0.7811	1.0000	0.9338	0.8536	0.8123	0.7318	0.7338	0.7348	0.7331	0.6864	0.7108	0.7000	0.6251	0.6118	0.5624	0.5130	0.4660	0.4388	0.4225	0.3703
0.0112	0.0264	0.0424	0.0484	0.0476	0.0665	0.0802	0.1017	0.1258	0.1566	0.2006	0.2375	0.3365	0.4305	0.5175	0.5649	0.5589	0.5741	0.5916	0.5706	0.5550	0.5219	0.5276	0.5643	0.5910	0.5958	0.6030	0.6365	0.6919	0.7170	0.6806	0.6734	0.7563	0.7711	0.6223	0.4724	0.3342	0.2870	0.2508	0.2438	0.2715	0.2596	0.2609	0.2787	0.2895	0.2941	0.3371	0.3742	0.4082	0.6000	0.8573	0.9510	0.8616	0.8325	0.8506	0.8149	0.8240	0.8477	0.8058	0.7647	0.6645	0.6313	0.6894	0.6043	0.5257	0.5004	0.5043	0.4454	0.3996
0.0087	0.0193	0.0337	0.0418	0.0358	0.0396	0.0589	0.0736	0.0780	0.0975	0.1049	0.1291	0.1420	0.1806	0.2508	0.3432	0.4316	0.5712	0.5984	0.5940	0.5648	0.5420	0.5782	0.6524	0.6309	0.5994	0.5971	0.6816	0.6878	0.7052	0.6774	0.6548	0.5996	0.4510	0.2876	0.2165	0.2068	0.2151	0.2159	0.2212	0.2311	0.2342	0.2412	0.2545	0.2635	0.2843	0.2935	0.3302	0.3736	0.4321	0.7184	0.9574	0.8575	0.8678	0.7869	0.8371	0.8945	0.8907	0.8193	0.7952	0.5923	0.5747	0.6668	0.6158	0.5503	0.5652	0.5197	0.4592	0.4373
0.0167	0.0057	0.0374	0.0414	0.0358	0.0306	0.0561	0.0587	0.0545	0.0678	0.0805	0.0793	0.0972	0.0990	0.0975	0.1299	0.1631	0.2415	0.2952	0.3084	0.3423	0.4047	0.4692	0.5352	0.5197	0.5386	0.5361	0.5280	0.5391	0.5004	0.4118	0.3347	0.2657	0.2057	0.1919	0.1793	0.1815	0.1994	0.1980	0.1887	0.1899	0.2029	0.2083	0.2235	0.2267	0.2484	0.2563	0.2893	0.3187	0.3866	0.6289	0.9096	0.9166	0.8649	0.6707	0.6801	0.8050	0.8564	0.8408	0.8185	0.7552	0.5547	0.4345	0.4917	0.5600	0.5806	0.5294	0.4806	0.4714
0.0103	0.0107	0.0255	0.0323	0.0357	0.0508	0.0609	0.0469	0.0440	0.0483	0.0641	0.0611	0.0747	0.0816	0.0776	0.0930	0.0964	0.1104	0.1132	0.1250	0.1464	0.1624	0.1983	0.2144	0.2173	0.2242	0.2181	0.2095	0.2084	0.1830	0.1632	0.1640	0.1666	0.1630	0.1673	0.1680	0.1647	0.1648	0.1633	0.1550	0.1535	0.1677	0.1630	0.1859	0.1898	0.1903	0.1966	0.2195	0.2322	0.2746	0.3706	0.5903	0.8441	0.7610	0.4683	0.4063	0.6824	0.8442	0.8357	0.8655	0.8296	0.6430	0.3697	0.4330	0.5811	0.5998	0.5466	0.4867	0.4616
0.0053	0.0196	0.0286	0.0203	0.0348	0.0540	0.0535	0.0439	0.0455	0.0489	0.0691	0.0646	0.0595	0.0590	0.0615	0.0782	0.0847	0.0815	0.0885	0.0925	0.0833	0.0997	0.1067	0.1149	0.1022	0.1085	0.1118	0.1154	0.1193	0.1128	0.1160	0.1165	0.1138	0.1245	0.1364	0.1245	0.1238	0.1320	0.1323	0.1364	0.1351	0.1384	0.1452	0.1679	0.1664	0.1562	0.1646	0.1773	0.1798	0.2000	0.2300	0.2779	0.4470	0.4475	0.2803	0.3160	0.6144	0.6157	0.5914	0.7321	0.6401	0.4418	0.3541	0.5298	0.6092	0.5786	0.5247	0.5195	0.4924
0.0109	0.0094	0.0086	0.0187	0.0260	0.0279	0.0366	0.0442	0.0524	0.0445	0.0577	0.0496	0.0555	0.0531	0.0600	0.0756	0.0757	0.0818	0.0801	0.0773	0.0753	0.0838	0.0849	0.0828	0.0937	0.0888	0.0801	0.0996	0.0996	0.1044	0.0878	0.0820	0.0874	0.0874	0.0978	0.0953	0.0988	0.0961	0.0962	0.1011	0.1016	0.1012	0.1113	0.1164	0.1148	0.1246	0.1329	0.1415	0.1492	0.1556	0.1732	0.1840	0.2029	0.2081	0.2061	0.2386	0.2961	0.3007	0.2838	0.3643	0.3680	0.3136	0.3409	0.4686	0.6061	0.6287	0.5713	0.5588	0.4818
0.0000	0.0074	0.0190	0.0326	0.0229	0.0282	0.0331	0.0396	0.0417	0.0403	0.0467	0.0492	0.0689	0.0539	0.0571	0.0571	0.0671	0.0696	0.0611	0.0683	0.0688	0.0665	0.0723	0.0727	0.0713	0.0767	0.0736	0.0829	0.0813	0.0886	0.0798	0.0793	0.0747	0.0752	0.0752	0.0759	0.0795	0.0797	0.0816	0.0778	0.0805	0.0849	0.0844	0.0846	0.0923	0.0971	0.1014	0.1094	0.1159	0.1190	0.1316	0.1413	0.1478	0.1508	0.1545	0.1719	0.1803	0.1895	0.2045	0.2374	0.2383	0.2402	0.2643	0.3234	0.4820	0.5886	0.5534	0.5431	0.4932
0.0000	0.0053	0.0112	0.0184	0.0260	0.0298	0.0363	0.0310	0.0384	0.0346	0.0333	0.0410	0.0507	0.0463	0.0478	0.0515	0.0616	0.0547	0.0646	0.0672	0.0634	0.0675	0.0694	0.0723	0.0763	0.0812	0.0702	0.0671	0.0662	0.0647	0.0757	0.0757	0.0809	0.0711	0.0622	0.0661	0.0679	0.0668	0.0739	0.0707	0.0658	0.0731	0.0789	0.0732	0.0808	0.0786	0.0833	0.0875	0.0908	0.0931	0.1064	0.1120	0.1085	0.1079	0.1159	0.1274	0.1409	0.1380	0.1539	0.1789	0.1767	0.1794	0.1825	0.2263	0.2671	0.3227	0.3628	0.4230	0.5081
0.0000	0.0000	0.0096	0.0060	0.0251	0.0162	0.0273	0.0327	0.0336	0.0238	0.0225	0.0379	0.0429	0.0394	0.0501	0.0472	0.0478	0.0508	0.0502	0.0675	0.0642	0.0577	0.0579	0.0646	0.0633	0.0672	0.0680	0.0646	0.0617	0.0667	0.0602	0.0660	0.0662	0.0681	0.0567	0.0627	0.0634	0.0662	0.0628	0.0655	0.0698	0.0688	0.0648	0.0664	0.0622	0.0695	0.0756	0.0735	0.0794	0.0780	0.0786	0.0859	0.0825	0.0947	0.1087	0.1003	0.1084	0.1027	0.1109	0.1219	0.1365	0.1300	0.1270	0.1401	0.1617	0.1841	0.2063	0.2697	0.3873
0.0000	0.0000	0.0009	0.0095	0.0156	0.0167	0.0201	0.0349	0.0400	0.0305	0.0312	0.0317	0.0302	0.0320	0.0504	0.0444	0.0407	0.0491	0.0484	0.0547	0.0575	0.0577	0.0593	0.0567	0.0584	0.0609	0.0670	0.0636	0.0604	0.0590	0.0570	0.0605	0.0558	0.0605	0.0555	0.0609	0.0629	0.0567	0.0567	0.0598	0.0641	0.0634	0.0630	0.0610	0.0597	0.0611	0.0640	0.0685	0.0686	0.0644	0.0666	0.0720	0.0692	0.0745	0.0838	0.0809	0.0838	0.0871	0.0901	0.0996	0.1018	0.0929	0.0932	0.0978	0.1140	0.1186	0.1279	0.1431	0.1758
0.0000	0.0041	0.0000	0.0087	0.0088	0.0109	0.0120	0.0322	0.0284	0.0103	0.0129	0.0242	0.0287	0.0340	0.0384	0.0389	0.0398	0.0266	0.0385	0.0534	0.0494	0.0491	0.0533	0.0561	0.0502	0.0586	0.0549	0.0508	0.0537	0.0483	0.0482	0.0530	0.0518	0.0483	0.0455	0.0541	0.0550	0.0509	0.0505	0.0541	0.0570	0.0597	0.0577	0.0575	0.0518	0.0567	0.0631	0.0565	0.0612	0.0618	0.0573	0.0666	0.0716	0.0712	0.0689	0.0743	0.0828	0.0711	0.0791	0.0830	0.0911	0.0825	0.0804	0.0867	0.0878	0.0841	0.0994	0.1013	0.1026
0.0000	0.0000	0.0000	0.0034	0.0000	0.0000	0.0006	0.0108	0.0112	0.0022	0.0102	0.0298	0.0284	0.0299	0.0220	0.0313	0.0347	0.0256	0.0271	0.0414	0.0397	0.0450	0.0395	0.0512	0.0447	0.0648	0.0580	0.0464	0.0522	0.0517	0.0498	0.0519	0.0501	0.0527	0.0487	0.0499	0.0466	0.0527	0.0520	0.0486	0.0500	0.0510	0.0476	0.0544	0.0515	0.0525	0.0571	0.0538	0.0563	0.0596	0.0569	0.0628	0.0604	0.0593	0.0670	0.0705	0.0769	0.0684	0.0720	0.0803	0.0819	0.0794	0.0753	0.0770	0.0776	0.0786	0.0853	0.0765	0.0812
0.0000	0.0000	0.0000	0.0000	0.0011	0.0000	0.0120	0.0159	0.0140	0.0057	0.0221	0.0286	0.0331	0.0350	0.0338	0.0338	0.0365	0.0344	0.0384	0.0402	0.0436	0.0474	0.0386	0.0357	0.0417	0.0516	0.0500	0.0528	0.0531	0.0563	0.0547	0.0497	0.0462	0.0498	0.0490	0.0420	0.0451	0.0550	0.0499	0.0477	0.0526	0.0431	0.0485	0.0516	0.0491	0.0504	0.0563	0.0549	0.0478	0.0551	0.0594	0.0562	0.0584	0.0595	0.0658	0.0665	0.0691	0.0738	0.0721	0.0718	0.0677	0.0617	0.0678	0.0705	0.0645	0.0684	0.0712	0.0654	0.0615
0.0000	0.0000	0.0000	0.0020	0.0000	0.0000	0.0019	0.0172	0.0095	0.0135	0.0276	0.0231	0.0224	0.0221	0.0181	0.0212	0.0441	0.0388	0.0353	0.0375	0.0332	0.0365	0.0313	0.0368	0.0431	0.0389	0.0386	0.0401	0.0424	0.0456	0.0483	0.0385	0.0351	0.0444	0.0506	0.0453	0.0410	0.0524	0.0500	0.0419	0.0507	0.0455	0.0413	0.0420	0.0465	0.0507	0.0499	0.0573	0.0513	0.0542	0.0551	0.0543	0.0558	0.0605	0.0619	0.0620	0.0643	0.0595	0.0572	0.0637	0.0585	0.0540	0.0596	0.0702	0.0694	0.0650	0.0623	0.0613	0.0541
0.0000	0.0000	0.0000	0.0000	0.0000	0.0020	0.0000	0.0057	0.0100	0.0035	0.0026	0.0203	0.0176	0.0168	0.0196	0.0196	0.0326	0.0261	0.0287	0.0354	0.0403	0.0294	0.0223	0.0384	0.0488	0.0422	0.0361	0.0374	0.0419	0.0434	0.0395	0.0301	0.0414	0.0439	0.0416	0.0430	0.0379	0.0395	0.0442	0.0436	0.0422	0.0437	0.0454	0.0455	0.0456	0.0452	0.0443	0.0463	0.0448	0.0440	0.0459	0.0441	0.0513	0.0504	0.0547	0.0575	0.0554	0.0489	0.0458	0.0543	0.0575	0.0628	0.0577	0.0631	0.0569	0.0495	0.0566	0.0629	0.0577
0.0000	0.0000	0.0000	0.0000	0.0022	0.0000	0.0000	0.0041	0.0113	0.0000	0.0139	0.0171	0.0055	0.0012	0.0180	0.0182	0.0192	0.0193	0.0268	0.0355	0.0253	0.0272	0.0216	0.0429	0.0490	0.0377	0.0342	0.0354	0.0313	0.0357	0.0360	0.0403	0.0471	0.0370	0.0356	0.0344	0.0345	0.0351	0.0363	0.0377	0.0442	0.0430	0.0444	0.0403	0.0427	0.0386	0.0387	0.0462	0.0400	0.0354	0.0483	0.0479	0.0457	0.0482	0.0545	0.0583	0.0448	0.0563	0.0544	0.0509	0.0530	0.0513	0.0571	0.0605	0.0521	0.0549	0.0587	0.0647	0.0690
