0.0000	0.0000	0.0000	0.0000	0.0058	0.0000	0.0003	0.0062	0.0017	0.0135	0.0196	0.0127	0.0167	0.0173	0.0278	0.0257	0.0315	0.0305	0.0240	0.0416	0.0436	0.0280	0.0442	0.0537	0.0649	0.0648	0.0608	0.0649	0.0698	0.0757	0.0755	0.0643	0.0814	0.0764	0.0739	0.0754	0.0849	0.0728	0.0817	0.0817	0.0737	0.0797	0.0820	0.0904	0.0716	0.0727	0.0753	0.0909	0.0784	0.0693	0.0700	0.0783	0.0759	0.0546	0.0512	0.0581	0.0576	0.0396	0.0371	0.0415	0.0363	0.0333	0.0320	0.0273	0.0337	0.0224	0.0213	0.0238	0.0292
0.0000	0.0000	0.0011	0.0000	0.0000	0.0000	0.0089	0.0058	0.0093	0.0088	0.0167	0.0178	0.0213	0.0219	0.0297	0.0335	0.0374	0.0375	0.0480	0.0547	0.0493	0.0462	0.0575	0.0627	0.0630	0.0643	0.0602	0.0824	0.0896	0.1006	0.0964	0.0789	0.1011	0.0872	0.0893	0.1039	0.1124	0.0927	0.0983	0.0771	0.0938	0.0815	0.0868	0.1001	0.0906	0.0780	0.0973	0.0969	0.0786	0.0781	0.0822	0.0682	0.0513	0.0675	0.0658	0.0555	0.0546	0.0434	0.0445	0.0507	0.0452	0.0376	0.0447	0.0486	0.0384	0.0235	0.0250	0.0256	0.0255
0.0000	0.0000	0.0000	0.0069	0.0024	0.0000	0.0000	0.0074	0.0093	0.0057	0.0251	0.0172	0.0276	0.0228	0.0312	0.0361	0.0547	0.0449	0.0541	0.0658	0.0456	0.0568	0.0751	0.0648	0.0658	0.0781	0.0839	0.0874	0.0885	0.0897	0.0759	0.0958	0.0912	0.1039	0.1061	0.0984	0.1105	0.0919	0.0843	0.0970	0.1021	0.1064	0.1054	0.1024	0.1030	0.0925	0.0910	0.0826	0.0863	0.0762	0.0819	0.0897	0.0749	0.0866	0.0674	0.0668	0.0684	0.0596	0.0612	0.0550	0.0553	0.0494	0.0614	0.0524	0.0474	0.0430	0.0361	0.0424	0.0364
0.0000	0.0000	0.0000	0.0001	0.0267	0.0000	0.0000	0.0079	0.0298	0.0317	0.0295	0.0270	0.0254	0.0253	0.0275	0.0393	0.0578	0.0496	0.0440	0.0555	0.0483	0.0688	0.0585	0.0533	0.0616	0.0697	0.0888	0.0880	0.0822	0.0724	0.0759	0.0893	0.0963	0.1044	0.1161	0.0968	0.0990	0.0950	0.0971	0.0962	0.1039	0.1040	0.1176	0.1030	0.0909	0.0888	0.0878	0.0898	0.0711	0.0794	0.0910	0.0796	0.0747	0.0737	0.0832	0.0740	0.0597	0.0616	0.0624	0.0593	0.0581	0.0574	0.0558	0.0581	0.0538	0.0501	0.0529	0.0518	0.0512
0.0026	0.0000	0.0000	0.0000	0.0116	0.0000	0.0000	0.0205	0.0172	0.0155	0.0207	0.0354	0.0380	0.0286	0.0189	0.0334	0.0410	0.0471	0.0464	0.0474	0.0503	0.0582	0.0637	0.0682	0.0778	0.0791	0.0821	0.0757	0.0937	0.0845	0.0820	0.0926	0.1099	0.1199	0.1178	0.1005	0.1001	0.0839	0.1238	0.1030	0.0878	0.1002	0.1087	0.0939	0.1002	0.1048	0.1118	0.1078	0.0795	0.0796	0.0967	0.0838	0.0845	0.0785	0.0793	0.0741	0.0782	0.0616	0.0558	0.0674	0.0674	0.0590	0.0614	0.0732	0.0639	0.0440	0.0596	0.0606	0.0428
0.0000	0.0000	0.0000	0.0082	0.0097	0.0021	0.0064	0.0261	0.0218	0.0213	0.0313	0.0471	0.0524	0.0412	0.0304	0.0592	0.0570	0.0538	0.0573	0.0645	0.0600	0.0596	0.0722	0.0854	0.0928	0.0796	0.1007	0.0901	0.0981	0.0951	0.0830	0.0945	0.1105	0.1165	0.1305	0.1146	0.1131	0.1114	0.1061	0.1032	0.1265	0.1223	0.1138	0.1133	0.1103	0.1111	0.1138	0.1138	0.0925	0.1010	0.1130	0.0919	0.0889	0.1042	0.1024	0.0954	0.0891	0.0672	0.0810	0.0783	0.0734	0.0734	0.0768	0.0796	0.0738	0.0598	0.0651	0.0684	0.0524
0.0000	0.0000	0.0008	0.0010	0.0049	0.0089	0.0100	0.0219	0.0265	0.0373	0.0375	0.0474	0.0456	0.0417	0.0429	0.0691	0.0636	0.0581	0.0737	0.0734	0.0756	0.0748	0.0708	0.0785	0.0737	0.1001	0.1022	0.0848	0.0978	0.0965	0.1147	0.1109	0.1217	0.1174	0.1135	0.1052	0.1135	0.1365	0.1266	0.1134	0.1131	0.1368	0.1376	0.1389	0.1275	0.1255	0.1194	0.1343	0.1080	0.1140	0.1103	0.1227	0.1119	0.1077	0.0990	0.1145	0.1053	0.0890	0.0947	0.0879	0.0903	0.0853	0.0724	0.0808	0.0854	0.0800	0.0671	0.0656	0.0727
0.0091	0.0000	0.0080	0.0078	0.0005	0.0108	0.0190	0.0368	0.0364	0.0343	0.0303	0.0405	0.0476	0.0419	0.0521	0.0562	0.0637	0.0742	0.0864	0.0687	0.0746	0.0925	0.0716	0.0801	0.0946	0.1031	0.1026	0.1046	0.1193	0.1160	0.1087	0.1045	0.1276	0.1340	0.1292	0.1238	0.1300	0.1359	0.1530	0.1298	0.1207	0.1568	0.1582	0.1367	0.1276	0.1467	0.1417	0.1462	0.1411	0.1340	0.1227	0.1364	0.1010	0.1061	0.1171	0.1306	0.0975	0.0987	0.1047	0.0954	0.1024	0.0971	0.0972	0.1026	0.0908	0.0959	0.0857	0.0810	0.0900
0.0000	0.0058	0.0166	0.0158	0.0000	0.0209	0.0414	0.0361	0.0427	0.0391	0.0343	0.0507	0.0471	0.0549	0.0772	0.0661	0.0596	0.0610	0.0827	0.0737	0.0846	0.0879	0.0852	0.0914	0.1081	0.0980	0.1091	0.1019	0.1213	0.1208	0.1148	0.1257	0.1371	0.1442	0.1347	0.1452	0.1543	0.1551	0.1572	0.1728	0.1396	0.1691	0.1598	0.1434	0.1755	0.1894	0.1743	0.1742	0.1778	0.1749	0.1768	0.1539	0.1295	0.1559	0.1461	0.1506	0.1281	0.1224	0.1286	0.1235	0.1214	0.1074	0.1119	0.1108	0.0913	0.0963	0.1125	0.1173	0.1063
0.0000	0.0063	0.0064	0.0147	0.0155	0.0296	0.0431	0.0237	0.0416	0.0450	0.0491	0.0522	0.0512	0.0626	0.0752	0.0658	0.0798	0.0743	0.0750	0.0801	0.0928	0.0953	0.0916	0.0893	0.1129	0.1116	0.1185	0.1095	0.1239	0.1405	0.1359	0.1409	0.1433	0.1500	0.1535	0.1446	0.1580	0.1838	0.1906	0.1962	0.1859	0.1940	0.2050	0.1810	0.2038	0.2281	0.2223	0.2595	0.3245	0.2504	0.1801	0.1794	0.1788	0.1775	0.1649	0.1523	0.1480	0.1465	0.1423	0.1248	0.1447	0.1240	0.1258	0.1282	0.1116	0.1070	0.1146	0.1332	0.1220
0.0045	0.0000	0.0169	0.0359	0.0256	0.0384	0.0385	0.0401	0.0358	0.0456	0.0459	0.0557	0.0734	0.0716	0.0738	0.0743	0.0933	0.0980	0.0998	0.0934	0.1100	0.1098	0.1100	0.1021	0.1122	0.1239	0.1224	0.1316	0.1559	0.1496	0.1407	0.1676	0.1869	0.2065	0.2162	0.2078	0.2139	0.2167	0.2210	0.2146	0.2283	0.2590	0.3006	0.2642	0.2778	0.2769	0.2850	0.4381	0.5908	0.4593	0.2895	0.2755	0.2051	0.1870	0.1689	0.1659	0.1700	0.1590	0.1581	0.1516	0.1527	0.1215	0.1436	0.1359	0.1359	0.1192	0.1239	0.1345	0.1343
0.0000	0.0049	0.0215	0.0280	0.0286	0.0372	0.0329	0.0577	0.0488	0.0445	0.0650	0.0715	0.0823	0.0669	0.0654	0.0892	0.0855	0.0923	0.0985	0.0993	0.1041	0.1289	0.1124	0.1203	0.1470	0.1413	0.1530	0.1568	0.1795	0.1921	0.1914	0.2374	0.2723	0.2354	0.2319	0.2406	0.2476	0.2676	0.2884	0.2940	0.3119	0.3431	0.4721	0.4272	0.4421	0.5615	0.4695	0.5080	0.6686	0.6388	0.5691	0.4747	0.3136	0.2685	0.2362	0.2080	0.2152	0.1966	0.1751	0.1854	0.1776	0.1466	0.1262	0.1614	0.1533	0.1327	0.1369	0.1356	0.1528
0.0069	0.0247	0.0273	0.0270	0.0397	0.0342	0.0319	0.0527	0.0662	0.0652	0.0657	0.0742	0.0899	0.0858	0.0895	0.0792	0.0978	0.1073	0.1066	0.1153	0.1269	0.1326	0.1443	0.1424	0.1665	0.2078	0.2266	0.2419	0.2696	0.2706	0.2579	0.2940	0.3167	0.3302	0.3120	0.2977	0.3311	0.3848	0.4181	0.4875	0.5752	0.5998	0.6686	0.6872	0.7186	0.7770	0.7457	0.6586	0.7028	0.7235	0.6815	0.6166	0.5161	0.4468	0.3372	0.2396	0.2285	0.2255	0.2060	0.1895	0.1741	0.1821	0.1841	0.1994	0.1873	0.1640	0.1792	0.2299	0.2456
0.0097	0.0077	0.0295	0.0253	0.0271	0.0319	0.0394	0.0564	0.0655	0.0718	0.0648	0.0855	0.0897	0.0851	0.1136	0.1039	0.1236	0.1381	0.1270	0.1298	0.1537	0.1495	0.1828	0.1824	0.2313	0.3022	0.4702	0.6149	0.5284	0.5127	0.4669	0.5161	0.6750	0.6432	0.6048	0.5389	0.5317	0.6236	0.7073	0.7177	0.8286	0.7814	0.7937	0.7536	0.7258	0.7416	0.7014	0.7021	0.6978	0.6818	0.7224	0.6864	0.6440	0.5356	0.3759	0.2610	0.2542	0.2715	0.2557	0.2342	0.2050	0.2041	0.2302	0.2132	0.2082	0.2084	0.2842	0.3354	0.3359
0.0032	0.0253	0.0354	0.0306	0.0399	0.0422	0.0498	0.0770	0.0808	0.0797	0.0690	0.0840	0.1002	0.0938	0.1219	0.1260	0.1574	0.1604	0.1665	0.1850	0.2126	0.2314	0.2463	0.2928	0.3753	0.5102	0.7675	0.8800	0.8195	0.8857	0.8227	0.8323	1.0000	0.9476	0.8715	0.8971	0.8255	0.8111	0.8602	0.7529	0.7883	0.7606	0.7359	0.7072	0.6727	0.6724	0.6515	0.6583	0.7034	0.6819	0.6973	0.6250	0.6021	0.4444	0.3366	0.3373	0.4495	0.5076	0.3731	0.2820	0.2706	0.2691	0.2608	0.2486	0.2391	0.2640	0.3704	0.3782	0.3512
0.0109	0.0288	0.0322	0.0372	0.0540	0.0625	0.0675	0.0922	0.0905	0.0949	0.1074	0.1183	0.1307	0.1529	0.1820	0.1768	0.2103	0.2179	0.2476	0.2460	0.2844	0.3619	0.3631	0.3836	0.4872	0.7279	0.7945	0.7585	0.7816	0.7539	0.7907	0.8800	0.8632	0.9181	0.8822	0.8839	0.8851	0.8242	0.7386	0.6792	0.7288	0.6938	0.7081	0.7238	0.6481	0.6969	0.6534	0.6569	0.6591	0.6903	0.6648	0.6581	0.6392	0.4447	0.3710	0.4387	0.6049	0.5993	0.5153	0.4079	0.4115	0.4267	0.4010	0.3648	0.2846	0.3205	0.4269	0.3915	0.3645
0.0306	0.0305	0.0378	0.0625	0.0804	0.0877	0.1055	0.1208	0.1090	0.1408	0.1843	0.1820	0.2338	0.2210	0.2503	0.2666	0.3014	0.3445	0.3641	0.3356	0.4541	0.6538	0.5229	0.4648	0.5912	0.7449	0.6626	0.6327	0.5980	0.5959	0.6731	0.7797	0.8150	0.7766	0.8623	0.8180	0.8494	0.8012	0.7660	0.6632	0.6987	0.6972	0.7039	0.7111	0.6854	0.6689	0.6781	0.7028	0.6688	0.6889	0.6767	0.6877	0.6756	0.6564	0.5082	0.5237	0.6200	0.6059	0.5808	0.4801	0.4645	0.5107	0.5109	0.4777	0.3366	0.3318	0.4342	0.3847	0.3335
0.0697	0.0717	0.0775	0.1027	0.1130	0.1265	0.1689	0.2409	0.2828	0.2963	0.3553	0.3183	0.4190	0.3947	0.4084	0.4516	0.4527	0.6076	0.7740	0.5440	0.7021	0.9068	0.7769	0.6962	0.6744	0.6021	0.5749	0.5688	0.5536	0.5920	0.6517	0.6911	0.7242	0.7409	0.7712	0.7887	0.8526	0.7985	0.7687	0.7357	0.7227	0.6750	0.7055	0.7014	0.6993	0.6242	0.6841	0.6856	0.6937	0.6820	0.6674	0.6810	0.6534	0.6713	0.6335	0.6027	0.6064	0.5912	0.5943	0.5382	0.5181	0.5377	0.4973	0.4884	0.3475	0.3183	0.3907	0.3891	0.3474
0.0687	0.0764	0.1208	0.1692	0.1946	0.2373	0.3021	0.3929	0.5300	0.5521	0.5709	0.5605	0.6913	0.7113	0.7246	0.8282	0.8112	0.8900	0.9216	0.8041	0.8168	0.8165	0.7929	0.6969	0.6064	0.5402	0.5976	0.5817	0.5903	0.6447	0.6398	0.6791	0.7396	0.7446	0.7614	0.7781	0.7290	0.7751	0.7699	0.7517	0.7214	0.6821	0.7043	0.6556	0.6637	0.6754	0.6407	0.6254	0.6377	0.6891	0.7168	0.6437	0.6230	0.6146	0.6453	0.6509	0.5869	0.5542	0.5414	0.5736	0.5747	0.4942	0.4861	0.4703	0.3579	0.3527	0.3924	0.3514	0.3457
0.0805	0.1063	0.1517	0.2015	0.2549	0.3182	0.3368	0.3674	0.4665	0.4832	0.5608	0.6147	0.7383	0.7531	0.7550	0.8283	0.8469	0.8667	0.8760	0.7968	0.7494	0.7283	0.6347	0.5789	0.5467	0.5294	0.5676	0.6075	0.6221	0.6749	0.6738	0.6702	0.6784	0.7234	0.6924	0.7377	0.6980	0.7162	0.7293	0.6724	0.6661	0.6819	0.6966	0.6210	0.6709	0.6481	0.6197	0.6415	0.6427	0.6292	0.6290	0.6278	0.5997	0.5880	0.6328	0.6312	0.5881	0.5603	0.5302	0.5460	0.5394	0.4929	0.4905	0.4879	0.4215	0.4110	0.4037	0.3692	0.3540
0.1054	0.1427	0.1460	0.1641	0.1873	0.2066	0.2458	0.2762	0.3033	0.3512	0.4137	0.4968	0.6096	0.6322	0.6587	0.6967	0.7744	0.7681	0.7133	0.6349	0.6097	0.5675	0.5626	0.5402	0.5015	0.5844	0.5651	0.5921	0.6074	0.5953	0.6787	0.6787	0.6894	0.7439	0.7066	0.6992	0.6986	0.6974	0.7082	0.6903	0.6700	0.6450	0.6831	0.6680	0.6264	0.6132	0.6020	0.5886	0.5891	0.5730	0.5901	0.5939	0.5778	0.5946	0.5716	0.5699	0.5520	0.5341	0.5340	0.5067	0.4943	0.4960	0.4817	0.4708	0.4686	0.4397	0.3845	0.3695	0.3327
0.0940	0.1360	0.1586	0.1735	0.1491	0.1602	0.2439	0.2663	0.2667	0.3335	0.4017	0.4702	0.5632	0.5992	0.6004	0.6297	0.7482	0.7056	0.6676	0.5491	0.5575	0.5481	0.5704	0.5015	0.5506	0.5608	0.5680	0.5793	0.6194	0.6037	0.6093	0.6442	0.6864	0.6744	0.6804	0.6720	0.6899	0.7063	0.6702	0.6956	0.6998	0.6515	0.6644	0.7007	0.6493	0.6214	0.5999	0.5731	0.5442	0.5737	0.5855	0.5647	0.5556	0.5458	0.5167	0.5584	0.5404	0.5288	0.4860	0.4822	0.4772	0.4933	0.4773	0.4468	0.4629	0.4325	0.3722	0.3703	0.3238
0.0870	0.1224	0.1532	0.1606	0.1566	0.1745	0.2419	0.2723	0.2923	0.3402	0.4191	0.4430	0.4809	0.5123	0.5546	0.5849	0.6163	0.6059	0.5643	0.5111	0.5604	0.5544	0.5658	0.5319	0.5127	0.5290	0.5352	0.5806	0.5904	0.6250	0.6179	0.6243	0.6704	0.6703	0.6354	0.6466	0.6722	0.7029	0.6911	0.6763	0.6408	0.6176	0.6225	0.6174	0.6598	0.6185	0.5935	0.5880	0.5644	0.5458	0.5628	0.5585	0.5567	0.5385	0.5431	0.5544	0.5213	0.4840	0.4782	0.4715	0.4551	0.4729	0.4574	0.4439	0.4304	0.4229	0.3643	0.3329	0.3201
0.1275	0.1416	0.1823	0.1950	0.1921	0.2220	0.2804	0.3145	0.3073	0.3194	0.3788	0.4240	0.4574	0.4791	0.4885	0.5395	0.5478	0.5788	0.5995	0.5288	0.5594	0.5541	0.5418	0.5056	0.5423	0.5297	0.5572	0.6267	0.5982	0.6160	0.6451	0.6441	0.6253	0.6790	0.6727	0.6424	0.6485	0.6689	0.6440	0.6607	0.6471	0.6275	0.6409	0.6544	0.6464	0.6138	0.6281	0.5739	0.5318	0.5146	0.5164	0.5216	0.5294	0.5080	0.4996	0.5248	0.5063	0.4971	0.4945	0.4273	0.4314	0.4655	0.4368	0.4393	0.3738	0.3805	0.3532	0.3179	0.2939
0.1738	0.1870	0.2153	0.2212	0.2183	0.2739	0.3084	0.2849	0.3332	0.3592	0.3763	0.4037	0.4551	0.4507	0.4578	0.5036	0.5336	0.5604	0.5774	0.5462	0.5306	0.5210	0.5161	0.5609	0.5653	0.5575	0.5372	0.5821	0.6269	0.6357	0.6311	0.6649	0.6739	0.6971	0.6567	0.6533	0.6549	0.6639	0.6363	0.6513	0.6510	0.6496	0.6560	0.6252	0.6156	0.5888	0.5804	0.5435	0.5562	0.5510	0.5306	0.5150	0.5162	0.4793	0.5032	0.4995	0.4540	0.4563	0.4434	0.4473	0.4321	0.4117	0.4273	0.3683	0.3461	0.3627	0.3311	0.3357	0.3161
0.2065	0.2147	0.2353	0.2556	0.2620	0.2664	0.3175	0.3345	0.3551	0.3700	0.3937	0.3760	0.4320	0.4667	0.4546	0.5080	0.5689	0.5522	0.5121	0.5194	0.5366	0.5339	0.5341	0.5389	0.5456	0.5405	0.5524	0.5747	0.5812	0.5929	0.6427	0.6469	0.6475	0.6518	0.6418	0.6424	0.6556	0.6630	0.6671	0.6280	0.6449	0.6135	0.6064	0.6338	0.6292	0.6053	0.6038	0.5812	0.5766	0.5578	0.5524	0.5230	0.5003	0.4847	0.5051	0.5005	0.4667	0.4768	0.4599	0.4293	0.4271	0.3980	0.3796	0.3498	0.3425	0.3384	0.3161	0.3153	0.3000
0.2004	0.2371	0.2600	0.2947	0.2759	0.2914	0.3133	0.3335	0.3334	0.3431	0.3938	0.3995	0.4506	0.4817	0.5253	0.5327	0.5128	0.4830	0.5402	0.5506	0.5152	0.5307	0.5304	0.5465	0.5292	0.5656	0.5621	0.5899	0.5851	0.5968	0.6096	0.6474	0.6505	0.6038	0.5873	0.6063	0.6172	0.6237	0.6463	0.6310	0.6352	0.6006	0.5904	0.5907	0.5956	0.5662	0.5382	0.5501	0.5448	0.5327	0.5542	0.5473	0.5001	0.4972	0.4824	0.4659	0.4565	0.4450	0.4628	0.4652	0.4064	0.3828	0.3961	0.3609	0.3518	0.3233	0.3049	0.3076	0.2919
0.2299	0.2469	0.2547	0.2980	0.3056	0.3136	0.3302	0.3042	0.3383	0.3910	0.3714	0.3913	0.4462	0.4900	0.5167	0.5144	0.5205	0.5167	0.5385	0.5625	0.5152	0.5449	0.5411	0.5616	0.5750	0.5873	0.5466	0.5600	0.5898	0.6058	0.6071	0.6342	0.6392	0.5985	0.5850	0.6030	0.6064	0.6175	0.6266	0.5931	0.6092	0.6152	0.5757	0.5615	0.5825	0.5523	0.5568	0.5521	0.5468	0.5433	0.5652	0.5641	0.5532	0.5196	0.4770	0.4611	0.4645	0.4298	0.4330	0.4726	0.4218	0.4131	0.3969	0.3553	0.3589	0.3289	0.3125	0.3053	0.2927
0.2401	0.2498	0.2743	0.2826	0.2944	0.3235	0.3323	0.3268	0.3450	0.3730	0.4007	0.4142	0.4276	0.4736	0.5115	0.4974	0.5503	0.5469	0.5737	0.5560	0.5454	0.5139	0.5443	0.5521	0.5584	0.5597	0.5859	0.6176	0.6103	0.6109	0.6595	0.6439	0.6502	0.6376	0.5901	0.6098	0.6176	0.6500	0.6149	0.6158	0.6270	0.6137	0.5826	0.5777	0.5604	0.5453	0.5822	0.5520	0.5403	0.5384	0.5283	0.5037	0.5188	0.5121	0.4969	0.4632	0.4537	0.4679	0.4283	0.4048	0.4149	0.4198	0.3944	0.3603	0.3717	0.3487	0.3326	0.3006	0.2908
0.2471	0.2455	0.2821	0.2812	0.2892	0.3134	0.3317	0.3273	0.3362	0.3350	0.3750	0.4464	0.4713	0.4627	0.4937	0.5165	0.5834	0.6076	0.5805	0.5738	0.5464	0.5072	0.5263	0.5609	0.5518	0.5433	0.5540	0.6081	0.5967	0.6511	0.6745	0.6293	0.6321	0.6423	0.6080	0.6213	0.6392	0.6561	0.6283	0.6423	0.6320	0.6361	0.5808	0.6070	0.5895	0.5523	0.5742	0.5721	0.5220	0.5394	0.5222	0.5009	0.5187	0.4982	0.4946	0.4690	0.4428	0.4333	0.4089	0.4047	0.4096	0.3939	0.3726	0.3733	0.3614	0.3459	0.3205	0.3193	0.3154
0.2219	0.2417	0.2826	0.2800	0.2762	0.3033	0.3651	0.3547	0.3602	0.3749	0.3727	0.4151	0.4474	0.4475	0.4755	0.5033	0.5682	0.5655	0.5514	0.5373	0.5293	0.5427	0.5274	0.5614	0.5555	0.5338	0.5076	0.5525	0.5685	0.5998	0.6393	0.6249	0.6372	0.6626	0.7150	0.6754	0.6372	0.6147	0.6260	0.6541	0.5819	0.6428	0.6016	0.5913	0.5823	0.5730	0.5745	0.5781	0.5310	0.5648	0.5548	0.5314	0.5501	0.4986	0.4559	0.4518	0.4432	0.4394	0.4135	0.4382	0.4195	0.3984	0.3940	0.3583	0.3665	0.3541	0.3204	0.3394	0.3121
0.2346	0.2360	0.2649	0.2859	0.2929	0.3153	0.3274	0.3659	0.3707	0.3929	0.3907	0.3965	0.4036	0.4370	0.4940	0.4927	0.5415	0.5034	0.5145	0.5312	0.5563	0.5731	0.5385	0.5647	0.5508	0.5613	0.5286	0.5837	0.6169	0.6027	0.5916	0.6572	0.6851	0.6439	0.7015	0.6697	0.6700	0.6520	0.6429	0.6393	0.5962	0.6203	0.6545	0.5983	0.6047	0.5907	0.5890	0.6059	0.5376	0.5433	0.5712	0.5162	0.5129	0.5175	0.4940	0.4800	0.4776	0.4539	0.4237	0.4222	0.4384	0.4158	0.4384	0.4028	0.3692	0.3491	0.3630	0.3452	0.3125
0.2433	0.2498	0.2462	0.2597	0.3104	0.3314	0.3360	0.3609	0.3725	0.3817	0.3799	0.4055	0.4108	0.4537	0.4614	0.4737	0.5209	0.4975	0.5215	0.5112	0.5486	0.5428	0.5477	0.5681	0.5581	0.5556	0.5707	0.5916	0.6359	0.6089	0.6331	0.6849	0.6525	0.6730	0.6991	0.6931	0.6847	0.6354	0.6439	0.6326	0.6402	0.6391	0.6609	0.6452	0.6093	0.5846	0.6148	0.6064	0.5780	0.5557	0.5474	0.5439	0.5403	0.5104	0.5189	0.4872	0.4589	0.4559	0.4310	0.4414	0.4550	0.4499	0.4479	0.4269	0.4002	0.3731	0.3815	0.3668	0.3553
0.2124	0.2529	0.2742	0.2926	0.2973	0.2921	0.3427	0.3673	0.3567	0.3843	0.3971	0.4004	0.4403	0.4741	0.4510	0.5013	0.5107	0.4979	0.4955	0.5315	0.5771	0.5269	0.5280	0.5201	0.5231	0.5534	0.5750	0.5892	0.6149	0.6128	0.6624	0.6636	0.6678	0.7190	0.6957	0.6906	0.6425	0.6511	0.6698	0.6536	0.6569	0.6612	0.6693	0.6520	0.6077	0.5987	0.6365	0.5930	0.5829	0.5794	0.5645	0.5381	0.5104	0.4908	0.5047	0.4997	0.4898	0.4814	0.4663	0.4682	0.4747	0.4664	0.4473	0.4665	0.4359	0.4585	0.4523	0.4219	0.4146
0.1949	0.2419	0.2641	0.2808	0.2815	0.2901	0.3121	0.3489	0.3818	0.3877	0.4168	0.4473	0.4723	0.5094	0.5182	0.5309	0.5154	0.5293	0.5243	0.5493	0.5761	0.5307	0.5165	0.5460	0.5348	0.5575	0.5804	0.5843	0.5705	0.6141	0.6457	0.6465	0.6558	0.6768	0.7059	0.6986	0.6476	0.6540	0.6955	0.6427	0.6719	0.6630	0.6532	0.6344	0.6377	0.6298	0.5892	0.5789	0.5624	0.6110	0.5540	0.5396	0.5288	0.5359	0.5240	0.5140	0.5087	0.4800	0.4961	0.4991	0.4909	0.4715	0.4869	0.4701	0.5181	0.5229	0.5077	0.4730	0.4310
0.1955	0.2237	0.2368	0.2606	0.2961	0.3305	0.3455	0.3556	0.3594	0.4273	0.4846	0.5331	0.5684	0.6356	0.6059	0.5999	0.6016	0.6254	0.5792	0.5590	0.5425	0.5305	0.5264	0.5078	0.5562	0.5350	0.5508	0.5740	0.6115	0.6042	0.6425	0.6141	0.6774	0.7120	0.7180	0.6721	0.6693	0.6748	0.6490	0.6242	0.6559	0.6522	0.6566	0.6333	0.6438	0.6235	0.6427	0.6397	0.6162	0.6087	0.5847	0.5616	0.5434	0.5295	0.5422	0.5283	0.5107	0.4968	0.5146	0.5176	0.5432	0.5216	0.5175	0.5435	0.5097	0.4024	0.5147	0.5095	0.4678
0.1831	0.2174	0.2706	0.2669	0.3016	0.3667	0.3485	0.3669	0.4036	0.4802	0.5307	0.5827	0.6289	0.6867	0.6466	0.7099	0.6819	0.6743	0.6504	0.6218	0.5950	0.5787	0.5451	0.5624	0.5558	0.5683	0.5412	0.5858	0.6278	0.6145	0.6260	0.6560	0.6781	0.6947	0.6775	0.6492	0.6418	0.6576	0.6344	0.6150	0.6226	0.6692	0.6327	0.6450	0.6559	0.6100	0.6529	0.6158	0.6302	0.6031	0.5814	0.5544	0.5512	0.5236	0.5236	0.5318	0.5157	0.5301	0.5401	0.5327	0.5301	0.5421	0.5597	0.5547	0.4173	0.2861	0.3972	0.4684	0.4917
0.1970	0.2779	0.3113	0.2947	0.3150	0.3734	0.3750	0.4287	0.4702	0.4980	0.5417	0.6289	0.6752	0.7028	0.7305	0.7257	0.7216	0.7895	0.7604	0.7229	0.6742	0.6560	0.5871	0.5951	0.5476	0.5673	0.5750	0.5866	0.6310	0.5954	0.6385	0.6516	0.6479	0.7011	0.6769	0.6540	0.6517	0.6581	0.6557	0.6608	0.6609	0.6265	0.6336	0.6437	0.6671	0.6312	0.6470	0.6270	0.5940	0.5888	0.5950	0.5719	0.5306	0.5503	0.5428	0.5392	0.5516	0.5568	0.5763	0.5482	0.5714	0.5485	0.5370	0.4563	0.3010	0.2412	0.2625	0.2981	0.3218
0.2485	0.3446	0.4027	0.4583	0.4933	0.5029	0.4931	0.5057	0.5288	0.5848	0.6345	0.6806	0.7014	0.7631	0.7968	0.8103	0.8321	0.8166	0.8084	0.7363	0.7211	0.7332	0.6881	0.6160	0.5917	0.5415	0.5552	0.5809	0.6071	0.6127	0.6339	0.6554	0.6546	0.6787	0.7049	0.6837	0.6873	0.7032	0.6861	0.6535	0.6887	0.6693	0.6967	0.6938	0.6344	0.6437	0.6430	0.6167	0.5897	0.6068	0.6010	0.5914	0.5841	0.5613	0.5670	0.5568	0.5614	0.5934	0.5756	0.6002	0.5688	0.4005	0.3378	0.2878	0.2366	0.2373	0.2188	0.2365	0.2524
0.1686	0.2698	0.3935	0.5251	0.5985	0.6468	0.6757	0.6788	0.6702	0.7131	0.7035	0.7558	0.7528	0.7961	0.7990	0.8488	0.8223	0.8418	0.8562	0.8559	0.8435	0.8396	0.7865	0.7215	0.6462	0.5850	0.5507	0.5471	0.5836	0.6240	0.6206	0.6481	0.6570	0.6730	0.6656	0.6773	0.6882	0.6607	0.6877	0.6656	0.6481	0.6812	0.7317	0.7081	0.7009	0.6880	0.6625	0.6316	0.6273	0.6401	0.6093	0.5900	0.6455	0.6217	0.6116	0.5916	0.5793	0.6059	0.6237	0.6036	0.4298	0.2663	0.2212	0.2369	0.2403	0.2396	0.2304	0.2375	0.2392
0.0712	0.1086	0.1755	0.2230	0.2417	0.3452	0.4217	0.4143	0.3713	0.4333	0.5319	0.5323	0.5614	0.5849	0.5248	0.5260	0.5236	0.5495	0.5713	0.6000	0.7075	0.7280	0.7341	0.8387	0.7571	0.7056	0.6646	0.6190	0.6483	0.6216	0.6289	0.6631	0.6178	0.6403	0.6616	0.6594	0.6611	0.6873	0.6701	0.6573	0.7070	0.6799	0.7177	0.6770	0.6960	0.6811	0.6659	0.6675	0.6520	0.6457	0.6078	0.6102	0.6133	0.6208	0.6582	0.6642	0.6566	0.6376	0.5323	0.3859	0.2632	0.2379	0.2321	0.2343	0.2390	0.2351	0.2416	0.2457	0.2572
0.0429	0.0489	0.0684	0.0895	0.0898	0.1101	0.1292	0.1294	0.1611	0.1629	0.2210	0.2170	0.2395	0.2300	0.2250	0.2490	0.2462	0.2462	0.2755	0.2979	0.3786	0.3970	0.5076	0.8386	0.8826	0.8163	0.7864	0.7627	0.7590	0.7030	0.6998	0.6975	0.6947	0.6863	0.7091	0.7200	0.6526	0.7209	0.6858	0.6870	0.6941	0.6548	0.6808	0.6574	0.6971	0.6746	0.6848	0.6610	0.6461	0.6602	0.6620	0.6398	0.6553	0.6477	0.6786	0.6962	0.6835	0.4836	0.3007	0.2448	0.2349	0.2317	0.2343	0.2190	0.2424	0.2375	0.2483	0.2348	0.2640
0.0227	0.0308	0.0408	0.0457	0.0603	0.0800	0.0744	0.0873	0.0866	0.1131	0.1149	0.1188	0.1510	0.1414	0.1517	0.1758	0.1910	0.2043	0.2208	0.2261	0.2472	0.2917	0.3264	0.5112	0.7644	0.9356	0.9011	0.8877	0.9083	0.8808	0.8593	0.8533	0.8418	0.8036	0.7434	0.6998	0.7141	0.7065	0.6760	0.6927	0.7278	0.6717	0.6593	0.6630	0.6946	0.6759	0.6919	0.6926	0.6297	0.6677	0.6439	0.6391	0.6341	0.6472	0.6549	0.5902	0.4568	0.2923	0.2324	0.2425	0.2326	0.2258	0.2275	0.2167	0.2124	0.2244	0.2403	0.2235	0.2601
0.0111	0.0392	0.0464	0.0440	0.0518	0.0606	0.0760	0.0803	0.0743	0.0865	0.0856	0.0941	0.1018	0.1066	0.1123	0.1226	0.1606	0.1702	0.1708	0.1830	0.1952	0.2032	0.2350	0.2997	0.3916	0.6505	0.8902	0.9345	0.9271	0.8627	0.8822	0.9594	0.8932	0.8373	0.8050	0.7525	0.7426	0.7257	0.7418	0.6856	0.6822	0.7041	0.6936	0.6680	0.6915	0.6943	0.6880	0.6941	0.6927	0.6782	0.6536	0.6367	0.6063	0.6054	0.5115	0.3303	0.2642	0.2431	0.2240	0.2325	0.2151	0.2153	0.2151	0.2028	0.1983	0.2155	0.2227	0.2136	0.2276
0.0084	0.0310	0.0342	0.0255	0.0483	0.0478	0.0537	0.0542	0.0614	0.0664	0.0700	0.0704	0.0828	0.0956	0.0893	0.0972	0.1119	0.1093	0.1214	0.1233	0.1421	0.1492	0.1557	0.1976	0.2317	0.3006	0.5038	0.5923	0.6219	0.5397	0.5979	0.9165	0.9758	0.9196	0.9007	0.8494	0.8006	0.7959	0.7378	0.7154	0.7005	0.7040	0.7456	0.7158	0.7102	0.7146	0.7163	0.7335	0.7300	0.7245	0.7101	0.6473	0.6592	0.4845	0.2836	0.2195	0.1994	0.2029	0.2054	0.2112	0.1968	0.1939	0.1936	0.1835	0.1839	0.2006	0.2023	0.2001	0.1983
0.0149	0.0085	0.0269	0.0398	0.0404	0.0478	0.0531	0.0481	0.0594	0.0638	0.0588	0.0640	0.0728	0.0634	0.0729	0.0872	0.0949	0.0999	0.0932	0.0886	0.0989	0.1110	0.1084	0.1234	0.1406	0.1566	0.1899	0.2201	0.2647	0.2757	0.3302	0.5917	0.8061	0.8160	0.8684	0.8200	0.7793	0.8149	0.7846	0.7308	0.7054	0.7298	0.7499	0.7477	0.7213	0.6851	0.6790	0.6098	0.5048	0.4269	0.4461	0.5275	0.4866	0.2877	0.1851	0.1715	0.1694	0.1812	0.1831	0.1885	0.1965	0.2011	0.1865	0.1844	0.1769	0.1775	0.1884	0.1842	0.1850
0.0081	0.0024	0.0253	0.0407	0.0274	0.0451	0.0523	0.0520	0.0440	0.0488	0.0615	0.0575	0.0559	0.0564	0.0621	0.0795	0.0802	0.0856	0.0928	0.0905	0.0905	0.0961	0.0941	0.1052	0.0987	0.1174	0.1320	0.1421	0.1470	0.1458	0.1672	0.2032	0.2665	0.3267	0.4149	0.3886	0.3911	0.5516	0.6468	0.6185	0.5443	0.5623	0.6635	0.7240	0.7055	0.5811	0.3972	0.2535	0.1868	0.1692	0.1890	0.2114	0.2016	0.1662	0.1505	0.1537	0.1572	0.1587	0.1579	0.1668	0.1622	0.1747	0.1738	0.1697	0.1718	0.1665	0.1675	0.1738	0.1862
0.0000	0.0036	0.0145	0.0297	0.0358	0.0359	0.0375	0.0464	0.0447	0.0322	0.0444	0.0518	0.0641	0.0647	0.0621	0.0751	0.0776	0.0742	0.0738	0.0824	0.0779	0.0825	0.0871	0.0858	0.0886	0.1002	0.1008	0.1242	0.1097	0.1214	0.1205	0.1201	0.1321	0.1277	0.1449	0.1557	0.1662	0.1809	0.2565	0.2556	0.1978	0.2046	0.2694	0.3179	0.3086	0.2433	0.1664	0.1410	0.1333	0.1393	0.1372	0.1334	0.1353	0.1346	0.1365	0.1388	0.1491	0.1310	0.1347	0.1466	0.1480	0.1448	0.1519	0.1477	0.1461	0.1535	0.1517	0.1725	0.1640
0.0000	0.0096	0.0135	0.0353	0.0335	0.0230	0.0282	0.0374	0.0347	0.0403	0.0459	0.0480	0.0550	0.0506	0.0493	0.0818	0.0780	0.0666	0.0713	0.0657	0.0669	0.0667	0.0727	0.0695	0.0744	0.0853	0.0861	0.0920	0.0910	0.0982	0.0915	0.1072	0.1089	0.0946	0.1106	0.1131	0.1163	0.1062	0.1150	0.1161	0.1138	0.1157	0.1211	0.1194	0.1238	0.1179	0.1143	0.1133	0.1123	0.1053	0.1096	0.1061	0.1050	0.0955	0.1075	0.1086	0.1100	0.1129	0.1161	0.1230	0.1164	0.1138	0.1170	0.1068	0.1059	0.1171	0.1153	0.1277	0.1424
0.0000	0.0000	0.0098	0.0172	0.0155	0.0163	0.0207	0.0359	0.0361	0.0384	0.0463	0.0493	0.0383	0.0423	0.0505	0.0629	0.0588	0.0628	0.0643	0.0604	0.0712	0.0707	0.0678	0.0652	0.0751	0.0838	0.0829	0.0836	0.0804	0.0863	0.0875	0.0927	0.0968	0.0903	0.0898	0.0858	0.0902	0.0946	0.0935	0.0933	0.0965	0.1002	0.0966	0.1035	0.1111	0.1096	0.0902	0.0817	0.0920	0.0892	0.0829	0.0840	0.0907	0.0826	0.0822	0.0949	0.0959	0.0855	0.0963	0.1050	0.0964	0.0841	0.0846	0.0860	0.0843	0.0809	0.0914	0.0985	0.0993
0.0000	0.0000	0.0000	0.0045	0.0074	0.0091	0.0180	0.0371	0.0377	0.0337	0.0305	0.0459	0.0476	0.0424	0.0464	0.0466	0.0565	0.0629	0.0544	0.0556	0.0690	0.0653	0.0595	0.0643	0.0739	0.0861	0.0840	0.0901	0.0766	0.0738	0.0709	0.0759	0.0816	0.0827	0.0809	0.0800	0.0852	0.0898	0.0801	0.0829	0.0884	0.0845	0.0834	0.0961	0.0840	0.0859	0.0826	0.0725	0.0783	0.0763	0.0691	0.0724	0.0697	0.0726	0.0754	0.0788	0.0733	0.0638	0.0707	0.0780	0.0785	0.0677	0.0697	0.0718	0.0711	0.0733	0.0752	0.0708	0.0722
0.0000	0.0000	0.0104	0.0159	0.0131	0.0234	0.0138	0.0267	0.0341	0.0355	0.0320	0.0418	0.0478	0.0378	0.0380	0.0392	0.0558	0.0563	0.0539	0.0560	0.0560	0.0634	0.0606	0.0610	0.0657	0.0633	0.0639	0.0731	0.0626	0.0663	0.0653	0.0655	0.0647	0.0729	0.0739	0.0806	0.0768	0.0742	0.0752	0.0778	0.0733	0.0707	0.0775	0.0733	0.0697	0.0761	0.0670	0.0677	0.0677	0.0641	0.0593	0.0597	0.0578	0.0643	0.0647	0.0567	0.0597	0.0586	0.0582	0.0606	0.0675	0.0568	0.0597	0.0666	0.0631	0.0517	0.0514	0.0576	0.0481
0.0000	0.0000	0.0054	0.0102	0.0069	0.0093	0.0153	0.0186	0.0169	0.0284	0.0279	0.0206	0.0269	0.0319	0.0366	0.0343	0.0386	0.0428	0.0425	0.0414	0.0478	0.0528	0.0553	0.0610	0.0581	0.0587	0.0557	0.0621	0.0602	0.0622	0.0625	0.0671	0.0713	0.0653	0.0628	0.0629	0.0665	0.0658	0.0668	0.0658	0.0664	0.0636	0.0667	0.0641	0.0681	0.0654	0.0593	0.0549	0.0587	0.0563	0.0559	0.0580	0.0636	0.0546	0.0549	0.0594	0.0590	0.0529	0.0492	0.0473	0.0552	0.0465	0.0390	0.0467	0.0443	0.0391	0.0409	0.0457	0.0365
0.0000	0.0000	0.0000	0.0018	0.0000	0.0000	0.0076	0.0162	0.0087	0.0068	0.0103	0.0341	0.0251	0.0272	0.0237	0.0345	0.0492	0.0291	0.0299	0.0355	0.0376	0.0373	0.0404	0.0524	0.0486	0.0533	0.0594	0.0567	0.0544	0.0586	0.0566	0.0593	0.0594	0.0613	0.0667	0.0624	0.0552	0.0580	0.0619	0.0596	0.0575	0.0564	0.0657	0.0630	0.0616	0.0578	0.0573	0.0538	0.0484	0.0511	0.0540	0.0535	0.0530	0.0427	0.0463	0.0502	0.0473	0.0399	0.0472	0.0510	0.0462	0.0400	0.0458	0.0425	0.0429	0.0378	0.0363	0.0411	0.0363
0.0000	0.0000	0.0000	0.0020	0.0000	0.0000	0.0125	0.0165	0.0112	0.0026	0.0150	0.0307	0.0306	0.0281	0.0277	0.0252	0.0426	0.0290	0.0353	0.0358	0.0338	0.0391	0.0503	0.0393	0.0414	0.0486	0.0569	0.0479	0.0527	0.0538	0.0490	0.0507	0.0560	0.0631	0.0617	0.0548	0.0613	0.0596	0.0633	0.0530	0.0633	0.0605	0.0579	0.0575	0.0516	0.0554	0.0540	0.0513	0.0524	0.0546	0.0522	0.0511	0.0510	0.0467	0.0414	0.0484	0.0460	0.0365	0.0449	0.0432	0.0460	0.0331	0.0362	0.0348	0.0343	0.0338	0.0310	0.0353	0.0283
0.0000	0.0000	0.0000	0.0000	0.0040	0.0000	0.0137	0.0147	0.0194	0.0117	0.0080	0.0114	0.0241	0.0262	0.0227	0.0258	0.0274	0.0259	0.0295	0.0369	0.0366	0.0375	0.0450	0.0459	0.0466	0.0507	0.0451	0.0482	0.0528	0.0525	0.0478	0.0510	0.0547	0.0492	0.0540	0.0501	0.0563	0.0572	0.0579	0.0534	0.0556	0.0562	0.0573	0.0544	0.0475	0.0579	0.0548	0.0509	0.0484	0.0506	0.0519	0.0473	0.0459	0.0467	0.0463	0.0418	0.0449	0.0339	0.0274	0.0313	0.0383	0.0339	0.0335	0.0355	0.0288	0.0285	0.0244	0.0236	0.0207
0.0000	0.0000	0.0000	0.0000	0.0000	0.0004	0.0000	0.0045	0.0062	0.0000	0.0044	0.0085	0.0156	0.0138	0.0133	0.0293	0.0244	0.0234	0.0193	0.0293	0.0331	0.0314	0.0329	0.0376	0.0498	0.0421	0.0418	0.0511	0.0462	0.0496	0.0468	0.0469	0.0556	0.0510	0.0568	0.0558	0.0492	0.0466	0.0517	0.0462	0.0431	0.0567	0.0579	0.0457	0.0555	0.0559	0.0519	0.0513	0.0435	0.0453	0.0412	0.0431	0.0411	0.0415	0.0465	0.0432	0.0417	0.0325	0.0228	0.0257	0.0221	0.0229	0.0246	0.0331	0.0257	0.0242	0.0142	0.0230	0.0231
0.0000	0.0000	0.0000	0.0040	0.0000	0.0000	0.0005	0.0091	0.0071	0.0000	0.0081	0.0020	0.0117	0.0000	0.0203	0.0205	0.0259	0.0159	0.0237	0.0179	0.0279	0.0346	0.0201	0.0266	0.0371	0.0361	0.0344	0.0373	0.0404	0.0515	0.0602	0.0424	0.0530	0.0540	0.0549	0.0498	0.0513	0.0586	0.0534	0.0504	0.0499	0.0593	0.0547	0.0584	0.0466	0.0459	0.0534	0.0486	0.0388	0.0441	0.0441	0.0391	0.0392	0.0360	0.0450	0.0487	0.0297	0.0291	0.0264	0.0250	0.0260	0.0271	0.0312	0.0324	0.0386	0.0281	0.0134	0.0243	0.0239
