0.0000	0.0000	0.0004	0.0038	0.0000	0.0000	0.0000	0.0178	0.0119	0.0113	0.0201	0.0198	0.0277	0.0070	0.0131	0.0278	0.0360	0.0304	0.0222	0.0358	0.0374	0.0347	0.0412	0.0387	0.0485	0.0605	0.0498	0.0527	0.0661	0.0789	0.0654	0.0788	0.0880	0.0969	0.0830	0.0731	0.0956	0.0803	0.1077	0.1014	0.0739	0.1005	0.1131	0.1098	0.1004	0.1188	0.0977	0.1053	0.0981	0.0978	0.1064	0.0863	0.0740	0.0963	0.0937	0.0860	0.0855	0.0865	0.0685	0.0620	0.0602	0.0533	0.0526	0.0540	0.0504	0.0385	0.0297	0.0301	0.0350
0.0000	0.0000	0.0000	0.0022	0.0071	0.0081	0.0194	0.0069	0.0119	0.0090	0.0085	0.0202	0.0323	0.0162	0.0140	0.0346	0.0324	0.0356	0.0352	0.0340	0.0397	0.0473	0.0538	0.0545	0.0499	0.0615	0.0589	0.0766	0.0832	0.0713	0.0693	0.0959	0.0987	0.0902	0.0798	0.0790	0.1001	0.1023	0.1023	0.1076	0.1019	0.1006	0.1010	0.1140	0.1122	0.1050	0.1057	0.1097	0.1144	0.1135	0.1118	0.1035	0.0791	0.1051	0.1025	0.0875	0.0768	0.0865	0.0779	0.0867	0.0664	0.0498	0.0455	0.0519	0.0488	0.0397	0.0323	0.0302	0.0345
0.0000	0.0000	0.0000	0.0027	0.0031	0.0080	0.0223	0.0129	0.0179	0.0093	0.0143	0.0150	0.0288	0.0345	0.0233	0.0391	0.0366	0.0511	0.0594	0.0497	0.0439	0.0561	0.0514	0.0561	0.0574	0.0667	0.0761	0.0631	0.0794	0.0801	0.0764	0.0814	0.0962	0.0987	0.0961	0.0908	0.0980	0.1253	0.1133	0.1059	0.1167	0.1147	0.1173	0.1257	0.1170	0.1157	0.1198	0.1189	0.1295	0.1092	0.1080	0.1202	0.1146	0.1091	0.1089	0.0921	0.0917	0.0768	0.0911	0.0849	0.0726	0.0662	0.0611	0.0545	0.0519	0.0542	0.0549	0.0452	0.0538
0.0014	0.0000	0.0000	0.0063	0.0000	0.0000	0.0074	0.0120	0.0168	0.0164	0.0118	0.0259	0.0417	0.0286	0.0379	0.0395	0.0335	0.0475	0.0429	0.0534	0.0645	0.0530	0.0484	0.0527	0.0720	0.0655	0.0726	0.0641	0.0694	0.0694	0.0825	0.0816	0.0973	0.0939	0.0973	0.1058	0.1156	0.1056	0.1198	0.1380	0.1315	0.1157	0.1136	0.1327	0.1180	0.1278	0.1312	0.1083	0.1055	0.1156	0.1367	0.1078	0.1052	0.1090	0.1158	0.0960	0.0860	0.0844	0.0880	0.0843	0.0974	0.0791	0.0725	0.0771	0.0651	0.0641	0.0712	0.0615	0.0640
0.0000	0.0000	0.0040	0.0028	0.0018	0.0000	0.0015	0.0041	0.0121	0.0111	0.0097	0.0224	0.0367	0.0389	0.0271	0.0389	0.0373	0.0351	0.0459	0.0721	0.0605	0.0473	0.0550	0.0581	0.0715	0.0742	0.0654	0.0688	0.0701	0.0767	0.0967	0.0998	0.1162	0.1129	0.1157	0.1123	0.1066	0.1111	0.1221	0.1308	0.1429	0.1182	0.1511	0.1415	0.1427	0.1502	0.1395	0.1226	0.1287	0.1361	0.1384	0.1365	0.1365	0.1285	0.1124	0.1234	0.1044	0.0870	0.0871	0.1033	0.1026	0.0821	0.0822	0.0790	0.0862	0.0542	0.0750	0.0783	0.0612
0.0000	0.0000	0.0016	0.0000	0.0105	0.0072	0.0110	0.0197	0.0218	0.0352	0.0229	0.0324	0.0399	0.0416	0.0419	0.0412	0.0429	0.0531	0.0439	0.0644	0.0610	0.0521	0.0574	0.0630	0.0818	0.0790	0.0745	0.0715	0.0776	0.0982	0.0989	0.0984	0.1150	0.1134	0.1175	0.1332	0.1205	0.1245	0.1322	0.1336	0.1406	0.1401	0.1552	0.1488	0.1472	0.1568	0.1514	0.1418	0.1529	0.1548	0.1401	0.1447	0.1428	0.1481	0.1425	0.1593	0.1265	0.1167	0.1311	0.1375	0.1249	0.1213	0.1077	0.1105	0.0958	0.0699	0.0714	0.0813	0.0749
0.0000	0.0000	0.0057	0.0084	0.0092	0.0163	0.0175	0.0259	0.0167	0.0257	0.0346	0.0499	0.0459	0.0382	0.0444	0.0604	0.0703	0.0583	0.0545	0.0557	0.0686	0.0742	0.0604	0.0657	0.0739	0.0810	0.0853	0.0848	0.0950	0.1118	0.1104	0.1104	0.1173	0.1216	0.1264	0.1193	0.1165	0.1189	0.1470	0.1332	0.1270	0.1649	0.1824	0.1656	0.1769	0.1739	0.1689	0.1896	0.1629	0.1644	0.1694	0.1796	0.1826	0.1885	0.1841	0.1907	0.1571	0.1509	0.1518	0.1749	0.1657	0.1401	0.1098	0.1307	0.1183	0.1021	0.1025	0.0925	0.0977
0.0000	0.0008	0.0002	0.0104	0.0035	0.0098	0.0203	0.0367	0.0282	0.0339	0.0331	0.0342	0.0498	0.0507	0.0525	0.0570	0.0551	0.0713	0.0683	0.0617	0.0775	0.0784	0.0748	0.0686	0.0834	0.0809	0.0820	0.0794	0.0976	0.1041	0.1209	0.1180	0.1317	0.1444	0.1629	0.1333	0.1444	0.1411	0.1453	0.1450	0.1637	0.1762	0.2121	0.2419	0.2327	0.1948	0.2046	0.2241	0.1957	0.1945	0.1873	0.1984	0.1998	0.1990	0.2109	0.2020	0.1741	0.2009	0.2462	0.2595	0.2850	0.1854	0.1366	0.1426	0.1302	0.1275	0.1203	0.1132	0.1311
0.0092	0.0072	0.0060	0.0169	0.0176	0.0214	0.0333	0.0325	0.0444	0.0416	0.0403	0.0282	0.0527	0.0668	0.0508	0.0589	0.0563	0.0561	0.0635	0.0627	0.0827	0.0912	0.0791	0.0762	0.0993	0.0874	0.0887	0.0854	0.1139	0.1050	0.1065	0.1245	0.1484	0.1491	0.1579	0.1460	0.1484	0.1684	0.1647	0.1834	0.1910	0.2195	0.4046	0.5484	0.4444	0.2660	0.2459	0.2287	0.2305	0.2442	0.2457	0.2319	0.2573	0.3267	0.3986	0.3241	0.2307	0.2747	0.3818	0.3879	0.3593	0.2515	0.1837	0.1782	0.1902	0.1747	0.1519	0.1456	0.1413
0.0000	0.0062	0.0201	0.0176	0.0129	0.0193	0.0449	0.0379	0.0444	0.0375	0.0539	0.0446	0.0506	0.0542	0.0566	0.0611	0.0647	0.0652	0.0723	0.0889	0.0860	0.0829	0.0755	0.0818	0.1063	0.1038	0.0971	0.0981	0.1100	0.1195	0.1191	0.1345	0.1458	0.1640	0.1682	0.1846	0.1697	0.1953	0.2073	0.2532	0.2616	0.3098	0.4809	0.7222	0.7221	0.5817	0.3656	0.2992	0.3137	0.3561	0.3593	0.3276	0.3539	0.4787	0.5415	0.4630	0.3407	0.3797	0.4958	0.4438	0.4089	0.3758	0.3519	0.3192	0.2715	0.2324	0.1577	0.1650	0.1669
0.0064	0.0041	0.0218	0.0210	0.0245	0.0374	0.0312	0.0440	0.0492	0.0497	0.0491	0.0519	0.0611	0.0553	0.0617	0.0771	0.0650	0.0795	0.0783	0.0853	0.0878	0.0901	0.0871	0.0908	0.1107	0.1186	0.1083	0.1229	0.1143	0.1322	0.1316	0.1407	0.1571	0.1862	0.2131	0.2062	0.2349	0.2707	0.2798	0.2935	0.3192	0.3835	0.4688	0.6637	0.7823	0.7557	0.5640	0.5068	0.5667	0.6579	0.6394	0.6234	0.5275	0.5337	0.5407	0.5483	0.4923	0.4812	0.5002	0.4740	0.4583	0.3974	0.4107	0.4193	0.3468	0.2324	0.1571	0.1811	0.1700
0.0169	0.0254	0.0253	0.0302	0.0296	0.0435	0.0354	0.0398	0.0563	0.0474	0.0464	0.0510	0.0695	0.0671	0.0649	0.0833	0.0913	0.0880	0.0850	0.0836	0.1004	0.1100	0.1055	0.1079	0.1237	0.1220	0.1378	0.1371	0.1508	0.1658	0.1905	0.1996	0.2104	0.2379	0.2446	0.2648	0.3153	0.3776	0.4955	0.5775	0.5449	0.5718	0.6197	0.6809	0.7902	0.8083	0.7439	0.6972	0.7260	0.7354	0.6911	0.7249	0.6552	0.6128	0.5637	0.5797	0.5822	0.5478	0.4957	0.4496	0.4097	0.3594	0.3272	0.3397	0.2941	0.2315	0.2165	0.1920	0.1616
0.0147	0.0261	0.0377	0.0271	0.0350	0.0375	0.0343	0.0494	0.0715	0.0562	0.0662	0.0647	0.0714	0.0709	0.0733	0.0784	0.0843	0.1071	0.0992	0.1072	0.1244	0.1272	0.1238	0.1263	0.1359	0.1576	0.1590	0.1654	0.1902	0.2114	0.2332	0.2642	0.2866	0.3291	0.3901	0.4030	0.4647	0.5165	0.7407	0.8902	0.9063	0.7975	0.7840	0.7795	0.7373	0.7385	0.7700	0.7110	0.6997	0.6977	0.6289	0.6435	0.6487	0.5943	0.5768	0.5758	0.5266	0.5100	0.5503	0.5013	0.4044	0.3972	0.3696	0.3769	0.3983	0.3658	0.3525	0.2552	0.1788
0.0131	0.0243	0.0245	0.0338	0.0375	0.0401	0.0521	0.0531	0.0609	0.0701	0.0795	0.0917	0.0767	0.0810	0.0816	0.1015	0.1230	0.1387	0.1361	0.1323	0.1340	0.1396	0.1570	0.1551	0.1637	0.1795	0.1893	0.2145	0.2294	0.2705	0.3150	0.3558	0.4099	0.4694	0.6975	0.7245	0.6806	0.6819	0.8235	0.8427	0.8562	0.7390	0.8317	0.8163	0.7901	0.7224	0.7188	0.7045	0.6648	0.6553	0.6608	0.6558	0.6262	0.5605	0.5586	0.5763	0.5231	0.5201	0.5381	0.5252	0.5083	0.5014	0.4905	0.4764	0.4753	0.3922	0.3615	0.2663	0.1904
0.0180	0.0297	0.0300	0.0481	0.0615	0.0619	0.0630	0.0634	0.0765	0.0823	0.0788	0.0886	0.1029	0.1085	0.1265	0.1250	0.1532	0.1539	0.1372	0.1548	0.1589	0.1774	0.1875	0.1944	0.1993	0.2019	0.2248	0.2420	0.2920	0.3490	0.4264	0.5785	0.6401	0.7529	0.9718	0.9874	0.8954	0.8466	0.8723	0.8170	0.7991	0.7299	0.7772	0.7552	0.7561	0.7289	0.6853	0.6649	0.6885	0.6858	0.6740	0.6171	0.6426	0.5422	0.5334	0.5486	0.5196	0.5265	0.5100	0.4907	0.4664	0.4610	0.4843	0.4675	0.4460	0.4091	0.3639	0.2645	0.2203
0.0129	0.0193	0.0408	0.0592	0.0745	0.0712	0.0817	0.0918	0.1036	0.0889	0.1059	0.1221	0.1312	0.1262	0.1629	0.1776	0.2053	0.1851	0.1802	0.2016	0.1970	0.2174	0.2226	0.2295	0.2508	0.2557	0.2753	0.2901	0.4027	0.4310	0.6233	0.9533	0.9526	0.9330	0.9390	0.9257	0.9089	0.8449	0.7529	0.7185	0.7541	0.7071	0.7345	0.7368	0.7359	0.7387	0.6830	0.6778	0.6793	0.7006	0.6755	0.6596	0.6454	0.5617	0.5251	0.5853	0.5659	0.5589	0.4997	0.5101	0.4847	0.4461	0.4901	0.4791	0.4173	0.4019	0.3804	0.3038	0.2858
0.0251	0.0406	0.0610	0.0844	0.0839	0.1070	0.1200	0.1336	0.1469	0.1632	0.1899	0.1867	0.1958	0.1604	0.1899	0.2161	0.2140	0.2468	0.2382	0.2476	0.2674	0.2696	0.2659	0.2658	0.2917	0.3081	0.3355	0.3596	0.4430	0.5631	0.7793	0.9675	0.9660	0.9399	0.9042	0.8321	0.8665	0.8319	0.7822	0.6875	0.7072	0.6855	0.7294	0.7420	0.7204	0.6574	0.6482	0.7066	0.6534	0.6261	0.6238	0.6567	0.6364	0.6231	0.5889	0.5754	0.5521	0.5387	0.5226	0.4915	0.4768	0.4494	0.4596	0.4851	0.4411	0.3850	0.4014	0.3327	0.3378
0.0736	0.0831	0.1118	0.1408	0.1515	0.2178	0.2608	0.3064	0.3402	0.3163	0.3608	0.3561	0.3538	0.3131	0.2973	0.2941	0.2675	0.3010	0.2781	0.2791	0.2991	0.3155	0.2955	0.3103	0.3308	0.3387	0.3659	0.4328	0.4851	0.7624	0.8808	0.8755	0.8618	0.8439	0.8152	0.7823	0.8061	0.8024	0.7695	0.7321	0.7063	0.6614	0.6790	0.6687	0.6794	0.6297	0.6404	0.6389	0.6560	0.6372	0.5857	0.6351	0.6561	0.6043	0.5651	0.5059	0.5042	0.4962	0.5371	0.4732	0.4718	0.4701	0.4427	0.4616	0.4183	0.3947	0.3953	0.3944	0.3599
0.0982	0.1426	0.2234	0.2967	0.3412	0.3489	0.4164	0.4232	0.4831	0.4212	0.4403	0.5123	0.5394	0.5213	0.5189	0.5515	0.5314	0.5343	0.4661	0.3532	0.3424	0.3483	0.3584	0.3387	0.3453	0.3855	0.4268	0.4796	0.6454	0.8504	0.8151	0.7540	0.7890	0.8339	0.7772	0.7739	0.7310	0.7206	0.6986	0.6934	0.6786	0.6348	0.6686	0.6294	0.6142	0.6208	0.6101	0.5970	0.6113	0.6378	0.6162	0.5904	0.5894	0.5792	0.5876	0.5108	0.4524	0.4688	0.4618	0.4720	0.4971	0.4742	0.4464	0.4135	0.3959	0.3610	0.3657	0.4042	0.3865
0.1304	0.2072	0.2678	0.3020	0.3214	0.3406	0.3315	0.3426	0.4028	0.3836	0.3960	0.4490	0.5339	0.5422	0.5726	0.6363	0.7536	0.7844	0.6949	0.5220	0.4335	0.4675	0.4515	0.4332	0.4663	0.5328	0.4905	0.6089	0.7781	0.8185	0.7822	0.7492	0.7803	0.7748	0.7510	0.7514	0.7168	0.6901	0.6442	0.6382	0.6361	0.6271	0.6401	0.6152	0.6316	0.5743	0.5818	0.6011	0.6338	0.5736	0.5549	0.5703	0.5651	0.5625	0.5556	0.5209	0.4841	0.4827	0.4707	0.4610	0.4549	0.4652	0.4441	0.3990	0.3771	0.3413	0.3736	0.3898	0.3465
0.1758	0.2357	0.2393	0.2495	0.2595	0.2828	0.3339	0.3291	0.3500	0.3715	0.3803	0.4160	0.4986	0.5360	0.5557	0.6183	0.7223	0.7507	0.7375	0.6518	0.6792	0.6385	0.6516	0.6027	0.6437	0.7155	0.5740	0.7015	0.7372	0.6925	0.7212	0.7614	0.7674	0.7908	0.7603	0.7033	0.7132	0.6806	0.6526	0.6375	0.6112	0.5890	0.6068	0.6030	0.6084	0.5718	0.6140	0.6338	0.5730	0.5466	0.5643	0.5151	0.5095	0.5308	0.5063	0.5045	0.4684	0.4683	0.4808	0.4441	0.4548	0.4336	0.4095	0.3819	0.3829	0.3392	0.3512	0.3401	0.3087
0.1556	0.1908	0.2167	0.2175	0.2582	0.2805	0.3202	0.3378	0.3504	0.3822	0.4270	0.4650	0.4981	0.5643	0.5607	0.6026	0.7132	0.7057	0.7173	0.7159	0.7572	0.7295	0.7709	0.7085	0.7039	0.7309	0.6988	0.7132	0.6935	0.6978	0.6823	0.7000	0.6868	0.7066	0.7277	0.6807	0.6315	0.6607	0.6314	0.6293	0.6359	0.6091	0.6216	0.6336	0.6077	0.5856	0.5862	0.5947	0.5441	0.5537	0.5517	0.5215	0.5186	0.4934	0.4776	0.4731	0.4846	0.4931	0.4650	0.4462	0.4204	0.4025	0.4031	0.3858	0.3643	0.3306	0.3227	0.3449	0.3357
0.1372	0.1849	0.2088	0.2186	0.2387	0.2650	0.3294	0.3114	0.3530	0.3809	0.4238	0.4887	0.5327	0.5642	0.5471	0.5976	0.6920	0.6741	0.6375	0.6435	0.7004	0.7326	0.7086	0.7344	0.6516	0.6336	0.6811	0.6603	0.6427	0.6540	0.6345	0.6035	0.6748	0.6713	0.6212	0.6573	0.6627	0.6269	0.6290	0.5994	0.6013	0.5897	0.6137	0.6378	0.6304	0.6194	0.6074	0.5746	0.5528	0.5498	0.5248	0.5570	0.5628	0.5185	0.4982	0.4901	0.4875	0.4414	0.4348	0.4378	0.3952	0.4035	0.4136	0.4042	0.3742	0.3529	0.3309	0.3185	0.3120
0.1571	0.1797	0.2297	0.2551	0.2555	0.2760	0.3144	0.3250	0.3385	0.3576	0.3666	0.4373	0.4655	0.4803	0.5038	0.5785	0.5962	0.6405	0.6496	0.5890	0.5869	0.6230	0.5933	0.6007	0.6323	0.5491	0.5879	0.5796	0.6059	0.5997	0.5808	0.6308	0.6554	0.6538	0.6523	0.6111	0.6124	0.6015	0.6124	0.6018	0.6018	0.6010	0.6556	0.6329	0.6117	0.6056	0.6332	0.6118	0.5699	0.5647	0.5013	0.5094	0.5723	0.5457	0.4925	0.5092	0.4979	0.4798	0.4719	0.4286	0.4281	0.3935	0.4120	0.4036	0.3502	0.3603	0.3135	0.3134	0.3103
0.1856	0.2150	0.2457	0.2586	0.2726	0.2881	0.2974	0.3216	0.3422	0.3557	0.3450	0.4039	0.4182	0.4237	0.4625	0.5066	0.5103	0.5537	0.5899	0.5564	0.5541	0.5369	0.5451	0.5736	0.5320	0.5316	0.5231	0.5405	0.5854	0.6014	0.6085	0.6270	0.6616	0.6439	0.6232	0.6210	0.6448	0.6272	0.6099	0.6108	0.5954	0.6239	0.6436	0.6118	0.6053	0.5992	0.5853	0.5955	0.6061	0.5873	0.5501	0.5163	0.5485	0.5165	0.5097	0.4987	0.4842	0.4776	0.4583	0.4535	0.4576	0.3932	0.4157	0.3675	0.3691	0.3588	0.3249	0.3296	0.3046
0.1920	0.2122	0.2329	0.2581	0.2719	0.2900	0.2845	0.3033	0.3475	0.3353	0.3190	0.3642	0.4005	0.4232	0.4564	0.4813	0.5155	0.4978	0.4830	0.4972	0.5239	0.4909	0.4953	0.5130	0.5186	0.5156	0.5070	0.5321	0.5594	0.5874	0.6437	0.6107	0.6131	0.5999	0.6315	0.6422	0.6271	0.6263	0.6397	0.6137	0.6062	0.6320	0.5791	0.6312	0.6264	0.6464	0.6130	0.6163	0.6239	0.5867	0.5517	0.5424	0.5407	0.5252	0.5124	0.5332	0.4966	0.4836	0.4650	0.4427	0.4429	0.4125	0.4098	0.3870	0.3921	0.3693	0.3393	0.3299	0.3085
0.2129	0.2446	0.2655	0.2735	0.2903	0.3160	0.2977	0.3233	0.3246	0.3118	0.3125	0.3322	0.4018	0.4446	0.4412	0.4703	0.4902	0.5005	0.5216	0.5197	0.5103	0.5192	0.5027	0.5248	0.5047	0.4889	0.5301	0.5323	0.5187	0.5876	0.6121	0.5864	0.6254	0.6108	0.6076	0.5981	0.6219	0.6241	0.6363	0.6137	0.6345	0.5869	0.6032	0.6257	0.6452	0.6196	0.5963	0.5831	0.6207	0.5917	0.5625	0.5527	0.5449	0.5534	0.5190	0.5090	0.4864	0.4838	0.4705	0.4647	0.4308	0.4189	0.4364	0.3895	0.4004	0.3539	0.3262	0.3328	0.3119
0.2251	0.2501	0.2329	0.2677	0.2694	0.2924	0.3022	0.3157	0.3081	0.3215	0.3354	0.3643	0.4156	0.4487	0.4199	0.4335	0.4878	0.4982	0.4980	0.5216	0.4889	0.4933	0.4943	0.5219	0.5149	0.5090	0.5303	0.5514	0.5509	0.5676	0.5603	0.5812	0.5913	0.5881	0.5835	0.5793	0.5937	0.5956	0.6121	0.6010	0.6320	0.6101	0.6380	0.6112	0.6387	0.6036	0.6102	0.5846	0.5969	0.5707	0.6129	0.5588	0.6040	0.5627	0.5071	0.5233	0.5291	0.4748	0.4630	0.5053	0.4672	0.4573	0.4283	0.3841	0.3848	0.3562	0.3500	0.3711	0.3123
0.2120	0.2412	0.2437	0.2806	0.2563	0.2820	0.3040	0.2989	0.3001	0.3150	0.3485	0.3903	0.4085	0.4377	0.4421	0.4562	0.4490	0.4880	0.5310	0.5116	0.5153	0.4787	0.4824	0.5010	0.5152	0.4844	0.5282	0.5770	0.5746	0.5612	0.5862	0.6260	0.5925	0.5759	0.5557	0.6101	0.5990	0.6460	0.6177	0.6108	0.6098	0.6209	0.6240	0.6164	0.6162	0.5882	0.5960	0.5751	0.5945	0.5847	0.5844	0.5320	0.5476	0.5583	0.5491	0.5219	0.5223	0.5137	0.4827	0.4588	0.4594	0.4355	0.4312	0.4202	0.3780	0.3582	0.3478	0.3572	0.3197
0.1913	0.1921	0.2424	0.2691	0.2777	0.2852	0.2979	0.3035	0.3157	0.3360	0.3592	0.4070	0.4431	0.4159	0.4087	0.4500	0.4907	0.4924	0.5103	0.5187	0.5038	0.4893	0.4863	0.5106	0.5033	0.4863	0.5425	0.6016	0.5773	0.6063	0.6064	0.6291	0.6428	0.6265	0.5975	0.6053	0.6513	0.6701	0.6219	0.6232	0.6293	0.6398	0.6270	0.6288	0.6169	0.6074	0.6125	0.5937	0.5674	0.5803	0.5982	0.5414	0.5474	0.5484	0.5346	0.5159	0.5085	0.4884	0.4803	0.4615	0.4464	0.4364	0.4293	0.4195	0.3920	0.3876	0.3788	0.3672	0.3456
0.1717	0.1843	0.2451	0.2779	0.2737	0.2945	0.3085	0.3450	0.3308	0.3364	0.3503	0.3847	0.4249	0.4252	0.4124	0.4349	0.5080	0.5002	0.4891	0.5130	0.5326	0.5121	0.4972	0.5038	0.5295	0.5474	0.5196	0.5403	0.5696	0.5833	0.6024	0.6355	0.6623	0.6393	0.6735	0.6745	0.6705	0.6272	0.6112	0.6299	0.6009	0.6568	0.6394	0.6370	0.6299	0.5909	0.6133	0.6208	0.6234	0.6046	0.6042	0.5736	0.6284	0.5772	0.4941	0.5109	0.5155	0.5099	0.4915	0.5055	0.4518	0.4422	0.4266	0.4205	0.4273	0.4056	0.3529	0.3533	0.3299
0.1601	0.1934	0.2165	0.2487	0.2826	0.2906	0.2860	0.3098	0.3474	0.3509	0.3436	0.3504	0.3832	0.3896	0.4314	0.4670	0.5064	0.4793	0.5044	0.5215	0.5222	0.5114	0.5062	0.5273	0.5521	0.5384	0.5096	0.5435	0.5559	0.5858	0.6010	0.6555	0.6946	0.6213	0.6660	0.6729	0.6797	0.6516	0.6286	0.6504	0.6088	0.6219	0.6854	0.6057	0.6137	0.6070	0.6108	0.6264	0.6095	0.6177	0.6090	0.5944	0.5993	0.6093	0.5773	0.5253	0.5074	0.5308	0.4933	0.4753	0.4607	0.4584	0.4720	0.4714	0.4011	0.3852	0.3703	0.3677	0.3589
0.1624	0.1800	0.1947	0.2289	0.2446	0.2777	0.3082	0.2984	0.3488	0.3402	0.3162	0.3578	0.4039	0.4193	0.4354	0.4509	0.5042	0.4762	0.4719	0.5149	0.5100	0.5093	0.5288	0.5640	0.5548	0.5255	0.5278	0.5399	0.5643	0.5812	0.6021	0.6447	0.6631	0.6515	0.6780	0.6979	0.7070	0.6701	0.6559	0.6474	0.6768	0.6600	0.6559	0.6463	0.6320	0.6080	0.6247	0.6111	0.6279	0.6265	0.5852	0.5835	0.5857	0.5919	0.5744	0.5350	0.5329	0.5121	0.4669	0.4656	0.4777	0.4863	0.4722	0.4391	0.4082	0.3947	0.4054	0.3748	0.3707
0.1509	0.1711	0.2012	0.2273	0.2323	0.2792	0.2849	0.2983	0.3068	0.3315	0.3453	0.3548	0.4217	0.4582	0.4533	0.5266	0.5153	0.5599	0.5366	0.5533	0.5690	0.5456	0.5496	0.5508	0.5341	0.5281	0.5384	0.5911	0.6018	0.5960	0.6249	0.6251	0.6520	0.6820	0.6775	0.6503	0.6399	0.6648	0.6895	0.6478	0.6755	0.6887	0.6617	0.6705	0.5923	0.6192	0.6459	0.6269	0.6512	0.6663	0.6222	0.5743	0.5798	0.5517	0.5649	0.5608	0.5245	0.5079	0.5323	0.4914	0.4804	0.4726	0.4750	0.4725	0.4275	0.4501	0.4559	0.4246	0.3926
0.1435	0.1668	0.1944	0.2081	0.2403	0.2526	0.2796	0.3135	0.3250	0.3256	0.3657	0.3786	0.4982	0.5433	0.5136	0.5351	0.5818	0.6253	0.6318	0.6420	0.6441	0.6196	0.6106	0.6644	0.6597	0.6410	0.6197	0.6245	0.6011	0.6197	0.5892	0.6175	0.6310	0.6632	0.7022	0.6687	0.6457	0.6403	0.6720	0.6259	0.6604	0.6632	0.6567	0.6472	0.6274	0.6502	0.6066	0.6379	0.6090	0.6628	0.6173	0.6105	0.6202	0.6006	0.5700	0.5594	0.5695	0.5596	0.5332	0.5292	0.5069	0.4866	0.4907	0.4756	0.4856	0.4715	0.4497	0.4467	0.4065
0.1266	0.1749	0.1997	0.2330	0.2573	0.2537	0.2873	0.3092	0.3148	0.3449	0.4053	0.4724	0.4978	0.5808	0.5779	0.6078	0.6295	0.6561	0.6869	0.7159	0.6852	0.6794	0.6973	0.7124	0.7337	0.6963	0.6782	0.6949	0.6733	0.6467	0.6334	0.6456	0.6698	0.6951	0.7022	0.6677	0.6501	0.6342	0.6139	0.6063	0.6116	0.6473	0.6672	0.6602	0.6490	0.6552	0.6581	0.6752	0.6610	0.6609	0.6553	0.6398	0.6237	0.6242	0.5966	0.5968	0.5733	0.5715	0.5465	0.5438	0.5486	0.5186	0.5385	0.5194	0.4961	0.4465	0.4568	0.4536	0.4282
0.1388	0.1701	0.2165	0.2321	0.2573	0.2528	0.2770	0.3238	0.3587	0.3919	0.3968	0.5041	0.5301	0.5797	0.5797	0.6699	0.7061	0.7469	0.7515	0.7479	0.7740	0.7903	0.7641	0.7994	0.7208	0.6911	0.7474	0.7633	0.7915	0.7529	0.6927	0.7263	0.7304	0.7440	0.7052	0.6746	0.6873	0.6646	0.6177	0.6027	0.6273	0.6393	0.6426	0.6499	0.6394	0.6383	0.6612	0.6495	0.6613	0.6948	0.6509	0.6213	0.6472	0.6213	0.6163	0.6308	0.6133	0.5953	0.5840	0.5614	0.5264	0.5042	0.5312	0.5160	0.4931	0.4868	0.4876	0.4780	0.4538
0.1862	0.1968	0.2087	0.2417	0.2676	0.2848	0.3039	0.3560	0.3885	0.4119	0.4457	0.5189	0.5834	0.5864	0.6476	0.6924	0.7870	0.8626	0.9040	0.8885	0.8568	0.8424	0.6513	0.5540	0.4779	0.4824	0.5570	0.6883	0.8482	0.7885	0.7887	0.7765	0.7827	0.7708	0.7280	0.7052	0.7080	0.6935	0.6644	0.6557	0.6536	0.6153	0.6562	0.6500	0.6479	0.6440	0.6405	0.6641	0.6735	0.6811	0.6677	0.6857	0.6743	0.6770	0.6581	0.5895	0.6253	0.6304	0.6225	0.5864	0.5852	0.5490	0.5457	0.5335	0.5285	0.5183	0.5371	0.5030	0.4979
0.1797	0.2653	0.2773	0.3478	0.3655	0.3566	0.3759	0.4176	0.4069	0.4439	0.5152	0.5586	0.6103	0.6839	0.7265	0.7795	0.8991	0.9151	0.8685	0.8299	0.7040	0.5138	0.3480	0.3185	0.3558	0.3691	0.4123	0.5113	0.7963	0.8776	0.8752	0.8819	0.8661	0.8233	0.8066	0.7825	0.7541	0.7621	0.7123	0.6939	0.6890	0.6747	0.6966	0.6947	0.6553	0.6319	0.6330	0.6710	0.6839	0.6976	0.6877	0.7058	0.6767	0.6878	0.6347	0.6525	0.6221	0.6467	0.6154	0.6414	0.6276	0.6006	0.6396	0.6138	0.5949	0.5681	0.5372	0.5184	0.5022
0.1115	0.2018	0.2974	0.4003	0.4845	0.5080	0.5406	0.5453	0.5602	0.5617	0.5763	0.6309	0.6386	0.6902	0.7026	0.7212	0.6927	0.6638	0.5522	0.4501	0.3399	0.2824	0.2842	0.3021	0.3201	0.3382	0.3748	0.4417	0.6457	0.9075	0.9273	0.8974	0.9066	0.8934	0.8420	0.8147	0.8049	0.7484	0.7561	0.7123	0.6864	0.7166	0.7414	0.7397	0.7259	0.6935	0.7154	0.6937	0.7446	0.7407	0.6930	0.6920	0.7451	0.7068	0.6445	0.6370	0.6398	0.6722	0.6829	0.6933	0.6893	0.6847	0.6720	0.6706	0.6508	0.5832	0.5797	0.5516	0.4709
0.0448	0.0678	0.1109	0.1979	0.2688	0.3164	0.3941	0.4164	0.4200	0.4631	0.4832	0.3919	0.3855	0.3867	0.3511	0.3317	0.3084	0.2737	0.2594	0.2484	0.2593	0.2539	0.2572	0.2750	0.2910	0.2958	0.3253	0.3699	0.5252	0.8514	1.0000	0.9147	0.8961	0.9027	0.9329	0.8478	0.8273	0.7750	0.7486	0.7136	0.7462	0.7237	0.7685	0.7362	0.7033	0.7342	0.7576	0.7343	0.7656	0.7522	0.6840	0.7022	0.7533	0.7193	0.6680	0.7059	0.7188	0.7186	0.7045	0.6989	0.7275	0.7479	0.7184	0.6699	0.6539	0.6175	0.6001	0.5535	0.5215
0.0284	0.0409	0.0387	0.0753	0.0889	0.0920	0.1069	0.1657	0.1904	0.1758	0.1895	0.1916	0.1785	0.1710	0.1945	0.1984	0.1998	0.2024	0.2039	0.2123	0.2355	0.2128	0.2143	0.2301	0.2417	0.2404	0.2778	0.3181	0.3955	0.6023	0.9045	0.8953	0.7193	0.6694	0.8830	0.9349	0.8560	0.8474	0.7813	0.7662	0.7431	0.7203	0.7394	0.7303	0.7495	0.7434	0.7671	0.7369	0.7217	0.7114	0.7586	0.7248	0.7261	0.7300	0.6820	0.6818	0.7095	0.6936	0.6862	0.7405	0.7366	0.7065	0.7016	0.6174	0.5606	0.6028	0.5791	0.4544	0.4754
0.0183	0.0142	0.0401	0.0500	0.0550	0.0517	0.0681	0.0835	0.0858	0.0950	0.1133	0.1151	0.1385	0.1424	0.1461	0.1475	0.1608	0.1823	0.1686	0.1624	0.1766	0.1775	0.1764	0.1965	0.2227	0.2192	0.2313	0.2516	0.3076	0.3493	0.4200	0.4698	0.4329	0.4567	0.5865	0.7247	0.7785	0.8089	0.8070	0.7978	0.8351	0.7924	0.7794	0.7666	0.7504	0.7442	0.7743	0.7892	0.7391	0.7177	0.7052	0.7182	0.7190	0.7430	0.6854	0.6805	0.7071	0.7340	0.7072	0.6636	0.5570	0.6202	0.6597	0.5852	0.4820	0.5162	0.4454	0.3870	0.4760
0.0080	0.0180	0.0243	0.0358	0.0512	0.0546	0.0564	0.0657	0.0715	0.0854	0.0693	0.0735	0.0947	0.0957	0.1022	0.1098	0.1314	0.1339	0.1245	0.1329	0.1375	0.1348	0.1532	0.1733	0.1725	0.1775	0.1877	0.2050	0.2264	0.2432	0.2624	0.2785	0.2959	0.3250	0.3508	0.4084	0.4518	0.4802	0.6583	0.7653	0.7981	0.8557	0.8477	0.8108	0.7867	0.7801	0.7307	0.7455	0.7700	0.7213	0.7051	0.7273	0.7127	0.6948	0.6716	0.7275	0.7299	0.6944	0.6762	0.6432	0.4679	0.4814	0.6380	0.6028	0.5423	0.5367	0.3871	0.3546	0.4556
0.0090	0.0073	0.0214	0.0338	0.0380	0.0434	0.0436	0.0556	0.0478	0.0591	0.0628	0.0533	0.0619	0.0657	0.0856	0.0958	0.0925	0.0957	0.1062	0.1094	0.1157	0.1161	0.1100	0.1419	0.1419	0.1440	0.1573	0.1639	0.1893	0.2049	0.2168	0.2285	0.2493	0.2641	0.2866	0.3020	0.3070	0.3517	0.4176	0.4766	0.5088	0.7696	0.9193	0.8850	0.8112	0.7824	0.7591	0.7695	0.7797	0.7971	0.7710	0.7278	0.7614	0.7107	0.7087	0.6856	0.6562	0.6640	0.6463	0.6259	0.5325	0.3348	0.3579	0.4490	0.4856	0.4674	0.3537	0.4344	0.4507
0.0111	0.0125	0.0124	0.0263	0.0475	0.0520	0.0454	0.0413	0.0497	0.0622	0.0455	0.0496	0.0624	0.0668	0.0594	0.0745	0.0725	0.0914	0.0844	0.0848	0.0903	0.0956	0.0990	0.1019	0.1102	0.1175	0.1277	0.1303	0.1596	0.1631	0.1789	0.1910	0.2094	0.2086	0.2458	0.2613	0.2708	0.2969	0.3312	0.3527	0.3939	0.6974	0.9336	0.9386	0.8585	0.8291	0.8155	0.8121	0.7680	0.7665	0.7758	0.7262	0.6968	0.6642	0.7203	0.6753	0.6574	0.6563	0.6227	0.6320	0.6136	0.3896	0.2783	0.2786	0.3015	0.3087	0.2886	0.4337	0.4876
0.0040	0.0100	0.0062	0.0192	0.0350	0.0338	0.0377	0.0407	0.0387	0.0526	0.0518	0.0473	0.0575	0.0569	0.0540	0.0738	0.0752	0.0630	0.0705	0.0830	0.0775	0.0953	0.0872	0.0927	0.0878	0.0875	0.0920	0.0959	0.1111	0.1235	0.1298	0.1380	0.1319	0.1491	0.1749	0.1927	0.2046	0.2237	0.2444	0.2875	0.3378	0.4904	0.8127	0.9164	0.8849	0.8540	0.8178	0.8162	0.7909	0.7980	0.7421	0.5729	0.5694	0.7073	0.7225	0.7086	0.6724	0.6361	0.6163	0.5992	0.5436	0.4184	0.2471	0.2157	0.2164	0.2291	0.2494	0.3468	0.4861
0.0000	0.0024	0.0029	0.0234	0.0204	0.0163	0.0237	0.0370	0.0352	0.0345	0.0517	0.0530	0.0479	0.0489	0.0627	0.0578	0.0727	0.0613	0.0612	0.0775	0.0694	0.0711	0.0694	0.0683	0.0767	0.0785	0.0729	0.0861	0.0924	0.1005	0.0943	0.0900	0.1003	0.1037	0.1231	0.1261	0.1490	0.1525	0.1579	0.1795	0.2010	0.2501	0.4414	0.6054	0.5447	0.6021	0.6742	0.6724	0.6884	0.7642	0.6804	0.4207	0.5751	0.7535	0.7420	0.7239	0.7126	0.6581	0.5793	0.5643	0.4077	0.2479	0.1949	0.1800	0.1808	0.1879	0.1940	0.2369	0.2954
0.0025	0.0168	0.0161	0.0408	0.0281	0.0231	0.0325	0.0289	0.0282	0.0282	0.0352	0.0444	0.0457	0.0456	0.0492	0.0637	0.0655	0.0535	0.0468	0.0605	0.0641	0.0614	0.0601	0.0687	0.0668	0.0731	0.0728	0.0796	0.0757	0.0815	0.0811	0.0873	0.0938	0.0839	0.0939	0.0993	0.1037	0.1059	0.1192	0.1223	0.1323	0.1431	0.1634	0.1962	0.2029	0.2356	0.2763	0.3137	0.4427	0.6265	0.4602	0.3789	0.6231	0.6814	0.5692	0.4729	0.5331	0.6034	0.4988	0.3916	0.2032	0.1627	0.1468	0.1508	0.1422	0.1432	0.1498	0.1575	0.1680
0.0006	0.0000	0.0038	0.0235	0.0060	0.0124	0.0226	0.0262	0.0204	0.0281	0.0335	0.0377	0.0438	0.0449	0.0402	0.0554	0.0624	0.0578	0.0558	0.0529	0.0647	0.0585	0.0532	0.0626	0.0652	0.0636	0.0651	0.0628	0.0683	0.0735	0.0704	0.0749	0.0768	0.0705	0.0774	0.0790	0.0883	0.0975	0.1042	0.0943	0.1132	0.1164	0.1349	0.1328	0.1472	0.1598	0.1543	0.1663	0.2055	0.2818	0.2521	0.3826	0.6932	0.5807	0.2836	0.1688	0.2538	0.2886	0.2183	0.1878	0.1350	0.1189	0.1317	0.1351	0.1193	0.1126	0.1176	0.1204	0.1197
0.0051	0.0000	0.0046	0.0014	0.0114	0.0195	0.0204	0.0283	0.0245	0.0300	0.0249	0.0304	0.0349	0.0417	0.0465	0.0448	0.0482	0.0578	0.0526	0.0543	0.0503	0.0461	0.0606	0.0544	0.0582	0.0606	0.0636	0.0705	0.0749	0.0655	0.0604	0.0698	0.0704	0.0672	0.0663	0.0753	0.0882	0.0885	0.0878	0.0907	0.0990	0.0993	0.1044	0.1162	0.1219	0.1227	0.1271	0.1293	0.1359	0.1561	0.1657	0.2295	0.4691	0.3919	0.1572	0.1109	0.1247	0.1229	0.1152	0.1218	0.1185	0.1007	0.0981	0.0971	0.1081	0.1047	0.1002	0.0950	0.0965
0.0000	0.0000	0.0000	0.0049	0.0142	0.0064	0.0094	0.0253	0.0274	0.0268	0.0247	0.0300	0.0298	0.0317	0.0442	0.0474	0.0461	0.0498	0.0464	0.0483	0.0429	0.0460	0.0515	0.0499	0.0582	0.0626	0.0534	0.0576	0.0619	0.0656	0.0637	0.0635	0.0635	0.0672	0.0656	0.0745	0.0798	0.0787	0.0783	0.0796	0.0877	0.0937	0.0901	0.0880	0.0938	0.0960	0.1004	0.1117	0.1106	0.1220	0.1175	0.1222	0.1344	0.1407	0.1138	0.0953	0.0987	0.1051	0.0946	0.1030	0.1002	0.0901	0.0973	0.0903	0.0958	0.0857	0.0856	0.0892	0.0773
0.0000	0.0000	0.0016	0.0114	0.0010	0.0076	0.0066	0.0244	0.0152	0.0113	0.0140	0.0230	0.0222	0.0237	0.0342	0.0295	0.0313	0.0413	0.0362	0.0374	0.0327	0.0433	0.0472	0.0454	0.0529	0.0559	0.0522	0.0520	0.0478	0.0519	0.0600	0.0569	0.0578	0.0636	0.0599	0.0663	0.0698	0.0667	0.0672	0.0762	0.0735	0.0764	0.0926	0.0762	0.0804	0.0894	0.0888	0.0887	0.0939	0.0849	0.0896	0.0955	0.0931	0.0935	0.0820	0.0843	0.0898	0.0880	0.0881	0.0922	0.0870	0.0819	0.0807	0.0873	0.0818	0.0745	0.0701	0.0678	0.0678
0.0000	0.0000	0.0000	0.0000	0.0000	0.0081	0.0136	0.0212	0.0138	0.0015	0.0100	0.0240	0.0298	0.0228	0.0092	0.0203	0.0315	0.0229	0.0258	0.0279	0.0307	0.0295	0.0290	0.0427	0.0363	0.0342	0.0479	0.0453	0.0529	0.0524	0.0496	0.0548	0.0559	0.0548	0.0552	0.0579	0.0590	0.0655	0.0675	0.0594	0.0655	0.0703	0.0784	0.0732	0.0779	0.0820	0.0838	0.0769	0.0781	0.0820	0.0871	0.0934	0.0922	0.0810	0.0847	0.0777	0.0864	0.0743	0.0754	0.0764	0.0762	0.0586	0.0755	0.0729	0.0774	0.0732	0.0645	0.0616	0.0741
0.0000	0.0000	0.0034	0.0079	0.0000	0.0000	0.0000	0.0046	0.0120	0.0032	0.0113	0.0240	0.0204	0.0270	0.0197	0.0328	0.0431	0.0258	0.0288	0.0342	0.0322	0.0350	0.0325	0.0313	0.0409	0.0392	0.0475	0.0482	0.0518	0.0503	0.0485	0.0523	0.0550	0.0531	0.0596	0.0555	0.0611	0.0629	0.0671	0.0639	0.0672	0.0675	0.0684	0.0761	0.0706	0.0713	0.0754	0.0747	0.0674	0.0756	0.0822	0.0865	0.0772	0.0826	0.0852	0.0811	0.0759	0.0670	0.0740	0.0756	0.0661	0.0571	0.0578	0.0649	0.0640	0.0603	0.0535	0.0619	0.0523
0.0000	0.0000	0.0112	0.0140	0.0051	0.0000	0.0000	0.0005	0.0049	0.0029	0.0125	0.0249	0.0239	0.0247	0.0343	0.0319	0.0301	0.0311	0.0313	0.0405	0.0318	0.0307	0.0310	0.0321	0.0449	0.0387	0.0408	0.0377	0.0432	0.0498	0.0495	0.0508	0.0508	0.0531	0.0553	0.0537	0.0567	0.0622	0.0600	0.0601	0.0637	0.0634	0.0690	0.0711	0.0608	0.0679	0.0662	0.0704	0.0706	0.0653	0.0720	0.0802	0.0714	0.0750	0.0716	0.0688	0.0682	0.0579	0.0626	0.0653	0.0590	0.0517	0.0523	0.0554	0.0523	0.0532	0.0488	0.0527	0.0421
0.0000	0.0000	0.0000	0.0000	0.0000	0.0000	0.0053	0.0065	0.0000	0.0078	0.0126	0.0178	0.0100	0.0166	0.0178	0.0131	0.0201	0.0285	0.0233	0.0223	0.0281	0.0199	0.0172	0.0272	0.0325	0.0290	0.0386	0.0325	0.0446	0.0459	0.0475	0.0423	0.0481	0.0504	0.0535	0.0503	0.0533	0.0599	0.0603	0.0586	0.0582	0.0642	0.0640	0.0594	0.0604	0.0718	0.0636	0.0727	0.0645	0.0632	0.0635	0.0665	0.0673	0.0646	0.0641	0.0709	0.0633	0.0553	0.0601	0.0576	0.0598	0.0500	0.0525	0.0508	0.0450	0.0424	0.0422	0.0439	0.0404
0.0000	0.0000	0.0000	0.0000	0.0000	0.0000	0.0148	0.0078	0.0062	0.0090	0.0271	0.0089	0.0035	0.0037	0.0151	0.0153	0.0273	0.0193	0.0098	0.0133	0.0279	0.0277	0.0385	0.0286	0.0405	0.0289	0.0396	0.0372	0.0343	0.0403	0.0419	0.0434	0.0444	0.0413	0.0495	0.0541	0.0593	0.0574	0.0559	0.0588	0.0610	0.0665	0.0542	0.0577	0.0659	0.0642	0.0656	0.0695	0.0631	0.0617	0.0619	0.0652	0.0667	0.0663	0.0675	0.0723	0.0629	0.0691	0.0580	0.0618	0.0548	0.0431	0.0483	0.0619	0.0507	0.0479	0.0512	0.0425	0.0401
