0.0000	0.0000	0.0000	0.0073	0.0000	0.0000	0.0049	0.0060	0.0184	0.0135	0.0127	0.0301	0.0316	0.0230	0.0278	0.0324	0.0276	0.0356	0.0354	0.0361	0.0348	0.0432	0.0453	0.0414	0.0478	0.0503	0.0724	0.0547	0.0540	0.0712	0.0602	0.0723	0.0806	0.0775	0.0728	0.0805	0.0837	0.0802	0.0810	0.0825	0.0811	0.1052	0.1061	0.0854	0.0784	0.0971	0.0997	0.1019	0.1025	0.1050	0.0871	0.0794	0.0803	0.0875	0.0864	0.0768	0.0866	0.0799	0.0812	0.0727	0.0707	0.0605	0.0652	0.0567	0.0589	0.0418	0.0300	0.0340	0.0367
0.0000	0.0000	0.0000	0.0068	0.0053	0.0023	0.0121	0.0156	0.0086	0.0058	0.0168	0.0316	0.0269	0.0257	0.0340	0.0436	0.0470	0.0389	0.0441	0.0375	0.0350	0.0391	0.0451	0.0531	0.0555	0.0573	0.0667	0.0591	0.0559	0.0750	0.0617	0.0833	0.0942	0.0828	0.0874	0.0685	0.0743	0.0846	0.0996	0.0912	0.1055	0.1104	0.0953	0.0978	0.1009	0.1091	0.1017	0.1183	0.1086	0.1187	0.1235	0.0940	0.0769	0.0913	0.0903	0.0773	0.0918	0.1001	0.0948	0.0836	0.0761	0.0625	0.0743	0.0614	0.0642	0.0437	0.0405	0.0454	0.0455
0.0000	0.0000	0.0000	0.0048	0.0078	0.0000	0.0010	0.0145	0.0121	0.0102	0.0180	0.0264	0.0309	0.0429	0.0373	0.0419	0.0487	0.0409	0.0541	0.0507	0.0452	0.0617	0.0529	0.0489	0.0548	0.0573	0.0683	0.0583	0.0735	0.0757	0.0711	0.0753	0.0749	0.0908	0.0955	0.0822	0.0920	0.0910	0.1023	0.0864	0.1031	0.1087	0.1019	0.0928	0.1046	0.1134	0.1051	0.1237	0.1141	0.1206	0.1249	0.1155	0.1076	0.1082	0.1137	0.0957	0.0964	0.0897	0.0864	0.0950	0.0917	0.0842	0.0769	0.0660	0.0649	0.0654	0.0660	0.0574	0.0580
0.0000	0.0000	0.0000	0.0019	0.0011	0.0006	0.0129	0.0170	0.0112	0.0188	0.0212	0.0272	0.0318	0.0467	0.0402	0.0436	0.0442	0.0514	0.0415	0.0455	0.0536	0.0612	0.0610	0.0552	0.0638	0.0608	0.0660	0.0648	0.0736	0.0625	0.0663	0.0679	0.0841	0.0921	0.1035	0.0958	0.0989	0.1060	0.1020	0.1035	0.1097	0.1036	0.1075	0.1074	0.1090	0.1024	0.1061	0.1329	0.1130	0.1142	0.1231	0.1055	0.1154	0.1229	0.1260	0.1081	0.1182	0.1082	0.0885	0.0933	0.1190	0.0994	0.0936	0.0818	0.0697	0.0701	0.0773	0.0691	0.0724
0.0000	0.0000	0.0040	0.0023	0.0001	0.0000	0.0173	0.0343	0.0267	0.0218	0.0126	0.0302	0.0437	0.0524	0.0306	0.0472	0.0509	0.0521	0.0532	0.0493	0.0416	0.0549	0.0586	0.0520	0.0529	0.0696	0.0799	0.0669	0.0617	0.0650	0.0729	0.0699	0.1018	0.1014	0.1231	0.1047	0.0900	0.0809	0.0965	0.1022	0.1033	0.1057	0.1124	0.1095	0.1236	0.1190	0.1220	0.1334	0.1218	0.1251	0.1192	0.1154	0.1176	0.1184	0.1227	0.1158	0.1216	0.1226	0.1095	0.1060	0.1078	0.1144	0.1153	0.1043	0.1084	0.0815	0.0760	0.0739	0.0755
0.0000	0.0060	0.0030	0.0030	0.0059	0.0141	0.0237	0.0301	0.0363	0.0315	0.0283	0.0454	0.0680	0.0650	0.0405	0.0441	0.0492	0.0414	0.0485	0.0677	0.0573	0.0681	0.0518	0.0501	0.0659	0.0741	0.0600	0.0672	0.0719	0.0843	0.0935	0.0794	0.0931	0.1016	0.1140	0.1094	0.1021	0.0950	0.1011	0.0970	0.1105	0.1231	0.1295	0.1271	0.1387	0.1249	0.1259	0.1408	0.1581	0.1723	0.1491	0.1374	0.1369	0.1413	0.1497	0.1540	0.1255	0.1300	0.1349	0.1406	0.1414	0.1614	0.1589	0.1305	0.1425	0.1263	0.1040	0.1030	0.0857
0.0000	0.0087	0.0162	0.0040	0.0199	0.0307	0.0350	0.0228	0.0213	0.0302	0.0487	0.0467	0.0495	0.0404	0.0423	0.0543	0.0523	0.0528	0.0416	0.0455	0.0657	0.0713	0.0626	0.0644	0.0752	0.0838	0.0735	0.0637	0.0803	0.0887	0.0799	0.0836	0.1124	0.1050	0.1082	0.1057	0.1090	0.1320	0.1214	0.1250	0.1256	0.1342	0.1444	0.1382	0.1385	0.1388	0.1628	0.1956	0.2020	0.2005	0.1736	0.1687	0.1666	0.1570	0.1738	0.1751	0.1604	0.1509	0.1595	0.2313	0.2787	0.2996	0.2552	0.1848	0.2041	0.2029	0.1620	0.1215	0.1007
0.0002	0.0101	0.0225	0.0165	0.0158	0.0187	0.0235	0.0313	0.0345	0.0405	0.0481	0.0555	0.0602	0.0475	0.0445	0.0628	0.0720	0.0550	0.0529	0.0535	0.0728	0.0813	0.0680	0.0753	0.0833	0.0858	0.0802	0.0819	0.0932	0.0850	0.0828	0.0847	0.1021	0.1125	0.1172	0.1184	0.1211	0.1231	0.1270	0.1409	0.1436	0.1615	0.1564	0.1547	0.1553	0.1773	0.2757	0.4041	0.3934	0.3003	0.1970	0.1834	0.1626	0.1670	0.1675	0.1919	0.1761	0.1795	0.2299	0.2686	0.3403	0.3318	0.3385	0.2912	0.2913	0.2522	0.2028	0.1530	0.1357
0.0050	0.0033	0.0084	0.0275	0.0182	0.0211	0.0285	0.0408	0.0533	0.0443	0.0505	0.0528	0.0690	0.0662	0.0459	0.0613	0.0635	0.0635	0.0605	0.0800	0.0722	0.0767	0.0849	0.0727	0.0880	0.0879	0.0806	0.0781	0.0986	0.0942	0.0944	0.1060	0.1175	0.1299	0.1423	0.1529	0.1474	0.1385	0.1379	0.1514	0.1668	0.1691	0.1943	0.1945	0.2258	0.2433	0.3990	0.5968	0.5494	0.4688	0.3462	0.2379	0.2007	0.2217	0.2091	0.2213	0.2320	0.2379	0.3444	0.3794	0.3284	0.3058	0.3820	0.3692	0.3192	0.2617	0.2755	0.2356	0.2027
0.0006	0.0092	0.0220	0.0190	0.0354	0.0284	0.0251	0.0342	0.0454	0.0514	0.0556	0.0529	0.0601	0.0697	0.0562	0.0640	0.0792	0.0861	0.0830	0.0808	0.0860	0.0805	0.0774	0.0825	0.0880	0.0893	0.0958	0.0909	0.0990	0.0966	0.1042	0.1065	0.1282	0.1402	0.1407	0.1550	0.1518	0.1625	0.1619	0.1720	0.1783	0.2075	0.2217	0.2265	0.2883	0.2956	0.4020	0.5922	0.5858	0.5856	0.5089	0.3490	0.2557	0.2743	0.3149	0.3252	0.3106	0.3231	0.4109	0.4194	0.3890	0.3060	0.3675	0.3798	0.3271	0.2903	0.3046	0.3274	0.2629
0.0080	0.0168	0.0191	0.0134	0.0198	0.0331	0.0351	0.0498	0.0555	0.0558	0.0640	0.0633	0.0558	0.0624	0.0581	0.0696	0.0782	0.0832	0.0787	0.0937	0.0980	0.0942	0.0936	0.0901	0.1098	0.1167	0.1164	0.1213	0.1138	0.1130	0.1094	0.1280	0.1317	0.1566	0.1711	0.1738	0.1870	0.2033	0.2025	0.2306	0.2453	0.2758	0.3199	0.3736	0.4119	0.3553	0.4079	0.5472	0.6395	0.6424	0.6219	0.5294	0.4260	0.4908	0.5414	0.5075	0.4581	0.4254	0.4221	0.4202	0.3869	0.3439	0.3778	0.4000	0.3627	0.3064	0.2914	0.3007	0.2739
0.0032	0.0174	0.0200	0.0249	0.0246	0.0399	0.0406	0.0500	0.0620	0.0544	0.0645	0.0718	0.0710	0.0682	0.0634	0.0782	0.0909	0.0935	0.0968	0.0989	0.0982	0.0939	0.0973	0.1073	0.1245	0.1174	0.1304	0.1251	0.1165	0.1324	0.1454	0.1565	0.1693	0.1940	0.2180	0.2132	0.2272	0.2467	0.2895	0.3299	0.3582	0.4609	0.5583	0.6768	0.6580	0.5956	0.5692	0.5788	0.6329	0.7086	0.6499	0.5997	0.5800	0.5970	0.5481	0.5273	0.5368	0.4642	0.4155	0.4407	0.4091	0.4045	0.3940	0.4222	0.3886	0.3258	0.3162	0.3111	0.2847
0.0127	0.0213	0.0275	0.0349	0.0380	0.0441	0.0435	0.0627	0.0678	0.0660	0.0688	0.0760	0.0976	0.0797	0.0760	0.0808	0.1027	0.1076	0.0990	0.1173	0.1294	0.1140	0.1246	0.1356	0.1458	0.1490	0.1416	0.1380	0.1514	0.1532	0.1743	0.1992	0.2143	0.2613	0.2801	0.2614	0.3059	0.3286	0.4293	0.4897	0.5231	0.6329	0.7698	0.8003	0.7348	0.7296	0.6896	0.6634	0.6556	0.6381	0.6217	0.5687	0.6027	0.5647	0.5350	0.5322	0.5330	0.4507	0.4514	0.4474	0.4057	0.4294	0.3958	0.4087	0.3852	0.3318	0.3122	0.3171	0.2998
0.0226	0.0227	0.0300	0.0413	0.0421	0.0591	0.0526	0.0700	0.0626	0.0592	0.0798	0.0888	0.0999	0.0943	0.0891	0.0987	0.1157	0.1226	0.1308	0.1466	0.1463	0.1500	0.1725	0.1574	0.1579	0.1693	0.1743	0.1875	0.1806	0.1927	0.2096	0.2435	0.2947	0.3075	0.3435	0.3697	0.4319	0.4951	0.6962	0.7793	0.7326	0.7414	0.8004	0.7512	0.6989	0.6807	0.6371	0.6312	0.6111	0.5710	0.6090	0.6113	0.5661	0.5405	0.5296	0.5285	0.5212	0.4885	0.4554	0.4281	0.4098	0.3921	0.3958	0.4129	0.4092	0.3597	0.3824	0.3116	0.2915
0.0155	0.0206	0.0257	0.0481	0.0588	0.0631	0.0656	0.0833	0.0858	0.0813	0.0954	0.0931	0.1038	0.1054	0.1063	0.1275	0.1480	0.1371	0.1505	0.1519	0.1661	0.1794	0.1848	0.1903	0.1790	0.1823	0.1865	0.2004	0.2231	0.2402	0.2597	0.3068	0.3698	0.4062	0.4917	0.6583	0.7423	0.6769	0.7850	0.7924	0.7693	0.7363	0.7316	0.6861	0.6472	0.5988	0.5884	0.6150	0.6197	0.5861	0.5948	0.5651	0.5488	0.5067	0.4840	0.5047	0.5234	0.4610	0.4172	0.4217	0.4127	0.4011	0.4147	0.3970	0.3608	0.3461	0.3434	0.3102	0.3124
0.0325	0.0297	0.0521	0.0658	0.0686	0.0614	0.0876	0.1172	0.1159	0.1092	0.1483	0.1473	0.1415	0.1287	0.1579	0.1781	0.1999	0.1769	0.1712	0.1945	0.2021	0.2039	0.1955	0.2078	0.2145	0.2167	0.2228	0.2163	0.2571	0.2656	0.2918	0.3655	0.4380	0.5165	0.7007	0.9353	0.9400	0.8138	0.7370	0.6853	0.6980	0.6719	0.7131	0.6537	0.5819	0.6426	0.5882	0.6097	0.5903	0.6056	0.5833	0.5960	0.5580	0.5340	0.4673	0.5210	0.5021	0.4778	0.4390	0.4511	0.4260	0.3851	0.4166	0.4224	0.3403	0.3134	0.3284	0.3420	0.3132
0.0235	0.0328	0.0626	0.0734	0.1022	0.1419	0.1898	0.2264	0.2083	0.2249	0.3130	0.3256	0.3351	0.2816	0.2773	0.3018	0.2417	0.2271	0.2320	0.2438	0.2627	0.2491	0.2303	0.2464	0.2607	0.2422	0.2579	0.2733	0.2820	0.3000	0.3415	0.4256	0.5164	0.6164	0.8500	0.8821	0.8327	0.7996	0.7561	0.6377	0.6488	0.6404	0.6909	0.6757	0.6266	0.6000	0.5829	0.5998	0.5909	0.5748	0.6118	0.6289	0.5638	0.5421	0.4920	0.4994	0.4988	0.4829	0.4472	0.4510	0.4266	0.4061	0.3807	0.3671	0.3717	0.3100	0.3292	0.3236	0.3163
0.0459	0.0681	0.1165	0.1540	0.1995	0.2685	0.3484	0.3943	0.4223	0.3840	0.4518	0.5062	0.4849	0.4985	0.5158	0.5241	0.4732	0.4036	0.3775	0.3296	0.3214	0.3099	0.2747	0.2870	0.2781	0.2734	0.2773	0.2961	0.2979	0.3491	0.4260	0.5439	0.5855	0.8082	0.9348	0.8084	0.7699	0.7576	0.7084	0.6838	0.6303	0.5929	0.6639	0.6220	0.6121	0.5753	0.5959	0.5790	0.5952	0.5606	0.5784	0.5769	0.5653	0.5383	0.4978	0.4558	0.4573	0.4437	0.4546	0.4248	0.4207	0.4071	0.3742	0.3833	0.3530	0.3045	0.3047	0.3067	0.3232
0.0820	0.1422	0.2338	0.2593	0.3089	0.3321	0.3836	0.4011	0.4235	0.3736	0.4019	0.4397	0.4587	0.5109	0.5487	0.6096	0.6914	0.6576	0.6226	0.5712	0.4798	0.4533	0.3938	0.3582	0.2960	0.2932	0.3331	0.3299	0.3543	0.4152	0.5246	0.6719	0.7160	0.8881	0.8551	0.7617	0.7247	0.7027	0.6598	0.6732	0.6206	0.5810	0.6371	0.5817	0.5947	0.6196	0.6044	0.5499	0.5332	0.5645	0.5547	0.5094	0.4972	0.5018	0.4728	0.4428	0.4321	0.4194	0.4277	0.4252	0.4325	0.4084	0.3874	0.3787	0.3408	0.2971	0.3020	0.2951	0.3056
0.1295	0.2076	0.2500	0.2656	0.2723	0.3210	0.3368	0.3349	0.3634	0.3748	0.4158	0.4367	0.4910	0.4573	0.5097	0.5707	0.6530	0.6992	0.6705	0.7002	0.6507	0.6777	0.6617	0.5523	0.3661	0.3286	0.3850	0.3976	0.4728	0.5539	0.5517	0.6430	0.7926	0.8119	0.7625	0.7267	0.6588	0.6662	0.6032	0.6195	0.6196	0.5940	0.6278	0.5882	0.5895	0.5590	0.5321	0.5299	0.5292	0.5294	0.4765	0.4889	0.4817	0.4951	0.4688	0.4572	0.4458	0.4243	0.4057	0.3949	0.3944	0.4041	0.3901	0.3757	0.3156	0.3091	0.3116	0.3154	0.3019
0.1496	0.1991	0.1945	0.2371	0.2341	0.2840	0.3212	0.3302	0.3401	0.3551	0.4001	0.4301	0.5147	0.4732	0.4506	0.5370	0.6212	0.6554	0.6617	0.6408	0.6831	0.6730	0.7132	0.7141	0.5348	0.4872	0.5318	0.5846	0.6393	0.6834	0.5580	0.6741	0.7599	0.7468	0.7276	0.6862	0.6834	0.6648	0.6403	0.6238	0.5948	0.6002	0.5843	0.5592	0.5237	0.5251	0.5377	0.5438	0.5160	0.5029	0.4999	0.4874	0.4430	0.4735	0.4554	0.4241	0.4250	0.4136	0.4013	0.3820	0.3782	0.4040	0.3582	0.3422	0.3214	0.3126	0.3134	0.2990	0.2742
0.1815	0.2028	0.2185	0.2330	0.2420	0.2582	0.3029	0.3258	0.3419	0.3860	0.4200	0.4377	0.4933	0.4985	0.4909	0.5270	0.6211	0.6573	0.6478	0.6776	0.6915	0.6800	0.6782	0.6804	0.6987	0.6882	0.7464	0.7669	0.7472	0.7534	0.6734	0.7023	0.6961	0.6599	0.6972	0.6697	0.6530	0.6695	0.6319	0.5960	0.5906	0.5792	0.5556	0.5514	0.5353	0.5173	0.4958	0.5173	0.4697	0.4843	0.5147	0.4781	0.4497	0.4394	0.4331	0.4440	0.4343	0.4269	0.3807	0.3746	0.3850	0.3797	0.3550	0.3410	0.3085	0.3098	0.3144	0.3020	0.2724
0.1474	0.1795	0.2238	0.2244	0.2383	0.2501	0.3286	0.3381	0.3439	0.3463	0.4073	0.3998	0.4555	0.4911	0.5131	0.5900	0.6866	0.6590	0.5954	0.6114	0.6473	0.6906	0.6563	0.6726	0.6609	0.6686	0.7315	0.7900	0.7658	0.7476	0.7153	0.6786	0.6871	0.6686	0.6275	0.6259	0.6170	0.6214	0.5891	0.5529	0.5386	0.5508	0.5433	0.5313	0.5534	0.5295	0.5248	0.5518	0.4918	0.5056	0.4950	0.4682	0.4854	0.4688	0.4511	0.4502	0.4385	0.4183	0.3834	0.3883	0.3628	0.3541	0.3474	0.3531	0.3228	0.3346	0.3223	0.2890	0.2830
0.1631	0.1975	0.2146	0.2466	0.2621	0.2772	0.3350	0.3393	0.3336	0.3221	0.3433	0.3764	0.3987	0.4569	0.4752	0.5449	0.6221	0.6234	0.6311	0.6149	0.6413	0.6382	0.6237	0.6416	0.6753	0.6614	0.6921	0.6807	0.6625	0.6737	0.6355	0.6240	0.6426	0.6167	0.6196	0.5946	0.5711	0.5837	0.5491	0.5496	0.5235	0.5412	0.5584	0.5521	0.5287	0.5338	0.5464	0.5300	0.5176	0.5018	0.4679	0.4499	0.4867	0.4655	0.4426	0.4613	0.4482	0.4341	0.4058	0.4110	0.3888	0.3903	0.3596	0.3394	0.3103	0.3175	0.2901	0.2628	0.2918
0.1712	0.1973	0.2160	0.2372	0.2698	0.2769	0.2896	0.3173	0.3367	0.3571	0.3615	0.3699	0.4048	0.4256	0.4600	0.4764	0.5405	0.5712	0.5633	0.5622	0.5581	0.5683	0.5927	0.6069	0.6048	0.5991	0.6095	0.5999	0.6086	0.6207	0.5881	0.5741	0.6012	0.6068	0.6063	0.5949	0.6162	0.5660	0.5432	0.5615	0.5474	0.5614	0.5748	0.5495	0.5480	0.5250	0.5194	0.5277	0.5255	0.5174	0.4984	0.4796	0.4725	0.4474	0.4640	0.4628	0.4517	0.4256	0.4154	0.4165	0.3847	0.3691	0.3664	0.3371	0.3194	0.3025	0.2822	0.2834	0.2721
0.1796	0.1904	0.2308	0.2356	0.2575	0.2846	0.2773	0.2819	0.3135	0.3506	0.3586	0.3718	0.4136	0.4317	0.4565	0.4336	0.4945	0.4985	0.4819	0.4951	0.5236	0.5146	0.5002	0.5292	0.5377	0.5220	0.5450	0.5619	0.5436	0.5470	0.5837	0.5611	0.5691	0.5687	0.5845	0.5624	0.5759	0.5429	0.5423	0.5645	0.5652	0.5570	0.5341	0.5435	0.5591	0.5413	0.5345	0.5413	0.5593	0.5296	0.5230	0.5028	0.4913	0.4788	0.4873	0.4759	0.4530	0.4418	0.4247	0.3913	0.3866	0.3690	0.3689	0.3432	0.3315	0.3181	0.2893	0.2910	0.2805
0.1792	0.2054	0.2503	0.2617	0.2807	0.2741	0.2664	0.3046	0.3074	0.3153	0.3506	0.3692	0.4395	0.4459	0.4487	0.4535	0.4614	0.4571	0.4952	0.4912	0.5013	0.5007	0.4791	0.5162	0.5041	0.5074	0.4975	0.5198	0.5235	0.5330	0.5505	0.5379	0.5663	0.5585	0.5711	0.5616	0.5460	0.5363	0.5634	0.5634	0.5460	0.5387	0.5455	0.5492	0.5519	0.5462	0.5077	0.5203	0.5336	0.5277	0.5148	0.5148	0.5009	0.4746	0.4570	0.4432	0.4458	0.4542	0.4230	0.4223	0.4046	0.3906	0.3808	0.3593	0.3409	0.3238	0.3055	0.2979	0.2843
0.1929	0.2243	0.2397	0.2733	0.2980	0.2868	0.2712	0.2964	0.3142	0.3407	0.3496	0.3694	0.4223	0.4280	0.4459	0.4691	0.4814	0.4665	0.4649	0.4919	0.4779	0.4681	0.4770	0.4997	0.4924	0.5005	0.5032	0.5334	0.5256	0.5157	0.5166	0.5260	0.5322	0.5186	0.5323	0.5409	0.5304	0.5612	0.5575	0.5673	0.5578	0.5444	0.5519	0.5325	0.5488	0.5214	0.5340	0.5555	0.5508	0.5334	0.5311	0.5206	0.5209	0.4973	0.4403	0.4842	0.4693	0.4121	0.4081	0.4467	0.4411	0.4388	0.3905	0.3576	0.3393	0.3301	0.3311	0.3233	0.2845
0.2003	0.2197	0.2307	0.2490	0.2714	0.2743	0.2999	0.2986	0.3294	0.3718	0.3581	0.3704	0.3903	0.4091	0.4543	0.4594	0.4533	0.4795	0.5113	0.4808	0.4857	0.4783	0.5037	0.4999	0.5263	0.4859	0.4976	0.5157	0.5250	0.5067	0.5304	0.5653	0.5615	0.5413	0.5674	0.5598	0.5848	0.5859	0.5579	0.5660	0.5611	0.5392	0.5368	0.5364	0.5358	0.5360	0.5499	0.5606	0.5429	0.5398	0.5308	0.4828	0.4919	0.4981	0.4995	0.4816	0.4593	0.4282	0.4312	0.4081	0.4014	0.3999	0.3837	0.3671	0.3445	0.3490	0.3226	0.3034	0.2820
0.1881	0.2025	0.2402	0.2694	0.2746	0.2848	0.3160	0.3240	0.3323	0.3562	0.3331	0.3775	0.3883	0.4138	0.4231	0.4571	0.4861	0.4970	0.5120	0.4900	0.4611	0.4977	0.4979	0.5037	0.4974	0.4648	0.4955	0.5407	0.5294	0.5312	0.5131	0.5606	0.6114	0.5895	0.5803	0.5468	0.5930	0.5918	0.5595	0.5662	0.5800	0.5675	0.5581	0.5597	0.5460	0.5146	0.5447	0.5389	0.5006	0.5184	0.5177	0.4966	0.4847	0.4808	0.4988	0.4684	0.4531	0.4388	0.4294	0.4177	0.3966	0.3817	0.3539	0.3692	0.3507	0.3397	0.3049	0.3072	0.2910
0.1649	0.1791	0.2147	0.2467	0.2749	0.2650	0.3012	0.3181	0.3405	0.3384	0.3538	0.3925	0.3901	0.4002	0.4234	0.4479	0.5019	0.4989	0.4684	0.4506	0.4785	0.5021	0.4919	0.5101	0.5118	0.4889	0.4625	0.5085	0.5138	0.5391	0.5557	0.5447	0.5732	0.5803	0.6199	0.5962	0.5770	0.5476	0.5419	0.5893	0.5760	0.6126	0.5702	0.5591	0.5403	0.5058	0.5568	0.5405	0.5355	0.5444	0.5388	0.5317	0.5366	0.4940	0.4705	0.4413	0.4351	0.4284	0.4431	0.4462	0.4082	0.4038	0.3666	0.3659	0.3584	0.3369	0.3142	0.3043	0.2781
0.1434	0.1672	0.1916	0.2407	0.2668	0.2516	0.2729	0.2853	0.3214	0.3186	0.3217	0.3592	0.3882	0.3893	0.4192	0.4358	0.4874	0.4889	0.4877	0.4742	0.5061	0.4966	0.5028	0.5382	0.5215	0.5135	0.5036	0.5309	0.5579	0.5556	0.5604	0.5773	0.5819	0.5627	0.6104	0.5994	0.5640	0.5514	0.5585	0.5577	0.5586	0.5663	0.5974	0.5429	0.5343	0.5370	0.5252	0.5710	0.5163	0.5608	0.5553	0.5055	0.5256	0.5362	0.5211	0.4582	0.4406	0.4524	0.4314	0.4317	0.4255	0.4216	0.4203	0.3867	0.3385	0.3313	0.3418	0.3222	0.3109
0.1517	0.1779	0.2091	0.2267	0.2464	0.2722	0.3068	0.2967	0.3324	0.3280	0.3121	0.3758	0.3987	0.3931	0.4051	0.4529	0.5012	0.5039	0.4939	0.5198	0.5480	0.5568	0.5514	0.5711	0.5524	0.5382	0.5469	0.5520	0.5672	0.5599	0.5894	0.6161	0.5991	0.6236	0.6422	0.6227	0.6376	0.5939	0.5771	0.5570	0.5747	0.5732	0.5897	0.5513	0.5351	0.5306	0.5525	0.5863	0.5669	0.5240	0.5312	0.5054	0.5357	0.5326	0.4908	0.4651	0.4712	0.4744	0.4239	0.4100	0.4187	0.4031	0.4144	0.3862	0.3432	0.3361	0.3642	0.3201	0.3213
0.1580	0.1675	0.1921	0.1906	0.2410	0.2508	0.2883	0.3121	0.3382	0.3471	0.3394	0.3575	0.4291	0.4364	0.4225	0.5211	0.5110	0.5495	0.5488	0.5925	0.6051	0.5949	0.5998	0.6135	0.6170	0.6326	0.5987	0.6214	0.6102	0.6219	0.6511	0.6434	0.6306	0.6759	0.6581	0.6353	0.5990	0.6181	0.6071	0.5756	0.5635	0.5613	0.5671	0.5940	0.5403	0.5422	0.5633	0.5621	0.5580	0.5657	0.5573	0.5244	0.5210	0.5101	0.4881	0.4811	0.5028	0.4548	0.4456	0.4363	0.4292	0.4139	0.3853	0.4111	0.3877	0.3634	0.3983	0.3669	0.3374
0.1422	0.1700	0.1850	0.1838	0.2328	0.2282	0.2569	0.2957	0.3064	0.3221	0.3436	0.3806	0.4306	0.4828	0.5175	0.5428	0.5695	0.6100	0.5942	0.6324	0.6758	0.6281	0.6111	0.6685	0.6872	0.6862	0.6724	0.6904	0.6944	0.6662	0.6615	0.6567	0.6595	0.6796	0.7173	0.6666	0.6280	0.6117	0.6042	0.5659	0.5740	0.5685	0.5799	0.5483	0.5247	0.5495	0.5308	0.5663	0.5446	0.5998	0.5625	0.5129	0.5244	0.5419	0.5062	0.4903	0.5128	0.4764	0.4675	0.4669	0.4673	0.4343	0.4200	0.4297	0.4243	0.4038	0.3948	0.3836	0.3490
0.1348	0.1613	0.1816	0.2050	0.2319	0.2425	0.2744	0.2985	0.3436	0.3387	0.3782	0.4136	0.4651	0.5363	0.5482	0.5594	0.6069	0.6360	0.6559	0.6843	0.6743	0.6846	0.7052	0.7053	0.7383	0.7289	0.7402	0.7175	0.6978	0.6941	0.7350	0.6997	0.7264	0.7316	0.7323	0.6764	0.6573	0.6542	0.5980	0.5813	0.5799	0.5761	0.5990	0.5453	0.5427	0.5613	0.5863	0.5848	0.5846	0.5923	0.5514	0.5360	0.5406	0.5242	0.5094	0.4985	0.4776	0.4820	0.4832	0.4643	0.4604	0.4543	0.4564	0.4690	0.4203	0.4106	0.3936	0.3871	0.3655
0.1192	0.1482	0.1714	0.2036	0.2412	0.2684	0.2878	0.3160	0.3646	0.3983	0.4016	0.4427	0.5035	0.5290	0.5452	0.5758	0.6021	0.6609	0.6822	0.6849	0.7223	0.7465	0.7155	0.7453	0.7576	0.7701	0.6775	0.5071	0.4816	0.5361	0.6213	0.7675	0.8376	0.8205	0.7402	0.7159	0.6870	0.6651	0.6077	0.6010	0.5978	0.5926	0.5579	0.5653	0.5339	0.5255	0.5635	0.5635	0.5790	0.5805	0.5424	0.5446	0.5480	0.4970	0.5088	0.5219	0.5129	0.4911	0.5024	0.4771	0.4632	0.4641	0.4815	0.4588	0.4264	0.4067	0.4115	0.4033	0.4011
0.1387	0.1897	0.2047	0.2101	0.2600	0.2891	0.2906	0.3127	0.3731	0.3860	0.4305	0.4706	0.5325	0.5408	0.5715	0.5954	0.6630	0.7518	0.7634	0.7943	0.7993	0.8614	0.8537	0.8281	0.8184	0.7029	0.4054	0.3215	0.3514	0.3625	0.4444	0.6239	0.8823	0.9029	0.8497	0.7437	0.7360	0.7177	0.6864	0.6493	0.6309	0.5982	0.5996	0.5955	0.5809	0.5655	0.6037	0.5931	0.5747	0.5854	0.5820	0.5755	0.5717	0.5584	0.5364	0.5315	0.5490	0.5452	0.5274	0.4905	0.4917	0.4906	0.4908	0.4829	0.4642	0.4459	0.4872	0.4468	0.4306
0.1579	0.2423	0.2762	0.2976	0.3048	0.3207	0.3364	0.3577	0.3898	0.3980	0.4370	0.4861	0.5382	0.5665	0.5936	0.6398	0.7771	0.7928	0.7885	0.8055	0.7914	0.8135	0.8067	0.7156	0.5655	0.3747	0.2890	0.2961	0.3136	0.3411	0.4019	0.5657	0.8984	0.9646	0.9267	0.8366	0.8110	0.8142	0.7544	0.6807	0.6646	0.6580	0.6367	0.6470	0.6329	0.5825	0.6077	0.5947	0.6116	0.6187	0.5955	0.6057	0.5937	0.5860	0.5416	0.5390	0.5531	0.5380	0.5047	0.5270	0.5369	0.5272	0.5388	0.5367	0.4959	0.4990	0.4926	0.4859	0.4559
0.1036	0.2066	0.3114	0.4016	0.4116	0.4383	0.4717	0.4817	0.4785	0.5009	0.4862	0.5256	0.5451	0.6149	0.6540	0.7280	0.7464	0.7855	0.7675	0.6618	0.5384	0.5199	0.4250	0.3373	0.2703	0.2636	0.2671	0.2816	0.3061	0.3402	0.3900	0.4658	0.7988	1.0000	0.9458	0.8571	0.8962	0.8376	0.7967	0.7109	0.6672	0.7002	0.7280	0.6959	0.6769	0.6564	0.6484	0.6257	0.6405	0.6367	0.6264	0.6325	0.6293	0.6379	0.5840	0.5586	0.5487	0.5585	0.5556	0.5502	0.5819	0.5615	0.5522	0.5530	0.5277	0.5317	0.5321	0.5103	0.4955
0.0436	0.0841	0.1583	0.2581	0.3573	0.4146	0.5150	0.5464	0.5736	0.5643	0.6010	0.5964	0.6214	0.6540	0.6586	0.6477	0.5921	0.4982	0.4101	0.3165	0.2639	0.2506	0.2219	0.2315	0.2317	0.2351	0.2409	0.2470	0.2956	0.3265	0.3675	0.4197	0.6052	0.9159	0.9682	0.9229	0.8992	0.7852	0.7990	0.7411	0.7287	0.6975	0.7109	0.6733	0.7098	0.6857	0.6814	0.6354	0.6624	0.6524	0.6118	0.6367	0.6192	0.6310	0.5951	0.5815	0.5896	0.5829	0.5493	0.5722	0.5928	0.5870	0.5761	0.5595	0.5302	0.5350	0.5547	0.5109	0.5104
0.0344	0.0498	0.0661	0.0919	0.1298	0.1856	0.2480	0.3064	0.3540	0.3319	0.3605	0.4113	0.4468	0.4070	0.4045	0.3378	0.2577	0.2261	0.1921	0.1983	0.2200	0.1955	0.1949	0.2031	0.2089	0.2072	0.2160	0.2199	0.2578	0.2945	0.3206	0.3547	0.4250	0.6781	0.9468	0.9554	0.7862	0.5855	0.6571	0.8019	0.7780	0.7147	0.7262	0.6769	0.6937	0.6755	0.6935	0.6666	0.6472	0.6487	0.6592	0.6350	0.6024	0.6149	0.5885	0.5995	0.5972	0.5872	0.5575	0.5790	0.5880	0.5543	0.5457	0.5571	0.5277	0.5035	0.5525	0.4782	0.4618
0.0185	0.0309	0.0485	0.0497	0.0645	0.0755	0.0802	0.0872	0.1140	0.1179	0.1190	0.1485	0.1688	0.1362	0.1509	0.1564	0.1433	0.1558	0.1700	0.1483	0.1602	0.1687	0.1653	0.1888	0.1980	0.1858	0.1851	0.1938	0.2201	0.2414	0.2409	0.2631	0.3128	0.4046	0.5321	0.6485	0.5352	0.4287	0.5436	0.7280	0.7876	0.7178	0.7194	0.7310	0.7097	0.7093	0.7455	0.7336	0.7021	0.6949	0.6654	0.6451	0.6084	0.6093	0.5949	0.6294	0.6431	0.6438	0.5961	0.5683	0.5716	0.5181	0.5208	0.5166	0.4922	0.4164	0.4628	0.4618	0.4571
0.0117	0.0312	0.0395	0.0373	0.0430	0.0469	0.0569	0.0634	0.0654	0.0800	0.0903	0.0869	0.0964	0.0984	0.1016	0.1118	0.1162	0.1229	0.1165	0.1223	0.1328	0.1356	0.1439	0.1595	0.1552	0.1546	0.1622	0.1667	0.1708	0.1894	0.1946	0.2242	0.2218	0.2330	0.2612	0.3179	0.3144	0.3124	0.4039	0.4288	0.4500	0.4772	0.5285	0.6613	0.6845	0.6944	0.7847	0.7630	0.7290	0.7018	0.6618	0.6673	0.6188	0.5929	0.5965	0.6664	0.6932	0.6419	0.5829	0.5946	0.5806	0.5319	0.5323	0.4898	0.4843	0.4834	0.3889	0.4500	0.4666
0.0165	0.0188	0.0324	0.0350	0.0350	0.0362	0.0479	0.0616	0.0545	0.0606	0.0751	0.0779	0.0755	0.0745	0.0881	0.0947	0.0933	0.0820	0.1022	0.1119	0.1159	0.1149	0.1096	0.1317	0.1354	0.1258	0.1333	0.1375	0.1581	0.1671	0.1681	0.1847	0.1991	0.2109	0.2197	0.2264	0.2421	0.2635	0.2876	0.2749	0.2810	0.3079	0.3425	0.4200	0.4513	0.5504	0.7927	0.8023	0.7434	0.7450	0.7249	0.6521	0.6542	0.6279	0.6587	0.6460	0.6411	0.6646	0.6065	0.5947	0.5997	0.5520	0.5099	0.4991	0.4730	0.4953	0.4333	0.4475	0.4040
0.0099	0.0129	0.0313	0.0266	0.0308	0.0511	0.0548	0.0598	0.0601	0.0471	0.0609	0.0642	0.0646	0.0581	0.0690	0.0850	0.0838	0.0855	0.0882	0.0900	0.0919	0.0865	0.1028	0.0976	0.1098	0.1010	0.1045	0.1179	0.1326	0.1391	0.1441	0.1595	0.1685	0.1708	0.1856	0.1863	0.2037	0.2208	0.2336	0.2317	0.2340	0.2798	0.2975	0.3492	0.3881	0.5335	0.7905	0.8151	0.7769	0.7473	0.7321	0.6908	0.6793	0.6435	0.6422	0.6385	0.6196	0.6301	0.6419	0.6111	0.6295	0.5995	0.5262	0.5164	0.4888	0.4883	0.4907	0.4786	0.3577
0.0004	0.0105	0.0214	0.0291	0.0326	0.0322	0.0441	0.0376	0.0489	0.0387	0.0541	0.0591	0.0569	0.0631	0.0619	0.0797	0.0706	0.0636	0.0743	0.0781	0.0713	0.0794	0.0873	0.0864	0.0922	0.0865	0.0815	0.0923	0.0984	0.1030	0.1192	0.1171	0.1135	0.1209	0.1387	0.1446	0.1544	0.1676	0.1754	0.1954	0.2200	0.2342	0.2458	0.3009	0.3515	0.4527	0.7230	0.7966	0.7805	0.7714	0.7499	0.7057	0.7005	0.6678	0.6209	0.5964	0.4719	0.5941	0.6208	0.6047	0.5829	0.5685	0.5329	0.5077	0.4817	0.4892	0.4842	0.4355	0.3136
0.0140	0.0175	0.0253	0.0214	0.0189	0.0141	0.0338	0.0396	0.0374	0.0450	0.0466	0.0450	0.0513	0.0630	0.0560	0.0596	0.0638	0.0645	0.0657	0.0680	0.0610	0.0638	0.0635	0.0625	0.0690	0.0721	0.0719	0.0813	0.0794	0.0906	0.0813	0.0770	0.0876	0.0929	0.1037	0.1097	0.1101	0.1108	0.1244	0.1330	0.1450	0.1558	0.1727	0.2039	0.2345	0.2955	0.4653	0.6746	0.6367	0.5733	0.6421	0.6267	0.6191	0.6391	0.6390	0.5735	0.4686	0.5988	0.5860	0.6084	0.6015	0.5758	0.5261	0.5009	0.4458	0.4064	0.3129	0.2753	0.2037
0.0019	0.0121	0.0126	0.0231	0.0140	0.0177	0.0305	0.0452	0.0357	0.0389	0.0444	0.0400	0.0403	0.0438	0.0506	0.0712	0.0572	0.0613	0.0622	0.0550	0.0608	0.0563	0.0555	0.0646	0.0624	0.0655	0.0624	0.0643	0.0675	0.0693	0.0691	0.0729	0.0784	0.0777	0.0770	0.0863	0.0833	0.0829	0.0952	0.0906	0.1044	0.1162	0.1218	0.1281	0.1446	0.1676	0.2124	0.2845	0.2792	0.2554	0.3180	0.3618	0.3614	0.5095	0.5631	0.4450	0.4588	0.5998	0.6139	0.6179	0.5256	0.5472	0.4868	0.4416	0.3388	0.2120	0.1585	0.1640	0.1528
0.0000	0.0000	0.0170	0.0299	0.0127	0.0132	0.0323	0.0458	0.0368	0.0383	0.0417	0.0342	0.0411	0.0443	0.0523	0.0566	0.0510	0.0485	0.0582	0.0552	0.0637	0.0698	0.0570	0.0596	0.0615	0.0629	0.0574	0.0629	0.0630	0.0614	0.0680	0.0727	0.0738	0.0710	0.0718	0.0732	0.0758	0.0760	0.0815	0.0817	0.0827	0.0937	0.1011	0.0957	0.1051	0.1256	0.1353	0.1345	0.1496	0.1657	0.1604	0.1821	0.1982	0.2609	0.3154	0.3128	0.4793	0.5415	0.5228	0.3810	0.2671	0.3918	0.3602	0.2977	0.2006	0.1345	0.1295	0.1206	0.1225
0.0000	0.0000	0.0050	0.0110	0.0132	0.0144	0.0292	0.0345	0.0306	0.0314	0.0282	0.0332	0.0379	0.0321	0.0414	0.0465	0.0496	0.0452	0.0427	0.0480	0.0562	0.0549	0.0548	0.0559	0.0600	0.0639	0.0596	0.0551	0.0593	0.0573	0.0560	0.0703	0.0674	0.0660	0.0651	0.0641	0.0736	0.0756	0.0716	0.0763	0.0741	0.0788	0.0766	0.0828	0.0853	0.0970	0.1104	0.1127	0.1237	0.1359	0.1319	0.1300	0.1319	0.1553	0.1885	0.2266	0.3972	0.4839	0.3842	0.1844	0.1410	0.2045	0.1892	0.1279	0.1271	0.1190	0.1125	0.0915	0.0971
0.0000	0.0000	0.0064	0.0072	0.0036	0.0077	0.0164	0.0274	0.0292	0.0276	0.0292	0.0388	0.0389	0.0246	0.0413	0.0471	0.0419	0.0407	0.0418	0.0440	0.0506	0.0458	0.0511	0.0478	0.0607	0.0575	0.0506	0.0560	0.0525	0.0536	0.0539	0.0593	0.0531	0.0571	0.0638	0.0608	0.0648	0.0656	0.0707	0.0696	0.0721	0.0740	0.0738	0.0769	0.0742	0.0806	0.0929	0.0950	0.0912	0.1022	0.1079	0.1028	0.1006	0.1152	0.1302	0.1319	0.1866	0.2782	0.2173	0.1233	0.1121	0.1033	0.1069	0.1093	0.1013	0.0920	0.0861	0.0852	0.0837
0.0000	0.0000	0.0000	0.0048	0.0094	0.0066	0.0093	0.0253	0.0236	0.0208	0.0272	0.0207	0.0251	0.0358	0.0357	0.0320	0.0337	0.0316	0.0338	0.0415	0.0426	0.0430	0.0390	0.0440	0.0494	0.0459	0.0388	0.0427	0.0469	0.0505	0.0479	0.0545	0.0541	0.0537	0.0516	0.0553	0.0539	0.0590	0.0634	0.0598	0.0627	0.0663	0.0684	0.0658	0.0646	0.0703	0.0793	0.0773	0.0767	0.0809	0.0810	0.0833	0.0928	0.1008	0.0987	0.0939	0.1042	0.1027	0.1015	0.1001	0.1006	0.0979	0.0849	0.0898	0.0914	0.0779	0.0785	0.0761	0.0663
0.0000	0.0000	0.0000	0.0000	0.0064	0.0000	0.0033	0.0222	0.0109	0.0094	0.0189	0.0197	0.0145	0.0175	0.0225	0.0331	0.0295	0.0277	0.0250	0.0387	0.0346	0.0352	0.0302	0.0371	0.0405	0.0407	0.0400	0.0407	0.0442	0.0500	0.0423	0.0475	0.0508	0.0555	0.0509	0.0478	0.0517	0.0584	0.0673	0.0541	0.0604	0.0615	0.0628	0.0647	0.0673	0.0709	0.0754	0.0696	0.0701	0.0731	0.0691	0.0812	0.0780	0.0827	0.0838	0.0941	0.0869	0.0830	0.0843	0.0790	0.0836	0.0753	0.0797	0.0850	0.0866	0.0737	0.0722	0.0723	0.0631
0.0000	0.0000	0.0000	0.0000	0.0009	0.0000	0.0076	0.0102	0.0124	0.0059	0.0088	0.0276	0.0296	0.0162	0.0240	0.0420	0.0356	0.0311	0.0256	0.0353	0.0296	0.0323	0.0369	0.0286	0.0364	0.0383	0.0410	0.0408	0.0395	0.0443	0.0450	0.0419	0.0515	0.0570	0.0577	0.0467	0.0473	0.0518	0.0591	0.0519	0.0611	0.0557	0.0617	0.0608	0.0589	0.0647	0.0719	0.0688	0.0648	0.0684	0.0726	0.0777	0.0756	0.0786	0.0840	0.0822	0.0704	0.0696	0.0751	0.0756	0.0700	0.0603	0.0666	0.0636	0.0601	0.0584	0.0618	0.0618	0.0517
0.0000	0.0000	0.0000	0.0059	0.0000	0.0000	0.0004	0.0083	0.0137	0.0000	0.0203	0.0300	0.0252	0.0188	0.0236	0.0228	0.0239	0.0281	0.0225	0.0352	0.0292	0.0377	0.0276	0.0379	0.0342	0.0353	0.0447	0.0329	0.0361	0.0394	0.0446	0.0414	0.0431	0.0500	0.0523	0.0447	0.0429	0.0522	0.0592	0.0562	0.0567	0.0531	0.0544	0.0526	0.0535	0.0572	0.0603	0.0602	0.0613	0.0707	0.0676	0.0638	0.0669	0.0703	0.0742	0.0682	0.0681	0.0582	0.0627	0.0661	0.0576	0.0556	0.0622	0.0665	0.0585	0.0501	0.0489	0.0485	0.0429
0.0000	0.0017	0.0000	0.0000	0.0000	0.0022	0.0006	0.0015	0.0044	0.0112	0.0130	0.0176	0.0158	0.0163	0.0341	0.0243	0.0263	0.0202	0.0234	0.0281	0.0319	0.0229	0.0190	0.0316	0.0365	0.0355	0.0330	0.0342	0.0351	0.0306	0.0359	0.0384	0.0404	0.0405	0.0458	0.0488	0.0446	0.0497	0.0480	0.0520	0.0481	0.0594	0.0589	0.0526	0.0534	0.0580	0.0611	0.0541	0.0593	0.0646	0.0608	0.0572	0.0595	0.0569	0.0572	0.0604	0.0625	0.0575	0.0509	0.0510	0.0524	0.0526	0.0538	0.0567	0.0528	0.0457	0.0385	0.0437	0.0352
0.0000	0.0000	0.0000	0.0011	0.0082	0.0000	0.0000	0.0088	0.0120	0.0184	0.0100	0.0098	0.0197	0.0188	0.0287	0.0217	0.0108	0.0117	0.0213	0.0205	0.0257	0.0291	0.0233	0.0229	0.0412	0.0422	0.0314	0.0306	0.0313	0.0420	0.0429	0.0315	0.0337	0.0399	0.0442	0.0449	0.0494	0.0465	0.0485	0.0504	0.0503	0.0551	0.0568	0.0493	0.0504	0.0541	0.0521	0.0594	0.0589	0.0509	0.0572	0.0598	0.0682	0.0494	0.0487	0.0535	0.0516	0.0691	0.0583	0.0596	0.0613	0.0566	0.0660	0.0671	0.0626	0.0522	0.0489	0.0450	0.0423
