0.0000	0.0000	0.0000	0.0025	0.0037	0.0000	0.0018	0.0052	0.0090	0.0000	0.0097	0.0191	0.0137	0.0147	0.0267	0.0407	0.0326	0.0354	0.0270	0.0288	0.0465	0.0315	0.0307	0.0492	0.0506	0.0554	0.0708	0.0553	0.0681	0.0725	0.0646	0.0641	0.0708	0.0944	0.0760	0.0770	0.0926	0.0947	0.0881	0.0760	0.0757	0.0903	0.0923	0.1107	0.0810	0.0960	0.0963	0.0818	0.0759	0.0857	0.0882	0.0828	0.0817	0.0771	0.0805	0.0850	0.0658	0.0624	0.0619	0.0561	0.0495	0.0421	0.0470	0.0586	0.0611	0.0371	0.0348	0.0451	0.0400
0.0000	0.0000	0.0000	0.0010	0.0000	0.0000	0.0106	0.0215	0.0195	0.0000	0.0032	0.0232	0.0320	0.0237	0.0282	0.0341	0.0401	0.0482	0.0384	0.0409	0.0510	0.0413	0.0457	0.0688	0.0727	0.0638	0.0627	0.0725	0.0776	0.0938	0.0891	0.0785	0.0718	0.0777	0.0871	0.0872	0.0935	0.0916	0.1013	0.0960	0.0845	0.0912	0.0890	0.1099	0.0958	0.1018	0.1059	0.0989	0.0950	0.0945	0.1010	0.1000	0.0713	0.0785	0.0795	0.0753	0.0633	0.0736	0.0655	0.0719	0.0643	0.0509	0.0532	0.0710	0.0583	0.0431	0.0439	0.0461	0.0481
0.0000	0.0000	0.0106	0.0000	0.0000	0.0000	0.0054	0.0082	0.0024	0.0064	0.0269	0.0246	0.0308	0.0484	0.0402	0.0457	0.0441	0.0461	0.0383	0.0535	0.0608	0.0587	0.0633	0.0876	0.0805	0.0635	0.0677	0.0671	0.0678	0.0872	0.0891	0.0553	0.0764	0.0912	0.0856	0.0934	0.1041	0.0822	0.0902	0.1083	0.1227	0.1165	0.1074	0.1032	0.1096	0.0979	0.1048	0.1121	0.0997	0.0902	0.1082	0.1153	0.0888	0.1028	0.0907	0.0827	0.0835	0.0761	0.0695	0.0781	0.0850	0.0813	0.0679	0.0755	0.0638	0.0527	0.0596	0.0649	0.0499
0.0000	0.0024	0.0013	0.0036	0.0072	0.0091	0.0087	0.0207	0.0087	0.0258	0.0294	0.0421	0.0424	0.0343	0.0318	0.0360	0.0524	0.0613	0.0547	0.0577	0.0612	0.0738	0.0670	0.0640	0.0622	0.0623	0.0751	0.0673	0.0825	0.0864	0.0790	0.0654	0.0814	0.1081	0.0999	0.0937	0.0997	0.0942	0.0988	0.1128	0.1227	0.1165	0.1118	0.1082	0.1207	0.0993	0.1118	0.1249	0.1077	0.0967	0.1141	0.1064	0.0970	0.1017	0.1160	0.1041	0.0761	0.0861	0.0633	0.0715	0.0878	0.0770	0.0854	0.0776	0.0790	0.0715	0.0551	0.0549	0.0610
0.0003	0.0051	0.0068	0.0166	0.0085	0.0086	0.0103	0.0183	0.0186	0.0126	0.0155	0.0357	0.0562	0.0333	0.0284	0.0435	0.0506	0.0430	0.0597	0.0572	0.0592	0.0711	0.0656	0.0657	0.0670	0.0778	0.0791	0.0732	0.0800	0.0859	0.0811	0.0735	0.1080	0.1098	0.1109	0.0952	0.0995	0.1005	0.1105	0.1127	0.1131	0.1038	0.0990	0.1056	0.1201	0.1130	0.1337	0.1197	0.1256	0.1180	0.1113	0.0971	0.1019	0.1086	0.1069	0.1028	0.0841	0.0876	0.0805	0.0753	0.0787	0.0872	0.0959	0.0847	0.0841	0.0665	0.0728	0.0707	0.0831
0.0000	0.0000	0.0190	0.0104	0.0049	0.0191	0.0253	0.0186	0.0283	0.0226	0.0362	0.0351	0.0520	0.0511	0.0511	0.0548	0.0529	0.0504	0.0490	0.0617	0.0652	0.0676	0.0641	0.0599	0.0664	0.0651	0.0730	0.0724	0.0894	0.0968	0.0996	0.0886	0.0983	0.1215	0.1197	0.1198	0.1092	0.1029	0.1099	0.1033	0.1043	0.1131	0.1097	0.1116	0.1299	0.1287	0.1252	0.1405	0.1303	0.1253	0.1236	0.1201	0.1164	0.1089	0.1162	0.1254	0.1215	0.1054	0.0999	0.1136	0.1106	0.1103	0.1058	0.1196	0.1055	0.0830	0.0848	0.0902	0.0947
0.0000	0.0012	0.0169	0.0110	0.0000	0.0069	0.0288	0.0214	0.0351	0.0375	0.0374	0.0333	0.0410	0.0380	0.0442	0.0598	0.0686	0.0567	0.0487	0.0617	0.0705	0.0752	0.0642	0.0578	0.0775	0.0937	0.0833	0.0825	0.1011	0.1070	0.1113	0.1053	0.1051	0.1149	0.1130	0.1127	0.1012	0.1248	0.1287	0.1228	0.1148	0.1301	0.1266	0.1303	0.1330	0.1419	0.1353	0.1633	0.1466	0.1535	0.1500	0.1510	0.1404	0.1406	0.1399	0.1510	0.1499	0.1248	0.1179	0.1177	0.1242	0.1197	0.1293	0.1394	0.1421	0.1169	0.1228	0.1027	0.1013
0.0044	0.0125	0.0076	0.0172	0.0157	0.0211	0.0333	0.0366	0.0386	0.0469	0.0484	0.0478	0.0529	0.0580	0.0567	0.0673	0.0721	0.0751	0.0683	0.0628	0.0663	0.0836	0.0733	0.0597	0.0863	0.0925	0.0913	0.0973	0.1227	0.1181	0.0999	0.1049	0.1157	0.1067	0.1162	0.1204	0.1241	0.1500	0.1383	0.1384	0.1285	0.1362	0.1471	0.1405	0.1466	0.1767	0.1823	0.2015	0.2069	0.1899	0.1936	0.1784	0.1816	0.1799	0.1605	0.1778	0.1540	0.1547	0.1596	0.1531	0.1536	0.1425	0.1468	0.1540	0.1491	0.1439	0.1450	0.1361	0.1187
0.0027	0.0000	0.0112	0.0288	0.0234	0.0247	0.0311	0.0393	0.0341	0.0421	0.0362	0.0493	0.0562	0.0690	0.0503	0.0663	0.0636	0.0730	0.0776	0.0828	0.0809	0.0767	0.0844	0.0739	0.0901	0.0932	0.0948	0.0903	0.1138	0.1225	0.1225	0.1169	0.1377	0.1205	0.1308	0.1403	0.1347	0.1423	0.1394	0.1570	0.1560	0.1627	0.1737	0.1765	0.1963	0.2392	0.3521	0.4698	0.4584	0.3289	0.2977	0.3654	0.3359	0.2396	0.2112	0.2029	0.1849	0.1822	0.1843	0.1943	0.1861	0.1768	0.1692	0.1649	0.1678	0.1533	0.1473	0.1576	0.1477
0.0058	0.0087	0.0126	0.0126	0.0257	0.0341	0.0355	0.0527	0.0520	0.0485	0.0456	0.0550	0.0497	0.0658	0.0642	0.0773	0.0745	0.0689	0.0794	0.0909	0.0900	0.0908	0.0989	0.1049	0.1095	0.1139	0.1025	0.0975	0.1213	0.1155	0.1180	0.1298	0.1312	0.1274	0.1518	0.1576	0.1664	0.1670	0.1695	0.1818	0.1647	0.2036	0.2123	0.2378	0.2759	0.3395	0.5659	0.6935	0.7006	0.5737	0.5216	0.6158	0.5492	0.4023	0.4085	0.3431	0.2835	0.2342	0.2477	0.2518	0.2174	0.1889	0.1854	0.1903	0.1847	0.1735	0.1671	0.1751	0.1709
0.0044	0.0072	0.0266	0.0225	0.0380	0.0496	0.0475	0.0512	0.0477	0.0603	0.0606	0.0596	0.0622	0.0572	0.0730	0.1024	0.0911	0.0858	0.0850	0.0909	0.1059	0.0964	0.1117	0.1040	0.1354	0.1403	0.1246	0.1230	0.1291	0.1255	0.1311	0.1443	0.1633	0.1620	0.1716	0.1702	0.1873	0.2140	0.2065	0.2115	0.2306	0.2513	0.2842	0.2957	0.3792	0.4095	0.5518	0.7458	0.7491	0.7551	0.7282	0.7376	0.6290	0.5738	0.5719	0.5704	0.4721	0.2982	0.2925	0.3306	0.2640	0.2079	0.2077	0.1980	0.1994	0.1742	0.1545	0.1733	0.1735
0.0151	0.0168	0.0360	0.0318	0.0400	0.0512	0.0513	0.0614	0.0585	0.0583	0.0739	0.0776	0.0620	0.0692	0.0830	0.0847	0.0991	0.1109	0.1115	0.0934	0.1192	0.1278	0.1147	0.1106	0.1383	0.1225	0.1345	0.1322	0.1543	0.1520	0.1608	0.1649	0.1808	0.1930	0.2009	0.1932	0.2107	0.2639	0.2670	0.2712	0.2981	0.3443	0.3605	0.3750	0.4508	0.4936	0.6046	0.7049	0.7219	0.7433	0.7192	0.7034	0.7071	0.6770	0.6252	0.6347	0.6298	0.4642	0.3284	0.3532	0.3213	0.2514	0.2244	0.2452	0.2219	0.1974	0.1863	0.1912	0.1845
0.0247	0.0320	0.0432	0.0276	0.0284	0.0372	0.0496	0.0570	0.0614	0.0713	0.0813	0.0696	0.0802	0.0839	0.0721	0.0850	0.1056	0.1107	0.1196	0.1198	0.1213	0.1355	0.1361	0.1429	0.1458	0.1501	0.1596	0.1798	0.1829	0.2063	0.2004	0.2104	0.2222	0.2353	0.2627	0.2580	0.2718	0.3393	0.3916	0.4218	0.4958	0.6620	0.5567	0.5007	0.4688	0.5251	0.7085	0.7228	0.6850	0.6582	0.6562	0.6856	0.7062	0.6726	0.6474	0.6217	0.6052	0.5598	0.5335	0.5321	0.4525	0.3520	0.3167	0.3552	0.3747	0.2980	0.2773	0.2534	0.2215
0.0211	0.0396	0.0469	0.0372	0.0380	0.0380	0.0570	0.0661	0.0593	0.0768	0.0785	0.0731	0.0990	0.0869	0.0925	0.1027	0.1060	0.1468	0.1558	0.1454	0.1413	0.1413	0.1674	0.1651	0.1618	0.1673	0.1991	0.2242	0.2333	0.3227	0.4198	0.3915	0.3477	0.3495	0.3681	0.4201	0.4749	0.6183	0.7514	0.7434	0.8062	0.8550	0.8038	0.7560	0.6898	0.6504	0.7176	0.6788	0.6087	0.6162	0.6857	0.7281	0.6767	0.6428	0.6534	0.6456	0.6326	0.6037	0.5972	0.6022	0.5588	0.4971	0.4837	0.5212	0.4867	0.4244	0.3728	0.3317	0.3123
0.0043	0.0142	0.0451	0.0572	0.0559	0.0465	0.0615	0.0663	0.0862	0.0918	0.1129	0.1031	0.1100	0.1219	0.1272	0.1408	0.1542	0.1627	0.1544	0.1618	0.1762	0.1912	0.2087	0.2179	0.2344	0.2347	0.2864	0.3600	0.4488	0.6241	0.7822	0.7569	0.6225	0.5117	0.5679	0.6544	0.7226	0.8787	0.8968	0.8631	0.8452	0.8199	0.7951	0.8014	0.7951	0.6707	0.6478	0.6453	0.6538	0.6328	0.6878	0.6620	0.6280	0.5869	0.6098	0.6176	0.6214	0.6031	0.5792	0.5648	0.5334	0.5241	0.5417	0.5161	0.4671	0.4242	0.4171	0.3696	0.3737
0.0069	0.0329	0.0713	0.0600	0.0648	0.0692	0.0692	0.0877	0.0977	0.1021	0.1082	0.1207	0.1344	0.1500	0.1896	0.2022	0.2300	0.2204	0.2400	0.2484	0.2877	0.3050	0.3046	0.3332	0.3444	0.3694	0.4558	0.5803	0.7422	0.7868	0.8244	0.8862	0.9129	0.8353	0.8710	0.8501	0.8500	0.8145	0.7837	0.7787	0.7726	0.7291	0.7657	0.7461	0.7301	0.7508	0.6595	0.6418	0.6438	0.6430	0.6592	0.6751	0.6496	0.5926	0.6031	0.6422	0.6179	0.5924	0.5657	0.5894	0.5477	0.5023	0.5539	0.5469	0.4365	0.3890	0.3974	0.4042	0.3738
0.0336	0.0510	0.0641	0.0709	0.0756	0.0900	0.1183	0.1359	0.1295	0.1495	0.1713	0.1918	0.2421	0.2317	0.2649	0.3030	0.3483	0.3932	0.4506	0.4664	0.5383	0.5300	0.5180	0.5677	0.5893	0.6085	0.6813	0.7471	0.7463	0.7486	0.7777	0.8648	0.8954	0.8742	0.8953	0.8056	0.8309	0.8192	0.7597	0.6703	0.6756	0.7047	0.7486	0.6802	0.6796	0.6683	0.6471	0.6390	0.6181	0.5962	0.6249	0.6864	0.6368	0.5971	0.6119	0.6157	0.5951	0.5468	0.5573	0.5633	0.5036	0.4647	0.4944	0.4999	0.4492	0.3711	0.3711	0.3582	0.3715
0.0489	0.0588	0.0809	0.1235	0.1515	0.1835	0.2352	0.2922	0.3345	0.3386	0.3826	0.3697	0.4145	0.3889	0.4141	0.5261	0.6554	0.6933	0.7319	0.7635	0.7929	0.7777	0.7130	0.7250	0.7028	0.6635	0.6945	0.6920	0.6356	0.7124	0.7352	0.7533	0.8101	0.8246	0.7830	0.7775	0.7707	0.7332	0.7188	0.6876	0.6529	0.6234	0.6915	0.6501	0.6409	0.6105	0.6307	0.5937	0.6055	0.5937	0.5659	0.6187	0.6040	0.5747	0.5683	0.5707	0.5127	0.5203	0.5118	0.5200	0.5029	0.4712	0.4603	0.4701	0.4068	0.3587	0.4036	0.3719	0.3654
0.0818	0.1521	0.2057	0.3113	0.4019	0.4371	0.4935	0.5550	0.6274	0.6124	0.5837	0.5781	0.6215	0.5972	0.6160	0.7154	0.7428	0.7273	0.7352	0.7047	0.7053	0.7110	0.6985	0.6665	0.6325	0.5928	0.6547	0.5981	0.5926	0.6743	0.6402	0.6857	0.7235	0.7416	0.7303	0.7260	0.7128	0.7011	0.7136	0.6982	0.6318	0.6267	0.6381	0.6020	0.6234	0.6367	0.5927	0.5722	0.5656	0.5871	0.6056	0.5746	0.5716	0.5618	0.5453	0.5328	0.4876	0.4898	0.4909	0.4798	0.4951	0.4744	0.4488	0.4328	0.3889	0.3727	0.3805	0.3447	0.3489
0.1793	0.2938	0.3674	0.4185	0.4469	0.4847	0.4765	0.5062	0.5206	0.5451	0.5760	0.5779	0.6298	0.5866	0.5916	0.6411	0.6578	0.6697	0.6614	0.6367	0.6291	0.6384	0.6431	0.6122	0.6093	0.5919	0.5880	0.5931	0.6084	0.6325	0.6173	0.6642	0.6687	0.7021	0.6923	0.6920	0.6891	0.6645	0.6627	0.6552	0.5874	0.6377	0.6196	0.5929	0.6577	0.5818	0.5653	0.5632	0.5697	0.5536	0.5599	0.5594	0.5429	0.5522	0.5447	0.5436	0.4710	0.4690	0.4556	0.4168	0.4437	0.4352	0.4261	0.4403	0.3805	0.3850	0.3518	0.3338	0.3241
0.1920	0.2661	0.3067	0.3117	0.3155	0.3646	0.3930	0.3924	0.3883	0.4346	0.4786	0.4881	0.5670	0.5096	0.5216	0.5670	0.6178	0.6477	0.6126	0.6061	0.5951	0.5767	0.5906	0.5979	0.5367	0.5611	0.5260	0.5674	0.5875	0.5708	0.6206	0.6284	0.6356	0.6920	0.6477	0.6552	0.6461	0.6589	0.6202	0.6287	0.6286	0.5954	0.6039	0.6090	0.5928	0.5821	0.5759	0.5511	0.5361	0.5340	0.5584	0.5323	0.4959	0.5136	0.5244	0.4846	0.4725	0.4487	0.4401	0.4182	0.4209	0.4355	0.3969	0.4031	0.3940	0.3658	0.3603	0.3424	0.3128
0.1913	0.2299	0.2548	0.2655	0.2480	0.2952	0.3610	0.4015	0.3771	0.3851	0.4145	0.4296	0.4721	0.4891	0.5259	0.5390	0.6058	0.6155	0.6071	0.6105	0.6015	0.6106	0.6052	0.5539	0.5337	0.5055	0.5051	0.5178	0.5463	0.5404	0.5681	0.5843	0.6045	0.6150	0.6329	0.6111	0.6141	0.6353	0.6110	0.6190	0.6372	0.6083	0.6014	0.5946	0.5979	0.5846	0.5722	0.5528	0.5093	0.4843	0.5441	0.5257	0.4803	0.4633	0.4671	0.4993	0.5025	0.4749	0.4365	0.4143	0.3937	0.3967	0.3979	0.3836	0.3626	0.3683	0.3453	0.3343	0.3097
0.2199	0.2148	0.2766	0.2661	0.2596	0.3111	0.3448	0.3458	0.3299	0.3134	0.3856	0.3815	0.4239	0.4574	0.4571	0.4866	0.5775	0.5797	0.5396	0.5749	0.5981	0.6061	0.5747	0.5489	0.5138	0.4846	0.4956	0.5310	0.5495	0.5640	0.5361	0.5473	0.5969	0.5892	0.5685	0.6067	0.6214	0.6318	0.5898	0.5646	0.5726	0.5801	0.5904	0.5729	0.6258	0.5958	0.5804	0.5596	0.5120	0.5005	0.5168	0.5177	0.5333	0.4903	0.4818	0.4934	0.4754	0.4483	0.4258	0.4462	0.4055	0.3794	0.3673	0.3849	0.3673	0.3628	0.3462	0.3119	0.3040
0.2013	0.2150	0.2628	0.2833	0.2865	0.3217	0.3506	0.3515	0.3368	0.3168	0.3447	0.3655	0.3776	0.4071	0.4327	0.4556	0.5285	0.5440	0.5386	0.5698	0.5809	0.5580	0.4986	0.4864	0.5483	0.4829	0.5148	0.5494	0.5521	0.5520	0.5695	0.5820	0.5865	0.5944	0.5952	0.5889	0.6005	0.5939	0.5804	0.5813	0.5921	0.5736	0.6050	0.6004	0.5977	0.5911	0.5978	0.5486	0.5352	0.5215	0.4987	0.5087	0.5266	0.4925	0.4818	0.4883	0.4701	0.4409	0.4379	0.4212	0.4237	0.3998	0.3867	0.3782	0.3534	0.3406	0.3246	0.3130	0.3026
0.2064	0.2469	0.2544	0.2565	0.3159	0.3069	0.3383	0.3287	0.3499	0.3516	0.3569	0.3853	0.4199	0.4044	0.4000	0.4368	0.4999	0.4955	0.5218	0.5396	0.5256	0.5003	0.5184	0.5315	0.5145	0.5089	0.5107	0.5181	0.5632	0.5606	0.5619	0.5901	0.5749	0.6195	0.6205	0.6220	0.6345	0.5947	0.5884	0.5878	0.6181	0.6061	0.6037	0.5730	0.5933	0.5702	0.5722	0.5577	0.5520	0.5380	0.5148	0.5018	0.5116	0.5015	0.4895	0.4830	0.4708	0.4384	0.4488	0.4468	0.4483	0.4426	0.4260	0.3787	0.3755	0.3536	0.3166	0.2977	0.2964
0.2408	0.2672	0.2741	0.2811	0.3046	0.3024	0.3303	0.3221	0.3246	0.3451	0.3740	0.3978	0.4121	0.4239	0.4113	0.4594	0.5125	0.4876	0.4791	0.5267	0.5658	0.5123	0.5003	0.5123	0.5182	0.5082	0.5304	0.5728	0.5550	0.5600	0.6079	0.5744	0.5899	0.6257	0.6224	0.5883	0.6032	0.6065	0.6241	0.5952	0.5829	0.6087	0.5656	0.5839	0.5852	0.5793	0.5957	0.5719	0.5496	0.5337	0.5535	0.5204	0.4993	0.4986	0.5165	0.4998	0.4812	0.4717	0.4617	0.4218	0.4402	0.4227	0.3972	0.3975	0.3704	0.3625	0.3310	0.3270	0.3034
0.2387	0.2621	0.2817	0.3045	0.3062	0.3052	0.2981	0.3181	0.3232	0.3242	0.3674	0.3884	0.4349	0.4368	0.4150	0.4737	0.4980	0.4577	0.4986	0.5139	0.5370	0.4984	0.4980	0.5266	0.4877	0.4991	0.4972	0.5269	0.5394	0.5588	0.5902	0.5939	0.6162	0.6269	0.6025	0.5813	0.5888	0.6119	0.6117	0.5984	0.5970	0.5909	0.5836	0.5653	0.6100	0.5834	0.5696	0.5369	0.5296	0.5305	0.5468	0.5215	0.5049	0.4856	0.4970	0.5179	0.4672	0.4556	0.4403	0.4528	0.4301	0.4022	0.3966	0.3978	0.3718	0.3635	0.3364	0.3273	0.3045
0.2331	0.2769	0.2947	0.2886	0.2759	0.2950	0.3151	0.3253	0.3008	0.3397	0.3655	0.4085	0.4530	0.4031	0.4161	0.4339	0.4671	0.4723	0.5120	0.5655	0.5006	0.5007	0.5062	0.5476	0.5254	0.5055	0.5260	0.5235	0.5448	0.5610	0.5607	0.6045	0.5852	0.5702	0.5693	0.5958	0.5838	0.5876	0.5948	0.6051	0.6415	0.5893	0.5885	0.5509	0.5791	0.5744	0.5430	0.5569	0.5415	0.5106	0.5583	0.5493	0.5512	0.4848	0.4833	0.4858	0.4692	0.4380	0.4277	0.4652	0.4463	0.4450	0.4112	0.3789	0.3591	0.3473	0.3542	0.3644	0.3384
0.2258	0.2813	0.2960	0.2967	0.3026	0.3032	0.3561	0.3284	0.3235	0.3671	0.3589	0.3866	0.3936	0.4064	0.4138	0.4583	0.4674	0.4796	0.5187	0.5278	0.5192	0.4778	0.4857	0.5232	0.5123	0.4837	0.5482	0.5591	0.5828	0.5594	0.5572	0.5993	0.5914	0.5758	0.5794	0.6006	0.5930	0.6079	0.5946	0.5960	0.6260	0.6244	0.5984	0.5686	0.5654	0.5624	0.5709	0.5625	0.5619	0.5216	0.5311	0.5103	0.5197	0.5140	0.5185	0.4962	0.4800	0.4823	0.4539	0.4440	0.4402	0.4288	0.4042	0.4035	0.3926	0.3708	0.3459	0.3443	0.3124
0.2384	0.2677	0.3018	0.3175	0.2953	0.3225	0.3227	0.3177	0.3514	0.3653	0.3701	0.4082	0.4048	0.4187	0.4101	0.4813	0.4999	0.5257	0.4849	0.4788	0.4796	0.4662	0.4747	0.5204	0.4996	0.4634	0.5025	0.5605	0.5578	0.5759	0.5523	0.6182	0.6315	0.6131	0.5962	0.6155	0.6517	0.6559	0.6112	0.6009	0.5997	0.6275	0.5996	0.5788	0.5748	0.5646	0.5963	0.5537	0.5420	0.5456	0.5531	0.5411	0.5278	0.5050	0.5218	0.5075	0.4677	0.4637	0.4410	0.4368	0.4473	0.4360	0.3995	0.4016	0.4024	0.3733	0.3495	0.3747	0.3389
0.2273	0.2360	0.2583	0.2871	0.2991	0.3092	0.3262	0.3408	0.3709	0.3835	0.3865	0.4098	0.4064	0.4121	0.4007	0.4766	0.4953	0.4788	0.4819	0.5036	0.4703	0.4813	0.5070	0.5017	0.4858	0.4980	0.4726	0.5152	0.5228	0.5651	0.5803	0.6174	0.6295	0.6091	0.6180	0.6347	0.6242	0.6203	0.5937	0.6306	0.5860	0.6203	0.5943	0.5803	0.5744	0.5533	0.5781	0.5549	0.5382	0.5678	0.5563	0.5425	0.5616	0.5285	0.4884	0.5075	0.4762	0.4433	0.4462	0.4688	0.4166	0.4295	0.4372	0.4121	0.4034	0.3920	0.3797	0.3674	0.3461
0.2432	0.2617	0.2488	0.2654	0.3063	0.3044	0.3291	0.3499	0.3452	0.3643	0.3798	0.3764	0.3855	0.4028	0.4244	0.4582	0.4972	0.4914	0.5002	0.4823	0.4741	0.4986	0.4942	0.4467	0.5042	0.5226	0.4964	0.5393	0.5474	0.5370	0.5656	0.6016	0.5924	0.5880	0.6283	0.6182	0.6163	0.5967	0.6065	0.6178	0.5910	0.5853	0.6013	0.5840	0.6172	0.5524	0.5498	0.6008	0.5159	0.5396	0.5668	0.5363	0.5401	0.5573	0.5364	0.5221	0.4880	0.4785	0.4354	0.4546	0.4569	0.4430	0.4673	0.4297	0.4129	0.3942	0.3736	0.3535	0.3525
0.2357	0.2600	0.2634	0.2640	0.3089	0.2967	0.3510	0.3299	0.3465	0.3731	0.3580	0.4066	0.4246	0.4169	0.4262	0.4571	0.4975	0.4938	0.4880	0.4635	0.4824	0.5156	0.5033	0.4945	0.5280	0.4896	0.4893	0.5357	0.5516	0.5485	0.5650	0.5888	0.5879	0.5938	0.6648	0.6622	0.6850	0.6174	0.6493	0.6232	0.6265	0.5969	0.6142	0.6003	0.5959	0.5677	0.5698	0.5912	0.5710	0.5660	0.5596	0.5313	0.5816	0.5606	0.5438	0.5120	0.5015	0.5039	0.4547	0.4645	0.4447	0.4480	0.4602	0.4207	0.4161	0.3843	0.3815	0.3560	0.3424
0.2064	0.2232	0.2605	0.2821	0.2976	0.3100	0.3440	0.3343	0.3553	0.3889	0.3787	0.3876	0.4152	0.4548	0.4052	0.4738	0.4866	0.4951	0.4987	0.4866	0.4917	0.4939	0.4998	0.5010	0.4874	0.4870	0.5006	0.5429	0.5316	0.5406	0.5696	0.5984	0.6156	0.6432	0.6273	0.6334	0.6377	0.6176	0.6495	0.6307	0.6140	0.5991	0.5873	0.5908	0.5677	0.5608	0.5789	0.5505	0.5700	0.5828	0.5631	0.5119	0.5467	0.5354	0.5511	0.5126	0.4944	0.4822	0.4598	0.4621	0.4557	0.4669	0.4476	0.4430	0.4193	0.4094	0.4255	0.3953	0.3571
0.2142	0.2368	0.2539	0.2415	0.2837	0.3023	0.3165	0.3517	0.3503	0.3928	0.3739	0.3714	0.4049	0.4462	0.4328	0.4604	0.5043	0.5271	0.5119	0.4982	0.5173	0.4836	0.4879	0.5106	0.5294	0.5028	0.4895	0.5256	0.5237	0.5236	0.5371	0.5928	0.6089	0.5956	0.6569	0.6527	0.6160	0.6340	0.6156	0.6161	0.6319	0.6239	0.5839	0.5921	0.5783	0.5902	0.5481	0.5729	0.5329	0.6080	0.5864	0.5428	0.5380	0.5595	0.5179	0.5213	0.5049	0.4846	0.4757	0.4727	0.4650	0.4598	0.4345	0.4522	0.4622	0.4361	0.4247	0.4172	0.3829
0.2084	0.2388	0.2318	0.2712	0.3014	0.3173	0.3408	0.3838	0.3562	0.3919	0.4048	0.4121	0.4163	0.4532	0.4595	0.4970	0.5136	0.5401	0.5343	0.5293	0.5315	0.5320	0.5315	0.5005	0.5286	0.5129	0.5233	0.5363	0.5444	0.5394	0.5468	0.5534	0.5786	0.6015	0.6165	0.6413	0.6189	0.6181	0.5941	0.5899	0.6231	0.6049	0.5994	0.6015	0.6021	0.6066	0.6132	0.6245	0.6074	0.6003	0.6000	0.5842	0.5654	0.5302	0.5239	0.5263	0.4705	0.4804	0.4615	0.4538	0.4713	0.4762	0.4775	0.4579	0.4542	0.4455	0.4311	0.4253	0.4248
0.2010	0.2250	0.2522	0.2739	0.2876	0.3258	0.3818	0.3829	0.4076	0.4074	0.3847	0.4219	0.4431	0.4754	0.4864	0.5548	0.5847	0.6012	0.6095	0.6218	0.6132	0.5941	0.5709	0.5845	0.5038	0.5021	0.5041	0.5220	0.5342	0.5375	0.5449	0.5623	0.5696	0.6189	0.6078	0.6164	0.6238	0.6269	0.5926	0.5709	0.5983	0.5979	0.5959	0.6179	0.6178	0.6098	0.6259	0.6407	0.6567	0.6106	0.5884	0.5527	0.5424	0.5290	0.5165	0.5222	0.5285	0.5103	0.5067	0.4764	0.4657	0.4675	0.4928	0.4612	0.4630	0.4541	0.4635	0.4313	0.4753
0.2199	0.2608	0.2625	0.2700	0.3022	0.3515	0.3921	0.4264	0.4532	0.4455	0.4466	0.4797	0.4699	0.4618	0.5427	0.5925	0.6414	0.6863	0.7076	0.7183	0.6829	0.6824	0.6529	0.6144	0.5621	0.5702	0.5458	0.5502	0.5654	0.5219	0.5804	0.5986	0.5650	0.6150	0.6262	0.6219	0.6305	0.6357	0.6107	0.5874	0.6128	0.5758	0.6173	0.6065	0.6193	0.6297	0.6507	0.6750	0.6554	0.6199	0.6046	0.5857	0.5733	0.5453	0.5274	0.5242	0.5467	0.5313	0.5409	0.5074	0.5153	0.4941	0.5090	0.5270	0.5013	0.4546	0.4901	0.4838	0.4753
0.2443	0.3588	0.3930	0.3721	0.4175	0.4721	0.4682	0.5109	0.5281	0.5437	0.5627	0.5984	0.5733	0.5825	0.6017	0.6519	0.7383	0.7215	0.7188	0.7240	0.6848	0.7107	0.7445	0.7030	0.6964	0.6547	0.6167	0.5732	0.5924	0.5874	0.5889	0.5861	0.5832	0.6149	0.6646	0.6330	0.6376	0.6329	0.6029	0.5867	0.6185	0.6202	0.6351	0.6421	0.6361	0.6321	0.6588	0.6438	0.6563	0.6465	0.6249	0.6211	0.6057	0.5826	0.5580	0.5603	0.5351	0.5510	0.5491	0.5605	0.5521	0.5434	0.5382	0.5564	0.5164	0.4822	0.4793	0.5023	0.4911
0.1383	0.2343	0.3414	0.4174	0.4983	0.5319	0.5856	0.6141	0.6251	0.6324	0.5992	0.6459	0.6203	0.6267	0.7153	0.7524	0.7754	0.7886	0.8111	0.7953	0.7464	0.7593	0.7728	0.7409	0.6815	0.6735	0.6848	0.6536	0.6742	0.6449	0.6336	0.6031	0.5965	0.6339	0.6139	0.6380	0.6659	0.6378	0.6355	0.6363	0.6347	0.6515	0.6885	0.6929	0.6739	0.6761	0.6927	0.6703	0.6591	0.6361	0.6453	0.6439	0.6572	0.6438	0.6040	0.5949	0.5758	0.6134	0.6287	0.6165	0.5929	0.5828	0.5802	0.5638	0.5116	0.5067	0.4984	0.4692	0.4764
0.0754	0.0995	0.1417	0.1739	0.2294	0.2743	0.3293	0.3409	0.3859	0.4118	0.4207	0.4050	0.4172	0.4210	0.5355	0.6217	0.6757	0.7223	0.7639	0.6983	0.6032	0.6364	0.6389	0.5252	0.4821	0.5517	0.7214	0.7891	0.8369	0.8132	0.7482	0.7350	0.7056	0.6725	0.6766	0.6903	0.7271	0.6977	0.6724	0.6569	0.7079	0.6877	0.7299	0.6881	0.6928	0.6995	0.6988	0.6946	0.6734	0.6554	0.6269	0.6773	0.6659	0.6735	0.6336	0.6438	0.6608	0.6300	0.5016	0.5971	0.6626	0.6435	0.5991	0.5911	0.5281	0.5176	0.5219	0.4983	0.4548
0.0349	0.0512	0.0622	0.0739	0.0956	0.1088	0.1075	0.1419	0.1527	0.1585	0.1739	0.1871	0.2052	0.2209	0.2662	0.2880	0.3073	0.3304	0.3575	0.3346	0.3527	0.3425	0.3611	0.3523	0.4002	0.4253	0.5904	0.8032	0.8419	0.7994	0.8421	0.8132	0.8294	0.8647	0.8316	0.8285	0.8066	0.8017	0.7427	0.7411	0.7459	0.6964	0.7124	0.6980	0.7237	0.7094	0.7247	0.7150	0.6504	0.6472	0.6795	0.7128	0.6878	0.6909	0.6513	0.6579	0.6604	0.4602	0.3441	0.4531	0.6380	0.6519	0.6348	0.5917	0.5592	0.5356	0.5103	0.4687	0.4396
0.0066	0.0306	0.0443	0.0551	0.0601	0.0720	0.0608	0.0748	0.0872	0.1040	0.1077	0.1022	0.1222	0.1318	0.1381	0.1655	0.1719	0.1831	0.2095	0.2029	0.2120	0.2252	0.2590	0.2782	0.3073	0.3074	0.3477	0.4916	0.5207	0.4714	0.5401	0.5636	0.7263	0.9813	0.9866	0.9084	0.8866	0.8832	0.8051	0.7763	0.8327	0.7511	0.7574	0.7619	0.7279	0.7081	0.7252	0.7275	0.6602	0.6653	0.6650	0.6840	0.5808	0.5328	0.4984	0.5878	0.5494	0.3486	0.3155	0.3630	0.4301	0.5485	0.5722	0.5596	0.5466	0.5530	0.5294	0.4916	0.4885
0.0086	0.0295	0.0266	0.0445	0.0652	0.0660	0.0601	0.0599	0.0765	0.0821	0.0830	0.0825	0.0994	0.1030	0.0997	0.1070	0.1417	0.1357	0.1338	0.1490	0.1427	0.1483	0.1794	0.1961	0.2098	0.2203	0.2320	0.2670	0.2984	0.3203	0.3462	0.4083	0.4851	0.6891	0.8966	0.9899	0.9969	0.9541	0.8898	0.8534	0.8202	0.7909	0.7713	0.7055	0.7125	0.7033	0.6768	0.6660	0.6551	0.6339	0.5762	0.4624	0.2990	0.2703	0.2655	0.3238	0.3243	0.2688	0.2661	0.2801	0.2808	0.3178	0.3463	0.3923	0.5303	0.5886	0.5247	0.4682	0.4940
0.0081	0.0179	0.0318	0.0344	0.0461	0.0470	0.0468	0.0498	0.0564	0.0632	0.0728	0.0694	0.0650	0.0716	0.0872	0.0880	0.0955	0.0879	0.1011	0.1147	0.1188	0.1165	0.1241	0.1366	0.1506	0.1626	0.1752	0.1842	0.2234	0.2394	0.2466	0.2869	0.3195	0.3983	0.5292	0.7676	0.9800	1.0000	0.9653	0.9283	0.8328	0.8325	0.7815	0.7595	0.7372	0.6995	0.6536	0.6744	0.6511	0.6571	0.5459	0.2866	0.2256	0.2165	0.2312	0.2262	0.2204	0.2247	0.2238	0.2299	0.2373	0.2465	0.2568	0.2713	0.3818	0.5069	0.5034	0.5109	0.4710
0.0138	0.0135	0.0249	0.0279	0.0451	0.0367	0.0409	0.0628	0.0550	0.0611	0.0579	0.0546	0.0591	0.0599	0.0687	0.0770	0.0699	0.0767	0.0963	0.0927	0.0987	0.0944	0.0935	0.0973	0.1003	0.1088	0.1223	0.1268	0.1425	0.1677	0.1723	0.1800	0.1981	0.2293	0.2772	0.3630	0.5858	0.7437	0.6456	0.6625	0.7716	0.8354	0.7909	0.8049	0.7628	0.7065	0.6670	0.6565	0.4668	0.3663	0.3164	0.2192	0.1931	0.1774	0.1884	0.1797	0.1801	0.1900	0.1901	0.1953	0.2128	0.2187	0.2099	0.2395	0.2584	0.2980	0.4162	0.4820	0.4540
0.0294	0.0248	0.0130	0.0306	0.0444	0.0368	0.0459	0.0549	0.0483	0.0583	0.0612	0.0564	0.0682	0.0647	0.0602	0.0719	0.0721	0.0733	0.0743	0.0791	0.0791	0.0856	0.0841	0.0992	0.0846	0.0938	0.1108	0.1054	0.1164	0.1203	0.1184	0.1167	0.1190	0.1354	0.1626	0.1687	0.1933	0.2385	0.2196	0.2659	0.3998	0.5397	0.6831	0.6294	0.6234	0.7314	0.6727	0.5047	0.2293	0.1613	0.1786	0.1652	0.1670	0.1531	0.1538	0.1604	0.1673	0.1626	0.1588	0.1612	0.1601	0.1556	0.1670	0.1746	0.1877	0.1914	0.2401	0.4011	0.4410
0.0151	0.0147	0.0279	0.0294	0.0235	0.0334	0.0475	0.0479	0.0358	0.0426	0.0606	0.0575	0.0547	0.0578	0.0522	0.0618	0.0757	0.0843	0.0713	0.0816	0.0667	0.0692	0.0754	0.0736	0.0759	0.0866	0.0919	0.0913	0.0996	0.1127	0.0926	0.1003	0.1032	0.1107	0.1210	0.1159	0.1372	0.1367	0.1278	0.1349	0.1635	0.2001	0.2953	0.2698	0.3986	0.7205	0.6249	0.2783	0.1294	0.1270	0.1449	0.1443	0.1427	0.1334	0.1408	0.1545	0.1528	0.1459	0.1448	0.1416	0.1302	0.1358	0.1406	0.1462	0.1397	0.1512	0.1465	0.1871	0.2113
0.0030	0.0158	0.0249	0.0206	0.0243	0.0341	0.0341	0.0396	0.0316	0.0464	0.0406	0.0479	0.0585	0.0511	0.0562	0.0672	0.0648	0.0633	0.0600	0.0563	0.0631	0.0688	0.0649	0.0696	0.0720	0.0754	0.0684	0.0768	0.0881	0.0876	0.0826	0.0855	0.0936	0.0931	0.0940	0.0981	0.1096	0.1086	0.1008	0.1013	0.1074	0.1232	0.1340	0.1323	0.1975	0.3455	0.2599	0.1323	0.1064	0.1051	0.1106	0.1096	0.1043	0.1047	0.1126	0.1230	0.1210	0.1221	0.1347	0.1374	0.1206	0.1193	0.1173	0.1209	0.1116	0.1153	0.1219	0.1287	0.1243
0.0000	0.0044	0.0149	0.0209	0.0199	0.0239	0.0230	0.0326	0.0246	0.0406	0.0291	0.0367	0.0446	0.0403	0.0515	0.0690	0.0578	0.0528	0.0464	0.0475	0.0611	0.0681	0.0565	0.0569	0.0732	0.0676	0.0650	0.0772	0.0722	0.0734	0.0782	0.0759	0.0821	0.0715	0.0795	0.0897	0.0885	0.0893	0.0878	0.0954	0.0948	0.0929	0.1015	0.0962	0.1131	0.1067	0.1018	0.0988	0.0936	0.0930	0.0916	0.0905	0.0856	0.0806	0.0882	0.0950	0.1000	0.0932	0.1031	0.1165	0.1070	0.0955	0.0953	0.1051	0.1095	0.0959	0.0977	0.1021	0.0992
0.0000	0.0000	0.0198	0.0073	0.0110	0.0129	0.0243	0.0252	0.0360	0.0291	0.0327	0.0377	0.0372	0.0363	0.0471	0.0449	0.0452	0.0520	0.0525	0.0529	0.0537	0.0568	0.0554	0.0628	0.0654	0.0694	0.0665	0.0697	0.0666	0.0626	0.0652	0.0773	0.0793	0.0771	0.0676	0.0779	0.0870	0.0834	0.0730	0.0873	0.0926	0.0827	0.0899	0.0841	0.0812	0.0886	0.0907	0.0888	0.0810	0.0854	0.0886	0.0780	0.0703	0.0720	0.0845	0.0798	0.0791	0.0816	0.0805	0.0839	0.0892	0.0812	0.0822	0.0801	0.0864	0.0936	0.0875	0.0876	0.0886
0.0046	0.0000	0.0109	0.0033	0.0089	0.0067	0.0099	0.0202	0.0252	0.0325	0.0316	0.0280	0.0354	0.0338	0.0437	0.0327	0.0396	0.0417	0.0456	0.0524	0.0498	0.0557	0.0603	0.0538	0.0544	0.0630	0.0488	0.0570	0.0642	0.0537	0.0552	0.0647	0.0652	0.0734	0.0733	0.0814	0.0767	0.0805	0.0689	0.0713	0.0827	0.0735	0.0777	0.0782	0.0697	0.0725	0.0755	0.0682	0.0675	0.0689	0.0717	0.0713	0.0602	0.0669	0.0739	0.0642	0.0657	0.0712	0.0653	0.0764	0.0747	0.0702	0.0774	0.0729	0.0756	0.0687	0.0665	0.0753	0.0793
0.0000	0.0000	0.0017	0.0067	0.0142	0.0070	0.0102	0.0316	0.0155	0.0246	0.0355	0.0271	0.0245	0.0232	0.0366	0.0299	0.0384	0.0461	0.0420	0.0461	0.0406	0.0521	0.0525	0.0472	0.0462	0.0510	0.0539	0.0498	0.0560	0.0543	0.0560	0.0576	0.0539	0.0634	0.0603	0.0674	0.0671	0.0671	0.0681	0.0644	0.0696	0.0713	0.0737	0.0690	0.0646	0.0644	0.0704	0.0600	0.0624	0.0618	0.0548	0.0543	0.0575	0.0622	0.0568	0.0592	0.0580	0.0511	0.0600	0.0687	0.0638	0.0574	0.0546	0.0629	0.0667	0.0583	0.0617	0.0574	0.0627
0.0000	0.0000	0.0000	0.0000	0.0000	0.0000	0.0083	0.0144	0.0156	0.0027	0.0112	0.0345	0.0171	0.0207	0.0175	0.0263	0.0433	0.0445	0.0277	0.0426	0.0411	0.0386	0.0365	0.0459	0.0462	0.0472	0.0533	0.0510	0.0551	0.0521	0.0539	0.0507	0.0528	0.0604	0.0652	0.0550	0.0531	0.0639	0.0692	0.0588	0.0630	0.0718	0.0659	0.0620	0.0637	0.0619	0.0691	0.0624	0.0583	0.0519	0.0517	0.0570	0.0544	0.0570	0.0609	0.0625	0.0545	0.0463	0.0499	0.0566	0.0546	0.0512	0.0573	0.0542	0.0630	0.0487	0.0510	0.0568	0.0540
0.0000	0.0000	0.0000	0.0001	0.0000	0.0000	0.0002	0.0016	0.0173	0.0146	0.0115	0.0277	0.0295	0.0269	0.0272	0.0251	0.0307	0.0300	0.0228	0.0365	0.0451	0.0340	0.0391	0.0371	0.0472	0.0460	0.0465	0.0498	0.0486	0.0543	0.0532	0.0489	0.0562	0.0590	0.0628	0.0537	0.0558	0.0630	0.0611	0.0587	0.0626	0.0630	0.0589	0.0674	0.0614	0.0654	0.0621	0.0552	0.0559	0.0566	0.0606	0.0567	0.0557	0.0555	0.0527	0.0562	0.0558	0.0460	0.0528	0.0440	0.0483	0.0466	0.0384	0.0354	0.0463	0.0407	0.0486	0.0440	0.0391
0.0000	0.0000	0.0000	0.0000	0.0000	0.0006	0.0028	0.0134	0.0038	0.0101	0.0255	0.0269	0.0178	0.0149	0.0195	0.0189	0.0209	0.0303	0.0281	0.0411	0.0337	0.0244	0.0257	0.0367	0.0420	0.0414	0.0413	0.0424	0.0434	0.0491	0.0528	0.0458	0.0485	0.0563	0.0548	0.0441	0.0511	0.0587	0.0611	0.0555	0.0538	0.0534	0.0569	0.0548	0.0497	0.0562	0.0571	0.0590	0.0497	0.0498	0.0594	0.0474	0.0520	0.0503	0.0529	0.0542	0.0505	0.0458	0.0489	0.0396	0.0421	0.0337	0.0445	0.0451	0.0425	0.0375	0.0387	0.0378	0.0339
0.0000	0.0000	0.0000	0.0000	0.0000	0.0000	0.0000	0.0102	0.0006	0.0030	0.0080	0.0100	0.0112	0.0098	0.0127	0.0253	0.0189	0.0161	0.0196	0.0272	0.0320	0.0351	0.0318	0.0327	0.0438	0.0336	0.0459	0.0434	0.0430	0.0402	0.0500	0.0416	0.0418	0.0431	0.0467	0.0535	0.0534	0.0605	0.0553	0.0554	0.0500	0.0531	0.0555	0.0590	0.0570	0.0528	0.0516	0.0464	0.0487	0.0467	0.0436	0.0364	0.0440	0.0397	0.0421	0.0508	0.0388	0.0366	0.0337	0.0356	0.0353	0.0284	0.0410	0.0370	0.0307	0.0343	0.0287	0.0270	0.0302
0.0000	0.0000	0.0000	0.0000	0.0000	0.0000	0.0000	0.0062	0.0000	0.0014	0.0105	0.0114	0.0163	0.0073	0.0210	0.0166	0.0248	0.0266	0.0250	0.0175	0.0330	0.0312	0.0352	0.0265	0.0425	0.0417	0.0417	0.0378	0.0482	0.0459	0.0478	0.0417	0.0552	0.0471	0.0540	0.0470	0.0488	0.0486	0.0505	0.0488	0.0569	0.0592	0.0548	0.0643	0.0561	0.0468	0.0565	0.0516	0.0478	0.0430	0.0411	0.0481	0.0461	0.0390	0.0441	0.0427	0.0306	0.0377	0.0403	0.0408	0.0303	0.0319	0.0314	0.0367	0.0303	0.0286	0.0294	0.0241	0.0367
