0.0000	0.0000	0.0111	0.0045	0.0008	0.0047	0.0096	0.0051	0.0075	0.0084	0.0105	0.0256	0.0237	0.0243	0.0321	0.0344	0.0576	0.0609	0.0331	0.0298	0.0465	0.0365	0.0461	0.0524	0.0715	0.0605	0.0580	0.0525	0.0760	0.0621	0.0474	0.0774	0.0801	0.0719	0.0789	0.0823	0.0698	0.0708	0.0837	0.0660	0.0544	0.0711	0.0817	0.0688	0.0662	0.0851	0.0941	0.0940	0.0773	0.0801	0.0789	0.0760	0.0793	0.0864	0.0929	0.0814	0.0647	0.0725	0.0697	0.0608	0.0671	0.0738	0.0620	0.0526	0.0603	0.0611	0.0550	0.0560	0.0435
0.0000	0.0000	0.0145	0.0062	0.0017	0.0096	0.0053	0.0128	0.0172	0.0048	0.0154	0.0360	0.0346	0.0288	0.0340	0.0347	0.0370	0.0623	0.0467	0.0430	0.0525	0.0525	0.0513	0.0676	0.0629	0.0459	0.0541	0.0621	0.0745	0.0575	0.0638	0.0734	0.0754	0.0754	0.0766	0.0794	0.0719	0.0824	0.0823	0.0880	0.0759	0.1062	0.0919	0.0854	0.1006	0.0800	0.0916	0.1033	0.0891	0.0751	0.1007	0.0931	0.0729	0.0727	0.0837	0.0880	0.0761	0.0735	0.0722	0.0867	0.0819	0.0744	0.0676	0.0828	0.0666	0.0482	0.0550	0.0563	0.0623
0.0000	0.0000	0.0000	0.0067	0.0107	0.0071	0.0082	0.0256	0.0222	0.0115	0.0186	0.0278	0.0405	0.0431	0.0333	0.0436	0.0294	0.0543	0.0485	0.0592	0.0537	0.0612	0.0499	0.0704	0.0651	0.0633	0.0616	0.0555	0.0729	0.0782	0.0803	0.0800	0.0947	0.0892	0.0762	0.0763	0.0846	0.0904	0.1007	0.0837	0.0815	0.0906	0.1001	0.0897	0.0921	0.1004	0.0968	0.1101	0.0934	0.0936	0.0983	0.1060	0.0944	0.0896	0.0937	0.0855	0.0794	0.0673	0.0783	0.0907	0.0787	0.0735	0.0689	0.0831	0.0843	0.0785	0.0846	0.0875	0.0968
0.0000	0.0000	0.0000	0.0028	0.0046	0.0128	0.0181	0.0213	0.0264	0.0200	0.0263	0.0383	0.0632	0.0431	0.0376	0.0540	0.0461	0.0572	0.0548	0.0613	0.0724	0.0660	0.0517	0.0627	0.0704	0.0705	0.0676	0.0689	0.0690	0.0812	0.0739	0.0752	0.0783	0.0863	0.0943	0.0744	0.0841	0.0859	0.0948	0.0835	0.0869	0.0807	0.1015	0.0998	0.0977	0.0942	0.0895	0.0934	0.0777	0.1055	0.1041	0.0893	0.0872	0.1021	0.1077	0.0929	0.0884	0.0748	0.0769	0.0711	0.0797	0.0936	0.0781	0.0776	0.0965	0.0923	0.0946	0.0882	0.0987
0.0000	0.0000	0.0016	0.0102	0.0082	0.0008	0.0163	0.0163	0.0395	0.0319	0.0302	0.0506	0.0565	0.0476	0.0549	0.0734	0.0443	0.0444	0.0526	0.0472	0.0721	0.0710	0.0785	0.0607	0.0726	0.0849	0.0695	0.0686	0.0804	0.0739	0.0676	0.0703	0.0906	0.0981	0.1000	0.0753	0.0846	0.0811	0.0955	0.0890	0.0827	0.0734	0.0856	0.0981	0.1212	0.1012	0.1055	0.0987	0.0896	0.0944	0.1015	0.0956	0.1016	0.1195	0.1155	0.0954	0.0753	0.0691	0.0825	0.0919	0.1058	0.0873	0.0920	0.0986	0.1046	0.0916	0.1051	0.1090	0.1224
0.0000	0.0000	0.0023	0.0074	0.0121	0.0133	0.0372	0.0204	0.0151	0.0302	0.0272	0.0492	0.0631	0.0421	0.0408	0.0442	0.0420	0.0454	0.0513	0.0633	0.0656	0.0617	0.0715	0.0834	0.0780	0.0710	0.0682	0.0831	0.0957	0.0843	0.0674	0.0752	0.0999	0.1062	0.1117	0.1092	0.0960	0.0848	0.0946	0.0993	0.0908	0.0976	0.0970	0.1030	0.1184	0.1102	0.0938	0.1036	0.0988	0.1046	0.1086	0.1194	0.1261	0.1140	0.1176	0.1217	0.1012	0.0851	0.1036	0.1066	0.1175	0.1058	0.1169	0.1268	0.1289	0.1246	0.1285	0.1405	0.1539
0.0000	0.0000	0.0125	0.0052	0.0000	0.0108	0.0346	0.0393	0.0385	0.0308	0.0418	0.0509	0.0520	0.0457	0.0453	0.0526	0.0606	0.0778	0.0646	0.0755	0.0838	0.0713	0.0646	0.0687	0.0823	0.0791	0.0928	0.0872	0.0784	0.0813	0.0827	0.0794	0.1042	0.1031	0.1039	0.0966	0.0848	0.0993	0.0969	0.0961	0.0954	0.1162	0.1307	0.1152	0.1197	0.1130	0.1175	0.1239	0.1225	0.1275	0.1310	0.1362	0.1458	0.1412	0.1306	0.1285	0.1240	0.1227	0.1430	0.1364	0.1413	0.1305	0.1378	0.1659	0.1588	0.1581	0.1628	0.1675	0.2024
0.0020	0.0003	0.0294	0.0181	0.0243	0.0265	0.0324	0.0458	0.0522	0.0410	0.0247	0.0457	0.0590	0.0475	0.0504	0.0591	0.0702	0.0752	0.0702	0.0690	0.0704	0.0778	0.0936	0.0841	0.0939	0.0870	0.0844	0.0938	0.1016	0.0884	0.1066	0.0836	0.0964	0.1026	0.1034	0.1055	0.1151	0.1184	0.1157	0.1097	0.1057	0.1158	0.1296	0.1201	0.1327	0.1331	0.1304	0.1423	0.1290	0.1258	0.1426	0.1585	0.1492	0.1422	0.1512	0.1640	0.1472	0.1406	0.1427	0.1444	0.1786	0.1571	0.1794	0.1887	0.1915	0.1900	0.1794	0.2021	0.2574
0.0013	0.0043	0.0196	0.0233	0.0280	0.0426	0.0340	0.0426	0.0556	0.0543	0.0365	0.0400	0.0674	0.0607	0.0727	0.0739	0.0591	0.0874	0.0852	0.0837	0.0950	0.0798	0.0897	0.0923	0.0921	0.0826	0.0939	0.0943	0.1092	0.0976	0.1042	0.1007	0.1162	0.1207	0.1133	0.1048	0.1169	0.1245	0.1270	0.1224	0.1221	0.1275	0.1359	0.1343	0.1645	0.1506	0.1459	0.1602	0.1574	0.1664	0.1900	0.2020	0.2187	0.2161	0.1917	0.1885	0.1827	0.1657	0.1737	0.1851	0.2103	0.1968	0.1985	0.2264	0.2421	0.2751	0.2486	0.2535	0.3053
0.0003	0.0061	0.0325	0.0286	0.0332	0.0441	0.0510	0.0623	0.0526	0.0561	0.0513	0.0611	0.0586	0.0619	0.0795	0.0761	0.0840	0.0960	0.0888	0.0877	0.0946	0.0848	0.0901	0.1007	0.1026	0.0894	0.1018	0.1017	0.1033	0.1182	0.1098	0.0988	0.1196	0.1380	0.1340	0.1156	0.1204	0.1245	0.1276	0.1258	0.1325	0.1452	0.1559	0.1653	0.1699	0.1859	0.1751	0.1806	0.1905	0.2058	0.2367	0.3519	0.4864	0.3699	0.2562	0.2296	0.2234	0.2199	0.2133	0.2135	0.2346	0.2588	0.2686	0.2788	0.3345	0.3526	0.3485	0.3255	0.3895
0.0170	0.0211	0.0286	0.0274	0.0363	0.0424	0.0471	0.0594	0.0562	0.0564	0.0620	0.0712	0.0686	0.0702	0.0787	0.0863	0.0976	0.0906	0.0955	0.1012	0.1146	0.1105	0.1035	0.1056	0.1102	0.1278	0.1139	0.1104	0.1167	0.1290	0.1182	0.1280	0.1194	0.1344	0.1474	0.1400	0.1538	0.1519	0.1538	0.1441	0.1580	0.1748	0.1966	0.1998	0.1986	0.2191	0.2254	0.2378	0.2474	0.2801	0.3478	0.6434	0.7226	0.6238	0.4257	0.3023	0.2642	0.2432	0.2393	0.2632	0.2509	0.2567	0.3128	0.3298	0.4195	0.4071	0.3621	0.3420	0.3377
0.0129	0.0224	0.0333	0.0509	0.0444	0.0568	0.0515	0.0724	0.0707	0.0707	0.0672	0.0775	0.0894	0.0873	0.0692	0.0760	0.0954	0.0921	0.1075	0.0919	0.1184	0.1162	0.1042	0.1164	0.1456	0.1321	0.1278	0.1156	0.1304	0.1383	0.1448	0.1442	0.1574	0.1710	0.1616	0.1488	0.1618	0.1801	0.1821	0.1935	0.1873	0.1949	0.2353	0.2591	0.2650	0.2682	0.2900	0.2978	0.3003	0.3448	0.4041	0.6931	0.7549	0.7367	0.6192	0.4183	0.3247	0.2889	0.2772	0.2968	0.3045	0.3555	0.4281	0.4344	0.4305	0.3894	0.3307	0.3245	0.3208
0.0221	0.0202	0.0180	0.0382	0.0533	0.0396	0.0409	0.0781	0.1005	0.0734	0.0687	0.0761	0.0972	0.0971	0.0851	0.0871	0.1005	0.1119	0.1111	0.1130	0.1271	0.1331	0.1093	0.1298	0.1454	0.1484	0.1401	0.1384	0.1532	0.1462	0.1581	0.1622	0.1886	0.2052	0.1829	0.1734	0.1793	0.2225	0.2341	0.2412	0.2357	0.2602	0.3216	0.3619	0.4657	0.4874	0.3957	0.3542	0.3756	0.4508	0.5731	0.6876	0.7071	0.6888	0.6222	0.5778	0.4852	0.3576	0.3245	0.3183	0.3272	0.4094	0.4951	0.4864	0.4530	0.4211	0.3670	0.3802	0.3434
0.0183	0.0341	0.0318	0.0466	0.0576	0.0548	0.0672	0.0741	0.0775	0.0713	0.0825	0.0992	0.1021	0.1139	0.0915	0.1052	0.1332	0.1643	0.1307	0.1366	0.1432	0.1461	0.1568	0.1444	0.1662	0.1702	0.1631	0.1794	0.1723	0.1774	0.1990	0.1958	0.2359	0.2410	0.2466	0.2453	0.2430	0.2565	0.2793	0.2870	0.3103	0.3608	0.4214	0.5543	0.7505	0.6950	0.5535	0.4293	0.4377	0.5469	0.8298	0.8061	0.7424	0.6636	0.6269	0.6269	0.5573	0.4750	0.3829	0.4137	0.4117	0.4452	0.5050	0.4693	0.4893	0.4328	0.4053	0.3373	0.3154
0.0200	0.0256	0.0466	0.0582	0.0571	0.0639	0.0828	0.1056	0.1074	0.0966	0.1119	0.1404	0.1389	0.1176	0.1439	0.1575	0.1925	0.1804	0.1708	0.1824	0.1963	0.1965	0.1955	0.1986	0.1874	0.1896	0.1994	0.2073	0.2209	0.2350	0.2402	0.2666	0.3026	0.3097	0.3206	0.3187	0.3061	0.3280	0.3874	0.4292	0.4139	0.4393	0.4978	0.6667	0.8267	0.7771	0.6832	0.6287	0.5836	0.5777	0.7661	0.7523	0.6914	0.5903	0.5898	0.6225	0.6719	0.6154	0.5163	0.5653	0.5112	0.4741	0.4881	0.4652	0.4685	0.3951	0.3842	0.3226	0.3176
0.0354	0.0212	0.0609	0.0608	0.0692	0.1014	0.1249	0.1374	0.1621	0.1716	0.2375	0.2550	0.2379	0.2415	0.2980	0.3094	0.3120	0.3268	0.3300	0.2892	0.2938	0.3340	0.3012	0.2734	0.2571	0.2460	0.2651	0.2420	0.2849	0.2924	0.2874	0.3515	0.4310	0.5306	0.5781	0.4605	0.4139	0.4423	0.5298	0.6333	0.5247	0.5165	0.6253	0.7519	0.8033	0.8404	0.7749	0.7517	0.7378	0.6757	0.7602	0.7493	0.6808	0.6157	0.5607	0.6259	0.6518	0.6033	0.5654	0.5768	0.5117	0.4735	0.4732	0.4595	0.3965	0.3697	0.3555	0.3487	0.3213
0.0359	0.0403	0.0711	0.1075	0.1255	0.1776	0.2509	0.3161	0.3280	0.3561	0.4630	0.5068	0.4985	0.5010	0.5370	0.5672	0.5575	0.6356	0.6393	0.5731	0.6106	0.5976	0.5506	0.4883	0.4457	0.4253	0.4184	0.3600	0.3714	0.3991	0.4502	0.6253	0.7713	0.9180	0.9317	0.6781	0.5749	0.6868	0.6395	0.5915	0.5749	0.6938	0.8397	0.8475	0.7917	0.7542	0.7201	0.7743	0.7090	0.6660	0.6817	0.7110	0.6587	0.6085	0.5997	0.6078	0.6102	0.5580	0.5034	0.5116	0.4879	0.4822	0.4534	0.4225	0.4043	0.3648	0.3497	0.3398	0.3157
0.0559	0.0827	0.1122	0.1697	0.2152	0.3442	0.4600	0.5197	0.5222	0.4897	0.5571	0.5858	0.5664	0.5289	0.5950	0.6714	0.6836	0.6814	0.7043	0.7108	0.7476	0.7010	0.6549	0.6967	0.6610	0.6347	0.6303	0.6187	0.6024	0.6790	0.8003	0.8595	0.9462	1.0000	0.9235	0.8786	0.8406	0.8204	0.7375	0.6549	0.6637	0.7317	0.7610	0.7411	0.7044	0.6499	0.6824	0.6871	0.6758	0.6307	0.6179	0.6493	0.6357	0.5751	0.5709	0.5148	0.4896	0.5047	0.5041	0.4774	0.4591	0.4521	0.4336	0.4003	0.3859	0.3381	0.3104	0.3354	0.3091
0.1017	0.1304	0.2178	0.3150	0.4081	0.4569	0.4872	0.4778	0.5171	0.4651	0.4832	0.4915	0.5355	0.5280	0.5493	0.6467	0.7009	0.6521	0.6802	0.6727	0.6904	0.7170	0.6605	0.6566	0.6361	0.6445	0.6861	0.6644	0.6822	0.7681	0.7789	0.7864	0.8504	0.8859	0.8610	0.8777	0.7663	0.7240	0.7208	0.7057	0.6643	0.6487	0.6775	0.6336	0.6372	0.6443	0.5867	0.5820	0.5920	0.6277	0.6199	0.5805	0.5561	0.5393	0.5520	0.4806	0.4418	0.4359	0.4496	0.4746	0.4723	0.4111	0.4244	0.3908	0.3611	0.3288	0.3069	0.3077	0.3205
0.1539	0.2155	0.2955	0.3376	0.3779	0.3767	0.4041	0.3913	0.3960	0.3944	0.4012	0.4176	0.4855	0.4951	0.5189	0.5452	0.5733	0.6508	0.6221	0.6057	0.5761	0.6216	0.5969	0.6121	0.5953	0.5740	0.6276	0.6449	0.6682	0.7075	0.6992	0.7540	0.7719	0.7962	0.7772	0.7839	0.6839	0.6782	0.6385	0.6121	0.6016	0.6271	0.6396	0.6068	0.6191	0.5514	0.5616	0.5778	0.5822	0.5375	0.5483	0.5526	0.5137	0.5178	0.5232	0.5046	0.4948	0.4597	0.4445	0.4206	0.4203	0.3978	0.3847	0.3756	0.3632	0.3276	0.3091	0.2986	0.3005
0.1804	0.2529	0.2564	0.2783	0.3081	0.3198	0.3150	0.3231	0.3482	0.3484	0.3752	0.3765	0.4430	0.4750	0.4454	0.4955	0.5380	0.5774	0.5744	0.5335	0.5607	0.5629	0.5601	0.5857	0.5730	0.5710	0.5713	0.5914	0.6135	0.6323	0.6898	0.6697	0.6890	0.7368	0.7059	0.6766	0.6692	0.6226	0.5948	0.5904	0.5572	0.5733	0.5999	0.5903	0.5734	0.5412	0.5479	0.5558	0.5356	0.5006	0.5233	0.5102	0.4787	0.5347	0.4817	0.4725	0.4865	0.4547	0.4571	0.4129	0.4402	0.4194	0.3882	0.3675	0.3928	0.3403	0.3114	0.2915	0.2826
0.1914	0.2426	0.2466	0.2545	0.2630	0.2803	0.3015	0.3337	0.3417	0.3544	0.3578	0.3598	0.3957	0.4463	0.4296	0.4509	0.5600	0.5361	0.5596	0.5692	0.6103	0.5654	0.5900	0.5378	0.5403	0.5435	0.5633	0.5567	0.5802	0.5940	0.6408	0.6280	0.6094	0.6283	0.6627	0.6491	0.6118	0.6132	0.5478	0.5541	0.6023	0.5492	0.5573	0.5378	0.5357	0.5201	0.5232	0.5207	0.4634	0.4770	0.5457	0.4904	0.4879	0.4797	0.4518	0.4779	0.4667	0.4332	0.4439	0.4239	0.4493	0.4078	0.3905	0.3721	0.3829	0.3405	0.3170	0.2872	0.2683
0.1951	0.2245	0.2281	0.2737	0.2538	0.2585	0.3280	0.3285	0.3202	0.3238	0.3417	0.3737	0.3994	0.4174	0.4413	0.4942	0.5240	0.5131	0.5488	0.5406	0.5601	0.6067	0.5802	0.5614	0.5603	0.5151	0.5458	0.5569	0.5710	0.5973	0.5661	0.5711	0.6093	0.5920	0.5954	0.5804	0.5689	0.5633	0.5336	0.4948	0.5281	0.5172	0.5172	0.5120	0.5310	0.4852	0.5159	0.5370	0.5018	0.4790	0.5241	0.4986	0.4897	0.4677	0.4704	0.4817	0.4838	0.4447	0.4245	0.4514	0.4177	0.3942	0.4056	0.3853	0.3663	0.3395	0.3203	0.2860	0.2867
0.2018	0.2202	0.2639	0.2844	0.2763	0.2820	0.3178	0.3069	0.2985	0.3022	0.3360	0.3528	0.3650	0.4003	0.4410	0.4832	0.5307	0.5362	0.5474	0.5310	0.5219	0.5705	0.5516	0.5325	0.5627	0.5045	0.5488	0.5713	0.5527	0.5823	0.5564	0.5572	0.5601	0.5914	0.5778	0.5399	0.5432	0.5244	0.5219	0.5273	0.5301	0.5143	0.5292	0.5514	0.5335	0.5219	0.5347	0.5070	0.4881	0.5007	0.4772	0.4456	0.4751	0.4945	0.4504	0.4648	0.4735	0.4596	0.4696	0.4512	0.4218	0.4175	0.4081	0.3890	0.3669	0.3328	0.2993	0.2887	0.2890
0.1887	0.2258	0.2631	0.2853	0.3056	0.3168	0.3057	0.2881	0.2940	0.3207	0.3314	0.3512	0.3909	0.4150	0.4237	0.4701	0.4933	0.5323	0.5330	0.5536	0.5137	0.5355	0.5793	0.5699	0.5310	0.5255	0.5495	0.5437	0.5781	0.5318	0.5546	0.5794	0.5656	0.5701	0.5430	0.5412	0.5539	0.5095	0.5128	0.5396	0.5242	0.5564	0.5678	0.5091	0.4943	0.5215	0.5202	0.5136	0.5094	0.5286	0.5138	0.4573	0.4723	0.4601	0.4430	0.4580	0.4564	0.4520	0.4442	0.4913	0.4729	0.4049	0.3974	0.3563	0.3542	0.3267	0.2927	0.2929	0.2831
0.2566	0.2429	0.2540	0.2880	0.3204	0.3142	0.3224	0.3213	0.3379	0.3309	0.3486	0.3646	0.4185	0.4177	0.4395	0.4918	0.4979	0.5359	0.4978	0.5414	0.5842	0.5274	0.5356	0.5302	0.5346	0.5536	0.5390	0.5464	0.5535	0.5378	0.5798	0.5574	0.5585	0.5451	0.5594	0.5430	0.5282	0.5263	0.5419	0.5168	0.5306	0.5538	0.5141	0.5029	0.5178	0.5226	0.5274	0.5281	0.5435	0.5413	0.5576	0.4897	0.4734	0.4785	0.5023	0.4935	0.4532	0.4528	0.4449	0.4353	0.5005	0.4335	0.3842	0.3605	0.3629	0.3680	0.3086	0.2918	0.2761
0.2484	0.2540	0.2953	0.3087	0.2876	0.2977	0.3062	0.3172	0.3076	0.3048	0.3521	0.3723	0.4183	0.4114	0.4435	0.4584	0.4761	0.4869	0.5429	0.5502	0.5616	0.5415	0.4985	0.5167	0.5354	0.5086	0.4864	0.5021	0.4878	0.5240	0.5627	0.5637	0.5517	0.5696	0.5336	0.5229	0.5127	0.5217	0.5400	0.5141	0.5426	0.5278	0.5433	0.5407	0.5680	0.5359	0.5152	0.5054	0.5101	0.5138	0.5382	0.4982	0.4762	0.4941	0.4916	0.4782	0.4496	0.4395	0.4706	0.4741	0.4751	0.4219	0.4105	0.3806	0.3494	0.3486	0.3205	0.2965	0.2994
0.2197	0.2406	0.2620	0.2861	0.3084	0.3103	0.3295	0.3352	0.3255	0.3422	0.3434	0.3756	0.4033	0.4436	0.4583	0.4630	0.4751	0.4827	0.4981	0.5551	0.5058	0.5073	0.4798	0.5108	0.5147	0.4803	0.4907	0.5023	0.5153	0.5037	0.5309	0.5378	0.5435	0.5609	0.5304	0.5547	0.5531	0.5354	0.5379	0.5277	0.5416	0.5644	0.5642	0.5175	0.5319	0.4933	0.5231	0.5494	0.5425	0.5289	0.5515	0.5422	0.5320	0.5050	0.4800	0.4859	0.4641	0.4533	0.4647	0.4979	0.4679	0.4353	0.4048	0.3834	0.3793	0.3487	0.3107	0.3335	0.3221
0.2407	0.2590	0.2565	0.2883	0.2819	0.2847	0.3128	0.3272	0.3278	0.3401	0.3576	0.3856	0.3994	0.4296	0.4640	0.4864	0.4793	0.4992	0.5412	0.5142	0.5130	0.4939	0.4742	0.4735	0.4962	0.4676	0.5161	0.5072	0.5436	0.5266	0.5275	0.5458	0.5815	0.5481	0.5297	0.5607	0.5598	0.5581	0.5326	0.5497	0.5482	0.5673	0.5609	0.5222	0.5178	0.4974	0.5434	0.5503	0.5692	0.5309	0.5348	0.4961	0.4982	0.5116	0.4927	0.4781	0.4715	0.4618	0.4397	0.4454	0.4480	0.4377	0.3925	0.3979	0.4051	0.3514	0.3089	0.3332	0.3081
0.2386	0.2461	0.2690	0.2851	0.2949	0.2853	0.3036	0.3109	0.3518	0.3415	0.3425	0.3862	0.4279	0.4326	0.4136	0.4732	0.4993	0.5173	0.5302	0.5139	0.5033	0.5033	0.4963	0.4915	0.4674	0.4652	0.5040	0.5330	0.5483	0.5309	0.5679	0.5765	0.5946	0.5589	0.5504	0.5598	0.5762	0.5721	0.5414	0.5544	0.5581	0.5445	0.5433	0.5441	0.5360	0.5108	0.5375	0.5429	0.5358	0.5557	0.5306	0.5057	0.5162	0.4938	0.4821	0.4940	0.4591	0.4519	0.4280	0.4472	0.4607	0.4305	0.4101	0.3939	0.3971	0.3708	0.3249	0.3639	0.3302
0.2159	0.2515	0.2788	0.2970	0.2760	0.2814	0.2995	0.3500	0.3768	0.3904	0.3764	0.3867	0.3899	0.3824	0.3931	0.4502	0.4892	0.4723	0.4980	0.4964	0.5205	0.5537	0.5195	0.5194	0.5165	0.4995	0.4721	0.5025	0.5364	0.5227	0.5502	0.5753	0.5723	0.5684	0.5569	0.5899	0.5879	0.5445	0.5470	0.5647	0.5262	0.5620	0.5632	0.5824	0.5311	0.5061	0.5437	0.5545	0.5590	0.5709	0.5443	0.5457	0.5646	0.5078	0.4775	0.4797	0.4676	0.4435	0.4518	0.4522	0.4317	0.4181	0.4040	0.3824	0.3890	0.3755	0.3481	0.3192	0.2944
0.2268	0.2524	0.2903	0.2577	0.2767	0.2921	0.2962	0.3175	0.3379	0.3860	0.3806	0.3569	0.3937	0.4110	0.4434	0.4851	0.5003	0.4873	0.5149	0.5245	0.5438	0.5376	0.5372	0.5307	0.5338	0.5136	0.5017	0.5365	0.5355	0.5193	0.5269	0.5935	0.5563	0.5700	0.5585	0.5666	0.5627	0.5627	0.5505	0.5488	0.5474	0.5553	0.5862	0.5425	0.5452	0.5320	0.5424	0.6104	0.5292	0.5707	0.5842	0.5366	0.5155	0.5357	0.5059	0.4720	0.4752	0.4698	0.4551	0.4466	0.4473	0.4117	0.4279	0.3968	0.3695	0.3645	0.3380	0.3265	0.3255
0.2003	0.2153	0.2552	0.2664	0.2829	0.2901	0.3463	0.3365	0.3283	0.3563	0.3565	0.3796	0.4247	0.4224	0.4189	0.4628	0.5003	0.5108	0.5020	0.5215	0.5242	0.4983	0.5229	0.5228	0.5539	0.5173	0.5268	0.5446	0.5339	0.5299	0.5416	0.5496	0.5510	0.5753	0.5887	0.5854	0.6220	0.5951	0.5971	0.5764	0.5879	0.5918	0.5771	0.5478	0.5421	0.5259	0.5770	0.6000	0.5992	0.5835	0.5864	0.5489	0.5353	0.5532	0.4945	0.4875	0.4712	0.4610	0.4401	0.4565	0.4264	0.4268	0.4377	0.4025	0.3719	0.3431	0.3494	0.3201	0.3050
0.2017	0.2161	0.2361	0.2650	0.2719	0.2885	0.3072	0.3453	0.3402	0.3568	0.3615	0.3515	0.3750	0.4160	0.4099	0.4831	0.4806	0.5047	0.5043	0.5356	0.5276	0.5024	0.4979	0.5232	0.5634	0.5411	0.5419	0.5529	0.5522	0.5596	0.6157	0.5813	0.5731	0.5961	0.6004	0.6329	0.6265	0.6219	0.6671	0.6074	0.6060	0.6122	0.5961	0.5974	0.5539	0.5656	0.5919	0.5931	0.6194	0.6342	0.6249	0.5601	0.5500	0.5147	0.5194	0.5093	0.5070	0.4598	0.4549	0.4662	0.4605	0.4637	0.4167	0.3951	0.3689	0.3673	0.3706	0.3259	0.3155
0.1948	0.2060	0.2149	0.2554	0.2867	0.2813	0.2918	0.3483	0.3500	0.3274	0.3421	0.3588	0.3678	0.4465	0.4092	0.4824	0.5073	0.5144	0.5319	0.5382	0.5451	0.5175	0.5126	0.5520	0.6189	0.5736	0.5412	0.5940	0.5614	0.5873	0.6053	0.5913	0.6098	0.6410	0.6693	0.6639	0.6510	0.6664	0.6963	0.6510	0.6617	0.6289	0.6481	0.6262	0.5851	0.5934	0.5628	0.6046	0.5775	0.6258	0.6091	0.5835	0.5822	0.5899	0.5548	0.5115	0.5204	0.4880	0.4592	0.4599	0.4511	0.4179	0.4048	0.3900	0.4044	0.3847	0.3698	0.3528	0.3032
0.2043	0.1980	0.2335	0.2593	0.2639	0.2938	0.3102	0.3483	0.3444	0.3244	0.3655	0.3757	0.3958	0.4204	0.4332	0.4895	0.5057	0.5231	0.4869	0.5316	0.5362	0.5473	0.5663	0.5596	0.6017	0.6073	0.5812	0.5857	0.6325	0.6228	0.6254	0.6229	0.6884	0.7026	0.7315	0.7242	0.7060	0.7067	0.6837	0.6609	0.6727	0.6634	0.6789	0.6790	0.6476	0.6377	0.6817	0.6314	0.6011	0.6188	0.6304	0.6126	0.5791	0.5765	0.5544	0.5380	0.5221	0.4883	0.4747	0.4738	0.4579	0.4193	0.3972	0.4017	0.4036	0.3527	0.3560	0.3225	0.3284
0.1967	0.2091	0.2391	0.2510	0.2554	0.3275	0.3292	0.3487	0.3278	0.3431	0.3490	0.4034	0.3663	0.4107	0.4581	0.5045	0.4972	0.5042	0.5459	0.5524	0.5822	0.6122	0.5809	0.5983	0.5848	0.6007	0.5836	0.6089	0.6382	0.6284	0.6419	0.7205	0.7538	0.7781	0.7682	0.7898	0.7868	0.7417	0.7225	0.6893	0.7232	0.7335	0.6947	0.7100	0.6982	0.6795	0.6781	0.6356	0.6558	0.6504	0.6124	0.5699	0.5688	0.5340	0.5114	0.5251	0.5235	0.5236	0.5132	0.4649	0.4508	0.4428	0.4177	0.3978	0.3886	0.3511	0.3630	0.3567	0.3430
0.2312	0.2317	0.2786	0.2617	0.2820	0.3135	0.3267	0.3819	0.3811	0.3553	0.3750	0.4159	0.4247	0.4253	0.4650	0.4916	0.5302	0.5975	0.6269	0.6381	0.6178	0.6473	0.6550	0.6365	0.6193	0.6253	0.6053	0.6569	0.6722	0.6581	0.7242	0.7811	0.7860	0.8191	0.8372	0.7757	0.8169	0.7978	0.8260	0.7739	0.7572	0.7144	0.7452	0.7318	0.7441	0.7289	0.7155	0.7299	0.6790	0.6292	0.6435	0.6099	0.5710	0.5620	0.5205	0.5366	0.5465	0.5623	0.5314	0.4671	0.4761	0.4410	0.4400	0.4127	0.3996	0.3815	0.4078	0.3859	0.3625
0.2493	0.2859	0.3326	0.3250	0.3462	0.3522	0.3860	0.4069	0.4145	0.4052	0.4415	0.4453	0.4599	0.4848	0.5042	0.5146	0.5797	0.5995	0.6018	0.6507	0.6273	0.6675	0.6767	0.6557	0.6868	0.6356	0.6644	0.6649	0.7123	0.7399	0.7871	0.8431	0.8627	0.8508	0.7682	0.5780	0.6198	0.7446	0.8088	0.8135	0.8285	0.7931	0.7942	0.8080	0.7967	0.7734	0.7936	0.7661	0.7013	0.6727	0.6615	0.6545	0.5812	0.5735	0.5377	0.5687	0.5585	0.5831	0.5277	0.5409	0.5144	0.4788	0.4685	0.4479	0.4266	0.4270	0.4016	0.3786	0.3799
0.1369	0.2843	0.3744	0.4496	0.4355	0.4535	0.4725	0.4965	0.5079	0.5284	0.4958	0.5238	0.5051	0.5604	0.5795	0.6085	0.6699	0.7023	0.6767	0.6887	0.6699	0.6955	0.7019	0.6943	0.6945	0.6786	0.6827	0.6932	0.7576	0.7768	0.8084	0.7362	0.7935	0.8348	0.6992	0.4614	0.4373	0.4864	0.5862	0.7385	0.8482	0.8645	0.8579	0.8683	0.8563	0.8746	0.8767	0.8291	0.7963	0.7676	0.7086	0.6701	0.6513	0.6106	0.6151	0.5869	0.5857	0.5782	0.5922	0.6026	0.6007	0.5380	0.5011	0.5125	0.4913	0.4412	0.4245	0.4119	0.3784
0.0954	0.1387	0.2230	0.3187	0.4063	0.5028	0.5344	0.5641	0.5805	0.5741	0.5964	0.6129	0.5957	0.6353	0.6662	0.6798	0.7127	0.7281	0.7390	0.7554	0.7312	0.7326	0.7172	0.7025	0.6873	0.6493	0.6365	0.5999	0.6915	0.7562	0.5729	0.4173	0.4784	0.5143	0.4509	0.3869	0.3754	0.3877	0.4279	0.5050	0.7020	0.8291	0.8947	0.8295	0.8388	0.8146	0.7775	0.8373	0.8464	0.8213	0.7444	0.7343	0.6898	0.6636	0.6511	0.6440	0.6411	0.6064	0.6138	0.6109	0.6294	0.5879	0.5314	0.5199	0.5030	0.4584	0.4208	0.4256	0.3871
0.0468	0.0737	0.1143	0.1351	0.1593	0.2628	0.3148	0.3934	0.4667	0.4811	0.5071	0.5282	0.5298	0.5526	0.6126	0.5902	0.6048	0.6416	0.6398	0.6282	0.6650	0.6339	0.6112	0.4826	0.4170	0.3809	0.3529	0.3086	0.3559	0.4040	0.3031	0.2759	0.2834	0.2899	0.3036	0.3290	0.3203	0.3319	0.3476	0.3863	0.4647	0.6491	0.8498	0.8109	0.8107	0.6668	0.6724	0.8683	0.8593	0.8552	0.8603	0.7864	0.7296	0.7218	0.7073	0.7117	0.7059	0.6621	0.6189	0.6526	0.6299	0.5736	0.5557	0.5254	0.5023	0.4818	0.4427	0.4169	0.3975
0.0250	0.0545	0.0746	0.0651	0.0835	0.1057	0.1187	0.1548	0.1766	0.2271	0.2447	0.2267	0.2394	0.2857	0.3340	0.3136	0.2995	0.3330	0.3494	0.3237	0.3326	0.3322	0.3404	0.2619	0.2214	0.2118	0.2055	0.1989	0.2327	0.2242	0.2329	0.2274	0.2253	0.2352	0.2281	0.2268	0.2390	0.2560	0.2666	0.3043	0.3514	0.4234	0.6010	0.5791	0.5339	0.5060	0.5551	0.8368	0.8010	0.8584	0.8798	0.8069	0.7018	0.6897	0.7030	0.7500	0.7710	0.7023	0.7213	0.7149	0.6724	0.6030	0.5675	0.5351	0.5064	0.5119	0.4683	0.4416	0.4191
0.0232	0.0246	0.0556	0.0445	0.0661	0.0733	0.0846	0.1054	0.0881	0.0984	0.1066	0.0950	0.1108	0.1258	0.1409	0.1363	0.1449	0.1486	0.1431	0.1508	0.1576	0.1507	0.1568	0.1693	0.1517	0.1528	0.1561	0.1673	0.1737	0.1737	0.1838	0.1938	0.1947	0.1917	0.1850	0.1869	0.1978	0.2018	0.2123	0.2258	0.2375	0.2634	0.2819	0.2823	0.2898	0.3115	0.3365	0.4469	0.4888	0.6660	0.6782	0.5595	0.4058	0.4304	0.4712	0.6617	0.6411	0.5447	0.6737	0.7314	0.6707	0.5990	0.5901	0.5387	0.5166	0.5249	0.4710	0.4464	0.4137
0.0145	0.0241	0.0217	0.0333	0.0454	0.0617	0.0819	0.0686	0.0656	0.0664	0.0710	0.0700	0.0875	0.0885	0.1024	0.1148	0.1117	0.1048	0.1051	0.1052	0.1213	0.1124	0.1115	0.1415	0.1248	0.1287	0.1310	0.1390	0.1601	0.1584	0.1582	0.1709	0.1673	0.1739	0.1730	0.1696	0.1677	0.1781	0.1931	0.1909	0.1880	0.2089	0.2187	0.2333	0.2302	0.2395	0.2409	0.2524	0.2641	0.3166	0.3368	0.2927	0.2884	0.3089	0.3300	0.3754	0.3768	0.3960	0.5205	0.7055	0.6919	0.6218	0.5991	0.6020	0.5717	0.5248	0.4624	0.4581	0.4101
0.0104	0.0047	0.0189	0.0314	0.0401	0.0507	0.0556	0.0691	0.0595	0.0620	0.0679	0.0660	0.0814	0.0761	0.0637	0.0883	0.0787	0.0899	0.0916	0.0856	0.0922	0.1020	0.1007	0.0942	0.0945	0.1087	0.1060	0.1058	0.1242	0.1318	0.1274	0.1333	0.1403	0.1364	0.1477	0.1478	0.1457	0.1501	0.1610	0.1562	0.1545	0.1641	0.1743	0.2038	0.2075	0.2037	0.2165	0.2283	0.2211	0.2290	0.2361	0.2316	0.2433	0.2517	0.2621	0.2764	0.3155	0.3401	0.4022	0.6730	0.7770	0.7018	0.6267	0.5582	0.5026	0.5090	0.4764	0.4252	0.4065
0.0143	0.0131	0.0258	0.0360	0.0369	0.0532	0.0512	0.0426	0.0516	0.0520	0.0634	0.0631	0.0666	0.0634	0.0535	0.0693	0.0837	0.0767	0.0908	0.0834	0.0770	0.0876	0.0854	0.0867	0.0767	0.0968	0.0912	0.0983	0.1026	0.1008	0.1074	0.1056	0.0924	0.1041	0.1150	0.1054	0.1102	0.1157	0.1193	0.1245	0.1325	0.1311	0.1469	0.1574	0.1619	0.1589	0.1722	0.1802	0.1817	0.1894	0.2091	0.1966	0.2199	0.2275	0.2231	0.2413	0.2720	0.3058	0.3398	0.5301	0.6972	0.6367	0.6005	0.4190	0.3260	0.4627	0.4731	0.4478	0.4271
0.0217	0.0202	0.0133	0.0286	0.0270	0.0388	0.0279	0.0372	0.0507	0.0388	0.0476	0.0534	0.0562	0.0509	0.0611	0.0585	0.0785	0.0671	0.0764	0.0751	0.0658	0.0718	0.0762	0.0731	0.0763	0.0794	0.0681	0.0833	0.0946	0.0931	0.0877	0.0788	0.0873	0.0783	0.0937	0.0896	0.0923	0.0942	0.0887	0.0920	0.1002	0.1016	0.1059	0.1130	0.1185	0.1226	0.1303	0.1447	0.1381	0.1421	0.1653	0.1589	0.1683	0.1809	0.1971	0.2123	0.2381	0.2549	0.2838	0.4243	0.6753	0.6642	0.5450	0.3046	0.3049	0.4636	0.4536	0.4698	0.4120
0.0114	0.0295	0.0117	0.0199	0.0290	0.0307	0.0367	0.0446	0.0362	0.0282	0.0372	0.0494	0.0551	0.0566	0.0596	0.0468	0.0579	0.0750	0.0605	0.0574	0.0692	0.0653	0.0563	0.0641	0.0782	0.0747	0.0674	0.0640	0.0808	0.0853	0.0731	0.0753	0.0752	0.0685	0.0753	0.0741	0.0732	0.0732	0.0733	0.0836	0.0826	0.0859	0.0910	0.0902	0.0949	0.0977	0.1060	0.1094	0.1133	0.1103	0.1271	0.1306	0.1284	0.1424	0.1519	0.1540	0.1614	0.1889	0.2175	0.3172	0.5187	0.5387	0.3571	0.2543	0.3885	0.5042	0.4486	0.4507	0.4062
0.0000	0.0000	0.0203	0.0218	0.0173	0.0183	0.0255	0.0273	0.0355	0.0484	0.0443	0.0390	0.0484	0.0534	0.0460	0.0493	0.0463	0.0544	0.0563	0.0532	0.0620	0.0540	0.0554	0.0633	0.0653	0.0754	0.0631	0.0568	0.0752	0.0674	0.0654	0.0693	0.0651	0.0621	0.0551	0.0587	0.0635	0.0626	0.0727	0.0663	0.0664	0.0773	0.0860	0.0758	0.0746	0.0894	0.0934	0.0895	0.0944	0.0911	0.0973	0.1023	0.1058	0.1076	0.1071	0.1199	0.1202	0.1131	0.1370	0.1672	0.1988	0.2236	0.1882	0.2019	0.3037	0.4075	0.3763	0.3081	0.3493
0.0029	0.0000	0.0101	0.0096	0.0105	0.0291	0.0231	0.0157	0.0267	0.0393	0.0293	0.0376	0.0390	0.0387	0.0437	0.0513	0.0541	0.0515	0.0525	0.0501	0.0619	0.0494	0.0441	0.0512	0.0677	0.0674	0.0602	0.0532	0.0561	0.0520	0.0578	0.0575	0.0595	0.0577	0.0497	0.0580	0.0698	0.0672	0.0652	0.0671	0.0686	0.0749	0.0770	0.0680	0.0655	0.0709	0.0753	0.0749	0.0740	0.0791	0.0755	0.0729	0.0767	0.0925	0.0932	0.0935	0.0931	0.0956	0.1153	0.1309	0.1319	0.1372	0.1255	0.1454	0.1860	0.2151	0.2551	0.3017	0.3762
0.0000	0.0000	0.0096	0.0095	0.0015	0.0105	0.0279	0.0270	0.0194	0.0236	0.0243	0.0334	0.0395	0.0408	0.0472	0.0468	0.0578	0.0622	0.0474	0.0435	0.0525	0.0501	0.0597	0.0528	0.0532	0.0494	0.0490	0.0548	0.0519	0.0502	0.0480	0.0523	0.0559	0.0603	0.0525	0.0566	0.0626	0.0588	0.0589	0.0578	0.0602	0.0608	0.0698	0.0655	0.0667	0.0609	0.0646	0.0661	0.0706	0.0725	0.0722	0.0735	0.0679	0.0764	0.0798	0.0699	0.0722	0.0894	0.0893	0.0948	0.1189	0.1166	0.1225	0.1296	0.1612	0.2083	0.3484	0.3787	0.3463
0.0000	0.0002	0.0000	0.0162	0.0064	0.0090	0.0169	0.0236	0.0219	0.0156	0.0096	0.0284	0.0245	0.0227	0.0320	0.0516	0.0326	0.0389	0.0348	0.0376	0.0421	0.0407	0.0377	0.0358	0.0499	0.0555	0.0457	0.0433	0.0412	0.0534	0.0462	0.0466	0.0481	0.0531	0.0418	0.0460	0.0504	0.0511	0.0514	0.0468	0.0542	0.0566	0.0694	0.0602	0.0586	0.0574	0.0620	0.0603	0.0649	0.0647	0.0667	0.0658	0.0633	0.0612	0.0738	0.0707	0.0682	0.0621	0.0634	0.0740	0.0856	0.0867	0.0851	0.1026	0.1105	0.1524	0.3075	0.3418	0.2955
0.0000	0.0000	0.0000	0.0155	0.0000	0.0066	0.0016	0.0126	0.0077	0.0058	0.0175	0.0370	0.0302	0.0193	0.0322	0.0402	0.0263	0.0220	0.0315	0.0288	0.0369	0.0280	0.0233	0.0345	0.0470	0.0472	0.0526	0.0418	0.0434	0.0495	0.0414	0.0435	0.0467	0.0470	0.0470	0.0428	0.0407	0.0471	0.0511	0.0446	0.0453	0.0494	0.0555	0.0527	0.0481	0.0502	0.0622	0.0529	0.0555	0.0624	0.0671	0.0630	0.0603	0.0540	0.0670	0.0652	0.0637	0.0573	0.0650	0.0731	0.0726	0.0687	0.0673	0.0780	0.0768	0.0740	0.1118	0.1616	0.1355
0.0000	0.0000	0.0009	0.0056	0.0000	0.0092	0.0045	0.0218	0.0194	0.0109	0.0181	0.0264	0.0241	0.0180	0.0282	0.0356	0.0355	0.0328	0.0313	0.0343	0.0349	0.0320	0.0257	0.0250	0.0309	0.0402	0.0470	0.0488	0.0469	0.0581	0.0452	0.0494	0.0510	0.0486	0.0439	0.0416	0.0482	0.0468	0.0467	0.0453	0.0418	0.0465	0.0515	0.0525	0.0458	0.0513	0.0613	0.0522	0.0452	0.0621	0.0620	0.0558	0.0570	0.0545	0.0609	0.0629	0.0549	0.0489	0.0603	0.0658	0.0697	0.0620	0.0644	0.0637	0.0611	0.0669	0.0685	0.0797	0.0637
0.0000	0.0000	0.0000	0.0004	0.0000	0.0061	0.0102	0.0085	0.0025	0.0045	0.0085	0.0146	0.0181	0.0295	0.0229	0.0301	0.0288	0.0335	0.0310	0.0312	0.0268	0.0365	0.0320	0.0315	0.0289	0.0342	0.0371	0.0399	0.0423	0.0444	0.0372	0.0352	0.0344	0.0351	0.0419	0.0427	0.0447	0.0461	0.0468	0.0488	0.0512	0.0395	0.0481	0.0438	0.0491	0.0523	0.0494	0.0517	0.0532	0.0573	0.0561	0.0530	0.0596	0.0624	0.0577	0.0527	0.0579	0.0532	0.0491	0.0572	0.0580	0.0531	0.0623	0.0623	0.0586	0.0618	0.0596	0.0575	0.0492
0.0000	0.0000	0.0000	0.0000	0.0000	0.0000	0.0013	0.0045	0.0040	0.0093	0.0092	0.0149	0.0126	0.0220	0.0129	0.0337	0.0295	0.0192	0.0231	0.0203	0.0239	0.0257	0.0287	0.0370	0.0389	0.0270	0.0347	0.0331	0.0323	0.0420	0.0289	0.0278	0.0313	0.0317	0.0364	0.0341	0.0318	0.0415	0.0378	0.0360	0.0424	0.0388	0.0484	0.0490	0.0471	0.0467	0.0446	0.0476	0.0531	0.0413	0.0484	0.0466	0.0468	0.0470	0.0499	0.0536	0.0454	0.0444	0.0375	0.0437	0.0472	0.0475	0.0560	0.0507	0.0465	0.0387	0.0357	0.0410	0.0426
0.0000	0.0000	0.0000	0.0000	0.0000	0.0000	0.0025	0.0143	0.0074	0.0178	0.0216	0.0150	0.0252	0.0032	0.0062	0.0096	0.0343	0.0207	0.0058	0.0102	0.0237	0.0312	0.0268	0.0347	0.0452	0.0365	0.0315	0.0212	0.0271	0.0316	0.0294	0.0364	0.0368	0.0363	0.0321	0.0243	0.0280	0.0371	0.0343	0.0259	0.0344	0.0445	0.0521	0.0489	0.0441	0.0385	0.0500	0.0558	0.0420	0.0391	0.0474	0.0469	0.0451	0.0435	0.0508	0.0541	0.0432	0.0530	0.0507	0.0583	0.0545	0.0467	0.0471	0.0506	0.0593	0.0578	0.0558	0.0550	0.0615
