0.0000	0.0000	0.0121	0.0018	0.0060	0.0097	0.0034	0.0232	0.0255	0.0137	0.0176	0.0321	0.0225	0.0278	0.0276	0.0393	0.0325	0.0581	0.0430	0.0418	0.0547	0.0595	0.0512	0.0642	0.0857	0.0747	0.0714	0.0435	0.0595	0.0639	0.0645	0.0736	0.0727	0.0787	0.0836	0.0736	0.0663	0.0668	0.0759	0.0689	0.0636	0.0867	0.0896	0.0786	0.0713	0.0784	0.0913	0.0856	0.0750	0.0807	0.0889	0.0595	0.0620	0.0651	0.0730	0.0736	0.0662	0.0601	0.0646	0.0608	0.0620	0.0688	0.0581	0.0585	0.0526	0.0501	0.0500	0.0436	0.0468
0.0000	0.0000	0.0090	0.0095	0.0079	0.0000	0.0000	0.0155	0.0235	0.0166	0.0354	0.0340	0.0440	0.0431	0.0306	0.0616	0.0328	0.0554	0.0733	0.0460	0.0736	0.0708	0.0602	0.0564	0.0934	0.0729	0.0609	0.0595	0.0650	0.0738	0.0737	0.0787	0.0687	0.0815	0.0699	0.0674	0.0721	0.0893	0.0906	0.0715	0.0688	0.0877	0.0904	0.0871	0.0769	0.0856	0.0887	0.0905	0.0945	0.0863	0.1034	0.0894	0.0575	0.0723	0.0776	0.0797	0.0709	0.0808	0.0642	0.0611	0.0788	0.0730	0.0563	0.0599	0.0695	0.0510	0.0482	0.0544	0.0763
0.0000	0.0000	0.0252	0.0090	0.0066	0.0000	0.0209	0.0305	0.0167	0.0174	0.0285	0.0408	0.0575	0.0481	0.0281	0.0441	0.0448	0.0679	0.0627	0.0453	0.0752	0.0867	0.0635	0.0654	0.0998	0.0792	0.0861	0.0830	0.0717	0.0746	0.0795	0.0826	0.0838	0.0910	0.0792	0.0870	0.0896	0.0889	0.0868	0.0690	0.1003	0.0893	0.0914	0.0905	0.0865	0.0898	0.0976	0.0879	0.0843	0.0891	0.0965	0.1000	0.0898	0.1011	0.1002	0.0817	0.0945	0.0894	0.0742	0.0706	0.0722	0.0821	0.0751	0.0718	0.0782	0.0717	0.0641	0.0702	0.0754
0.0000	0.0119	0.0138	0.0202	0.0172	0.0200	0.0209	0.0538	0.0285	0.0195	0.0262	0.0334	0.0439	0.0383	0.0355	0.0454	0.0618	0.0679	0.0661	0.0678	0.0853	0.0842	0.0789	0.0694	0.0734	0.0778	0.0922	0.0856	0.0821	0.0818	0.0710	0.0839	0.0760	0.0881	0.0939	0.0789	0.0854	0.0824	0.0845	0.0850	0.1026	0.1045	0.0973	0.0937	0.0895	0.1041	0.1115	0.0859	0.0665	0.0797	0.0992	0.0911	0.0871	0.1005	0.1051	0.0951	0.0869	0.0978	0.0863	0.0795	0.0790	0.0853	0.0929	0.0880	0.0816	0.0809	0.0693	0.0886	0.0787
0.0000	0.0184	0.0155	0.0068	0.0106	0.0169	0.0241	0.0437	0.0221	0.0217	0.0285	0.0438	0.0499	0.0525	0.0399	0.0499	0.0663	0.0446	0.0478	0.0791	0.0765	0.0720	0.0625	0.0778	0.0767	0.0782	0.0914	0.0827	0.0856	0.0803	0.0814	0.0835	0.1083	0.0972	0.0858	0.0709	0.0829	0.0733	0.0868	0.0900	0.0986	0.0897	0.1032	0.0931	0.0959	0.1103	0.1010	0.0957	0.0930	0.0991	0.0991	0.0807	0.0829	0.0957	0.0917	0.1082	0.0901	0.0879	0.1029	0.0932	0.0959	0.0851	0.0863	0.0940	0.0888	0.0879	0.0978	0.0955	0.0782
0.0000	0.0000	0.0199	0.0265	0.0247	0.0113	0.0255	0.0227	0.0274	0.0368	0.0464	0.0511	0.0640	0.0579	0.0578	0.0627	0.0627	0.0605	0.0436	0.0679	0.0841	0.0816	0.0650	0.0641	0.1041	0.0800	0.0709	0.0808	0.0912	0.0946	0.0839	0.0863	0.1137	0.1227	0.1003	0.0877	0.1221	0.0954	0.0941	0.0928	0.1005	0.1078	0.0980	0.0840	0.1020	0.1027	0.1044	0.1128	0.1090	0.1127	0.1117	0.0911	0.1048	0.1206	0.1154	0.1242	0.1026	0.0873	0.0973	0.1083	0.0924	0.1078	0.1075	0.1325	0.1220	0.1119	0.1191	0.1268	0.1238
0.0000	0.0084	0.0250	0.0283	0.0072	0.0250	0.0295	0.0354	0.0381	0.0502	0.0597	0.0644	0.0673	0.0575	0.0568	0.0602	0.0701	0.0849	0.0734	0.0801	0.0945	0.0992	0.0690	0.0619	0.0922	0.0999	0.0812	0.0806	0.0974	0.0991	0.0906	0.0841	0.0993	0.1214	0.1047	0.1116	0.1007	0.1055	0.1121	0.1073	0.1042	0.1221	0.1211	0.1099	0.1026	0.1049	0.1065	0.1371	0.1209	0.1135	0.1174	0.1339	0.1332	0.1495	0.1591	0.1465	0.1213	0.1282	0.1109	0.1180	0.1129	0.1116	0.1502	0.1677	0.1540	0.1409	0.1285	0.1354	0.1656
0.0048	0.0101	0.0278	0.0239	0.0289	0.0225	0.0317	0.0459	0.0398	0.0426	0.0526	0.0495	0.0685	0.0561	0.0653	0.0653	0.0829	0.0825	0.0926	0.1013	0.0969	0.0941	0.0777	0.0813	0.1091	0.1072	0.0911	0.0866	0.0993	0.1003	0.1122	0.1010	0.1008	0.1124	0.1218	0.1153	0.1074	0.1189	0.1243	0.1172	0.1105	0.1235	0.1357	0.1173	0.1111	0.1414	0.1394	0.1460	0.1547	0.1313	0.1287	0.1289	0.1421	0.1429	0.1531	0.1732	0.1444	0.1548	0.1598	0.1424	0.1617	0.1510	0.1605	0.1716	0.1721	0.1778	0.1757	0.1677	0.1920
0.0030	0.0054	0.0195	0.0192	0.0488	0.0456	0.0500	0.0419	0.0489	0.0467	0.0555	0.0675	0.0698	0.0610	0.0881	0.0853	0.0630	0.0782	0.0872	0.0992	0.1191	0.1035	0.0924	0.0942	0.1057	0.1004	0.0989	0.0969	0.1085	0.1091	0.1149	0.1064	0.1167	0.1182	0.1184	0.1256	0.1192	0.1288	0.1267	0.1262	0.1153	0.1196	0.1352	0.1357	0.1440	0.1556	0.1591	0.1683	0.1832	0.1791	0.1758	0.1769	0.1789	0.2102	0.2566	0.2877	0.2305	0.1951	0.1843	0.1795	0.1895	0.1764	0.1960	0.2009	0.1790	0.1962	0.2070	0.2343	0.2745
0.0157	0.0097	0.0141	0.0323	0.0449	0.0534	0.0518	0.0417	0.0425	0.0583	0.0715	0.0661	0.0658	0.0847	0.0802	0.0957	0.0821	0.0822	0.0808	0.0938	0.1203	0.1039	0.1104	0.1170	0.1192	0.1107	0.1226	0.1009	0.1233	0.1184	0.1217	0.1204	0.1101	0.1243	0.1301	0.1388	0.1392	0.1386	0.1365	0.1381	0.1340	0.1483	0.1596	0.1396	0.1625	0.1774	0.2048	0.2165	0.2038	0.2038	0.2023	0.2172	0.2332	0.2813	0.4794	0.5648	0.4401	0.3046	0.2211	0.2145	0.2060	0.2108	0.2240	0.2310	0.2313	0.2246	0.2291	0.2943	0.3812
0.0091	0.0175	0.0224	0.0311	0.0509	0.0533	0.0474	0.0461	0.0568	0.0580	0.0728	0.0794	0.0799	0.0946	0.0832	0.1040	0.1088	0.0994	0.1072	0.0993	0.1231	0.1282	0.1115	0.0995	0.1525	0.1294	0.1183	0.1242	0.1439	0.1255	0.1122	0.1282	0.1268	0.1424	0.1522	0.1447	0.1459	0.1701	0.1653	0.1549	0.1563	0.1811	0.1931	0.1732	0.2081	0.2106	0.2286	0.2464	0.2451	0.2612	0.2697	0.2950	0.3033	0.3570	0.5960	0.6535	0.5924	0.4719	0.3354	0.2402	0.2301	0.2071	0.2195	0.2486	0.2890	0.3037	0.2707	0.3233	0.3810
0.0038	0.0273	0.0298	0.0415	0.0502	0.0454	0.0502	0.0660	0.0676	0.0643	0.0811	0.0958	0.0963	0.0928	0.0924	0.0896	0.0911	0.1155	0.1195	0.1324	0.1284	0.1408	0.1296	0.1230	0.1533	0.1353	0.1263	0.1330	0.1464	0.1489	0.1392	0.1601	0.1610	0.1626	0.1731	0.1492	0.1603	0.1814	0.1872	0.1829	0.1952	0.1904	0.2138	0.2244	0.2468	0.2611	0.2951	0.3758	0.3974	0.3612	0.3273	0.3396	0.3753	0.4531	0.6141	0.6763	0.5960	0.5286	0.4766	0.3228	0.2834	0.2638	0.2522	0.3085	0.3295	0.3604	0.3708	0.3478	0.3718
0.0160	0.0174	0.0337	0.0530	0.0511	0.0397	0.0484	0.0896	0.0819	0.0980	0.1057	0.0967	0.1036	0.0925	0.1027	0.1101	0.1214	0.1437	0.1219	0.1515	0.1473	0.1468	0.1635	0.1546	0.1545	0.1753	0.1572	0.1487	0.1561	0.1583	0.1605	0.1888	0.1813	0.1946	0.1968	0.1943	0.2059	0.2097	0.2234	0.2326	0.2498	0.2323	0.2726	0.2730	0.2997	0.3302	0.4510	0.6626	0.6823	0.5080	0.3786	0.3639	0.4716	0.6318	0.6552	0.6876	0.5962	0.5497	0.5143	0.4324	0.3367	0.3305	0.3129	0.3653	0.3945	0.4313	0.4116	0.3963	0.3794
0.0275	0.0305	0.0564	0.0543	0.0615	0.0565	0.0632	0.0760	0.0997	0.0928	0.1005	0.1271	0.1326	0.1180	0.1228	0.1494	0.1665	0.1591	0.1672	0.1688	0.1636	0.1606	0.1789	0.1755	0.1877	0.1945	0.1796	0.1875	0.1925	0.1751	0.2038	0.2135	0.2306	0.2502	0.2526	0.2337	0.2612	0.2679	0.2723	0.2699	0.2980	0.3156	0.3662	0.3730	0.3922	0.4075	0.6192	0.7428	0.6957	0.6452	0.5349	0.4724	0.5557	0.6955	0.6728	0.6333	0.5914	0.5670	0.5181	0.5231	0.4523	0.3597	0.3545	0.3712	0.3989	0.4213	0.3991	0.3957	0.3590
0.0314	0.0298	0.0531	0.0665	0.0824	0.0793	0.0923	0.0929	0.1075	0.1325	0.1554	0.1810	0.1906	0.1917	0.2147	0.2067	0.2557	0.2676	0.2424	0.2298	0.2223	0.2427	0.2284	0.2235	0.2474	0.2139	0.2049	0.2209	0.2306	0.2469	0.2577	0.2792	0.3042	0.3056	0.3077	0.3236	0.3299	0.3665	0.3560	0.3549	0.3862	0.5110	0.5604	0.4981	0.4745	0.5003	0.6717	0.7916	0.7812	0.7486	0.7047	0.5900	0.5680	0.6162	0.6252	0.6281	0.6275	0.5751	0.5600	0.5554	0.5290	0.4512	0.4735	0.4685	0.4218	0.4057	0.3906	0.3638	0.3456
0.0285	0.0376	0.0663	0.0780	0.1222	0.1168	0.1141	0.1350	0.2138	0.3035	0.3308	0.3635	0.4095	0.4448	0.4826	0.4290	0.4963	0.5183	0.4724	0.4311	0.4244	0.4771	0.3743	0.3570	0.4014	0.3888	0.3293	0.2982	0.3262	0.3100	0.3012	0.3311	0.3639	0.4255	0.4037	0.5186	0.6615	0.7076	0.4838	0.4338	0.5228	0.6844	0.8252	0.6596	0.6167	0.6943	0.7821	0.7930	0.7677	0.7682	0.7356	0.7081	0.6743	0.6582	0.6181	0.6178	0.5678	0.5554	0.5376	0.5790	0.5463	0.4921	0.5328	0.5085	0.3734	0.3692	0.3710	0.3642	0.3629
0.0547	0.0866	0.0863	0.1102	0.1254	0.1785	0.2191	0.2866	0.3717	0.5206	0.5664	0.6305	0.6909	0.6557	0.6742	0.6842	0.6889	0.7327	0.6966	0.6921	0.7501	0.7121	0.6489	0.6215	0.6448	0.6321	0.5960	0.5280	0.5522	0.4929	0.4472	0.5115	0.5542	0.6295	0.7492	0.8234	1.0000	0.9519	0.7201	0.6409	0.7229	0.6934	0.8133	0.7272	0.7443	0.7556	0.7339	0.7284	0.6745	0.6515	0.6840	0.6679	0.6639	0.6347	0.5652	0.5518	0.5438	0.5140	0.5228	0.4951	0.4759	0.4568	0.4484	0.4462	0.3984	0.3362	0.3337	0.3382	0.3433
0.0630	0.1097	0.1215	0.1654	0.2205	0.3365	0.4651	0.5393	0.5428	0.5251	0.5890	0.6196	0.6134	0.6245	0.6208	0.7019	0.7307	0.7530	0.7664	0.7825	0.7962	0.7662	0.7235	0.6882	0.6987	0.6725	0.7445	0.7819	0.7369	0.7815	0.7888	0.8500	0.7910	0.8971	0.9760	0.9523	0.9213	0.8853	0.8432	0.8353	0.8263	0.7634	0.7300	0.7052	0.6995	0.6806	0.7098	0.6742	0.6622	0.6239	0.6207	0.6391	0.5971	0.5515	0.5254	0.5142	0.4832	0.4788	0.5057	0.4762	0.4512	0.4436	0.4424	0.4280	0.3748	0.3246	0.3046	0.3038	0.3146
0.0752	0.1532	0.2450	0.3851	0.4810	0.5287	0.5563	0.5079	0.5146	0.4950	0.5057	0.5341	0.5664	0.5883	0.5900	0.6792	0.7113	0.6936	0.7376	0.6802	0.6885	0.7432	0.6727	0.6499	0.6543	0.6470	0.7394	0.7220	0.7208	0.8271	0.8200	0.8307	0.8362	0.9003	0.8804	0.8584	0.7876	0.7842	0.7844	0.7962	0.7495	0.6824	0.6945	0.6854	0.6681	0.6655	0.6615	0.5959	0.5882	0.6032	0.5818	0.5735	0.5481	0.5355	0.5308	0.4996	0.4633	0.4401	0.4186	0.4425	0.4532	0.3927	0.4078	0.3749	0.3581	0.3365	0.3111	0.3038	0.3038
0.1571	0.2773	0.3732	0.4323	0.4341	0.4210	0.4170	0.4057	0.4112	0.4215	0.4397	0.4767	0.5268	0.4850	0.5270	0.5752	0.6396	0.6521	0.6619	0.6407	0.6445	0.6988	0.6385	0.6475	0.6179	0.6241	0.7098	0.7138	0.7442	0.7796	0.7228	0.7411	0.7684	0.7972	0.7723	0.7688	0.7548	0.7236	0.6646	0.6843	0.6523	0.6265	0.6229	0.6340	0.6494	0.5999	0.5490	0.5758	0.5802	0.5638	0.5390	0.5126	0.5251	0.5047	0.5302	0.4920	0.4562	0.4488	0.4238	0.4109	0.4181	0.4184	0.4170	0.3944	0.3737	0.3454	0.3300	0.3189	0.2801
0.2055	0.2608	0.2936	0.2776	0.3116	0.3524	0.3635	0.3741	0.3457	0.3949	0.4440	0.4318	0.4731	0.4878	0.4820	0.5569	0.6052	0.6063	0.6034	0.5755	0.6156	0.6048	0.6166	0.5997	0.5865	0.6230	0.6097	0.6620	0.6622	0.6497	0.6677	0.6828	0.7289	0.7481	0.7262	0.6992	0.7101	0.6675	0.6470	0.6263	0.6009	0.5387	0.5861	0.6148	0.5678	0.5486	0.5671	0.5297	0.5222	0.5276	0.4939	0.5205	0.4651	0.4905	0.4722	0.4585	0.4296	0.4253	0.4129	0.3951	0.4172	0.4257	0.3868	0.3744	0.3783	0.3284	0.3098	0.3011	0.3088
0.2372	0.2358	0.2733	0.2890	0.2992	0.3214	0.3367	0.3533	0.3492	0.3823	0.4094	0.4164	0.4266	0.4902	0.4663	0.4948	0.6191	0.6165	0.6154	0.5920	0.6183	0.6408	0.6356	0.6016	0.6068	0.5971	0.5866	0.5840	0.6147	0.6009	0.6294	0.6451	0.6554	0.6909	0.6747	0.6802	0.6290	0.6324	0.5835	0.5778	0.6183	0.5500	0.5664	0.5606	0.5635	0.5611	0.5309	0.5032	0.4861	0.4926	0.5390	0.4996	0.4521	0.4422	0.4276	0.4264	0.4453	0.4420	0.3946	0.4019	0.4020	0.3937	0.3759	0.3442	0.3448	0.3228	0.3067	0.3145	0.3198
0.2244	0.2371	0.2806	0.3049	0.2932	0.3010	0.3428	0.3355	0.3267	0.3586	0.3845	0.4205	0.4621	0.4730	0.4942	0.4995	0.5924	0.6111	0.5981	0.5484	0.6171	0.7010	0.6565	0.6133	0.6056	0.5552	0.5977	0.6132	0.6122	0.6439	0.6087	0.5905	0.6334	0.6840	0.5995	0.5981	0.5981	0.6062	0.5903	0.5489	0.5534	0.5098	0.5104	0.5354	0.5547	0.5583	0.5304	0.5118	0.4888	0.4703	0.4922	0.4983	0.5034	0.4669	0.4391	0.4305	0.4509	0.4074	0.4080	0.4111	0.4024	0.4046	0.3874	0.3540	0.3757	0.3493	0.3130	0.3094	0.3071
0.2283	0.2415	0.2875	0.3098	0.3039	0.3014	0.3526	0.3666	0.3640	0.3564	0.3722	0.4077	0.4197	0.4815	0.4765	0.5243	0.5775	0.5842	0.6166	0.6133	0.6323	0.6585	0.6076	0.5649	0.6377	0.5772	0.6063	0.6254	0.6268	0.6118	0.6042	0.6034	0.5893	0.6203	0.5900	0.5452	0.5739	0.5592	0.5510	0.5324	0.5162	0.5041	0.5202	0.5440	0.5336	0.5598	0.5288	0.4947	0.4814	0.4879	0.4537	0.4672	0.5055	0.4763	0.4390	0.4495	0.4432	0.4233	0.4206	0.4243	0.4072	0.4134	0.3984	0.3850	0.3377	0.3383	0.3088	0.3095	0.3096
0.2233	0.2565	0.2887	0.3271	0.3070	0.3209	0.3877	0.3714	0.3619	0.3746	0.3815	0.3842	0.4503	0.4751	0.4709	0.5106	0.5673	0.5983	0.6112	0.6013	0.5809	0.6256	0.6160	0.6099	0.6188	0.5738	0.5956	0.5905	0.6327	0.6258	0.6021	0.5965	0.6006	0.5989	0.5694	0.5531	0.5641	0.5320	0.5322	0.5642	0.5305	0.5456	0.5571	0.5139	0.5151	0.5134	0.4985	0.5114	0.5065	0.5109	0.4801	0.4556	0.4580	0.4681	0.4718	0.4651	0.4503	0.4282	0.4110	0.4265	0.4140	0.3991	0.4154	0.3518	0.3608	0.3429	0.3043	0.3151	0.2948
0.2394	0.2974	0.3080	0.2987	0.3137	0.3498	0.3590	0.3595	0.3669	0.3561	0.3851	0.3814	0.4665	0.4795	0.4900	0.5486	0.6291	0.6134	0.5920	0.5786	0.6384	0.6134	0.5868	0.5509	0.5918	0.5963	0.6006	0.5914	0.5850	0.5895	0.6091	0.6077	0.5988	0.5783	0.5656	0.5664	0.5541	0.5279	0.5444	0.5549	0.5345	0.5376	0.5143	0.5037	0.5195	0.5283	0.5177	0.5137	0.5375	0.5195	0.5157	0.4929	0.5007	0.4919	0.4938	0.4844	0.4583	0.4633	0.4505	0.4001	0.4303	0.4095	0.4213	0.3712	0.3466	0.3634	0.3086	0.3135	0.2930
0.2624	0.2795	0.3266	0.3712	0.3470	0.3506	0.3141	0.3608	0.3482	0.3568	0.4078	0.4290	0.4967	0.4840	0.5081	0.5313	0.5594	0.5370	0.5981	0.5758	0.6050	0.6051	0.5804	0.5882	0.5669	0.5672	0.5717	0.5644	0.5625	0.5587	0.5834	0.5938	0.5682	0.5505	0.5438	0.5313	0.5391	0.5499	0.5497	0.5588	0.5499	0.5292	0.5110	0.5079	0.5525	0.5294	0.5111	0.5127	0.5172	0.4891	0.5077	0.4977	0.5114	0.4727	0.4841	0.4636	0.4153	0.4370	0.4535	0.4384	0.3870	0.4071	0.4308	0.3903	0.3667	0.3384	0.3127	0.3260	0.3048
0.2688	0.2786	0.3049	0.3813	0.3456	0.3359	0.3246	0.3515	0.3641	0.3705	0.4163	0.4182	0.4483	0.4858	0.5005	0.5172	0.5370	0.5510	0.5392	0.5777	0.5604	0.5566	0.5683	0.5757	0.5605	0.5431	0.5678	0.5600	0.5816	0.5609	0.5516	0.5948	0.5819	0.5501	0.5206	0.5481	0.5491	0.5220	0.5289	0.5428	0.5379	0.5481	0.5427	0.5161	0.5424	0.5291	0.5482	0.5195	0.5013	0.4818	0.5249	0.5463	0.5478	0.5274	0.4946	0.4742	0.4507	0.4460	0.4329	0.4588	0.4194	0.4166	0.4237	0.4015	0.3618	0.3302	0.3252	0.3504	0.3172
0.2398	0.2694	0.2829	0.2961	0.3220	0.3375	0.3555	0.3725	0.3632	0.3872	0.4237	0.4279	0.4309	0.4650	0.5012	0.5156	0.5424	0.5608	0.5810	0.5491	0.5638	0.5497	0.5418	0.5533	0.5392	0.5273	0.5891	0.6091	0.6071	0.5548	0.5929	0.6120	0.5994	0.5778	0.5466	0.5733	0.5833	0.5768	0.5531	0.5362	0.5487	0.5489	0.5334	0.5354	0.5461	0.5354	0.5436	0.5272	0.5222	0.5147	0.5247	0.5217	0.5055	0.5242	0.4865	0.4616	0.4734	0.4365	0.4208	0.4201	0.4197	0.4105	0.4137	0.3905	0.3742	0.3470	0.3187	0.3183	0.2993
0.2521	0.2860	0.3603	0.3354	0.3440	0.3245	0.3446	0.3662	0.3917	0.3950	0.4210	0.4427	0.4712	0.4876	0.4423	0.4732	0.5447	0.5694	0.5922	0.5868	0.5747	0.5770	0.5500	0.5699	0.5249	0.5137	0.5226	0.5856	0.5864	0.6106	0.6254	0.6204	0.6150	0.5975	0.5725	0.5476	0.5966	0.5896	0.5640	0.5667	0.5306	0.5629	0.5390	0.5360	0.5418	0.5395	0.5508	0.5423	0.5173	0.5212	0.5271	0.5035	0.4904	0.4960	0.4824	0.4570	0.4458	0.4340	0.4128	0.4254	0.4048	0.4031	0.3934	0.3803	0.3784	0.3400	0.3212	0.3397	0.3046
0.2286	0.2909	0.3462	0.3414	0.3156	0.3139	0.3749	0.3741	0.3923	0.3819	0.3981	0.4392	0.4265	0.4607	0.4567	0.4893	0.5465	0.5488	0.5577	0.5504	0.5783	0.5986	0.5691	0.5970	0.5802	0.5197	0.4976	0.5337	0.5564	0.5545	0.5890	0.6160	0.5734	0.5725	0.5783	0.5741	0.6052	0.5347	0.5537	0.5550	0.5143	0.5639	0.5488	0.5485	0.5468	0.5277	0.5823	0.5346	0.5404	0.5803	0.5704	0.5608	0.5510	0.5292	0.4711	0.4661	0.4779	0.4532	0.4226	0.4140	0.4167	0.4207	0.3895	0.3910	0.3777	0.3605	0.3386	0.3190	0.3094
0.2506	0.2691	0.2706	0.3041	0.3280	0.3108	0.3418	0.3782	0.4195	0.4061	0.3879	0.4244	0.4349	0.4424	0.4649	0.5186	0.5509	0.5308	0.5668	0.5718	0.5975	0.6179	0.5925	0.5847	0.5989	0.5650	0.5222	0.5535	0.5724	0.5178	0.5556	0.6131	0.5650	0.5749	0.6077	0.5975	0.5912	0.5492	0.5697	0.5629	0.5372	0.5501	0.5843	0.5630	0.5557	0.5184	0.5332	0.5518	0.5505	0.5707	0.5754	0.5575	0.5432	0.5493	0.5443	0.5113	0.4596	0.4629	0.4239	0.4283	0.4097	0.4372	0.4465	0.4258	0.3655	0.3395	0.3499	0.3450	0.3367
0.2411	0.2684	0.2786	0.3195	0.3158	0.3343	0.3763	0.3750	0.3939	0.4119	0.3793	0.4218	0.4675	0.4346	0.4825	0.4938	0.5383	0.5170	0.5543	0.5779	0.5903	0.6080	0.5977	0.5993	0.6281	0.5771	0.5710	0.5895	0.5860	0.5560	0.5660	0.5849	0.5708	0.5811	0.6092	0.6239	0.6459	0.6115	0.6338	0.5880	0.6150	0.6302	0.6115	0.5823	0.5773	0.5404	0.5757	0.5838	0.6020	0.5595	0.5657	0.5703	0.5684	0.5270	0.5190	0.4986	0.4721	0.4486	0.4327	0.4475	0.4234	0.4296	0.4220	0.3958	0.3832	0.3392	0.3451	0.3288	0.3189
0.2281	0.2590	0.2843	0.3039	0.3251	0.3374	0.3564	0.3772	0.4125	0.3845	0.3797	0.4092	0.4738	0.4451	0.4755	0.5212	0.5268	0.5540	0.5429	0.5907	0.5667	0.5356	0.5623	0.5821	0.5988	0.6263	0.5747	0.6098	0.5817	0.6018	0.6170	0.6183	0.6063	0.6167	0.6040	0.5996	0.6345	0.6421	0.6669	0.6690	0.6555	0.6559	0.6297	0.6413	0.5807	0.5887	0.6083	0.6015	0.6265	0.6081	0.5953	0.5822	0.5788	0.5529	0.5134	0.4983	0.4892	0.4787	0.4784	0.4648	0.4397	0.3939	0.4093	0.4230	0.3627	0.3774	0.3569	0.3247	0.3360
0.2033	0.2424	0.2429	0.2690	0.3030	0.3128	0.3287	0.3673	0.3745	0.3519	0.3855	0.4025	0.4585	0.4607	0.4661	0.4764	0.5279	0.5519	0.5462	0.5850	0.5687	0.5858	0.5876	0.6124	0.6509	0.6466	0.6096	0.6243	0.6063	0.6058	0.5884	0.6073	0.6209	0.6561	0.6891	0.6810	0.6755	0.6641	0.7230	0.7004	0.6854	0.6872	0.6846	0.6398	0.6070	0.6319	0.5887	0.6270	0.5868	0.6413	0.6095	0.5838	0.5729	0.5639	0.5577	0.5183	0.5160	0.5077	0.4830	0.4799	0.4546	0.4068	0.4189	0.4011	0.4047	0.3761	0.3483	0.3403	0.3023
0.2050	0.2437	0.2680	0.2655	0.2910	0.3300	0.3435	0.3707	0.3638	0.3636	0.3753	0.3914	0.4281	0.4883	0.4724	0.5415	0.5148	0.5487	0.5776	0.5498	0.5623	0.5808	0.6211	0.6013	0.6358	0.6292	0.6174	0.6339	0.6512	0.6503	0.6457	0.6297	0.6956	0.7366	0.7365	0.7479	0.7332	0.7356	0.7151	0.7252	0.6995	0.7050	0.6936	0.6935	0.6578	0.6694	0.6549	0.6723	0.6553	0.6568	0.6506	0.6143	0.5743	0.5568	0.5264	0.5352	0.4906	0.4846	0.4671	0.4808	0.4776	0.4451	0.4464	0.4241	0.3953	0.3705	0.3558	0.3384	0.3212
0.1834	0.2359	0.2917	0.2955	0.2940	0.3683	0.3653	0.3620	0.3631	0.3903	0.3854	0.4295	0.4398	0.4812	0.4675	0.5276	0.5108	0.5678	0.6013	0.5849	0.6307	0.6422	0.6536	0.6464	0.6110	0.6375	0.6300	0.6321	0.6576	0.6808	0.6660	0.7080	0.7341	0.7660	0.7541	0.7611	0.8055	0.8047	0.7493	0.7465	0.7398	0.7198	0.7028	0.7576	0.7291	0.6943	0.6893	0.6689	0.7109	0.6937	0.6403	0.6122	0.5850	0.5564	0.5302	0.5509	0.4981	0.5073	0.4971	0.4904	0.4579	0.4740	0.4492	0.4328	0.3965	0.3627	0.3594	0.3325	0.3512
0.2295	0.2478	0.2776	0.2868	0.3018	0.3302	0.3719	0.3923	0.4136	0.3849	0.4158	0.4316	0.4671	0.4659	0.4943	0.5307	0.5781	0.6576	0.6523	0.6445	0.6687	0.7035	0.7201	0.7192	0.6647	0.6960	0.6417	0.6668	0.7081	0.6786	0.7440	0.7874	0.7623	0.8244	0.8598	0.8259	0.8345	0.7703	0.6624	0.7739	0.8095	0.7474	0.8010	0.7696	0.7672	0.7435	0.7384	0.7417	0.7232	0.7410	0.7236	0.6857	0.6386	0.6326	0.5671	0.5118	0.5045	0.5267	0.5232	0.4971	0.5030	0.4870	0.4813	0.4533	0.4043	0.3840	0.3965	0.3726	0.3659
0.3040	0.3514	0.3671	0.3620	0.3552	0.3848	0.4075	0.4248	0.4418	0.4447	0.4712	0.4828	0.5083	0.5045	0.5318	0.5576	0.6012	0.6101	0.6233	0.6447	0.6414	0.7079	0.7394	0.7010	0.7128	0.6932	0.7068	0.6952	0.7415	0.7381	0.8014	0.8080	0.8417	0.9132	0.9158	0.8716	0.8760	0.7621	0.5407	0.5529	0.6338	0.6819	0.8635	0.8358	0.7969	0.7425	0.7761	0.7436	0.7610	0.7962	0.7645	0.7197	0.6826	0.6745	0.5996	0.5642	0.5411	0.5194	0.5148	0.5182	0.5289	0.5272	0.5074	0.4889	0.4793	0.4144	0.3951	0.3797	0.4034
0.2033	0.3486	0.4597	0.5343	0.5022	0.5550	0.5618	0.5161	0.4942	0.5270	0.5288	0.5499	0.5350	0.5842	0.6357	0.6853	0.6925	0.6944	0.6864	0.7146	0.6896	0.7301	0.7512	0.7453	0.7501	0.7002	0.7279	0.7373	0.7836	0.8108	0.8409	0.8609	0.8896	0.8122	0.6596	0.7827	0.8747	0.7092	0.4911	0.4234	0.4382	0.5533	0.7954	0.8830	0.8675	0.8310	0.8527	0.8450	0.8634	0.8323	0.8095	0.7878	0.7540	0.7104	0.6221	0.5754	0.5545	0.5683	0.5810	0.5842	0.5979	0.5584	0.5479	0.5459	0.4913	0.4475	0.4409	0.4187	0.4074
0.0986	0.1576	0.2147	0.3412	0.4515	0.5583	0.6168	0.5641	0.5841	0.6079	0.6219	0.6340	0.6196	0.6834	0.7091	0.7444	0.7307	0.7031	0.7630	0.8048	0.8021	0.7868	0.7848	0.7610	0.7545	0.7113	0.7421	0.7293	0.8068	0.7835	0.7251	0.7340	0.7848	0.5368	0.3872	0.4488	0.5045	0.4214	0.3834	0.3780	0.4197	0.4423	0.5589	0.6691	0.8318	0.8684	0.8620	0.8778	0.8707	0.8506	0.8387	0.8744	0.7749	0.7428	0.6486	0.6334	0.6037	0.5920	0.5724	0.5889	0.6157	0.5975	0.5925	0.5789	0.4954	0.4877	0.4547	0.4396	0.3935
0.0592	0.0687	0.1114	0.1511	0.1746	0.2360	0.3539	0.5131	0.5477	0.5424	0.6110	0.6301	0.6463	0.6744	0.6936	0.7068	0.7031	0.7434	0.7375	0.7335	0.7545	0.7167	0.7336	0.6773	0.6946	0.6644	0.5876	0.4715	0.4155	0.4193	0.3759	0.3882	0.4264	0.3368	0.3006	0.3170	0.3133	0.3133	0.3178	0.3294	0.3630	0.3701	0.4060	0.4589	0.7277	0.8657	0.8793	0.8989	0.8494	0.8264	0.9029	0.8842	0.8124	0.7635	0.7222	0.6970	0.6675	0.6775	0.6214	0.6582	0.6605	0.5934	0.6079	0.5783	0.5716	0.5210	0.4779	0.4208	0.4145
0.0203	0.0526	0.0772	0.0994	0.0857	0.0987	0.1680	0.2025	0.2569	0.3076	0.3518	0.3897	0.4238	0.4456	0.4327	0.4636	0.4855	0.5471	0.5213	0.4472	0.4439	0.4757	0.4549	0.4255	0.4071	0.3878	0.3083	0.2434	0.2508	0.2586	0.2319	0.2263	0.2236	0.2437	0.2352	0.2406	0.2434	0.2544	0.2439	0.2569	0.2952	0.3115	0.3420	0.3791	0.5118	0.6853	0.6740	0.7617	0.7665	0.7158	0.8548	0.8802	0.8202	0.8060	0.7688	0.6945	0.6884	0.7276	0.7061	0.7368	0.6676	0.6202	0.6323	0.6032	0.5789	0.5373	0.5018	0.4547	0.4365
0.0121	0.0244	0.0375	0.0607	0.0617	0.0822	0.1061	0.1202	0.1248	0.1165	0.1553	0.1614	0.1759	0.1730	0.1926	0.1799	0.1939	0.2011	0.1917	0.2016	0.1886	0.1909	0.2084	0.2148	0.1963	0.1861	0.1745	0.1776	0.1927	0.1965	0.1843	0.2120	0.1890	0.1946	0.1882	0.1921	0.2027	0.2012	0.2089	0.2025	0.2177	0.2365	0.2485	0.2534	0.2906	0.3485	0.3369	0.3906	0.4458	0.4349	0.5409	0.6089	0.6773	0.6794	0.5368	0.4585	0.4846	0.5125	0.6082	0.6411	0.4985	0.5797	0.6832	0.5963	0.5515	0.5590	0.5074	0.4874	0.4635
0.0222	0.0128	0.0368	0.0531	0.0545	0.0684	0.0765	0.0725	0.0758	0.0866	0.1011	0.0919	0.1111	0.0944	0.1257	0.1163	0.1251	0.1156	0.1032	0.1179	0.1288	0.1354	0.1367	0.1465	0.1422	0.1399	0.1492	0.1506	0.1672	0.1565	0.1638	0.1797	0.1831	0.1823	0.1749	0.1688	0.1775	0.1910	0.1835	0.1863	0.1823	0.1871	0.2134	0.2229	0.2250	0.2394	0.2326	0.2550	0.2624	0.2818	0.2834	0.2968	0.3680	0.3490	0.3149	0.3033	0.3083	0.3283	0.3914	0.4079	0.3942	0.4265	0.6111	0.6160	0.5784	0.5858	0.5462	0.5129	0.4684
0.0253	0.0196	0.0288	0.0472	0.0426	0.0492	0.0602	0.0671	0.0638	0.0570	0.0796	0.0756	0.0812	0.0857	0.0874	0.0892	0.0967	0.1054	0.1085	0.0984	0.1011	0.1050	0.1116	0.1166	0.1034	0.1167	0.1169	0.1136	0.1241	0.1297	0.1235	0.1424	0.1448	0.1358	0.1561	0.1546	0.1518	0.1541	0.1608	0.1556	0.1524	0.1699	0.1795	0.1937	0.2052	0.1949	0.1980	0.2171	0.2187	0.2224	0.2329	0.2319	0.2457	0.2352	0.2411	0.2499	0.2558	0.2760	0.2946	0.3256	0.3648	0.3973	0.5699	0.6259	0.5931	0.5299	0.5083	0.4164	0.4257
0.0235	0.0333	0.0260	0.0316	0.0380	0.0436	0.0629	0.0609	0.0572	0.0721	0.0716	0.0714	0.0756	0.0753	0.0836	0.0721	0.0791	0.0897	0.1035	0.0989	0.0956	0.1004	0.1041	0.0903	0.0896	0.0997	0.1078	0.1093	0.0969	0.0980	0.1075	0.1087	0.1096	0.1079	0.1192	0.1144	0.1112	0.1247	0.1183	0.1214	0.1389	0.1426	0.1434	0.1596	0.1710	0.1610	0.1629	0.1723	0.1749	0.1794	0.1975	0.2042	0.2135	0.2157	0.2139	0.2138	0.2291	0.2482	0.2577	0.2791	0.2985	0.3193	0.5023	0.6311	0.5595	0.5139	0.4328	0.3155	0.3770
0.0153	0.0219	0.0185	0.0271	0.0395	0.0415	0.0523	0.0441	0.0416	0.0483	0.0671	0.0761	0.0703	0.0669	0.0816	0.0702	0.0765	0.0819	0.0735	0.0874	0.0831	0.0919	0.0813	0.0660	0.0844	0.0847	0.0868	0.1103	0.0979	0.0896	0.0954	0.0907	0.0941	0.0950	0.0976	0.0901	0.1038	0.0973	0.0927	0.0912	0.1030	0.0999	0.1010	0.1112	0.1151	0.1315	0.1264	0.1362	0.1375	0.1444	0.1644	0.1673	0.1726	0.1714	0.1805	0.1922	0.2091	0.2053	0.2248	0.2456	0.2686	0.2874	0.4350	0.5819	0.5615	0.5228	0.3447	0.3114	0.4006
0.0000	0.0012	0.0214	0.0309	0.0430	0.0325	0.0385	0.0437	0.0490	0.0471	0.0353	0.0550	0.0592	0.0698	0.0656	0.0586	0.0658	0.0725	0.0551	0.0648	0.0735	0.0784	0.0799	0.0680	0.0801	0.0813	0.0767	0.0834	0.0807	0.0867	0.0867	0.0736	0.0803	0.0740	0.0769	0.0797	0.0794	0.0762	0.0814	0.0737	0.0732	0.0793	0.0824	0.0968	0.0927	0.1068	0.1035	0.1064	0.1046	0.1120	0.1361	0.1355	0.1216	0.1344	0.1392	0.1505	0.1510	0.1566	0.1727	0.2113	0.2197	0.2371	0.3335	0.5284	0.5172	0.4058	0.2738	0.3599	0.4382
0.0000	0.0000	0.0097	0.0253	0.0127	0.0288	0.0415	0.0417	0.0426	0.0337	0.0297	0.0470	0.0423	0.0565	0.0646	0.0704	0.0584	0.0693	0.0658	0.0620	0.0661	0.0701	0.0690	0.0725	0.0806	0.0767	0.0674	0.0625	0.0666	0.0733	0.0672	0.0642	0.0749	0.0698	0.0678	0.0626	0.0571	0.0670	0.0737	0.0692	0.0708	0.0749	0.0788	0.0742	0.0838	0.0928	0.0953	0.0922	0.0849	0.0831	0.0895	0.1029	0.1005	0.0942	0.1156	0.1205	0.1123	0.1171	0.1278	0.1404	0.1535	0.1471	0.1740	0.2763	0.2820	0.2126	0.2264	0.3260	0.4029
0.0000	0.0037	0.0097	0.0102	0.0080	0.0269	0.0398	0.0308	0.0256	0.0282	0.0398	0.0387	0.0478	0.0526	0.0557	0.0582	0.0587	0.0577	0.0581	0.0637	0.0584	0.0591	0.0519	0.0606	0.0751	0.0723	0.0642	0.0688	0.0642	0.0683	0.0621	0.0559	0.0728	0.0723	0.0559	0.0648	0.0661	0.0650	0.0617	0.0667	0.0758	0.0700	0.0644	0.0748	0.0765	0.0758	0.0763	0.0719	0.0747	0.0814	0.0777	0.0812	0.0792	0.0830	0.1000	0.1019	0.0997	0.0917	0.1026	0.1040	0.1175	0.1129	0.1174	0.1341	0.1467	0.1688	0.1635	0.1855	0.2567
0.0000	0.0000	0.0050	0.0157	0.0059	0.0220	0.0352	0.0266	0.0344	0.0278	0.0359	0.0322	0.0368	0.0418	0.0411	0.0505	0.0596	0.0624	0.0564	0.0490	0.0580	0.0686	0.0596	0.0454	0.0648	0.0583	0.0628	0.0684	0.0600	0.0549	0.0571	0.0534	0.0531	0.0580	0.0583	0.0616	0.0597	0.0592	0.0614	0.0573	0.0611	0.0563	0.0648	0.0685	0.0667	0.0604	0.0580	0.0682	0.0668	0.0690	0.0710	0.0754	0.0722	0.0760	0.0789	0.0761	0.0811	0.0784	0.0870	0.0925	0.0973	0.0941	0.1111	0.1129	0.1288	0.1428	0.1263	0.1562	0.2021
0.0000	0.0000	0.0000	0.0000	0.0044	0.0167	0.0230	0.0225	0.0270	0.0322	0.0288	0.0298	0.0264	0.0435	0.0373	0.0403	0.0431	0.0460	0.0308	0.0524	0.0449	0.0455	0.0482	0.0509	0.0548	0.0404	0.0526	0.0542	0.0511	0.0509	0.0445	0.0538	0.0478	0.0493	0.0483	0.0541	0.0518	0.0508	0.0583	0.0573	0.0506	0.0557	0.0587	0.0594	0.0563	0.0609	0.0613	0.0596	0.0612	0.0549	0.0651	0.0611	0.0635	0.0582	0.0688	0.0645	0.0704	0.0674	0.0668	0.0729	0.0749	0.0751	0.0807	0.0868	0.1015	0.1108	0.1105	0.1189	0.1732
0.0000	0.0000	0.0000	0.0000	0.0000	0.0011	0.0022	0.0205	0.0157	0.0106	0.0200	0.0197	0.0328	0.0270	0.0327	0.0324	0.0302	0.0341	0.0331	0.0515	0.0366	0.0435	0.0425	0.0520	0.0521	0.0381	0.0462	0.0570	0.0504	0.0502	0.0423	0.0423	0.0447	0.0447	0.0457	0.0454	0.0377	0.0488	0.0528	0.0503	0.0514	0.0559	0.0514	0.0519	0.0512	0.0563	0.0628	0.0573	0.0504	0.0516	0.0618	0.0620	0.0573	0.0557	0.0558	0.0570	0.0557	0.0556	0.0597	0.0619	0.0640	0.0645	0.0682	0.0722	0.0775	0.0718	0.0741	0.0887	0.1100
0.0000	0.0000	0.0000	0.0000	0.0000	0.0117	0.0061	0.0220	0.0224	0.0134	0.0102	0.0377	0.0368	0.0230	0.0252	0.0312	0.0370	0.0387	0.0371	0.0336	0.0362	0.0395	0.0291	0.0356	0.0551	0.0507	0.0370	0.0484	0.0513	0.0508	0.0485	0.0411	0.0422	0.0486	0.0545	0.0389	0.0331	0.0469	0.0478	0.0456	0.0547	0.0506	0.0485	0.0451	0.0455	0.0495	0.0556	0.0496	0.0489	0.0535	0.0616	0.0608	0.0518	0.0622	0.0616	0.0580	0.0578	0.0536	0.0567	0.0610	0.0602	0.0505	0.0580	0.0623	0.0553	0.0515	0.0570	0.0680	0.0737
0.0000	0.0000	0.0000	0.0000	0.0000	0.0000	0.0074	0.0135	0.0090	0.0179	0.0259	0.0530	0.0318	0.0284	0.0357	0.0355	0.0392	0.0242	0.0184	0.0325	0.0332	0.0413	0.0278	0.0311	0.0441	0.0450	0.0329	0.0338	0.0440	0.0474	0.0411	0.0343	0.0396	0.0528	0.0521	0.0356	0.0359	0.0508	0.0454	0.0432	0.0433	0.0435	0.0423	0.0443	0.0507	0.0537	0.0570	0.0526	0.0510	0.0564	0.0566	0.0516	0.0542	0.0584	0.0575	0.0553	0.0582	0.0544	0.0500	0.0519	0.0556	0.0466	0.0508	0.0590	0.0492	0.0533	0.0458	0.0463	0.0437
0.0000	0.0000	0.0000	0.0000	0.0009	0.0004	0.0072	0.0095	0.0082	0.0068	0.0118	0.0198	0.0189	0.0226	0.0245	0.0262	0.0283	0.0154	0.0204	0.0308	0.0331	0.0290	0.0306	0.0309	0.0442	0.0346	0.0249	0.0285	0.0424	0.0405	0.0327	0.0355	0.0306	0.0387	0.0437	0.0355	0.0447	0.0396	0.0412	0.0415	0.0391	0.0459	0.0485	0.0465	0.0514	0.0469	0.0457	0.0457	0.0464	0.0477	0.0428	0.0387	0.0504	0.0550	0.0493	0.0570	0.0541	0.0434	0.0436	0.0521	0.0471	0.0439	0.0449	0.0482	0.0504	0.0530	0.0447	0.0405	0.0407
0.0000	0.0068	0.0000	0.0004	0.0020	0.0000	0.0055	0.0013	0.0000	0.0322	0.0130	0.0164	0.0265	0.0117	0.0183	0.0276	0.0276	0.0117	0.0170	0.0249	0.0315	0.0434	0.0353	0.0325	0.0517	0.0315	0.0302	0.0461	0.0363	0.0438	0.0402	0.0391	0.0325	0.0355	0.0365	0.0406	0.0312	0.0423	0.0415	0.0444	0.0400	0.0466	0.0533	0.0485	0.0407	0.0379	0.0488	0.0480	0.0407	0.0440	0.0454	0.0419	0.0529	0.0527	0.0514	0.0569	0.0430	0.0533	0.0440	0.0514	0.0408	0.0427	0.0520	0.0529	0.0572	0.0537	0.0504	0.0480	0.0460
