0.0000	0.0000	0.0000	0.0019	0.0016	0.0000	0.0035	0.0062	0.0076	0.0101	0.0126	0.0149	0.0258	0.0307	0.0279	0.0243	0.0346	0.0268	0.0221	0.0516	0.0569	0.0319	0.0412	0.0670	0.0644	0.0598	0.0671	0.0577	0.0545	0.0708	0.0655	0.0636	0.0783	0.0710	0.0655	0.0674	0.0729	0.0658	0.0757	0.0676	0.0877	0.0797	0.0824	0.0866	0.1034	0.0965	0.0919	0.1004	0.1034	0.1026	0.0834	0.0586	0.0734	0.0789	0.0721	0.0739	0.0750	0.0738	0.0807	0.0600	0.0646	0.0733	0.0612	0.0514	0.0552	0.0576	0.0385	0.0466	0.0395
0.0000	0.0000	0.0010	0.0115	0.0000	0.0001	0.0285	0.0056	0.0101	0.0114	0.0162	0.0206	0.0368	0.0296	0.0228	0.0520	0.0342	0.0483	0.0594	0.0407	0.0590	0.0513	0.0527	0.0698	0.0679	0.0604	0.0733	0.0704	0.0619	0.0735	0.0858	0.0729	0.0718	0.0720	0.0794	0.0815	0.0867	0.0894	0.0901	0.0851	0.0817	0.0924	0.0857	0.1017	0.1172	0.1068	0.0911	0.1140	0.1030	0.0979	0.0973	0.0706	0.0706	0.0848	0.0849	0.0833	0.0897	0.0891	0.0847	0.0833	0.0740	0.0730	0.0744	0.0724	0.0646	0.0521	0.0543	0.0535	0.0451
0.0000	0.0000	0.0063	0.0136	0.0084	0.0000	0.0056	0.0129	0.0089	0.0237	0.0303	0.0233	0.0425	0.0335	0.0338	0.0611	0.0500	0.0593	0.0668	0.0659	0.0508	0.0656	0.0577	0.0727	0.0820	0.0684	0.0766	0.0696	0.0751	0.0853	0.0756	0.0688	0.0778	0.0847	0.0835	0.0819	0.0811	0.0921	0.0987	0.0907	0.0887	0.0933	0.1006	0.1112	0.1075	0.1118	0.1067	0.1038	0.0886	0.0943	0.1140	0.0896	0.0851	0.1025	0.0949	0.0946	0.0944	0.0931	0.0928	0.1065	0.1082	0.0957	0.0886	0.0899	0.0736	0.0789	0.0836	0.0701	0.0676
0.0000	0.0000	0.0073	0.0026	0.0062	0.0020	0.0122	0.0260	0.0151	0.0233	0.0453	0.0321	0.0429	0.0444	0.0370	0.0441	0.0532	0.0584	0.0670	0.0690	0.0645	0.0681	0.0518	0.0516	0.0779	0.0687	0.0856	0.0661	0.0793	0.0835	0.0695	0.0677	0.0968	0.0927	0.0951	0.0916	0.0931	0.0877	0.0906	0.0821	0.0950	0.0845	0.0992	0.1032	0.1029	0.1186	0.1218	0.1049	0.1150	0.1033	0.1004	0.1035	0.1099	0.0990	0.1040	0.0882	0.0926	0.0982	0.0876	0.0994	0.0979	0.0962	0.1027	0.1092	0.0896	0.0677	0.0749	0.0884	0.0924
0.0000	0.0000	0.0108	0.0046	0.0014	0.0158	0.0201	0.0226	0.0181	0.0174	0.0368	0.0349	0.0449	0.0510	0.0378	0.0382	0.0451	0.0590	0.0526	0.0607	0.0616	0.0633	0.0686	0.0751	0.0770	0.0774	0.0814	0.0760	0.0797	0.0706	0.0674	0.0719	0.0931	0.1004	0.1145	0.1013	0.0908	0.0832	0.0961	0.0935	0.0981	0.0869	0.1116	0.1085	0.1139	0.1174	0.1082	0.1090	0.1083	0.1065	0.1024	0.1129	0.1095	0.1233	0.1023	0.0932	0.1017	0.1038	0.1173	0.1110	0.0974	0.0929	0.1154	0.1185	0.1192	0.0990	0.1240	0.1477	0.1786
0.0000	0.0043	0.0023	0.0151	0.0063	0.0109	0.0206	0.0222	0.0167	0.0192	0.0418	0.0416	0.0634	0.0550	0.0582	0.0523	0.0454	0.0447	0.0540	0.0681	0.0724	0.0703	0.0706	0.0767	0.0997	0.0932	0.0846	0.0748	0.0778	0.1026	0.0794	0.0872	0.0980	0.1128	0.1154	0.0986	0.0900	0.0908	0.0917	0.0855	0.0912	0.1106	0.1223	0.1345	0.1202	0.1195	0.1144	0.1272	0.1174	0.1293	0.1233	0.1274	0.1283	0.1143	0.1217	0.1289	0.1165	0.1122	0.1171	0.1226	0.1174	0.1158	0.1479	0.1555	0.1403	0.1451	0.1932	0.2593	0.2696
0.0000	0.0000	0.0136	0.0096	0.0033	0.0151	0.0242	0.0230	0.0299	0.0225	0.0377	0.0498	0.0643	0.0570	0.0572	0.0573	0.0669	0.0602	0.0650	0.0622	0.0776	0.0889	0.0675	0.0727	0.0859	0.0942	0.0982	0.0879	0.0880	0.1086	0.0968	0.0907	0.0966	0.1155	0.0932	0.1020	0.1029	0.1045	0.1058	0.0979	0.0962	0.1251	0.1295	0.1291	0.1178	0.1296	0.1371	0.1537	0.1480	0.1595	0.1429	0.1481	0.1609	0.1489	0.1383	0.1641	0.1509	0.1379	0.1492	0.1444	0.1470	0.1654	0.1798	0.2055	0.1979	0.2142	0.2757	0.2982	0.2860
0.0000	0.0000	0.0115	0.0092	0.0016	0.0187	0.0410	0.0390	0.0498	0.0538	0.0549	0.0603	0.0627	0.0472	0.0641	0.0770	0.0741	0.0744	0.0698	0.0682	0.0913	0.1109	0.1023	0.0835	0.0857	0.1005	0.0959	0.1013	0.1020	0.0970	0.1040	0.0979	0.1193	0.1222	0.1113	0.1122	0.1236	0.1260	0.1081	0.1154	0.1170	0.1175	0.1388	0.1317	0.1369	0.1574	0.1583	0.1620	0.1511	0.1561	0.1614	0.1664	0.1422	0.1504	0.1575	0.1674	0.1587	0.1519	0.1568	0.1811	0.2357	0.3239	0.3063	0.2321	0.2359	0.2854	0.3298	0.3283	0.3019
0.0051	0.0009	0.0142	0.0124	0.0000	0.0192	0.0364	0.0314	0.0492	0.0569	0.0435	0.0665	0.0724	0.0723	0.0677	0.0722	0.0787	0.0703	0.0788	0.0962	0.1006	0.0937	0.1017	0.0999	0.0856	0.0996	0.1069	0.1065	0.1030	0.1120	0.1173	0.1144	0.1301	0.1281	0.1301	0.1306	0.1341	0.1373	0.1276	0.1384	0.1174	0.1236	0.1632	0.1535	0.1749	0.1811	0.1792	0.1987	0.2123	0.2056	0.2242	0.2070	0.1864	0.1982	0.2165	0.2234	0.2021	0.2099	0.2303	0.2437	0.3335	0.4611	0.4078	0.3118	0.3103	0.3375	0.3420	0.3240	0.3006
0.0000	0.0000	0.0190	0.0193	0.0174	0.0319	0.0515	0.0326	0.0487	0.0514	0.0651	0.0637	0.0569	0.0626	0.0810	0.0868	0.1028	0.0928	0.1145	0.1034	0.1025	0.0958	0.0896	0.1074	0.1182	0.1108	0.1068	0.1094	0.1252	0.1216	0.1229	0.1109	0.1195	0.1277	0.1312	0.1282	0.1405	0.1553	0.1427	0.1507	0.1454	0.1428	0.1669	0.1889	0.1972	0.2004	0.2106	0.2210	0.2439	0.2431	0.2706	0.2248	0.2428	0.2384	0.2675	0.2532	0.2543	0.2763	0.2987	0.2778	0.3693	0.5022	0.4671	0.4605	0.4197	0.3257	0.3221	0.3203	0.3250
0.0000	0.0023	0.0247	0.0303	0.0306	0.0363	0.0476	0.0398	0.0517	0.0484	0.0543	0.0533	0.0868	0.0720	0.0794	0.0820	0.0943	0.0977	0.1005	0.1007	0.1093	0.1082	0.1027	0.1084	0.1278	0.1305	0.1233	0.1208	0.1222	0.1221	0.1227	0.1299	0.1208	0.1317	0.1431	0.1290	0.1533	0.1657	0.1592	0.1538	0.1746	0.1819	0.1962	0.2032	0.2226	0.2391	0.2587	0.3281	0.4216	0.4397	0.4554	0.3540	0.2733	0.2756	0.2921	0.3005	0.3221	0.2998	0.3335	0.3266	0.3972	0.4930	0.4682	0.4560	0.4582	0.3409	0.3121	0.3373	0.3061
0.0000	0.0054	0.0087	0.0296	0.0258	0.0298	0.0464	0.0379	0.0449	0.0549	0.0716	0.0828	0.0794	0.0739	0.0768	0.0897	0.0970	0.1098	0.1027	0.1094	0.1263	0.1314	0.1094	0.1206	0.1388	0.1408	0.1531	0.1194	0.1349	0.1458	0.1454	0.1530	0.1584	0.1553	0.1685	0.1544	0.1692	0.1876	0.2007	0.1985	0.1935	0.2032	0.2458	0.2813	0.2907	0.3326	0.3656	0.4690	0.6665	0.7285	0.7221	0.6059	0.4251	0.3812	0.3396	0.3676	0.3790	0.3635	0.4167	0.4433	0.4915	0.5270	0.4729	0.4598	0.4377	0.3741	0.2992	0.3128	0.3150
0.0127	0.0155	0.0219	0.0424	0.0418	0.0350	0.0499	0.0392	0.0574	0.0682	0.0733	0.0773	0.0784	0.0753	0.0755	0.1120	0.1262	0.1334	0.1188	0.1221	0.1434	0.1416	0.1557	0.1554	0.1539	0.1603	0.1546	0.1375	0.1581	0.1715	0.1751	0.1835	0.1938	0.2023	0.1957	0.1823	0.1974	0.2349	0.2465	0.2515	0.2563	0.2666	0.3251	0.3734	0.4352	0.5488	0.5630	0.6977	0.8331	0.8128	0.7293	0.6871	0.6503	0.6118	0.4440	0.4177	0.4113	0.4640	0.5955	0.5521	0.5532	0.5697	0.4938	0.4751	0.4769	0.4270	0.3716	0.3624	0.3293
0.0189	0.0181	0.0458	0.0520	0.0449	0.0344	0.0590	0.0750	0.0618	0.0679	0.0876	0.1044	0.1163	0.1159	0.1032	0.1083	0.1378	0.1631	0.1604	0.1761	0.1687	0.1549	0.1786	0.1858	0.1959	0.1925	0.1846	0.1957	0.1755	0.1971	0.1910	0.2073	0.2343	0.2324	0.2390	0.2404	0.2540	0.2852	0.2880	0.2826	0.3227	0.3436	0.4300	0.5526	0.7397	0.8562	0.7808	0.7943	0.8131	0.7620	0.7933	0.7464	0.7141	0.6649	0.5940	0.5628	0.5689	0.5520	0.6188	0.5974	0.5768	0.5413	0.5042	0.4623	0.4807	0.4073	0.3911	0.3488	0.3136
0.0172	0.0296	0.0475	0.0481	0.0523	0.0505	0.0829	0.1138	0.1001	0.1076	0.1245	0.1476	0.1885	0.1782	0.1806	0.1854	0.2270	0.2316	0.2530	0.2701	0.2730	0.2642	0.2488	0.2642	0.2501	0.2770	0.2558	0.2497	0.2425	0.2616	0.2602	0.2727	0.2937	0.2927	0.3019	0.3036	0.3136	0.3556	0.3703	0.3544	0.3804	0.4399	0.5606	0.7512	0.8651	0.8696	0.8103	0.8301	0.8400	0.8022	0.7714	0.7083	0.6623	0.6396	0.6666	0.6818	0.6535	0.6207	0.6108	0.6061	0.5456	0.4883	0.4796	0.4554	0.4613	0.4011	0.3774	0.3333	0.2946
0.0181	0.0250	0.0431	0.0584	0.0720	0.0810	0.1080	0.1414	0.1944	0.2147	0.2366	0.2665	0.3550	0.3629	0.3863	0.3888	0.4703	0.4691	0.5916	0.5856	0.6024	0.5948	0.5446	0.4956	0.4921	0.5459	0.5828	0.4984	0.4563	0.3783	0.3723	0.3631	0.3270	0.3511	0.3474	0.3769	0.3962	0.4553	0.5574	0.5212	0.4508	0.5161	0.7803	0.9291	0.8109	0.8822	0.8523	0.8000	0.7980	0.7819	0.7315	0.7386	0.6851	0.6313	0.6304	0.6669	0.6175	0.6357	0.6170	0.5796	0.5130	0.4703	0.4741	0.4718	0.4123	0.3555	0.3512	0.3581	0.3244
0.0254	0.0404	0.0673	0.1048	0.1120	0.1278	0.1874	0.2507	0.3237	0.3924	0.4666	0.5540	0.6383	0.5928	0.6590	0.6896	0.6917	0.7142	0.7379	0.7477	0.8027	0.7334	0.7509	0.7200	0.7582	0.7527	0.7665	0.7645	0.7606	0.7243	0.7208	0.7098	0.5872	0.4326	0.4438	0.4725	0.5045	0.7815	0.9956	0.7641	0.5886	0.6505	0.9197	0.9397	0.8102	0.7759	0.7801	0.7848	0.7352	0.7208	0.6629	0.7077	0.6296	0.6555	0.6315	0.6386	0.6105	0.5845	0.5545	0.5604	0.5246	0.4936	0.4533	0.4285	0.3939	0.3502	0.3324	0.3355	0.3477
0.0517	0.0835	0.1169	0.1826	0.2186	0.3203	0.4287	0.4779	0.5398	0.5045	0.5746	0.6194	0.6080	0.5646	0.6338	0.6642	0.7049	0.6861	0.7007	0.7177	0.7905	0.7676	0.7218	0.7016	0.7179	0.7028	0.7658	0.8026	0.7281	0.8029	0.8657	0.9160	0.9185	0.7776	0.6834	0.7418	0.7076	0.9050	0.9941	0.9028	0.6877	0.7145	0.9144	0.8653	0.7713	0.7372	0.7637	0.7323	0.7057	0.7026	0.6615	0.6439	0.6304	0.6414	0.5873	0.5605	0.5467	0.5314	0.5579	0.4899	0.4991	0.5009	0.4385	0.4268	0.3825	0.3327	0.3272	0.3470	0.3138
0.0940	0.1497	0.2530	0.3771	0.4542	0.5388	0.5406	0.4953	0.4900	0.4579	0.4702	0.4860	0.5393	0.5004	0.5244	0.5803	0.6370	0.6335	0.6697	0.6718	0.6829	0.7134	0.7224	0.7219	0.6739	0.7098	0.7686	0.7108	0.7435	0.8111	0.8133	0.8280	0.9159	1.0000	0.9545	0.9810	0.9142	0.9092	0.8568	0.8646	0.7312	0.7601	0.8980	0.8100	0.7148	0.7452	0.7019	0.6857	0.6709	0.6924	0.6623	0.5836	0.5466	0.5691	0.5623	0.5323	0.5372	0.5192	0.4968	0.4779	0.5078	0.4738	0.4354	0.4261	0.3844	0.3362	0.3170	0.3282	0.3342
0.1598	0.2726	0.3433	0.3518	0.3473	0.3543	0.3613	0.3518	0.3576	0.3849	0.3914	0.3946	0.4786	0.4327	0.4567	0.5287	0.5719	0.6283	0.6174	0.5905	0.6379	0.6398	0.6282	0.6717	0.6830	0.6739	0.7030	0.6943	0.7163	0.7645	0.7599	0.7904	0.8530	0.9338	0.8953	0.9259	0.9188	0.8747	0.7622	0.7641	0.7732	0.8003	0.8165	0.7968	0.7250	0.6737	0.6358	0.6404	0.6210	0.6260	0.5915	0.5744	0.5307	0.5421	0.5623	0.5364	0.5170	0.5087	0.4681	0.4531	0.4559	0.4255	0.4272	0.4161	0.3776	0.3440	0.3175	0.3403	0.3000
0.1439	0.1985	0.2228	0.2198	0.2327	0.2573	0.2580	0.2718	0.2946	0.3068	0.3375	0.3453	0.4778	0.4634	0.4293	0.5053	0.6015	0.6662	0.5943	0.5454	0.5886	0.6167	0.6192	0.6211	0.6106	0.6531	0.6286	0.6510	0.6767	0.6533	0.7633	0.7688	0.7934	0.8788	0.8284	0.8195	0.8292	0.7861	0.6790	0.6936	0.7554	0.7367	0.7411	0.7678	0.6502	0.6483	0.6654	0.6303	0.5932	0.5598	0.5967	0.5676	0.5161	0.5449	0.5464	0.5312	0.4761	0.4934	0.4903	0.4519	0.4776	0.4628	0.4188	0.4042	0.3918	0.3609	0.3142	0.3381	0.2987
0.1296	0.1564	0.1836	0.1955	0.1962	0.2003	0.2404	0.2656	0.2649	0.2906	0.3230	0.3362	0.3941	0.4717	0.4948	0.5293	0.6076	0.6477	0.6304	0.5924	0.5947	0.6185	0.6683	0.6286	0.5881	0.6153	0.5843	0.5881	0.6402	0.6395	0.6776	0.7036	0.7232	0.7601	0.7613	0.7201	0.6962	0.7035	0.6616	0.6603	0.7474	0.7314	0.6859	0.6948	0.6128	0.6541	0.6290	0.5870	0.5672	0.5576	0.6062	0.5661	0.5267	0.5294	0.5086	0.5212	0.4991	0.5010	0.4759	0.4362	0.4702	0.4570	0.4175	0.3972	0.3946	0.3641	0.3198	0.3241	0.3164
0.1204	0.1459	0.1652	0.1761	0.1929	0.1814	0.2407	0.2578	0.2830	0.2771	0.3055	0.3273	0.3627	0.4142	0.4926	0.5189	0.6295	0.6161	0.5821	0.5792	0.6251	0.6400	0.6135	0.5971	0.5879	0.5352	0.5495	0.5898	0.5875	0.6076	0.6206	0.6386	0.6867	0.7110	0.6378	0.6221	0.6663	0.6747	0.6706	0.6646	0.6655	0.6691	0.6180	0.6060	0.6012	0.6127	0.6038	0.5897	0.5529	0.5657	0.5450	0.5344	0.5793	0.5576	0.5149	0.5286	0.5284	0.5096	0.4845	0.4687	0.4620	0.4346	0.4275	0.4080	0.3779	0.3805	0.3451	0.3124	0.2866
0.1220	0.1293	0.1703	0.2092	0.2060	0.1925	0.2406	0.2636	0.2614	0.2833	0.2984	0.3263	0.3707	0.4154	0.4645	0.5088	0.5541	0.5546	0.6084	0.5743	0.5768	0.5729	0.5544	0.5387	0.5728	0.5131	0.5351	0.5566	0.5401	0.5732	0.5888	0.5911	0.6338	0.6721	0.6783	0.6345	0.6540	0.6317	0.6364	0.6489	0.6237	0.6308	0.6406	0.6343	0.6047	0.6060	0.6387	0.5876	0.5528	0.5618	0.5504	0.5321	0.5376	0.5214	0.4943	0.5278	0.5251	0.4914	0.4834	0.4692	0.4508	0.4436	0.4172	0.4010	0.3538	0.3437	0.3294	0.3038	0.2937
0.1371	0.1480	0.1796	0.2002	0.2102	0.2083	0.2311	0.2600	0.2991	0.3100	0.3174	0.3474	0.3955	0.4346	0.4401	0.4701	0.5236	0.5564	0.5607	0.5558	0.5291	0.5339	0.5450	0.5555	0.5370	0.5164	0.4985	0.5207	0.5693	0.5770	0.5734	0.6014	0.6277	0.6635	0.6435	0.6321	0.6577	0.6531	0.6869	0.6375	0.6222	0.6360	0.6387	0.6018	0.6160	0.5998	0.5643	0.5454	0.5662	0.5678	0.5370	0.5057	0.5227	0.5257	0.5241	0.5212	0.4893	0.4770	0.4589	0.4917	0.4946	0.4369	0.4227	0.3861	0.3815	0.3586	0.3070	0.3179	0.3125
0.1581	0.1699	0.1598	0.1913	0.1954	0.2160	0.2359	0.2618	0.3161	0.3055	0.3519	0.3823	0.3918	0.4163	0.4709	0.4738	0.5253	0.5214	0.4979	0.5355	0.5558	0.5158	0.5078	0.4978	0.5512	0.5294	0.5299	0.5306	0.5607	0.5902	0.6152	0.6072	0.6113	0.6303	0.6276	0.6269	0.6364	0.6340	0.6658	0.6469	0.6296	0.6194	0.6128	0.6131	0.6041	0.6037	0.5954	0.5764	0.5995	0.5823	0.5730	0.5269	0.5087	0.5426	0.5516	0.5492	0.5382	0.5414	0.4848	0.4443	0.4862	0.4427	0.4590	0.4144	0.3824	0.3747	0.3274	0.3302	0.3107
0.1528	0.1677	0.1839	0.2056	0.2053	0.2310	0.2620	0.2579	0.2885	0.2682	0.3583	0.3748	0.4166	0.4232	0.4777	0.4980	0.4948	0.4676	0.5198	0.5287	0.5139	0.5516	0.5220	0.4947	0.4818	0.4949	0.5276	0.5139	0.5604	0.6267	0.6267	0.6145	0.6445	0.6114	0.5975	0.6103	0.6030	0.6075	0.6250	0.6217	0.6500	0.6260	0.6068	0.5839	0.6142	0.6089	0.5846	0.5657	0.5978	0.5805	0.5635	0.5620	0.5219	0.5306	0.5293	0.5061	0.4968	0.5198	0.4910	0.4916	0.4573	0.4264	0.4285	0.3975	0.3670	0.3624	0.3441	0.3400	0.3213
0.1557	0.1606	0.1881	0.2080	0.2095	0.2165	0.2572	0.2958	0.2923	0.3042	0.3534	0.3591	0.4091	0.4165	0.4426	0.4761	0.4905	0.4975	0.5002	0.5488	0.5090	0.5076	0.4750	0.5193	0.5518	0.5298	0.5156	0.5548	0.5708	0.6089	0.6338	0.6136	0.6149	0.5889	0.6009	0.5931	0.5887	0.6102	0.6228	0.6028	0.6259	0.6198	0.6005	0.5820	0.6079	0.6070	0.6013	0.5837	0.5812	0.5484	0.5809	0.5583	0.5680	0.5444	0.4996	0.5020	0.5023	0.4826	0.4712	0.4903	0.4529	0.4415	0.4309	0.4006	0.3939	0.3582	0.3378	0.3569	0.3156
0.1664	0.1688	0.1737	0.1893	0.2188	0.2193	0.2550	0.2873	0.2989	0.3292	0.3494	0.3484	0.3789	0.4250	0.4383	0.4813	0.4805	0.5237	0.5736	0.5566	0.5487	0.5080	0.4955	0.5272	0.5289	0.5033	0.5347	0.5895	0.5778	0.5558	0.6155	0.6177	0.6287	0.6118	0.5675	0.5810	0.5905	0.6074	0.6098	0.6181	0.5786	0.6004	0.5960	0.5799	0.6079	0.5873	0.5907	0.5975	0.5798	0.5682	0.5739	0.5363	0.5480	0.5615	0.5470	0.5258	0.5197	0.4858	0.4524	0.4679	0.4651	0.4552	0.4364	0.4127	0.4193	0.3518	0.3370	0.3380	0.2937
0.1505	0.1806	0.1836	0.2151	0.2168	0.2168	0.2464	0.2850	0.3182	0.3179	0.3694	0.3752	0.4096	0.4081	0.4254	0.4704	0.4895	0.5047	0.5485	0.5378	0.5345	0.5267	0.5425	0.5476	0.5226	0.5076	0.5464	0.5643	0.5750	0.6141	0.5966	0.5854	0.6567	0.6308	0.5705	0.5445	0.6606	0.6646	0.5823	0.5699	0.5793	0.6038	0.5890	0.6174	0.6037	0.5655	0.5781	0.6055	0.5769	0.5741	0.5729	0.5608	0.5443	0.5453	0.5514	0.5284	0.4889	0.4630	0.4766	0.4699	0.4596	0.4564	0.4059	0.4054	0.3795	0.3571	0.3540	0.3553	0.3216
0.1412	0.1894	0.2113	0.2036	0.2171	0.2190	0.2630	0.2978	0.3230	0.3364	0.3673	0.3803	0.4227	0.4117	0.4282	0.4488	0.4878	0.5215	0.5163	0.5217	0.5246	0.5330	0.5163	0.5389	0.5143	0.4990	0.4853	0.5185	0.5434	0.5532	0.5900	0.6178	0.6190	0.6047	0.6005	0.5843	0.6494	0.6283	0.5948	0.5818	0.5712	0.6174	0.5924	0.6315	0.5846	0.5619	0.5779	0.5962	0.6033	0.6447	0.5829	0.5895	0.5959	0.5856	0.5387	0.5519	0.5400	0.5104	0.4928	0.4894	0.4744	0.4534	0.4192	0.4181	0.3884	0.3760	0.3427	0.3371	0.3235
0.1501	0.1452	0.1718	0.1883	0.2197	0.2274	0.2282	0.2830	0.3163	0.3411	0.3370	0.3833	0.4009	0.3658	0.4317	0.4898	0.5103	0.5022	0.4975	0.5512	0.5333	0.5216	0.4917	0.5359	0.5223	0.5347	0.5092	0.5308	0.5467	0.5580	0.5705	0.6050	0.5935	0.5770	0.6163	0.5976	0.5928	0.5800	0.6011	0.5907	0.5535	0.5615	0.6170	0.6187	0.5856	0.5882	0.5911	0.6044	0.5740	0.6489	0.6613	0.6033	0.5940	0.6278	0.5979	0.5479	0.5283	0.5313	0.4976	0.4800	0.5006	0.4745	0.4776	0.4509	0.3990	0.3566	0.3534	0.3411	0.3242
0.1559	0.1701	0.1831	0.1826	0.2070	0.2347	0.2424	0.2591	0.2928	0.3420	0.3568	0.3901	0.4159	0.3991	0.4171	0.4531	0.5090	0.5065	0.5164	0.5061	0.5308	0.5376	0.4869	0.5023	0.5673	0.5551	0.5530	0.5881	0.6064	0.5927	0.5945	0.5959	0.5871	0.6015	0.6209	0.6276	0.6543	0.6075	0.6331	0.5978	0.5925	0.6085	0.6037	0.5950	0.5849	0.5761	0.6190	0.6136	0.6303	0.6235	0.6251	0.5837	0.6381	0.6250	0.6065	0.5807	0.5631	0.5380	0.5183	0.5026	0.4875	0.5139	0.4801	0.4247	0.4170	0.3652	0.3780	0.3719	0.3473
0.1722	0.1761	0.2079	0.2057	0.2104	0.2356	0.2613	0.2793	0.2746	0.3137	0.3274	0.3838	0.4233	0.4518	0.4336	0.4741	0.4969	0.5083	0.5293	0.5587	0.5819	0.5423	0.5367	0.5418	0.5815	0.6082	0.5841	0.6324	0.6425	0.6415	0.6466	0.6621	0.6788	0.6928	0.6749	0.6405	0.6364	0.6264	0.6344	0.6160	0.5960	0.6280	0.6205	0.6290	0.5803	0.6166	0.6525	0.6322	0.6383	0.6835	0.6575	0.6201	0.6229	0.6159	0.5986	0.5914	0.5700	0.5359	0.5287	0.5046	0.5073	0.5070	0.4758	0.4469	0.4275	0.4158	0.4038	0.3754	0.3727
0.1696	0.1777	0.1678	0.2027	0.2219	0.2379	0.2542	0.2792	0.2917	0.3083	0.3464	0.3620	0.4213	0.4717	0.4477	0.4422	0.4857	0.5187	0.5500	0.6116	0.6017	0.5899	0.5868	0.5941	0.6114	0.6282	0.5976	0.6149	0.5994	0.6412	0.6462	0.6841	0.7038	0.7133	0.7485	0.6980	0.6516	0.6713	0.7006	0.6373	0.6438	0.6749	0.6413	0.6529	0.6400	0.6888	0.6656	0.6597	0.6202	0.6794	0.6540	0.6412	0.6335	0.6709	0.6026	0.5743	0.5506	0.5839	0.5631	0.5125	0.4860	0.4937	0.4819	0.4547	0.4740	0.4388	0.3993	0.3861	0.3581
0.1774	0.2050	0.1903	0.2155	0.2352	0.2602	0.2775	0.2973	0.2916	0.2986	0.3677	0.3921	0.3850	0.4471	0.4491	0.4630	0.4962	0.5470	0.5825	0.6153	0.6031	0.6276	0.6248	0.6306	0.6405	0.6038	0.6198	0.6174	0.6500	0.6575	0.6666	0.6711	0.7152	0.7294	0.7507	0.7109	0.7217	0.7338	0.7154	0.7060	0.6916	0.7110	0.7052	0.6826	0.6728	0.7164	0.7195	0.7179	0.7149	0.7094	0.6884	0.6603	0.6356	0.6232	0.6016	0.5797	0.5709	0.5723	0.5115	0.5255	0.5161	0.5106	0.4916	0.4668	0.4558	0.3942	0.3833	0.3883	0.3646
0.2085	0.2206	0.2302	0.2583	0.2644	0.2822	0.2901	0.3148	0.3310	0.3587	0.3570	0.3765	0.4005	0.4356	0.4643	0.5050	0.5254	0.5853	0.6250	0.6292	0.6543	0.6646	0.6886	0.7058	0.6443	0.6421	0.6207	0.6119	0.6625	0.6663	0.6787	0.7156	0.7473	0.7852	0.7667	0.7266	0.7695	0.7383	0.7249	0.7330	0.7611	0.7454	0.7004	0.7267	0.7049	0.7095	0.7226	0.7071	0.7762	0.7759	0.7009	0.6630	0.6606	0.6178	0.5971	0.5930	0.6021	0.6119	0.5632	0.5309	0.5089	0.5043	0.4860	0.4708	0.4590	0.4128	0.3993	0.4007	0.3922
0.2069	0.2253	0.2589	0.2707	0.2846	0.2986	0.3203	0.3437	0.3709	0.3618	0.3695	0.4035	0.4253	0.4467	0.5085	0.5493	0.5826	0.6697	0.6684	0.6956	0.6934	0.7087	0.7185	0.7160	0.6936	0.7114	0.6806	0.6563	0.6999	0.6552	0.7454	0.7582	0.7664	0.8067	0.8359	0.7886	0.8465	0.8398	0.8509	0.8126	0.8013	0.7606	0.7770	0.7847	0.7626	0.7433	0.7409	0.7462	0.7401	0.7632	0.7101	0.7033	0.6761	0.6661	0.5912	0.5902	0.6197	0.6111	0.5927	0.5198	0.5434	0.5409	0.5111	0.4899	0.4945	0.4557	0.4622	0.4127	0.4055
0.2386	0.3315	0.3817	0.4080	0.3784	0.3734	0.3955	0.3891	0.3964	0.3798	0.4328	0.4604	0.4560	0.4806	0.5331	0.5858	0.6617	0.6683	0.6764	0.6653	0.6222	0.7251	0.7376	0.6956	0.7637	0.7366	0.7449	0.7184	0.7377	0.7715	0.8117	0.8444	0.8921	0.8881	0.9074	0.8920	0.8944	0.8412	0.8465	0.8442	0.8283	0.8828	0.8757	0.8490	0.8199	0.7849	0.7757	0.7581	0.7427	0.7714	0.7278	0.7415	0.6756	0.6553	0.5939	0.6228	0.6124	0.5965	0.5901	0.5739	0.5750	0.5591	0.5531	0.5430	0.4840	0.4503	0.4476	0.4331	0.4157
0.1816	0.3119	0.4399	0.5333	0.5557	0.5858	0.5900	0.5753	0.5128	0.5106	0.5014	0.5049	0.5199	0.5303	0.5930	0.6896	0.6950	0.7155	0.7318	0.7379	0.7119	0.7806	0.7736	0.7607	0.7675	0.8163	0.7940	0.7964	0.8397	0.8762	0.8867	0.8819	0.9173	0.9113	0.8491	0.6480	0.5946	0.4972	0.5310	0.5733	0.6470	0.8857	0.9623	0.9254	0.8957	0.8523	0.8467	0.7877	0.8084	0.8072	0.7616	0.7299	0.7079	0.6758	0.6362	0.6166	0.6081	0.6496	0.6223	0.6261	0.6395	0.6078	0.5896	0.5833	0.5234	0.4797	0.4821	0.4594	0.4186
0.0860	0.1120	0.1715	0.2931	0.4247	0.5215	0.6250	0.6515	0.6277	0.6278	0.6682	0.6064	0.5901	0.6519	0.6524	0.7390	0.7384	0.7830	0.7867	0.8393	0.8557	0.8433	0.8207	0.7880	0.8063	0.8109	0.7510	0.7249	0.6624	0.6466	0.6571	0.5756	0.6046	0.6685	0.5145	0.3378	0.3215	0.3285	0.3520	0.3794	0.4574	0.5638	0.8636	0.9727	0.9572	0.9117	0.8588	0.8393	0.8203	0.8230	0.7344	0.7286	0.7116	0.7143	0.6673	0.6631	0.6445	0.6549	0.6388	0.6542	0.6348	0.6213	0.6119	0.5775	0.5327	0.5017	0.4920	0.4725	0.4042
0.0369	0.0360	0.0505	0.0984	0.1316	0.1873	0.2401	0.3482	0.4469	0.5245	0.6307	0.6351	0.6975	0.6951	0.7137	0.7466	0.7488	0.7600	0.7338	0.7690	0.8158	0.7959	0.7668	0.7365	0.6683	0.5501	0.4419	0.3726	0.3273	0.3019	0.3064	0.3066	0.2953	0.3125	0.2943	0.2826	0.2865	0.3163	0.3273	0.3481	0.3881	0.4202	0.5942	0.8805	0.9828	0.9391	0.9247	0.8690	0.8244	0.8129	0.8108	0.7632	0.7220	0.7268	0.6688	0.6910	0.7000	0.6687	0.6401	0.6714	0.6829	0.6409	0.6435	0.5894	0.5625	0.4935	0.4991	0.4533	0.4077
0.0019	0.0134	0.0391	0.0608	0.0826	0.0904	0.1122	0.1172	0.1551	0.2086	0.2752	0.3253	0.4148	0.4469	0.5392	0.5853	0.5731	0.6322	0.6457	0.6201	0.6202	0.5215	0.4740	0.4492	0.3436	0.2583	0.2418	0.2307	0.2391	0.2331	0.2274	0.2292	0.2522	0.2567	0.2417	0.2450	0.2601	0.2884	0.2823	0.3041	0.3628	0.3937	0.4559	0.7232	0.9922	0.9392	0.9265	0.9154	0.8756	0.8540	0.8150	0.7513	0.7409	0.7702	0.7266	0.7281	0.7597	0.7753	0.7275	0.7252	0.7566	0.6940	0.6675	0.5963	0.5418	0.5426	0.5450	0.4868	0.4476
0.0048	0.0235	0.0255	0.0427	0.0551	0.0772	0.0784	0.0795	0.0915	0.1127	0.1076	0.1237	0.1366	0.1537	0.1685	0.1952	0.2209	0.2239	0.2348	0.2567	0.2366	0.1814	0.1806	0.1781	0.1811	0.1783	0.1754	0.1902	0.1876	0.1986	0.1996	0.2051	0.2126	0.2265	0.2164	0.2220	0.2475	0.2601	0.2700	0.2946	0.3292	0.3875	0.4655	0.7319	0.9897	0.9642	0.9256	0.9243	0.8952	0.8660	0.8171	0.7713	0.7239	0.7261	0.7455	0.8098	0.8208	0.7976	0.7528	0.7710	0.7633	0.7576	0.6933	0.6216	0.5725	0.5741	0.5213	0.4642	0.4404
0.0178	0.0314	0.0458	0.0462	0.0431	0.0543	0.0548	0.0603	0.0650	0.0754	0.0885	0.0834	0.1072	0.0957	0.1043	0.1091	0.1088	0.1013	0.1147	0.1210	0.1237	0.1130	0.1184	0.1322	0.1350	0.1181	0.1320	0.1319	0.1444	0.1606	0.1535	0.1571	0.1711	0.1787	0.1877	0.1889	0.2086	0.2382	0.2535	0.2771	0.2869	0.3630	0.4774	0.8377	0.9783	0.9621	0.9128	0.9283	0.8756	0.8893	0.8871	0.8107	0.7964	0.7872	0.8087	0.8201	0.7666	0.7838	0.8119	0.7817	0.6798	0.7175	0.6745	0.6001	0.5410	0.5614	0.4966	0.4796	0.4383
0.0179	0.0130	0.0349	0.0331	0.0424	0.0442	0.0541	0.0519	0.0552	0.0637	0.0754	0.0788	0.0768	0.0762	0.0823	0.1009	0.0920	0.0987	0.0970	0.0883	0.0985	0.0946	0.1091	0.1152	0.1137	0.1051	0.1042	0.1092	0.1157	0.1199	0.1168	0.1129	0.1186	0.1247	0.1385	0.1419	0.1402	0.1668	0.1894	0.1836	0.2001	0.2650	0.3237	0.5728	0.7844	0.8886	0.9307	0.9099	0.8604	0.8726	0.8550	0.8336	0.7073	0.7261	0.7823	0.7485	0.7967	0.8058	0.7859	0.7628	0.6006	0.7506	0.7044	0.6109	0.5450	0.5169	0.5202	0.5098	0.4688
0.0050	0.0147	0.0181	0.0360	0.0347	0.0395	0.0433	0.0471	0.0633	0.0538	0.0542	0.0648	0.0527	0.0653	0.0711	0.0827	0.0835	0.0788	0.0867	0.0927	0.0843	0.0861	0.0922	0.1004	0.1051	0.1012	0.0923	0.0957	0.0956	0.1007	0.0980	0.0987	0.0925	0.1023	0.1118	0.1074	0.1204	0.1202	0.1142	0.1161	0.1333	0.1643	0.1736	0.2375	0.3273	0.4879	0.7103	0.7539	0.7736	0.8017	0.8148	0.7041	0.4338	0.3905	0.4250	0.4005	0.5342	0.5871	0.5696	0.4999	0.4760	0.7207	0.7094	0.5969	0.5348	0.4851	0.4965	0.4937	0.4781
0.0000	0.0062	0.0170	0.0342	0.0387	0.0374	0.0446	0.0522	0.0555	0.0501	0.0517	0.0538	0.0635	0.0617	0.0694	0.0767	0.0792	0.0826	0.0799	0.0743	0.0653	0.0726	0.0739	0.0728	0.0939	0.0773	0.0758	0.0876	0.0919	0.0812	0.0782	0.0828	0.0879	0.0863	0.1004	0.0936	0.0971	0.0931	0.0888	0.0916	0.1063	0.1083	0.1154	0.1269	0.1508	0.1800	0.2412	0.2877	0.3124	0.3801	0.5016	0.4057	0.2347	0.1985	0.2220	0.2333	0.2513	0.2714	0.2783	0.3072	0.4125	0.7136	0.7628	0.6043	0.4856	0.4772	0.3572	0.3308	0.4362
0.0013	0.0063	0.0068	0.0215	0.0278	0.0493	0.0420	0.0445	0.0401	0.0340	0.0430	0.0554	0.0597	0.0550	0.0669	0.0718	0.0681	0.0694	0.0564	0.0665	0.0688	0.0727	0.0694	0.0771	0.0738	0.0711	0.0713	0.0684	0.0765	0.0792	0.0765	0.0742	0.0815	0.0800	0.0822	0.0797	0.0807	0.0888	0.0794	0.0790	0.0867	0.0906	0.1012	0.1116	0.1154	0.1325	0.1347	0.1465	0.1383	0.1379	0.1675	0.1824	0.1521	0.1466	0.1498	0.1614	0.1591	0.1758	0.1830	0.2261	0.2842	0.5721	0.6140	0.5300	0.4992	0.4789	0.2861	0.3011	0.4303
0.0000	0.0000	0.0118	0.0156	0.0219	0.0296	0.0324	0.0318	0.0231	0.0268	0.0482	0.0517	0.0422	0.0478	0.0635	0.0659	0.0661	0.0682	0.0583	0.0593	0.0712	0.0708	0.0675	0.0625	0.0615	0.0656	0.0712	0.0690	0.0727	0.0742	0.0669	0.0706	0.0741	0.0706	0.0665	0.0653	0.0716	0.0772	0.0748	0.0728	0.0853	0.0896	0.0944	0.0873	0.1027	0.1217	0.1179	0.1093	0.1182	0.1173	0.1148	0.1179	0.1169	0.1125	0.1107	0.1226	0.1260	0.1229	0.1293	0.1642	0.1866	0.3272	0.3562	0.4280	0.5189	0.3893	0.2467	0.3325	0.4160
0.0000	0.0000	0.0043	0.0081	0.0175	0.0197	0.0220	0.0204	0.0253	0.0328	0.0463	0.0352	0.0372	0.0392	0.0455	0.0697	0.0581	0.0617	0.0514	0.0557	0.0698	0.0537	0.0555	0.0555	0.0584	0.0626	0.0669	0.0641	0.0613	0.0615	0.0538	0.0618	0.0698	0.0713	0.0712	0.0696	0.0713	0.0698	0.0715	0.0754	0.0779	0.0810	0.0785	0.0873	0.0996	0.1008	0.0991	0.0911	0.1000	0.1049	0.1004	0.1003	0.0947	0.0959	0.1089	0.1116	0.1125	0.0989	0.1038	0.1200	0.1175	0.1364	0.1712	0.2918	0.3499	0.2185	0.1716	0.2850	0.3741
0.0000	0.0000	0.0000	0.0082	0.0072	0.0078	0.0144	0.0239	0.0350	0.0261	0.0324	0.0355	0.0491	0.0396	0.0508	0.0557	0.0580	0.0623	0.0457	0.0452	0.0501	0.0546	0.0578	0.0573	0.0601	0.0588	0.0510	0.0591	0.0550	0.0560	0.0590	0.0560	0.0552	0.0640	0.0649	0.0706	0.0661	0.0672	0.0606	0.0603	0.0711	0.0711	0.0733	0.0779	0.0847	0.0847	0.0890	0.0917	0.0850	0.0898	0.0828	0.0921	0.0856	0.0948	0.1038	0.0927	0.0866	0.0971	0.0911	0.1008	0.0946	0.0986	0.1137	0.1258	0.1413	0.1159	0.1094	0.1506	0.1747
0.0000	0.0000	0.0045	0.0063	0.0021	0.0044	0.0036	0.0267	0.0228	0.0227	0.0349	0.0294	0.0345	0.0310	0.0392	0.0421	0.0481	0.0430	0.0477	0.0452	0.0425	0.0498	0.0454	0.0503	0.0513	0.0503	0.0506	0.0504	0.0525	0.0576	0.0509	0.0601	0.0568	0.0549	0.0519	0.0513	0.0480	0.0565	0.0578	0.0580	0.0670	0.0682	0.0688	0.0721	0.0701	0.0768	0.0719	0.0757	0.0833	0.0742	0.0719	0.0835	0.0849	0.0900	0.0767	0.0774	0.0783	0.0775	0.0821	0.0819	0.0853	0.0729	0.0821	0.0911	0.0974	0.0849	0.0782	0.0927	0.0943
0.0000	0.0000	0.0000	0.0052	0.0000	0.0007	0.0029	0.0184	0.0134	0.0096	0.0296	0.0304	0.0295	0.0165	0.0262	0.0432	0.0444	0.0301	0.0367	0.0440	0.0403	0.0399	0.0394	0.0564	0.0485	0.0466	0.0409	0.0540	0.0486	0.0464	0.0428	0.0460	0.0574	0.0449	0.0499	0.0435	0.0421	0.0576	0.0540	0.0534	0.0578	0.0591	0.0628	0.0639	0.0664	0.0716	0.0662	0.0699	0.0688	0.0683	0.0784	0.0808	0.0770	0.0782	0.0719	0.0758	0.0735	0.0706	0.0735	0.0802	0.0849	0.0713	0.0787	0.0874	0.0831	0.0723	0.0654	0.0816	0.0710
0.0000	0.0000	0.0000	0.0000	0.0048	0.0061	0.0069	0.0140	0.0100	0.0141	0.0362	0.0298	0.0295	0.0241	0.0269	0.0413	0.0386	0.0386	0.0283	0.0386	0.0451	0.0378	0.0337	0.0327	0.0329	0.0443	0.0423	0.0412	0.0500	0.0510	0.0510	0.0429	0.0493	0.0436	0.0489	0.0476	0.0520	0.0588	0.0576	0.0514	0.0510	0.0524	0.0609	0.0618	0.0603	0.0674	0.0704	0.0646	0.0598	0.0742	0.0756	0.0752	0.0685	0.0718	0.0698	0.0697	0.0660	0.0726	0.0676	0.0733	0.0698	0.0602	0.0671	0.0753	0.0719	0.0642	0.0641	0.0687	0.0666
0.0000	0.0000	0.0059	0.0000	0.0000	0.0094	0.0060	0.0085	0.0047	0.0140	0.0242	0.0225	0.0341	0.0319	0.0224	0.0178	0.0268	0.0350	0.0239	0.0342	0.0321	0.0378	0.0315	0.0355	0.0298	0.0412	0.0419	0.0336	0.0510	0.0463	0.0403	0.0399	0.0416	0.0424	0.0494	0.0443	0.0429	0.0496	0.0496	0.0549	0.0548	0.0552	0.0556	0.0548	0.0566	0.0666	0.0604	0.0618	0.0633	0.0658	0.0665	0.0597	0.0660	0.0687	0.0658	0.0629	0.0704	0.0598	0.0583	0.0630	0.0613	0.0554	0.0567	0.0703	0.0617	0.0503	0.0535	0.0530	0.0454
0.0000	0.0000	0.0000	0.0000	0.0000	0.0035	0.0000	0.0067	0.0035	0.0085	0.0113	0.0186	0.0184	0.0188	0.0187	0.0156	0.0288	0.0201	0.0183	0.0331	0.0349	0.0287	0.0310	0.0338	0.0407	0.0374	0.0400	0.0373	0.0412	0.0439	0.0365	0.0369	0.0335	0.0413	0.0477	0.0425	0.0422	0.0477	0.0481	0.0457	0.0484	0.0484	0.0501	0.0497	0.0561	0.0617	0.0531	0.0572	0.0530	0.0521	0.0552	0.0564	0.0617	0.0615	0.0590	0.0651	0.0603	0.0577	0.0567	0.0543	0.0578	0.0546	0.0460	0.0644	0.0563	0.0489	0.0450	0.0445	0.0356
0.0000	0.0000	0.0000	0.0000	0.0007	0.0006	0.0000	0.0000	0.0076	0.0129	0.0066	0.0076	0.0128	0.0167	0.0225	0.0165	0.0334	0.0153	0.0179	0.0164	0.0296	0.0305	0.0310	0.0208	0.0377	0.0361	0.0307	0.0337	0.0370	0.0400	0.0413	0.0270	0.0378	0.0505	0.0544	0.0449	0.0385	0.0467	0.0473	0.0486	0.0472	0.0588	0.0545	0.0538	0.0505	0.0523	0.0495	0.0669	0.0611	0.0611	0.0585	0.0608	0.0620	0.0567	0.0616	0.0691	0.0619	0.0562	0.0591	0.0579	0.0561	0.0511	0.0530	0.0626	0.0589	0.0539	0.0543	0.0568	0.0457
