0.0000	0.0000	0.0000	0.0063	0.0000	0.0014	0.0045	0.0002	0.0000	0.0000	0.0135	0.0248	0.0307	0.0213	0.0281	0.0496	0.0454	0.0413	0.0340	0.0423	0.0586	0.0563	0.0578	0.0617	0.0685	0.0611	0.0791	0.0703	0.0672	0.0840	0.0693	0.0621	0.0834	0.0799	0.0769	0.0849	0.0845	0.0655	0.0662	0.0733	0.0729	0.0790	0.0720	0.0608	0.0639	0.0683	0.0798	0.0809	0.0703	0.0814	0.0822	0.0710	0.0736	0.0881	0.0741	0.0853	0.0823	0.0808	0.0695	0.0654	0.0664	0.0644	0.0433	0.0471	0.0413	0.0411	0.0383	0.0479	0.0382
0.0000	0.0000	0.0023	0.0007	0.0058	0.0096	0.0054	0.0121	0.0131	0.0282	0.0409	0.0215	0.0334	0.0317	0.0284	0.0369	0.0355	0.0401	0.0581	0.0390	0.0544	0.0653	0.0745	0.0810	0.0749	0.0554	0.0747	0.0800	0.0767	0.0982	0.0954	0.0837	0.0935	0.0810	0.0697	0.0948	0.0863	0.0797	0.0879	0.0797	0.0762	0.0930	0.0851	0.0788	0.0900	0.0793	0.0813	0.0904	0.0876	0.0824	0.0955	0.0829	0.0819	0.0959	0.0844	0.0927	0.0894	0.0836	0.0804	0.0961	0.0687	0.0538	0.0518	0.0652	0.0503	0.0519	0.0532	0.0493	0.0506
0.0000	0.0000	0.0071	0.0196	0.0208	0.0089	0.0109	0.0186	0.0197	0.0210	0.0356	0.0390	0.0447	0.0349	0.0366	0.0559	0.0394	0.0446	0.0686	0.0614	0.0843	0.0986	0.0787	0.0892	0.1192	0.0957	0.0885	0.0791	0.0879	0.0927	0.0931	0.0828	0.0916	0.0952	0.0990	0.0873	0.0889	0.0709	0.0809	0.0876	0.0973	0.1068	0.0902	0.0910	0.0873	0.0771	0.0961	0.0954	0.0982	0.0736	0.0908	0.0977	0.0998	0.0972	0.0922	0.0923	0.1085	0.0998	0.0853	0.0795	0.0801	0.0845	0.0815	0.0811	0.0723	0.0612	0.0640	0.0683	0.0693
0.0000	0.0000	0.0073	0.0304	0.0187	0.0154	0.0224	0.0172	0.0133	0.0278	0.0266	0.0474	0.0463	0.0476	0.0353	0.0712	0.0645	0.0518	0.0550	0.0859	0.0791	0.0820	0.0829	0.0794	0.1051	0.1021	0.0974	0.0842	0.0950	0.0880	0.0810	0.0834	0.0845	0.0904	0.1156	0.0967	0.0893	0.0805	0.0926	0.0972	0.1043	0.1077	0.0985	0.1010	0.0716	0.0730	0.0903	0.0818	0.0776	0.0712	0.1130	0.1069	0.1030	0.1160	0.1221	0.0989	0.0850	0.1113	0.0933	0.0888	0.0970	0.1051	0.0924	0.0954	0.0936	0.0843	0.0697	0.0746	0.0957
0.0000	0.0019	0.0003	0.0062	0.0137	0.0171	0.0148	0.0338	0.0338	0.0316	0.0295	0.0402	0.0629	0.0577	0.0436	0.0504	0.0705	0.0473	0.0522	0.0597	0.0791	0.0688	0.0798	0.0931	0.0954	0.0851	0.0921	0.0749	0.1014	0.1054	0.0970	0.0893	0.1122	0.1039	0.1196	0.1038	0.0955	0.0828	0.0872	0.0952	0.0948	0.0903	0.0950	0.0920	0.0932	0.0998	0.1030	0.0869	0.0921	0.0927	0.0967	0.1025	0.1165	0.1092	0.1098	0.1115	0.1043	0.1127	0.1089	0.1099	0.0997	0.0921	0.0977	0.1068	0.0992	0.0782	0.0827	0.0906	0.1068
0.0000	0.0036	0.0167	0.0102	0.0092	0.0236	0.0223	0.0296	0.0375	0.0411	0.0383	0.0451	0.0781	0.0548	0.0546	0.0694	0.0797	0.0628	0.0702	0.0752	0.0863	0.0857	0.0791	0.0763	0.1006	0.0867	0.0969	0.0914	0.1054	0.1128	0.0936	0.1087	0.1075	0.1103	0.1202	0.1131	0.0971	0.0993	0.1010	0.1004	0.0974	0.0921	0.1014	0.0977	0.0961	0.0968	0.0988	0.0978	0.1021	0.1090	0.1191	0.1170	0.1169	0.1263	0.1310	0.1423	0.1314	0.1215	0.1276	0.1422	0.1194	0.1011	0.1176	0.1199	0.1175	0.1040	0.1023	0.1259	0.1126
0.0042	0.0154	0.0214	0.0153	0.0163	0.0218	0.0242	0.0417	0.0329	0.0383	0.0381	0.0525	0.0701	0.0511	0.0407	0.0739	0.0781	0.0688	0.0784	0.0802	0.0937	0.0946	0.0957	0.0927	0.1007	0.1111	0.0984	0.1170	0.1091	0.1010	0.0936	0.0950	0.1077	0.1062	0.1209	0.1136	0.1017	0.1101	0.0980	0.0949	0.1070	0.1221	0.1088	0.0923	0.1009	0.1065	0.1124	0.1274	0.1075	0.1047	0.1212	0.1415	0.1423	0.1494	0.1442	0.1588	0.1520	0.1504	0.1479	0.1603	0.1355	0.1141	0.1363	0.1443	0.1407	0.1235	0.1279	0.1453	0.1589
0.0039	0.0176	0.0068	0.0174	0.0208	0.0159	0.0218	0.0502	0.0522	0.0492	0.0484	0.0599	0.0801	0.0581	0.0699	0.0899	0.0674	0.0735	0.0828	0.0890	0.1151	0.1250	0.1098	0.1050	0.1246	0.1167	0.0943	0.1169	0.1193	0.1245	0.1219	0.1051	0.1243	0.1211	0.1413	0.1094	0.1119	0.1305	0.1111	0.1188	0.1078	0.1215	0.1303	0.1150	0.1041	0.1323	0.1409	0.1572	0.1330	0.1217	0.1352	0.1530	0.1507	0.1582	0.1586	0.1714	0.1931	0.1815	0.1956	0.1875	0.1672	0.1748	0.1817	0.1826	0.1703	0.1625	0.1617	0.1732	0.1969
0.0044	0.0175	0.0170	0.0238	0.0194	0.0292	0.0411	0.0464	0.0674	0.0665	0.0574	0.0680	0.0780	0.0828	0.0834	0.0907	0.0718	0.0792	0.0923	0.1170	0.1154	0.1060	0.1300	0.1167	0.1232	0.1097	0.1063	0.1210	0.1314	0.1285	0.1122	0.1168	0.1231	0.1266	0.1453	0.1344	0.1371	0.1344	0.1122	0.1296	0.1154	0.1262	0.1294	0.1195	0.1243	0.1499	0.1536	0.1528	0.1440	0.1451	0.1620	0.1918	0.1980	0.2017	0.2043	0.2509	0.3783	0.3769	0.3199	0.2413	0.2069	0.2154	0.1915	0.2057	0.2025	0.2018	0.2059	0.2233	0.2129
0.0215	0.0088	0.0249	0.0397	0.0321	0.0280	0.0299	0.0445	0.0496	0.0747	0.0538	0.0710	0.0781	0.0732	0.0706	0.0865	0.0933	0.1001	0.1121	0.1245	0.1250	0.1278	0.1225	0.1168	0.1317	0.1266	0.1196	0.1193	0.1128	0.1204	0.1233	0.1248	0.1250	0.1418	0.1393	0.1442	0.1400	0.1420	0.1328	0.1335	0.1232	0.1242	0.1359	0.1449	0.1524	0.1645	0.1903	0.1894	0.1594	0.1753	0.1886	0.1994	0.2178	0.2430	0.2978	0.4425	0.5667	0.5374	0.4289	0.3427	0.2584	0.2413	0.2398	0.2795	0.2641	0.2063	0.2136	0.2369	0.2493
0.0312	0.0205	0.0297	0.0295	0.0488	0.0435	0.0351	0.0540	0.0635	0.0730	0.0648	0.0791	0.0847	0.0800	0.0862	0.1013	0.1068	0.1120	0.1017	0.1033	0.1409	0.1409	0.1235	0.1317	0.1436	0.1553	0.1401	0.1355	0.1369	0.1270	0.1398	0.1391	0.1520	0.1617	0.1705	0.1484	0.1503	0.1583	0.1447	0.1444	0.1475	0.1544	0.1596	0.1555	0.1682	0.1688	0.1946	0.2055	0.1882	0.2055	0.2409	0.2719	0.2948	0.3118	0.3648	0.5695	0.6330	0.5589	0.4780	0.4623	0.3549	0.2515	0.2394	0.3506	0.2759	0.2259	0.2019	0.2313	0.2530
0.0205	0.0281	0.0187	0.0466	0.0408	0.0406	0.0349	0.0646	0.0851	0.0854	0.0694	0.0847	0.0939	0.0972	0.0929	0.1088	0.1113	0.1209	0.1375	0.1273	0.1287	0.1461	0.1445	0.1543	0.1572	0.1559	0.1662	0.1362	0.1516	0.1531	0.1623	0.1553	0.1646	0.1690	0.1695	0.1441	0.1626	0.1750	0.1733	0.1802	0.1826	0.1937	0.1900	0.1777	0.1869	0.1970	0.2151	0.2325	0.2386	0.2557	0.2866	0.3338	0.3837	0.4842	0.4847	0.6110	0.6618	0.5957	0.5173	0.5168	0.4851	0.3078	0.2817	0.3381	0.2916	0.2494	0.2425	0.2929	0.3406
0.0260	0.0138	0.0300	0.0684	0.0670	0.0457	0.0633	0.0765	0.0713	0.0678	0.0725	0.1024	0.1110	0.1052	0.0979	0.1069	0.1372	0.1510	0.1539	0.1658	0.1685	0.1813	0.1747	0.1753	0.1865	0.1933	0.1867	0.1914	0.1883	0.1886	0.1725	0.2004	0.1925	0.2070	0.2269	0.2086	0.2000	0.2054	0.2113	0.2177	0.2228	0.2302	0.2311	0.2126	0.2182	0.2331	0.2584	0.2709	0.3105	0.3168	0.3569	0.4118	0.5285	0.7248	0.7030	0.6981	0.6347	0.6155	0.5685	0.5082	0.5068	0.4762	0.3783	0.3784	0.3445	0.3249	0.3568	0.3934	0.3681
0.0245	0.0254	0.0334	0.0309	0.0592	0.0634	0.0766	0.0809	0.0751	0.0727	0.1037	0.1343	0.1447	0.1490	0.1431	0.1437	0.2000	0.2107	0.2268	0.2522	0.2932	0.3008	0.3116	0.2605	0.2662	0.2848	0.2896	0.2956	0.2876	0.2645	0.2646	0.2687	0.2712	0.2877	0.3209	0.2623	0.2523	0.2459	0.2624	0.2580	0.2477	0.2612	0.2789	0.2671	0.2818	0.2893	0.3106	0.3386	0.3568	0.3439	0.4408	0.5706	0.7236	0.7695	0.7250	0.7105	0.6221	0.6015	0.5424	0.5305	0.5248	0.5037	0.5035	0.4684	0.4016	0.3968	0.4693	0.4009	0.3811
0.0221	0.0338	0.0427	0.0536	0.0714	0.0792	0.0888	0.1079	0.1035	0.1125	0.1312	0.1746	0.2011	0.2169	0.2538	0.3171	0.4527	0.4421	0.4939	0.5174	0.5834	0.6283	0.5684	0.5237	0.4931	0.5411	0.5427	0.6132	0.6653	0.6316	0.5768	0.5554	0.4820	0.5083	0.5909	0.5370	0.3949	0.3157	0.3235	0.3121	0.2980	0.2880	0.3221	0.3152	0.3174	0.3817	0.4914	0.6486	0.5990	0.4278	0.5465	0.7555	0.7378	0.6627	0.6620	0.6682	0.6624	0.5959	0.5411	0.5710	0.5066	0.4674	0.4764	0.4706	0.4567	0.4281	0.4355	0.3733	0.3532
0.0151	0.0328	0.0466	0.0618	0.0840	0.0962	0.1163	0.1464	0.1706	0.1722	0.2088	0.2821	0.3738	0.4366	0.5349	0.6267	0.7413	0.7078	0.7160	0.7407	0.7412	0.7535	0.7407	0.7781	0.7699	0.7639	0.7529	0.7500	0.7811	0.7945	0.7801	0.8705	0.8346	0.8776	0.9110	0.9141	0.8277	0.6046	0.5242	0.4853	0.4103	0.3497	0.3628	0.3881	0.4200	0.6520	0.8141	0.8259	0.7651	0.5604	0.6390	0.8177	0.7201	0.6271	0.6433	0.6577	0.5962	0.5534	0.5275	0.5646	0.4970	0.4430	0.4736	0.4748	0.4094	0.3632	0.3696	0.3844	0.3623
0.0473	0.0427	0.0649	0.0963	0.1343	0.1746	0.2534	0.3271	0.3133	0.3399	0.4508	0.5630	0.6773	0.6537	0.7028	0.6929	0.7351	0.7250	0.6822	0.7191	0.7537	0.7506	0.7619	0.7899	0.7812	0.7375	0.7281	0.7503	0.6966	0.7301	0.7731	0.8333	0.9076	0.9121	0.9259	0.9223	1.0000	0.9470	0.8730	0.7803	0.7276	0.5689	0.4351	0.4497	0.4945	0.7238	0.8392	0.8348	0.7670	0.6633	0.7676	0.8277	0.6898	0.6660	0.6291	0.6249	0.5741	0.5384	0.5403	0.5391	0.4736	0.4354	0.4407	0.4398	0.4134	0.3599	0.3642	0.3558	0.3359
0.0696	0.0858	0.1336	0.1847	0.2397	0.3528	0.5051	0.6146	0.6604	0.5885	0.6703	0.6814	0.6157	0.5882	0.5943	0.6271	0.6752	0.6604	0.6621	0.6616	0.7056	0.7149	0.6898	0.6995	0.7007	0.7172	0.7083	0.7692	0.6793	0.7421	0.7741	0.7744	0.8338	0.8417	0.9032	0.8647	0.9176	0.8890	0.8489	0.8764	0.7745	0.7248	0.5696	0.5493	0.5230	0.7195	0.8327	0.8004	0.8100	0.7880	0.7721	0.7848	0.7051	0.6461	0.5647	0.5549	0.5241	0.5029	0.5143	0.5125	0.4712	0.4335	0.4499	0.4382	0.3781	0.3351	0.3526	0.3219	0.3205
0.1001	0.1396	0.2432	0.3791	0.4650	0.5776	0.6238	0.5911	0.6754	0.5459	0.5069	0.5192	0.5081	0.5140	0.5097	0.5801	0.6438	0.6073	0.6101	0.6282	0.6528	0.6936	0.6682	0.6633	0.6762	0.7171	0.8002	0.7372	0.6688	0.7403	0.7410	0.7341	0.7923	0.8386	0.8504	0.8151	0.8081	0.7941	0.7782	0.8112	0.7411	0.7363	0.6720	0.5693	0.5406	0.7435	0.7807	0.7187	0.7191	0.7647	0.7584	0.7175	0.6609	0.6327	0.6070	0.5145	0.4705	0.4598	0.4458	0.4443	0.4798	0.4189	0.4102	0.4051	0.3807	0.3685	0.3616	0.3521	0.3097
0.1394	0.2358	0.3373	0.3823	0.4167	0.4385	0.4680	0.4045	0.4102	0.4152	0.3998	0.4447	0.4604	0.4177	0.4689	0.5431	0.5938	0.6702	0.6615	0.6395	0.6396	0.7297	0.6885	0.6423	0.6601	0.6527	0.6883	0.7038	0.7112	0.7507	0.7405	0.7151	0.7437	0.7746	0.7832	0.7726	0.7301	0.7391	0.7265	0.7021	0.6916	0.7232	0.7080	0.6276	0.6534	0.6880	0.7192	0.7005	0.7008	0.6669	0.6728	0.6379	0.5986	0.5731	0.5557	0.4990	0.5119	0.4636	0.4344	0.4293	0.4238	0.4015	0.3967	0.3924	0.3648	0.3454	0.3568	0.3408	0.2975
0.1501	0.2108	0.2317	0.2482	0.2835	0.3004	0.3323	0.2875	0.2655	0.3029	0.3587	0.3906	0.4536	0.4210	0.4581	0.5283	0.5444	0.6234	0.6275	0.6379	0.6304	0.6357	0.6258	0.6052	0.6188	0.6282	0.6342	0.6666	0.6735	0.6604	0.7043	0.6619	0.7083	0.7785	0.7657	0.7369	0.7237	0.7107	0.6728	0.6506	0.6259	0.6585	0.6925	0.7005	0.6687	0.6383	0.7017	0.6646	0.6282	0.6234	0.6321	0.5982	0.5532	0.5520	0.5192	0.4998	0.4901	0.4724	0.4253	0.4299	0.4169	0.4165	0.3735	0.3631	0.3850	0.3652	0.3490	0.3409	0.3245
0.1418	0.1688	0.1816	0.1847	0.2306	0.2254	0.2511	0.2802	0.2767	0.3076	0.3435	0.3840	0.4761	0.4431	0.4769	0.5170	0.6026	0.6271	0.6270	0.6558	0.6471	0.6845	0.6888	0.5964	0.5995	0.6242	0.6562	0.6124	0.6137	0.6201	0.6211	0.6152	0.6273	0.6766	0.7104	0.6881	0.6603	0.6682	0.5996	0.5935	0.6051	0.5912	0.5940	0.6057	0.6001	0.6018	0.6439	0.6108	0.5808	0.5675	0.6078	0.5586	0.5211	0.5156	0.5001	0.5052	0.4838	0.4798	0.4117	0.4073	0.4404	0.4092	0.3871	0.3696	0.3742	0.3629	0.3368	0.3286	0.3375
0.1433	0.1520	0.1840	0.1818	0.2067	0.2246	0.2493	0.2600	0.3099	0.3252	0.3487	0.3803	0.4273	0.4614	0.4756	0.5139	0.6130	0.5875	0.5685	0.5879	0.6318	0.6895	0.6723	0.6046	0.6135	0.5775	0.6390	0.6167	0.6027	0.6221	0.5887	0.5938	0.6235	0.6522	0.6574	0.6426	0.5892	0.6041	0.5848	0.5406	0.5574	0.5701	0.5529	0.5680	0.5757	0.5783	0.5894	0.5830	0.5687	0.5406	0.5403	0.5525	0.5520	0.5220	0.5162	0.5118	0.5201	0.4671	0.4474	0.4810	0.4246	0.3912	0.4057	0.4041	0.3690	0.3564	0.3526	0.3389	0.3137
0.1187	0.1488	0.1683	0.2045	0.2013	0.2252	0.2644	0.2582	0.3189	0.3247	0.3328	0.3857	0.3955	0.4738	0.4647	0.5139	0.5477	0.5669	0.5995	0.5928	0.5951	0.6343	0.6446	0.5931	0.6097	0.5721	0.5616	0.6084	0.5730	0.5785	0.5791	0.5914	0.5964	0.6273	0.6191	0.5947	0.5934	0.5872	0.5727	0.5399	0.5505	0.5972	0.5690	0.5814	0.5817	0.5834	0.6068	0.5653	0.5272	0.5311	0.5074	0.5350	0.5447	0.5073	0.5080	0.4981	0.4912	0.4789	0.4643	0.4410	0.4224	0.4093	0.4124	0.3800	0.3191	0.3301	0.3206	0.3186	0.3310
0.1357	0.1614	0.1962	0.1920	0.1911	0.2320	0.2811	0.2743	0.3179	0.3423	0.3411	0.3861	0.4417	0.4559	0.4398	0.4677	0.5240	0.5446	0.5454	0.5552	0.5375	0.5750	0.6170	0.6250	0.5626	0.5567	0.5333	0.5532	0.5603	0.5775	0.5780	0.5711	0.6131	0.6089	0.5886	0.5897	0.6051	0.5856	0.5788	0.5888	0.5527	0.5931	0.5724	0.5478	0.5631	0.5540	0.5582	0.5372	0.5104	0.5015	0.4938	0.5090	0.4745	0.4942	0.5013	0.4763	0.4811	0.4978	0.4186	0.4282	0.4409	0.3986	0.4049	0.3511	0.3470	0.3287	0.2931	0.3027	0.3055
0.1469	0.1653	0.1895	0.1992	0.2103	0.2410	0.2711	0.3007	0.2998	0.3600	0.3978	0.4103	0.4534	0.4637	0.4694	0.4678	0.4940	0.4864	0.5111	0.5467	0.5539	0.5524	0.5542	0.5257	0.5504	0.5567	0.5493	0.5558	0.5650	0.5719	0.6179	0.5774	0.5898	0.5829	0.5905	0.6023	0.5974	0.5888	0.6149	0.5727	0.5711	0.5643	0.5436	0.5378	0.5513	0.5640	0.5474	0.5234	0.5111	0.4863	0.5127	0.5158	0.5022	0.5150	0.5143	0.4867	0.4709	0.4802	0.4602	0.4278	0.4293	0.3914	0.3908	0.3602	0.3635	0.3613	0.3339	0.3199	0.2990
0.1587	0.1816	0.1860	0.2362	0.2365	0.2382	0.2605	0.2908	0.3019	0.3260	0.3713	0.3751	0.4507	0.4635	0.4515	0.5068	0.4688	0.4674	0.5442	0.5416	0.5327	0.5354	0.5599	0.5565	0.5227	0.5301	0.5565	0.5619	0.5233	0.5672	0.5956	0.5667	0.6022	0.5768	0.5897	0.5760	0.5695	0.5841	0.5966	0.5594	0.5634	0.5272	0.5165	0.5088	0.5398	0.5296	0.4988	0.4803	0.5243	0.5071	0.5291	0.5374	0.5019	0.5149	0.4794	0.5009	0.4657	0.4461	0.4516	0.4649	0.3996	0.4153	0.4031	0.3746	0.3560	0.3468	0.3320	0.3451	0.3164
0.1683	0.1729	0.1986	0.2193	0.2287	0.2465	0.2778	0.2911	0.3393	0.3570	0.3603	0.3729	0.4352	0.4597	0.4447	0.4781	0.5185	0.4829	0.4964	0.5634	0.5537	0.5347	0.5310	0.5729	0.5603	0.5606	0.5667	0.5754	0.5778	0.5756	0.5841	0.6062	0.5797	0.5849	0.5612	0.5675	0.5878	0.5682	0.5652	0.5400	0.5347	0.5223	0.5056	0.4847	0.5223	0.4918	0.4919	0.4819	0.5164	0.4804	0.5418	0.5421	0.5573	0.5144	0.4770	0.4978	0.5095	0.4684	0.4339	0.4816	0.4450	0.4230	0.4228	0.3860	0.3552	0.3437	0.3347	0.3110	0.3254
0.1491	0.1708	0.1948	0.2219	0.2347	0.2530	0.2936	0.3161	0.3384	0.3798	0.4103	0.3804	0.4311	0.4734	0.4753	0.4775	0.4708	0.4989	0.5626	0.5398	0.5598	0.5445	0.5435	0.5957	0.6021	0.5628	0.6147	0.6038	0.6264	0.5573	0.5797	0.6146	0.6001	0.5981	0.5707	0.5493	0.5852	0.5887	0.5502	0.5444	0.5378	0.5349	0.4910	0.4779	0.4828	0.4845	0.4983	0.4990	0.4899	0.4893	0.5249	0.5083	0.5420	0.5211	0.5216	0.4971	0.5104	0.4670	0.4282	0.4589	0.4258	0.3922	0.3880	0.3968	0.3643	0.3557	0.3411	0.3243	0.3087
0.1505	0.1862	0.2090	0.2376	0.2617	0.2470	0.2684	0.2918	0.3461	0.3647	0.4012	0.4085	0.4348	0.4418	0.4641	0.4992	0.5150	0.5454	0.5734	0.5540	0.5848	0.5641	0.5667	0.5793	0.5293	0.5235	0.5672	0.6085	0.5906	0.5924	0.5731	0.5968	0.6278	0.6097	0.5810	0.5816	0.5721	0.5752	0.5605	0.5341	0.5584	0.5569	0.5191	0.5155	0.4883	0.4815	0.4903	0.5282	0.5011	0.4891	0.4999	0.5098	0.5085	0.5183	0.5142	0.5151	0.4934	0.4525	0.4379	0.4501	0.4488	0.4241	0.4248	0.4023	0.3742	0.3575	0.3490	0.3534	0.3387
0.1544	0.1769	0.2080	0.2158	0.2150	0.2475	0.3020	0.3243	0.3288	0.3564	0.3998	0.4263	0.4324	0.4371	0.4464	0.4659	0.5289	0.5394	0.5410	0.5429	0.5613	0.5717	0.5753	0.5810	0.5273	0.5300	0.5052	0.5608	0.5620	0.5483	0.5652	0.6130	0.6028	0.6188	0.6168	0.6124	0.5726	0.5184	0.5370	0.5356	0.5113	0.5646	0.5229	0.5111	0.4890	0.4782	0.4859	0.4960	0.5061	0.5125	0.5417	0.5740	0.5683	0.5277	0.5067	0.5111	0.5213	0.4854	0.4765	0.4828	0.4466	0.4204	0.4346	0.3989	0.3898	0.3562	0.3719	0.3638	0.3394
0.1902	0.1835	0.1796	0.2044	0.2274	0.2425	0.2578	0.2857	0.3193	0.3419	0.3921	0.3889	0.4267	0.4328	0.4571	0.4791	0.5014	0.5223	0.5478	0.5278	0.5504	0.5813	0.5608	0.5533	0.5626	0.5870	0.5390	0.5669	0.5850	0.5405	0.5777	0.6250	0.6098	0.5920	0.6123	0.6028	0.5682	0.5306	0.5512	0.5203	0.4918	0.5207	0.5338	0.4871	0.4884	0.5009	0.4765	0.5106	0.4954	0.5067	0.5312	0.5220	0.5213	0.5252	0.5395	0.5051	0.4924	0.5010	0.4591	0.4436	0.4798	0.4833	0.4947	0.4601	0.4042	0.3786	0.3899	0.3796	0.3440
0.1843	0.1904	0.2031	0.1998	0.2543	0.2605	0.2718	0.2832	0.3308	0.3445	0.3681	0.3840	0.4117	0.4190	0.4316	0.4649	0.5093	0.5323	0.5421	0.5761	0.5494	0.5804	0.5683	0.6127	0.6208	0.5885	0.5799	0.6034	0.6070	0.5903	0.6044	0.6337	0.6254	0.6151	0.6617	0.6509	0.6430	0.5933	0.5844	0.5436	0.5311	0.5364	0.5414	0.4897	0.5077	0.4918	0.5081	0.5253	0.5079	0.4912	0.5333	0.5180	0.5626	0.5407	0.5494	0.5158	0.5049	0.4924	0.4624	0.4645	0.4733	0.4880	0.4782	0.4482	0.4181	0.3938	0.4083	0.3703	0.3688
0.2007	0.1866	0.2030	0.2056	0.2409	0.2273	0.2493	0.3005	0.3218	0.3395	0.3484	0.3705	0.3972	0.4711	0.4309	0.4751	0.4828	0.5062	0.4984	0.5514	0.5745	0.5687	0.6019	0.6274	0.6073	0.6237	0.5987	0.6477	0.6393	0.6131	0.6283	0.6467	0.6438	0.6650	0.6435	0.6596	0.6338	0.6150	0.6228	0.5953	0.5892	0.5998	0.5815	0.5263	0.5007	0.5117	0.5333	0.5283	0.5493	0.5606	0.5738	0.5449	0.5634	0.5694	0.5532	0.5515	0.5548	0.5171	0.4924	0.5019	0.4889	0.4653	0.4503	0.4569	0.4167	0.4255	0.4404	0.3823	0.3696
0.1897	0.2039	0.2276	0.2030	0.2206	0.2447	0.2549	0.2922	0.3168	0.3293	0.3374	0.3512	0.3984	0.4569	0.4788	0.4940	0.5007	0.5269	0.5183	0.5653	0.6170	0.6300	0.6251	0.6489	0.6826	0.6848	0.6528	0.6448	0.6214	0.6331	0.6092	0.6245	0.6168	0.6438	0.6512	0.6584	0.6548	0.6347	0.6544	0.6085	0.6232	0.6078	0.5941	0.5758	0.5607	0.5830	0.5286	0.5536	0.5473	0.6198	0.6023	0.5824	0.5969	0.6222	0.5834	0.5745	0.5532	0.5348	0.5006	0.5082	0.4759	0.4666	0.4851	0.4798	0.4630	0.4517	0.4214	0.4021	0.3573
0.1965	0.2182	0.2145	0.2284	0.2423	0.2837	0.3473	0.3187	0.3044	0.3485	0.3658	0.3777	0.3932	0.4624	0.4846	0.5166	0.5090	0.5392	0.5546	0.6143	0.6172	0.6580	0.6512	0.6305	0.7067	0.6693	0.6615	0.6724	0.6608	0.6525	0.6483	0.6140	0.6429	0.6952	0.6575	0.6559	0.6414	0.6135	0.6161	0.6151	0.6327	0.6115	0.6245	0.6171	0.6148	0.6257	0.6416	0.6343	0.6160	0.6638	0.6668	0.6502	0.6361	0.6225	0.5755	0.5876	0.5214	0.5403	0.4942	0.5010	0.4943	0.4939	0.4840	0.4558	0.4372	0.4283	0.4230	0.3867	0.3943
0.2179	0.2321	0.2425	0.2519	0.2839	0.3126	0.3569	0.3274	0.3690	0.3991	0.3733	0.4129	0.4089	0.4304	0.4541	0.5114	0.5243	0.5773	0.6253	0.6376	0.6726	0.6678	0.6397	0.6792	0.6582	0.6969	0.6555	0.7113	0.7113	0.6755	0.6788	0.6658	0.6806	0.7129	0.6692	0.6704	0.6818	0.6468	0.6293	0.6262	0.6753	0.6809	0.6455	0.6798	0.6656	0.6456	0.7030	0.6837	0.6804	0.7102	0.6787	0.6531	0.6425	0.6146	0.5932	0.5775	0.5383	0.5470	0.5356	0.5063	0.4658	0.4809	0.4835	0.4288	0.4386	0.3952	0.4096	0.4026	0.3904
0.2510	0.2714	0.2793	0.3040	0.3215	0.3443	0.3887	0.3960	0.4001	0.3807	0.3892	0.4294	0.4495	0.4420	0.4908	0.5086	0.5538	0.6214	0.6546	0.6341	0.6670	0.7053	0.6749	0.7104	0.7127	0.7113	0.6818	0.7095	0.6994	0.6495	0.7478	0.7479	0.7244	0.7633	0.7605	0.7009	0.7420	0.7506	0.7515	0.7247	0.7382	0.7081	0.7222	0.7209	0.7529	0.7247	0.7482	0.7702	0.7498	0.7540	0.7361	0.7128	0.6944	0.6713	0.6195	0.5853	0.5926	0.5803	0.5523	0.5165	0.4828	0.5014	0.4954	0.4681	0.4535	0.4388	0.4563	0.4443	0.4305
0.2733	0.3607	0.3913	0.4163	0.4537	0.4833	0.4955	0.5246	0.5180	0.4667	0.4825	0.5023	0.4811	0.4749	0.4810	0.4959	0.5710	0.5877	0.6312	0.6449	0.6409	0.7021	0.7413	0.7094	0.7194	0.6891	0.7160	0.7143	0.7006	0.7242	0.7735	0.8055	0.7851	0.8091	0.8252	0.8142	0.8325	0.8338	0.8392	0.8142	0.8123	0.8002	0.8178	0.7673	0.7035	0.5964	0.5705	0.6631	0.7237	0.7874	0.7894	0.7903	0.7318	0.6875	0.6465	0.5958	0.5893	0.5684	0.5525	0.5494	0.5464	0.5419	0.5224	0.4877	0.4663	0.4536	0.4400	0.4159	0.4168
0.1733	0.3014	0.4293	0.5283	0.5990	0.6608	0.6749	0.6731	0.6798	0.6689	0.6388	0.6034	0.5377	0.5264	0.5140	0.5658	0.5820	0.6136	0.6203	0.7032	0.6747	0.6979	0.7537	0.7428	0.7262	0.7206	0.7337	0.7284	0.7513	0.7660	0.8023	0.8033	0.8356	0.8876	0.8696	0.8660	0.8417	0.7248	0.7212	0.6716	0.6620	0.7963	0.8235	0.6170	0.4128	0.3552	0.3706	0.4022	0.5077	0.6502	0.7336	0.8134	0.8163	0.7248	0.6709	0.6239	0.6011	0.5957	0.6025	0.6154	0.5708	0.5325	0.5294	0.5260	0.4833	0.4526	0.4729	0.4448	0.4402
0.0711	0.1181	0.1768	0.2812	0.4117	0.5147	0.5811	0.6641	0.7601	0.7671	0.7800	0.7134	0.6706	0.6618	0.6752	0.6510	0.6419	0.6747	0.7200	0.7986	0.7771	0.7855	0.8014	0.7707	0.7649	0.7418	0.7099	0.7205	0.7975	0.7696	0.8110	0.8174	0.8177	0.8671	0.7997	0.6255	0.5089	0.3636	0.3607	0.3650	0.3846	0.5011	0.5871	0.3788	0.2887	0.3078	0.3365	0.3480	0.3865	0.4074	0.4909	0.7623	0.8639	0.7783	0.7082	0.6583	0.6415	0.6065	0.5879	0.6065	0.5965	0.5649	0.5538	0.5133	0.4745	0.4767	0.4754	0.4629	0.4525
0.0299	0.0457	0.0916	0.1317	0.1421	0.1658	0.2274	0.3338	0.4540	0.4992	0.5749	0.6050	0.6871	0.7327	0.7610	0.7476	0.7477	0.7374	0.7471	0.7792	0.8459	0.7988	0.8202	0.7956	0.7892	0.7565	0.7148	0.7225	0.7619	0.7999	0.8086	0.8204	0.7973	0.7360	0.4749	0.3059	0.2712	0.2670	0.2483	0.2647	0.2765	0.2697	0.3007	0.2772	0.2713	0.2840	0.3151	0.3195	0.3311	0.3528	0.4295	0.5748	0.8317	0.8212	0.7304	0.6586	0.6295	0.6087	0.5888	0.6478	0.6223	0.5790	0.5800	0.5381	0.5201	0.5225	0.5005	0.4516	0.4387
0.0265	0.0358	0.0439	0.0658	0.0668	0.0889	0.1007	0.1151	0.1391	0.1697	0.2119	0.2649	0.3613	0.4446	0.5541	0.6380	0.6832	0.7842	0.8041	0.7898	0.7991	0.8360	0.8158	0.8436	0.8382	0.8025	0.7880	0.7887	0.8175	0.7945	0.6222	0.5543	0.4708	0.3784	0.2567	0.2283	0.2158	0.2248	0.2175	0.2218	0.2527	0.2419	0.2522	0.2565	0.2556	0.2682	0.2907	0.3099	0.3206	0.3581	0.4067	0.5159	0.7910	0.8180	0.7202	0.6934	0.6905	0.6961	0.6379	0.6927	0.6381	0.5749	0.5613	0.5625	0.5111	0.5404	0.5452	0.4964	0.4716
0.0081	0.0340	0.0449	0.0467	0.0466	0.0770	0.0787	0.0746	0.0881	0.1078	0.1202	0.1173	0.1324	0.1690	0.2076	0.2640	0.3120	0.4497	0.5657	0.6427	0.6770	0.6770	0.7041	0.7466	0.6612	0.5780	0.5750	0.6094	0.5734	0.4576	0.2655	0.2372	0.2146	0.2167	0.2086	0.1897	0.2006	0.2053	0.2123	0.2083	0.2230	0.2282	0.2148	0.2243	0.2429	0.2597	0.2691	0.2802	0.3144	0.3448	0.4157	0.5997	0.7767	0.7688	0.7041	0.7104	0.7368	0.7049	0.6682	0.6669	0.6223	0.5927	0.5757	0.5665	0.5328	0.5887	0.5806	0.5189	0.5003
0.0062	0.0250	0.0421	0.0366	0.0370	0.0587	0.0680	0.0640	0.0649	0.0927	0.0965	0.0876	0.1021	0.1088	0.1299	0.1353	0.1461	0.1550	0.1838	0.2220	0.2488	0.2524	0.2899	0.3104	0.2376	0.1996	0.1961	0.2016	0.2018	0.1896	0.1580	0.1720	0.1718	0.1679	0.1769	0.1672	0.1711	0.1838	0.1855	0.1842	0.1801	0.2093	0.2234	0.2255	0.2346	0.2473	0.2553	0.2736	0.3046	0.3551	0.5003	0.7611	0.8146	0.7451	0.7261	0.7123	0.6920	0.7234	0.6954	0.6653	0.6473	0.6098	0.5686	0.5821	0.5778	0.6046	0.5773	0.5404	0.4990
0.0192	0.0200	0.0446	0.0528	0.0393	0.0581	0.0664	0.0772	0.0692	0.0669	0.0710	0.0680	0.0812	0.0795	0.0937	0.0969	0.1015	0.1313	0.1281	0.1244	0.1263	0.1308	0.1289	0.1247	0.1291	0.1284	0.1281	0.1204	0.1280	0.1323	0.1187	0.1254	0.1301	0.1196	0.1285	0.1331	0.1260	0.1326	0.1403	0.1302	0.1350	0.1677	0.1722	0.1897	0.2009	0.2098	0.2257	0.2581	0.2811	0.3130	0.4517	0.7555	0.8342	0.7772	0.7472	0.7263	0.7370	0.7101	0.6980	0.6983	0.6771	0.6589	0.6301	0.6149	0.5535	0.5285	0.5894	0.5448	0.5381
0.0100	0.0211	0.0301	0.0381	0.0299	0.0460	0.0609	0.0585	0.0478	0.0534	0.0719	0.0759	0.0717	0.0767	0.0811	0.0934	0.1031	0.0980	0.1096	0.1140	0.0913	0.0971	0.0966	0.1138	0.1181	0.1115	0.1134	0.1156	0.1124	0.1028	0.0977	0.1113	0.1017	0.1035	0.1070	0.1042	0.0987	0.1004	0.0969	0.1047	0.1139	0.1172	0.1214	0.1391	0.1563	0.1511	0.1650	0.1907	0.2138	0.2465	0.3139	0.4632	0.7199	0.8301	0.7752	0.7616	0.7505	0.7104	0.6733	0.6398	0.5778	0.5598	0.4758	0.5329	0.4272	0.3524	0.4687	0.5300	0.4800
0.0092	0.0149	0.0177	0.0152	0.0376	0.0423	0.0504	0.0562	0.0445	0.0504	0.0655	0.0599	0.0712	0.0723	0.0669	0.0786	0.0874	0.0912	0.0840	0.0896	0.0865	0.0873	0.0930	0.0953	0.0977	0.0904	0.0894	0.0934	0.1001	0.0958	0.0900	0.0880	0.0867	0.0892	0.0879	0.0857	0.0876	0.0879	0.0856	0.0836	0.0869	0.0889	0.0850	0.0881	0.0933	0.1106	0.1201	0.1203	0.1250	0.1472	0.1840	0.2194	0.3528	0.5046	0.5838	0.6315	0.6571	0.6573	0.6253	0.6135	0.5978	0.5275	0.3214	0.3423	0.2867	0.2337	0.2644	0.3229	0.3171
0.0117	0.0111	0.0128	0.0251	0.0353	0.0436	0.0436	0.0465	0.0348	0.0400	0.0394	0.0532	0.0621	0.0591	0.0563	0.0600	0.0733	0.0728	0.0798	0.0712	0.0840	0.0850	0.0868	0.0822	0.0701	0.0748	0.0763	0.0771	0.0843	0.0966	0.0814	0.0652	0.0804	0.0796	0.0758	0.0785	0.0769	0.0726	0.0770	0.0677	0.0669	0.0708	0.0794	0.0781	0.0838	0.0892	0.0968	0.0952	0.0991	0.1042	0.1136	0.1245	0.1358	0.1499	0.1972	0.2226	0.2480	0.3092	0.3887	0.5058	0.5105	0.4015	0.2182	0.1892	0.1857	0.1847	0.2041	0.2155	0.2446
0.0000	0.0000	0.0263	0.0275	0.0129	0.0248	0.0329	0.0370	0.0340	0.0376	0.0397	0.0551	0.0536	0.0553	0.0553	0.0534	0.0656	0.0726	0.0640	0.0668	0.0781	0.0747	0.0706	0.0707	0.0697	0.0822	0.0876	0.0657	0.0687	0.0690	0.0679	0.0607	0.0705	0.0701	0.0673	0.0652	0.0568	0.0630	0.0667	0.0668	0.0670	0.0700	0.0746	0.0705	0.0772	0.0796	0.0781	0.0812	0.0836	0.0891	0.0922	0.1020	0.1050	0.1059	0.1114	0.1242	0.1216	0.1186	0.1404	0.1969	0.1944	0.1685	0.1349	0.1445	0.1506	0.1528	0.1771	0.1928	0.1984
0.0000	0.0023	0.0174	0.0079	0.0087	0.0213	0.0318	0.0353	0.0369	0.0364	0.0416	0.0401	0.0471	0.0559	0.0559	0.0543	0.0747	0.0763	0.0590	0.0702	0.0653	0.0685	0.0642	0.0584	0.0757	0.0693	0.0768	0.0675	0.0710	0.0677	0.0532	0.0596	0.0624	0.0693	0.0614	0.0594	0.0648	0.0609	0.0604	0.0652	0.0703	0.0631	0.0650	0.0682	0.0663	0.0676	0.0720	0.0720	0.0738	0.0814	0.0813	0.0820	0.0804	0.0874	0.0990	0.0991	0.0977	0.0959	0.1111	0.1057	0.1103	0.1167	0.1074	0.1116	0.1198	0.1256	0.1339	0.1531	0.1634
0.0000	0.0000	0.0000	0.0021	0.0159	0.0161	0.0352	0.0264	0.0362	0.0402	0.0310	0.0302	0.0514	0.0540	0.0554	0.0476	0.0635	0.0687	0.0548	0.0492	0.0524	0.0650	0.0607	0.0591	0.0706	0.0710	0.0586	0.0591	0.0602	0.0590	0.0586	0.0555	0.0558	0.0570	0.0567	0.0608	0.0652	0.0616	0.0593	0.0570	0.0589	0.0520	0.0565	0.0567	0.0610	0.0630	0.0571	0.0660	0.0667	0.0742	0.0746	0.0747	0.0690	0.0817	0.0888	0.0736	0.0814	0.0833	0.0868	0.0957	0.0890	0.0975	0.0904	0.0908	0.0943	0.0876	0.0860	0.0994	0.1182
0.0000	0.0000	0.0006	0.0062	0.0099	0.0132	0.0136	0.0249	0.0217	0.0236	0.0194	0.0323	0.0425	0.0337	0.0435	0.0441	0.0388	0.0392	0.0356	0.0541	0.0387	0.0590	0.0507	0.0521	0.0610	0.0622	0.0586	0.0543	0.0539	0.0531	0.0620	0.0476	0.0535	0.0530	0.0458	0.0474	0.0488	0.0488	0.0541	0.0550	0.0467	0.0485	0.0606	0.0555	0.0568	0.0563	0.0631	0.0571	0.0617	0.0605	0.0646	0.0769	0.0706	0.0709	0.0753	0.0746	0.0768	0.0692	0.0747	0.0801	0.0870	0.0797	0.0700	0.0732	0.0761	0.0658	0.0625	0.0652	0.0713
0.0000	0.0000	0.0047	0.0000	0.0009	0.0000	0.0028	0.0193	0.0183	0.0116	0.0294	0.0262	0.0139	0.0315	0.0350	0.0399	0.0331	0.0334	0.0343	0.0440	0.0402	0.0436	0.0410	0.0503	0.0494	0.0526	0.0432	0.0505	0.0563	0.0532	0.0491	0.0485	0.0504	0.0524	0.0498	0.0409	0.0397	0.0480	0.0519	0.0421	0.0463	0.0468	0.0540	0.0560	0.0473	0.0500	0.0577	0.0509	0.0514	0.0585	0.0672	0.0717	0.0625	0.0664	0.0723	0.0751	0.0758	0.0737	0.0804	0.0714	0.0757	0.0649	0.0706	0.0672	0.0697	0.0708	0.0634	0.0645	0.0688
0.0000	0.0000	0.0000	0.0000	0.0000	0.0030	0.0071	0.0036	0.0133	0.0140	0.0190	0.0306	0.0346	0.0296	0.0396	0.0408	0.0451	0.0438	0.0326	0.0412	0.0542	0.0496	0.0364	0.0389	0.0430	0.0522	0.0460	0.0450	0.0499	0.0541	0.0469	0.0481	0.0499	0.0437	0.0488	0.0499	0.0449	0.0485	0.0500	0.0440	0.0499	0.0351	0.0434	0.0502	0.0421	0.0459	0.0526	0.0460	0.0403	0.0529	0.0656	0.0676	0.0623	0.0668	0.0764	0.0700	0.0649	0.0634	0.0668	0.0690	0.0645	0.0613	0.0631	0.0636	0.0673	0.0610	0.0601	0.0591	0.0553
0.0000	0.0000	0.0000	0.0000	0.0000	0.0000	0.0000	0.0033	0.0105	0.0062	0.0198	0.0191	0.0362	0.0344	0.0237	0.0178	0.0290	0.0319	0.0269	0.0418	0.0483	0.0517	0.0370	0.0437	0.0418	0.0486	0.0466	0.0370	0.0503	0.0437	0.0403	0.0435	0.0391	0.0410	0.0434	0.0531	0.0337	0.0410	0.0465	0.0452	0.0443	0.0424	0.0413	0.0397	0.0477	0.0475	0.0452	0.0503	0.0450	0.0539	0.0540	0.0613	0.0653	0.0639	0.0607	0.0610	0.0587	0.0623	0.0553	0.0532	0.0597	0.0513	0.0534	0.0624	0.0586	0.0429	0.0471	0.0540	0.0407
0.0000	0.0000	0.0000	0.0000	0.0000	0.0200	0.0036	0.0134	0.0067	0.0085	0.0135	0.0215	0.0178	0.0228	0.0261	0.0300	0.0311	0.0190	0.0259	0.0365	0.0384	0.0415	0.0344	0.0397	0.0448	0.0402	0.0453	0.0406	0.0437	0.0492	0.0424	0.0439	0.0415	0.0354	0.0388	0.0442	0.0366	0.0398	0.0377	0.0379	0.0334	0.0415	0.0442	0.0316	0.0380	0.0431	0.0452	0.0482	0.0471	0.0431	0.0456	0.0510	0.0529	0.0486	0.0493	0.0572	0.0553	0.0454	0.0456	0.0511	0.0546	0.0544	0.0494	0.0613	0.0501	0.0430	0.0490	0.0513	0.0392
0.0000	0.0000	0.0082	0.0000	0.0000	0.0000	0.0180	0.0173	0.0033	0.0001	0.0197	0.0283	0.0298	0.0276	0.0274	0.0216	0.0116	0.0253	0.0206	0.0321	0.0306	0.0335	0.0345	0.0256	0.0499	0.0320	0.0408	0.0411	0.0476	0.0506	0.0443	0.0411	0.0436	0.0359	0.0330	0.0364	0.0377	0.0506	0.0470	0.0382	0.0365	0.0285	0.0351	0.0361	0.0304	0.0304	0.0372	0.0472	0.0436	0.0392	0.0473	0.0511	0.0515	0.0533	0.0609	0.0564	0.0523	0.0548	0.0500	0.0557	0.0567	0.0587	0.0620	0.0612	0.0540	0.0435	0.0471	0.0388	0.0423
