0.0000	0.0000	0.0007	0.0197	0.0087	0.0090	0.0138	0.0108	0.0147	0.0144	0.0028	0.0205	0.0257	0.0207	0.0252	0.0293	0.0461	0.0417	0.0310	0.0590	0.0597	0.0388	0.0452	0.0809	0.0773	0.0705	0.0736	0.0750	0.0858	0.0828	0.0702	0.0822	0.0697	0.0856	0.0717	0.0729	0.0769	0.0791	0.0779	0.0736	0.0689	0.0710	0.0811	0.0931	0.0668	0.0767	0.0758	0.0781	0.0697	0.0860	0.0914	0.1031	0.0871	0.0749	0.0779	0.0921	0.0895	0.0699	0.0860	0.0809	0.0836	0.0949	0.1029	0.0767	0.0966	0.0819	0.0705	0.0835	0.0629
0.0000	0.0000	0.0030	0.0235	0.0055	0.0017	0.0118	0.0218	0.0256	0.0071	0.0097	0.0143	0.0305	0.0414	0.0456	0.0455	0.0508	0.0613	0.0513	0.0559	0.0691	0.0629	0.0716	0.0830	0.0799	0.0981	0.0790	0.1069	0.1046	0.0860	0.0982	0.1017	0.0843	0.0946	0.0849	0.0767	0.0896	0.0904	0.0912	0.0943	0.0844	0.0828	0.0798	0.0829	0.0781	0.0720	0.0768	0.0898	0.0928	0.0895	0.1225	0.0964	0.0847	0.0878	0.1075	0.1035	0.0994	0.0974	0.0959	0.1134	0.1084	0.0920	0.1047	0.0915	0.0943	0.0833	0.0838	0.0909	0.0860
0.0000	0.0000	0.0173	0.0319	0.0293	0.0102	0.0059	0.0206	0.0318	0.0100	0.0319	0.0317	0.0364	0.0556	0.0592	0.0643	0.0609	0.0598	0.0662	0.0711	0.0761	0.0632	0.0650	0.0771	0.0890	0.0917	0.1057	0.1026	0.0947	0.0920	0.1145	0.0921	0.0883	0.1025	0.0893	0.0860	0.0992	0.0981	0.0869	0.0994	0.1103	0.0932	0.1007	0.0952	0.0921	0.0831	0.0879	0.0939	0.1013	0.0981	0.1195	0.1175	0.0987	0.1049	0.1147	0.1131	0.1043	0.0954	0.1114	0.1238	0.1326	0.1286	0.1273	0.0968	0.1052	0.1046	0.0923	0.1019	0.0972
0.0000	0.0000	0.0017	0.0092	0.0177	0.0131	0.0113	0.0188	0.0225	0.0197	0.0254	0.0481	0.0514	0.0421	0.0505	0.0562	0.0540	0.0608	0.0531	0.0705	0.0930	0.0704	0.0804	0.0948	0.0957	0.0992	0.0964	0.0787	0.0961	0.0776	0.0786	0.1067	0.1008	0.1098	0.1047	0.0967	0.0896	0.0960	0.0911	0.0915	0.1017	0.0821	0.0980	0.0981	0.0867	0.0815	0.0882	0.0853	0.0794	0.0823	0.1185	0.1216	0.1117	0.1156	0.1170	0.1077	0.1235	0.1365	0.1168	0.1483	0.2206	0.2636	0.1885	0.1320	0.1350	0.1371	0.1254	0.1051	0.1137
0.0000	0.0009	0.0039	0.0162	0.0149	0.0208	0.0227	0.0328	0.0508	0.0279	0.0296	0.0437	0.0657	0.0545	0.0439	0.0567	0.0668	0.0463	0.0639	0.0667	0.0853	0.0791	0.0850	0.0981	0.0902	0.0805	0.0996	0.0717	0.0900	0.0958	0.0892	0.0903	0.1122	0.1091	0.1170	0.1126	0.0970	0.0926	0.0964	0.0746	0.0908	0.0868	0.0981	0.1040	0.0985	0.0983	0.0924	0.0861	0.0887	0.1094	0.1147	0.1292	0.1276	0.1302	0.1303	0.1293	0.1420	0.1362	0.1381	0.1905	0.3601	0.4095	0.3204	0.2296	0.1682	0.1446	0.1542	0.1226	0.1216
0.0000	0.0000	0.0114	0.0324	0.0236	0.0206	0.0090	0.0317	0.0388	0.0369	0.0447	0.0333	0.0638	0.0627	0.0591	0.0671	0.0714	0.0646	0.0599	0.0813	0.0834	0.0828	0.0798	0.0767	0.1178	0.0896	0.0922	0.0988	0.1087	0.0999	0.0919	0.0900	0.1334	0.1220	0.1286	0.1069	0.1120	0.1026	0.0987	0.0997	0.0889	0.1051	0.1116	0.1106	0.1015	0.0998	0.0941	0.1070	0.1231	0.1235	0.1282	0.1297	0.1440	0.1337	0.1615	0.1582	0.1558	0.1617	0.1875	0.2672	0.4216	0.4800	0.4508	0.4322	0.2994	0.1925	0.1629	0.1757	0.1425
0.0000	0.0000	0.0264	0.0308	0.0078	0.0084	0.0275	0.0334	0.0339	0.0540	0.0534	0.0513	0.0663	0.0580	0.0668	0.0761	0.0853	0.0793	0.0749	0.0726	0.0826	0.0887	0.0848	0.0846	0.1108	0.1155	0.1040	0.1086	0.1536	0.1143	0.1061	0.1152	0.1113	0.1302	0.1104	0.0949	0.1108	0.1131	0.1055	0.1113	0.1047	0.1255	0.1193	0.1056	0.1055	0.0930	0.0973	0.1238	0.1333	0.1301	0.1463	0.1444	0.1738	0.1540	0.1739	0.1966	0.1774	0.2108	0.3271	0.4076	0.4532	0.5315	0.4474	0.4727	0.4153	0.2930	0.1768	0.1928	0.1946
0.0054	0.0154	0.0167	0.0099	0.0167	0.0199	0.0467	0.0390	0.0346	0.0432	0.0575	0.0542	0.0624	0.0646	0.0671	0.0781	0.0819	0.0844	0.0965	0.0936	0.0935	0.1128	0.0988	0.0912	0.1118	0.1207	0.1119	0.1041	0.1444	0.1360	0.1076	0.1050	0.1168	0.1291	0.1235	0.1157	0.1295	0.1368	0.1149	0.1226	0.1218	0.1211	0.1271	0.1212	0.1123	0.1226	0.1386	0.1420	0.1234	0.1459	0.1708	0.1701	0.1614	0.1797	0.1917	0.2450	0.2642	0.3777	0.5426	0.5887	0.5796	0.5265	0.4718	0.4738	0.4529	0.4078	0.2332	0.2665	0.2943
0.0172	0.0190	0.0178	0.0393	0.0358	0.0331	0.0419	0.0381	0.0563	0.0497	0.0691	0.0604	0.0635	0.0744	0.0709	0.0790	0.0860	0.0923	0.1016	0.0876	0.0933	0.1258	0.1043	0.0960	0.1105	0.1222	0.1023	0.1152	0.1377	0.1333	0.1102	0.1213	0.1308	0.1206	0.1428	0.1281	0.1216	0.1264	0.1337	0.1453	0.1214	0.1349	0.1470	0.1377	0.1418	0.1366	0.1491	0.1577	0.1543	0.1652	0.2148	0.2197	0.2257	0.2560	0.2716	0.3361	0.4670	0.6219	0.6721	0.6590	0.6203	0.5734	0.4995	0.4564	0.4844	0.5000	0.3309	0.3506	0.3757
0.0117	0.0034	0.0142	0.0348	0.0303	0.0465	0.0597	0.0563	0.0708	0.0800	0.0819	0.0656	0.0723	0.0771	0.0694	0.0753	0.1161	0.1032	0.0973	0.1002	0.1172	0.1100	0.1127	0.1355	0.1317	0.1275	0.1341	0.1490	0.1392	0.1326	0.1321	0.1281	0.1225	0.1466	0.1478	0.1220	0.1206	0.1396	0.1579	0.1339	0.1266	0.1510	0.1650	0.1638	0.1621	0.1645	0.1726	0.1765	0.1889	0.1970	0.2541	0.2766	0.3073	0.3062	0.3461	0.4378	0.6528	0.6934	0.6601	0.6511	0.6677	0.6090	0.5486	0.5007	0.5026	0.5195	0.3917	0.3506	0.3947
0.0102	0.0207	0.0338	0.0226	0.0333	0.0530	0.0489	0.0602	0.0617	0.0693	0.0747	0.0747	0.0886	0.0864	0.0879	0.0876	0.1243	0.1316	0.1068	0.1162	0.1350	0.1292	0.1260	0.1308	0.1398	0.1378	0.1478	0.1615	0.1555	0.1343	0.1302	0.1367	0.1299	0.1519	0.1555	0.1308	0.1512	0.1602	0.1652	0.1464	0.1521	0.1696	0.1934	0.1767	0.1791	0.1884	0.2017	0.2160	0.2281	0.2700	0.2810	0.3441	0.3366	0.4001	0.4625	0.6858	0.7714	0.7069	0.6492	0.6586	0.6720	0.5587	0.5237	0.5072	0.4845	0.4544	0.4119	0.3999	0.3817
0.0145	0.0409	0.0372	0.0253	0.0307	0.0500	0.0557	0.0615	0.0627	0.0606	0.0826	0.0918	0.0930	0.1028	0.0886	0.0904	0.1090	0.1341	0.1265	0.1280	0.1272	0.1322	0.1544	0.1562	0.1663	0.1410	0.1762	0.1626	0.1748	0.1642	0.1607	0.1558	0.1655	0.1710	0.1656	0.1596	0.1896	0.2050	0.1943	0.1963	0.1939	0.2034	0.2335	0.2244	0.2142	0.2174	0.2217	0.2429	0.2600	0.3131	0.3339	0.3844	0.4446	0.7007	0.7246	0.7658	0.7734	0.7462	0.7108	0.6749	0.6607	0.5647	0.5406	0.5224	0.5183	0.4234	0.3981	0.4223	0.4015
0.0266	0.0296	0.0472	0.0464	0.0472	0.0624	0.0661	0.0750	0.0841	0.0787	0.1065	0.0987	0.1126	0.0979	0.1017	0.1022	0.1311	0.1459	0.1443	0.1556	0.1724	0.1804	0.2079	0.2019	0.2171	0.1994	0.2176	0.1937	0.1968	0.1887	0.1862	0.2044	0.2125	0.2123	0.2213	0.1942	0.2214	0.2552	0.2536	0.2464	0.2398	0.2427	0.2632	0.2682	0.2575	0.2621	0.2778	0.2836	0.3239	0.3877	0.4536	0.4401	0.5816	0.8780	0.8060	0.7779	0.7482	0.7510	0.7347	0.6560	0.6065	0.5987	0.6013	0.5907	0.5522	0.4532	0.4043	0.4378	0.3765
0.0214	0.0233	0.0355	0.0470	0.0486	0.0487	0.0765	0.0768	0.0891	0.0883	0.1063	0.1283	0.1385	0.1236	0.1404	0.1479	0.1686	0.1977	0.2310	0.2314	0.2405	0.2924	0.3606	0.3436	0.3643	0.2949	0.2821	0.2863	0.2665	0.2420	0.2535	0.2815	0.2571	0.2470	0.2815	0.2606	0.2843	0.3208	0.2931	0.2784	0.2771	0.2768	0.3211	0.3020	0.3028	0.3063	0.3044	0.3154	0.3628	0.4823	0.7620	0.6815	0.7129	0.8066	0.7535	0.7305	0.7277	0.7240	0.6873	0.6789	0.6279	0.5939	0.6246	0.5697	0.5146	0.4358	0.4163	0.3631	0.3698
0.0226	0.0366	0.0539	0.0599	0.0628	0.0712	0.1200	0.1124	0.1165	0.1209	0.1313	0.1506	0.1972	0.1756	0.1869	0.1673	0.2187	0.2663	0.3257	0.3778	0.4817	0.6042	0.7123	0.7022	0.6331	0.5946	0.5768	0.6216	0.5471	0.4174	0.4505	0.5670	0.4073	0.3097	0.3057	0.3383	0.5025	0.6046	0.3833	0.3007	0.3110	0.3401	0.3537	0.3565	0.3412	0.3287	0.3435	0.3880	0.4426	0.6390	0.8735	0.7962	0.8067	0.7666	0.7351	0.7032	0.7205	0.7075	0.6304	0.6083	0.5905	0.5361	0.5197	0.5076	0.4870	0.4123	0.3937	0.3573	0.3601
0.0249	0.0426	0.0638	0.0705	0.0795	0.1150	0.1282	0.1386	0.1735	0.1949	0.2049	0.2642	0.2992	0.2815	0.3282	0.3328	0.4114	0.4462	0.5509	0.6369	0.7305	0.7501	0.7457	0.7867	0.6985	0.7311	0.7346	0.7077	0.7683	0.6868	0.7986	0.9353	0.7430	0.5775	0.4655	0.5060	0.8409	0.9030	0.5956	0.3325	0.3734	0.3891	0.4640	0.5752	0.4942	0.4047	0.3690	0.4289	0.4616	0.6729	0.8048	0.7786	0.7610	0.7583	0.7241	0.6806	0.6434	0.6225	0.5753	0.6096	0.5666	0.4984	0.5258	0.5365	0.4379	0.4205	0.3830	0.3598	0.3393
0.0349	0.0566	0.0854	0.1183	0.1240	0.1782	0.2236	0.3028	0.3443	0.4084	0.5045	0.5720	0.6370	0.5678	0.5411	0.5677	0.6294	0.7291	0.7378	0.7214	0.7586	0.7372	0.7266	0.7220	0.7551	0.7176	0.7408	0.7299	0.7944	0.8291	0.8914	0.9778	0.9505	0.8838	0.8310	0.7422	0.9272	0.9597	0.8110	0.5764	0.5618	0.5273	0.7386	0.7949	0.6803	0.5042	0.5341	0.6499	0.4990	0.6339	0.7962	0.8239	0.7345	0.7218	0.6907	0.6908	0.6384	0.5784	0.5542	0.5854	0.5843	0.5300	0.5063	0.5141	0.4787	0.4034	0.3767	0.3398	0.3173
0.0490	0.0683	0.1095	0.1353	0.2013	0.3553	0.5093	0.6300	0.6687	0.5756	0.6611	0.6936	0.6652	0.6266	0.5925	0.6223	0.6519	0.6743	0.6500	0.6207	0.6580	0.6768	0.6512	0.6727	0.7084	0.6838	0.7641	0.7916	0.7504	0.8093	0.8538	0.8860	0.9113	0.8962	0.9373	0.9174	0.9065	0.8775	0.8468	0.8535	0.7834	0.7275	0.8231	0.7889	0.7024	0.6923	0.7753	0.7279	0.5451	0.6056	0.8165	0.7739	0.7312	0.7194	0.6195	0.6178	0.5838	0.5286	0.5638	0.5519	0.5723	0.5381	0.5014	0.4729	0.4740	0.3943	0.3476	0.3336	0.3098
0.0942	0.1310	0.2303	0.3324	0.4579	0.5550	0.5728	0.5641	0.5980	0.5487	0.5453	0.5746	0.5835	0.5236	0.5187	0.5608	0.5736	0.5911	0.5831	0.5673	0.5705	0.5853	0.6242	0.6306	0.6303	0.6651	0.7712	0.7057	0.7234	0.8263	0.7546	0.7358	0.8131	0.8844	0.8554	0.8358	0.7858	0.7682	0.7558	0.7878	0.7477	0.7630	0.7754	0.7346	0.7393	0.7879	0.7518	0.7178	0.5283	0.5811	0.8157	0.7372	0.6937	0.7110	0.6505	0.5530	0.5130	0.5361	0.5373	0.5462	0.5381	0.4699	0.4696	0.4429	0.4197	0.4037	0.3534	0.3202	0.3347
0.1770	0.2779	0.3826	0.4240	0.4046	0.4357	0.4128	0.4010	0.4570	0.4492	0.4725	0.4477	0.4815	0.4476	0.4583	0.5005	0.5525	0.5669	0.5550	0.5533	0.5754	0.5776	0.5806	0.6402	0.6468	0.6449	0.7321	0.7068	0.7167	0.7835	0.7401	0.7503	0.7774	0.7981	0.7990	0.7729	0.7264	0.7127	0.6692	0.6802	0.6568	0.7134	0.7274	0.6920	0.7798	0.7131	0.7123	0.7349	0.5532	0.5948	0.6856	0.6884	0.6383	0.6398	0.6152	0.5581	0.5289	0.5090	0.4996	0.4939	0.4946	0.4711	0.4661	0.4260	0.4210	0.4064	0.3639	0.3534	0.3236
0.1829	0.2393	0.2861	0.2663	0.2665	0.3269	0.3290	0.3326	0.3209	0.3518	0.3925	0.3830	0.4505	0.4610	0.4397	0.5405	0.5713	0.5634	0.5487	0.5124	0.5810	0.5920	0.5719	0.5961	0.6025	0.6517	0.6793	0.7251	0.7236	0.7269	0.7957	0.7263	0.7470	0.7611	0.7616	0.7260	0.6767	0.6426	0.6340	0.6703	0.6413	0.6454	0.6997	0.7172	0.7215	0.6826	0.7515	0.7733	0.6254	0.6074	0.6849	0.6531	0.5706	0.6196	0.5662	0.5215	0.5600	0.4927	0.5077	0.4969	0.4696	0.4518	0.4335	0.4075	0.4202	0.3865	0.3683	0.3558	0.3291
0.1885	0.2213	0.2563	0.2470	0.2415	0.2564	0.2946	0.3183	0.3382	0.3499	0.3734	0.3797	0.4333	0.4752	0.4545	0.5046	0.6164	0.6035	0.6063	0.5770	0.5831	0.6176	0.6179	0.5988	0.6155	0.6583	0.6671	0.6627	0.6699	0.7202	0.7230	0.6932	0.6564	0.6689	0.7158	0.6505	0.6448	0.6254	0.6220	0.6585	0.6537	0.6507	0.6451	0.6667	0.6639	0.6801	0.7031	0.7379	0.6767	0.6378	0.6703	0.5802	0.5500	0.5622	0.4988	0.5374	0.5499	0.5218	0.4677	0.4700	0.4850	0.4292	0.3999	0.3799	0.3992	0.3913	0.3483	0.3334	0.3249
0.1970	0.2096	0.2579	0.2752	0.2635	0.2841	0.3257	0.3566	0.3558	0.3467	0.3779	0.3731	0.4020	0.4424	0.4361	0.4710	0.5643	0.5755	0.5906	0.5547	0.5951	0.6517	0.5955	0.6528	0.6394	0.6145	0.6403	0.6468	0.6828	0.6928	0.6441	0.6402	0.6685	0.6544	0.6332	0.6217	0.6422	0.6534	0.6066	0.6166	0.6316	0.6095	0.6055	0.6009	0.6108	0.6222	0.6307	0.6579	0.6150	0.6082	0.5687	0.5368	0.5543	0.5153	0.5236	0.5301	0.5214	0.4837	0.4552	0.4696	0.4504	0.4584	0.4250	0.4025	0.3921	0.4029	0.3557	0.3273	0.3202
0.1993	0.2141	0.2398	0.2740	0.2976	0.3439	0.3337	0.3408	0.3468	0.3254	0.3364	0.3944	0.4162	0.4165	0.4190	0.4647	0.5465	0.5920	0.6214	0.5888	0.5848	0.6245	0.6301	0.6368	0.6487	0.5666	0.6522	0.6387	0.6731	0.6566	0.6352	0.6516	0.6902	0.6533	0.6622	0.5847	0.6202	0.6157	0.5695	0.5672	0.5787	0.5707	0.6082	0.6030	0.5834	0.5826	0.6118	0.6022	0.5565	0.5408	0.4986	0.4769	0.5151	0.4847	0.4929	0.5222	0.5338	0.5064	0.4738	0.4629	0.4682	0.4743	0.4240	0.3954	0.3887	0.3807	0.3401	0.3227	0.3289
0.2028	0.2294	0.2513	0.2784	0.3064	0.3356	0.3422	0.3449	0.3594	0.3664	0.3512	0.3828	0.4329	0.4204	0.4111	0.4468	0.4810	0.5608	0.5910	0.5821	0.5616	0.5775	0.6118	0.6540	0.6398	0.5787	0.6089	0.6118	0.6431	0.6149	0.6134	0.6008	0.6413	0.6139	0.6315	0.6008	0.6423	0.5892	0.5841	0.5682	0.5516	0.5857	0.5887	0.5365	0.5578	0.5358	0.5326	0.5369	0.5199	0.4879	0.4999	0.5055	0.4993	0.4918	0.5095	0.5106	0.5190	0.4941	0.4726	0.5129	0.4746	0.4378	0.4403	0.3916	0.3966	0.3772	0.3321	0.3127	0.3122
0.2146	0.2438	0.2672	0.2804	0.2856	0.3194	0.3503	0.3456	0.3375	0.3353	0.3662	0.3876	0.4414	0.4728	0.4600	0.4978	0.5125	0.4907	0.4809	0.5617	0.5790	0.5483	0.5527	0.5762	0.5960	0.5842	0.5893	0.6046	0.5870	0.6196	0.6380	0.5953	0.6091	0.5979	0.5981	0.5582	0.5973	0.5692	0.5657	0.5618	0.5510	0.5243	0.5267	0.5103	0.5131	0.5143	0.4995	0.5068	0.4937	0.5075	0.5195	0.5249	0.5024	0.5341	0.5347	0.5130	0.5112	0.4966	0.4691	0.4706	0.4892	0.4295	0.4178	0.4236	0.4117	0.4054	0.3447	0.3240	0.3058
0.2082	0.2573	0.2807	0.2800	0.2841	0.3110	0.3324	0.3266	0.3370	0.3535	0.3394	0.3602	0.4184	0.4511	0.4308	0.4907	0.4706	0.4844	0.5588	0.5378	0.5636	0.5589	0.5750	0.5716	0.5606	0.5717	0.5852	0.5573	0.5667	0.6251	0.6529	0.5986	0.5962	0.5897	0.5812	0.5482	0.5643	0.5369	0.5616	0.5428	0.5400	0.5006	0.5071	0.5174	0.5214	0.4911	0.4777	0.4754	0.4948	0.4984	0.5304	0.5215	0.5116	0.5348	0.5348	0.5076	0.4840	0.4951	0.5182	0.5336	0.4606	0.4385	0.4405	0.4170	0.4222	0.3686	0.3349	0.3659	0.3331
0.2196	0.2645	0.2452	0.2767	0.2915	0.3190	0.3376	0.3477	0.3516	0.3665	0.3556	0.3926	0.4324	0.4436	0.4274	0.4741	0.4408	0.4863	0.5112	0.5218	0.5107	0.5325	0.5482	0.5524	0.5422	0.5689	0.5630	0.5802	0.5865	0.5953	0.6042	0.6127	0.5856	0.5415	0.5342	0.5482	0.5420	0.5253	0.5440	0.5174	0.5171	0.5254	0.5186	0.4770	0.4883	0.4690	0.4714	0.4932	0.5118	0.4591	0.5430	0.5417	0.5506	0.5616	0.5226	0.5162	0.5321	0.4725	0.4701	0.5527	0.5088	0.4762	0.4525	0.4348	0.4368	0.4034	0.3584	0.3834	0.3599
0.2118	0.2443	0.2537	0.2853	0.3030	0.2867	0.3481	0.3530	0.3417	0.3567	0.4048	0.4007	0.4214	0.4604	0.4270	0.4453	0.4486	0.4880	0.5455	0.5027	0.5245	0.5060	0.5409	0.5787	0.5619	0.5441	0.5891	0.6031	0.6397	0.6151	0.5794	0.5981	0.6102	0.5968	0.5607	0.5860	0.5469	0.5610	0.5320	0.5455	0.5579	0.5330	0.5299	0.5045	0.4919	0.4826	0.4986	0.5104	0.5051	0.4949	0.5231	0.5238	0.5291	0.5636	0.5404	0.5022	0.4980	0.4857	0.4827	0.4711	0.4814	0.4600	0.4454	0.4414	0.4394	0.4151	0.3806	0.3607	0.3437
0.2018	0.2140	0.2598	0.2845	0.2705	0.2768	0.3263	0.3375	0.3599	0.3678	0.4011	0.4361	0.5011	0.4690	0.4373	0.4301	0.4892	0.5047	0.5068	0.5128	0.5195	0.5241	0.5198	0.5440	0.5316	0.5276	0.5569	0.5958	0.5992	0.6182	0.5869	0.5845	0.6323	0.5926	0.6078	0.5838	0.5906	0.5956	0.5620	0.5704	0.5798	0.5756	0.5527	0.5433	0.5276	0.4951	0.5038	0.5309	0.5081	0.5084	0.5318	0.5329	0.5380	0.5456	0.5757	0.5495	0.4929	0.4734	0.4698	0.4656	0.4758	0.4670	0.4601	0.4385	0.4342	0.4168	0.3747	0.3566	0.3580
0.2011	0.2248	0.2620	0.2650	0.2542	0.2846	0.3574	0.3382	0.3779	0.3946	0.3854	0.4135	0.4539	0.4310	0.4281	0.4376	0.5007	0.4572	0.4846	0.5451	0.5016	0.5083	0.5108	0.5477	0.5426	0.5410	0.5079	0.5504	0.5836	0.5868	0.5945	0.6204	0.6241	0.6048	0.6353	0.6121	0.6194	0.6158	0.5896	0.6005	0.5764	0.6179	0.5841	0.5636	0.5703	0.5513	0.5751	0.5572	0.5530	0.5436	0.5671	0.5808	0.5656	0.5325	0.5342	0.5179	0.5311	0.5129	0.4739	0.4986	0.4851	0.4736	0.4377	0.4195	0.4307	0.3917	0.3979	0.3713	0.3443
0.1755	0.1996	0.2394	0.2355	0.2758	0.2821	0.3267	0.3419	0.3616	0.4176	0.3810	0.3873	0.4197	0.4491	0.4424	0.4532	0.4684	0.4506	0.4709	0.5139	0.5574	0.5751	0.5687	0.5967	0.6352	0.5982	0.5406	0.5748	0.6267	0.5944	0.6127	0.5989	0.6280	0.5742	0.6471	0.6242	0.6148	0.6176	0.6047	0.5975	0.6043	0.5996	0.6312	0.5575	0.5980	0.6191	0.6308	0.6867	0.6070	0.5936	0.6152	0.5607	0.5582	0.5963	0.5498	0.5133	0.5045	0.5205	0.4553	0.4699	0.5118	0.4736	0.4821	0.4674	0.4559	0.4096	0.3764	0.4023	0.3663
0.1810	0.2101	0.2402	0.2258	0.2764	0.2754	0.3244	0.3554	0.3168	0.3748	0.3769	0.4297	0.4456	0.4449	0.4636	0.4656	0.4991	0.4786	0.4986	0.5385	0.5969	0.5954	0.6019	0.6740	0.6557	0.6331	0.6108	0.6436	0.6411	0.6092	0.6322	0.6262	0.6013	0.6384	0.6759	0.6496	0.6919	0.6347	0.6416	0.6399	0.6355	0.6693	0.6824	0.6367	0.6348	0.6533	0.7157	0.7143	0.7180	0.6561	0.6254	0.5739	0.5959	0.5567	0.5450	0.5154	0.5216	0.4894	0.4458	0.4816	0.4792	0.4899	0.4656	0.4470	0.4479	0.4017	0.3861	0.3723	0.3575
0.1691	0.2059	0.2404	0.2409	0.2507	0.2723	0.3151	0.3290	0.3125	0.3648	0.3940	0.4101	0.4350	0.4573	0.4557	0.4694	0.4582	0.4802	0.5260	0.6201	0.6214	0.5759	0.6300	0.6276	0.6490	0.6622	0.6537	0.6704	0.6549	0.6788	0.7098	0.6626	0.6519	0.6967	0.6645	0.6607	0.6669	0.6618	0.6563	0.6609	0.6348	0.6870	0.7007	0.6961	0.6635	0.7294	0.7261	0.6368	0.7778	0.7598	0.7446	0.6007	0.5955	0.5605	0.5660	0.5296	0.5147	0.4509	0.4791	0.4974	0.4854	0.4931	0.4632	0.4478	0.4417	0.4306	0.3968	0.3767	0.3923
0.1572	0.2037	0.2226	0.2264	0.2511	0.2513	0.2690	0.3249	0.3658	0.3491	0.3867	0.4050	0.4471	0.4449	0.4678	0.4694	0.4771	0.5107	0.5353	0.6146	0.6246	0.5875	0.6018	0.6172	0.6631	0.6781	0.6927	0.6780	0.6740	0.6720	0.6702	0.6403	0.6502	0.6622	0.6926	0.6982	0.6607	0.6523	0.6667	0.6418	0.6595	0.6820	0.7175	0.7217	0.7147	0.7234	0.6905	0.5961	0.7402	0.8331	0.7575	0.7189	0.6824	0.6418	0.5571	0.5336	0.5053	0.4732	0.4780	0.5002	0.4722	0.4660	0.4460	0.4518	0.4570	0.4446	0.4084	0.3932	0.3609
0.1866	0.1874	0.2138	0.2362	0.2555	0.3009	0.3183	0.3542	0.3706	0.3907	0.4095	0.4459	0.4451	0.4572	0.4590	0.4644	0.4969	0.5079	0.5369	0.5833	0.5910	0.6064	0.5983	0.5960	0.6377	0.6562	0.6987	0.7253	0.6981	0.6795	0.6564	0.6483	0.6813	0.6908	0.6949	0.6854	0.6882	0.6561	0.6280	0.6139	0.6368	0.6686	0.7119	0.7413	0.7218	0.7232	0.5742	0.5359	0.8100	0.8285	0.7295	0.7656	0.7125	0.6738	0.5861	0.5586	0.5191	0.4899	0.4693	0.4964	0.4749	0.4616	0.4620	0.4552	0.4657	0.4392	0.4210	0.4206	0.3800
0.1693	0.1870	0.2534	0.2801	0.2554	0.2958	0.3402	0.3851	0.3765	0.3885	0.3813	0.4334	0.4593	0.4413	0.4430	0.4938	0.4819	0.5287	0.5672	0.5919	0.5886	0.6462	0.6131	0.6497	0.5949	0.6463	0.6806	0.7275	0.7646	0.7686	0.7133	0.7000	0.7121	0.7115	0.6841	0.6878	0.6938	0.6779	0.6445	0.6467	0.6633	0.6607	0.6605	0.7375	0.7390	0.6179	0.4182	0.4829	0.8419	0.9008	0.8435	0.7825	0.7655	0.7218	0.6188	0.6050	0.5518	0.5102	0.4885	0.4872	0.4643	0.4661	0.4918	0.4605	0.4584	0.4365	0.4324	0.4388	0.3897
0.2001	0.2527	0.2862	0.2809	0.2772	0.3306	0.3550	0.3879	0.4156	0.3979	0.4083	0.4481	0.4828	0.4402	0.4913	0.5107	0.5132	0.5588	0.5808	0.6252	0.6217	0.6551	0.6512	0.6441	0.6326	0.6943	0.7371	0.7151	0.7565	0.7223	0.7593	0.7570	0.7142	0.7497	0.7323	0.6967	0.7149	0.6976	0.6750	0.6894	0.7120	0.6599	0.7034	0.6955	0.7543	0.6351	0.4127	0.5322	0.8571	0.9281	0.8996	0.8397	0.8343	0.7639	0.6909	0.6438	0.6405	0.5725	0.5549	0.5052	0.5061	0.4821	0.4883	0.4850	0.4611	0.4417	0.4463	0.4287	0.4179
0.1995	0.3070	0.3493	0.3742	0.4360	0.4312	0.4254	0.4874	0.4652	0.4646	0.4775	0.4976	0.4690	0.4835	0.4843	0.5395	0.5634	0.5651	0.5916	0.5681	0.6187	0.6423	0.6601	0.6436	0.6846	0.6951	0.7725	0.7399	0.7646	0.7549	0.7851	0.7997	0.7890	0.7825	0.7823	0.7632	0.7652	0.7752	0.7565	0.7211	0.7257	0.7537	0.7903	0.7431	0.7283	0.5770	0.4043	0.4745	0.8229	0.9462	0.9001	0.9021	0.8490	0.7984	0.7100	0.6681	0.6615	0.6171	0.5771	0.5915	0.5479	0.5248	0.5340	0.5182	0.4796	0.4640	0.4118	0.3840	0.4027
0.1519	0.2492	0.3614	0.4802	0.5439	0.5797	0.6350	0.6336	0.6025	0.6592	0.6189	0.5918	0.5517	0.5920	0.6054	0.5974	0.6045	0.6312	0.6194	0.6378	0.6144	0.6471	0.6798	0.7101	0.7054	0.7310	0.7629	0.7475	0.7974	0.8072	0.8372	0.8101	0.8379	0.8631	0.8601	0.8367	0.8335	0.7919	0.7995	0.7745	0.7381	0.7875	0.8589	0.8030	0.6696	0.4366	0.3732	0.3989	0.6994	0.9701	0.9399	0.9350	0.9309	0.8472	0.7469	0.6957	0.6854	0.6550	0.6538	0.6666	0.6275	0.5924	0.5903	0.5406	0.5061	0.4734	0.4479	0.4018	0.3734
0.0644	0.1004	0.1560	0.2516	0.3142	0.4666	0.6101	0.6471	0.6690	0.7035	0.7421	0.6941	0.7133	0.7503	0.7236	0.7115	0.7148	0.7143	0.7243	0.7651	0.7614	0.7304	0.7540	0.7733	0.7351	0.7115	0.7629	0.7774	0.8523	0.8813	0.8615	0.8545	0.8762	0.8684	0.8558	0.6417	0.5894	0.5775	0.6531	0.6394	0.5286	0.5505	0.7349	0.6805	0.4434	0.3159	0.3205	0.3618	0.4701	0.7087	0.8716	0.9284	0.8924	0.8337	0.7797	0.7669	0.7319	0.6930	0.6378	0.6692	0.6401	0.6239	0.5995	0.5588	0.5227	0.5172	0.4904	0.4526	0.3894
0.0388	0.0435	0.0823	0.1145	0.1280	0.1639	0.2337	0.3016	0.3895	0.4440	0.5242	0.5414	0.6413	0.6865	0.7187	0.7538	0.7374	0.7369	0.7326	0.7472	0.7902	0.7717	0.7740	0.7562	0.7878	0.7583	0.7647	0.7972	0.8946	0.9299	0.8322	0.7994	0.6875	0.5754	0.5295	0.3418	0.2952	0.3106	0.3240	0.3271	0.2902	0.3142	0.4083	0.3716	0.2945	0.2788	0.2971	0.3130	0.3427	0.4052	0.6002	0.8262	0.9415	0.8898	0.8315	0.7875	0.7575	0.6760	0.6266	0.6642	0.6184	0.5916	0.5825	0.5464	0.5602	0.5225	0.5074	0.4577	0.4368
0.0174	0.0371	0.0513	0.0612	0.0750	0.0922	0.1047	0.1250	0.1385	0.1729	0.1913	0.2026	0.2557	0.3003	0.3688	0.5848	0.7350	0.7774	0.8025	0.7505	0.7570	0.7903	0.7818	0.8444	0.8703	0.8588	0.8322	0.8579	0.9325	0.9411	0.8211	0.6455	0.3644	0.2512	0.2638	0.2423	0.2412	0.2447	0.2230	0.2354	0.2439	0.2556	0.2506	0.2529	0.2583	0.2655	0.2890	0.3147	0.3393	0.4330	0.7385	0.9617	0.9338	0.8794	0.8363	0.8190	0.7800	0.7281	0.7007	0.6649	0.6433	0.5979	0.5786	0.5545	0.5219	0.5245	0.5064	0.4726	0.4695
0.0196	0.0255	0.0333	0.0438	0.0601	0.0794	0.0751	0.0840	0.0910	0.1135	0.1204	0.1176	0.1258	0.1305	0.1540	0.2289	0.3675	0.4361	0.4585	0.4328	0.4777	0.5209	0.6306	0.7805	0.7350	0.6679	0.6768	0.7757	0.9012	0.8677	0.5234	0.3207	0.2071	0.2038	0.1925	0.1947	0.1996	0.2053	0.2112	0.2107	0.2113	0.2233	0.2239	0.2350	0.2495	0.2641	0.2743	0.3121	0.3558	0.4423	0.8378	1.0000	0.9284	0.9174	0.8754	0.8623	0.8144	0.7393	0.6909	0.7277	0.6835	0.6217	0.6265	0.5862	0.5723	0.5797	0.5260	0.4904	0.4775
0.0283	0.0312	0.0575	0.0436	0.0506	0.0585	0.0575	0.0702	0.0852	0.0956	0.0986	0.0845	0.1017	0.0989	0.1052	0.1231	0.1270	0.1370	0.1574	0.1686	0.1842	0.1986	0.2315	0.3212	0.3009	0.2674	0.2962	0.4814	0.8114	0.6424	0.2592	0.1694	0.1691	0.1723	0.1614	0.1637	0.1736	0.1806	0.1883	0.1877	0.1821	0.1977	0.2131	0.2105	0.2191	0.2379	0.2423	0.2889	0.3287	0.4081	0.7039	0.9566	0.9838	0.9804	0.9657	0.8921	0.8000	0.7743	0.7675	0.7465	0.7137	0.6746	0.6295	0.6357	0.5917	0.5950	0.5548	0.5361	0.4641
0.0198	0.0277	0.0475	0.0312	0.0466	0.0607	0.0549	0.0823	0.0810	0.0722	0.0723	0.0787	0.0770	0.0828	0.0911	0.1029	0.1096	0.1208	0.1152	0.1333	0.1279	0.1252	0.1235	0.1350	0.1304	0.1516	0.1560	0.1958	0.3404	0.2642	0.1482	0.1436	0.1423	0.1307	0.1325	0.1386	0.1358	0.1419	0.1518	0.1489	0.1566	0.1686	0.1779	0.1940	0.2010	0.2039	0.2114	0.2448	0.2740	0.3301	0.5187	0.8553	0.7995	0.8243	0.9799	0.8909	0.8496	0.8065	0.7712	0.7918	0.8161	0.7974	0.7254	0.6905	0.6586	0.5702	0.5249	0.5246	0.5018
0.0165	0.0434	0.0657	0.0423	0.0408	0.0561	0.0623	0.0599	0.0690	0.0597	0.0498	0.0652	0.0744	0.0784	0.0787	0.0793	0.1103	0.1103	0.0972	0.1145	0.1011	0.1067	0.1087	0.1137	0.1099	0.1209	0.1174	0.1274	0.1380	0.1285	0.1148	0.1105	0.1022	0.1060	0.1118	0.1119	0.1102	0.1065	0.1132	0.1107	0.1249	0.1258	0.1416	0.1591	0.1717	0.1609	0.1685	0.1859	0.2136	0.2391	0.3182	0.4763	0.4717	0.6926	0.9708	0.9094	0.8676	0.8689	0.8147	0.7934	0.7965	0.7821	0.7681	0.7065	0.6300	0.5900	0.5586	0.5183	0.4968
0.0062	0.0195	0.0296	0.0384	0.0383	0.0539	0.0502	0.0542	0.0637	0.0520	0.0504	0.0650	0.0722	0.0722	0.0705	0.0702	0.0870	0.0889	0.0909	0.0905	0.0797	0.0850	0.0883	0.0837	0.0951	0.0961	0.0965	0.1134	0.1133	0.1100	0.0966	0.0944	0.0780	0.0901	0.0932	0.0919	0.0929	0.0937	0.0863	0.0943	0.0980	0.1010	0.1043	0.1106	0.1268	0.1320	0.1385	0.1525	0.1616	0.1814	0.2212	0.2608	0.3074	0.4902	0.8401	0.9602	0.8887	0.7702	0.6077	0.5340	0.5656	0.7733	0.8077	0.7374	0.6502	0.6124	0.5711	0.5725	0.4736
0.0000	0.0106	0.0198	0.0409	0.0263	0.0468	0.0404	0.0513	0.0453	0.0455	0.0484	0.0664	0.0690	0.0573	0.0607	0.0783	0.0828	0.0771	0.0772	0.0822	0.0769	0.0758	0.0834	0.0830	0.0847	0.0795	0.0829	0.0849	0.0908	0.0892	0.0965	0.0899	0.0747	0.0779	0.0771	0.0732	0.0774	0.0836	0.0832	0.0880	0.0886	0.0970	0.1057	0.1030	0.1131	0.1262	0.1333	0.1404	0.1406	0.1469	0.1588	0.1917	0.2157	0.2359	0.3608	0.5094	0.5377	0.4410	0.3280	0.3922	0.6253	0.8078	0.7649	0.6613	0.6322	0.6055	0.5797	0.5431	0.4790
0.0020	0.0150	0.0179	0.0300	0.0222	0.0288	0.0218	0.0413	0.0551	0.0509	0.0451	0.0530	0.0513	0.0520	0.0618	0.0754	0.0728	0.0769	0.0774	0.0760	0.0716	0.0785	0.0862	0.0736	0.0834	0.0757	0.0788	0.0734	0.0845	0.0798	0.0745	0.0721	0.0747	0.0750	0.0696	0.0746	0.0744	0.0705	0.0856	0.0902	0.0923	0.0952	0.0964	0.1020	0.1145	0.1174	0.1185	0.1261	0.1300	0.1446	0.1469	0.1631	0.1819	0.1825	0.1985	0.2228	0.2445	0.2536	0.2900	0.5172	0.8023	0.7479	0.6930	0.6665	0.6924	0.6517	0.5987	0.5229	0.4740
0.0000	0.0000	0.0085	0.0146	0.0175	0.0185	0.0374	0.0391	0.0316	0.0290	0.0357	0.0442	0.0446	0.0498	0.0571	0.0737	0.0715	0.0658	0.0648	0.0677	0.0740	0.0682	0.0646	0.0644	0.0797	0.0837	0.0652	0.0705	0.0750	0.0756	0.0574	0.0654	0.0723	0.0687	0.0700	0.0651	0.0722	0.0739	0.0750	0.0791	0.0860	0.0889	0.0907	0.1045	0.1005	0.1051	0.1036	0.1085	0.1196	0.1252	0.1374	0.1331	0.1377	0.1544	0.1915	0.2070	0.2112	0.2378	0.3014	0.6140	0.8808	0.7680	0.7033	0.7138	0.7386	0.7175	0.6227	0.5316	0.4704
0.0000	0.0008	0.0000	0.0018	0.0251	0.0132	0.0158	0.0273	0.0358	0.0377	0.0364	0.0326	0.0345	0.0488	0.0496	0.0473	0.0656	0.0538	0.0579	0.0621	0.0630	0.0670	0.0691	0.0642	0.0630	0.0674	0.0596	0.0705	0.0725	0.0655	0.0557	0.0566	0.0593	0.0719	0.0613	0.0667	0.0758	0.0649	0.0607	0.0577	0.0614	0.0683	0.0812	0.0752	0.0783	0.0815	0.0899	0.0939	0.1034	0.1063	0.1143	0.1170	0.1107	0.1297	0.1542	0.1509	0.1804	0.2001	0.2309	0.4245	0.7276	0.7809	0.7569	0.6440	0.6561	0.7442	0.5841	0.5507	0.4898
0.0000	0.0001	0.0034	0.0000	0.0154	0.0150	0.0062	0.0289	0.0182	0.0153	0.0344	0.0295	0.0432	0.0409	0.0429	0.0394	0.0412	0.0462	0.0508	0.0556	0.0550	0.0622	0.0636	0.0585	0.0588	0.0585	0.0617	0.0629	0.0519	0.0653	0.0519	0.0521	0.0599	0.0506	0.0485	0.0583	0.0544	0.0546	0.0583	0.0557	0.0617	0.0654	0.0695	0.0687	0.0630	0.0753	0.0747	0.0733	0.0831	0.0862	0.0946	0.1031	0.1141	0.1184	0.1264	0.1329	0.1411	0.1500	0.1629	0.2190	0.3541	0.4920	0.4613	0.4752	0.7513	0.7796	0.6179	0.5584	0.5132
0.0000	0.0000	0.0000	0.0081	0.0000	0.0000	0.0067	0.0204	0.0173	0.0140	0.0223	0.0362	0.0358	0.0451	0.0258	0.0507	0.0424	0.0421	0.0496	0.0503	0.0490	0.0481	0.0506	0.0555	0.0458	0.0578	0.0638	0.0659	0.0556	0.0568	0.0497	0.0534	0.0559	0.0506	0.0488	0.0484	0.0473	0.0526	0.0558	0.0499	0.0549	0.0630	0.0646	0.0633	0.0607	0.0602	0.0685	0.0690	0.0649	0.0643	0.0862	0.0923	0.0957	0.1014	0.1083	0.1121	0.1246	0.1292	0.1393	0.1588	0.1914	0.2095	0.2627	0.3609	0.6358	0.7883	0.7326	0.6247	0.5862
0.0000	0.0000	0.0000	0.0000	0.0000	0.0020	0.0072	0.0159	0.0148	0.0150	0.0260	0.0295	0.0239	0.0404	0.0375	0.0490	0.0450	0.0390	0.0406	0.0461	0.0459	0.0453	0.0509	0.0439	0.0423	0.0435	0.0537	0.0620	0.0578	0.0578	0.0545	0.0545	0.0553	0.0457	0.0529	0.0441	0.0499	0.0519	0.0492	0.0456	0.0569	0.0581	0.0564	0.0595	0.0568	0.0565	0.0695	0.0670	0.0721	0.0663	0.0766	0.0743	0.0806	0.0872	0.0946	0.0982	0.1052	0.1098	0.1214	0.1375	0.1621	0.1726	0.2107	0.2447	0.4317	0.7822	0.7651	0.6769	0.6117
0.0000	0.0000	0.0000	0.0000	0.0000	0.0096	0.0129	0.0097	0.0183	0.0204	0.0253	0.0239	0.0241	0.0268	0.0333	0.0351	0.0433	0.0378	0.0437	0.0463	0.0431	0.0379	0.0521	0.0483	0.0486	0.0436	0.0463	0.0438	0.0469	0.0553	0.0542	0.0518	0.0525	0.0442	0.0502	0.0546	0.0513	0.0481	0.0438	0.0451	0.0532	0.0543	0.0553	0.0524	0.0561	0.0546	0.0537	0.0618	0.0607	0.0671	0.0675	0.0726	0.0809	0.0790	0.0833	0.0839	0.0944	0.0896	0.0968	0.1057	0.1273	0.1443	0.1919	0.2281	0.4574	0.7934	0.7604	0.6398	0.5598
0.0000	0.0000	0.0000	0.0000	0.0000	0.0011	0.0085	0.0160	0.0221	0.0315	0.0192	0.0085	0.0255	0.0247	0.0279	0.0323	0.0395	0.0306	0.0317	0.0400	0.0443	0.0415	0.0465	0.0422	0.0580	0.0405	0.0440	0.0493	0.0495	0.0523	0.0490	0.0466	0.0512	0.0429	0.0404	0.0457	0.0442	0.0451	0.0360	0.0416	0.0407	0.0447	0.0518	0.0484	0.0553	0.0540	0.0502	0.0567	0.0556	0.0541	0.0603	0.0637	0.0767	0.0712	0.0780	0.0795	0.0820	0.0694	0.0771	0.0821	0.0991	0.1161	0.1373	0.1704	0.2960	0.6376	0.7212	0.6032	0.4260
0.0000	0.0000	0.0000	0.0000	0.0000	0.0000	0.0172	0.0207	0.0089	0.0014	0.0151	0.0072	0.0201	0.0243	0.0303	0.0245	0.0318	0.0260	0.0259	0.0247	0.0473	0.0536	0.0439	0.0328	0.0443	0.0445	0.0453	0.0463	0.0467	0.0468	0.0517	0.0417	0.0525	0.0444	0.0376	0.0368	0.0416	0.0460	0.0432	0.0389	0.0450	0.0572	0.0495	0.0405	0.0554	0.0499	0.0534	0.0601	0.0523	0.0615	0.0619	0.0673	0.0772	0.0680	0.0807	0.0834	0.0774	0.0856	0.0878	0.0805	0.0917	0.0989	0.1069	0.1314	0.1766	0.4190	0.6297	0.4083	0.2074
