0.0000	0.0000	0.0019	0.0053	0.0027	0.0104	0.0210	0.0147	0.0283	0.0202	0.0289	0.0275	0.0370	0.0345	0.0604	0.0492	0.0741	0.0624	0.0455	0.0592	0.0600	0.0561	0.0656	0.0887	0.0860	0.0856	0.0888	0.0690	0.0728	0.0852	0.0751	0.0690	0.0948	0.1049	0.0821	0.0893	0.0872	0.0876	0.1012	0.0812	0.0718	0.0888	0.0952	0.1014	0.0925	0.0977	0.0824	0.0902	0.0998	0.1203	0.1006	0.0969	0.0918	0.1077	0.1042	0.1124	0.0946	0.0911	0.1083	0.1141	0.0928	0.0784	0.0855	0.0785	0.0751	0.0744	0.0743	0.0765	0.0703
0.0000	0.0000	0.0000	0.0000	0.0000	0.0159	0.0149	0.0209	0.0270	0.0174	0.0328	0.0463	0.0468	0.0334	0.0522	0.0581	0.0449	0.0754	0.0614	0.0559	0.0569	0.0605	0.0674	0.0964	0.1097	0.0979	0.0976	0.0819	0.0820	0.0900	0.0914	0.0817	0.0818	0.0827	0.0833	0.0863	0.0917	0.0974	0.1003	0.0814	0.0891	0.1011	0.1049	0.1057	0.1281	0.0904	0.0994	0.1025	0.1283	0.1271	0.1261	0.0985	0.0918	0.0931	0.1022	0.0987	0.1055	0.1140	0.1097	0.1188	0.1220	0.0974	0.0907	0.0818	0.0787	0.0706	0.0836	0.0872	0.0893
0.0000	0.0000	0.0000	0.0000	0.0034	0.0000	0.0131	0.0250	0.0224	0.0337	0.0405	0.0623	0.0509	0.0435	0.0562	0.0662	0.0729	0.0685	0.0712	0.0636	0.0635	0.0768	0.0841	0.0882	0.1134	0.0994	0.1012	0.0761	0.0817	0.1074	0.1042	0.0908	0.0772	0.1055	0.0721	0.0964	0.0987	0.1000	0.1183	0.0948	0.0962	0.1243	0.1316	0.1114	0.1217	0.1020	0.1223	0.1266	0.1300	0.1058	0.1262	0.1387	0.1223	0.1346	0.1258	0.1196	0.1150	0.1252	0.1183	0.1180	0.1230	0.1058	0.1190	0.0964	0.0828	0.0866	0.1103	0.0930	0.1037
0.0192	0.0062	0.0198	0.0099	0.0197	0.0282	0.0217	0.0551	0.0322	0.0259	0.0428	0.0526	0.0538	0.0550	0.0563	0.0668	0.0660	0.0508	0.0695	0.0625	0.0749	0.0801	0.0736	0.0813	0.0914	0.0978	0.0926	0.0738	0.0813	0.0984	0.0942	0.0674	0.0832	0.0999	0.1029	0.1008	0.1072	0.1117	0.1002	0.1028	0.1168	0.1160	0.1329	0.1089	0.0952	0.1145	0.1134	0.1170	0.1060	0.1112	0.1347	0.1427	0.1303	0.1268	0.1290	0.1270	0.1250	0.1408	0.1214	0.1235	0.1319	0.1355	0.1619	0.1296	0.1126	0.1040	0.1072	0.1280	0.1323
0.0000	0.0012	0.0189	0.0087	0.0157	0.0195	0.0078	0.0335	0.0364	0.0494	0.0477	0.0418	0.0695	0.0484	0.0389	0.0568	0.0521	0.0525	0.0584	0.0841	0.0915	0.0831	0.0913	0.1147	0.1096	0.0962	0.0953	0.1001	0.0933	0.0976	0.1071	0.0879	0.1179	0.1129	0.1199	0.1083	0.1157	0.1038	0.1186	0.1149	0.1032	0.0893	0.1168	0.1261	0.1259	0.1273	0.1210	0.1178	0.1190	0.1383	0.1252	0.1214	0.1419	0.1303	0.1285	0.1454	0.1391	0.1467	0.1475	0.1685	0.1569	0.1309	0.1242	0.1483	0.1411	0.1308	0.1531	0.1444	0.1439
0.0026	0.0067	0.0138	0.0222	0.0146	0.0236	0.0154	0.0139	0.0401	0.0586	0.0408	0.0405	0.0786	0.0653	0.0559	0.0736	0.0702	0.0652	0.0780	0.1050	0.0672	0.0666	0.1069	0.1024	0.1184	0.0991	0.1047	0.0915	0.1042	0.1005	0.0968	0.1002	0.1425	0.1353	0.1200	0.1077	0.1150	0.0984	0.1115	0.1123	0.0862	0.1127	0.1280	0.1308	0.1372	0.1210	0.1284	0.1298	0.1357	0.1341	0.1402	0.1441	0.1539	0.1564	0.1691	0.1969	0.1934	0.2366	0.3192	0.3102	0.2309	0.1582	0.1451	0.1575	0.1554	0.1577	0.1878	0.2283	0.2224
0.0000	0.0000	0.0121	0.0090	0.0164	0.0271	0.0281	0.0304	0.0409	0.0333	0.0484	0.0524	0.0749	0.0714	0.0690	0.0734	0.0656	0.0841	0.0683	0.0834	0.0856	0.0954	0.0855	0.0863	0.1301	0.1102	0.0926	0.0870	0.0974	0.1068	0.0988	0.1029	0.1318	0.1253	0.1223	0.1204	0.1057	0.1106	0.1148	0.1246	0.1088	0.1445	0.1471	0.1385	0.1271	0.1260	0.1356	0.1646	0.1715	0.1395	0.1526	0.1810	0.1723	0.1928	0.1951	0.2251	0.2612	0.4777	0.6034	0.4970	0.3980	0.2402	0.1987	0.2318	0.2204	0.2294	0.3349	0.3757	0.4178
0.0055	0.0000	0.0217	0.0516	0.0174	0.0182	0.0295	0.0378	0.0589	0.0656	0.0645	0.0755	0.0819	0.0760	0.0659	0.0950	0.0933	0.0885	0.0899	0.0794	0.1016	0.1132	0.0873	0.0959	0.1240	0.1192	0.1137	0.1087	0.1400	0.1387	0.1211	0.1122	0.1274	0.1438	0.1419	0.1222	0.1256	0.1230	0.1333	0.1391	0.1294	0.1553	0.1526	0.1317	0.1422	0.1714	0.1509	0.1835	0.1899	0.1925	0.1772	0.1922	0.2176	0.2299	0.2563	0.2876	0.3392	0.5592	0.6210	0.5458	0.5046	0.3548	0.2621	0.2844	0.2707	0.2728	0.3875	0.4016	0.4548
0.0006	0.0000	0.0000	0.0336	0.0337	0.0218	0.0327	0.0659	0.0863	0.0722	0.0739	0.0877	0.0797	0.0798	0.0874	0.0993	0.0972	0.0791	0.0977	0.1186	0.1099	0.1249	0.0993	0.1062	0.1097	0.1065	0.0956	0.1060	0.1374	0.1472	0.1215	0.1116	0.1367	0.1309	0.1334	0.1227	0.1393	0.1390	0.1273	0.1401	0.1216	0.1418	0.1702	0.1566	0.1787	0.1957	0.2054	0.2314	0.2389	0.2505	0.2752	0.2725	0.2911	0.3423	0.3736	0.4212	0.4132	0.5121	0.6691	0.5762	0.5101	0.4383	0.3179	0.3601	0.3463	0.3167	0.4124	0.4416	0.4076
0.0000	0.0000	0.0193	0.0535	0.0374	0.0492	0.0331	0.0460	0.0722	0.0682	0.0708	0.0803	0.0953	0.0902	0.0878	0.0955	0.1150	0.1299	0.1322	0.1323	0.1285	0.1297	0.1179	0.1312	0.1198	0.1183	0.1032	0.1276	0.1533	0.1412	0.1424	0.1373	0.1298	0.1328	0.1465	0.1314	0.1492	0.1604	0.1558	0.1482	0.1491	0.1651	0.1850	0.2015	0.2257	0.2071	0.2543	0.2725	0.2910	0.3290	0.3580	0.3686	0.3733	0.4159	0.5428	0.6146	0.6053	0.5812	0.6236	0.5902	0.5480	0.4992	0.4447	0.5311	0.4736	0.3570	0.4198	0.4741	0.4115
0.0056	0.0005	0.0293	0.0432	0.0452	0.0530	0.0559	0.0626	0.0747	0.0585	0.0798	0.0799	0.0949	0.0908	0.0912	0.1111	0.1156	0.1207	0.1355	0.1230	0.1253	0.1349	0.1358	0.1231	0.1365	0.1590	0.1586	0.1333	0.1287	0.1421	0.1296	0.1472	0.1479	0.1662	0.1765	0.1624	0.1480	0.1661	0.1572	0.1569	0.1718	0.2071	0.2475	0.2491	0.2670	0.2865	0.3438	0.3558	0.4474	0.6088	0.6447	0.6554	0.5255	0.5507	0.6538	0.7039	0.7217	0.6611	0.6343	0.6145	0.5716	0.5293	0.5270	0.5377	0.4970	0.4389	0.4253	0.4193	0.4112
0.0005	0.0133	0.0638	0.0452	0.0237	0.0416	0.0507	0.0730	0.0720	0.0663	0.0876	0.0875	0.0883	0.1066	0.1031	0.1028	0.1177	0.1349	0.1215	0.1197	0.1440	0.1716	0.1370	0.1478	0.1669	0.1403	0.1557	0.1372	0.1548	0.1682	0.1650	0.1708	0.1724	0.1825	0.1875	0.1664	0.1881	0.1962	0.2189	0.2131	0.2323	0.2407	0.2872	0.3152	0.3121	0.3339	0.4001	0.4348	0.6184	0.8721	0.8233	0.8522	0.7571	0.7527	0.6985	0.7205	0.7315	0.6944	0.6708	0.6746	0.6123	0.5313	0.5142	0.5532	0.5100	0.4538	0.4117	0.3869	0.4042
0.0217	0.0197	0.0489	0.0613	0.0556	0.0332	0.0625	0.0789	0.1083	0.0644	0.0875	0.0950	0.1177	0.1045	0.1100	0.1487	0.1443	0.1578	0.1439	0.1442	0.1629	0.1882	0.1778	0.1789	0.1813	0.1824	0.1657	0.1736	0.1712	0.1777	0.1772	0.1927	0.2031	0.2345	0.2259	0.2015	0.2201	0.2439	0.2570	0.2765	0.2919	0.3149	0.3863	0.4583	0.4765	0.4527	0.4575	0.4969	0.6603	0.8453	0.8613	0.8461	0.8355	0.8086	0.7439	0.7001	0.6923	0.6889	0.6986	0.6490	0.5793	0.5773	0.5316	0.5661	0.5465	0.4704	0.4627	0.4169	0.4315
0.0482	0.0215	0.0452	0.0497	0.0615	0.0542	0.0777	0.0946	0.1127	0.0964	0.1147	0.1310	0.1556	0.1539	0.1525	0.1890	0.2160	0.2334	0.2156	0.2253	0.2231	0.2106	0.2555	0.2305	0.2333	0.2291	0.2132	0.2356	0.2257	0.2354	0.2260	0.2313	0.2578	0.2666	0.2935	0.2573	0.2676	0.2847	0.2797	0.3386	0.3843	0.4107	0.6627	0.8158	0.8385	0.6345	0.5909	0.7057	0.6467	0.6466	0.8284	0.9044	0.8151	0.7521	0.7282	0.6920	0.6304	0.6107	0.6032	0.6036	0.5741	0.5162	0.5502	0.5415	0.5153	0.4552	0.4995	0.4042	0.4038
0.0240	0.0360	0.0555	0.0555	0.0689	0.0680	0.1062	0.1199	0.1364	0.1355	0.1658	0.2112	0.2089	0.2150	0.2829	0.3567	0.5109	0.4320	0.3017	0.2998	0.3514	0.4067	0.4736	0.4208	0.3280	0.3110	0.2939	0.2828	0.2908	0.2855	0.2796	0.2834	0.3120	0.3384	0.3160	0.3335	0.3376	0.3497	0.3649	0.4143	0.4440	0.5434	0.8825	0.9654	0.9129	0.7778	0.7833	0.9323	0.8658	0.7510	0.7926	0.7403	0.7086	0.6325	0.6571	0.6237	0.5979	0.5553	0.5407	0.5502	0.5189	0.4791	0.5238	0.5177	0.4645	0.4326	0.4412	0.4155	0.4072
0.0156	0.0330	0.0682	0.0744	0.1109	0.1302	0.1416	0.1844	0.2024	0.1990	0.2676	0.3424	0.3542	0.4204	0.5691	0.6363	0.7513	0.7318	0.6178	0.5759	0.6934	0.7679	0.7659	0.7036	0.6016	0.6021	0.5700	0.4510	0.4588	0.4192	0.3838	0.3702	0.4006	0.4134	0.3797	0.3812	0.3826	0.4129	0.4180	0.4407	0.4795	0.6063	0.9243	0.9327	0.8336	0.8546	0.7866	0.8423	0.8248	0.7869	0.6983	0.6789	0.6440	0.5527	0.5571	0.5547	0.5133	0.5381	0.5508	0.5250	0.4626	0.4623	0.5441	0.5604	0.4648	0.4349	0.4484	0.4350	0.4309
0.0421	0.0812	0.0954	0.1074	0.1298	0.1656	0.2258	0.2912	0.3733	0.4419	0.5584	0.5980	0.6947	0.6596	0.6644	0.7067	0.6830	0.7359	0.7938	0.8127	0.8491	0.8256	0.7880	0.7520	0.7572	0.7612	0.7548	0.7448	0.6979	0.7192	0.6725	0.5669	0.5317	0.4953	0.5032	0.4128	0.4301	0.4642	0.4858	0.4444	0.4952	0.7275	0.9978	0.8808	0.7676	0.7219	0.7287	0.7266	0.6891	0.6328	0.6371	0.6491	0.5679	0.5403	0.5388	0.5454	0.5187	0.5222	0.5162	0.5221	0.4777	0.4181	0.4568	0.5160	0.4468	0.3841	0.4197	0.4202	0.4152
0.0785	0.0988	0.1177	0.1426	0.1868	0.2838	0.4004	0.5286	0.6192	0.5430	0.6199	0.6425	0.6424	0.5790	0.5928	0.6163	0.6297	0.6811	0.7329	0.7560	0.7602	0.7947	0.7669	0.7659	0.7437	0.7355	0.7705	0.8088	0.6851	0.7814	0.8780	0.8426	0.8071	0.8128	0.6975	0.4899	0.5527	0.6278	0.5224	0.4944	0.5695	0.8113	0.8618	0.8064	0.7485	0.6617	0.6929	0.6660	0.6463	0.6145	0.5703	0.6254	0.5853	0.5522	0.5287	0.4996	0.5002	0.4673	0.4907	0.4726	0.4689	0.4463	0.4554	0.4636	0.4256	0.3684	0.3748	0.3872	0.3778
0.0907	0.1139	0.1849	0.2805	0.4113	0.5126	0.5225	0.5585	0.5632	0.4966	0.4660	0.4932	0.5446	0.5183	0.5161	0.5848	0.6418	0.6833	0.7015	0.7113	0.7064	0.7482	0.7593	0.7836	0.7310	0.7231	0.7669	0.7241	0.7464	0.8821	0.8134	0.7963	0.8872	0.9171	0.8766	0.7087	0.7859	0.8387	0.5852	0.5615	0.6221	0.8247	0.8094	0.7479	0.6948	0.6485	0.5796	0.5896	0.5616	0.5748	0.5550	0.5554	0.5612	0.5789	0.5280	0.4958	0.4527	0.4642	0.4895	0.4750	0.4496	0.4497	0.4552	0.4142	0.3930	0.3757	0.3727	0.3588	0.3747
0.1321	0.2033	0.2728	0.3347	0.3655	0.4198	0.4047	0.4373	0.4201	0.4088	0.3811	0.4223	0.5010	0.4836	0.4879	0.6000	0.6424	0.7221	0.6341	0.6297	0.6481	0.6743	0.7205	0.7460	0.7219	0.7286	0.7482	0.7453	0.7667	0.8079	0.7994	0.8013	0.8229	0.8946	0.8585	0.8218	0.8429	0.8198	0.6534	0.7147	0.6886	0.7769	0.7208	0.6366	0.6513	0.6056	0.5537	0.5530	0.5499	0.5383	0.5408	0.5494	0.5322	0.5452	0.5143	0.4922	0.4834	0.4760	0.4517	0.4589	0.4481	0.4327	0.4506	0.4249	0.4083	0.4081	0.3844	0.3823	0.3738
0.1914	0.2136	0.2451	0.2531	0.2682	0.3216	0.3388	0.3472	0.3689	0.3753	0.3819	0.4047	0.4745	0.4913	0.4751	0.5712	0.6343	0.6982	0.6177	0.5750	0.6393	0.6349	0.6539	0.6762	0.6721	0.7184	0.6828	0.7422	0.7276	0.7058	0.7679	0.8051	0.8320	0.8695	0.8638	0.8680	0.8554	0.8309	0.7755	0.7828	0.7005	0.6997	0.6513	0.5948	0.5692	0.5330	0.5650	0.5530	0.5284	0.5386	0.5677	0.5565	0.5148	0.5259	0.4853	0.5010	0.4873	0.4667	0.4668	0.4558	0.4346	0.4194	0.4271	0.4026	0.4382	0.3944	0.3581	0.3554	0.3471
0.1684	0.2048	0.2595	0.2487	0.2506	0.2876	0.3025	0.3627	0.3634	0.4140	0.3818	0.4221	0.4607	0.5010	0.5096	0.5632	0.6565	0.6553	0.6536	0.6259	0.6502	0.6836	0.6953	0.6429	0.6789	0.7018	0.6773	0.6679	0.6929	0.6941	0.6761	0.7416	0.7417	0.7556	0.8220	0.7827	0.7447	0.7726	0.7059	0.7350	0.6844	0.6116	0.5849	0.5696	0.5720	0.5593	0.5382	0.5210	0.5198	0.5295	0.5800	0.5413	0.5344	0.5297	0.4838	0.5135	0.5201	0.4861	0.4473	0.4370	0.4514	0.4273	0.4104	0.4113	0.4282	0.3781	0.3326	0.3554	0.3674
0.1677	0.1900	0.2065	0.2139	0.2669	0.2909	0.3271	0.3563	0.3376	0.3604	0.4133	0.3957	0.4565	0.5299	0.4944	0.5578	0.6621	0.6781	0.6037	0.5967	0.6746	0.7126	0.7000	0.6731	0.6883	0.6519	0.6623	0.6559	0.6593	0.7014	0.6637	0.6892	0.7324	0.7144	0.6987	0.7055	0.6986	0.7148	0.6669	0.6261	0.5836	0.5399	0.5290	0.5354	0.5664	0.5519	0.5403	0.5610	0.5182	0.5249	0.5509	0.5420	0.5753	0.5481	0.4985	0.5338	0.5287	0.5215	0.4689	0.4852	0.4273	0.4215	0.4232	0.4123	0.4017	0.3971	0.3597	0.3594	0.3573
0.1829	0.1950	0.2153	0.2200	0.2777	0.3037	0.3646	0.3828	0.3503	0.3661	0.3845	0.3910	0.4467	0.4863	0.5008	0.5221	0.6250	0.6821	0.6738	0.6677	0.6695	0.6960	0.6788	0.6375	0.6932	0.6270	0.6292	0.6551	0.6666	0.6592	0.6629	0.6814	0.7049	0.7206	0.7059	0.6374	0.6312	0.6308	0.5957	0.5375	0.5492	0.5431	0.5505	0.6009	0.5607	0.5573	0.5625	0.5663	0.5360	0.5316	0.5264	0.5197	0.5741	0.5208	0.5092	0.5273	0.5347	0.5284	0.4971	0.4904	0.4349	0.4179	0.4279	0.4127	0.3662	0.3880	0.3679	0.3560	0.3724
0.1865	0.1894	0.2243	0.2426	0.2463	0.2805	0.3562	0.3612	0.3480	0.3854	0.4052	0.4105	0.4453	0.4598	0.4817	0.5376	0.6083	0.6634	0.6823	0.6342	0.6025	0.6471	0.6585	0.6602	0.6524	0.6201	0.5950	0.6044	0.6671	0.6387	0.6212	0.6389	0.6622	0.6586	0.6427	0.6101	0.6117	0.5699	0.5856	0.5723	0.5532	0.5593	0.5755	0.5525	0.5279	0.5368	0.5609	0.5866	0.5599	0.5447	0.5369	0.5178	0.5098	0.5390	0.5266	0.5200	0.5257	0.4796	0.4813	0.5082	0.4535	0.4160	0.4255	0.3958	0.3994	0.3762	0.3528	0.3527	0.3603
0.1861	0.2076	0.2370	0.2526	0.2754	0.3063	0.3200	0.3556	0.3906	0.4093	0.4278	0.4330	0.4666	0.4536	0.5041	0.5255	0.5864	0.5980	0.6047	0.5923	0.6502	0.6151	0.6053	0.5947	0.6149	0.6235	0.6025	0.6128	0.6447	0.6031	0.6392	0.6077	0.6072	0.5737	0.5613	0.5397	0.5780	0.5658	0.5882	0.5602	0.5502	0.5700	0.5538	0.5314	0.5642	0.5655	0.5687	0.5862	0.5727	0.5634	0.5601	0.5679	0.5305	0.5278	0.5270	0.5451	0.5180	0.4940	0.4842	0.4474	0.4416	0.4475	0.4169	0.4470	0.4296	0.3745	0.3732	0.3799	0.3524
0.1891	0.1992	0.2212	0.2612	0.3089	0.3200	0.3128	0.3812	0.3562	0.3636	0.4072	0.3954	0.4710	0.4206	0.4503	0.5108	0.5297	0.5317	0.5729	0.5837	0.6101	0.6303	0.6171	0.6207	0.5946	0.5677	0.6069	0.5787	0.5817	0.5847	0.5592	0.5799	0.5992	0.5665	0.5598	0.5281	0.5522	0.5576	0.5724	0.5844	0.5637	0.5448	0.5462	0.5619	0.5994	0.5560	0.5458	0.5742	0.5644	0.5518	0.5591	0.5673	0.5262	0.5167	0.5480	0.5444	0.4774	0.4795	0.5023	0.5080	0.4663	0.4231	0.4283	0.4404	0.4176	0.3665	0.3753	0.3859	0.3497
0.2000	0.2218	0.2247	0.2946	0.2692	0.3184	0.3555	0.3630	0.3470	0.4081	0.4062	0.4317	0.4657	0.4546	0.4690	0.5049	0.4997	0.5224	0.5720	0.5767	0.5513	0.6411	0.5741	0.6229	0.6015	0.5784	0.5725	0.5175	0.5713	0.5988	0.5651	0.5623	0.5473	0.5756	0.5577	0.5504	0.5336	0.5487	0.5614	0.5564	0.5804	0.5971	0.5545	0.5348	0.5414	0.5371	0.5663	0.5645	0.5651	0.5123	0.5904	0.5856	0.6012	0.5388	0.5370	0.5422	0.5052	0.4762	0.5099	0.5221	0.4643	0.4438	0.4561	0.4221	0.3906	0.3623	0.3750	0.3816	0.3625
0.2265	0.2407	0.2361	0.2841	0.3082	0.3229	0.3706	0.3725	0.3371	0.4068	0.4309	0.4296	0.4444	0.4518	0.4841	0.4977	0.4938	0.5480	0.5781	0.5715	0.5948	0.5974	0.5617	0.6204	0.5723	0.5455	0.5503	0.5933	0.5774	0.5583	0.5912	0.5716	0.5923	0.5873	0.5832	0.5788	0.5967	0.5970	0.5485	0.5287	0.5945	0.5656	0.5749	0.5376	0.5580	0.5300	0.5977	0.5755	0.5625	0.5424	0.5696	0.5238	0.5635	0.5237	0.5450	0.5025	0.5144	0.5183	0.4815	0.4951	0.4487	0.4538	0.4268	0.4377	0.4167	0.3939	0.3925	0.3639	0.3542
0.2204	0.2097	0.2244	0.3025	0.3237	0.3141	0.3331	0.3331	0.3593	0.3840	0.4350	0.4532	0.4641	0.4771	0.4557	0.5058	0.5413	0.5664	0.5537	0.5606	0.6017	0.5791	0.5563	0.6011	0.5737	0.5511	0.5391	0.5883	0.5612	0.5959	0.5766	0.5847	0.6622	0.6213	0.5917	0.6030	0.6009	0.5977	0.5772	0.5668	0.5845	0.6023	0.5738	0.5534	0.5400	0.5270	0.5910	0.5714	0.5788	0.5694	0.5674	0.5675	0.5515	0.5288	0.5490	0.5181	0.4920	0.4854	0.4682	0.4755	0.4584	0.4532	0.4190	0.4331	0.4231	0.3817	0.3754	0.3834	0.3961
0.1747	0.2105	0.2592	0.2837	0.2818	0.3188	0.3659	0.3466	0.3769	0.3760	0.4268	0.4650	0.4790	0.4558	0.4508	0.4888	0.5574	0.5017	0.5375	0.5374	0.5732	0.5784	0.5437	0.5577	0.5467	0.5421	0.5016	0.5354	0.5771	0.5917	0.5415	0.5901	0.6016	0.5784	0.6171	0.6126	0.6156	0.5881	0.5879	0.5765	0.5501	0.5856	0.5811	0.5838	0.5518	0.5189	0.5559	0.5687	0.5866	0.6192	0.5610	0.5877	0.5886	0.5535	0.5238	0.5152	0.5041	0.4936	0.4937	0.5088	0.4524	0.4373	0.4614	0.4380	0.4074	0.4035	0.3759	0.3820	0.3446
0.1783	0.2182	0.2549	0.2834	0.2893	0.2947	0.3516	0.3789	0.3966	0.4063	0.4579	0.4020	0.4286	0.4249	0.4525	0.5114	0.5248	0.5130	0.5476	0.5437	0.5553	0.5763	0.5769	0.5664	0.5666	0.5660	0.5339	0.5232	0.5870	0.5579	0.5508	0.5987	0.5738	0.5467	0.6105	0.6001	0.6198	0.5924	0.5973	0.5868	0.5444	0.5524	0.5936	0.5418	0.5664	0.5501	0.5600	0.6104	0.5732	0.6122	0.5981	0.6032	0.5916	0.5874	0.5731	0.4985	0.5162	0.5133	0.4642	0.4617	0.4793	0.4818	0.4858	0.4463	0.4233	0.4138	0.3975	0.4003	0.3906
0.1967	0.2248	0.2283	0.2786	0.3045	0.3124	0.3540	0.3353	0.3451	0.3882	0.4137	0.4329	0.4253	0.4292	0.4254	0.4689	0.5162	0.5210	0.5386	0.5575	0.5532	0.5601	0.5675	0.5856	0.5784	0.5351	0.5442	0.5417	0.5708	0.5362	0.5736	0.5863	0.5999	0.6096	0.6453	0.6250	0.6453	0.6074	0.5840	0.5665	0.5743	0.5822	0.5903	0.5620	0.5727	0.5505	0.5672	0.5930	0.6057	0.5826	0.5998	0.5801	0.5878	0.6037	0.6127	0.5294	0.5044	0.4809	0.4512	0.4587	0.4677	0.4715	0.4734	0.4739	0.4574	0.3941	0.4051	0.3786	0.3940
0.2145	0.2065	0.2488	0.2481	0.2986	0.3076	0.3480	0.3770	0.3772	0.4081	0.4060	0.4187	0.4194	0.4686	0.4330	0.4940	0.5483	0.5737	0.5656	0.6141	0.6164	0.5455	0.5640	0.5620	0.5731	0.5744	0.5661	0.5770	0.5705	0.5809	0.6205	0.6437	0.6763	0.6948	0.6887	0.6579	0.6591	0.6307	0.6668	0.6243	0.5846	0.6116	0.5934	0.5729	0.5569	0.5633	0.5795	0.5694	0.6060	0.6163	0.6186	0.5974	0.5890	0.5835	0.5795	0.5627	0.5254	0.4987	0.5092	0.4858	0.4721	0.4684	0.4557	0.4588	0.4234	0.4179	0.4347	0.4331	0.4316
0.1909	0.2056	0.2339	0.2161	0.3001	0.3164	0.3261	0.3779	0.3901	0.3856	0.3871	0.3919	0.4243	0.4485	0.4810	0.5001	0.5393	0.5747	0.6183	0.6557	0.7026	0.6561	0.6092	0.6338	0.6323	0.6160	0.6082	0.6008	0.6139	0.6194	0.6289	0.6491	0.6947	0.7087	0.7711	0.7024	0.6771	0.6812	0.7507	0.7028	0.6605	0.6804	0.6577	0.6161	0.5792	0.5815	0.5742	0.5975	0.5443	0.6018	0.5840	0.5855	0.6093	0.6203	0.5641	0.5354	0.5714	0.5461	0.5396	0.5129	0.4696	0.4505	0.4765	0.4603	0.4785	0.4630	0.4396	0.4225	0.3839
0.2085	0.1999	0.2264	0.2515	0.2645	0.3085	0.3675	0.3607	0.3732	0.3698	0.3803	0.4157	0.4553	0.4788	0.5099	0.5381	0.5630	0.5819	0.6769	0.7462	0.7024	0.7210	0.6790	0.6693	0.7083	0.6527	0.6257	0.6605	0.6648	0.6420	0.6456	0.6855	0.7335	0.8039	0.7959	0.7679	0.7831	0.7622	0.7219	0.7394	0.7168	0.6890	0.6901	0.6751	0.6426	0.5982	0.6328	0.6409	0.6106	0.5936	0.6167	0.6236	0.6273	0.6074	0.5749	0.5652	0.5733	0.5454	0.5376	0.5273	0.4943	0.4557	0.4834	0.4812	0.4721	0.4343	0.4278	0.4375	0.4346
0.2000	0.2270	0.2783	0.2659	0.2903	0.3678	0.3795	0.3734	0.3847	0.4010	0.3521	0.4150	0.4614	0.4910	0.5021	0.5597	0.6266	0.6362	0.6711	0.7107	0.7092	0.7288	0.7028	0.7457	0.7296	0.6834	0.6808	0.7015	0.7293	0.7192	0.7215	0.7669	0.8165	0.8584	0.8577	0.8548	0.8573	0.8180	0.7850	0.7770	0.7757	0.7623	0.7458	0.7760	0.7530	0.6749	0.6815	0.6562	0.6668	0.6529	0.6230	0.6244	0.6469	0.6154	0.5761	0.5784	0.5622	0.5542	0.5733	0.5327	0.5075	0.4953	0.4863	0.4822	0.4520	0.4385	0.4291	0.4495	0.4669
0.2333	0.2842	0.2952	0.3058	0.3297	0.3735	0.3704	0.3856	0.3809	0.4038	0.3999	0.4295	0.4624	0.4704	0.5372	0.5825	0.6813	0.7344	0.6892	0.7017	0.6977	0.7504	0.7405	0.7825	0.7946	0.8309	0.7481	0.7558	0.7847	0.7295	0.8138	0.8531	0.8991	0.9414	0.9919	0.9586	0.9351	0.9367	0.9055	0.8540	0.8687	0.8655	0.8594	0.8571	0.8414	0.7699	0.7578	0.7501	0.7219	0.6941	0.6735	0.6769	0.6675	0.6626	0.6219	0.5764	0.6084	0.6132	0.6017	0.5201	0.5375	0.5363	0.5197	0.4981	0.4996	0.4704	0.4644	0.4384	0.4738
0.2657	0.3861	0.4220	0.4543	0.4516	0.4597	0.4833	0.4840	0.4342	0.4451	0.4754	0.4924	0.4831	0.5196	0.5269	0.5534	0.6790	0.6623	0.6810	0.6824	0.7015	0.7652	0.7997	0.8236	0.8619	0.8226	0.8074	0.7968	0.8269	0.8360	0.8697	0.9486	0.9691	1.0000	0.9868	0.8900	0.7350	0.6862	0.7198	0.8470	0.8612	0.8242	0.6930	0.8451	0.9309	0.8649	0.8381	0.7516	0.7781	0.7248	0.7280	0.7452	0.6863	0.6793	0.6318	0.6374	0.6344	0.6211	0.5819	0.5750	0.5851	0.5567	0.5276	0.5204	0.5199	0.4987	0.4794	0.4574	0.4668
0.2120	0.3508	0.4772	0.6588	0.6307	0.6799	0.7210	0.6918	0.6320	0.6403	0.5934	0.6166	0.5860	0.5939	0.6123	0.6355	0.6854	0.6883	0.7116	0.7622	0.7422	0.7893	0.8516	0.8681	0.8420	0.7788	0.7722	0.8127	0.8897	0.8552	0.9199	0.8950	0.8725	0.9039	0.5620	0.4564	0.4417	0.4467	0.4984	0.5280	0.5485	0.5219	0.5118	0.6049	0.7792	0.7919	0.8658	0.8286	0.8409	0.8194	0.7849	0.7796	0.7527	0.7409	0.7027	0.6440	0.6453	0.6285	0.6474	0.6525	0.6223	0.6034	0.5841	0.5767	0.5222	0.5276	0.5229	0.5099	0.4803
0.0842	0.1293	0.2025	0.3507	0.4448	0.5474	0.6346	0.7384	0.7202	0.7289	0.7719	0.7658	0.7549	0.7349	0.7265	0.7414	0.7676	0.8003	0.8117	0.8546	0.8670	0.8451	0.8575	0.8346	0.8110	0.7766	0.7598	0.8049	0.9184	0.8340	0.7450	0.5772	0.5462	0.6040	0.3731	0.3310	0.3692	0.3505	0.3796	0.3833	0.4053	0.3840	0.4454	0.4450	0.4981	0.5496	0.7535	0.9054	0.8847	0.8840	0.8138	0.7998	0.7481	0.7635	0.7101	0.7115	0.7178	0.7002	0.6989	0.6881	0.6351	0.6238	0.6443	0.6021	0.5895	0.5765	0.5465	0.5519	0.5314
0.0336	0.0447	0.0723	0.1195	0.1513	0.1881	0.2500	0.4119	0.4938	0.5792	0.7384	0.6918	0.7660	0.7715	0.8295	0.8009	0.7978	0.8198	0.8225	0.8162	0.8829	0.8725	0.8354	0.8398	0.8012	0.7382	0.6751	0.6468	0.6967	0.5616	0.3959	0.3171	0.3180	0.3262	0.3125	0.3173	0.3133	0.3220	0.3267	0.3367	0.3533	0.3616	0.3884	0.4180	0.4707	0.5071	0.7460	0.9719	0.9427	0.9253	0.9668	0.8884	0.8113	0.7899	0.7361	0.7753	0.7537	0.7502	0.7305	0.7407	0.6843	0.6479	0.6412	0.6233	0.6237	0.6142	0.6103	0.5516	0.5526
0.0287	0.0309	0.0584	0.0745	0.0729	0.0992	0.1164	0.1465	0.1932	0.2296	0.2904	0.3170	0.4328	0.4463	0.5037	0.6040	0.7140	0.7607	0.7687	0.7506	0.7152	0.7757	0.6582	0.6111	0.5191	0.4248	0.3585	0.3302	0.3265	0.2859	0.2529	0.2518	0.2624	0.2735	0.2657	0.2666	0.2588	0.2868	0.2805	0.2956	0.3270	0.3489	0.3664	0.3848	0.4328	0.4573	0.6800	0.9579	0.9583	0.9573	0.8512	0.8890	0.8520	0.8663	0.8406	0.8108	0.8500	0.8583	0.8507	0.7788	0.6945	0.6393	0.6555	0.6664	0.6327	0.6403	0.6158	0.6021	0.5128
0.0288	0.0314	0.0456	0.0534	0.0567	0.0808	0.1145	0.1026	0.1043	0.1319	0.1320	0.1395	0.1457	0.1636	0.1811	0.2116	0.3460	0.4082	0.4090	0.3697	0.3430	0.3290	0.2985	0.2740	0.2421	0.2180	0.2245	0.2272	0.2106	0.2159	0.2177	0.2155	0.2042	0.2092	0.2285	0.2223	0.2212	0.2289	0.2472	0.2542	0.2640	0.2918	0.2983	0.3150	0.3510	0.3797	0.4352	0.5682	0.7023	0.6955	0.6763	0.8626	0.8311	0.8352	0.7529	0.6192	0.7814	0.8594	0.7903	0.7958	0.7176	0.6865	0.6726	0.6463	0.6373	0.5839	0.5166	0.4946	0.4069
0.0258	0.0208	0.0360	0.0472	0.0479	0.0667	0.0874	0.1058	0.0941	0.0932	0.1093	0.1024	0.1027	0.1058	0.1152	0.1264	0.1376	0.1532	0.1580	0.1527	0.1667	0.1457	0.1405	0.1704	0.1595	0.1528	0.1731	0.1678	0.1711	0.1669	0.1543	0.1685	0.1793	0.1806	0.1773	0.1725	0.1734	0.1829	0.1997	0.1981	0.1982	0.2190	0.2404	0.2446	0.2584	0.2773	0.3080	0.3502	0.3838	0.4336	0.6256	0.8527	0.8084	0.6669	0.5003	0.4349	0.4856	0.5967	0.6415	0.7794	0.7500	0.7026	0.6774	0.6363	0.6007	0.5112	0.4435	0.3840	0.3864
0.0008	0.0286	0.0386	0.0286	0.0540	0.0523	0.0714	0.0779	0.0898	0.0823	0.0880	0.0811	0.0865	0.0860	0.0858	0.1187	0.1079	0.1212	0.1187	0.1159	0.1406	0.1281	0.1235	0.1312	0.1248	0.1204	0.1226	0.1315	0.1402	0.1374	0.1203	0.1317	0.1369	0.1340	0.1220	0.1335	0.1373	0.1405	0.1501	0.1345	0.1320	0.1546	0.1681	0.1839	0.1962	0.2136	0.2270	0.2529	0.2697	0.2859	0.4037	0.5698	0.5178	0.3809	0.3460	0.3423	0.3630	0.4057	0.5417	0.7441	0.7525	0.6979	0.6795	0.6593	0.5951	0.4515	0.3640	0.2990	0.3688
0.0099	0.0320	0.0435	0.0287	0.0551	0.0554	0.0568	0.0636	0.0690	0.0623	0.0756	0.0710	0.0814	0.0829	0.0760	0.0990	0.1082	0.1125	0.1110	0.1180	0.1129	0.1130	0.0974	0.1045	0.0938	0.1058	0.1067	0.1077	0.1223	0.1111	0.1120	0.1109	0.1058	0.1047	0.1087	0.1108	0.1139	0.1129	0.1068	0.1209	0.1221	0.1333	0.1324	0.1526	0.1611	0.1555	0.1701	0.1807	0.1839	0.1883	0.2371	0.2768	0.2634	0.2700	0.2824	0.2827	0.3164	0.3677	0.4817	0.6944	0.6721	0.5285	0.4274	0.4937	0.4062	0.3117	0.2749	0.2713	0.3135
0.0119	0.0197	0.0219	0.0356	0.0463	0.0618	0.0588	0.0599	0.0623	0.0570	0.0546	0.0710	0.0749	0.0727	0.0545	0.0757	0.1056	0.1087	0.0856	0.0977	0.0832	0.0824	0.0892	0.0854	0.0878	0.0959	0.0852	0.0965	0.1197	0.1034	0.0973	0.1013	0.0939	0.0876	0.0929	0.0946	0.1003	0.0993	0.0933	0.1032	0.0997	0.1044	0.1119	0.0989	0.1094	0.1290	0.1282	0.1431	0.1491	0.1604	0.1699	0.1772	0.1863	0.2129	0.2154	0.2359	0.2686	0.2930	0.4376	0.6681	0.6016	0.3757	0.2483	0.2827	0.2475	0.2294	0.2294	0.2790	0.2551
0.0000	0.0000	0.0341	0.0512	0.0321	0.0331	0.0473	0.0423	0.0375	0.0582	0.0587	0.0622	0.0788	0.0666	0.0628	0.0758	0.0831	0.0834	0.0635	0.0733	0.0779	0.0805	0.0896	0.0824	0.0701	0.0763	0.0826	0.0850	0.0972	0.0897	0.0841	0.0836	0.0925	0.0805	0.0783	0.0819	0.0833	0.0798	0.0854	0.0817	0.0754	0.0825	0.0907	0.0835	0.0971	0.1121	0.1143	0.1158	0.1172	0.1135	0.1249	0.1313	0.1268	0.1485	0.1368	0.1522	0.1640	0.1849	0.2952	0.5383	0.4219	0.2329	0.1814	0.1979	0.1788	0.1630	0.1773	0.2158	0.2114
0.0000	0.0000	0.0287	0.0338	0.0212	0.0274	0.0250	0.0478	0.0427	0.0436	0.0621	0.0654	0.0514	0.0738	0.0662	0.0692	0.0720	0.0829	0.0786	0.0734	0.0759	0.0865	0.0832	0.0823	0.0726	0.0728	0.0812	0.0753	0.0827	0.0776	0.0774	0.0642	0.0729	0.0794	0.0711	0.0657	0.0657	0.0687	0.0808	0.0723	0.0710	0.0788	0.0836	0.0740	0.0916	0.0912	0.0969	0.0937	0.1011	0.1058	0.0967	0.0999	0.1014	0.1001	0.1100	0.1176	0.1248	0.1273	0.1526	0.2100	0.1918	0.1645	0.1421	0.1485	0.1409	0.1340	0.1534	0.1803	0.1729
0.0000	0.0000	0.0191	0.0091	0.0153	0.0175	0.0336	0.0510	0.0444	0.0404	0.0468	0.0585	0.0510	0.0479	0.0517	0.0622	0.0785	0.0658	0.0574	0.0626	0.0693	0.0672	0.0769	0.0690	0.0653	0.0773	0.0778	0.0763	0.0721	0.0649	0.0536	0.0602	0.0732	0.0783	0.0696	0.0641	0.0699	0.0668	0.0613	0.0671	0.0744	0.0807	0.0787	0.0794	0.0727	0.0723	0.0835	0.0812	0.0804	0.0842	0.0824	0.0890	0.0805	0.0808	0.0923	0.0982	0.0964	0.0937	0.1149	0.1205	0.1179	0.1086	0.1078	0.1187	0.1231	0.1134	0.1134	0.1241	0.1220
0.0000	0.0000	0.0058	0.0083	0.0275	0.0178	0.0142	0.0097	0.0340	0.0556	0.0349	0.0360	0.0439	0.0546	0.0528	0.0532	0.0530	0.0530	0.0484	0.0494	0.0468	0.0519	0.0648	0.0770	0.0610	0.0657	0.0585	0.0652	0.0675	0.0495	0.0524	0.0561	0.0650	0.0686	0.0596	0.0627	0.0685	0.0609	0.0662	0.0647	0.0713	0.0730	0.0838	0.0814	0.0658	0.0645	0.0739	0.0815	0.0752	0.0752	0.0769	0.0796	0.0736	0.0877	0.0915	0.0751	0.0850	0.0913	0.0824	0.1032	0.0996	0.0887	0.0934	0.0918	0.1062	0.0973	0.0885	0.0988	0.0930
0.0000	0.0000	0.0125	0.0210	0.0149	0.0058	0.0082	0.0299	0.0401	0.0395	0.0303	0.0270	0.0346	0.0345	0.0428	0.0516	0.0452	0.0451	0.0479	0.0600	0.0493	0.0625	0.0663	0.0697	0.0686	0.0656	0.0578	0.0555	0.0611	0.0563	0.0583	0.0612	0.0533	0.0695	0.0565	0.0509	0.0548	0.0618	0.0548	0.0598	0.0647	0.0655	0.0629	0.0665	0.0675	0.0586	0.0739	0.0720	0.0689	0.0659	0.0634	0.0652	0.0753	0.0746	0.0734	0.0739	0.0727	0.0698	0.0691	0.0802	0.0960	0.0797	0.0750	0.0784	0.0902	0.0718	0.0782	0.0742	0.0766
0.0000	0.0000	0.0000	0.0004	0.0016	0.0000	0.0030	0.0231	0.0132	0.0169	0.0207	0.0326	0.0472	0.0291	0.0321	0.0343	0.0467	0.0418	0.0536	0.0569	0.0430	0.0290	0.0425	0.0553	0.0537	0.0565	0.0580	0.0420	0.0584	0.0621	0.0487	0.0578	0.0521	0.0495	0.0505	0.0522	0.0512	0.0574	0.0729	0.0587	0.0579	0.0590	0.0593	0.0636	0.0618	0.0674	0.0666	0.0566	0.0621	0.0603	0.0688	0.0764	0.0766	0.0645	0.0664	0.0789	0.0778	0.0638	0.0695	0.0716	0.0689	0.0546	0.0677	0.0683	0.0649	0.0610	0.0716	0.0724	0.0783
0.0000	0.0000	0.0000	0.0000	0.0000	0.0012	0.0043	0.0006	0.0002	0.0000	0.0155	0.0331	0.0262	0.0253	0.0378	0.0454	0.0572	0.0468	0.0390	0.0355	0.0416	0.0525	0.0355	0.0431	0.0504	0.0520	0.0407	0.0362	0.0560	0.0620	0.0570	0.0531	0.0459	0.0517	0.0596	0.0488	0.0512	0.0523	0.0561	0.0547	0.0603	0.0546	0.0626	0.0561	0.0523	0.0577	0.0647	0.0621	0.0553	0.0560	0.0661	0.0737	0.0757	0.0750	0.0618	0.0701	0.0590	0.0583	0.0724	0.0694	0.0613	0.0442	0.0558	0.0646	0.0511	0.0536	0.0513	0.0592	0.0576
0.0000	0.0000	0.0000	0.0047	0.0000	0.0079	0.0000	0.0057	0.0172	0.0152	0.0242	0.0262	0.0140	0.0160	0.0279	0.0389	0.0510	0.0486	0.0250	0.0236	0.0444	0.0427	0.0380	0.0450	0.0455	0.0424	0.0369	0.0362	0.0512	0.0463	0.0498	0.0477	0.0454	0.0506	0.0481	0.0484	0.0495	0.0544	0.0465	0.0472	0.0565	0.0565	0.0553	0.0478	0.0515	0.0509	0.0559	0.0590	0.0522	0.0587	0.0625	0.0649	0.0695	0.0720	0.0673	0.0598	0.0603	0.0552	0.0622	0.0574	0.0531	0.0545	0.0530	0.0577	0.0569	0.0428	0.0429	0.0498	0.0377
0.0000	0.0000	0.0040	0.0000	0.0000	0.0259	0.0000	0.0098	0.0118	0.0092	0.0115	0.0177	0.0193	0.0270	0.0200	0.0417	0.0358	0.0398	0.0247	0.0203	0.0464	0.0399	0.0294	0.0355	0.0536	0.0448	0.0382	0.0467	0.0460	0.0439	0.0427	0.0452	0.0515	0.0431	0.0459	0.0359	0.0414	0.0500	0.0473	0.0472	0.0479	0.0478	0.0542	0.0451	0.0477	0.0575	0.0553	0.0575	0.0549	0.0536	0.0498	0.0506	0.0609	0.0534	0.0537	0.0643	0.0543	0.0497	0.0393	0.0475	0.0557	0.0561	0.0415	0.0494	0.0557	0.0506	0.0430	0.0279	0.0332
0.0000	0.0000	0.0000	0.0000	0.0021	0.0000	0.0000	0.0154	0.0106	0.0048	0.0194	0.0232	0.0303	0.0281	0.0121	0.0305	0.0372	0.0302	0.0380	0.0284	0.0369	0.0263	0.0291	0.0365	0.0428	0.0351	0.0346	0.0471	0.0392	0.0437	0.0466	0.0510	0.0485	0.0392	0.0397	0.0439	0.0581	0.0421	0.0567	0.0379	0.0513	0.0488	0.0610	0.0476	0.0479	0.0490	0.0520	0.0586	0.0520	0.0422	0.0534	0.0521	0.0529	0.0481	0.0504	0.0766	0.0567	0.0576	0.0466	0.0520	0.0739	0.0521	0.0420	0.0500	0.0597	0.0507	0.0437	0.0348	0.0414
