0.0000	0.0000	0.0022	0.0015	0.0000	0.0000	0.0072	0.0201	0.0060	0.0209	0.0142	0.0292	0.0356	0.0290	0.0414	0.0549	0.0541	0.0408	0.0566	0.0691	0.0507	0.0423	0.0515	0.0615	0.0899	0.0814	0.0716	0.0716	0.0751	0.0899	0.0871	0.0902	0.1039	0.0996	0.1020	0.1109	0.1060	0.1042	0.1143	0.0964	0.0843	0.0887	0.0999	0.0820	0.0801	0.0835	0.0940	0.0916	0.0777	0.0975	0.0934	0.0896	0.0858	0.0768	0.0848	0.0787	0.0639	0.0756	0.0975	0.0650	0.0640	0.0708	0.0654	0.0479	0.0474	0.0537	0.0521	0.0412	0.0512
0.0000	0.0000	0.0155	0.0171	0.0000	0.0179	0.0283	0.0209	0.0190	0.0330	0.0289	0.0478	0.0469	0.0168	0.0344	0.0550	0.0411	0.0521	0.0773	0.0591	0.0641	0.0757	0.0604	0.0601	0.0724	0.0833	0.0744	0.0920	0.0946	0.1109	0.1042	0.1059	0.0918	0.0964	0.1066	0.1098	0.1194	0.1121	0.1079	0.0985	0.1204	0.1089	0.1184	0.0979	0.0941	0.0938	0.0994	0.1153	0.1090	0.0931	0.1139	0.0982	0.0902	0.1093	0.0894	0.0891	0.0727	0.0750	0.0631	0.0755	0.0736	0.0553	0.0694	0.0726	0.0534	0.0483	0.0467	0.0585	0.0715
0.0000	0.0000	0.0011	0.0125	0.0055	0.0000	0.0127	0.0301	0.0258	0.0327	0.0382	0.0455	0.0460	0.0512	0.0555	0.0584	0.0358	0.0554	0.0771	0.0763	0.0778	0.0889	0.0920	0.0714	0.0764	0.0950	0.1085	0.0807	0.0904	0.1004	0.1010	0.1067	0.0923	0.1315	0.0966	0.0984	0.1172	0.0994	0.1230	0.1206	0.1335	0.1373	0.1256	0.1229	0.1130	0.1288	0.1124	0.1094	0.1137	0.1118	0.1240	0.1342	0.0887	0.1088	0.0999	0.1040	0.1037	0.1005	0.0775	0.0881	0.1087	0.0879	0.0740	0.0826	0.0697	0.0612	0.0639	0.0819	0.0633
0.0000	0.0030	0.0122	0.0111	0.0158	0.0107	0.0073	0.0344	0.0360	0.0385	0.0727	0.0582	0.0594	0.0523	0.0457	0.0660	0.0527	0.0616	0.0688	0.0809	0.0779	0.0880	0.0924	0.0754	0.1152	0.0995	0.0905	0.0724	0.0904	0.1023	0.0959	0.1006	0.1246	0.1167	0.1320	0.1310	0.1080	0.1070	0.1077	0.1155	0.1223	0.1277	0.1306	0.1321	0.1202	0.1174	0.1159	0.1037	0.0983	0.0972	0.1327	0.1085	0.1041	0.1109	0.1169	0.0908	0.0891	0.0963	0.0855	0.0778	0.1018	0.1075	0.0836	0.0877	0.0840	0.0796	0.0769	0.0712	0.0824
0.0000	0.0072	0.0032	0.0172	0.0237	0.0116	0.0030	0.0315	0.0398	0.0307	0.0445	0.0484	0.0650	0.0569	0.0461	0.0575	0.0589	0.0384	0.0670	0.0828	0.0691	0.0675	0.0813	0.0867	0.0950	0.0985	0.0923	0.0670	0.0949	0.1080	0.1185	0.1048	0.1257	0.1196	0.1245	0.1159	0.1090	0.0983	0.1152	0.1190	0.1044	0.1140	0.1380	0.1295	0.1304	0.1238	0.1408	0.1176	0.1211	0.1066	0.1094	0.1032	0.1124	0.1014	0.1074	0.1056	0.0875	0.0887	0.0803	0.0956	0.0818	0.0804	0.0932	0.1076	0.1132	0.0959	0.0911	0.0782	0.0814
0.0202	0.0089	0.0182	0.0248	0.0232	0.0331	0.0190	0.0336	0.0411	0.0467	0.0497	0.0516	0.0680	0.0548	0.0564	0.0766	0.0730	0.0692	0.0700	0.0921	0.0805	0.0824	0.0898	0.0816	0.0992	0.1022	0.0848	0.0906	0.1055	0.1152	0.1182	0.1015	0.1239	0.1447	0.1341	0.1259	0.1286	0.1329	0.1185	0.1170	0.1136	0.1309	0.1409	0.1386	0.1389	0.1259	0.1229	0.1298	0.1336	0.1340	0.1227	0.1249	0.1224	0.1235	0.1201	0.1388	0.1184	0.1108	0.1140	0.1135	0.1054	0.1146	0.1257	0.1340	0.1163	0.0882	0.1102	0.1328	0.1138
0.0035	0.0000	0.0211	0.0222	0.0131	0.0272	0.0172	0.0388	0.0337	0.0405	0.0676	0.0873	0.0811	0.0776	0.0671	0.0768	0.0925	0.0802	0.0876	0.0930	0.0982	0.1056	0.0921	0.0837	0.1082	0.1283	0.1068	0.1087	0.1203	0.1178	0.1172	0.1240	0.1325	0.1636	0.1392	0.1296	0.1233	0.1234	0.1168	0.1316	0.1365	0.1437	0.1603	0.1728	0.1402	0.1282	0.1358	0.1533	0.1437	0.1430	0.1541	0.1833	0.1584	0.1414	0.1420	0.1699	0.1444	0.1374	0.1507	0.1452	0.1396	0.1359	0.1444	0.1688	0.1533	0.1181	0.1331	0.1503	0.1466
0.0000	0.0000	0.0384	0.0249	0.0146	0.0049	0.0228	0.0483	0.0515	0.0540	0.0646	0.0671	0.0655	0.0770	0.0807	0.0852	0.0978	0.0955	0.0792	0.0844	0.0971	0.1055	0.0851	0.0979	0.1320	0.1326	0.1080	0.0980	0.1306	0.1334	0.1194	0.1228	0.1336	0.1645	0.1613	0.1371	0.1626	0.1420	0.1501	0.1427	0.1536	0.1719	0.1950	0.1715	0.1473	0.1669	0.1625	0.1753	0.1744	0.1597	0.1678	0.1836	0.1559	0.1529	0.1553	0.1655	0.1467	0.1747	0.1710	0.1437	0.1735	0.1641	0.1817	0.1845	0.1732	0.1538	0.1452	0.1661	0.1707
0.0000	0.0041	0.0379	0.0329	0.0349	0.0311	0.0458	0.0551	0.0624	0.0514	0.0647	0.0758	0.0780	0.0854	0.0833	0.0973	0.0950	0.0947	0.0902	0.0983	0.1109	0.1175	0.1191	0.1231	0.1391	0.1248	0.1185	0.1174	0.1509	0.1385	0.1398	0.1287	0.1758	0.1730	0.1851	0.1373	0.1588	0.1622	0.1580	0.1795	0.1825	0.1853	0.1995	0.1640	0.1800	0.1832	0.2065	0.1957	0.1875	0.2007	0.2146	0.1834	0.1718	0.2100	0.1866	0.1870	0.1883	0.1796	0.1954	0.1788	0.1849	0.1807	0.1924	0.1822	0.1799	0.1964	0.2092	0.2267	0.2034
0.0094	0.0221	0.0441	0.0322	0.0397	0.0549	0.0570	0.0450	0.0600	0.0593	0.0567	0.0819	0.0845	0.0732	0.0802	0.0945	0.1056	0.0913	0.1038	0.1227	0.1292	0.1246	0.1131	0.1328	0.1371	0.1347	0.1210	0.1227	0.1446	0.1600	0.1634	0.1546	0.1681	0.1923	0.1991	0.1559	0.1773	0.2052	0.1924	0.2091	0.2391	0.2494	0.2473	0.2556	0.2351	0.2132	0.2236	0.2102	0.2117	0.2412	0.2207	0.2075	0.2262	0.2298	0.2507	0.2137	0.2117	0.2255	0.2302	0.2268	0.2075	0.1999	0.2207	0.2406	0.2806	0.3427	0.3676	0.3560	0.2786
0.0220	0.0201	0.0261	0.0293	0.0412	0.0442	0.0419	0.0663	0.0684	0.0807	0.0564	0.0615	0.0846	0.0913	0.0938	0.1006	0.1381	0.1171	0.1039	0.1318	0.1381	0.1390	0.1428	0.1327	0.1302	0.1477	0.1621	0.1557	0.1663	0.1740	0.1585	0.1696	0.1675	0.2050	0.2207	0.2044	0.2253	0.2361	0.2537	0.2648	0.3998	0.5341	0.5241	0.4053	0.2767	0.2652	0.2792	0.2657	0.2694	0.2552	0.2696	0.2801	0.2712	0.2620	0.2606	0.2475	0.2622	0.2707	0.2632	0.2649	0.2502	0.2229	0.2565	0.2949	0.4170	0.4639	0.4134	0.4047	0.3411
0.0167	0.0165	0.0202	0.0360	0.0557	0.0511	0.0495	0.0766	0.0945	0.0730	0.0881	0.0832	0.0946	0.0929	0.0922	0.1173	0.1121	0.1306	0.1306	0.1252	0.1212	0.1490	0.1575	0.1709	0.1612	0.1667	0.1798	0.1909	0.1828	0.1933	0.2090	0.2331	0.2235	0.2363	0.2671	0.2791	0.3491	0.3503	0.3969	0.5055	0.6997	0.7444	0.7346	0.6562	0.4275	0.3457	0.3119	0.3146	0.3770	0.4685	0.4959	0.4798	0.4937	0.4839	0.3427	0.3028	0.3241	0.4165	0.4542	0.3847	0.2976	0.2766	0.2890	0.3432	0.4200	0.4431	0.4071	0.4094	0.3837
0.0481	0.0228	0.0412	0.0454	0.0583	0.0614	0.0700	0.0878	0.0821	0.0831	0.0863	0.0974	0.1083	0.0959	0.0943	0.1034	0.1328	0.1220	0.1381	0.1472	0.1550	0.1951	0.1691	0.1702	0.1794	0.2099	0.1937	0.2183	0.2355	0.2463	0.2863	0.3208	0.3012	0.3499	0.3942	0.4091	0.5265	0.5195	0.6152	0.7851	0.8149	0.8269	0.7895	0.7535	0.6775	0.6106	0.4640	0.5163	0.7500	0.7890	0.7564	0.7207	0.7193	0.7305	0.5529	0.4000	0.4637	0.6005	0.6039	0.5390	0.3402	0.3148	0.3124	0.3410	0.3674	0.4191	0.3976	0.3678	0.3826
0.0206	0.0214	0.0353	0.0512	0.0521	0.0508	0.0886	0.1097	0.0949	0.0983	0.1061	0.1183	0.0972	0.0976	0.1140	0.1225	0.1529	0.1703	0.1839	0.1999	0.1902	0.2103	0.2425	0.2123	0.2332	0.2694	0.2749	0.3135	0.3206	0.3585	0.4383	0.5141	0.5339	0.6347	0.7108	0.6349	0.6747	0.7317	0.7957	0.7764	0.8250	0.7981	0.8654	0.8290	0.7965	0.7207	0.6541	0.7550	0.8432	0.8018	0.7771	0.8299	0.8110	0.7784	0.7128	0.5234	0.5618	0.6517	0.6076	0.6406	0.4699	0.3829	0.3539	0.3196	0.3461	0.3370	0.3890	0.3456	0.3261
0.0373	0.0124	0.0378	0.0613	0.0637	0.0717	0.0763	0.0987	0.1108	0.1199	0.1331	0.1499	0.1273	0.1199	0.1478	0.1627	0.2099	0.2012	0.2276	0.2564	0.2701	0.2954	0.3210	0.3451	0.3363	0.3618	0.4046	0.4305	0.4980	0.6273	0.7618	0.9278	0.9375	0.9406	0.9280	0.9177	0.8461	0.8500	0.8461	0.7866	0.7975	0.7795	0.8083	0.8163	0.8221	0.7989	0.7635	0.8048	0.8182	0.7706	0.8058	0.7656	0.7861	0.7453	0.7209	0.6017	0.6678	0.6747	0.5934	0.6536	0.6152	0.5672	0.4863	0.3588	0.3448	0.3909	0.4634	0.4354	0.3766
0.0384	0.0355	0.0547	0.0834	0.0975	0.0999	0.0931	0.1354	0.1337	0.1407	0.1667	0.1879	0.1902	0.2161	0.2677	0.2620	0.3055	0.3286	0.3589	0.4099	0.4586	0.4441	0.4322	0.5060	0.5228	0.5205	0.5930	0.6851	0.7931	0.8192	0.8607	0.9627	0.9567	0.9735	0.8983	0.8828	0.8449	0.8372	0.7710	0.7324	0.7981	0.7145	0.7280	0.7970	0.7663	0.7967	0.7363	0.7564	0.7860	0.7754	0.7637	0.7745	0.7743	0.7389	0.7214	0.7386	0.7079	0.6422	0.6140	0.6749	0.6509	0.5864	0.5868	0.4167	0.3793	0.4770	0.5102	0.4464	0.4327
0.0448	0.0496	0.0908	0.1210	0.1219	0.1412	0.1548	0.1792	0.1879	0.2109	0.2881	0.3411	0.4177	0.4075	0.4742	0.5163	0.5834	0.6308	0.6393	0.6842	0.7171	0.6846	0.7190	0.7397	0.7458	0.7209	0.7560	0.7730	0.7380	0.7425	0.7745	0.8562	0.8448	0.8669	0.8816	0.7940	0.8352	0.8383	0.8031	0.6857	0.7325	0.7112	0.7527	0.7532	0.7438	0.7069	0.7052	0.7133	0.6894	0.7202	0.7308	0.8069	0.7313	0.7539	0.7313	0.7389	0.6730	0.6346	0.6238	0.6561	0.6252	0.6090	0.5833	0.4508	0.4318	0.4681	0.4984	0.4355	0.3861
0.0732	0.0792	0.1117	0.1394	0.1681	0.2517	0.3290	0.4173	0.4817	0.4952	0.6007	0.6328	0.7112	0.7003	0.7484	0.7569	0.8314	0.8157	0.8529	0.8554	0.8775	0.8648	0.8075	0.8056	0.7492	0.7325	0.7667	0.7112	0.6627	0.7242	0.7765	0.7934	0.7772	0.7678	0.7961	0.7641	0.7751	0.7468	0.7268	0.7063	0.6881	0.6863	0.7283	0.7279	0.6781	0.6590	0.6749	0.6947	0.6998	0.6959	0.6616	0.7517	0.7363	0.7148	0.7067	0.6527	0.6320	0.6014	0.6011	0.6187	0.6129	0.6103	0.5732	0.5133	0.4832	0.4871	0.4718	0.4163	0.3995
0.1267	0.1745	0.2345	0.3663	0.5057	0.5870	0.6140	0.6626	0.7447	0.7205	0.7468	0.7689	0.7535	0.7181	0.7146	0.7936	0.8143	0.7882	0.7689	0.7531	0.7741	0.7905	0.7785	0.7651	0.7162	0.6842	0.7380	0.6634	0.6675	0.7573	0.7241	0.7485	0.8038	0.7601	0.7782	0.7601	0.7038	0.7061	0.6824	0.7493	0.6744	0.6616	0.6722	0.6453	0.6463	0.6511	0.6393	0.6170	0.6478	0.6830	0.6724	0.6829	0.6837	0.6597	0.6925	0.5962	0.5561	0.5529	0.5643	0.5881	0.6227	0.5934	0.5857	0.5584	0.4851	0.4625	0.4689	0.4298	0.4324
0.1850	0.2829	0.4009	0.4953	0.5420	0.5654	0.5874	0.5473	0.6410	0.6687	0.6175	0.6273	0.6635	0.6303	0.6206	0.6881	0.7152	0.7300	0.7126	0.6701	0.6835	0.7449	0.7396	0.7219	0.6394	0.6285	0.7008	0.7310	0.6991	0.7395	0.7238	0.7131	0.7511	0.7532	0.7413	0.7133	0.6843	0.6550	0.6129	0.6512	0.6526	0.6581	0.6177	0.5956	0.6413	0.5675	0.5462	0.5701	0.6126	0.5809	0.6086	0.6132	0.6331	0.6487	0.6499	0.6158	0.5840	0.5581	0.5523	0.5467	0.5671	0.5851	0.5772	0.5768	0.4854	0.5006	0.4967	0.4609	0.3942
0.2618	0.3274	0.3320	0.3491	0.3465	0.3804	0.4405	0.4140	0.4529	0.4845	0.4982	0.5221	0.6033	0.6014	0.5233	0.6070	0.6238	0.6710	0.6171	0.5740	0.6207	0.6749	0.6295	0.6248	0.5978	0.6518	0.6407	0.7008	0.6578	0.6734	0.7541	0.7672	0.7247	0.7660	0.7027	0.6665	0.7128	0.6833	0.6047	0.6447	0.6038	0.6074	0.6044	0.6090	0.5676	0.5287	0.5783	0.5938	0.5713	0.5902	0.6099	0.5789	0.5596	0.6411	0.6179	0.5738	0.5847	0.5483	0.5299	0.5383	0.5433	0.5614	0.5381	0.4994	0.4919	0.4567	0.4448	0.4432	0.3797
0.2737	0.3135	0.2808	0.3174	0.3096	0.3120	0.3580	0.3633	0.3519	0.3869	0.4518	0.4547	0.5072	0.5321	0.4902	0.5492	0.6369	0.6402	0.6238	0.5956	0.6403	0.6489	0.6352	0.5807	0.6042	0.6476	0.6466	0.6259	0.6290	0.6544	0.6860	0.7162	0.6843	0.6739	0.6875	0.7001	0.6493	0.6651	0.5947	0.6271	0.6204	0.5800	0.5686	0.5936	0.5647	0.5524	0.5830	0.5717	0.5400	0.5545	0.5991	0.5625	0.5371	0.6056	0.5653	0.5443	0.5394	0.5442	0.5038	0.5038	0.5254	0.5228	0.5065	0.4466	0.4544	0.4501	0.4059	0.4018	0.3813
0.1960	0.2425	0.3000	0.3138	0.3003	0.3356	0.3865	0.3707	0.3807	0.3836	0.4199	0.4148	0.4543	0.4805	0.4930	0.5771	0.5976	0.6206	0.5818	0.5796	0.6194	0.6313	0.6039	0.6145	0.6244	0.5762	0.6610	0.6506	0.6271	0.6607	0.6695	0.6429	0.6674	0.6597	0.6449	0.6614	0.6172	0.6254	0.5903	0.5829	0.5969	0.5671	0.5677	0.5681	0.5687	0.5493	0.5572	0.5614	0.5364	0.5310	0.5459	0.5683	0.5863	0.5495	0.5499	0.5677	0.5461	0.5021	0.5040	0.5532	0.5197	0.5193	0.4982	0.4753	0.4525	0.4449	0.4208	0.4056	0.3728
0.2135	0.2481	0.2844	0.3050	0.3376	0.3664	0.4006	0.3577	0.3471	0.3845	0.3928	0.4289	0.4555	0.4629	0.5007	0.5405	0.5551	0.6139	0.6054	0.5632	0.5554	0.6122	0.5921	0.5780	0.6059	0.5777	0.6133	0.6387	0.6174	0.6354	0.6437	0.6333	0.6530	0.6782	0.6418	0.6498	0.6585	0.6571	0.6004	0.5828	0.5924	0.5702	0.5766	0.5590	0.5553	0.5664	0.5769	0.5694	0.5115	0.5476	0.5273	0.5539	0.5818	0.5700	0.5567	0.5698	0.5466	0.5548	0.5478	0.5138	0.5131	0.5327	0.5103	0.4850	0.4357	0.4453	0.4015	0.3809	0.3782
0.2158	0.2721	0.2734	0.3062	0.3002	0.3548	0.3803	0.3622	0.3581	0.3644	0.4014	0.4402	0.4379	0.4385	0.4645	0.5102	0.5256	0.5742	0.6035	0.5675	0.5273	0.5511	0.5642	0.6002	0.5922	0.5701	0.5786	0.5991	0.6326	0.6450	0.6056	0.6442	0.6604	0.6651	0.6501	0.6226	0.6738	0.6026	0.6313	0.6074	0.5771	0.5749	0.5710	0.5307	0.5533	0.5325	0.5111	0.5431	0.5648	0.5267	0.5382	0.5486	0.5653	0.5452	0.5472	0.5575	0.5238	0.5401	0.5374	0.5204	0.5340	0.4951	0.4823	0.4768	0.4350	0.4082	0.3832	0.3810	0.3709
0.2284	0.2821	0.2868	0.3495	0.3088	0.3571	0.3967	0.3695	0.3594	0.3922	0.3786	0.4055	0.4448	0.4708	0.4894	0.5432	0.5685	0.5695	0.5444	0.5966	0.5937	0.5602	0.5718	0.5475	0.5807	0.5857	0.5810	0.6289	0.6395	0.6117	0.6366	0.6275	0.6796	0.6389	0.6411	0.6055	0.6245	0.5894	0.6043	0.5750	0.5427	0.5680	0.5441	0.5518	0.5752	0.5604	0.5582	0.5616	0.5445	0.5213	0.5497	0.5406	0.5161	0.5239	0.5788	0.5590	0.5356	0.5397	0.5107	0.4929	0.5081	0.4866	0.4363	0.4460	0.4390	0.4643	0.3920	0.3699	0.3812
0.2207	0.2631	0.3320	0.3524	0.3264	0.3553	0.3751	0.3942	0.3904	0.3723	0.3804	0.4093	0.4550	0.4759	0.4808	0.5344	0.5676	0.5173	0.5715	0.5774	0.5669	0.5821	0.5529	0.5669	0.5662	0.5715	0.5608	0.5764	0.5574	0.6064	0.6486	0.6241	0.6164	0.6162	0.6149	0.5848	0.6050	0.5835	0.6174	0.5936	0.5703	0.5707	0.5152	0.5475	0.5892	0.5725	0.5355	0.5262	0.5225	0.5350	0.5480	0.5497	0.5311	0.5337	0.5473	0.5419	0.5063	0.5267	0.4978	0.5180	0.4925	0.4644	0.4403	0.4355	0.4295	0.3999	0.3729	0.3994	0.3601
0.2289	0.2811	0.3090	0.3462	0.3203	0.3575	0.3583	0.3869	0.3944	0.4339	0.4283	0.4465	0.4677	0.4859	0.4877	0.5237	0.5132	0.5139	0.5401	0.5733	0.5471	0.5829	0.5619	0.5510	0.5708	0.5683	0.5902	0.5590	0.5859	0.6171	0.6152	0.6400	0.5896	0.5859	0.6080	0.6039	0.5963	0.5939	0.6241	0.5881	0.5693	0.6165	0.5632	0.5695	0.5587	0.5372	0.5366	0.5790	0.5515	0.4948	0.5432	0.5521	0.5684	0.5139	0.4941	0.5253	0.5180	0.4961	0.4557	0.4993	0.5271	0.4965	0.4472	0.4075	0.4168	0.3959	0.3742	0.3946	0.3418
0.2331	0.3041	0.2913	0.3620	0.3395	0.3251	0.3966	0.3814	0.4043	0.3962	0.4237	0.4397	0.4405	0.4893	0.5100	0.4929	0.4983	0.4906	0.5482	0.5536	0.5695	0.5600	0.5566	0.5569	0.6037	0.5456	0.5775	0.5819	0.5969	0.5749	0.6034	0.6279	0.6492	0.6244	0.6000	0.6100	0.6353	0.6544	0.6137	0.6188	0.6103	0.5897	0.5997	0.5872	0.5723	0.5439	0.5880	0.5700	0.5531	0.5358	0.5368	0.5185	0.5172	0.5203	0.5137	0.5125	0.4816	0.4872	0.4596	0.4399	0.4395	0.4420	0.4246	0.4245	0.4053	0.3860	0.3682	0.3395	0.3399
0.2238	0.3054	0.2955	0.3263	0.2881	0.3589	0.3981	0.3493	0.3970	0.3745	0.3785	0.4371	0.4732	0.4539	0.4462	0.4902	0.5399	0.5423	0.5482	0.5842	0.5622	0.5633	0.5530	0.6190	0.5574	0.5356	0.5596	0.6213	0.6024	0.6022	0.6232	0.6733	0.7032	0.6445	0.6239	0.6391	0.6632	0.6854	0.6566	0.6230	0.6212	0.6061	0.6038	0.6132	0.5934	0.5390	0.5698	0.5684	0.5236	0.5533	0.5367	0.5418	0.5453	0.5535	0.5165	0.5219	0.4632	0.4683	0.4437	0.4326	0.4372	0.4313	0.4010	0.4211	0.4045	0.3824	0.3542	0.3538	0.3567
0.2047	0.2740	0.3146	0.3040	0.3016	0.3401	0.3702	0.3652	0.4106	0.4233	0.4126	0.4275	0.4295	0.4153	0.4376	0.5040	0.5021	0.5063	0.5325	0.5745	0.5962	0.6102	0.5875	0.5988	0.5849	0.5563	0.5377	0.5993	0.5885	0.6015	0.6313	0.6341	0.6655	0.6262	0.6472	0.6813	0.6413	0.6118	0.6338	0.6639	0.6311	0.6570	0.6306	0.6399	0.5792	0.5444	0.5817	0.5517	0.5648	0.5822	0.5666	0.5751	0.5721	0.5383	0.5060	0.5264	0.4998	0.4906	0.4482	0.4599	0.4586	0.4405	0.4130	0.4183	0.4235	0.3870	0.3617	0.3528	0.3309
0.2146	0.2142	0.2710	0.2869	0.3199	0.3359	0.3086	0.3502	0.3995	0.3922	0.4207	0.4017	0.4282	0.4490	0.4340	0.4826	0.5177	0.5004	0.5178	0.5578	0.6212	0.6421	0.6209	0.6398	0.6497	0.6351	0.5587	0.5954	0.6335	0.6257	0.6275	0.6576	0.6515	0.6168	0.6681	0.6606	0.6411	0.6337	0.6525	0.6528	0.6212	0.5711	0.6436	0.5985	0.5953	0.5837	0.5654	0.5978	0.5520	0.5842	0.5920	0.5634	0.5491	0.5634	0.5465	0.5280	0.5137	0.4933	0.4502	0.4729	0.4654	0.4632	0.4806	0.4435	0.3907	0.3745	0.3668	0.3703	0.3594
0.2031	0.2424	0.2808	0.2858	0.3351	0.3575	0.3480	0.3491	0.3822	0.3672	0.3808	0.3916	0.3928	0.4521	0.4530	0.4709	0.5167	0.4926	0.5190	0.5575	0.6055	0.6166	0.6364	0.6579	0.6559	0.6574	0.6126	0.6026	0.6309	0.6200	0.6700	0.6775	0.6404	0.6612	0.6885	0.6780	0.6947	0.6817	0.6543	0.6609	0.6693	0.6345	0.6080	0.6062	0.5930	0.5499	0.5914	0.5973	0.5976	0.5926	0.5612	0.5665	0.5932	0.5712	0.5421	0.5104	0.5207	0.5202	0.4503	0.4604	0.4608	0.4800	0.4634	0.4140	0.3938	0.3918	0.3719	0.3418	0.3403
0.1998	0.2264	0.2867	0.3118	0.3252	0.3310	0.3395	0.3700	0.3834	0.3359	0.3758	0.3957	0.4010	0.4393	0.4225	0.4770	0.5021	0.4917	0.4889	0.5727	0.5932	0.5528	0.5802	0.6358	0.6368	0.6278	0.6304	0.6393	0.6160	0.6297	0.6894	0.6710	0.6723	0.6893	0.6879	0.6819	0.6708	0.6745	0.7020	0.6922	0.6952	0.6612	0.6195	0.6234	0.5615	0.6013	0.6331	0.5826	0.6154	0.6293	0.6028	0.5729	0.5689	0.5453	0.5449	0.5148	0.5032	0.4978	0.4857	0.4817	0.5061	0.4610	0.4285	0.4575	0.4198	0.4135	0.3905	0.3621	0.3598
0.1839	0.2234	0.2826	0.2877	0.3064	0.3406	0.3396	0.3555	0.3412	0.3315	0.3640	0.3648	0.4085	0.4336	0.4231	0.4423	0.4496	0.4699	0.4772	0.5490	0.5800	0.5725	0.5873	0.6303	0.6305	0.6471	0.6452	0.6294	0.6313	0.6153	0.6179	0.6290	0.6453	0.6855	0.7181	0.6968	0.6975	0.6828	0.7105	0.6504	0.6966	0.6547	0.6258	0.6596	0.6072	0.6180	0.6013	0.6029	0.5642	0.6423	0.6021	0.5943	0.5789	0.5635	0.5691	0.5518	0.5617	0.5368	0.5195	0.5470	0.5198	0.4671	0.4639	0.4851	0.4924	0.4545	0.4088	0.3994	0.3513
0.1852	0.2363	0.2720	0.2944	0.3048	0.3318	0.3653	0.3918	0.3262	0.3728	0.3988	0.4015	0.4070	0.4613	0.4651	0.4609	0.4619	0.4609	0.4805	0.5384	0.5507	0.5610	0.5574	0.5876	0.5914	0.6087	0.6158	0.5981	0.6371	0.5918	0.5974	0.6198	0.6770	0.7136	0.7091	0.7315	0.7120	0.7303	0.6771	0.6653	0.6486	0.6233	0.6403	0.6354	0.6196	0.6015	0.6289	0.6385	0.6232	0.6472	0.6552	0.6441	0.6019	0.5678	0.5859	0.5919	0.5443	0.5629	0.5193	0.5280	0.5434	0.4999	0.5022	0.4873	0.4604	0.4374	0.4189	0.4221	0.3823
0.2129	0.2583	0.2849	0.2888	0.3058	0.3587	0.3716	0.3709	0.3661	0.4075	0.4162	0.4502	0.4702	0.5016	0.5024	0.5140	0.4986	0.5248	0.5461	0.5614	0.5846	0.5796	0.5568	0.5858	0.5617	0.5784	0.5840	0.6120	0.6353	0.6528	0.6337	0.6816	0.6988	0.7602	0.7165	0.7059	0.7416	0.7178	0.6838	0.6332	0.6484	0.6531	0.6196	0.6306	0.6410	0.6138	0.6281	0.6421	0.6955	0.6875	0.6331	0.6369	0.6270	0.6142	0.6098	0.6148	0.6065	0.5993	0.5908	0.5793	0.5352	0.5313	0.5219	0.4908	0.4531	0.4451	0.4313	0.4271	0.4139
0.2492	0.3065	0.3388	0.3534	0.3876	0.4213	0.4214	0.4231	0.4720	0.4855	0.5247	0.5651	0.5554	0.5541	0.5909	0.5915	0.6424	0.7027	0.6761	0.6734	0.6922	0.6867	0.6602	0.6749	0.6413	0.6889	0.6583	0.6758	0.6907	0.6640	0.7274	0.7315	0.7166	0.7399	0.7668	0.7423	0.7724	0.7497	0.7329	0.6898	0.7079	0.6468	0.6326	0.6783	0.6781	0.6390	0.6707	0.6872	0.7150	0.7112	0.6976	0.6737	0.6619	0.7146	0.6472	0.6361	0.6335	0.6574	0.6651	0.6160	0.6434	0.5828	0.5572	0.5416	0.5388	0.4754	0.4609	0.4274	0.4313
0.2526	0.3588	0.4638	0.4849	0.5353	0.5547	0.5434	0.5832	0.6185	0.6194	0.6591	0.6711	0.6312	0.6638	0.7483	0.7401	0.7831	0.7628	0.7394	0.7460	0.7397	0.7336	0.7427	0.7141	0.7114	0.6867	0.7202	0.6857	0.7153	0.7032	0.7539	0.7463	0.7776	0.7988	0.7936	0.8115	0.8046	0.8287	0.7920	0.7331	0.7216	0.7163	0.7173	0.7346	0.6988	0.6761	0.7059	0.7072	0.7306	0.7141	0.7320	0.7714	0.7540	0.6971	0.6480	0.6804	0.6548	0.6773	0.6762	0.6816	0.6896	0.6676	0.6404	0.6241	0.5935	0.5223	0.5100	0.4804	0.4766
0.1403	0.2886	0.4551	0.5508	0.6303	0.6912	0.7691	0.7882	0.7815	0.7605	0.7461	0.7708	0.7455	0.7932	0.8277	0.8308	0.8543	0.8573	0.8338	0.8140	0.7802	0.7761	0.8002	0.8054	0.7519	0.7029	0.7249	0.7272	0.7411	0.7690	0.8323	0.7913	0.8098	0.8594	0.7965	0.8349	0.8843	0.8346	0.8298	0.7752	0.7408	0.7909	0.7914	0.7865	0.7809	0.7708	0.7538	0.7338	0.7514	0.7546	0.7596	0.7670	0.7920	0.7647	0.7231	0.7045	0.6828	0.7048	0.6379	0.5226	0.5496	0.7304	0.7033	0.6889	0.6207	0.5919	0.5598	0.5176	0.5132
0.0783	0.1737	0.2226	0.2637	0.3457	0.4247	0.5428	0.5491	0.5967	0.6584	0.7446	0.7124	0.7060	0.7792	0.8479	0.9211	0.9454	0.9349	0.9475	0.9704	0.9240	0.8764	0.8794	0.8353	0.7884	0.7529	0.7622	0.7667	0.8392	0.8362	0.8426	0.8725	0.8368	0.8688	0.8837	0.9130	0.9395	0.8532	0.8505	0.7974	0.8403	0.7882	0.8297	0.7874	0.7582	0.7371	0.7608	0.7786	0.7813	0.7651	0.7413	0.7682	0.7601	0.7799	0.7905	0.7740	0.7333	0.6971	0.5079	0.4469	0.5003	0.6821	0.7472	0.7157	0.6803	0.6514	0.5927	0.5833	0.5553
0.0273	0.0743	0.1055	0.1144	0.1351	0.1625	0.1474	0.2051	0.2433	0.2800	0.3395	0.3777	0.3873	0.4075	0.5362	0.5978	0.6460	0.7468	0.8207	0.9086	0.9864	0.9277	0.9352	0.8823	0.8801	0.8493	0.8207	0.8462	0.8659	0.9130	0.9388	0.9123	0.9250	0.9516	0.9657	0.9661	0.9285	0.9184	0.8342	0.7374	0.7610	0.7927	0.8298	0.7998	0.7896	0.7670	0.8116	0.8004	0.8226	0.7761	0.8191	0.8049	0.7812	0.8140	0.8002	0.7788	0.6685	0.5599	0.5105	0.4174	0.4001	0.4393	0.5287	0.5258	0.6354	0.6962	0.6408	0.5575	0.5319
0.0150	0.0343	0.0580	0.0561	0.0713	0.0842	0.0804	0.1026	0.1219	0.1393	0.1506	0.1509	0.1750	0.1822	0.2226	0.2593	0.2834	0.3383	0.4059	0.4519	0.5256	0.6113	0.6235	0.6645	0.6640	0.6743	0.6853	0.7521	0.8104	0.8487	0.8248	0.8084	0.8643	1.0000	0.9874	0.9309	0.9066	0.8411	0.6143	0.4541	0.5079	0.6041	0.7883	0.8602	0.8139	0.7928	0.8260	0.8481	0.8403	0.7974	0.7510	0.7633	0.6856	0.6402	0.6092	0.5970	0.4818	0.4805	0.5529	0.3702	0.3297	0.3377	0.3833	0.3908	0.4192	0.5998	0.6406	0.5964	0.4929
0.0078	0.0335	0.0398	0.0362	0.0557	0.0754	0.0723	0.0849	0.0994	0.1213	0.1032	0.0793	0.1194	0.1173	0.1317	0.1508	0.1755	0.1729	0.1744	0.1946	0.2071	0.2192	0.2275	0.2636	0.2684	0.2859	0.3172	0.3605	0.3699	0.4033	0.4475	0.4686	0.4847	0.6748	0.7455	0.6335	0.6654	0.5561	0.3737	0.3369	0.3762	0.4751	0.7308	0.8556	0.8327	0.8021	0.7832	0.8235	0.7548	0.7335	0.6940	0.6224	0.4565	0.5735	0.7366	0.7538	0.5617	0.4166	0.3989	0.3181	0.2903	0.3263	0.3547	0.3386	0.3307	0.4590	0.6322	0.6158	0.4448
0.0000	0.0124	0.0525	0.0339	0.0569	0.0672	0.0847	0.0768	0.0643	0.0749	0.0804	0.0816	0.0944	0.1010	0.1100	0.1037	0.1227	0.1196	0.1338	0.1230	0.1380	0.1560	0.1551	0.1653	0.1864	0.1756	0.1956	0.1966	0.2144	0.2128	0.2029	0.2232	0.2442	0.2790	0.3172	0.2686	0.2906	0.2753	0.2446	0.2561	0.2901	0.3545	0.4565	0.5932	0.7286	0.7567	0.7371	0.7264	0.4491	0.4733	0.5000	0.3626	0.3403	0.4764	0.6640	0.7086	0.6079	0.3399	0.2349	0.2503	0.2544	0.2680	0.2716	0.2835	0.2808	0.3220	0.5145	0.5815	0.3601
0.0019	0.0054	0.0335	0.0275	0.0531	0.0696	0.0704	0.0655	0.0819	0.0647	0.0738	0.0660	0.0775	0.0866	0.0914	0.0926	0.0985	0.1138	0.1161	0.1194	0.1185	0.1244	0.1267	0.1231	0.1295	0.1291	0.1265	0.1312	0.1474	0.1647	0.1601	0.1758	0.1857	0.1675	0.1932	0.1834	0.1872	0.1985	0.1929	0.1855	0.1966	0.2252	0.2477	0.3108	0.4032	0.6108	0.7831	0.7416	0.3372	0.2342	0.2414	0.2243	0.2381	0.2406	0.3089	0.4471	0.4141	0.2589	0.2134	0.2303	0.2340	0.2310	0.2429	0.2396	0.2399	0.2320	0.2791	0.3191	0.2394
0.0064	0.0102	0.0071	0.0230	0.0360	0.0339	0.0639	0.0733	0.0567	0.0685	0.0826	0.0633	0.0783	0.0841	0.0703	0.0999	0.1130	0.0910	0.1001	0.1102	0.0975	0.0986	0.1129	0.1133	0.1167	0.1196	0.1178	0.1138	0.1242	0.1301	0.1299	0.1391	0.1252	0.1240	0.1538	0.1527	0.1504	0.1481	0.1386	0.1459	0.1533	0.1690	0.1871	0.2196	0.2338	0.3015	0.4962	0.5623	0.2630	0.1902	0.2002	0.1930	0.2097	0.2069	0.1998	0.2479	0.2539	0.2250	0.2092	0.2153	0.1930	0.1934	0.2029	0.2005	0.1977	0.1929	0.1990	0.2074	0.2017
0.0168	0.0097	0.0083	0.0402	0.0367	0.0266	0.0467	0.0553	0.0457	0.0509	0.0605	0.0618	0.0791	0.0845	0.0817	0.0890	0.0956	0.0908	0.0833	0.0828	0.0774	0.0870	0.1019	0.0887	0.0929	0.1051	0.1113	0.1137	0.1072	0.1104	0.1066	0.1083	0.1082	0.1091	0.1297	0.1264	0.1287	0.1221	0.1104	0.1091	0.1138	0.1209	0.1356	0.1395	0.1382	0.1553	0.1898	0.2113	0.1554	0.1551	0.1616	0.1574	0.1622	0.1659	0.1642	0.1843	0.2082	0.1808	0.1766	0.1819	0.1720	0.1777	0.1877	0.1841	0.1734	0.1965	0.1975	0.2047	0.1863
0.0000	0.0048	0.0251	0.0359	0.0373	0.0277	0.0317	0.0398	0.0492	0.0431	0.0505	0.0590	0.0555	0.0693	0.0774	0.0795	0.0828	0.0831	0.0667	0.0768	0.0825	0.0834	0.0830	0.0812	0.0884	0.0942	0.0947	0.0875	0.0851	0.0974	0.0957	0.1037	0.0989	0.0906	0.1056	0.0907	0.1068	0.1007	0.1058	0.0971	0.0972	0.1045	0.1146	0.1225	0.1228	0.1261	0.1370	0.1586	0.1252	0.1148	0.1313	0.1309	0.1308	0.1360	0.1353	0.1377	0.1514	0.1525	0.1411	0.1627	0.1627	0.1459	0.1511	0.1602	0.1513	0.1592	0.1790	0.1888	0.1672
0.0000	0.0031	0.0232	0.0230	0.0191	0.0443	0.0467	0.0382	0.0588	0.0365	0.0312	0.0505	0.0455	0.0572	0.0688	0.0677	0.0696	0.0654	0.0685	0.0693	0.0856	0.0800	0.0864	0.0763	0.0860	0.0860	0.0887	0.0735	0.0748	0.0827	0.0846	0.0858	0.0944	0.0899	0.0900	0.0794	0.0867	0.0875	0.0905	0.0906	0.0975	0.1039	0.0967	0.1083	0.1114	0.1121	0.1140	0.1089	0.0953	0.1027	0.1177	0.1240	0.1125	0.1091	0.1117	0.1173	0.1235	0.1142	0.1139	0.1338	0.1264	0.1167	0.1199	0.1262	0.1255	0.1322	0.1374	0.1459	0.1365
0.0000	0.0000	0.0014	0.0000	0.0224	0.0364	0.0536	0.0413	0.0337	0.0413	0.0282	0.0515	0.0579	0.0495	0.0601	0.0622	0.0595	0.0735	0.0615	0.0635	0.0873	0.0648	0.0746	0.0728	0.0818	0.0842	0.0865	0.0789	0.0790	0.0806	0.0813	0.0813	0.0817	0.0838	0.0803	0.0829	0.0819	0.0813	0.0800	0.0885	0.0855	0.0889	0.0868	0.0905	0.0844	0.0929	0.1035	0.0909	0.0868	0.1017	0.0995	0.0916	0.0913	0.0930	0.1079	0.1113	0.1042	0.0983	0.1008	0.1115	0.1116	0.1070	0.1053	0.1045	0.1092	0.1231	0.1058	0.1051	0.1215
0.0000	0.0000	0.0079	0.0123	0.0249	0.0253	0.0241	0.0466	0.0433	0.0429	0.0372	0.0401	0.0443	0.0543	0.0571	0.0591	0.0708	0.0634	0.0517	0.0547	0.0638	0.0618	0.0747	0.0689	0.0687	0.0726	0.0627	0.0744	0.0684	0.0630	0.0705	0.0766	0.0659	0.0735	0.0699	0.0851	0.0808	0.0744	0.0773	0.0805	0.0761	0.0814	0.0802	0.0791	0.0837	0.0810	0.0810	0.0840	0.0839	0.0808	0.0821	0.0850	0.0815	0.0858	0.0937	0.0925	0.0890	0.0881	0.0881	0.0918	0.0983	0.0854	0.0977	0.0980	0.1040	0.0956	0.0812	0.0969	0.0827
0.0000	0.0000	0.0000	0.0026	0.0151	0.0133	0.0160	0.0353	0.0239	0.0153	0.0371	0.0411	0.0316	0.0389	0.0437	0.0605	0.0547	0.0463	0.0474	0.0420	0.0505	0.0581	0.0573	0.0615	0.0624	0.0722	0.0584	0.0613	0.0561	0.0606	0.0697	0.0691	0.0693	0.0709	0.0577	0.0676	0.0800	0.0645	0.0644	0.0662	0.0711	0.0725	0.0761	0.0693	0.0704	0.0744	0.0809	0.0709	0.0629	0.0608	0.0658	0.0839	0.0832	0.0736	0.0707	0.0779	0.0764	0.0692	0.0774	0.0841	0.0806	0.0790	0.0651	0.0735	0.0703	0.0678	0.0642	0.0691	0.0598
0.0000	0.0000	0.0000	0.0080	0.0000	0.0000	0.0194	0.0271	0.0142	0.0061	0.0233	0.0454	0.0376	0.0319	0.0432	0.0482	0.0243	0.0325	0.0469	0.0527	0.0469	0.0506	0.0420	0.0511	0.0492	0.0503	0.0650	0.0570	0.0679	0.0680	0.0577	0.0612	0.0708	0.0650	0.0612	0.0593	0.0628	0.0625	0.0669	0.0555	0.0654	0.0667	0.0640	0.0729	0.0646	0.0659	0.0736	0.0591	0.0613	0.0611	0.0647	0.0720	0.0595	0.0528	0.0659	0.0638	0.0659	0.0559	0.0641	0.0730	0.0648	0.0609	0.0552	0.0630	0.0708	0.0644	0.0593	0.0589	0.0608
0.0000	0.0000	0.0000	0.0000	0.0000	0.0000	0.0253	0.0198	0.0061	0.0000	0.0199	0.0331	0.0399	0.0357	0.0277	0.0423	0.0306	0.0280	0.0459	0.0538	0.0433	0.0368	0.0265	0.0348	0.0516	0.0499	0.0562	0.0508	0.0594	0.0542	0.0531	0.0538	0.0598	0.0646	0.0656	0.0676	0.0716	0.0681	0.0621	0.0567	0.0657	0.0595	0.0615	0.0664	0.0555	0.0697	0.0671	0.0574	0.0634	0.0664	0.0688	0.0597	0.0546	0.0563	0.0673	0.0650	0.0596	0.0526	0.0590	0.0601	0.0524	0.0446	0.0485	0.0588	0.0553	0.0416	0.0506	0.0610	0.0498
0.0000	0.0000	0.0000	0.0000	0.0000	0.0000	0.0014	0.0178	0.0178	0.0053	0.0258	0.0230	0.0324	0.0307	0.0353	0.0383	0.0436	0.0300	0.0331	0.0406	0.0369	0.0398	0.0426	0.0416	0.0556	0.0582	0.0552	0.0576	0.0643	0.0540	0.0537	0.0529	0.0488	0.0663	0.0625	0.0571	0.0630	0.0728	0.0631	0.0571	0.0615	0.0509	0.0587	0.0549	0.0585	0.0651	0.0571	0.0619	0.0599	0.0594	0.0597	0.0656	0.0595	0.0590	0.0620	0.0619	0.0580	0.0482	0.0499	0.0472	0.0433	0.0435	0.0450	0.0492	0.0491	0.0387	0.0449	0.0525	0.0323
0.0000	0.0000	0.0000	0.0000	0.0000	0.0024	0.0031	0.0067	0.0186	0.0122	0.0125	0.0130	0.0170	0.0169	0.0409	0.0200	0.0266	0.0223	0.0244	0.0303	0.0333	0.0436	0.0451	0.0513	0.0608	0.0429	0.0385	0.0516	0.0483	0.0469	0.0503	0.0476	0.0454	0.0521	0.0552	0.0509	0.0517	0.0511	0.0534	0.0535	0.0570	0.0509	0.0527	0.0539	0.0534	0.0609	0.0525	0.0486	0.0546	0.0477	0.0467	0.0513	0.0552	0.0587	0.0565	0.0553	0.0441	0.0325	0.0395	0.0443	0.0403	0.0457	0.0398	0.0425	0.0400	0.0371	0.0388	0.0434	0.0278
0.0000	0.0000	0.0000	0.0000	0.0000	0.0000	0.0000	0.0050	0.0049	0.0049	0.0047	0.0117	0.0232	0.0092	0.0198	0.0170	0.0345	0.0315	0.0290	0.0293	0.0399	0.0292	0.0309	0.0493	0.0470	0.0400	0.0384	0.0470	0.0437	0.0470	0.0540	0.0438	0.0540	0.0516	0.0511	0.0471	0.0443	0.0464	0.0535	0.0564	0.0508	0.0434	0.0473	0.0428	0.0460	0.0575	0.0461	0.0488	0.0479	0.0519	0.0566	0.0534	0.0436	0.0388	0.0494	0.0539	0.0443	0.0421	0.0480	0.0581	0.0369	0.0495	0.0368	0.0432	0.0414	0.0324	0.0429	0.0286	0.0250
