0.0000	0.0000	0.0070	0.0083	0.0000	0.0000	0.0075	0.0190	0.0126	0.0103	0.0106	0.0420	0.0344	0.0308	0.0241	0.0337	0.0349	0.0640	0.0433	0.0409	0.0531	0.0424	0.0503	0.0728	0.0808	0.0710	0.0816	0.0612	0.0481	0.0775	0.0623	0.0747	0.0705	0.0875	0.0812	0.0776	0.0825	0.0773	0.0920	0.0747	0.0711	0.0829	0.0700	0.0773	0.0838	0.0752	0.0850	0.0864	0.0782	0.1037	0.0839	0.0809	0.0836	0.0906	0.1060	0.1077	0.0973	0.0951	0.1059	0.1084	0.0921	0.1017	0.0925	0.0706	0.0794	0.0696	0.0592	0.0660	0.0674
0.0000	0.0000	0.0004	0.0000	0.0000	0.0091	0.0073	0.0303	0.0370	0.0146	0.0197	0.0372	0.0404	0.0309	0.0251	0.0325	0.0464	0.0567	0.0553	0.0543	0.0702	0.0628	0.0672	0.0858	0.0715	0.0578	0.0798	0.0964	0.0686	0.0731	0.0713	0.0769	0.0720	0.0825	0.0845	0.0948	0.0886	0.0966	0.1042	0.0898	0.0928	0.0941	0.0897	0.0891	0.0856	0.0767	0.0927	0.1025	0.0964	0.0870	0.0905	0.1035	0.0948	0.1140	0.0952	0.1006	0.1128	0.1117	0.1055	0.1040	0.1046	0.0906	0.0964	0.0829	0.0796	0.0741	0.0815	0.0859	0.0915
0.0000	0.0000	0.0058	0.0082	0.0000	0.0000	0.0061	0.0147	0.0222	0.0124	0.0271	0.0374	0.0438	0.0479	0.0416	0.0426	0.0558	0.0548	0.0584	0.0660	0.0718	0.0748	0.0742	0.0680	0.0786	0.0763	0.0869	0.0929	0.0884	0.0750	0.0956	0.0948	0.0750	0.0887	0.0841	0.0889	0.0866	0.0870	0.1013	0.1028	0.1015	0.1026	0.0971	0.0860	0.0940	0.1122	0.0939	0.1003	0.1141	0.0919	0.1035	0.1160	0.1208	0.1224	0.1199	0.1193	0.1253	0.1357	0.1257	0.1242	0.1309	0.1171	0.1087	0.0953	0.1058	0.0886	0.0968	0.1133	0.1148
0.0000	0.0000	0.0029	0.0062	0.0170	0.0258	0.0126	0.0226	0.0256	0.0282	0.0443	0.0458	0.0480	0.0393	0.0340	0.0566	0.0544	0.0676	0.0537	0.0852	0.0862	0.0720	0.0744	0.0655	0.0862	0.0875	0.0762	0.0788	0.0835	0.0776	0.0895	0.0969	0.1062	0.1001	0.0882	0.0859	0.0928	0.0844	0.0939	0.0998	0.0909	0.0926	0.1020	0.0951	0.0918	0.1079	0.1041	0.0962	0.0836	0.0945	0.1293	0.1126	0.1260	0.1226	0.1345	0.1209	0.1126	0.1344	0.1327	0.1264	0.1410	0.1316	0.1292	0.1268	0.1214	0.1153	0.1106	0.1115	0.1315
0.0000	0.0000	0.0120	0.0000	0.0113	0.0216	0.0200	0.0330	0.0381	0.0242	0.0480	0.0504	0.0551	0.0608	0.0423	0.0513	0.0622	0.0582	0.0679	0.0787	0.0626	0.0673	0.0700	0.0762	0.0982	0.0951	0.0683	0.0701	0.0886	0.1037	0.0966	0.0904	0.0999	0.1101	0.1097	0.0878	0.1068	0.0970	0.0951	0.0995	0.1081	0.1002	0.0977	0.1052	0.1093	0.1161	0.1177	0.1049	0.0865	0.1119	0.1227	0.1120	0.1220	0.1223	0.1343	0.1409	0.1355	0.1316	0.1363	0.1534	0.1391	0.1389	0.1444	0.1581	0.1830	0.1485	0.1411	0.1382	0.1376
0.0000	0.0021	0.0171	0.0253	0.0101	0.0245	0.0271	0.0320	0.0508	0.0427	0.0384	0.0601	0.0906	0.0580	0.0468	0.0601	0.0687	0.0522	0.0715	0.1056	0.0771	0.0880	0.0796	0.0812	0.1118	0.0981	0.0801	0.0902	0.1041	0.1048	0.1026	0.0937	0.1006	0.1259	0.1266	0.1122	0.0947	0.0951	0.1137	0.0938	0.1129	0.1249	0.1156	0.1114	0.1098	0.1210	0.1097	0.1213	0.1137	0.1119	0.1107	0.1226	0.1502	0.1380	0.1606	0.1618	0.1690	0.1634	0.1536	0.1756	0.1761	0.1739	0.2249	0.3118	0.3617	0.2647	0.1896	0.1667	0.1363
0.0000	0.0000	0.0242	0.0207	0.0031	0.0047	0.0314	0.0381	0.0408	0.0421	0.0466	0.0539	0.0766	0.0554	0.0530	0.0725	0.0814	0.0802	0.0810	0.0858	0.0943	0.0924	0.0793	0.0799	0.1100	0.1080	0.1002	0.1047	0.1005	0.0971	0.1000	0.0980	0.1096	0.1150	0.1316	0.1228	0.0972	0.1069	0.1192	0.1092	0.1104	0.1346	0.1225	0.1158	0.1150	0.1159	0.1231	0.1229	0.1284	0.1311	0.1340	0.1558	0.1565	0.1654	0.1695	0.1953	0.2052	0.2060	0.2720	0.2711	0.2052	0.2152	0.2873	0.4444	0.5147	0.4262	0.3791	0.2648	0.1750
0.0000	0.0000	0.0238	0.0081	0.0121	0.0454	0.0505	0.0442	0.0501	0.0484	0.0511	0.0547	0.0750	0.0577	0.0610	0.0802	0.0858	0.0911	0.0791	0.0696	0.0906	0.0934	0.0924	0.0850	0.1064	0.1158	0.1025	0.0983	0.1178	0.1223	0.1137	0.1021	0.1266	0.1281	0.1308	0.1183	0.1332	0.1478	0.1274	0.1201	0.1174	0.1253	0.1321	0.1212	0.1209	0.1387	0.1368	0.1457	0.1471	0.1664	0.1504	0.1726	0.1810	0.1922	0.2094	0.2727	0.3232	0.4044	0.5344	0.4352	0.2863	0.3060	0.3004	0.3245	0.4627	0.4773	0.4027	0.3932	0.2975
0.0083	0.0082	0.0184	0.0301	0.0267	0.0427	0.0534	0.0558	0.0576	0.0735	0.0677	0.0634	0.0874	0.0816	0.0645	0.0662	0.0704	0.0843	0.1048	0.0965	0.1047	0.0955	0.1050	0.0965	0.1198	0.1195	0.0970	0.1053	0.1279	0.1320	0.1382	0.1149	0.1301	0.1300	0.1363	0.1310	0.1296	0.1456	0.1299	0.1466	0.1283	0.1323	0.1412	0.1362	0.1379	0.1551	0.1561	0.1595	0.1748	0.1840	0.1949	0.2090	0.2413	0.2981	0.3092	0.4090	0.6240	0.6372	0.6706	0.5651	0.4346	0.4401	0.4031	0.3181	0.3397	0.4650	0.4766	0.4460	0.3998
0.0000	0.0113	0.0257	0.0380	0.0347	0.0380	0.0481	0.0420	0.0529	0.0566	0.0662	0.0766	0.0892	0.0718	0.0875	0.1069	0.0875	0.0939	0.0989	0.1134	0.1155	0.1040	0.1119	0.1123	0.1211	0.1272	0.1159	0.1184	0.1225	0.1164	0.1251	0.1189	0.1217	0.1506	0.1405	0.1442	0.1380	0.1429	0.1491	0.1633	0.1410	0.1504	0.1592	0.1591	0.1688	0.1713	0.1895	0.2000	0.2301	0.2187	0.2416	0.2652	0.3269	0.3412	0.3522	0.4857	0.6980	0.6733	0.6415	0.6484	0.6126	0.5517	0.4682	0.3154	0.2982	0.4008	0.4499	0.4481	0.4514
0.0000	0.0084	0.0352	0.0370	0.0395	0.0372	0.0374	0.0665	0.0668	0.0580	0.0728	0.0565	0.0809	0.0817	0.0992	0.1090	0.1006	0.1126	0.1066	0.1073	0.1122	0.1096	0.1219	0.1255	0.1343	0.1387	0.1403	0.1339	0.1252	0.1198	0.1259	0.1408	0.1484	0.1658	0.1620	0.1624	0.1731	0.1845	0.1702	0.1735	0.1672	0.1840	0.2033	0.1793	0.2064	0.2177	0.2441	0.2429	0.2513	0.2600	0.2855	0.3231	0.3329	0.3546	0.3990	0.5795	0.7489	0.6950	0.6568	0.6402	0.6394	0.5355	0.4507	0.3932	0.3344	0.3282	0.3727	0.4594	0.4620
0.0141	0.0283	0.0349	0.0382	0.0361	0.0578	0.0524	0.0546	0.0633	0.0580	0.0748	0.0804	0.0920	0.0802	0.0834	0.1053	0.1233	0.1241	0.1249	0.1201	0.1229	0.1267	0.1385	0.1433	0.1478	0.1377	0.1604	0.1348	0.1417	0.1556	0.1677	0.1697	0.1766	0.1777	0.1879	0.1733	0.1885	0.1996	0.2175	0.2290	0.2207	0.2214	0.2604	0.2347	0.2339	0.2493	0.2791	0.2853	0.2531	0.3028	0.3266	0.3559	0.4030	0.4359	0.4928	0.7117	0.8122	0.7244	0.7353	0.6795	0.6591	0.5779	0.5856	0.5391	0.4092	0.3346	0.3256	0.4218	0.4643
0.0180	0.0259	0.0310	0.0502	0.0512	0.0446	0.0532	0.0659	0.0753	0.0955	0.0893	0.0994	0.0956	0.0855	0.0884	0.1169	0.1242	0.1217	0.1345	0.1386	0.1500	0.1542	0.1575	0.1676	0.1749	0.1876	0.1781	0.1646	0.1675	0.1979	0.1951	0.2059	0.2015	0.2075	0.2204	0.2004	0.2129	0.2432	0.2533	0.2684	0.2734	0.2483	0.2705	0.2713	0.2648	0.2855	0.3148	0.3291	0.3503	0.3525	0.3701	0.4248	0.4955	0.5456	0.6462	0.8543	0.8155	0.7728	0.8000	0.7086	0.6561	0.6482	0.6593	0.6201	0.5212	0.4802	0.4372	0.4760	0.4309
0.0167	0.0257	0.0484	0.0562	0.0549	0.0393	0.0667	0.0816	0.0739	0.1036	0.0961	0.1136	0.1144	0.1157	0.1379	0.1298	0.1445	0.1526	0.1748	0.1804	0.1969	0.2072	0.2167	0.2202	0.2424	0.2227	0.2185	0.2346	0.2098	0.2286	0.2354	0.2538	0.2696	0.2663	0.2718	0.2598	0.2560	0.2884	0.3028	0.3119	0.3144	0.3033	0.3285	0.3276	0.3225	0.3261	0.3721	0.3639	0.3905	0.3988	0.4545	0.6194	0.7921	0.7437	0.7477	0.9112	0.7887	0.7669	0.7756	0.7366	0.6693	0.6489	0.6586	0.6126	0.5683	0.5347	0.5001	0.4528	0.4220
0.0111	0.0307	0.0540	0.0765	0.0595	0.0514	0.0873	0.1036	0.1084	0.1074	0.1272	0.1438	0.1406	0.1426	0.1689	0.1652	0.1982	0.2221	0.2298	0.2725	0.3221	0.3459	0.3708	0.4167	0.4178	0.3430	0.2862	0.2639	0.2992	0.3821	0.4571	0.4775	0.3474	0.3168	0.3168	0.3168	0.3120	0.3504	0.3551	0.3801	0.3970	0.3737	0.3695	0.3706	0.3628	0.3773	0.3919	0.4306	0.4536	0.4661	0.5186	0.7686	0.9317	0.8210	0.7953	0.8377	0.7986	0.7641	0.7325	0.7127	0.6327	0.5888	0.6251	0.5770	0.5235	0.5185	0.4410	0.4175	0.3922
0.0240	0.0312	0.0533	0.0872	0.0788	0.0962	0.1240	0.1324	0.1669	0.1585	0.1777	0.1952	0.2012	0.2448	0.2894	0.3980	0.4362	0.4242	0.4216	0.4703	0.6111	0.6842	0.6343	0.6669	0.6650	0.6285	0.5201	0.4564	0.5621	0.6727	0.8107	0.8425	0.5401	0.4824	0.4555	0.3988	0.4092	0.4535	0.4979	0.6490	0.7764	0.5965	0.4004	0.4201	0.4200	0.4504	0.4500	0.4805	0.5056	0.5394	0.5887	0.8737	0.8944	0.8151	0.7910	0.7658	0.7453	0.7905	0.7776	0.7558	0.6690	0.6200	0.6277	0.6395	0.5026	0.4810	0.4496	0.4479	0.4249
0.0276	0.0538	0.0682	0.0910	0.1102	0.1470	0.1616	0.2083	0.2458	0.2946	0.3456	0.3800	0.4672	0.4913	0.5727	0.6790	0.6956	0.7155	0.6772	0.6978	0.7663	0.7900	0.7154	0.7257	0.7132	0.6829	0.7167	0.7123	0.7610	0.8107	0.8718	0.9496	0.8800	0.8293	0.8255	0.4903	0.4824	0.5585	0.6634	0.8205	0.9446	0.8159	0.5445	0.4915	0.4881	0.4619	0.4877	0.5853	0.6748	0.6608	0.7764	0.9008	0.8773	0.8291	0.7942	0.7946	0.7567	0.7737	0.7107	0.6969	0.6356	0.5655	0.5687	0.5637	0.4927	0.4381	0.4138	0.4286	0.4233
0.0514	0.0622	0.1043	0.1757	0.2205	0.2921	0.3495	0.4810	0.5343	0.4952	0.5994	0.6322	0.6482	0.6529	0.6720	0.6670	0.6840	0.7141	0.6824	0.7063	0.7238	0.7734	0.7069	0.6998	0.7018	0.6787	0.7423	0.7220	0.6814	0.7572	0.8404	0.8824	0.9205	0.9681	0.9772	0.6838	0.6683	0.6919	0.7797	0.9471	0.9250	0.8700	0.6790	0.6754	0.7022	0.5910	0.6510	0.7976	0.9258	0.8622	0.8497	0.8780	0.8227	0.7464	0.7388	0.7408	0.6850	0.6977	0.6535	0.6244	0.6141	0.5686	0.5291	0.5073	0.4515	0.4387	0.4130	0.4092	0.4105
0.0694	0.1314	0.2416	0.3845	0.4949	0.5115	0.5640	0.6080	0.6359	0.5696	0.5781	0.5903	0.5992	0.5606	0.5581	0.5777	0.6086	0.6411	0.6363	0.6405	0.6376	0.6875	0.6724	0.6571	0.6474	0.6615	0.7239	0.6592	0.6798	0.7746	0.7786	0.8048	0.8561	1.0000	0.9989	0.9057	0.8659	0.8812	0.8731	0.9650	0.8741	0.8808	0.8163	0.8432	0.8993	0.8425	0.8084	0.8096	0.8365	0.8382	0.8336	0.7909	0.7206	0.7129	0.6831	0.6664	0.6029	0.5972	0.6471	0.6238	0.6218	0.5484	0.5119	0.4705	0.4273	0.4192	0.4295	0.3798	0.4028
0.1597	0.2588	0.3738	0.4306	0.4109	0.4245	0.4374	0.4335	0.4738	0.4782	0.4822	0.4422	0.4821	0.4519	0.4738	0.5263	0.5528	0.5947	0.5742	0.5646	0.5968	0.6262	0.6143	0.6314	0.6207	0.6147	0.6729	0.6752	0.6851	0.7531	0.7754	0.7602	0.7633	0.8377	0.8757	0.8687	0.8191	0.8366	0.7973	0.8184	0.8084	0.8130	0.8097	0.8183	0.8753	0.8298	0.7676	0.7802	0.7874	0.7415	0.7166	0.6955	0.6588	0.6877	0.6445	0.6348	0.6272	0.5534	0.5944	0.5886	0.5477	0.5057	0.5233	0.5034	0.4230	0.4040	0.3978	0.4122	0.3873
0.1982	0.2601	0.2962	0.2994	0.2803	0.3251	0.3333	0.3317	0.3593	0.3837	0.3683	0.3988	0.4292	0.4250	0.4467	0.5122	0.5233	0.5282	0.5318	0.5134	0.5560	0.5685	0.5603	0.5642	0.5800	0.6416	0.5994	0.6189	0.6427	0.6393	0.7238	0.7246	0.7479	0.7683	0.7812	0.7757	0.7759	0.7574	0.7346	0.7486	0.7392	0.7133	0.7639	0.7770	0.7693	0.7530	0.7786	0.7279	0.6829	0.6797	0.6958	0.6739	0.6296	0.6514	0.6269	0.5977	0.5977	0.5435	0.5619	0.5495	0.5441	0.5047	0.4968	0.4912	0.4403	0.4383	0.4242	0.4034	0.3736
0.2051	0.2337	0.2529	0.2585	0.2579	0.2645	0.2964	0.3194	0.3196	0.3429	0.3489	0.3810	0.3994	0.4580	0.4604	0.5236	0.5792	0.5620	0.5568	0.5440	0.5824	0.6141	0.6101	0.5539	0.5632	0.6113	0.5892	0.5824	0.5960	0.5893	0.5789	0.6476	0.6726	0.6726	0.7277	0.6894	0.6732	0.6772	0.6452	0.6664	0.7013	0.6947	0.6896	0.7255	0.7502	0.7282	0.7156	0.6875	0.6583	0.6724	0.6748	0.6696	0.6217	0.6172	0.5846	0.5859	0.5822	0.6247	0.5770	0.5352	0.5349	0.5075	0.4841	0.4463	0.4212	0.4380	0.4010	0.3780	0.3782
0.1856	0.1955	0.2472	0.2581	0.2587	0.2805	0.3053	0.3198	0.3161	0.3083	0.3456	0.3957	0.4147	0.4416	0.4810	0.5414	0.5851	0.5945	0.5202	0.4838	0.5573	0.6151	0.5617	0.5712	0.5914	0.5287	0.5500	0.5516	0.5560	0.5919	0.5706	0.5744	0.6148	0.6255	0.6104	0.6291	0.6665	0.6468	0.6559	0.6067	0.6271	0.6079	0.6199	0.6895	0.7316	0.7062	0.6652	0.6727	0.6730	0.6366	0.6341	0.6339	0.6696	0.6201	0.5803	0.5913	0.5755	0.5806	0.5661	0.5571	0.5119	0.5086	0.4790	0.4616	0.4459	0.4496	0.3872	0.3899	0.3696
0.1891	0.2217	0.2448	0.2722	0.2737	0.2982	0.3284	0.3092	0.3051	0.3048	0.3455	0.3903	0.3996	0.4250	0.4578	0.5324	0.5741	0.5869	0.5639	0.5499	0.5575	0.5919	0.5344	0.5399	0.5909	0.5292	0.5447	0.5466	0.5647	0.5696	0.5533	0.5893	0.5985	0.6405	0.6309	0.5991	0.5908	0.6206	0.6142	0.5895	0.5857	0.6161	0.6338	0.6546	0.6623	0.6709	0.6980	0.6662	0.6466	0.6119	0.5916	0.5765	0.6078	0.6026	0.5800	0.5937	0.5730	0.5955	0.5956	0.5715	0.4991	0.5211	0.5024	0.4645	0.4306	0.4458	0.4012	0.3969	0.3790
0.2160	0.2405	0.2430	0.2540	0.2495	0.2967	0.3214	0.3113	0.3242	0.3061	0.3637	0.3889	0.3964	0.4178	0.4605	0.4965	0.5337	0.5577	0.5601	0.5712	0.5324	0.5245	0.4975	0.5452	0.5495	0.5355	0.5135	0.5359	0.6144	0.5545	0.5387	0.5907	0.5988	0.6334	0.6384	0.6299	0.6201	0.6215	0.6117	0.5938	0.5952	0.6505	0.6519	0.6420	0.6393	0.6165	0.6447	0.6329	0.6324	0.5840	0.5648	0.5594	0.5701	0.5807	0.5470	0.5775	0.5617	0.5603	0.5806	0.5507	0.5233	0.5083	0.4944	0.4506	0.4428	0.4237	0.3789	0.3813	0.3867
0.2177	0.2299	0.2318	0.2825	0.2692	0.2884	0.2998	0.3043	0.3437	0.3145	0.3357	0.3962	0.4204	0.4473	0.4495	0.4706	0.5058	0.5258	0.4998	0.5422	0.5465	0.5127	0.4913	0.5197	0.5350	0.5342	0.5295	0.5294	0.5543	0.5693	0.6294	0.6035	0.5851	0.5839	0.6037	0.6032	0.5928	0.5827	0.6163	0.6263	0.5967	0.6271	0.6102	0.6314	0.6180	0.6129	0.6205	0.6117	0.6165	0.5763	0.5933	0.5679	0.5565	0.5546	0.5823	0.5941	0.5808	0.5803	0.5533	0.4969	0.5126	0.4924	0.4774	0.4639	0.4537	0.4140	0.4012	0.3816	0.3510
0.1988	0.2327	0.2594	0.2894	0.2914	0.2807	0.2718	0.3181	0.3225	0.3381	0.3571	0.3878	0.4199	0.4438	0.4261	0.4622	0.4755	0.4799	0.5106	0.5036	0.5046	0.5087	0.5072	0.5308	0.5369	0.5499	0.5177	0.5297	0.5561	0.5862	0.6045	0.6323	0.6381	0.6021	0.5857	0.5656	0.5814	0.5925	0.6386	0.6069	0.6307	0.5699	0.6058	0.6064	0.6193	0.5870	0.5794	0.5839	0.5872	0.5927	0.5793	0.5545	0.5619	0.5896	0.5646	0.5597	0.5443	0.5500	0.5391	0.5457	0.4982	0.4819	0.4857	0.4670	0.4321	0.4043	0.3972	0.3689	0.3474
0.2175	0.2340	0.2663	0.2683	0.2616	0.2936	0.3139	0.3249	0.3279	0.3513	0.3669	0.3652	0.4065	0.4360	0.4335	0.4434	0.4674	0.4668	0.4642	0.5062	0.4910	0.5079	0.5040	0.5183	0.5195	0.5285	0.5414	0.5260	0.5643	0.6025	0.5610	0.5838	0.5917	0.5830	0.5591	0.5846	0.5773	0.6025	0.5946	0.5736	0.5949	0.5960	0.5978	0.5702	0.5777	0.5551	0.5768	0.5748	0.6009	0.5461	0.6021	0.6003	0.6155	0.5995	0.5389	0.5531	0.5578	0.5127	0.5193	0.5833	0.5386	0.5069	0.5084	0.4590	0.4389	0.4181	0.3888	0.3633	0.3531
0.1961	0.2060	0.2364	0.2498	0.2597	0.3055	0.3194	0.3192	0.3289	0.3414	0.3601	0.3938	0.3930	0.4346	0.4471	0.4475	0.4734	0.4688	0.4664	0.5134	0.5153	0.4788	0.5103	0.5018	0.5271	0.5039	0.5658	0.5747	0.5947	0.6051	0.5908	0.6077	0.6143	0.6153	0.6034	0.5998	0.5798	0.5999	0.6126	0.5709	0.5907	0.5964	0.6033	0.6181	0.5964	0.5771	0.6065	0.5834	0.5921	0.5396	0.5834	0.5683	0.5673	0.5956	0.5730	0.5609	0.5180	0.5277	0.5159	0.5214	0.5321	0.5080	0.5043	0.4656	0.4323	0.4281	0.3870	0.3759	0.3574
0.2039	0.2175	0.2363	0.2418	0.2488	0.2867	0.2852	0.2968	0.3431	0.3614	0.3522	0.4148	0.4268	0.4213	0.4209	0.4542	0.5028	0.4952	0.5133	0.5258	0.5076	0.4921	0.5116	0.5373	0.5060	0.5166	0.5617	0.5867	0.6046	0.6068	0.6051	0.6493	0.6626	0.6274	0.5884	0.5815	0.6202	0.6328	0.6034	0.5866	0.6253	0.6137	0.5946	0.6313	0.6104	0.5605	0.5740	0.5766	0.5497	0.5690	0.5638	0.5571	0.5526	0.5687	0.5750	0.5832	0.5098	0.5129	0.4866	0.4978	0.5298	0.4980	0.4772	0.4960	0.4685	0.4613	0.3980	0.4220	0.4062
0.1880	0.2257	0.2656	0.2377	0.2208	0.2703	0.2809	0.3115	0.3350	0.3685	0.3945	0.3932	0.4104	0.4225	0.4087	0.4388	0.4861	0.5063	0.5243	0.5151	0.5122	0.5525	0.5395	0.5444	0.5123	0.5332	0.5232	0.5628	0.5821	0.5895	0.6066	0.6420	0.6240	0.6044	0.6338	0.6626	0.6422	0.6102	0.5969	0.6158	0.5780	0.6375	0.6157	0.5885	0.5961	0.5485	0.5743	0.5643	0.5815	0.6008	0.5820	0.6022	0.6094	0.5782	0.5601	0.5456	0.5381	0.5205	0.5212	0.5269	0.5188	0.5069	0.4871	0.4844	0.4873	0.4436	0.3973	0.3999	0.3654
0.1893	0.2167	0.2374	0.2583	0.2395	0.2553	0.3000	0.3297	0.3269	0.3365	0.3781	0.3566	0.3740	0.4082	0.4178	0.4669	0.4786	0.4997	0.5358	0.5668	0.5800	0.5661	0.5489	0.5496	0.5548	0.5618	0.5483	0.5799	0.6100	0.5732	0.6177	0.6601	0.6414	0.6286	0.6663	0.6429	0.6163	0.6308	0.6132	0.6039	0.5888	0.5931	0.6352	0.5587	0.5774	0.6063	0.5785	0.6003	0.5850	0.5929	0.5869	0.5581	0.5815	0.5842	0.5798	0.5527	0.5217	0.5371	0.5376	0.5158	0.5324	0.5013	0.5481	0.4979	0.4406	0.4086	0.4136	0.4093	0.3690
0.2033	0.2185	0.2226	0.2345	0.2590	0.2804	0.2863	0.2760	0.2749	0.3073	0.3283	0.3382	0.3786	0.3827	0.4261	0.4377	0.4884	0.5279	0.5736	0.5877	0.6245	0.6187	0.5959	0.6026	0.6124	0.5986	0.5906	0.6267	0.6297	0.6015	0.6310	0.6720	0.6279	0.6326	0.6543	0.6566	0.6584	0.6169	0.6049	0.5785	0.6067	0.6081	0.6019	0.5867	0.5859	0.5533	0.5954	0.6158	0.5878	0.5536	0.5690	0.5543	0.6297	0.6044	0.5841	0.5832	0.5632	0.5632	0.5317	0.5115	0.5167	0.5183	0.5462	0.5048	0.4422	0.4221	0.4243	0.3889	0.4103
0.2030	0.2172	0.2283	0.2338	0.2694	0.2615	0.2667	0.3056	0.3193	0.3203	0.3177	0.3346	0.3802	0.4009	0.3898	0.4458	0.4932	0.5451	0.5402	0.6094	0.6596	0.6135	0.6117	0.6086	0.6041	0.6406	0.6062	0.6370	0.6276	0.6516	0.6831	0.6593	0.6795	0.6868	0.6521	0.6387	0.6371	0.6333	0.6393	0.5825	0.5946	0.6024	0.6097	0.5766	0.5519	0.5732	0.6074	0.5649	0.5790	0.5880	0.5877	0.5815	0.6060	0.5730	0.5844	0.5770	0.5925	0.5517	0.5688	0.5634	0.5560	0.5280	0.4967	0.5195	0.4587	0.4533	0.4388	0.4212	0.4017
0.1714	0.2014	0.2411	0.2323	0.2673	0.2700	0.2802	0.3198	0.3112	0.2839	0.2879	0.3222	0.3776	0.3979	0.3898	0.4406	0.4798	0.5254	0.5312	0.5856	0.6255	0.5854	0.5748	0.6509	0.6601	0.6314	0.6258	0.6268	0.6215	0.6488	0.6525	0.6587	0.6788	0.6726	0.7263	0.7125	0.6789	0.6800	0.6939	0.6093	0.5854	0.6095	0.5920	0.5839	0.5620	0.5641	0.5607	0.5748	0.5609	0.5933	0.5559	0.5844	0.6042	0.6089	0.5930	0.6042	0.6167	0.5741	0.5926	0.6021	0.5826	0.5181	0.5321	0.4974	0.4943	0.5108	0.4484	0.4439	0.4141
0.1574	0.1791	0.2192	0.2444	0.2726	0.2821	0.3003	0.3339	0.3275	0.3130	0.3247	0.3632	0.3592	0.4067	0.4004	0.4578	0.4752	0.5460	0.5366	0.5609	0.5551	0.6086	0.5932	0.5948	0.6625	0.6650	0.6382	0.6430	0.6557	0.6328	0.6607	0.6929	0.6891	0.7209	0.7165	0.7400	0.7331	0.6803	0.6404	0.6274	0.6128	0.5905	0.6138	0.5857	0.5772	0.5772	0.5804	0.5902	0.5794	0.5975	0.6001	0.6050	0.5784	0.6138	0.6047	0.6168	0.5641	0.5870	0.5701	0.5689	0.5816	0.5311	0.5582	0.5361	0.4843	0.5083	0.4674	0.4384	0.4436
0.1770	0.2161	0.2475	0.2555	0.2798	0.2835	0.3094	0.3430	0.3379	0.3322	0.3310	0.3606	0.3634	0.3966	0.3962	0.4388	0.4788	0.5342	0.5775	0.5712	0.5683	0.6084	0.6089	0.6249	0.6009	0.6389	0.6271	0.6597	0.6738	0.6820	0.6699	0.7041	0.6962	0.7649	0.7441	0.7373	0.7150	0.7082	0.6597	0.6356	0.6693	0.6530	0.6099	0.6091	0.6004	0.5772	0.5686	0.5549	0.6113	0.6347	0.6038	0.5787	0.6178	0.6257	0.6201	0.6101	0.6045	0.6144	0.5958	0.5588	0.5439	0.5687	0.5613	0.5427	0.4917	0.4494	0.4740	0.4605	0.4330
0.2130	0.2488	0.2725	0.2589	0.2857	0.2871	0.3273	0.3733	0.3881	0.3547	0.3818	0.4037	0.4289	0.4103	0.4416	0.4648	0.4875	0.5645	0.5649	0.5927	0.6032	0.6377	0.6216	0.6453	0.6442	0.7079	0.6539	0.6708	0.7281	0.6659	0.7193	0.7824	0.7603	0.7989	0.8306	0.7575	0.7711	0.7657	0.7562	0.7262	0.7581	0.7121	0.7057	0.6921	0.6840	0.6372	0.6473	0.6330	0.6654	0.6815	0.6546	0.6604	0.6753	0.7155	0.6796	0.6583	0.6515	0.6513	0.6367	0.5916	0.5853	0.5619	0.5707	0.5502	0.5460	0.5246	0.4991	0.4823	0.4518
0.2039	0.2813	0.3494	0.3817	0.3913	0.4038	0.4295	0.4275	0.4582	0.4677	0.4845	0.5104	0.4980	0.5112	0.4949	0.5550	0.5925	0.5740	0.5639	0.5969	0.5920	0.6448	0.6821	0.6693	0.6920	0.6847	0.7098	0.7007	0.7302	0.7317	0.7855	0.8710	0.8627	0.8790	0.9011	0.8636	0.8601	0.8495	0.8253	0.7860	0.8378	0.8070	0.8409	0.8531	0.8149	0.7607	0.7931	0.7676	0.7827	0.8203	0.8091	0.8428	0.7770	0.7659	0.7093	0.7049	0.6655	0.6440	0.6366	0.6445	0.6440	0.6139	0.6293	0.6007	0.5335	0.5442	0.5113	0.4841	0.4774
0.1436	0.2662	0.3538	0.5025	0.5559	0.6209	0.6268	0.5926	0.6021	0.6152	0.5845	0.5909	0.5778	0.6161	0.5910	0.6360	0.6751	0.6804	0.6983	0.7186	0.6818	0.7221	0.7207	0.7373	0.6987	0.6734	0.7236	0.7196	0.7592	0.8418	0.8799	0.9027	0.9401	0.9541	0.9647	0.8969	0.9276	0.8791	0.8989	0.8178	0.7063	0.6150	0.7938	0.8761	0.7829	0.7492	0.8091	0.7752	0.7935	0.7563	0.6949	0.8236	0.8787	0.8108	0.7496	0.7024	0.6862	0.6543	0.6924	0.6837	0.6505	0.6600	0.6358	0.6136	0.5684	0.5610	0.5398	0.5269	0.5176
0.0761	0.1148	0.1693	0.2532	0.3508	0.4643	0.5512	0.5761	0.6172	0.6425	0.6804	0.6302	0.6456	0.6712	0.7070	0.7421	0.7473	0.7717	0.7940	0.8124	0.8075	0.8149	0.7681	0.7578	0.7677	0.7279	0.7596	0.7493	0.8361	0.8637	0.9409	0.9352	0.8183	0.7213	0.7717	0.6680	0.8086	0.8725	0.8108	0.6037	0.4532	0.3627	0.4264	0.5077	0.4495	0.4210	0.4712	0.4686	0.5452	0.5106	0.4724	0.6405	0.8652	0.8677	0.7929	0.7568	0.7415	0.6958	0.6759	0.6817	0.6765	0.6945	0.6640	0.6387	0.5817	0.5997	0.5818	0.5783	0.5286
0.0355	0.0535	0.0837	0.1141	0.1518	0.1846	0.2139	0.2348	0.2807	0.3148	0.3839	0.4264	0.4706	0.5147	0.5807	0.6650	0.7461	0.7467	0.7010	0.7242	0.7583	0.7108	0.7527	0.7719	0.7891	0.7710	0.7713	0.7438	0.7855	0.7990	0.7653	0.6192	0.4063	0.3503	0.3666	0.3798	0.4501	0.5273	0.4557	0.3634	0.3776	0.3169	0.3021	0.3007	0.3430	0.3633	0.3657	0.3732	0.4061	0.4042	0.4405	0.4891	0.7603	0.9271	0.8240	0.8033	0.7741	0.7742	0.7284	0.7262	0.7370	0.6624	0.6959	0.6566	0.6677	0.6047	0.5988	0.5471	0.5092
0.0157	0.0388	0.0685	0.0593	0.0846	0.0929	0.1179	0.1079	0.1200	0.1369	0.1416	0.1552	0.1769	0.2005	0.2431	0.2925	0.4007	0.4410	0.3907	0.3668	0.3739	0.4118	0.4798	0.5667	0.6537	0.6426	0.5704	0.4553	0.4421	0.4307	0.3874	0.2803	0.2428	0.2479	0.2427	0.2504	0.2508	0.2855	0.2570	0.2596	0.2874	0.2704	0.2777	0.2798	0.3059	0.3047	0.3358	0.3482	0.3482	0.3599	0.3780	0.4271	0.6133	0.8031	0.8039	0.8901	0.9007	0.8725	0.8444	0.8342	0.7851	0.6885	0.7005	0.6416	0.6199	0.6111	0.6317	0.5859	0.5641
0.0145	0.0371	0.0341	0.0348	0.0584	0.0615	0.0702	0.0789	0.0931	0.1044	0.0789	0.0897	0.1069	0.1136	0.1308	0.1357	0.1460	0.1679	0.1700	0.1691	0.1929	0.1800	0.2028	0.2255	0.2608	0.2575	0.2331	0.2190	0.2199	0.2334	0.2256	0.2094	0.2177	0.2051	0.1991	0.2079	0.2090	0.2083	0.2330	0.2165	0.2197	0.2346	0.2319	0.2363	0.2505	0.2608	0.2826	0.2953	0.2943	0.3025	0.3252	0.3576	0.3920	0.4739	0.6646	0.9115	0.9014	0.7760	0.8062	0.8809	0.8581	0.7935	0.7756	0.6762	0.6464	0.6772	0.6416	0.6410	0.6051
0.0128	0.0216	0.0314	0.0460	0.0638	0.0623	0.0571	0.0774	0.0738	0.0785	0.0817	0.0812	0.0890	0.0868	0.1058	0.1199	0.1154	0.1154	0.1119	0.1219	0.1325	0.1238	0.1267	0.1493	0.1582	0.1515	0.1630	0.1577	0.1783	0.1739	0.1786	0.1733	0.1805	0.1775	0.1773	0.1713	0.1721	0.1855	0.1904	0.1894	0.1768	0.1990	0.2083	0.2018	0.2094	0.2179	0.2254	0.2494	0.2512	0.2750	0.2954	0.3019	0.3325	0.3727	0.4686	0.6117	0.5442	0.4878	0.6648	0.9263	0.9198	0.8489	0.8049	0.7394	0.6892	0.7371	0.6967	0.6926	0.6042
0.0037	0.0028	0.0167	0.0267	0.0500	0.0598	0.0580	0.0648	0.0677	0.0571	0.0669	0.0764	0.0687	0.0728	0.0775	0.0804	0.0935	0.0991	0.1006	0.0964	0.0948	0.0952	0.1137	0.1202	0.1209	0.1227	0.1169	0.1294	0.1309	0.1373	0.1453	0.1438	0.1478	0.1455	0.1557	0.1452	0.1538	0.1536	0.1529	0.1558	0.1465	0.1563	0.1711	0.1845	0.1879	0.1859	0.1931	0.2183	0.2237	0.2294	0.2500	0.2680	0.2951	0.3015	0.3407	0.3708	0.3914	0.4462	0.5646	0.9205	0.9989	0.9899	0.9153	0.8747	0.7471	0.7132	0.7207	0.7144	0.6500
0.0104	0.0344	0.0368	0.0320	0.0335	0.0477	0.0609	0.0651	0.0582	0.0537	0.0497	0.0626	0.0651	0.0648	0.0765	0.0784	0.0981	0.0808	0.0863	0.0953	0.0893	0.0869	0.0913	0.1036	0.1026	0.1026	0.1070	0.1152	0.1134	0.1016	0.1041	0.1012	0.1009	0.1079	0.1246	0.1182	0.1213	0.1231	0.1174	0.1259	0.1287	0.1315	0.1372	0.1593	0.1582	0.1545	0.1569	0.1737	0.1822	0.1918	0.2161	0.2331	0.2594	0.2844	0.3016	0.3310	0.3680	0.4203	0.5311	0.8593	0.9509	0.9259	0.9429	0.9249	0.8078	0.7572	0.7762	0.7284	0.6944
0.0120	0.0235	0.0216	0.0181	0.0253	0.0373	0.0434	0.0491	0.0394	0.0330	0.0450	0.0568	0.0694	0.0631	0.0753	0.0740	0.0894	0.0819	0.0789	0.0824	0.0787	0.0809	0.0847	0.0832	0.0862	0.0939	0.0892	0.0922	0.1029	0.1013	0.0943	0.0897	0.0918	0.0881	0.0983	0.1001	0.1029	0.1036	0.0988	0.0994	0.1031	0.1074	0.1141	0.1142	0.1232	0.1239	0.1259	0.1469	0.1523	0.1577	0.1784	0.1685	0.1934	0.2270	0.2373	0.2646	0.2989	0.3188	0.3707	0.5634	0.7853	0.7242	0.9327	0.9714	0.8573	0.8357	0.7480	0.6714	0.6955
0.0050	0.0048	0.0175	0.0275	0.0278	0.0255	0.0301	0.0388	0.0450	0.0391	0.0460	0.0570	0.0581	0.0517	0.0546	0.0627	0.0725	0.0718	0.0635	0.0724	0.0748	0.0646	0.0817	0.0806	0.0807	0.0800	0.0765	0.0783	0.0774	0.0785	0.0801	0.0798	0.0816	0.0745	0.0823	0.0736	0.0774	0.0795	0.0836	0.0824	0.0780	0.0897	0.0897	0.1024	0.1112	0.1079	0.1147	0.1188	0.1203	0.1206	0.1347	0.1372	0.1493	0.1611	0.1682	0.1858	0.2033	0.2062	0.2351	0.2857	0.3249	0.3533	0.5512	0.7232	0.5933	0.6374	0.5829	0.5634	0.7415
0.0075	0.0027	0.0104	0.0176	0.0240	0.0240	0.0209	0.0260	0.0351	0.0356	0.0434	0.0534	0.0445	0.0498	0.0633	0.0744	0.0645	0.0680	0.0615	0.0676	0.0854	0.0675	0.0660	0.0660	0.0672	0.0776	0.0752	0.0672	0.0689	0.0660	0.0722	0.0777	0.0714	0.0757	0.0683	0.0688	0.0672	0.0731	0.0784	0.0754	0.0719	0.0784	0.0787	0.0810	0.0924	0.1020	0.1042	0.0961	0.0980	0.1063	0.1069	0.1091	0.1193	0.1224	0.1264	0.1354	0.1447	0.1524	0.1799	0.2075	0.2105	0.2053	0.2325	0.2990	0.2862	0.3033	0.3496	0.4195	0.6796
0.0000	0.0093	0.0056	0.0162	0.0244	0.0147	0.0192	0.0331	0.0364	0.0419	0.0402	0.0433	0.0450	0.0451	0.0518	0.0650	0.0539	0.0595	0.0491	0.0663	0.0725	0.0585	0.0546	0.0590	0.0699	0.0896	0.0769	0.0666	0.0657	0.0658	0.0616	0.0581	0.0670	0.0668	0.0658	0.0645	0.0713	0.0683	0.0703	0.0646	0.0740	0.0778	0.0724	0.0731	0.0771	0.0815	0.0796	0.0816	0.0877	0.0908	0.0932	0.0986	0.0927	0.1031	0.1135	0.1142	0.1259	0.1272	0.1409	0.1498	0.1648	0.1548	0.1617	0.1687	0.1902	0.2084	0.2196	0.2292	0.3398
0.0000	0.0000	0.0000	0.0052	0.0228	0.0133	0.0215	0.0446	0.0307	0.0313	0.0368	0.0552	0.0479	0.0441	0.0448	0.0545	0.0720	0.0604	0.0517	0.0546	0.0595	0.0521	0.0641	0.0563	0.0576	0.0629	0.0590	0.0645	0.0623	0.0580	0.0498	0.0505	0.0566	0.0661	0.0627	0.0645	0.0639	0.0614	0.0616	0.0585	0.0595	0.0662	0.0666	0.0715	0.0701	0.0680	0.0707	0.0799	0.0781	0.0772	0.0783	0.0851	0.0771	0.0951	0.0905	0.0854	0.0989	0.1011	0.1021	0.1211	0.1263	0.1264	0.1452	0.1467	0.1676	0.1758	0.1580	0.1715	0.1700
0.0000	0.0000	0.0127	0.0129	0.0169	0.0130	0.0071	0.0399	0.0266	0.0258	0.0315	0.0261	0.0306	0.0339	0.0373	0.0450	0.0477	0.0352	0.0344	0.0441	0.0438	0.0415	0.0514	0.0487	0.0538	0.0572	0.0579	0.0510	0.0606	0.0620	0.0543	0.0510	0.0543	0.0577	0.0529	0.0527	0.0548	0.0517	0.0593	0.0587	0.0574	0.0634	0.0623	0.0584	0.0544	0.0579	0.0626	0.0655	0.0616	0.0742	0.0649	0.0698	0.0811	0.0836	0.0830	0.0782	0.0829	0.0744	0.0903	0.0976	0.1017	0.0977	0.1056	0.1153	0.1285	0.1298	0.1127	0.1200	0.1297
0.0000	0.0000	0.0000	0.0008	0.0009	0.0047	0.0000	0.0198	0.0042	0.0076	0.0134	0.0272	0.0289	0.0227	0.0285	0.0497	0.0335	0.0291	0.0290	0.0382	0.0397	0.0369	0.0374	0.0415	0.0450	0.0501	0.0553	0.0468	0.0561	0.0580	0.0493	0.0472	0.0529	0.0430	0.0486	0.0494	0.0440	0.0518	0.0572	0.0474	0.0515	0.0486	0.0492	0.0474	0.0492	0.0534	0.0564	0.0623	0.0543	0.0604	0.0628	0.0679	0.0691	0.0686	0.0793	0.0723	0.0699	0.0773	0.0907	0.0908	0.0966	0.0905	0.0960	0.0912	0.0907	0.0955	0.0933	0.0958	0.1006
0.0000	0.0000	0.0000	0.0000	0.0108	0.0000	0.0107	0.0139	0.0126	0.0199	0.0173	0.0245	0.0350	0.0249	0.0358	0.0347	0.0341	0.0404	0.0288	0.0434	0.0404	0.0460	0.0361	0.0393	0.0378	0.0480	0.0496	0.0454	0.0487	0.0517	0.0476	0.0455	0.0448	0.0494	0.0485	0.0420	0.0553	0.0618	0.0486	0.0429	0.0496	0.0471	0.0510	0.0526	0.0496	0.0522	0.0578	0.0613	0.0530	0.0562	0.0621	0.0598	0.0644	0.0723	0.0783	0.0808	0.0725	0.0691	0.0774	0.0841	0.0791	0.0755	0.0803	0.0813	0.0864	0.0835	0.0927	0.0874	0.0803
0.0000	0.0000	0.0000	0.0000	0.0000	0.0000	0.0046	0.0155	0.0096	0.0253	0.0270	0.0198	0.0347	0.0365	0.0235	0.0227	0.0348	0.0252	0.0400	0.0478	0.0334	0.0312	0.0358	0.0407	0.0341	0.0428	0.0456	0.0381	0.0499	0.0467	0.0521	0.0430	0.0412	0.0556	0.0542	0.0482	0.0476	0.0500	0.0472	0.0468	0.0516	0.0458	0.0545	0.0550	0.0455	0.0487	0.0476	0.0533	0.0520	0.0550	0.0610	0.0561	0.0586	0.0662	0.0666	0.0605	0.0657	0.0641	0.0678	0.0721	0.0673	0.0640	0.0724	0.0794	0.0803	0.0710	0.0775	0.0734	0.0712
0.0000	0.0000	0.0000	0.0000	0.0000	0.0000	0.0000	0.0065	0.0096	0.0220	0.0238	0.0133	0.0131	0.0145	0.0129	0.0234	0.0319	0.0123	0.0266	0.0345	0.0351	0.0305	0.0292	0.0395	0.0436	0.0338	0.0390	0.0378	0.0402	0.0377	0.0508	0.0435	0.0409	0.0505	0.0412	0.0437	0.0376	0.0385	0.0455	0.0403	0.0444	0.0477	0.0490	0.0438	0.0477	0.0444	0.0477	0.0519	0.0479	0.0527	0.0529	0.0525	0.0616	0.0557	0.0579	0.0650	0.0623	0.0610	0.0557	0.0628	0.0637	0.0667	0.0630	0.0696	0.0620	0.0689	0.0682	0.0658	0.0816
0.0000	0.0000	0.0000	0.0000	0.0000	0.0136	0.0208	0.0139	0.0216	0.0162	0.0208	0.0102	0.0178	0.0040	0.0186	0.0252	0.0237	0.0221	0.0297	0.0369	0.0263	0.0261	0.0321	0.0455	0.0629	0.0476	0.0354	0.0341	0.0307	0.0511	0.0468	0.0422	0.0472	0.0502	0.0575	0.0405	0.0337	0.0414	0.0436	0.0448	0.0476	0.0396	0.0417	0.0413	0.0377	0.0425	0.0478	0.0509	0.0436	0.0455	0.0504	0.0507	0.0575	0.0554	0.0639	0.0688	0.0554	0.0631	0.0577	0.0699	0.0711	0.0718	0.0769	0.0788	0.0853	0.0791	0.0781	0.0788	0.0793
