0.0000	0.0000	0.0208	0.0210	0.0070	0.0000	0.0272	0.0294	0.0356	0.0405	0.0198	0.0282	0.0376	0.0344	0.0481	0.0510	0.0556	0.0605	0.0515	0.0598	0.0599	0.0484	0.0785	0.0812	0.1004	0.0821	0.0869	0.0630	0.0820	0.0911	0.0753	0.0772	0.0951	0.0991	0.1054	0.1088	0.1108	0.0955	0.0999	0.0849	0.0949	0.1064	0.1124	0.0922	0.1021	0.1176	0.1072	0.1125	0.1106	0.0991	0.1200	0.0982	0.1052	0.1059	0.1205	0.1070	0.0937	0.0944	0.1187	0.0980	0.0979	0.0864	0.0814	0.0750	0.0777	0.0704	0.0784	0.0726	0.0519
0.0000	0.0000	0.0000	0.0186	0.0233	0.0238	0.0226	0.0213	0.0414	0.0201	0.0223	0.0391	0.0435	0.0603	0.0514	0.0506	0.0495	0.0762	0.0628	0.0649	0.0764	0.0687	0.0887	0.0847	0.0863	0.0995	0.0803	0.0842	0.0852	0.0794	0.1179	0.1154	0.0951	0.1002	0.1038	0.0952	0.1057	0.1097	0.1135	0.1219	0.1261	0.1079	0.1067	0.1246	0.1155	0.1136	0.1356	0.1432	0.1278	0.1204	0.1394	0.1043	0.1043	0.1023	0.1160	0.1057	0.0951	0.0946	0.1131	0.1245	0.1086	0.1021	0.1047	0.1241	0.0984	0.0760	0.0645	0.0684	0.0673
0.0000	0.0089	0.0313	0.0177	0.0271	0.0224	0.0090	0.0294	0.0352	0.0270	0.0338	0.0387	0.0602	0.0618	0.0436	0.0446	0.0580	0.0735	0.0708	0.0758	0.0867	0.0893	0.0771	0.0751	0.0700	0.0840	0.0903	0.0747	0.0904	0.0935	0.1066	0.1051	0.0837	0.1154	0.1098	0.0895	0.1144	0.1151	0.1314	0.1242	0.1298	0.1265	0.1419	0.1280	0.1096	0.1217	0.1498	0.1353	0.1116	0.1181	0.1357	0.1348	0.1334	0.1277	0.1480	0.1144	0.1117	0.0972	0.1273	0.1221	0.1105	0.1214	0.1312	0.1146	0.1107	0.0803	0.0683	0.0870	0.0836
0.0014	0.0068	0.0356	0.0365	0.0254	0.0160	0.0227	0.0314	0.0396	0.0444	0.0388	0.0526	0.0830	0.0707	0.0418	0.0545	0.0626	0.0767	0.0633	0.0746	0.0937	0.0773	0.0718	0.0834	0.0954	0.0877	0.1105	0.1004	0.0939	0.1090	0.0902	0.1012	0.1076	0.1097	0.1207	0.1023	0.1082	0.1174	0.1158	0.1253	0.1299	0.1141	0.1222	0.1413	0.1328	0.1202	0.1330	0.1141	0.1056	0.1077	0.1347	0.1379	0.1319	0.1363	0.1538	0.1393	0.1156	0.1336	0.1280	0.1134	0.1307	0.1569	0.1392	0.1249	0.1324	0.1025	0.0846	0.0936	0.0922
0.0217	0.0175	0.0263	0.0386	0.0321	0.0418	0.0528	0.0468	0.0377	0.0326	0.0352	0.0426	0.0705	0.0676	0.0682	0.0691	0.0800	0.0639	0.0616	0.0789	0.0765	0.0830	0.0835	0.1195	0.1037	0.0946	0.0961	0.0986	0.1019	0.0948	0.1008	0.1042	0.1152	0.1058	0.1024	0.1030	0.1181	0.1112	0.1257	0.1244	0.1140	0.1211	0.1394	0.1442	0.1366	0.1414	0.1524	0.1199	0.1349	0.1232	0.1290	0.1520	0.1408	0.1480	0.1387	0.1566	0.1486	0.1596	0.1447	0.1427	0.1404	0.1593	0.1483	0.1490	0.1496	0.1227	0.1395	0.1284	0.1117
0.0000	0.0191	0.0332	0.0241	0.0113	0.0308	0.0504	0.0629	0.0700	0.0316	0.0389	0.0577	0.0715	0.0728	0.0826	0.0791	0.0699	0.0619	0.0695	0.0950	0.0977	0.0994	0.0995	0.0920	0.0959	0.0923	0.1007	0.1019	0.1061	0.1080	0.1048	0.1055	0.1247	0.1325	0.1301	0.1167	0.1189	0.1273	0.1287	0.1248	0.1094	0.1511	0.1715	0.1562	0.1348	0.1384	0.1459	0.1390	0.1393	0.1455	0.1475	0.1599	0.1567	0.1602	0.1598	0.1686	0.1649	0.1517	0.1874	0.1734	0.1817	0.1692	0.1734	0.1701	0.1686	0.1472	0.1469	0.1563	0.1581
0.0048	0.0031	0.0323	0.0216	0.0192	0.0212	0.0443	0.0623	0.0535	0.0406	0.0703	0.0959	0.0716	0.0577	0.0743	0.0689	0.0711	0.0962	0.0926	0.0801	0.1073	0.1068	0.0726	0.0752	0.0979	0.1231	0.0988	0.1050	0.1262	0.1153	0.1125	0.1007	0.1139	0.1396	0.1276	0.1324	0.1298	0.1373	0.1315	0.1425	0.1427	0.1585	0.1554	0.1402	0.1373	0.1247	0.1510	0.1923	0.1676	0.1611	0.1741	0.2008	0.1804	0.1682	0.1801	0.2171	0.1796	0.1659	0.1903	0.2047	0.1915	0.2139	0.2068	0.2707	0.2849	0.1923	0.1732	0.1803	0.2302
0.0400	0.0257	0.0324	0.0368	0.0392	0.0407	0.0575	0.0529	0.0458	0.0574	0.0687	0.0857	0.0716	0.0692	0.0716	0.0969	0.0981	0.0983	0.1011	0.0997	0.1067	0.1243	0.0960	0.1030	0.1052	0.1179	0.1015	0.1182	0.1377	0.1367	0.1444	0.1071	0.1088	0.1409	0.1428	0.1342	0.1523	0.1460	0.1582	0.1582	0.1645	0.1496	0.1723	0.1516	0.1610	0.1869	0.1787	0.1780	0.1599	0.1854	0.2026	0.2273	0.1940	0.1823	0.2128	0.2371	0.1974	0.2002	0.2259	0.2266	0.2349	0.2583	0.3334	0.4088	0.3977	0.2889	0.2373	0.2700	0.3366
0.0161	0.0468	0.0452	0.0475	0.0555	0.0758	0.0723	0.0559	0.0621	0.0608	0.0767	0.0766	0.0984	0.1107	0.0854	0.1000	0.1075	0.1183	0.1032	0.1143	0.1267	0.1106	0.1034	0.1052	0.1252	0.1321	0.1023	0.1027	0.1415	0.1333	0.1276	0.1127	0.1446	0.1436	0.1513	0.1516	0.1508	0.1523	0.1637	0.1716	0.1649	0.1578	0.1781	0.1734	0.2025	0.2110	0.2050	0.2076	0.2510	0.2449	0.2696	0.3216	0.2774	0.2732	0.2518	0.2635	0.2588	0.2390	0.2960	0.2937	0.2922	0.3017	0.4493	0.4418	0.4523	0.3620	0.3070	0.3684	0.3504
0.0266	0.0188	0.0276	0.0434	0.0484	0.0487	0.0477	0.0597	0.0939	0.0838	0.0891	0.0731	0.0901	0.0925	0.1093	0.0895	0.1049	0.1136	0.1369	0.1093	0.1213	0.1130	0.1062	0.1126	0.1275	0.1392	0.1235	0.1205	0.1328	0.1253	0.1219	0.1376	0.1413	0.1523	0.1493	0.1447	0.1835	0.1745	0.1677	0.1839	0.1795	0.2187	0.2604	0.2716	0.2687	0.2611	0.2726	0.2733	0.2901	0.3111	0.3404	0.4017	0.4486	0.3627	0.2994	0.3002	0.3104	0.3189	0.3796	0.4313	0.3924	0.3903	0.4807	0.4733	0.4256	0.3804	0.3489	0.4099	0.3862
0.0369	0.0312	0.0556	0.0369	0.0365	0.0476	0.0519	0.0793	0.0892	0.0873	0.0988	0.0862	0.0843	0.0924	0.0995	0.1132	0.0999	0.1169	0.1110	0.0998	0.1248	0.1226	0.1298	0.1347	0.1512	0.1475	0.1293	0.1475	0.1605	0.1324	0.1339	0.1604	0.1456	0.1557	0.1673	0.1621	0.1991	0.2261	0.2127	0.2276	0.2409	0.3242	0.5270	0.4416	0.3515	0.3910	0.4395	0.3973	0.3528	0.4040	0.4866	0.5640	0.5681	0.4789	0.3476	0.3373	0.3584	0.3808	0.5111	0.5731	0.5210	0.4212	0.4933	0.5131	0.4443	0.4244	0.3833	0.3765	0.3668
0.0252	0.0574	0.0558	0.0469	0.0404	0.0538	0.0524	0.0821	0.0948	0.0916	0.0816	0.0928	0.0965	0.1079	0.1122	0.1004	0.1086	0.1511	0.1323	0.1200	0.1507	0.1205	0.1279	0.1341	0.1586	0.1691	0.1490	0.1381	0.1496	0.1478	0.1597	0.1592	0.1846	0.2026	0.1971	0.1853	0.2388	0.2659	0.3043	0.3211	0.3692	0.5539	0.7582	0.5451	0.4608	0.6433	0.7101	0.5789	0.4743	0.6189	0.6971	0.7185	0.6453	0.6179	0.4811	0.4240	0.4490	0.4193	0.6045	0.6006	0.5341	0.4446	0.4808	0.4951	0.4960	0.4282	0.3722	0.3939	0.3895
0.0221	0.0362	0.0452	0.0636	0.0509	0.0427	0.0756	0.1018	0.1074	0.0987	0.0945	0.0978	0.1065	0.1015	0.0928	0.1146	0.1276	0.1408	0.1186	0.1428	0.1477	0.1477	0.1684	0.1629	0.1663	0.1816	0.1681	0.1539	0.1801	0.1910	0.1959	0.2082	0.2511	0.2554	0.2609	0.2570	0.2964	0.3349	0.3877	0.4242	0.4721	0.6841	0.7936	0.6253	0.5683	0.7571	0.8243	0.7618	0.6790	0.7183	0.7560	0.7486	0.7193	0.6843	0.6193	0.6253	0.5540	0.5104	0.6387	0.6101	0.5446	0.5296	0.5062	0.5146	0.5670	0.4627	0.4228	0.4432	0.4359
0.0486	0.0299	0.0608	0.0659	0.0539	0.0668	0.0894	0.1112	0.0876	0.0949	0.1118	0.1306	0.1160	0.1268	0.1138	0.1338	0.1644	0.1770	0.1491	0.1835	0.1875	0.1768	0.1953	0.1985	0.2018	0.1995	0.2213	0.2318	0.2358	0.2632	0.2459	0.2727	0.3120	0.3229	0.3348	0.3543	0.3757	0.3998	0.4633	0.4900	0.4968	0.5754	0.7562	0.6083	0.6123	0.7759	0.7980	0.8073	0.7815	0.7355	0.7519	0.7990	0.7466	0.7099	0.7174	0.7196	0.6586	0.5500	0.6263	0.6131	0.5867	0.5579	0.5398	0.5162	0.5040	0.4628	0.4983	0.4381	0.4248
0.0295	0.0403	0.0559	0.0686	0.0772	0.0888	0.1094	0.1202	0.1306	0.1215	0.1343	0.1588	0.1509	0.1328	0.1585	0.1624	0.1960	0.2094	0.1938	0.2059	0.2256	0.2389	0.2330	0.2638	0.2691	0.2571	0.2712	0.2958	0.3139	0.3284	0.3411	0.3637	0.4062	0.4257	0.4096	0.4437	0.4667	0.5539	0.7665	0.7538	0.6079	0.5320	0.6072	0.5901	0.5918	0.7032	0.7790	0.7623	0.7895	0.7411	0.7305	0.7546	0.7231	0.6652	0.6514	0.6701	0.6893	0.6496	0.5784	0.5904	0.5864	0.5330	0.5451	0.5171	0.4890	0.4461	0.4554	0.4165	0.4216
0.0227	0.0484	0.0854	0.0913	0.1149	0.1210	0.1371	0.1517	0.1809	0.1830	0.1932	0.1998	0.2271	0.2255	0.2591	0.2781	0.2851	0.2734	0.2968	0.2951	0.3004	0.3279	0.3181	0.3518	0.3623	0.3576	0.3552	0.3425	0.3798	0.3941	0.4016	0.4322	0.4870	0.5236	0.5210	0.6117	0.6396	0.7477	0.8348	0.7933	0.7606	0.5888	0.6181	0.6804	0.7212	0.7980	0.7919	0.7278	0.7414	0.7186	0.7004	0.7176	0.6763	0.6021	0.6121	0.6903	0.6429	0.6474	0.5937	0.6186	0.5530	0.5049	0.5206	0.5231	0.4500	0.4377	0.4483	0.4413	0.4358
0.0671	0.0689	0.0961	0.1213	0.1380	0.1744	0.2020	0.2168	0.2601	0.3200	0.3448	0.3992	0.4620	0.5013	0.5391	0.5259	0.4820	0.4797	0.4525	0.4639	0.4289	0.4344	0.4321	0.4602	0.4909	0.5323	0.5650	0.4452	0.4372	0.5258	0.5265	0.5988	0.7198	0.6674	0.7219	0.7691	0.8562	0.8686	0.8575	0.7489	0.7583	0.7353	0.7834	0.8110	0.7684	0.7901	0.7390	0.7503	0.6833	0.6689	0.6624	0.7115	0.6644	0.6399	0.5974	0.6425	0.5504	0.5650	0.5676	0.5516	0.5401	0.4922	0.4917	0.4832	0.4717	0.4156	0.3956	0.4085	0.4222
0.1014	0.1261	0.1729	0.2247	0.2611	0.3208	0.4005	0.5128	0.6179	0.5464	0.6167	0.6930	0.6747	0.6869	0.7127	0.7354	0.7471	0.7689	0.7355	0.7107	0.6524	0.7046	0.6778	0.6710	0.7137	0.7463	0.7586	0.6292	0.6145	0.7811	0.8428	0.8720	0.9165	0.8745	0.8654	0.8465	0.8688	0.8001	0.7929	0.7615	0.6740	0.7112	0.7688	0.7387	0.6687	0.6787	0.7127	0.7209	0.6940	0.6397	0.6195	0.7002	0.6863	0.6151	0.5574	0.5597	0.5194	0.5212	0.5646	0.5277	0.5188	0.4956	0.4841	0.4549	0.4366	0.3878	0.3759	0.3944	0.3796
0.1101	0.2201	0.3213	0.4197	0.4929	0.5708	0.6957	0.6217	0.6469	0.5802	0.5469	0.6285	0.6625	0.6750	0.6988	0.7872	0.8012	0.8241	0.8088	0.7672	0.7746	0.7817	0.7913	0.7518	0.6985	0.7004	0.7644	0.7265	0.7308	0.8049	0.7908	0.7807	0.8180	0.8044	0.7869	0.7189	0.7195	0.7508	0.7203	0.6902	0.6798	0.6418	0.6816	0.6856	0.6807	0.6619	0.6175	0.6540	0.6375	0.6338	0.6590	0.6704	0.6188	0.5775	0.5688	0.5371	0.4784	0.4859	0.5101	0.4579	0.4847	0.4742	0.4819	0.4274	0.3982	0.3812	0.3787	0.3901	0.3904
0.2234	0.3190	0.4203	0.4929	0.4791	0.4730	0.4867	0.4327	0.4599	0.4673	0.4766	0.4818	0.5896	0.5838	0.6425	0.7079	0.7353	0.7473	0.7047	0.7225	0.6940	0.6887	0.6814	0.6591	0.6428	0.5932	0.6474	0.6581	0.6707	0.7022	0.6575	0.6483	0.7033	0.7246	0.6752	0.6531	0.6597	0.6366	0.6145	0.6127	0.6200	0.5913	0.6470	0.6334	0.6620	0.6170	0.5913	0.6109	0.6297	0.5934	0.5942	0.5963	0.5512	0.5605	0.5787	0.5319	0.4869	0.4756	0.4749	0.4516	0.4580	0.4641	0.4608	0.4526	0.4117	0.3863	0.3862	0.3788	0.3589
0.1989	0.2961	0.2995	0.2926	0.3088	0.3540	0.3986	0.3786	0.3941	0.4254	0.4508	0.4851	0.5657	0.5743	0.5691	0.6409	0.6945	0.7152	0.6568	0.6286	0.6571	0.6066	0.5764	0.5835	0.5571	0.5412	0.5358	0.5884	0.5866	0.5881	0.6246	0.5968	0.6640	0.6410	0.6364	0.6460	0.6304	0.6262	0.5755	0.6099	0.5948	0.5776	0.5796	0.5854	0.5691	0.5783	0.6090	0.6213	0.5834	0.5905	0.5838	0.5919	0.5264	0.5870	0.5544	0.4733	0.5049	0.5076	0.4964	0.4827	0.4747	0.4830	0.4446	0.4190	0.4216	0.3769	0.3883	0.3777	0.3564
0.2022	0.2686	0.3062	0.3025	0.3016	0.3200	0.3504	0.3952	0.3952	0.4438	0.4132	0.4443	0.5363	0.5766	0.5455	0.6242	0.6862	0.7073	0.6782	0.5970	0.6273	0.5937	0.5667	0.4939	0.5051	0.5030	0.5123	0.5746	0.5971	0.5707	0.5690	0.5523	0.6040	0.5911	0.5953	0.5904	0.5848	0.5910	0.5814	0.6157	0.6318	0.5861	0.6145	0.5853	0.5927	0.5934	0.5803	0.6243	0.5653	0.5844	0.6128	0.5867	0.5427	0.5314	0.4956	0.5239	0.5057	0.5201	0.5090	0.4672	0.4724	0.4765	0.4508	0.4495	0.4356	0.4055	0.3917	0.3719	0.3326
0.2272	0.2294	0.3002	0.3079	0.3009	0.3392	0.3616	0.3714	0.3745	0.3721	0.4133	0.4322	0.4937	0.5511	0.5660	0.6342	0.6599	0.6282	0.5654	0.5153	0.5560	0.5794	0.5339	0.4884	0.4841	0.4994	0.5470	0.5551	0.5594	0.5965	0.5684	0.5522	0.6031	0.5817	0.5803	0.5902	0.5919	0.5918	0.6078	0.5659	0.5756	0.5559	0.5736	0.5727	0.6211	0.6075	0.5503	0.5654	0.5488	0.5494	0.5680	0.5784	0.5788	0.5443	0.5205	0.5319	0.5060	0.4737	0.4962	0.5020	0.4640	0.4563	0.4550	0.4031	0.4038	0.4099	0.3852	0.3502	0.3426
0.2483	0.2441	0.2624	0.3053	0.3298	0.3222	0.4022	0.4078	0.3717	0.3606	0.3940	0.4040	0.4151	0.4790	0.5122	0.5327	0.5795	0.5607	0.5462	0.5259	0.5256	0.5433	0.5208	0.4684	0.5542	0.5203	0.5636	0.5669	0.5455	0.5696	0.5819	0.5631	0.5659	0.5950	0.5837	0.5760	0.5870	0.5742	0.5535	0.5496	0.5635	0.5467	0.5656	0.5651	0.5737	0.5640	0.5946	0.6016	0.5427	0.5502	0.5206	0.5208	0.5549	0.5449	0.5317	0.5325	0.5024	0.5036	0.4717	0.4589	0.4551	0.4658	0.4445	0.4065	0.4003	0.4142	0.3582	0.3338	0.3554
0.2314	0.2892	0.2797	0.2855	0.3082	0.3392	0.4026	0.3558	0.3588	0.3643	0.3919	0.4229	0.4322	0.4356	0.4801	0.4892	0.5390	0.5189	0.5151	0.5392	0.5037	0.5237	0.5352	0.5300	0.5298	0.5274	0.5465	0.5578	0.6004	0.5763	0.5642	0.5772	0.5712	0.5788	0.5669	0.5917	0.6276	0.5654	0.5600	0.5572	0.5676	0.6002	0.6107	0.5582	0.5826	0.5446	0.5601	0.5620	0.5463	0.5259	0.5154	0.5137	0.5252	0.5273	0.5422	0.5163	0.5014	0.5102	0.4816	0.4910	0.4673	0.4400	0.4658	0.4170	0.3843	0.3785	0.3474	0.3628	0.3493
0.2438	0.2546	0.2676	0.2824	0.3067	0.3251	0.3768	0.3679	0.3703	0.3838	0.3892	0.4253	0.4612	0.4651	0.4591	0.4772	0.5318	0.5104	0.4818	0.5026	0.5461	0.5101	0.5158	0.4836	0.4994	0.5078	0.5220	0.5603	0.5993	0.5832	0.6175	0.5931	0.5791	0.5821	0.6275	0.5876	0.5840	0.5863	0.6100	0.5747	0.5619	0.5932	0.5600	0.5502	0.5770	0.5932	0.5689	0.5635	0.5939	0.5745	0.5637	0.5611	0.5297	0.5202	0.5181	0.5240	0.5249	0.5107	0.5240	0.4812	0.4729	0.4330	0.4082	0.3877	0.4219	0.3964	0.3630	0.3411	0.3182
0.2627	0.2886	0.3199	0.3025	0.3062	0.3203	0.3282	0.3451	0.3307	0.3630	0.3997	0.4024	0.4598	0.4624	0.4470	0.4849	0.5246	0.5290	0.5212	0.4996	0.5220	0.5089	0.4854	0.5129	0.5181	0.5016	0.5479	0.5494	0.5433	0.5845	0.5686	0.5713	0.6069	0.5817	0.5913	0.5747	0.5502	0.5663	0.5904	0.6127	0.5864	0.5810	0.5668	0.5625	0.5654	0.5510	0.5334	0.5246	0.5299	0.5600	0.5663	0.5533	0.5475	0.5532	0.5182	0.5121	0.4946	0.4796	0.4909	0.5057	0.4439	0.4394	0.4468	0.4156	0.4034	0.3793	0.3603	0.3550	0.3494
0.2162	0.2989	0.3098	0.2963	0.2951	0.2940	0.3066	0.3521	0.3442	0.4071	0.4161	0.4419	0.4585	0.4483	0.4632	0.5271	0.5350	0.5106	0.5235	0.5090	0.5146	0.5108	0.5117	0.5306	0.5287	0.5268	0.5488	0.5136	0.5504	0.5461	0.5615	0.5811	0.5949	0.5688	0.5759	0.5950	0.5447	0.5517	0.5907	0.5892	0.5964	0.5977	0.5745	0.5576	0.5516	0.5396	0.5729	0.5337	0.5522	0.5102	0.5818	0.5695	0.5562	0.5647	0.4794	0.5037	0.5319	0.4857	0.4642	0.5262	0.4900	0.4439	0.4758	0.4271	0.4076	0.3788	0.3560	0.3653	0.3294
0.2155	0.2608	0.3047	0.3250	0.3124	0.3228	0.3700	0.3387	0.3499	0.3910	0.4025	0.4301	0.4311	0.4482	0.4669	0.4793	0.5041	0.5090	0.5502	0.4991	0.5417	0.5310	0.5035	0.5351	0.5479	0.5081	0.5334	0.5542	0.5725	0.5759	0.5993	0.5717	0.5990	0.5872	0.5619	0.5756	0.5818	0.5970	0.5601	0.5560	0.5981	0.6015	0.5654	0.5458	0.5709	0.5378	0.5651	0.5567	0.5476	0.5257	0.5591	0.5322	0.5557	0.5472	0.5422	0.5202	0.5181	0.5232	0.4787	0.4759	0.4846	0.4400	0.4337	0.4302	0.4412	0.3977	0.3708	0.3450	0.3312
0.2455	0.2605	0.2833	0.3211	0.3154	0.3229	0.3427	0.3577	0.3900	0.3793	0.4182	0.4730	0.4742	0.4612	0.4611	0.4770	0.5304	0.5574	0.5163	0.5120	0.5239	0.5381	0.4967	0.5367	0.5041	0.4997	0.5315	0.5650	0.5444	0.5844	0.5852	0.6154	0.6395	0.6294	0.5950	0.5775	0.6007	0.5952	0.5873	0.5838	0.6064	0.5767	0.5577	0.5999	0.5865	0.5307	0.5452	0.5820	0.5237	0.5456	0.5424	0.5395	0.5493	0.5273	0.5248	0.5042	0.4738	0.4859	0.4837	0.4748	0.4558	0.4561	0.4287	0.4198	0.4319	0.4070	0.3691	0.3768	0.3577
0.2413	0.2503	0.2962	0.2972	0.2994	0.3068	0.3133	0.3599	0.4145	0.3890	0.4421	0.4311	0.4264	0.4403	0.4587	0.4881	0.5258	0.5368	0.4964	0.5316	0.5226	0.5714	0.5145	0.5222	0.5239	0.4988	0.5153	0.5354	0.5263	0.5670	0.5809	0.6028	0.6487	0.6172	0.6360	0.6230	0.6110	0.5871	0.5895	0.6308	0.5720	0.6054	0.5957	0.6000	0.5506	0.5370	0.5552	0.5407	0.5827	0.5838	0.5771	0.6067	0.6180	0.5722	0.5142	0.5011	0.5132	0.5194	0.5142	0.4983	0.4723	0.4641	0.4490	0.4400	0.4255	0.3854	0.4068	0.3663	0.3199
0.2092	0.2539	0.2699	0.2759	0.3117	0.2973	0.3257	0.3694	0.3966	0.4041	0.3487	0.4001	0.4033	0.4084	0.4476	0.4699	0.5160	0.4965	0.5225	0.5423	0.5311	0.5567	0.5274	0.5325	0.5508	0.5476	0.5145	0.5534	0.5880	0.5478	0.5694	0.6154	0.6155	0.6129	0.6440	0.6212	0.5866	0.5822	0.6034	0.6053	0.5482	0.5783	0.6251	0.5848	0.5756	0.5365	0.5552	0.6146	0.5685	0.5869	0.5953	0.5684	0.5897	0.5990	0.5816	0.5485	0.5285	0.5471	0.5288	0.5066	0.4932	0.4773	0.4931	0.4809	0.4387	0.3953	0.3884	0.4119	0.3616
0.2127	0.2688	0.2943	0.3009	0.3109	0.3171	0.3488	0.3664	0.3745	0.3683	0.3504	0.3726	0.3748	0.4040	0.4328	0.4690	0.5106	0.5163	0.5485	0.5519	0.5706	0.5562	0.5032	0.5272	0.5374	0.5555	0.5272	0.5490	0.5853	0.5649	0.5760	0.6028	0.5828	0.5909	0.6201	0.6332	0.6462	0.6176	0.6295	0.6055	0.5974	0.5875	0.5689	0.5709	0.5879	0.5572	0.6302	0.6313	0.5920	0.5921	0.5958	0.5828	0.6037	0.5927	0.5796	0.5789	0.5446	0.5336	0.5487	0.5246	0.4867	0.4953	0.4853	0.4740	0.4416	0.3817	0.4095	0.4013	0.3474
0.2037	0.2485	0.2768	0.2899	0.3009	0.3129	0.3294	0.3867	0.3442	0.3457	0.3553	0.3585	0.3928	0.4581	0.4501	0.5136	0.4948	0.5312	0.4959	0.5553	0.5582	0.5257	0.5080	0.4996	0.5600	0.5855	0.5467	0.5792	0.5701	0.5990	0.5951	0.6044	0.6252	0.6462	0.6570	0.6396	0.6123	0.6285	0.6142	0.6221	0.6274	0.6203	0.6236	0.5957	0.5679	0.5949	0.6225	0.5772	0.5769	0.6252	0.6176	0.5585	0.5757	0.6008	0.5980	0.5693	0.5559	0.5382	0.5337	0.5278	0.5150	0.5210	0.4871	0.4981	0.4631	0.4323	0.4269	0.4193	0.4212
0.2273	0.2295	0.2563	0.2928	0.3161	0.3115	0.3095	0.3789	0.3702	0.3593	0.3748	0.4035	0.4400	0.4930	0.4616	0.5437	0.5480	0.5746	0.5242	0.5599	0.6007	0.5437	0.5533	0.5650	0.5852	0.5927	0.5429	0.5570	0.5722	0.5929	0.5779	0.5808	0.6051	0.6287	0.7019	0.6332	0.6003	0.6528	0.6968	0.6351	0.6255	0.6240	0.6320	0.6134	0.5964	0.6070	0.5744	0.5888	0.5555	0.6315	0.6167	0.6020	0.6228	0.6529	0.6131	0.5688	0.5814	0.5752	0.5547	0.5600	0.5385	0.4968	0.4986	0.4948	0.4965	0.4530	0.4435	0.4381	0.3973
0.2360	0.2566	0.2475	0.2639	0.2813	0.3028	0.3469	0.3952	0.4141	0.3900	0.4256	0.4453	0.4233	0.4942	0.5488	0.5872	0.5910	0.6230	0.6049	0.5944	0.6089	0.6026	0.6019	0.5845	0.5747	0.5603	0.5722	0.5678	0.6016	0.5947	0.5888	0.5681	0.6260	0.6684	0.6704	0.6475	0.6595	0.6528	0.6305	0.6076	0.6167	0.6142	0.6542	0.6382	0.6253	0.6320	0.6200	0.6103	0.6150	0.6184	0.6379	0.6461	0.6290	0.6542	0.6052	0.5946	0.5749	0.5740	0.5584	0.5434	0.5583	0.5330	0.5395	0.5237	0.4653	0.4431	0.4445	0.4499	0.4347
0.2093	0.2387	0.2743	0.2672	0.3042	0.3379	0.3499	0.3769	0.4242	0.4169	0.4043	0.4631	0.4799	0.5045	0.5507	0.6124	0.6314	0.6859	0.6512	0.6396	0.6787	0.6721	0.6500	0.6503	0.5785	0.6081	0.5952	0.5982	0.6338	0.6445	0.6052	0.6329	0.6240	0.6744	0.6627	0.6422	0.6128	0.6327	0.6057	0.5846	0.6074	0.6029	0.6117	0.6253	0.6177	0.5964	0.6489	0.6487	0.6653	0.6818	0.6190	0.6153	0.6298	0.6580	0.6218	0.5713	0.5725	0.5498	0.5602	0.5661	0.5147	0.5421	0.5410	0.5045	0.5058	0.4669	0.4459	0.4709	0.4362
0.1967	0.2569	0.3163	0.2954	0.3202	0.3541	0.4079	0.4200	0.4356	0.4273	0.4615	0.4967	0.5388	0.5644	0.5935	0.6452	0.6844	0.7401	0.7243	0.7164	0.7431	0.7476	0.7030	0.6777	0.6546	0.6615	0.6452	0.6390	0.7081	0.6451	0.6942	0.7085	0.6878	0.7047	0.7206	0.6781	0.6643	0.6652	0.6218	0.6343	0.6311	0.5981	0.6497	0.6390	0.6533	0.6724	0.6738	0.6678	0.6905	0.7066	0.6824	0.6726	0.6813	0.6890	0.6242	0.5999	0.5963	0.6106	0.6148	0.5706	0.5533	0.5795	0.5664	0.5309	0.5399	0.4940	0.4966	0.4959	0.4943
0.2343	0.3393	0.4021	0.3889	0.3794	0.4356	0.4706	0.4644	0.4500	0.4905	0.5549	0.5858	0.5871	0.6360	0.6374	0.7219	0.8054	0.8058	0.7666	0.7345	0.7152	0.7541	0.7485	0.6826	0.7151	0.6999	0.7500	0.7209	0.7558	0.7594	0.8098	0.7985	0.8082	0.8176	0.8388	0.8076	0.7132	0.7408	0.7152	0.6703	0.7006	0.6716	0.7043	0.7093	0.6970	0.7026	0.7077	0.6865	0.7064	0.7210	0.7114	0.7554	0.7442	0.7032	0.6443	0.6481	0.6198	0.6251	0.6103	0.6316	0.6331	0.6067	0.6117	0.5910	0.5468	0.5452	0.5210	0.4790	0.4900
0.1644	0.2916	0.4156	0.5242	0.5717	0.6301	0.6671	0.6111	0.5858	0.6446	0.6221	0.6993	0.6392	0.7028	0.7430	0.8509	0.8882	0.8996	0.8267	0.8659	0.8425	0.8146	0.7660	0.8007	0.7870	0.8023	0.7978	0.7946	0.8395	0.8479	0.8867	0.8679	0.8554	0.8219	0.8290	0.8964	0.8978	0.7931	0.7934	0.7445	0.7183	0.7468	0.7763	0.7843	0.7743	0.7323	0.7279	0.7438	0.7339	0.7430	0.7347	0.7592	0.7512	0.7337	0.6997	0.6464	0.6531	0.6433	0.6528	0.6491	0.6279	0.6277	0.6388	0.6062	0.5632	0.5758	0.5721	0.5163	0.4797
0.1030	0.1470	0.2237	0.3008	0.3938	0.4758	0.5967	0.6288	0.6055	0.6690	0.7329	0.7505	0.7233	0.7894	0.8102	0.8511	0.8974	0.8617	0.8408	0.8625	0.8136	0.7969	0.7724	0.7779	0.7362	0.6712	0.5938	0.5892	0.7074	0.6686	0.6389	0.6421	0.5951	0.5761	0.6014	0.7495	0.9381	0.8954	0.8273	0.7983	0.7847	0.7471	0.8215	0.7704	0.7610	0.7379	0.7771	0.7522	0.7486	0.7424	0.7296	0.7462	0.7201	0.7308	0.6721	0.6753	0.6839	0.6701	0.6474	0.6588	0.6511	0.6608	0.6610	0.6129	0.5787	0.5892	0.5582	0.5422	0.4746
0.0646	0.0884	0.1052	0.1268	0.1485	0.1775	0.1917	0.2803	0.2982	0.3414	0.4524	0.4687	0.5162	0.5174	0.5183	0.4955	0.4915	0.4611	0.4119	0.4142	0.4394	0.4164	0.4132	0.4347	0.4480	0.3937	0.3705	0.3790	0.4263	0.4513	0.4489	0.4549	0.4480	0.4912	0.5422	0.6065	0.7759	0.9506	0.8873	0.8382	0.8447	0.7885	0.8158	0.7603	0.7865	0.7648	0.8121	0.7649	0.7565	0.7643	0.8150	0.7858	0.7386	0.7159	0.6977	0.6972	0.7079	0.6755	0.6371	0.6808	0.6902	0.6256	0.6309	0.6168	0.5892	0.5563	0.5531	0.5036	0.4788
0.0249	0.0340	0.0572	0.0800	0.0784	0.1129	0.1179	0.1029	0.1623	0.1491	0.1645	0.1991	0.2310	0.2017	0.1938	0.2072	0.2375	0.2444	0.2342	0.2450	0.2568	0.2658	0.2644	0.2906	0.3224	0.2965	0.3063	0.3377	0.3578	0.3971	0.3751	0.3733	0.3940	0.4526	0.4552	0.4723	0.5584	0.7531	0.8044	0.8552	0.9510	0.8725	0.8832	0.8452	0.8448	0.8237	0.8268	0.8334	0.8172	0.8239	0.8032	0.7978	0.7664	0.7187	0.7091	0.6962	0.7429	0.7172	0.6894	0.6895	0.6702	0.5997	0.5979	0.6116	0.5894	0.5811	0.5562	0.4966	0.5067
0.0303	0.0290	0.0415	0.0647	0.0560	0.0823	0.0907	0.0980	0.1120	0.1112	0.1102	0.1182	0.1306	0.1156	0.1147	0.1280	0.1449	0.1579	0.1500	0.1741	0.1792	0.1789	0.2056	0.2422	0.2467	0.2360	0.2468	0.2624	0.2881	0.3054	0.3216	0.3357	0.3382	0.3512	0.3784	0.3902	0.4197	0.4659	0.5389	0.6532	0.6928	0.7350	0.8059	0.8840	0.9063	0.8665	0.8485	0.8461	0.8506	0.8447	0.7317	0.7604	0.8085	0.7479	0.7170	0.7476	0.7460	0.7042	0.6715	0.6993	0.6684	0.6185	0.6161	0.5856	0.5470	0.5778	0.5520	0.4977	0.4924
0.0205	0.0249	0.0342	0.0629	0.0653	0.0704	0.0791	0.0911	0.0589	0.0815	0.0884	0.0879	0.1030	0.0950	0.0974	0.0988	0.1080	0.1070	0.1180	0.1168	0.1313	0.1235	0.1330	0.1658	0.1755	0.1684	0.1886	0.2016	0.2292	0.2383	0.2349	0.2679	0.2670	0.2860	0.3018	0.3100	0.3261	0.3509	0.3846	0.4241	0.4096	0.4719	0.5663	0.7307	0.8247	0.8818	0.9117	0.9402	0.8714	0.8846	0.7094	0.6740	0.8837	0.8221	0.7653	0.7457	0.7153	0.7029	0.7428	0.7109	0.6857	0.6301	0.6091	0.5758	0.5691	0.5562	0.5409	0.5422	0.4540
0.0147	0.0151	0.0270	0.0293	0.0631	0.0801	0.0686	0.0796	0.0843	0.0678	0.0689	0.0875	0.0896	0.0906	0.0728	0.0923	0.1011	0.1145	0.1065	0.1117	0.1161	0.1023	0.1064	0.1204	0.1356	0.1329	0.1363	0.1384	0.1611	0.1806	0.1792	0.1924	0.2052	0.2127	0.2295	0.2385	0.2439	0.2765	0.2826	0.2926	0.3001	0.3378	0.3645	0.4665	0.5095	0.6117	0.8394	0.8835	0.7469	0.8077	0.6309	0.6620	0.9445	0.8947	0.8146	0.8074	0.7810	0.7973	0.7949	0.7734	0.7485	0.6776	0.6260	0.5801	0.6099	0.5572	0.5115	0.5036	0.4754
0.0187	0.0209	0.0437	0.0360	0.0444	0.0464	0.0560	0.0642	0.0795	0.0673	0.0713	0.0785	0.0763	0.0785	0.0740	0.0929	0.0961	0.0942	0.0984	0.1011	0.1018	0.0989	0.0943	0.1118	0.1130	0.1139	0.1099	0.1157	0.1231	0.1209	0.1289	0.1298	0.1286	0.1371	0.1553	0.1721	0.1823	0.1957	0.1951	0.2095	0.2430	0.2506	0.2671	0.3294	0.3493	0.3468	0.4573	0.5200	0.4735	0.5638	0.5159	0.6986	1.0000	0.9418	0.8252	0.7879	0.7472	0.7833	0.7467	0.7542	0.7068	0.6589	0.6116	0.5832	0.5419	0.5469	0.5246	0.4994	0.5068
0.0191	0.0253	0.0065	0.0220	0.0417	0.0357	0.0477	0.0627	0.0600	0.0578	0.0717	0.0713	0.0776	0.0685	0.0767	0.0986	0.0771	0.0888	0.0994	0.1004	0.0818	0.0868	0.0939	0.1056	0.1056	0.0999	0.0964	0.1064	0.1162	0.1125	0.1030	0.1015	0.1064	0.1041	0.1191	0.1257	0.1364	0.1437	0.1447	0.1516	0.1625	0.1753	0.1938	0.2037	0.2182	0.2499	0.2759	0.3033	0.3100	0.3751	0.4287	0.6051	0.9188	0.9805	0.8302	0.5602	0.4709	0.6480	0.6583	0.7237	0.7076	0.6544	0.6353	0.5925	0.5558	0.5704	0.5424	0.5498	0.4570
0.0000	0.0172	0.0262	0.0283	0.0108	0.0267	0.0380	0.0574	0.0420	0.0441	0.0629	0.0699	0.0844	0.0660	0.0789	0.0820	0.0912	0.0822	0.0680	0.0717	0.0852	0.0691	0.0751	0.0819	0.0869	0.0986	0.1003	0.0969	0.1044	0.1102	0.0996	0.0950	0.0910	0.0910	0.1051	0.1102	0.1109	0.1157	0.1199	0.1196	0.1263	0.1307	0.1452	0.1585	0.1790	0.1913	0.2015	0.2319	0.2340	0.2603	0.2911	0.3648	0.5845	0.7625	0.5962	0.3630	0.3412	0.4250	0.6296	0.7777	0.7087	0.6385	0.6076	0.5644	0.5552	0.5450	0.5416	0.5166	0.4827
0.0000	0.0049	0.0302	0.0371	0.0201	0.0091	0.0407	0.0494	0.0312	0.0402	0.0565	0.0605	0.0722	0.0615	0.0539	0.0557	0.0681	0.0640	0.0735	0.0748	0.0865	0.0781	0.0822	0.0814	0.0923	0.0911	0.0725	0.0714	0.0829	0.0845	0.0873	0.0842	0.0907	0.0833	0.0827	0.0874	0.0878	0.0935	0.1031	0.1146	0.1168	0.1204	0.1243	0.1207	0.1409	0.1524	0.1585	0.1660	0.1804	0.1900	0.1932	0.2164	0.2566	0.2971	0.2982	0.2805	0.3055	0.3406	0.5669	0.7953	0.7179	0.6079	0.5921	0.5462	0.5622	0.5268	0.5308	0.4776	0.4434
0.0000	0.0029	0.0152	0.0245	0.0185	0.0124	0.0328	0.0417	0.0215	0.0350	0.0386	0.0424	0.0603	0.0901	0.0538	0.0502	0.0547	0.0642	0.0576	0.0607	0.0740	0.0679	0.0712	0.0753	0.0838	0.0840	0.0841	0.0757	0.0925	0.0820	0.0661	0.0686	0.0886	0.0854	0.0907	0.0805	0.0839	0.0935	0.0960	0.1015	0.1062	0.1095	0.1093	0.1202	0.1101	0.1167	0.1287	0.1274	0.1342	0.1428	0.1593	0.1644	0.1613	0.1816	0.2118	0.2179	0.2636	0.2866	0.4965	0.7139	0.7182	0.6008	0.5802	0.5368	0.5574	0.5273	0.5505	0.4702	0.4547
0.0000	0.0080	0.0176	0.0000	0.0186	0.0017	0.0155	0.0190	0.0399	0.0561	0.0533	0.0405	0.0494	0.0556	0.0507	0.0691	0.0615	0.0526	0.0541	0.0569	0.0674	0.0729	0.0712	0.0687	0.0630	0.0747	0.0728	0.0748	0.0899	0.0656	0.0595	0.0620	0.0674	0.0845	0.0852	0.0867	0.0824	0.0846	0.0834	0.0883	0.0997	0.0972	0.1061	0.0959	0.1024	0.1010	0.1098	0.1156	0.1100	0.1153	0.1281	0.1382	0.1241	0.1392	0.1642	0.1506	0.1582	0.2023	0.2879	0.4659	0.5437	0.5294	0.5488	0.4613	0.3619	0.4485	0.4636	0.4461	0.4542
0.0000	0.0000	0.0000	0.0077	0.0251	0.0057	0.0133	0.0233	0.0319	0.0427	0.0340	0.0436	0.0435	0.0314	0.0257	0.0502	0.0477	0.0414	0.0305	0.0443	0.0474	0.0597	0.0627	0.0531	0.0617	0.0593	0.0573	0.0562	0.0565	0.0619	0.0604	0.0591	0.0593	0.0645	0.0653	0.0714	0.0737	0.0784	0.0814	0.0757	0.0769	0.0918	0.0945	0.0846	0.0902	0.0910	0.0900	0.1040	0.0990	0.0963	0.0984	0.1082	0.1206	0.1226	0.1229	0.1160	0.1170	0.1289	0.1503	0.1817	0.2164	0.2308	0.2920	0.2451	0.1800	0.2437	0.2421	0.2263	0.2524
0.0000	0.0000	0.0000	0.0000	0.0000	0.0000	0.0181	0.0268	0.0243	0.0320	0.0219	0.0261	0.0349	0.0199	0.0123	0.0338	0.0504	0.0486	0.0366	0.0490	0.0460	0.0591	0.0481	0.0477	0.0487	0.0591	0.0533	0.0543	0.0609	0.0599	0.0578	0.0639	0.0580	0.0647	0.0632	0.0642	0.0553	0.0726	0.0792	0.0707	0.0692	0.0744	0.0764	0.0859	0.0857	0.0828	0.0876	0.0789	0.0848	0.0840	0.1021	0.1125	0.1047	0.1023	0.1097	0.1139	0.0992	0.1040	0.1279	0.1407	0.1308	0.1156	0.1459	0.1467	0.1517	0.1412	0.1371	0.1443	0.1239
0.0000	0.0000	0.0000	0.0000	0.0000	0.0000	0.0008	0.0213	0.0214	0.0000	0.0228	0.0436	0.0345	0.0199	0.0447	0.0478	0.0616	0.0362	0.0422	0.0641	0.0577	0.0466	0.0499	0.0391	0.0460	0.0532	0.0579	0.0623	0.0691	0.0685	0.0629	0.0545	0.0687	0.0743	0.0637	0.0640	0.0693	0.0787	0.0787	0.0722	0.0704	0.0699	0.0767	0.0830	0.0812	0.0903	0.0926	0.0865	0.0726	0.0871	0.0957	0.0903	0.0912	0.0966	0.1058	0.1116	0.1065	0.0965	0.1180	0.1166	0.1168	0.1084	0.1182	0.1232	0.1163	0.1173	0.1168	0.1294	0.1004
0.0000	0.0000	0.0000	0.0176	0.0000	0.0001	0.0039	0.0298	0.0326	0.0153	0.0420	0.0460	0.0273	0.0289	0.0396	0.0314	0.0388	0.0329	0.0408	0.0560	0.0410	0.0449	0.0521	0.0455	0.0463	0.0458	0.0459	0.0620	0.0625	0.0610	0.0595	0.0539	0.0544	0.0632	0.0595	0.0638	0.0597	0.0663	0.0712	0.0625	0.0694	0.0687	0.0793	0.0771	0.0768	0.0798	0.0760	0.0860	0.0768	0.0718	0.0812	0.0862	0.0922	0.0893	0.0871	0.0948	0.0907	0.0819	0.0978	0.0951	0.0906	0.0900	0.0935	0.1051	0.1032	0.0944	0.0955	0.1025	0.0784
0.0000	0.0000	0.0099	0.0022	0.0000	0.0000	0.0110	0.0221	0.0186	0.0272	0.0136	0.0223	0.0221	0.0209	0.0197	0.0232	0.0522	0.0304	0.0362	0.0420	0.0472	0.0470	0.0344	0.0430	0.0539	0.0466	0.0431	0.0425	0.0617	0.0646	0.0572	0.0498	0.0456	0.0562	0.0594	0.0756	0.0614	0.0675	0.0621	0.0595	0.0655	0.0725	0.0761	0.0702	0.0783	0.0798	0.0779	0.0752	0.0729	0.0653	0.0757	0.0804	0.0892	0.0868	0.0795	0.0948	0.0791	0.0655	0.0733	0.0796	0.0834	0.0722	0.0746	0.0994	0.0921	0.0828	0.0825	0.0757	0.0762
0.0000	0.0000	0.0000	0.0000	0.0000	0.0000	0.0220	0.0417	0.0203	0.0374	0.0313	0.0259	0.0214	0.0027	0.0117	0.0225	0.0524	0.0438	0.0450	0.0393	0.0486	0.0301	0.0141	0.0361	0.0494	0.0471	0.0461	0.0292	0.0415	0.0534	0.0592	0.0560	0.0609	0.0636	0.0510	0.0664	0.0618	0.0610	0.0666	0.0615	0.0671	0.0704	0.0748	0.0719	0.0709	0.0644	0.0767	0.0836	0.0665	0.0588	0.0754	0.0785	0.0743	0.0754	0.0827	0.0984	0.0833	0.0766	0.0737	0.0887	0.0928	0.0875	0.0741	0.0912	0.0889	0.0813	0.0782	0.0771	0.0816
