0.0000	0.0000	0.0052	0.0030	0.0000	0.0001	0.0133	0.0149	0.0208	0.0217	0.0065	0.0234	0.0171	0.0208	0.0335	0.0404	0.0381	0.0334	0.0480	0.0324	0.0550	0.0538	0.0529	0.0574	0.0685	0.0654	0.0735	0.0561	0.0570	0.0833	0.0696	0.0646	0.0662	0.0675	0.0660	0.0738	0.0689	0.0649	0.0610	0.0797	0.0764	0.0753	0.0832	0.0858	0.0840	0.0861	0.0931	0.1082	0.0820	0.0980	0.1096	0.0864	0.0863	0.0920	0.0968	0.0877	0.0910	0.0866	0.0846	0.0742	0.0703	0.0783	0.0786	0.0708	0.0674	0.0628	0.0525	0.0570	0.0579
0.0000	0.0000	0.0000	0.0182	0.0051	0.0012	0.0162	0.0121	0.0242	0.0210	0.0166	0.0280	0.0370	0.0234	0.0331	0.0494	0.0369	0.0368	0.0393	0.0390	0.0500	0.0612	0.0487	0.0765	0.0792	0.0797	0.0763	0.0612	0.0696	0.0992	0.0871	0.0712	0.0676	0.0806	0.0772	0.0763	0.0701	0.0789	0.0802	0.0865	0.0848	0.0955	0.0883	0.1060	0.1066	0.0847	0.0905	0.1080	0.1012	0.1017	0.1069	0.0990	0.0774	0.1003	0.1076	0.0936	0.0968	0.0778	0.0751	0.0759	0.0705	0.0662	0.0793	0.0924	0.0784	0.0626	0.0770	0.0727	0.0776
0.0000	0.0000	0.0004	0.0132	0.0093	0.0012	0.0079	0.0240	0.0198	0.0094	0.0237	0.0362	0.0316	0.0283	0.0455	0.0372	0.0478	0.0612	0.0636	0.0553	0.0492	0.0542	0.0657	0.0776	0.0699	0.0708	0.0727	0.0584	0.0729	0.0756	0.0828	0.0836	0.0896	0.1005	0.0828	0.0862	0.1006	0.0920	0.0853	0.0813	0.0784	0.1017	0.1058	0.1019	0.0948	0.1103	0.1084	0.0998	0.1261	0.1154	0.1069	0.1162	0.1152	0.1091	0.1081	0.1001	0.1181	0.0999	0.0890	0.0949	0.1095	0.1023	0.1090	0.1025	0.1097	0.0983	0.0800	0.0828	0.1007
0.0000	0.0000	0.0165	0.0192	0.0000	0.0034	0.0163	0.0192	0.0187	0.0401	0.0352	0.0377	0.0444	0.0287	0.0379	0.0477	0.0559	0.0550	0.0663	0.0753	0.0802	0.0775	0.0712	0.0740	0.0833	0.0743	0.0642	0.0770	0.0901	0.0801	0.0718	0.0734	0.0938	0.0892	0.0961	0.0908	0.0802	0.0884	0.0913	0.0831	0.0924	0.0859	0.1024	0.1224	0.1145	0.1101	0.1126	0.0943	0.0939	0.1022	0.1281	0.1223	0.1094	0.1231	0.1388	0.1053	0.1127	0.1103	0.1051	0.1019	0.1360	0.1286	0.1319	0.1094	0.1131	0.1003	0.1093	0.1141	0.1157
0.0000	0.0062	0.0109	0.0172	0.0141	0.0132	0.0150	0.0198	0.0216	0.0339	0.0390	0.0389	0.0373	0.0434	0.0370	0.0556	0.0510	0.0558	0.0525	0.0625	0.0622	0.0643	0.0633	0.0786	0.0862	0.0774	0.0774	0.0817	0.0911	0.0773	0.0841	0.0772	0.1063	0.1037	0.1044	0.0777	0.0743	0.0709	0.0936	0.0845	0.0939	0.0783	0.1070	0.1151	0.1118	0.1242	0.1088	0.1178	0.1101	0.1177	0.1381	0.1159	0.1350	0.1375	0.1200	0.1047	0.1086	0.1380	0.1196	0.1319	0.1385	0.1388	0.1380	0.1308	0.1363	0.1160	0.1376	0.1298	0.1235
0.0000	0.0000	0.0144	0.0099	0.0180	0.0089	0.0080	0.0338	0.0319	0.0370	0.0295	0.0372	0.0445	0.0488	0.0644	0.0589	0.0524	0.0560	0.0377	0.0580	0.0687	0.0633	0.0619	0.0775	0.0838	0.0764	0.0796	0.0779	0.0832	0.0926	0.0869	0.0767	0.1043	0.1160	0.1058	0.0982	0.0916	0.0869	0.0956	0.0960	0.0957	0.0993	0.1115	0.1277	0.1166	0.1134	0.1180	0.1303	0.1264	0.1411	0.1431	0.1336	0.1578	0.1548	0.1351	0.1447	0.1459	0.1440	0.1392	0.1495	0.1615	0.1452	0.1482	0.1519	0.1542	0.1372	0.1376	0.1604	0.1682
0.0000	0.0020	0.0161	0.0215	0.0223	0.0225	0.0207	0.0518	0.0433	0.0319	0.0552	0.0438	0.0482	0.0442	0.0546	0.0860	0.0722	0.0732	0.0524	0.0542	0.0605	0.0811	0.0856	0.0928	0.0985	0.1029	0.0928	0.0919	0.0960	0.1055	0.0870	0.0834	0.1090	0.1247	0.1057	0.1010	0.0893	0.0931	0.0982	0.0944	0.0919	0.1090	0.1253	0.1253	0.1449	0.1350	0.1238	0.1455	0.1391	0.1453	0.1650	0.1837	0.1819	0.1851	0.1799	0.1893	0.1718	0.1791	0.1735	0.1767	0.1738	0.1725	0.1869	0.1940	0.2347	0.2290	0.2057	0.2285	0.2762
0.0000	0.0000	0.0119	0.0121	0.0099	0.0076	0.0205	0.0417	0.0464	0.0441	0.0405	0.0522	0.0704	0.0589	0.0553	0.0678	0.0711	0.0937	0.0865	0.0660	0.0844	0.0947	0.0811	0.0892	0.1038	0.1170	0.0835	0.0781	0.1048	0.1117	0.1123	0.0846	0.1173	0.1343	0.1303	0.0919	0.0970	0.1020	0.1077	0.1058	0.1059	0.1262	0.1365	0.1282	0.1502	0.1475	0.1531	0.1672	0.1676	0.1830	0.2078	0.2827	0.3958	0.3118	0.2001	0.2127	0.1886	0.2018	0.2060	0.2130	0.2443	0.2483	0.2381	0.2681	0.3990	0.3532	0.3321	0.3283	0.3406
0.0000	0.0037	0.0150	0.0315	0.0212	0.0224	0.0501	0.0519	0.0510	0.0438	0.0499	0.0587	0.0675	0.0585	0.0732	0.0876	0.0771	0.0805	0.1084	0.0947	0.0849	0.0965	0.0935	0.0881	0.0955	0.0963	0.0975	0.0937	0.1108	0.1109	0.1046	0.1149	0.1302	0.1144	0.1320	0.1088	0.1065	0.1172	0.1113	0.1356	0.1216	0.1225	0.1417	0.1460	0.1789	0.1871	0.1748	0.1926	0.2361	0.2745	0.3226	0.5067	0.6500	0.6269	0.3419	0.2506	0.2398	0.2393	0.2609	0.2705	0.3025	0.2832	0.2709	0.3419	0.4468	0.3703	0.3550	0.3797	0.3465
0.0079	0.0032	0.0182	0.0222	0.0335	0.0406	0.0366	0.0496	0.0541	0.0553	0.0558	0.0703	0.0717	0.0806	0.0907	0.0853	0.0916	0.0793	0.0851	0.1035	0.1041	0.1023	0.0820	0.0971	0.1173	0.1167	0.1081	0.1035	0.1129	0.1068	0.1135	0.1254	0.1218	0.1328	0.1325	0.1162	0.1131	0.1362	0.1239	0.1365	0.1359	0.1411	0.1603	0.1926	0.2196	0.2279	0.2388	0.2618	0.3071	0.3495	0.4540	0.6738	0.7122	0.6685	0.5404	0.3585	0.3439	0.4106	0.3879	0.3668	0.4385	0.3776	0.3619	0.4329	0.4319	0.3679	0.3394	0.3706	0.3502
0.0061	0.0096	0.0375	0.0288	0.0268	0.0429	0.0463	0.0508	0.0535	0.0556	0.0616	0.0659	0.0665	0.0673	0.0797	0.0786	0.0886	0.0977	0.0775	0.0912	0.1106	0.0976	0.0902	0.0998	0.1316	0.1231	0.1219	0.1192	0.1322	0.1326	0.1160	0.1478	0.1498	0.1694	0.1519	0.1387	0.1458	0.1596	0.1581	0.1507	0.1720	0.1888	0.2148	0.2428	0.2884	0.2784	0.3149	0.3458	0.3909	0.4754	0.6816	0.7615	0.6756	0.6417	0.5838	0.4805	0.5969	0.5912	0.5454	0.5319	0.5192	0.4869	0.4674	0.4999	0.4460	0.3514	0.3451	0.3290	0.3104
0.0106	0.0132	0.0340	0.0391	0.0358	0.0322	0.0496	0.0688	0.0723	0.0678	0.0715	0.0897	0.0638	0.0914	0.0789	0.0877	0.1167	0.1130	0.1056	0.1077	0.1114	0.0944	0.0990	0.1220	0.1511	0.1358	0.1355	0.1369	0.1458	0.1624	0.1485	0.1612	0.1654	0.1806	0.1879	0.1757	0.1724	0.1855	0.2028	0.2089	0.2108	0.2285	0.2678	0.2928	0.3345	0.3444	0.3939	0.4400	0.4928	0.5783	0.7067	0.7482	0.7086	0.7105	0.6752	0.6606	0.7139	0.6354	0.5650	0.5678	0.5519	0.4941	0.4329	0.4654	0.4418	0.3394	0.3291	0.3069	0.3074
0.0118	0.0095	0.0271	0.0478	0.0400	0.0304	0.0402	0.0612	0.0674	0.0778	0.0860	0.0893	0.0766	0.0864	0.0793	0.1017	0.1048	0.1188	0.1167	0.1190	0.1272	0.1310	0.1377	0.1690	0.1742	0.1819	0.1580	0.1505	0.1672	0.1823	0.1787	0.2039	0.2120	0.2167	0.2202	0.2051	0.2104	0.2118	0.2277	0.2508	0.2426	0.2582	0.3187	0.3555	0.4153	0.5037	0.5475	0.6598	0.7805	0.7350	0.7354	0.7157	0.7235	0.7278	0.7235	0.6855	0.6648	0.6182	0.5326	0.5094	0.4948	0.5159	0.4915	0.4583	0.4492	0.3787	0.3381	0.3521	0.3038
0.0066	0.0109	0.0439	0.0560	0.0631	0.0353	0.0573	0.0657	0.0781	0.0871	0.0830	0.0959	0.1018	0.0891	0.0979	0.1169	0.1415	0.1377	0.1391	0.1526	0.1652	0.1802	0.1883	0.1846	0.1968	0.2145	0.1995	0.2150	0.2052	0.2031	0.2047	0.2382	0.2637	0.2753	0.2600	0.2468	0.2505	0.2342	0.2459	0.2780	0.2979	0.3214	0.4131	0.4758	0.6621	0.8237	0.7680	0.7887	0.8303	0.7826	0.7882	0.7575	0.6980	0.6845	0.6700	0.6342	0.5968	0.5697	0.5162	0.5051	0.4520	0.4607	0.4458	0.4469	0.4070	0.3558	0.3508	0.3199	0.2954
0.0094	0.0273	0.0363	0.0609	0.0623	0.0585	0.0725	0.0759	0.1184	0.0897	0.1137	0.1204	0.1207	0.1095	0.1340	0.1594	0.1983	0.2083	0.2349	0.2307	0.2601	0.2895	0.2921	0.2917	0.2970	0.2934	0.3108	0.3307	0.3336	0.3518	0.3037	0.3009	0.3107	0.2998	0.2825	0.2735	0.2746	0.2638	0.2744	0.2937	0.3321	0.3685	0.4629	0.6586	0.8511	0.9129	0.8666	0.8432	0.8539	0.8000	0.7468	0.7103	0.6578	0.5874	0.6061	0.6260	0.5946	0.5398	0.5036	0.5170	0.4452	0.4364	0.4593	0.4042	0.3873	0.3324	0.3243	0.3232	0.3326
0.0189	0.0399	0.0478	0.0708	0.0737	0.0854	0.0854	0.1045	0.1465	0.1400	0.1567	0.1841	0.2035	0.2365	0.3043	0.3391	0.3952	0.4157	0.4814	0.4659	0.4772	0.5471	0.4968	0.4751	0.5355	0.5048	0.5824	0.5766	0.6252	0.6093	0.5882	0.5530	0.4986	0.4120	0.3402	0.3302	0.3129	0.2964	0.2953	0.3114	0.3497	0.3947	0.4979	0.7723	0.8569	0.8892	0.8279	0.8080	0.8189	0.7992	0.7466	0.6846	0.6579	0.5945	0.5851	0.6253	0.5452	0.5279	0.4963	0.4854	0.4389	0.4164	0.4430	0.4138	0.3787	0.3097	0.3150	0.3338	0.3225
0.0382	0.0409	0.0575	0.0873	0.1173	0.1395	0.1683	0.2264	0.2839	0.3254	0.3853	0.4366	0.4888	0.4750	0.5777	0.6251	0.6596	0.6744	0.7052	0.6635	0.6864	0.6775	0.6328	0.6123	0.6272	0.5938	0.6310	0.6299	0.6505	0.6773	0.7198	0.7883	0.8051	0.7596	0.6596	0.4694	0.3781	0.3481	0.3228	0.3074	0.3510	0.4083	0.5309	0.7032	0.8428	0.7835	0.7561	0.7499	0.7174	0.7027	0.7531	0.7291	0.6403	0.6027	0.5830	0.5755	0.5432	0.5243	0.4891	0.4884	0.4353	0.4068	0.3928	0.3928	0.3725	0.3054	0.3155	0.3038	0.3062
0.0612	0.0872	0.1208	0.1923	0.2357	0.3403	0.4106	0.4846	0.5363	0.4693	0.5390	0.5681	0.5806	0.5925	0.6072	0.6559	0.6323	0.6802	0.6551	0.6213	0.6834	0.6494	0.6200	0.6175	0.5831	0.5330	0.5745	0.6014	0.5832	0.6255	0.7273	0.7964	0.8369	0.8802	0.8879	0.7423	0.5286	0.3786	0.3665	0.3863	0.4093	0.4538	0.6465	0.7631	0.7921	0.7184	0.7198	0.7179	0.7402	0.6961	0.6485	0.6574	0.6048	0.5863	0.5446	0.4914	0.4963	0.4765	0.4507	0.4434	0.4325	0.4188	0.3766	0.3728	0.3416	0.2880	0.3107	0.2995	0.2827
0.1214	0.1903	0.3061	0.4182	0.4869	0.5409	0.5620	0.5105	0.5551	0.5133	0.4931	0.5278	0.5440	0.5272	0.5540	0.6057	0.5942	0.5804	0.5808	0.5606	0.5889	0.6290	0.5620	0.5730	0.5467	0.5320	0.5803	0.5590	0.6130	0.6627	0.6700	0.7205	0.7962	0.8472	0.8730	0.8559	0.7989	0.5443	0.4033	0.4736	0.5117	0.5094	0.7542	0.8302	0.7579	0.7313	0.6789	0.6377	0.6522	0.6595	0.6379	0.5940	0.5880	0.5585	0.5207	0.4803	0.4179	0.4327	0.4375	0.4341	0.4319	0.4149	0.3881	0.3579	0.3267	0.3192	0.3164	0.3164	0.3011
0.1826	0.2795	0.3713	0.4608	0.4282	0.4021	0.4526	0.4375	0.4455	0.4381	0.4467	0.4273	0.4576	0.4314	0.4550	0.4953	0.5528	0.5541	0.5304	0.5316	0.5389	0.5634	0.5156	0.5599	0.5592	0.5390	0.6084	0.6023	0.6018	0.6730	0.6872	0.7032	0.7222	0.8101	0.8136	0.8474	0.8202	0.6570	0.4996	0.6356	0.7666	0.7268	0.7336	0.7719	0.7596	0.6787	0.6144	0.6605	0.6356	0.5966	0.5709	0.5674	0.5335	0.5391	0.4934	0.4706	0.4518	0.4338	0.4166	0.4159	0.4126	0.3854	0.3857	0.3727	0.3371	0.3315	0.3223	0.3264	0.2951
0.1942	0.2652	0.2554	0.2763	0.3121	0.3332	0.3465	0.3590	0.3333	0.3400	0.3673	0.3776	0.4524	0.4154	0.3938	0.4474	0.5034	0.5418	0.5254	0.5055	0.5512	0.4990	0.4975	0.5216	0.5363	0.5519	0.5684	0.6060	0.5773	0.6331	0.6902	0.6759	0.7011	0.7615	0.8226	0.7933	0.7914	0.7672	0.6685	0.6938	0.6914	0.7180	0.7566	0.7414	0.6671	0.6265	0.6512	0.6441	0.6054	0.5705	0.5452	0.5504	0.4819	0.5105	0.4771	0.4753	0.4410	0.4405	0.4364	0.4183	0.4118	0.4138	0.3908	0.3582	0.3603	0.3382	0.3259	0.3129	0.2945
0.1982	0.2236	0.2389	0.2274	0.2560	0.2882	0.2973	0.3100	0.3129	0.2980	0.3248	0.3457	0.3803	0.4062	0.3999	0.4379	0.5214	0.5471	0.5413	0.5111	0.5453	0.5615	0.5348	0.5211	0.5086	0.5213	0.5283	0.5476	0.5718	0.6052	0.6020	0.6223	0.6393	0.6875	0.7194	0.7087	0.7136	0.6967	0.6337	0.6113	0.6250	0.6487	0.6634	0.7103	0.6457	0.6324	0.6019	0.5912	0.5224	0.5476	0.5870	0.5286	0.5177	0.4840	0.4633	0.4917	0.5037	0.4734	0.4375	0.4229	0.4326	0.4319	0.4028	0.3397	0.3683	0.3505	0.3247	0.3189	0.2988
0.1530	0.1697	0.2024	0.2264	0.2247	0.2356	0.3067	0.2984	0.2836	0.2793	0.3362	0.3321	0.3381	0.4079	0.3987	0.4761	0.4880	0.5131	0.5091	0.4924	0.5451	0.5685	0.5117	0.5090	0.4984	0.5122	0.5382	0.5514	0.5693	0.5400	0.5093	0.5515	0.5937	0.6400	0.5985	0.6135	0.6252	0.5991	0.5567	0.5730	0.5759	0.5892	0.5875	0.6323	0.6537	0.6268	0.6015	0.5911	0.5685	0.5438	0.5536	0.5575	0.5488	0.5190	0.4869	0.4737	0.5271	0.4747	0.4559	0.4617	0.4354	0.4341	0.3989	0.3838	0.3668	0.3511	0.3553	0.3144	0.3005
0.1763	0.1777	0.1877	0.2316	0.2351	0.2290	0.2936	0.3180	0.2674	0.2762	0.3047	0.3370	0.3660	0.3775	0.3761	0.4174	0.4506	0.4876	0.5432	0.5226	0.5225	0.5151	0.4966	0.4890	0.5182	0.4982	0.5040	0.5173	0.5148	0.5076	0.4940	0.5467	0.5536	0.6143	0.5832	0.5605	0.5786	0.5691	0.5366	0.5768	0.5569	0.5742	0.6090	0.6377	0.5897	0.5778	0.6045	0.5852	0.5595	0.5718	0.5286	0.5190	0.5279	0.5342	0.4852	0.4933	0.4957	0.4794	0.4752	0.4729	0.4624	0.4469	0.4073	0.3877	0.3505	0.3544	0.3482	0.3158	0.3127
0.1857	0.1939	0.1948	0.2336	0.2436	0.2790	0.2669	0.2746	0.2885	0.2706	0.3030	0.3279	0.3728	0.3776	0.3928	0.4052	0.4322	0.4520	0.4906	0.4612	0.4446	0.4985	0.5056	0.5333	0.4927	0.4780	0.5014	0.4766	0.5324	0.5408	0.5219	0.5372	0.5744	0.5796	0.5680	0.5542	0.5878	0.5704	0.5679	0.5574	0.5597	0.6036	0.5926	0.5721	0.6078	0.5688	0.5760	0.5643	0.5893	0.5541	0.5335	0.4957	0.5420	0.5272	0.5022	0.4909	0.4970	0.5078	0.4710	0.4930	0.4516	0.4257	0.4368	0.3888	0.3851	0.3664	0.3306	0.3416	0.3021
0.1923	0.2000	0.2098	0.2362	0.2260	0.2612	0.2840	0.2693	0.3035	0.3095	0.3093	0.3228	0.3573	0.3611	0.3840	0.4333	0.4492	0.4611	0.4297	0.4333	0.4606	0.4673	0.4554	0.4505	0.4564	0.4636	0.4539	0.4856	0.5209	0.5201	0.5623	0.5351	0.5837	0.5855	0.5480	0.5583	0.5783	0.5579	0.5787	0.5630	0.5621	0.5878	0.5795	0.5638	0.6063	0.5784	0.5986	0.5883	0.5794	0.5660	0.5612	0.5379	0.5330	0.5085	0.5131	0.5358	0.5301	0.5020	0.5093	0.4893	0.4569	0.4325	0.4315	0.3939	0.3797	0.3890	0.3616	0.3393	0.3208
0.1606	0.1906	0.2355	0.2660	0.2451	0.2473	0.2542	0.2751	0.2874	0.2856	0.3055	0.3294	0.3721	0.3941	0.4135	0.4151	0.4069	0.4367	0.4596	0.4494	0.4484	0.4582	0.4665	0.4437	0.4503	0.4622	0.4590	0.5061	0.4914	0.5304	0.5384	0.5393	0.5949	0.6011	0.5658	0.5429	0.5613	0.5533	0.5887	0.5826	0.5873	0.5553	0.5661	0.5866	0.6208	0.5780	0.5480	0.5374	0.5814	0.5821	0.5482	0.5523	0.5433	0.5290	0.4987	0.5297	0.5105	0.4793	0.4825	0.5141	0.4508	0.4302	0.4379	0.4041	0.3846	0.3641	0.3297	0.3149	0.3091
0.1713	0.1971	0.2204	0.2188	0.2097	0.2307	0.2490	0.2590	0.2553	0.2815	0.3325	0.3358	0.3670	0.3752	0.4107	0.3871	0.3956	0.4215	0.4389	0.4659	0.4342	0.4413	0.4421	0.4402	0.4554	0.4763	0.4569	0.4887	0.5256	0.5355	0.5278	0.5638	0.5550	0.5641	0.5656	0.5607	0.5529	0.5490	0.5745	0.5666	0.5901	0.5921	0.5713	0.5603	0.5894	0.5456	0.5826	0.5593	0.5526	0.5300	0.5544	0.5525	0.5705	0.5214	0.4839	0.5318	0.5240	0.4558	0.4378	0.4891	0.4748	0.4465	0.4396	0.4037	0.3709	0.3670	0.3492	0.3511	0.3162
0.1674	0.1863	0.2013	0.2230	0.2481	0.2693	0.2632	0.2613	0.2737	0.3090	0.3547	0.3527	0.3684	0.3938	0.4293	0.4266	0.4151	0.4557	0.4689	0.4468	0.4555	0.4626	0.4463	0.4486	0.4588	0.4515	0.4731	0.5101	0.5199	0.5211	0.5324	0.5356	0.5627	0.5471	0.5499	0.5545	0.5867	0.6009	0.5958	0.5753	0.6031	0.5756	0.5674	0.5590	0.5769	0.5582	0.5861	0.5792	0.5682	0.5547	0.5396	0.5198	0.5305	0.5330	0.5449	0.5142	0.5283	0.4941	0.4698	0.4697	0.4499	0.4429	0.4107	0.4106	0.3948	0.3854	0.3568	0.3391	0.3231
0.1445	0.1848	0.2189	0.2477	0.2563	0.2321	0.2811	0.2656	0.2685	0.3086	0.3344	0.3786	0.3754	0.3673	0.4167	0.4342	0.4500	0.4753	0.4820	0.4629	0.4533	0.4540	0.4540	0.4811	0.4711	0.4725	0.4619	0.5010	0.4884	0.5308	0.5566	0.5410	0.6024	0.5676	0.5504	0.5729	0.5960	0.5825	0.6149	0.5850	0.5824	0.5756	0.5641	0.5841	0.5885	0.5540	0.5676	0.5807	0.5426	0.5623	0.5508	0.5345	0.5223	0.5113	0.5390	0.5288	0.5006	0.4947	0.4519	0.4591	0.4737	0.4353	0.4178	0.4174	0.4037	0.3822	0.3428	0.3699	0.3547
0.1389	0.1625	0.2199	0.2276	0.2127	0.2230	0.2529	0.2494	0.2673	0.2985	0.3123	0.3401	0.3364	0.3581	0.3701	0.4107	0.4348	0.4625	0.4777	0.4710	0.4826	0.4880	0.4656	0.4790	0.4784	0.4403	0.4495	0.4685	0.4931	0.5150	0.5615	0.5488	0.5438	0.5717	0.6042	0.6051	0.5900	0.5689	0.5820	0.5943	0.5406	0.5909	0.6033	0.6131	0.5875	0.5544	0.5473	0.5596	0.5639	0.5769	0.5598	0.5580	0.5452	0.5234	0.4911	0.5056	0.5088	0.4871	0.4769	0.4726	0.4360	0.4273	0.4265	0.4175	0.4102	0.3685	0.3453	0.3499	0.3543
0.1286	0.1604	0.1843	0.2094	0.2126	0.2168	0.2319	0.2479	0.2878	0.2790	0.3020	0.3345	0.3547	0.3560	0.3797	0.4362	0.4539	0.5017	0.5106	0.4980	0.5009	0.5133	0.4990	0.5147	0.5089	0.4975	0.4828	0.5014	0.4968	0.4921	0.5640	0.5821	0.5711	0.5636	0.5899	0.5767	0.5952	0.5696	0.5767	0.5947	0.5503	0.5752	0.6388	0.5702	0.5717	0.5400	0.5392	0.5988	0.5650	0.5646	0.5891	0.5371	0.5264	0.5667	0.5251	0.5028	0.4929	0.4962	0.4655	0.4591	0.4622	0.4462	0.4531	0.4375	0.4139	0.3675	0.3898	0.3543	0.3573
0.1302	0.1713	0.1814	0.1942	0.2054	0.2157	0.2461	0.2873	0.2945	0.2718	0.3104	0.3706	0.3793	0.3705	0.3834	0.4173	0.4843	0.5076	0.5455	0.5404	0.5570	0.5229	0.5233	0.5683	0.5718	0.5372	0.5249	0.5591	0.5446	0.5404	0.5845	0.6145	0.5701	0.5909	0.6094	0.5831	0.6016	0.5737	0.5904	0.5647	0.5768	0.5911	0.5968	0.5827	0.5689	0.5262	0.5709	0.6051	0.6081	0.5683	0.5573	0.5225	0.5549	0.5498	0.5527	0.5060	0.4829	0.5279	0.4798	0.4600	0.4351	0.4968	0.4722	0.4199	0.4351	0.3728	0.3873	0.3363	0.3364
0.1425	0.1328	0.1653	0.1868	0.2015	0.2118	0.2392	0.2876	0.2789	0.2709	0.2991	0.3113	0.3550	0.4052	0.3898	0.4353	0.4627	0.5022	0.4944	0.5558	0.5859	0.5567	0.5484	0.5526	0.5559	0.5686	0.5442	0.5999	0.6007	0.6072	0.6628	0.6604	0.6659	0.6982	0.7162	0.6428	0.6197	0.5940	0.6112	0.5841	0.5966	0.5814	0.5775	0.6019	0.5496	0.5722	0.6171	0.5711	0.6230	0.6006	0.5552	0.5275	0.5497	0.5215	0.5107	0.5203	0.5195	0.4948	0.5117	0.4758	0.4555	0.4908	0.4455	0.4489	0.4384	0.4079	0.4171	0.3620	0.3408
0.1335	0.1805	0.1856	0.1637	0.1970	0.2147	0.2175	0.2790	0.2783	0.2999	0.3121	0.3176	0.3590	0.4152	0.4107	0.4499	0.4767	0.5156	0.5105	0.5403	0.5664	0.5769	0.5713	0.5783	0.6004	0.5950	0.5653	0.5859	0.6072	0.6375	0.6562	0.7035	0.7575	0.7991	0.8570	0.8194	0.8042	0.7108	0.7112	0.6218	0.5931	0.6032	0.6153	0.6137	0.5870	0.6074	0.5792	0.5761	0.5602	0.6182	0.5691	0.5627	0.5802	0.5663	0.5150	0.5102	0.5259	0.5042	0.5012	0.5051	0.4781	0.4718	0.4530	0.4219	0.4353	0.4302	0.4201	0.3786	0.3323
0.1298	0.1545	0.1823	0.1901	0.1972	0.2216	0.2312	0.2903	0.2937	0.3192	0.3466	0.3923	0.3892	0.4519	0.4644	0.4760	0.4805	0.5202	0.5645	0.5332	0.5431	0.5702	0.5368	0.5616	0.5851	0.5936	0.5796	0.5938	0.6123	0.6349	0.6607	0.6897	0.7800	0.8727	0.8905	0.8629	0.7534	0.5853	0.6383	0.7027	0.7225	0.6919	0.7067	0.6896	0.6686	0.6524	0.6449	0.6218	0.5908	0.6010	0.6314	0.6010	0.5849	0.5761	0.5378	0.5362	0.5135	0.5185	0.5272	0.5102	0.4978	0.4721	0.4740	0.4650	0.4287	0.4149	0.4180	0.3829	0.3645
0.1230	0.1381	0.1970	0.2106	0.2177	0.2603	0.2623	0.2959	0.2985	0.3288	0.3326	0.3758	0.4155	0.4381	0.4655	0.4945	0.4987	0.5493	0.5788	0.5702	0.5497	0.5579	0.5305	0.5654	0.5846	0.5904	0.6055	0.6320	0.6631	0.6751	0.6843	0.7518	0.7891	0.8532	0.8733	0.7512	0.4575	0.4023	0.4179	0.5450	0.6816	0.7977	0.7938	0.7810	0.7455	0.6920	0.6885	0.6495	0.6734	0.6582	0.6192	0.6127	0.5919	0.6021	0.5810	0.5834	0.5528	0.5388	0.5178	0.5128	0.4725	0.5021	0.4883	0.4771	0.4383	0.4228	0.4163	0.3858	0.3872
0.1601	0.2087	0.2170	0.2507	0.2423	0.2711	0.2910	0.2835	0.3058	0.3227	0.3366	0.3781	0.4099	0.4391	0.4725	0.5435	0.5298	0.6215	0.6229	0.6072	0.6058	0.6394	0.6096	0.6060	0.6277	0.6396	0.6221	0.6368	0.6492	0.6621	0.7367	0.7713	0.7797	0.8358	0.8505	0.5377	0.3336	0.3417	0.3583	0.4014	0.4737	0.6019	0.8421	0.8649	0.8153	0.7288	0.7391	0.7184	0.7421	0.7108	0.6806	0.6814	0.6593	0.6350	0.6419	0.6237	0.6114	0.5690	0.5816	0.5207	0.5247	0.5327	0.4982	0.4955	0.4657	0.4338	0.4437	0.4020	0.3847
0.1767	0.2951	0.3156	0.3586	0.3464	0.3901	0.3940	0.3822	0.3921	0.3996	0.4526	0.4426	0.4365	0.4254	0.4982	0.5497	0.5976	0.6016	0.6188	0.5858	0.5816	0.6158	0.6432	0.6215	0.6538	0.6132	0.6361	0.6270	0.6518	0.6852	0.7210	0.7972	0.8126	0.8600	0.8203	0.3851	0.3026	0.3290	0.3425	0.3897	0.4328	0.5384	0.8610	0.9475	0.8591	0.7826	0.7478	0.7192	0.7445	0.7409	0.7198	0.7108	0.6992	0.6537	0.6288	0.6326	0.6072	0.5759	0.5720	0.5481	0.5793	0.5589	0.5334	0.5449	0.4998	0.4730	0.4761	0.4315	0.4048
0.1322	0.2328	0.3557	0.5117	0.5350	0.5736	0.5920	0.5741	0.5523	0.5494	0.5414	0.5550	0.5456	0.5324	0.5697	0.6431	0.6295	0.6339	0.6562	0.6588	0.6396	0.6575	0.6286	0.6459	0.6383	0.6160	0.6541	0.6417	0.6963	0.7470	0.7937	0.8128	0.8278	0.8235	0.5784	0.3074	0.2827	0.3085	0.3200	0.3582	0.3979	0.4902	0.8346	0.9873	0.9186	0.8224	0.8308	0.7896	0.7552	0.7676	0.7391	0.7549	0.7532	0.6983	0.6606	0.6308	0.6300	0.5950	0.6115	0.6286	0.6000	0.5887	0.5744	0.5696	0.5192	0.4694	0.4675	0.4401	0.4143
0.0715	0.0999	0.1671	0.2717	0.4030	0.5049	0.5523	0.6194	0.6173	0.5984	0.6528	0.6322	0.6375	0.6274	0.6769	0.7142	0.6916	0.6930	0.7260	0.7695	0.7344	0.7077	0.6774	0.6581	0.6665	0.6441	0.6930	0.6896	0.7858	0.7576	0.6936	0.6904	0.7065	0.5830	0.3239	0.2699	0.2761	0.2899	0.2994	0.3247	0.3927	0.4317	0.6762	0.9310	0.9308	0.8706	0.8568	0.8338	0.8265	0.8053	0.7747	0.7795	0.7392	0.7368	0.7109	0.7164	0.6904	0.6474	0.6272	0.6651	0.6207	0.6246	0.5956	0.5737	0.5327	0.4927	0.4797	0.4523	0.4365
0.0447	0.0514	0.0818	0.1062	0.1367	0.1963	0.2178	0.3322	0.4490	0.4342	0.5055	0.5492	0.5621	0.5688	0.6200	0.6628	0.6482	0.6412	0.6598	0.6920	0.7109	0.6552	0.6755	0.6422	0.5943	0.5199	0.4913	0.4737	0.5158	0.4287	0.3318	0.3255	0.3616	0.3260	0.2746	0.2689	0.2621	0.2773	0.2787	0.2995	0.3511	0.3903	0.4961	0.7853	0.9651	0.9239	0.9097	0.9185	0.8833	0.8096	0.8583	0.8288	0.7986	0.7636	0.7337	0.7423	0.7587	0.6991	0.6585	0.6968	0.6866	0.6355	0.6238	0.5916	0.5696	0.5223	0.5142	0.4613	0.4539
0.0163	0.0381	0.0487	0.0573	0.0776	0.0903	0.1079	0.1095	0.1487	0.1813	0.1803	0.2263	0.2522	0.2507	0.2748	0.3188	0.3225	0.3313	0.3280	0.3524	0.3710	0.3779	0.4106	0.3876	0.3283	0.2741	0.2491	0.2382	0.2684	0.2662	0.2374	0.2292	0.2506	0.2539	0.2405	0.2303	0.2387	0.2571	0.2586	0.2770	0.3228	0.3637	0.4266	0.5856	0.9439	0.9611	0.9460	0.9821	0.9397	0.9081	0.8687	0.8374	0.8075	0.7688	0.7908	0.8276	0.8454	0.7785	0.7332	0.7411	0.7160	0.6517	0.6543	0.6316	0.5706	0.5536	0.5564	0.4769	0.4684
0.0067	0.0245	0.0339	0.0480	0.0486	0.0525	0.0729	0.0832	0.0939	0.1012	0.0920	0.1124	0.1268	0.1251	0.1343	0.1462	0.1546	0.1455	0.1533	0.1783	0.1655	0.1583	0.1876	0.1979	0.1736	0.1890	0.1796	0.1821	0.1847	0.2047	0.2008	0.2005	0.2011	0.1986	0.1986	0.2028	0.2045	0.2097	0.2329	0.2471	0.2776	0.3407	0.3895	0.5007	0.8704	0.9985	0.9832	1.0000	0.9660	0.9324	0.8749	0.8034	0.6171	0.6850	0.8324	0.8689	0.7901	0.7765	0.7631	0.7596	0.7340	0.6907	0.7053	0.6761	0.5947	0.5957	0.5641	0.5083	0.4769
0.0179	0.0180	0.0366	0.0269	0.0303	0.0498	0.0511	0.0636	0.0551	0.0645	0.0827	0.0788	0.0841	0.0748	0.0861	0.1049	0.1033	0.0978	0.1003	0.1027	0.1196	0.1182	0.1142	0.1300	0.1266	0.1266	0.1347	0.1492	0.1544	0.1530	0.1584	0.1609	0.1663	0.1766	0.1691	0.1706	0.1680	0.1838	0.1919	0.1937	0.2133	0.2642	0.3248	0.4290	0.8347	0.9519	0.8732	0.8828	0.8889	0.9018	0.8685	0.6261	0.4315	0.5462	0.7545	0.6871	0.6029	0.7769	0.7735	0.7512	0.7506	0.7220	0.7074	0.6430	0.6044	0.5985	0.5484	0.5258	0.4792
0.0042	0.0092	0.0333	0.0167	0.0380	0.0499	0.0471	0.0536	0.0648	0.0610	0.0556	0.0693	0.0663	0.0557	0.0735	0.0899	0.0856	0.0984	0.0935	0.0904	0.0919	0.0889	0.0913	0.1047	0.1049	0.0936	0.0936	0.1132	0.1083	0.1106	0.1171	0.1223	0.1235	0.1274	0.1305	0.1365	0.1307	0.1319	0.1359	0.1411	0.1451	0.1694	0.1869	0.2478	0.4226	0.5201	0.4646	0.4603	0.5669	0.7182	0.7278	0.4018	0.3111	0.3412	0.4579	0.4215	0.5802	0.7591	0.7479	0.7528	0.7287	0.7389	0.6351	0.5273	0.6077	0.5881	0.5422	0.5216	0.4885
0.0051	0.0059	0.0321	0.0412	0.0354	0.0239	0.0482	0.0535	0.0579	0.0602	0.0585	0.0547	0.0706	0.0726	0.0683	0.0692	0.0858	0.0909	0.0788	0.0926	0.0815	0.0819	0.0807	0.0932	0.0818	0.0888	0.0794	0.0957	0.0923	0.0879	0.0961	0.0951	0.1031	0.0997	0.1105	0.1004	0.0998	0.0988	0.1003	0.1110	0.1217	0.1204	0.1248	0.1552	0.1726	0.1851	0.1932	0.2156	0.2500	0.3779	0.4296	0.2634	0.2309	0.2451	0.2827	0.3313	0.5167	0.7229	0.6462	0.6429	0.5331	0.4687	0.3906	0.3480	0.5254	0.5664	0.5391	0.5482	0.5329
0.0000	0.0119	0.0084	0.0300	0.0285	0.0271	0.0466	0.0476	0.0458	0.0441	0.0514	0.0537	0.0627	0.0609	0.0584	0.0685	0.0783	0.0772	0.0655	0.0637	0.0648	0.0777	0.0756	0.0730	0.0691	0.0840	0.0700	0.0918	0.0838	0.0771	0.0784	0.0809	0.0890	0.0859	0.0865	0.0866	0.0911	0.0894	0.0891	0.0869	0.0973	0.1025	0.1086	0.1100	0.1258	0.1451	0.1553	0.1570	0.1685	0.1699	0.1798	0.1764	0.1699	0.1815	0.2160	0.2477	0.3430	0.4929	0.3968	0.4020	0.3280	0.2494	0.2561	0.2732	0.3957	0.4071	0.4785	0.5429	0.4646
0.0000	0.0146	0.0230	0.0170	0.0173	0.0271	0.0400	0.0405	0.0407	0.0491	0.0407	0.0472	0.0640	0.0422	0.0567	0.0721	0.0655	0.0513	0.0571	0.0687	0.0726	0.0668	0.0672	0.0663	0.0693	0.0671	0.0632	0.0693	0.0796	0.0747	0.0749	0.0737	0.0833	0.0741	0.0743	0.0775	0.0770	0.0758	0.0768	0.0719	0.0769	0.0908	0.0905	0.0943	0.1079	0.1132	0.1149	0.1184	0.1267	0.1248	0.1374	0.1382	0.1259	0.1351	0.1475	0.1616	0.1792	0.2011	0.1986	0.2133	0.1877	0.1921	0.1930	0.1873	0.1995	0.2223	0.2804	0.3495	0.2631
0.0005	0.0000	0.0242	0.0145	0.0216	0.0244	0.0265	0.0303	0.0389	0.0424	0.0303	0.0338	0.0516	0.0522	0.0463	0.0617	0.0548	0.0465	0.0534	0.0580	0.0591	0.0569	0.0611	0.0660	0.0612	0.0669	0.0688	0.0645	0.0708	0.0632	0.0667	0.0677	0.0789	0.0709	0.0709	0.0666	0.0606	0.0678	0.0748	0.0721	0.0693	0.0797	0.0779	0.0885	0.1024	0.1004	0.1006	0.0946	0.1043	0.1227	0.1071	0.1116	0.1142	0.1076	0.1115	0.1244	0.1339	0.1283	0.1355	0.1505	0.1505	0.1335	0.1302	0.1432	0.1432	0.1412	0.1494	0.1674	0.1682
0.0022	0.0000	0.0020	0.0005	0.0069	0.0193	0.0301	0.0207	0.0291	0.0343	0.0351	0.0352	0.0455	0.0489	0.0482	0.0566	0.0490	0.0485	0.0469	0.0671	0.0668	0.0590	0.0548	0.0561	0.0579	0.0607	0.0671	0.0640	0.0638	0.0668	0.0577	0.0568	0.0679	0.0664	0.0610	0.0591	0.0629	0.0629	0.0680	0.0653	0.0715	0.0720	0.0774	0.0813	0.0864	0.0866	0.0904	0.0924	0.0948	0.1041	0.1042	0.0998	0.0939	0.0954	0.1116	0.1107	0.1120	0.1054	0.1106	0.1089	0.1254	0.1146	0.1038	0.1082	0.1159	0.1185	0.1277	0.1205	0.1166
0.0000	0.0000	0.0000	0.0144	0.0221	0.0271	0.0260	0.0252	0.0252	0.0234	0.0318	0.0314	0.0382	0.0479	0.0536	0.0580	0.0614	0.0443	0.0385	0.0544	0.0567	0.0555	0.0533	0.0478	0.0548	0.0568	0.0499	0.0639	0.0566	0.0574	0.0492	0.0455	0.0536	0.0592	0.0571	0.0552	0.0613	0.0601	0.0687	0.0652	0.0669	0.0592	0.0750	0.0694	0.0738	0.0732	0.0748	0.0793	0.0830	0.0882	0.0860	0.0841	0.0799	0.0911	0.1062	0.0958	0.0936	0.0892	0.1001	0.0997	0.1082	0.1039	0.1027	0.0987	0.1013	0.1068	0.0998	0.0965	0.0952
0.0000	0.0011	0.0000	0.0094	0.0210	0.0064	0.0190	0.0433	0.0167	0.0248	0.0204	0.0203	0.0337	0.0309	0.0353	0.0438	0.0472	0.0387	0.0335	0.0405	0.0454	0.0459	0.0444	0.0454	0.0492	0.0470	0.0506	0.0465	0.0454	0.0531	0.0501	0.0443	0.0508	0.0490	0.0487	0.0526	0.0482	0.0482	0.0557	0.0524	0.0557	0.0585	0.0631	0.0651	0.0670	0.0674	0.0734	0.0676	0.0708	0.0719	0.0696	0.0652	0.0725	0.0726	0.0776	0.0905	0.0859	0.0853	0.0963	0.0930	0.0983	0.0902	0.0824	0.0891	0.0911	0.0835	0.0938	0.0819	0.0799
0.0000	0.0000	0.0000	0.0005	0.0010	0.0068	0.0102	0.0147	0.0055	0.0097	0.0292	0.0227	0.0219	0.0194	0.0212	0.0314	0.0358	0.0287	0.0244	0.0426	0.0443	0.0443	0.0477	0.0356	0.0382	0.0486	0.0488	0.0399	0.0410	0.0488	0.0403	0.0413	0.0503	0.0467	0.0461	0.0453	0.0390	0.0475	0.0516	0.0492	0.0479	0.0568	0.0609	0.0548	0.0547	0.0598	0.0680	0.0580	0.0596	0.0608	0.0669	0.0675	0.0636	0.0664	0.0691	0.0714	0.0756	0.0771	0.0846	0.0843	0.0767	0.0711	0.0830	0.0862	0.0774	0.0748	0.0806	0.0840	0.0910
0.0000	0.0000	0.0000	0.0000	0.0000	0.0000	0.0063	0.0035	0.0083	0.0088	0.0328	0.0200	0.0277	0.0229	0.0195	0.0265	0.0392	0.0335	0.0249	0.0380	0.0462	0.0468	0.0388	0.0317	0.0328	0.0447	0.0421	0.0417	0.0500	0.0518	0.0441	0.0401	0.0468	0.0531	0.0415	0.0384	0.0420	0.0479	0.0473	0.0505	0.0530	0.0482	0.0621	0.0561	0.0462	0.0636	0.0632	0.0545	0.0541	0.0642	0.0709	0.0658	0.0631	0.0681	0.0731	0.0702	0.0597	0.0672	0.0673	0.0714	0.0679	0.0597	0.0710	0.0658	0.0612	0.0653	0.0610	0.0718	0.0639
0.0000	0.0000	0.0000	0.0000	0.0026	0.0000	0.0000	0.0151	0.0065	0.0213	0.0200	0.0190	0.0223	0.0268	0.0228	0.0162	0.0255	0.0363	0.0292	0.0402	0.0377	0.0344	0.0374	0.0434	0.0334	0.0338	0.0390	0.0403	0.0433	0.0469	0.0526	0.0399	0.0381	0.0460	0.0465	0.0391	0.0347	0.0474	0.0514	0.0470	0.0483	0.0466	0.0574	0.0511	0.0494	0.0545	0.0600	0.0671	0.0609	0.0637	0.0615	0.0682	0.0583	0.0589	0.0624	0.0610	0.0635	0.0551	0.0671	0.0607	0.0558	0.0518	0.0624	0.0631	0.0626	0.0576	0.0545	0.0448	0.0381
0.0000	0.0000	0.0000	0.0000	0.0000	0.0000	0.0000	0.0096	0.0039	0.0106	0.0126	0.0118	0.0127	0.0205	0.0220	0.0115	0.0195	0.0283	0.0326	0.0354	0.0361	0.0254	0.0223	0.0299	0.0380	0.0348	0.0293	0.0302	0.0325	0.0392	0.0404	0.0452	0.0435	0.0351	0.0420	0.0432	0.0344	0.0421	0.0368	0.0401	0.0409	0.0504	0.0456	0.0474	0.0509	0.0527	0.0585	0.0630	0.0532	0.0533	0.0548	0.0563	0.0558	0.0503	0.0600	0.0683	0.0614	0.0451	0.0517	0.0540	0.0495	0.0563	0.0561	0.0582	0.0575	0.0507	0.0499	0.0455	0.0484
0.0000	0.0000	0.0000	0.0000	0.0000	0.0000	0.0000	0.0133	0.0000	0.0000	0.0149	0.0171	0.0106	0.0224	0.0201	0.0071	0.0146	0.0334	0.0167	0.0264	0.0269	0.0423	0.0200	0.0295	0.0427	0.0378	0.0333	0.0320	0.0312	0.0362	0.0360	0.0405	0.0479	0.0310	0.0325	0.0328	0.0378	0.0399	0.0543	0.0499	0.0376	0.0488	0.0404	0.0494	0.0469	0.0406	0.0513	0.0579	0.0481	0.0458	0.0545	0.0633	0.0626	0.0516	0.0578	0.0551	0.0550	0.0502	0.0488	0.0547	0.0647	0.0575	0.0567	0.0579	0.0567	0.0408	0.0654	0.0481	0.0450
