0.0000	0.0000	0.0000	0.0049	0.0107	0.0036	0.0130	0.0090	0.0208	0.0114	0.0199	0.0184	0.0188	0.0191	0.0264	0.0399	0.0569	0.0320	0.0278	0.0374	0.0390	0.0527	0.0518	0.0611	0.0648	0.0547	0.0576	0.0667	0.0783	0.0749	0.0624	0.0756	0.0790	0.0932	0.0826	0.0802	0.0764	0.0779	0.1027	0.0896	0.0801	0.0957	0.0977	0.0872	0.0886	0.0968	0.0966	0.1081	0.1052	0.1158	0.1046	0.0866	0.0822	0.0813	0.0993	0.0792	0.0949	0.0905	0.0889	0.0587	0.0561	0.0649	0.0588	0.0606	0.0664	0.0457	0.0486	0.0551	0.0426
0.0000	0.0000	0.0000	0.0106	0.0041	0.0014	0.0181	0.0118	0.0176	0.0047	0.0269	0.0244	0.0286	0.0209	0.0318	0.0477	0.0471	0.0435	0.0402	0.0482	0.0552	0.0527	0.0535	0.0811	0.0700	0.0639	0.0590	0.0759	0.0675	0.0753	0.0746	0.0904	0.0801	0.0850	0.0892	0.0970	0.0915	0.0913	0.0986	0.1016	0.0901	0.0944	0.0985	0.0955	0.0972	0.1087	0.1057	0.1219	0.1167	0.1051	0.1181	0.0993	0.0850	0.0891	0.0924	0.1063	0.1014	0.0915	0.0789	0.0865	0.0756	0.0732	0.0709	0.0741	0.0708	0.0571	0.0572	0.0588	0.0522
0.0000	0.0000	0.0000	0.0130	0.0092	0.0072	0.0029	0.0205	0.0176	0.0192	0.0210	0.0201	0.0311	0.0357	0.0399	0.0531	0.0415	0.0474	0.0501	0.0440	0.0454	0.0610	0.0534	0.0615	0.0782	0.0744	0.0794	0.0756	0.0690	0.0831	0.0789	0.0858	0.0853	0.1120	0.0944	0.0828	0.1143	0.1095	0.0986	0.1022	0.1008	0.0933	0.1014	0.0882	0.1052	0.1145	0.1050	0.1124	0.1138	0.1050	0.1243	0.1254	0.0982	0.1196	0.1175	0.1090	0.1164	0.1000	0.0894	0.0973	0.0968	0.0892	0.0923	0.0910	0.0789	0.0768	0.0682	0.0639	0.0696
0.0000	0.0000	0.0101	0.0114	0.0140	0.0135	0.0053	0.0189	0.0083	0.0230	0.0230	0.0333	0.0401	0.0306	0.0361	0.0497	0.0432	0.0512	0.0439	0.0396	0.0694	0.0554	0.0476	0.0663	0.0763	0.0792	0.0795	0.0743	0.0736	0.0700	0.0792	0.0822	0.0807	0.1076	0.0977	0.0964	0.0950	0.0935	0.1175	0.1144	0.1019	0.1002	0.1138	0.1137	0.1180	0.1099	0.1194	0.1037	0.1037	0.1006	0.1339	0.1212	0.1209	0.1162	0.1292	0.1054	0.1099	0.1109	0.0983	0.0976	0.1017	0.1015	0.0900	0.0812	0.0871	0.0825	0.0779	0.0888	0.0995
0.0000	0.0094	0.0084	0.0000	0.0162	0.0205	0.0199	0.0238	0.0166	0.0325	0.0248	0.0357	0.0438	0.0450	0.0508	0.0540	0.0497	0.0435	0.0496	0.0528	0.0653	0.0627	0.0569	0.0686	0.0716	0.0829	0.0818	0.0817	0.0828	0.0799	0.0863	0.0824	0.1075	0.0974	0.1017	0.1115	0.1045	0.0902	0.0959	0.1065	0.0861	0.1004	0.1031	0.1136	0.1329	0.1322	0.1334	0.1239	0.1203	0.1204	0.1218	0.1178	0.1276	0.1342	0.1164	0.1199	0.1267	0.1096	0.1117	0.1147	0.1000	0.0954	0.1122	0.1049	0.1039	0.0863	0.1011	0.1099	0.0969
0.0000	0.0000	0.0065	0.0133	0.0074	0.0252	0.0283	0.0282	0.0385	0.0543	0.0459	0.0381	0.0483	0.0477	0.0375	0.0537	0.0667	0.0439	0.0524	0.0730	0.0744	0.0838	0.0702	0.0719	0.0922	0.0805	0.0840	0.0888	0.0899	0.0911	0.0831	0.0900	0.1210	0.1252	0.1318	0.1278	0.1087	0.1053	0.1023	0.1112	0.0991	0.1153	0.1209	0.1294	0.1265	0.1166	0.1136	0.1307	0.1368	0.1328	0.1432	0.1570	0.1558	0.1498	0.1513	0.1527	0.1448	0.1129	0.1109	0.1378	0.1131	0.1194	0.1356	0.1248	0.1310	0.1022	0.1125	0.1175	0.1148
0.0000	0.0000	0.0000	0.0119	0.0183	0.0291	0.0258	0.0309	0.0351	0.0441	0.0510	0.0571	0.0546	0.0479	0.0507	0.0581	0.0652	0.0670	0.0646	0.0724	0.0716	0.0903	0.0695	0.0654	0.0945	0.1045	0.0788	0.0916	0.1130	0.1069	0.0905	0.0970	0.1143	0.1293	0.1257	0.1109	0.1121	0.1201	0.1165	0.1104	0.1142	0.1283	0.1463	0.1320	0.1189	0.1234	0.1416	0.1614	0.1517	0.1465	0.1636	0.1787	0.2011	0.1811	0.1748	0.1825	0.1529	0.1308	0.1442	0.1558	0.1252	0.1279	0.1370	0.1568	0.1552	0.1411	0.1324	0.1230	0.1305
0.0083	0.0160	0.0021	0.0119	0.0254	0.0248	0.0241	0.0392	0.0349	0.0310	0.0341	0.0380	0.0364	0.0471	0.0437	0.0597	0.0532	0.0725	0.0863	0.0872	0.0734	0.0944	0.0714	0.0835	0.0975	0.1173	0.0830	0.0839	0.1130	0.1272	0.1075	0.0892	0.1248	0.1323	0.1277	0.1167	0.1324	0.1312	0.1231	0.1284	0.1286	0.1318	0.1593	0.1494	0.1581	0.1497	0.1766	0.1873	0.1837	0.1842	0.2081	0.2636	0.2861	0.2544	0.2498	0.2261	0.1761	0.1521	0.1716	0.1607	0.1651	0.1652	0.1528	0.1716	0.1758	0.1689	0.1757	0.1664	0.1667
0.0104	0.0113	0.0149	0.0293	0.0255	0.0281	0.0342	0.0462	0.0459	0.0454	0.0424	0.0446	0.0517	0.0646	0.0597	0.0703	0.0637	0.0727	0.0900	0.0909	0.0826	0.0957	0.0854	0.0858	0.1107	0.1012	0.0885	0.0954	0.1225	0.1303	0.1048	0.0969	0.1253	0.1284	0.1331	0.1358	0.1306	0.1281	0.1445	0.1455	0.1332	0.1339	0.1572	0.1780	0.1866	0.1884	0.2117	0.2417	0.2654	0.3094	0.3966	0.5987	0.5555	0.5590	0.4980	0.4003	0.2843	0.2038	0.2095	0.1864	0.1916	0.1995	0.1922	0.1910	0.2337	0.2652	0.3487	0.3415	0.2602
0.0101	0.0036	0.0158	0.0253	0.0262	0.0287	0.0433	0.0524	0.0645	0.0531	0.0477	0.0641	0.0767	0.0734	0.0822	0.0662	0.0716	0.0780	0.0916	0.1037	0.1068	0.1048	0.0970	0.1048	0.1174	0.1124	0.0984	0.1054	0.1097	0.1151	0.1200	0.1224	0.1318	0.1393	0.1511	0.1491	0.1484	0.1606	0.1584	0.1689	0.1628	0.1682	0.1937	0.2267	0.2772	0.3101	0.2987	0.3401	0.4894	0.5848	0.6561	0.7365	0.6296	0.5773	0.5736	0.5491	0.4883	0.3662	0.2892	0.2535	0.2387	0.2224	0.2460	0.2918	0.3936	0.4090	0.3865	0.4149	0.3699
0.0078	0.0146	0.0318	0.0320	0.0401	0.0324	0.0604	0.0570	0.0506	0.0485	0.0497	0.0524	0.0689	0.0737	0.0788	0.0938	0.0843	0.0954	0.0876	0.0868	0.1168	0.1055	0.0939	0.0959	0.1248	0.1118	0.1181	0.1164	0.1128	0.1268	0.1309	0.1328	0.1515	0.1549	0.1721	0.1765	0.1883	0.2093	0.2044	0.2196	0.2243	0.2476	0.2914	0.3311	0.5579	0.6230	0.4907	0.4726	0.6881	0.7513	0.7433	0.7603	0.6476	0.5910	0.5489	0.5737	0.6104	0.5571	0.5053	0.4085	0.3060	0.2539	0.2716	0.3839	0.4733	0.4032	0.3924	0.4161	0.3486
0.0158	0.0268	0.0311	0.0289	0.0423	0.0259	0.0516	0.0654	0.0440	0.0467	0.0565	0.0700	0.0689	0.0662	0.0756	0.0919	0.0938	0.1109	0.1149	0.1013	0.1126	0.1168	0.1069	0.1243	0.1350	0.1150	0.1290	0.1366	0.1364	0.1527	0.1671	0.1670	0.1872	0.1880	0.2035	0.1958	0.2004	0.2358	0.2607	0.2729	0.2825	0.3179	0.4100	0.5052	0.7616	0.8076	0.7374	0.6507	0.6898	0.7432	0.7097	0.7088	0.6316	0.6506	0.6029	0.6474	0.6324	0.6084	0.5737	0.5552	0.4184	0.3060	0.3506	0.5183	0.5141	0.4273	0.3806	0.4166	0.3743
0.0214	0.0277	0.0270	0.0414	0.0517	0.0323	0.0501	0.0649	0.0770	0.0691	0.0762	0.0841	0.0858	0.0902	0.0899	0.0903	0.1160	0.1081	0.1089	0.1113	0.1182	0.1195	0.1302	0.1363	0.1351	0.1479	0.1526	0.1443	0.1582	0.1707	0.1900	0.2140	0.2253	0.2500	0.2711	0.2544	0.2644	0.3175	0.3316	0.3492	0.3791	0.4229	0.5379	0.7197	0.7768	0.7232	0.7211	0.6947	0.7361	0.7484	0.6956	0.6522	0.6336	0.6618	0.6029	0.6401	0.6311	0.6210	0.6085	0.5826	0.4636	0.3687	0.4517	0.5782	0.5294	0.4637	0.4560	0.4215	0.4058
0.0218	0.0220	0.0352	0.0302	0.0624	0.0551	0.0620	0.0797	0.0794	0.0916	0.0758	0.0903	0.0902	0.0933	0.0890	0.1015	0.1258	0.1326	0.1280	0.1429	0.1382	0.1485	0.1746	0.1572	0.1699	0.1784	0.1799	0.2115	0.2053	0.2299	0.2561	0.2641	0.2980	0.3156	0.3266	0.3260	0.3647	0.4216	0.4303	0.4052	0.4415	0.5149	0.8119	0.8232	0.7461	0.6939	0.6889	0.6635	0.6831	0.6841	0.7073	0.6655	0.6576	0.6256	0.6174	0.6705	0.6183	0.6233	0.6068	0.5866	0.4989	0.4149	0.4795	0.5365	0.5241	0.4385	0.4206	0.3892	0.3759
0.0292	0.0206	0.0350	0.0473	0.0559	0.0621	0.0736	0.0787	0.0754	0.0808	0.0828	0.1099	0.1033	0.0943	0.1084	0.1315	0.1557	0.1482	0.1458	0.1717	0.1677	0.1917	0.2051	0.2035	0.2108	0.2271	0.2124	0.2374	0.2692	0.3057	0.2930	0.3479	0.3953	0.4397	0.5076	0.4824	0.4871	0.6867	0.6569	0.6241	0.5997	0.6672	0.8633	0.8108	0.7328	0.6930	0.6574	0.6813	0.7087	0.6728	0.6881	0.6536	0.6062	0.5538	0.6226	0.6624	0.6443	0.5947	0.5884	0.6078	0.5783	0.5279	0.5157	0.5124	0.4772	0.4170	0.3905	0.3720	0.3720
0.0255	0.0275	0.0448	0.0736	0.0737	0.0792	0.0835	0.0945	0.1071	0.1031	0.1268	0.1350	0.1227	0.1314	0.1763	0.1883	0.2090	0.1900	0.2021	0.2212	0.2429	0.2534	0.2348	0.2740	0.2814	0.2680	0.2732	0.2765	0.3368	0.3465	0.3831	0.4991	0.6280	0.8090	0.8991	0.7614	0.6885	0.8710	0.8275	0.7770	0.7672	0.7339	0.8021	0.7630	0.7035	0.6786	0.6873	0.6658	0.6607	0.6711	0.6876	0.6611	0.6252	0.5902	0.5963	0.6451	0.6311	0.6119	0.5774	0.5951	0.5542	0.5133	0.5386	0.5395	0.4638	0.3898	0.4151	0.3977	0.3804
0.0382	0.0472	0.0649	0.0841	0.0789	0.0983	0.1348	0.1448	0.1545	0.1761	0.2448	0.2725	0.2671	0.2501	0.2947	0.3188	0.3077	0.3082	0.3431	0.3400	0.3657	0.3972	0.3845	0.4062	0.4949	0.4214	0.3798	0.3790	0.4219	0.4749	0.5059	0.6922	0.8959	0.9631	1.0000	0.8818	0.8772	0.9157	0.8220	0.7277	0.7214	0.6863	0.7709	0.7290	0.6697	0.6240	0.6446	0.6806	0.6152	0.6427	0.6453	0.6513	0.6211	0.6460	0.6028	0.6263	0.5632	0.5419	0.5640	0.5546	0.4819	0.4663	0.4603	0.4595	0.4424	0.3675	0.3871	0.3753	0.3737
0.0394	0.0677	0.1009	0.1479	0.1814	0.2509	0.3254	0.3803	0.4257	0.3866	0.4958	0.5241	0.4909	0.5055	0.5463	0.5920	0.6066	0.5925	0.6616	0.6829	0.6584	0.6588	0.6594	0.6162	0.6784	0.6247	0.5594	0.5799	0.6368	0.7521	0.7401	0.8666	0.9151	0.8970	0.8493	0.8326	0.8133	0.7759	0.7336	0.7066	0.6693	0.6508	0.6726	0.6545	0.6167	0.6034	0.6342	0.6321	0.6375	0.6153	0.6148	0.6197	0.6204	0.5921	0.5733	0.5379	0.5204	0.5274	0.5553	0.5235	0.4828	0.4701	0.4509	0.4520	0.4125	0.3716	0.3683	0.3792	0.3456
0.0766	0.1424	0.2462	0.3376	0.3898	0.4826	0.5474	0.5574	0.5879	0.5254	0.5153	0.5849	0.6253	0.6076	0.5942	0.6737	0.7561	0.7226	0.7284	0.7422	0.7550	0.7528	0.7599	0.7797	0.7485	0.7028	0.7518	0.7163	0.7605	0.8231	0.8057	0.8354	0.8472	0.8417	0.7871	0.7840	0.7174	0.7170	0.7125	0.6901	0.6659	0.6143	0.6380	0.6171	0.5742	0.6107	0.5940	0.5794	0.5857	0.6313	0.6340	0.6012	0.5768	0.5849	0.5529	0.5139	0.4849	0.4929	0.5112	0.4990	0.5060	0.4577	0.4349	0.4357	0.3903	0.3499	0.3546	0.3582	0.3444
0.1367	0.2419	0.3119	0.3582	0.3729	0.4610	0.4070	0.3767	0.4132	0.4030	0.3923	0.4579	0.5065	0.4761	0.5236	0.5877	0.6145	0.6577	0.6356	0.6425	0.6792	0.7125	0.6713	0.6915	0.6918	0.6751	0.7230	0.7278	0.7176	0.7806	0.7650	0.7693	0.7852	0.7939	0.7331	0.7321	0.6949	0.6918	0.6520	0.6517	0.6216	0.6172	0.6204	0.5839	0.5946	0.5631	0.5419	0.5799	0.5859	0.6022	0.5822	0.5613	0.5462	0.5784	0.5713	0.5172	0.5000	0.4653	0.4765	0.4553	0.4475	0.4487	0.4350	0.4120	0.3936	0.3868	0.3687	0.3780	0.3291
0.1592	0.2138	0.2354	0.2525	0.2850	0.2927	0.2857	0.2991	0.2815	0.3281	0.3707	0.3783	0.4461	0.4454	0.4539	0.4855	0.5635	0.6016	0.5943	0.5905	0.6463	0.6211	0.6099	0.6450	0.6327	0.6585	0.6410	0.6955	0.6925	0.7057	0.7575	0.7487	0.7441	0.7538	0.7391	0.7092	0.6718	0.6801	0.6646	0.6294	0.6123	0.5832	0.5685	0.6026	0.5698	0.5423	0.5600	0.5511	0.5426	0.5307	0.5962	0.5914	0.5290	0.5572	0.5342	0.5152	0.5060	0.4794	0.4751	0.4343	0.4403	0.4689	0.4376	0.4098	0.3818	0.3635	0.3495	0.3484	0.3201
0.1555	0.1990	0.2509	0.2103	0.2186	0.2340	0.2539	0.2807	0.3035	0.3178	0.3255	0.3600	0.4052	0.4714	0.4545	0.4732	0.5902	0.5933	0.6154	0.5864	0.6393	0.6456	0.6583	0.6115	0.5940	0.6224	0.6320	0.6451	0.6542	0.6704	0.6729	0.6865	0.6957	0.6901	0.6880	0.6501	0.6413	0.6716	0.6481	0.6363	0.6207	0.5720	0.5718	0.5896	0.5840	0.5457	0.5443	0.5516	0.5349	0.5230	0.5767	0.5760	0.5391	0.5234	0.5138	0.5424	0.5098	0.5090	0.5087	0.4649	0.4583	0.4543	0.4543	0.3858	0.3679	0.3578	0.3365	0.3337	0.3223
0.1692	0.1745	0.2063	0.2181	0.2306	0.2643	0.2887	0.2991	0.3069	0.2811	0.3435	0.3740	0.3857	0.4115	0.4386	0.5026	0.5739	0.5919	0.5495	0.5393	0.6413	0.6725	0.5987	0.5809	0.6180	0.5694	0.6223	0.6265	0.6343	0.6645	0.6252	0.6389	0.6858	0.6835	0.6584	0.6562	0.6633	0.6605	0.6232	0.5998	0.5808	0.5500	0.5530	0.5830	0.5890	0.5486	0.5449	0.5441	0.5170	0.5384	0.5438	0.5373	0.5374	0.5393	0.5376	0.5510	0.5238	0.4963	0.4692	0.4914	0.4431	0.4377	0.4199	0.3715	0.3658	0.3723	0.3610	0.3308	0.3013
0.1758	0.1707	0.2047	0.2386	0.2316	0.2749	0.2804	0.2966	0.3041	0.3058	0.3278	0.3642	0.3469	0.3959	0.4402	0.5002	0.5329	0.5594	0.5765	0.5558	0.6155	0.6428	0.5797	0.5294	0.6240	0.5523	0.5837	0.6324	0.6314	0.6500	0.6211	0.6413	0.6228	0.6656	0.6577	0.6301	0.6162	0.6326	0.6034	0.5758	0.5744	0.5571	0.5700	0.5714	0.5513	0.5520	0.5495	0.5449	0.5055	0.5370	0.5213	0.5018	0.5308	0.5187	0.5183	0.5164	0.5066	0.5124	0.4766	0.4561	0.4509	0.4480	0.4107	0.3967	0.3715	0.3649	0.3533	0.3388	0.3237
0.2010	0.1907	0.2180	0.2553	0.2551	0.2796	0.2822	0.2799	0.2863	0.3170	0.3404	0.3599	0.3684	0.3892	0.3939	0.4389	0.4875	0.5116	0.5536	0.5841	0.5445	0.5365	0.5377	0.5922	0.5910	0.5374	0.5499	0.5816	0.5768	0.6128	0.6207	0.5943	0.6245	0.6754	0.6382	0.5952	0.6208	0.6077	0.5851	0.5649	0.5776	0.5834	0.5632	0.5574	0.5599	0.5258	0.5399	0.5394	0.5178	0.5353	0.5282	0.4880	0.4983	0.4907	0.5058	0.5138	0.5202	0.4746	0.4658	0.4812	0.4519	0.4179	0.4397	0.3681	0.3729	0.3452	0.3336	0.3059	0.3014
0.1883	0.2007	0.2331	0.2750	0.2687	0.2965	0.3173	0.2922	0.3075	0.3343	0.3483	0.3606	0.3755	0.3867	0.4006	0.4390	0.4921	0.4820	0.4788	0.5423	0.5257	0.5168	0.4832	0.5204	0.5370	0.5225	0.5350	0.5400	0.5860	0.5724	0.6178	0.5964	0.6244	0.6173	0.5899	0.5978	0.5834	0.5656	0.5711	0.5345	0.5486	0.5650	0.5162	0.5313	0.5403	0.5292	0.5378	0.5362	0.5455	0.5467	0.5529	0.5368	0.5140	0.5082	0.5300	0.5385	0.5009	0.4807	0.4819	0.4415	0.4455	0.4258	0.4502	0.3918	0.3869	0.3573	0.3417	0.3222	0.3102
0.1730	0.2220	0.2516	0.2942	0.2794	0.2663	0.2717	0.3030	0.3041	0.3020	0.3190	0.3510	0.3720	0.3760	0.3865	0.4233	0.4614	0.4325	0.4836	0.5100	0.4924	0.5227	0.5055	0.5089	0.5081	0.5312	0.5176	0.5252	0.5327	0.5746	0.6101	0.6132	0.6206	0.5701	0.5611	0.5381	0.5541	0.5596	0.5693	0.5454	0.5475	0.5303	0.5280	0.5178	0.5558	0.5099	0.5236	0.5366	0.5399	0.5687	0.5803	0.5487	0.5209	0.5317	0.5266	0.5164	0.4730	0.4629	0.4806	0.4805	0.4330	0.4090	0.4280	0.3976	0.3678	0.3392	0.3233	0.3451	0.3118
0.1879	0.2317	0.2184	0.2440	0.2584	0.2861	0.3114	0.3013	0.3066	0.3213	0.3197	0.3244	0.3686	0.3883	0.3978	0.4190	0.4485	0.4499	0.4600	0.5208	0.4877	0.4995	0.5000	0.5067	0.5215	0.5372	0.5176	0.5220	0.5367	0.5524	0.5651	0.5741	0.5614	0.5686	0.5539	0.5557	0.5386	0.5503	0.5721	0.5433	0.5526	0.5334	0.5351	0.5054	0.5223	0.5264	0.5452	0.5492	0.5368	0.5187	0.5643	0.5492	0.5697	0.5683	0.5116	0.5147	0.5166	0.4764	0.4426	0.4928	0.4564	0.4337	0.4276	0.4037	0.3857	0.3429	0.3183	0.3415	0.3054
0.1825	0.2089	0.2285	0.2489	0.2731	0.2564	0.3032	0.3256	0.3138	0.3082	0.3485	0.3499	0.3639	0.3906	0.4167	0.4164	0.4599	0.4648	0.4848	0.4651	0.4808	0.4814	0.4905	0.4932	0.4980	0.5130	0.5320	0.5498	0.5714	0.5336	0.5538	0.5856	0.5741	0.5719	0.5453	0.5443	0.5450	0.5599	0.5438	0.5509	0.5684	0.5547	0.5324	0.5437	0.5116	0.5139	0.5465	0.5712	0.5536	0.5388	0.5572	0.5454	0.5654	0.5777	0.5322	0.5206	0.5136	0.4988	0.4736	0.4498	0.4383	0.4328	0.4030	0.4221	0.4053	0.3543	0.3422	0.3411	0.3005
0.1523	0.1776	0.2373	0.2665	0.2602	0.2577	0.2827	0.3138	0.3297	0.3389	0.3687	0.3856	0.3837	0.3823	0.3710	0.4165	0.4718	0.4778	0.4924	0.5144	0.4726	0.4682	0.4999	0.5134	0.5087	0.5089	0.5268	0.5646	0.5645	0.5694	0.5921	0.6044	0.6314	0.5873	0.5639	0.5383	0.5641	0.5767	0.5617	0.5609	0.5722	0.5646	0.5659	0.5701	0.5546	0.5269	0.5378	0.5580	0.5343	0.5502	0.5741	0.5706	0.5697	0.5390	0.5267	0.5363	0.4815	0.4606	0.4707	0.4737	0.4679	0.4351	0.4182	0.4123	0.4053	0.3537	0.3586	0.3665	0.3355
0.1493	0.1814	0.2171	0.2323	0.2479	0.2787	0.3002	0.2938	0.3267	0.3446	0.3540	0.3550	0.3767	0.3791	0.4023	0.4162	0.4781	0.4635	0.4520	0.4688	0.4805	0.4931	0.4874	0.5038	0.5016	0.5047	0.4831	0.5207	0.5317	0.5465	0.5882	0.5933	0.6048	0.5845	0.5862	0.5962	0.5928	0.5516	0.5529	0.5736	0.5316	0.5678	0.5672	0.5476	0.5568	0.5170	0.5210	0.5351	0.5527	0.5879	0.5887	0.5825	0.6038	0.5626	0.5298	0.5437	0.5228	0.4899	0.4796	0.4760	0.4688	0.4455	0.4174	0.4139	0.3967	0.3342	0.3503	0.3537	0.3203
0.1379	0.1784	0.2020	0.2106	0.2483	0.2898	0.2988	0.2859	0.3175	0.3348	0.3582	0.3508	0.3615	0.3702	0.3957	0.4215	0.4748	0.4536	0.4691	0.4642	0.4856	0.5067	0.4797	0.4907	0.5162	0.5399	0.5024	0.5447	0.5480	0.5367	0.5669	0.5635	0.5904	0.5782	0.5912	0.5683	0.5540	0.5559	0.5639	0.5471	0.5245	0.5415	0.5759	0.5194	0.5550	0.5263	0.5265	0.5572	0.5432	0.5746	0.6093	0.5585	0.5780	0.5927	0.5587	0.5422	0.5379	0.5249	0.4667	0.4564	0.4676	0.4665	0.4643	0.4403	0.4001	0.3490	0.3556	0.3727	0.3333
0.1358	0.1851	0.1882	0.1975	0.2367	0.2976	0.3162	0.3204	0.3131	0.3305	0.3250	0.3530	0.3785	0.3843	0.4044	0.4239	0.4637	0.4642	0.4785	0.4921	0.4894	0.4884	0.4905	0.5176	0.5359	0.5346	0.5414	0.5489	0.5650	0.5404	0.5525	0.5707	0.5687	0.5914	0.6072	0.5926	0.6121	0.5845	0.5740	0.5266	0.5490	0.5642	0.5664	0.5539	0.5647	0.5104	0.5227	0.5621	0.5942	0.5900	0.6026	0.5641	0.6010	0.5830	0.5552	0.5414	0.5483	0.5069	0.4456	0.4614	0.4570	0.4747	0.4658	0.4519	0.4281	0.3883	0.3741	0.3568	0.3354
0.1371	0.1573	0.1852	0.2214	0.2280	0.2607	0.3022	0.3445	0.3183	0.3128	0.3434	0.3479	0.4007	0.4325	0.3934	0.4173	0.4478	0.4633	0.4501	0.5035	0.5403	0.4874	0.4930	0.5115	0.5069	0.5180	0.5146	0.5410	0.5812	0.5684	0.5745	0.5977	0.6023	0.6054	0.5945	0.6066	0.5944	0.5880	0.5848	0.5264	0.5495	0.5749	0.5827	0.5449	0.5309	0.5295	0.5484	0.5644	0.5867	0.6230	0.6372	0.5751	0.5753	0.5511	0.5570	0.5464	0.5320	0.5077	0.4990	0.4914	0.4687	0.4811	0.4544	0.4615	0.4172	0.4175	0.3888	0.3529	0.3634
0.1156	0.1498	0.1770	0.2020	0.2322	0.2509	0.2900	0.3383	0.3359	0.3026	0.3096	0.3364	0.3658	0.4276	0.4107	0.4379	0.4981	0.5133	0.4896	0.5145	0.5287	0.5353	0.5144	0.5382	0.5249	0.5358	0.5339	0.5192	0.5725	0.5896	0.5743	0.6326	0.6326	0.6360	0.6713	0.6336	0.6157	0.6024	0.6080	0.5749	0.5684	0.5836	0.5732	0.5469	0.5486	0.5887	0.5488	0.5923	0.5736	0.6573	0.6188	0.6091	0.5968	0.6129	0.5866	0.5449	0.5389	0.5301	0.5230	0.5091	0.4861	0.4720	0.4657	0.4574	0.4573	0.4414	0.3922	0.3713	0.3474
0.1346	0.1427	0.1747	0.1861	0.2343	0.2626	0.2908	0.3204	0.3247	0.3025	0.3258	0.3575	0.3615	0.4198	0.4607	0.4737	0.5073	0.5239	0.5463	0.5870	0.5670	0.5967	0.5572	0.5604	0.5754	0.5558	0.5510	0.5662	0.6151	0.6105	0.6302	0.6350	0.6831	0.7177	0.7021	0.6879	0.6459	0.6403	0.5952	0.5621	0.5923	0.5736	0.5868	0.5776	0.5851	0.6004	0.6174	0.6355	0.6171	0.6404	0.6287	0.6053	0.5741	0.5937	0.5571	0.5623	0.5191	0.5330	0.5253	0.5111	0.4963	0.4892	0.4686	0.4571	0.4695	0.4259	0.3941	0.3978	0.3994
0.1336	0.1453	0.1790	0.2173	0.2428	0.2747	0.2837	0.3135	0.3290	0.3468	0.3243	0.3840	0.3894	0.4199	0.4474	0.5022	0.5213	0.5512	0.5624	0.6208	0.6322	0.6355	0.5975	0.6207	0.5663	0.5977	0.5756	0.6161	0.6785	0.6615	0.6761	0.7069	0.6924	0.7546	0.6927	0.6826	0.6653	0.6922	0.6253	0.5879	0.6133	0.6141	0.6000	0.6325	0.6151	0.5799	0.6043	0.6147	0.6342	0.6546	0.6287	0.5963	0.6088	0.5747	0.5520	0.5653	0.5378	0.5193	0.5258	0.4919	0.4816	0.4821	0.4823	0.4703	0.4483	0.4191	0.4327	0.4197	0.4004
0.1514	0.1858	0.1841	0.2200	0.2281	0.2840	0.2990	0.3275	0.3482	0.3362	0.3476	0.3997	0.4389	0.4495	0.4987	0.5325	0.5757	0.6576	0.6410	0.6821	0.6874	0.7242	0.6922	0.6598	0.6396	0.6687	0.6572	0.7205	0.7235	0.6549	0.7070	0.7335	0.7258	0.7711	0.7472	0.7039	0.7299	0.7027	0.6801	0.6538	0.6589	0.6172	0.6464	0.6616	0.6485	0.6188	0.6350	0.6336	0.6604	0.6705	0.6771	0.6565	0.6517	0.6343	0.5944	0.5875	0.5419	0.5497	0.5297	0.5017	0.5245	0.4888	0.4827	0.4768	0.4740	0.4648	0.4466	0.4136	0.4236
0.1684	0.2176	0.2955	0.3180	0.3420	0.3778	0.3978	0.4031	0.4073	0.4291	0.4701	0.5051	0.5182	0.5272	0.5887	0.6380	0.6976	0.6967	0.7093	0.7147	0.6853	0.7677	0.7532	0.6940	0.7293	0.7174	0.7249	0.7401	0.7710	0.7628	0.7802	0.8085	0.7968	0.8070	0.8081	0.7597	0.7631	0.7367	0.7319	0.7101	0.6839	0.6755	0.6955	0.6767	0.6562	0.6536	0.6531	0.6276	0.6507	0.6732	0.6527	0.6726	0.6569	0.6163	0.5875	0.5996	0.5419	0.5434	0.5218	0.5315	0.5612	0.5309	0.5365	0.5342	0.5283	0.4922	0.4786	0.4638	0.4419
0.1099	0.2012	0.3055	0.3820	0.4445	0.5422	0.5690	0.5879	0.5574	0.5787	0.5808	0.6521	0.6413	0.6685	0.7482	0.7633	0.7850	0.8041	0.8017	0.8203	0.8103	0.8329	0.8093	0.7974	0.7720	0.7745	0.7939	0.8048	0.8351	0.8658	0.9033	0.9027	0.8863	0.8678	0.8491	0.8677	0.8536	0.7912	0.7816	0.7455	0.7209	0.7470	0.7665	0.7379	0.7104	0.6917	0.6661	0.6486	0.6815	0.6820	0.6670	0.6405	0.6675	0.6502	0.6012	0.5883	0.5620	0.5805	0.6051	0.5850	0.5744	0.5494	0.5519	0.5602	0.5349	0.4986	0.4929	0.4835	0.4585
0.0657	0.1132	0.1513	0.1716	0.2225	0.3215	0.3745	0.4380	0.4207	0.4716	0.5070	0.5440	0.6023	0.6495	0.7093	0.7143	0.7200	0.7577	0.7755	0.8953	0.9022	0.7617	0.6559	0.7122	0.7617	0.7639	0.7419	0.7112	0.8028	0.6627	0.7138	0.7857	0.7187	0.7554	0.8601	0.8875	0.8562	0.8341	0.8462	0.7777	0.7792	0.7365	0.7620	0.7204	0.6799	0.6680	0.6854	0.6892	0.6727	0.6914	0.6681	0.6723	0.6653	0.6453	0.6175	0.6406	0.6241	0.5896	0.5823	0.5779	0.5723	0.5749	0.5690	0.5330	0.5189	0.5083	0.4985	0.5452	0.5148
0.0391	0.0506	0.0824	0.0873	0.0962	0.1224	0.1385	0.1715	0.1836	0.1880	0.2159	0.2301	0.2655	0.2766	0.3201	0.3436	0.3200	0.3305	0.3521	0.5396	0.5944	0.3754	0.3035	0.3293	0.3702	0.3703	0.3734	0.3659	0.3908	0.3649	0.3852	0.3861	0.3895	0.4534	0.5847	0.6025	0.5988	0.6770	0.7131	0.7078	0.7680	0.8054	0.7842	0.7584	0.7087	0.6982	0.7364	0.7249	0.7003	0.6958	0.6979	0.6748	0.6586	0.6361	0.6100	0.6262	0.6326	0.5946	0.5546	0.5875	0.5926	0.5633	0.5797	0.5630	0.5863	0.5504	0.5422	0.5041	0.4940
0.0148	0.0295	0.0431	0.0484	0.0677	0.0682	0.0849	0.0898	0.1027	0.1179	0.1090	0.1164	0.1290	0.1251	0.1420	0.1646	0.1684	0.1649	0.1763	0.2009	0.2078	0.1948	0.1988	0.2103	0.2199	0.2155	0.2159	0.2237	0.2463	0.2618	0.2689	0.2645	0.2851	0.3090	0.3163	0.3114	0.3296	0.3797	0.4010	0.4314	0.5680	0.6755	0.7372	0.7946	0.8087	0.7904	0.7858	0.8044	0.7344	0.7256	0.6706	0.6762	0.6805	0.6595	0.6537	0.6427	0.6630	0.6253	0.6038	0.5972	0.5979	0.5841	0.5946	0.5945	0.5455	0.5355	0.4945	0.4015	0.4724
0.0268	0.0214	0.0248	0.0342	0.0573	0.0527	0.0757	0.0728	0.0702	0.0784	0.0765	0.0808	0.1009	0.0897	0.0939	0.1049	0.1166	0.1148	0.1256	0.1383	0.1351	0.1363	0.1540	0.1641	0.1690	0.1697	0.1729	0.1835	0.1932	0.2045	0.2092	0.2189	0.2192	0.2301	0.2324	0.2376	0.2633	0.2686	0.2987	0.3097	0.3726	0.4273	0.4488	0.5478	0.7216	0.7527	0.7681	0.7922	0.7951	0.7566	0.7008	0.6759	0.6401	0.6503	0.6618	0.6899	0.6819	0.6235	0.6083	0.6175	0.6223	0.6378	0.6395	0.6067	0.5419	0.4351	0.3417	0.4226	0.5141
0.0225	0.0214	0.0301	0.0406	0.0408	0.0544	0.0823	0.0672	0.0489	0.0545	0.0697	0.0688	0.0781	0.0698	0.0782	0.0837	0.0924	0.0955	0.0878	0.0880	0.1024	0.1105	0.1193	0.1313	0.1330	0.1247	0.1380	0.1304	0.1515	0.1566	0.1608	0.1732	0.1797	0.1784	0.1950	0.1932	0.2010	0.2116	0.2233	0.2281	0.2422	0.2748	0.2906	0.3259	0.3909	0.4253	0.5060	0.7216	0.8003	0.7736	0.7611	0.6849	0.6845	0.6493	0.6605	0.6379	0.5898	0.6081	0.6165	0.6127	0.6289	0.6157	0.5461	0.4588	0.3939	0.3053	0.2879	0.3900	0.4753
0.0252	0.0290	0.0252	0.0273	0.0352	0.0484	0.0524	0.0549	0.0559	0.0586	0.0600	0.0624	0.0647	0.0671	0.0744	0.0755	0.0868	0.0903	0.0894	0.0844	0.1002	0.0913	0.0993	0.1061	0.0941	0.0980	0.1018	0.1038	0.1068	0.1174	0.1296	0.1428	0.1389	0.1441	0.1529	0.1568	0.1616	0.1685	0.1738	0.1753	0.1835	0.2071	0.2204	0.2570	0.2701	0.2913	0.3792	0.6910	0.8205	0.7810	0.7633	0.7281	0.7049	0.6402	0.6220	0.5992	0.5984	0.5974	0.6224	0.6217	0.6315	0.5371	0.3179	0.2516	0.2348	0.2242	0.2377	0.2361	0.3097
0.0190	0.0189	0.0345	0.0277	0.0283	0.0378	0.0487	0.0484	0.0527	0.0487	0.0576	0.0622	0.0569	0.0592	0.0570	0.0748	0.0832	0.0759	0.0802	0.0882	0.0880	0.0824	0.0760	0.0801	0.0913	0.0997	0.0843	0.0834	0.0931	0.0873	0.0965	0.1035	0.0977	0.1063	0.1131	0.1136	0.1213	0.1321	0.1272	0.1312	0.1430	0.1556	0.1662	0.2021	0.2217	0.2306	0.2820	0.4937	0.6563	0.6868	0.7596	0.7718	0.7609	0.6941	0.6298	0.6092	0.6225	0.5746	0.4419	0.4221	0.4073	0.2840	0.1832	0.1874	0.1784	0.1733	0.1814	0.1813	0.1878
0.0000	0.0071	0.0158	0.0230	0.0242	0.0271	0.0280	0.0433	0.0436	0.0463	0.0513	0.0509	0.0525	0.0577	0.0610	0.0652	0.0764	0.0736	0.0681	0.0842	0.0773	0.0773	0.0727	0.0682	0.0792	0.0868	0.0761	0.0850	0.0948	0.0907	0.0934	0.0805	0.0866	0.0894	0.0883	0.0959	0.1013	0.1066	0.1009	0.0937	0.0997	0.1111	0.1183	0.1320	0.1423	0.1532	0.1697	0.2291	0.2706	0.3050	0.4418	0.7301	0.7949	0.7289	0.6694	0.6567	0.6527	0.4378	0.2048	0.1940	0.1828	0.1685	0.1500	0.1508	0.1507	0.1440	0.1425	0.1608	0.1522
0.0000	0.0000	0.0147	0.0358	0.0189	0.0226	0.0339	0.0363	0.0344	0.0400	0.0416	0.0460	0.0506	0.0423	0.0508	0.0643	0.0703	0.0728	0.0639	0.0697	0.0636	0.0649	0.0678	0.0675	0.0594	0.0656	0.0681	0.0719	0.0753	0.0786	0.0761	0.0877	0.0836	0.0754	0.0834	0.0807	0.0811	0.0785	0.0887	0.0836	0.0848	0.0875	0.0980	0.0995	0.1062	0.1111	0.1193	0.1402	0.1434	0.1465	0.1884	0.3942	0.4992	0.4332	0.4333	0.4734	0.4419	0.2526	0.1384	0.1380	0.1315	0.1299	0.1225	0.1074	0.1061	0.1124	0.1146	0.1311	0.1248
0.0096	0.0024	0.0124	0.0200	0.0187	0.0263	0.0218	0.0352	0.0365	0.0417	0.0376	0.0428	0.0445	0.0411	0.0526	0.0516	0.0543	0.0588	0.0573	0.0609	0.0718	0.0640	0.0604	0.0702	0.0594	0.0681	0.0695	0.0637	0.0706	0.0618	0.0650	0.0782	0.0787	0.0718	0.0677	0.0682	0.0717	0.0709	0.0776	0.0739	0.0810	0.0839	0.0903	0.0858	0.0953	0.0938	0.0930	0.0999	0.1147	0.1142	0.1165	0.1308	0.1453	0.1293	0.1309	0.1652	0.1685	0.1147	0.1181	0.1239	0.1153	0.1016	0.0915	0.1003	0.1041	0.0981	0.0941	0.0948	0.0883
0.0000	0.0042	0.0185	0.0132	0.0154	0.0135	0.0288	0.0249	0.0230	0.0447	0.0436	0.0450	0.0464	0.0409	0.0530	0.0408	0.0450	0.0464	0.0441	0.0525	0.0621	0.0535	0.0626	0.0543	0.0596	0.0643	0.0699	0.0660	0.0612	0.0567	0.0570	0.0645	0.0653	0.0663	0.0585	0.0679	0.0693	0.0660	0.0753	0.0786	0.0752	0.0741	0.0769	0.0746	0.0752	0.0790	0.0843	0.0807	0.0916	0.1069	0.0972	0.0995	0.0978	0.0960	0.1089	0.1041	0.0960	0.0941	0.0961	0.0981	0.0890	0.0920	0.0876	0.0874	0.0955	0.0831	0.0762	0.0676	0.0734
0.0000	0.0000	0.0065	0.0240	0.0252	0.0095	0.0191	0.0187	0.0182	0.0228	0.0355	0.0350	0.0308	0.0335	0.0460	0.0439	0.0473	0.0428	0.0436	0.0541	0.0492	0.0478	0.0479	0.0443	0.0502	0.0612	0.0548	0.0546	0.0594	0.0569	0.0564	0.0571	0.0563	0.0636	0.0603	0.0719	0.0696	0.0636	0.0696	0.0706	0.0659	0.0707	0.0771	0.0755	0.0699	0.0733	0.0717	0.0793	0.0738	0.0801	0.0826	0.0863	0.0742	0.0842	0.0914	0.0784	0.0776	0.0842	0.0789	0.0760	0.0857	0.0772	0.0789	0.0845	0.0798	0.0646	0.0547	0.0706	0.0599
0.0000	0.0000	0.0055	0.0016	0.0136	0.0063	0.0164	0.0297	0.0281	0.0177	0.0219	0.0297	0.0257	0.0231	0.0360	0.0369	0.0440	0.0397	0.0310	0.0455	0.0386	0.0322	0.0375	0.0403	0.0446	0.0448	0.0551	0.0486	0.0525	0.0596	0.0563	0.0464	0.0565	0.0597	0.0535	0.0497	0.0555	0.0540	0.0651	0.0635	0.0620	0.0620	0.0630	0.0664	0.0631	0.0677	0.0689	0.0644	0.0637	0.0709	0.0760	0.0696	0.0709	0.0745	0.0759	0.0765	0.0718	0.0734	0.0693	0.0735	0.0732	0.0783	0.0686	0.0690	0.0604	0.0618	0.0519	0.0583	0.0463
0.0000	0.0000	0.0000	0.0000	0.0000	0.0000	0.0078	0.0277	0.0152	0.0087	0.0197	0.0277	0.0244	0.0287	0.0274	0.0256	0.0388	0.0374	0.0260	0.0389	0.0448	0.0334	0.0288	0.0436	0.0424	0.0407	0.0502	0.0438	0.0502	0.0486	0.0436	0.0459	0.0535	0.0524	0.0506	0.0477	0.0440	0.0509	0.0614	0.0599	0.0556	0.0561	0.0509	0.0609	0.0582	0.0580	0.0600	0.0618	0.0618	0.0630	0.0698	0.0742	0.0711	0.0602	0.0690	0.0730	0.0716	0.0659	0.0677	0.0741	0.0638	0.0516	0.0618	0.0633	0.0623	0.0552	0.0563	0.0536	0.0486
0.0000	0.0000	0.0000	0.0000	0.0000	0.0000	0.0037	0.0080	0.0102	0.0115	0.0178	0.0370	0.0346	0.0244	0.0264	0.0253	0.0348	0.0327	0.0304	0.0333	0.0432	0.0354	0.0327	0.0369	0.0328	0.0391	0.0435	0.0479	0.0450	0.0508	0.0466	0.0482	0.0521	0.0532	0.0557	0.0486	0.0511	0.0560	0.0563	0.0582	0.0611	0.0549	0.0566	0.0586	0.0593	0.0600	0.0600	0.0640	0.0596	0.0632	0.0683	0.0728	0.0626	0.0658	0.0711	0.0718	0.0662	0.0580	0.0639	0.0638	0.0629	0.0501	0.0531	0.0591	0.0554	0.0469	0.0522	0.0461	0.0406
0.0000	0.0000	0.0000	0.0000	0.0000	0.0000	0.0000	0.0016	0.0050	0.0134	0.0184	0.0303	0.0324	0.0185	0.0182	0.0297	0.0344	0.0240	0.0354	0.0330	0.0322	0.0338	0.0278	0.0291	0.0410	0.0403	0.0355	0.0396	0.0446	0.0456	0.0378	0.0428	0.0395	0.0432	0.0469	0.0445	0.0462	0.0536	0.0563	0.0506	0.0511	0.0479	0.0504	0.0504	0.0555	0.0572	0.0610	0.0557	0.0607	0.0624	0.0615	0.0615	0.0598	0.0634	0.0708	0.0687	0.0545	0.0523	0.0560	0.0546	0.0511	0.0452	0.0513	0.0607	0.0512	0.0412	0.0413	0.0394	0.0354
0.0000	0.0000	0.0000	0.0000	0.0000	0.0003	0.0010	0.0000	0.0153	0.0073	0.0143	0.0122	0.0173	0.0101	0.0125	0.0224	0.0254	0.0111	0.0173	0.0216	0.0253	0.0255	0.0280	0.0296	0.0381	0.0367	0.0333	0.0388	0.0378	0.0385	0.0409	0.0414	0.0357	0.0425	0.0475	0.0443	0.0468	0.0456	0.0491	0.0482	0.0429	0.0517	0.0545	0.0411	0.0513	0.0599	0.0521	0.0485	0.0567	0.0494	0.0511	0.0533	0.0585	0.0589	0.0656	0.0646	0.0492	0.0450	0.0457	0.0476	0.0455	0.0495	0.0470	0.0389	0.0426	0.0456	0.0331	0.0353	0.0344
0.0000	0.0000	0.0000	0.0000	0.0000	0.0000	0.0070	0.0053	0.0038	0.0000	0.0124	0.0124	0.0248	0.0125	0.0188	0.0128	0.0124	0.0085	0.0081	0.0216	0.0215	0.0317	0.0280	0.0243	0.0487	0.0430	0.0249	0.0305	0.0316	0.0398	0.0468	0.0344	0.0414	0.0319	0.0428	0.0457	0.0386	0.0378	0.0438	0.0505	0.0454	0.0515	0.0533	0.0488	0.0478	0.0549	0.0548	0.0543	0.0533	0.0498	0.0638	0.0626	0.0613	0.0569	0.0529	0.0477	0.0452	0.0529	0.0495	0.0501	0.0525	0.0535	0.0442	0.0436	0.0442	0.0471	0.0314	0.0332	0.0334
