0.0000	0.0000	0.0000	0.0071	0.0000	0.0000	0.0022	0.0255	0.0187	0.0154	0.0200	0.0254	0.0309	0.0350	0.0325	0.0442	0.0609	0.0488	0.0361	0.0583	0.0577	0.0455	0.0531	0.0770	0.0857	0.0883	0.1008	0.0759	0.0716	0.0885	0.0581	0.0813	0.0819	0.0835	0.0803	0.0850	0.1099	0.0834	0.0825	0.0655	0.0684	0.0921	0.0864	0.0842	0.0733	0.0886	0.0904	0.0828	0.0827	0.0855	0.0903	0.0788	0.0797	0.0893	0.0955	0.1042	0.0749	0.0654	0.0830	0.0659	0.0586	0.0719	0.0701	0.0519	0.0620	0.0403	0.0391	0.0375	0.0423
0.0000	0.0000	0.0026	0.0160	0.0108	0.0142	0.0190	0.0323	0.0307	0.0125	0.0197	0.0459	0.0492	0.0333	0.0327	0.0518	0.0498	0.0803	0.0780	0.0475	0.0594	0.0632	0.0699	0.0823	0.0794	0.0983	0.0945	0.0833	0.0897	0.0796	0.0927	0.0992	0.0851	0.0846	0.0865	0.0987	0.0988	0.0921	0.0918	0.0943	0.0910	0.1115	0.0994	0.0874	0.0849	0.1003	0.0846	0.1016	0.0974	0.0901	0.0913	0.0869	0.0755	0.0847	0.0957	0.0891	0.0943	0.0705	0.0692	0.0900	0.0795	0.0677	0.0676	0.0716	0.0644	0.0621	0.0573	0.0425	0.0467
0.0000	0.0000	0.0000	0.0164	0.0370	0.0130	0.0059	0.0196	0.0190	0.0193	0.0307	0.0356	0.0742	0.0501	0.0450	0.0627	0.0585	0.0706	0.0714	0.0469	0.0805	0.0787	0.0770	0.0797	0.0903	0.0899	0.1115	0.0960	0.0933	0.0874	0.0889	0.0974	0.0937	0.1010	0.0847	0.0909	0.1016	0.0918	0.1072	0.1102	0.1102	0.0935	0.0906	0.0883	0.0944	0.0937	0.0947	0.0914	0.0940	0.0886	0.0998	0.1015	0.0937	0.1042	0.1134	0.1090	0.0761	0.0717	0.0715	0.0986	0.0940	0.0822	0.0881	0.0722	0.0628	0.0632	0.0735	0.0438	0.0464
0.0000	0.0000	0.0010	0.0322	0.0383	0.0165	0.0224	0.0425	0.0333	0.0477	0.0471	0.0574	0.0775	0.0656	0.0569	0.0570	0.0573	0.0763	0.0630	0.0855	0.0800	0.0721	0.0748	0.0849	0.1075	0.1100	0.1089	0.0906	0.0806	0.0833	0.0861	0.0934	0.0986	0.1031	0.1138	0.1096	0.0838	0.0876	0.0957	0.0900	0.1007	0.0849	0.0869	0.0866	0.0973	0.0913	0.1049	0.0948	0.1072	0.1035	0.1103	0.1132	0.1217	0.1323	0.1392	0.1227	0.0912	0.0867	0.0935	0.0859	0.1001	0.0984	0.1033	0.0945	0.0783	0.0735	0.0605	0.0762	0.0660
0.0065	0.0064	0.0018	0.0165	0.0141	0.0275	0.0311	0.0467	0.0321	0.0340	0.0426	0.0438	0.0737	0.0704	0.0696	0.0662	0.0636	0.0640	0.0816	0.1066	0.0642	0.0714	0.1088	0.0821	0.1067	0.1073	0.0863	0.0895	0.0905	0.0998	0.0934	0.1062	0.1166	0.1051	0.1170	0.1163	0.0959	0.0904	0.1014	0.1058	0.1005	0.0974	0.1004	0.0845	0.1013	0.1101	0.1099	0.0944	0.1044	0.1159	0.1249	0.1137	0.1144	0.1274	0.1239	0.1303	0.1132	0.0929	0.0934	0.0998	0.0959	0.0933	0.0880	0.0929	0.0892	0.0863	0.0904	0.0931	0.0777
0.0000	0.0007	0.0046	0.0343	0.0297	0.0329	0.0457	0.0430	0.0386	0.0327	0.0384	0.0656	0.0849	0.0696	0.0678	0.0706	0.0690	0.0762	0.0926	0.1030	0.0802	0.0908	0.0997	0.0931	0.1019	0.0947	0.0963	0.1052	0.0944	0.0979	0.1029	0.1173	0.1171	0.1133	0.1086	0.1081	0.0958	0.1042	0.1011	0.1021	0.1015	0.1022	0.1122	0.0930	0.1003	0.1073	0.1055	0.1114	0.1254	0.1321	0.1209	0.1106	0.1134	0.1394	0.1362	0.1278	0.1036	0.0901	0.0991	0.1299	0.1087	0.1142	0.1238	0.1202	0.1066	0.0902	0.0834	0.0951	0.0852
0.0000	0.0000	0.0226	0.0289	0.0166	0.0342	0.0323	0.0472	0.0608	0.0504	0.0829	0.0834	0.0805	0.0621	0.0727	0.0990	0.0895	0.0838	0.0984	0.0875	0.0980	0.1112	0.0915	0.1041	0.1232	0.1144	0.1159	0.1084	0.0957	0.1079	0.1085	0.1060	0.1195	0.1243	0.1094	0.1144	0.1051	0.1075	0.1127	0.1059	0.0893	0.1161	0.1273	0.1040	0.1078	0.1159	0.1136	0.1278	0.1321	0.1362	0.1320	0.1288	0.1435	0.1552	0.1399	0.1563	0.1399	0.1331	0.1182	0.1151	0.1165	0.1276	0.1340	0.1374	0.1416	0.1131	0.1139	0.1044	0.1043
0.0000	0.0000	0.0340	0.0281	0.0229	0.0398	0.0357	0.0612	0.0831	0.0646	0.0868	0.0803	0.0840	0.0767	0.0585	0.0921	0.0948	0.1125	0.1067	0.0895	0.0989	0.1367	0.1285	0.1137	0.1257	0.1295	0.1219	0.1066	0.1291	0.1351	0.1084	0.0998	0.1324	0.1348	0.1318	0.1242	0.1398	0.1302	0.1166	0.1161	0.1062	0.1468	0.1383	0.1217	0.1129	0.1361	0.1413	0.1341	0.1566	0.1543	0.1610	0.1508	0.1436	0.1825	0.2156	0.1917	0.1614	0.1471	0.1560	0.1446	0.1414	0.1542	0.1558	0.1727	0.1648	0.1309	0.1386	0.1330	0.1333
0.0111	0.0124	0.0503	0.0308	0.0290	0.0403	0.0597	0.0667	0.0789	0.0737	0.0646	0.0805	0.0833	0.1098	0.1015	0.0933	0.0964	0.1263	0.1261	0.1322	0.1353	0.1259	0.1242	0.1287	0.1313	0.1271	0.1101	0.1285	0.1420	0.1371	0.1143	0.1201	0.1547	0.1162	0.1244	0.1254	0.1274	0.1293	0.1471	0.1541	0.1257	0.1399	0.1482	0.1238	0.1253	0.1460	0.1663	0.1652	0.1607	0.1735	0.2039	0.1920	0.2185	0.4368	0.5457	0.3854	0.2198	0.1889	0.2215	0.2274	0.2496	0.2042	0.1658	0.1814	0.1917	0.1797	0.1697	0.1783	0.1638
0.0101	0.0130	0.0500	0.0499	0.0273	0.0438	0.0674	0.0920	0.0840	0.0825	0.0692	0.0653	0.0907	0.1316	0.1254	0.1029	0.1106	0.1197	0.1597	0.1405	0.1502	0.1305	0.1119	0.1278	0.1298	0.1517	0.1416	0.1202	0.1236	0.1460	0.1410	0.1245	0.1409	0.1442	0.1432	0.1304	0.1382	0.1388	0.1440	0.1360	0.1356	0.1351	0.1517	0.1525	0.1649	0.1798	0.2021	0.2049	0.1920	0.2149	0.2509	0.2359	0.3430	0.6063	0.6504	0.5268	0.4100	0.3554	0.3770	0.3731	0.4568	0.3851	0.2878	0.3018	0.2858	0.2498	0.2563	0.2599	0.2229
0.0212	0.0301	0.0295	0.0338	0.0194	0.0521	0.0688	0.0581	0.0674	0.0789	0.0738	0.0749	0.0997	0.1075	0.0996	0.1219	0.1333	0.1233	0.1302	0.1354	0.1570	0.1415	0.1268	0.1398	0.1435	0.1506	0.1574	0.1478	0.1395	0.1453	0.1438	0.1364	0.1542	0.1744	0.1686	0.1520	0.1508	0.1548	0.1527	0.1457	0.1516	0.1622	0.1736	0.1732	0.2058	0.2074	0.2163	0.2653	0.2769	0.3434	0.3203	0.3297	0.4337	0.6671	0.6296	0.5891	0.5844	0.4976	0.5055	0.5625	0.5430	0.4817	0.4790	0.4941	0.4318	0.3765	0.3402	0.3515	0.2675
0.0252	0.0307	0.0410	0.0438	0.0509	0.0611	0.0640	0.0806	0.0789	0.0680	0.0740	0.0809	0.0884	0.1056	0.0993	0.1069	0.1267	0.1304	0.1357	0.1320	0.1577	0.1629	0.1341	0.1455	0.1693	0.1671	0.1510	0.1642	0.1641	0.1798	0.1682	0.1716	0.1736	0.1772	0.1770	0.1609	0.1866	0.1851	0.1820	0.1905	0.1742	0.1983	0.2233	0.1980	0.2327	0.2573	0.2871	0.3382	0.5304	0.7288	0.5501	0.4342	0.4331	0.6675	0.6370	0.6307	0.6210	0.5855	0.5556	0.5707	0.5625	0.5412	0.4967	0.5151	0.4776	0.4151	0.3470	0.3702	0.3428
0.0215	0.0194	0.0437	0.0545	0.0758	0.0639	0.0526	0.0897	0.1120	0.0969	0.1079	0.1046	0.1108	0.1185	0.1147	0.1140	0.1476	0.1656	0.1502	0.1648	0.1621	0.1877	0.1860	0.1546	0.1842	0.2155	0.1842	0.1725	0.1937	0.1965	0.1751	0.1984	0.1987	0.1910	0.2032	0.1930	0.1994	0.2124	0.2188	0.2387	0.2382	0.2500	0.2642	0.2610	0.2711	0.3289	0.4546	0.7227	0.8803	0.8420	0.7699	0.6012	0.4519	0.5343	0.5871	0.6827	0.6659	0.6027	0.5809	0.5586	0.5384	0.6056	0.5273	0.5456	0.4908	0.4340	0.4189	0.3853	0.3482
0.0360	0.0319	0.0508	0.0540	0.0688	0.0616	0.0949	0.0932	0.1054	0.1146	0.1269	0.1467	0.1421	0.1511	0.1274	0.1478	0.1800	0.2072	0.2096	0.2392	0.2208	0.2310	0.2203	0.1900	0.2041	0.2212	0.2027	0.2124	0.2215	0.2224	0.2186	0.2472	0.2509	0.2550	0.2602	0.2572	0.2442	0.2732	0.2721	0.2689	0.2967	0.2991	0.3397	0.3558	0.3637	0.4166	0.6817	0.9413	0.8350	0.7488	0.8122	0.7926	0.6046	0.6635	0.7031	0.7204	0.6207	0.5727	0.5759	0.5636	0.5562	0.5558	0.5612	0.5347	0.4874	0.4204	0.4404	0.3787	0.3452
0.0229	0.0310	0.0620	0.0792	0.0665	0.0695	0.1061	0.1168	0.1227	0.1207	0.1355	0.1828	0.1888	0.2127	0.2469	0.2745	0.3747	0.3814	0.4013	0.4470	0.5394	0.5153	0.3869	0.3055	0.2744	0.2639	0.2840	0.2753	0.2798	0.3099	0.3071	0.3489	0.3323	0.3386	0.3520	0.3282	0.3411	0.3492	0.3530	0.3260	0.3392	0.3567	0.3809	0.3930	0.4248	0.5013	0.7482	0.9309	0.9042	0.8079	0.8103	0.7693	0.7147	0.6780	0.6909	0.6271	0.6332	0.5465	0.5101	0.5479	0.5375	0.5126	0.5023	0.4790	0.4656	0.3874	0.3987	0.3366	0.3283
0.0251	0.0367	0.0557	0.0871	0.0860	0.1376	0.1249	0.1438	0.1872	0.1559	0.2271	0.2660	0.3167	0.4615	0.5993	0.6671	0.8341	0.7752	0.8057	0.8355	0.9031	0.8679	0.6935	0.5748	0.5073	0.4282	0.4246	0.4189	0.4643	0.5042	0.5602	0.6276	0.5206	0.5387	0.5087	0.4346	0.4398	0.4238	0.3963	0.3760	0.3931	0.3976	0.4089	0.4254	0.4441	0.5562	0.8026	0.8465	0.7990	0.7632	0.7626	0.7530	0.7430	0.6482	0.6229	0.6246	0.6124	0.5554	0.5263	0.5304	0.5070	0.4840	0.4956	0.4678	0.3937	0.3688	0.3673	0.3721	0.3445
0.0396	0.0716	0.0894	0.1425	0.1574	0.2140	0.2580	0.2995	0.3537	0.4671	0.5167	0.5408	0.7334	0.7938	0.8646	0.9083	0.8931	0.9460	0.8929	0.9499	0.9936	0.8907	0.8758	0.8795	0.8789	0.7838	0.8007	0.8141	0.7654	0.8192	0.8437	0.9424	0.8945	0.8842	0.8665	0.6982	0.6812	0.6772	0.5397	0.4028	0.4255	0.4401	0.4587	0.5000	0.5060	0.6353	0.8113	0.8115	0.7444	0.7057	0.7120	0.7357	0.6744	0.6132	0.6472	0.6048	0.5884	0.5255	0.4915	0.5119	0.4916	0.4553	0.4682	0.4384	0.3932	0.3520	0.3602	0.3404	0.3235
0.0669	0.1203	0.1560	0.2162	0.3480	0.5142	0.6234	0.7180	0.8279	0.7866	0.8922	0.8513	0.8403	0.7754	0.7929	0.8197	0.7979	0.8581	0.8738	0.8854	0.9656	0.9345	0.8480	0.8872	0.8638	0.8246	0.8915	0.8936	0.7979	0.8192	0.8808	0.8946	0.9191	0.9378	0.9378	0.9066	0.8960	0.8714	0.8050	0.6177	0.5870	0.5989	0.6004	0.5179	0.5251	0.7072	0.8436	0.7738	0.7561	0.7124	0.6850	0.6969	0.6615	0.6247	0.5815	0.5161	0.5078	0.4707	0.4643	0.4499	0.4663	0.4438	0.4072	0.4053	0.3893	0.3313	0.3200	0.3437	0.3281
0.1212	0.2032	0.3113	0.4663	0.6021	0.7502	0.7831	0.7841	0.8333	0.7404	0.7053	0.6735	0.6557	0.6474	0.6586	0.7304	0.7599	0.7433	0.7517	0.7652	0.7559	0.7952	0.7861	0.7639	0.8143	0.8329	0.8435	0.7668	0.7720	0.8487	0.8524	0.8303	0.8616	0.8802	0.8688	0.8294	0.8002	0.7942	0.8706	0.8283	0.8067	0.7847	0.8162	0.5945	0.5550	0.7665	0.7327	0.6748	0.6709	0.6789	0.6542	0.6352	0.6056	0.5722	0.5649	0.4953	0.4514	0.4252	0.4243	0.4395	0.4689	0.4456	0.4239	0.3830	0.3492	0.3288	0.3427	0.3315	0.3557
0.2087	0.3446	0.4228	0.4848	0.5095	0.5569	0.5677	0.5443	0.5567	0.5330	0.5370	0.5181	0.5999	0.5609	0.5846	0.5882	0.6742	0.6795	0.6725	0.6734	0.6701	0.6989	0.7254	0.7163	0.7423	0.7849	0.8306	0.7648	0.7446	0.8257	0.7946	0.7463	0.8106	0.7941	0.8271	0.7921	0.7534	0.7607	0.7507	0.7669	0.7473	0.7883	0.7938	0.6977	0.6978	0.7314	0.6204	0.6273	0.6264	0.5924	0.5692	0.5453	0.5271	0.5086	0.5025	0.4709	0.4401	0.4355	0.4243	0.4284	0.4346	0.4107	0.4275	0.3745	0.3507	0.3477	0.3259	0.3274	0.2928
0.2144	0.3138	0.3545	0.3319	0.3352	0.4122	0.4301	0.4070	0.4045	0.4365	0.4662	0.4909	0.5479	0.5600	0.5361	0.6043	0.6477	0.6655	0.6262	0.5953	0.6912	0.6792	0.6422	0.6763	0.6510	0.7274	0.7412	0.7651	0.7477	0.7156	0.7970	0.7878	0.7741	0.7990	0.7899	0.7663	0.7481	0.7474	0.7085	0.6742	0.6903	0.6819	0.6912	0.7104	0.6943	0.6559	0.6415	0.6287	0.5777	0.5382	0.5341	0.5162	0.4698	0.5042	0.4784	0.4695	0.4279	0.4094	0.4257	0.4124	0.4222	0.4347	0.3897	0.3645	0.4005	0.3414	0.3181	0.2937	0.2843
0.2384	0.2691	0.3182	0.3256	0.3177	0.3414	0.3836	0.4089	0.4091	0.4303	0.4134	0.4627	0.4978	0.5879	0.5237	0.5789	0.6666	0.6553	0.6198	0.6215	0.7102	0.6982	0.6999	0.6448	0.6526	0.6821	0.7002	0.7401	0.7491	0.7053	0.7317	0.7671	0.7391	0.7197	0.7492	0.7287	0.6966	0.7087	0.6450	0.6366	0.7036	0.6778	0.6654	0.6881	0.6835	0.5777	0.5790	0.5647	0.5060	0.5225	0.5335	0.4833	0.4682	0.4886	0.4591	0.4757	0.4494	0.4408	0.4157	0.4096	0.4171	0.4339	0.3558	0.3443	0.3764	0.3637	0.3489	0.3070	0.3094
0.2342	0.2646	0.2781	0.3174	0.3056	0.3430	0.4028	0.3879	0.3851	0.3698	0.4100	0.4523	0.4681	0.5399	0.5429	0.5716	0.6265	0.6345	0.5990	0.5943	0.6982	0.7487	0.7099	0.7003	0.7210	0.6806	0.6868	0.7230	0.7148	0.7133	0.7277	0.7006	0.7351	0.7489	0.6892	0.6619	0.6758	0.6806	0.6591	0.6398	0.6561	0.6489	0.6356	0.6126	0.5985	0.5958	0.5611	0.5302	0.5120	0.4938	0.4595	0.4837	0.5152	0.4860	0.4688	0.4764	0.4649	0.4479	0.4206	0.4495	0.4196	0.4012	0.3834	0.3699	0.3512	0.3402	0.3383	0.2933	0.2750
0.2070	0.2672	0.2780	0.3031	0.3244	0.3307	0.4087	0.3680	0.3814	0.3652	0.4014	0.4273	0.4514	0.5092	0.5527	0.5754	0.5828	0.6070	0.6527	0.6628	0.7500	0.7246	0.7051	0.6837	0.7274	0.6856	0.7045	0.7094	0.7154	0.7028	0.7067	0.6680	0.7033	0.7380	0.6635	0.6193	0.6292	0.6544	0.6316	0.6194	0.5965	0.6154	0.6203	0.5834	0.5369	0.5673	0.5705	0.5051	0.4996	0.4917	0.4582	0.4823	0.5317	0.4963	0.4741	0.5158	0.5006	0.4244	0.4296	0.4422	0.4183	0.4274	0.3920	0.3659	0.3413	0.3537	0.3322	0.2838	0.2952
0.2438	0.2489	0.2630	0.3065	0.3207	0.3452	0.3841	0.3830	0.3804	0.4063	0.4284	0.4273	0.5017	0.5041	0.5292	0.5630	0.5884	0.6009	0.6766	0.6991	0.6586	0.6678	0.7413	0.7392	0.7349	0.7143	0.6914	0.6899	0.7272	0.7068	0.6972	0.6981	0.6887	0.6683	0.6029	0.5960	0.6187	0.6398	0.6431	0.6060	0.5900	0.5797	0.5730	0.5258	0.5510	0.5148	0.5315	0.5301	0.5204	0.5079	0.4775	0.4633	0.4939	0.4747	0.4803	0.4849	0.4794	0.4420	0.4357	0.4411	0.4043	0.4144	0.4057	0.3714	0.3648	0.3700	0.3469	0.3107	0.2755
0.2297	0.2659	0.2813	0.3063	0.3264	0.3694	0.3486	0.3685	0.3950	0.3963	0.4348	0.4886	0.5085	0.5085	0.5309	0.5575	0.5922	0.6288	0.6213	0.6568	0.6705	0.6782	0.6663	0.6745	0.6893	0.6841	0.6656	0.6766	0.7109	0.6846	0.7070	0.6833	0.6741	0.6646	0.6074	0.5784	0.5797	0.5865	0.6145	0.5711	0.5523	0.5854	0.5294	0.5253	0.5494	0.5324	0.5466	0.5354	0.5408	0.5022	0.5107	0.4872	0.4749	0.4900	0.5038	0.4848	0.4852	0.4835	0.4701	0.4348	0.4245	0.4154	0.4034	0.3753	0.3450	0.3562	0.3424	0.3245	0.2708
0.2292	0.2533	0.3141	0.3372	0.3625	0.3487	0.3700	0.3828	0.3804	0.3900	0.4395	0.4648	0.4954	0.5106	0.5479	0.5605	0.5771	0.5949	0.6472	0.6667	0.7070	0.6699	0.6433	0.6510	0.6664	0.6246	0.6393	0.6539	0.6271	0.6725	0.6497	0.6579	0.6679	0.6392	0.5983	0.5517	0.5586	0.5531	0.5878	0.5906	0.5741	0.5513	0.5303	0.5173	0.5450	0.5444	0.5152	0.5075	0.5120	0.5191	0.4953	0.4979	0.4997	0.4797	0.4917	0.4783	0.4597	0.4603	0.4612	0.4633	0.4233	0.4339	0.4344	0.3945	0.3630	0.3171	0.3264	0.3185	0.2815
0.2275	0.2646	0.2942	0.3410	0.3601	0.3600	0.3582	0.3657	0.3708	0.4305	0.4538	0.4618	0.5442	0.5432	0.5308	0.5572	0.5591	0.5680	0.5587	0.6473	0.6460	0.6233	0.6060	0.6617	0.6459	0.6406	0.6586	0.6501	0.6544	0.6535	0.6407	0.6747	0.6467	0.5949	0.5755	0.5671	0.5327	0.5679	0.5812	0.5584	0.5641	0.5442	0.5560	0.4955	0.5329	0.5298	0.5079	0.5163	0.5159	0.4864	0.5276	0.5329	0.5365	0.5054	0.4801	0.4611	0.4966	0.4551	0.4203	0.4671	0.4450	0.4503	0.4415	0.3907	0.3715	0.3519	0.3586	0.3598	0.3091
0.2489	0.2612	0.2670	0.3243	0.3335	0.3551	0.3511	0.3772	0.4385	0.4361	0.4656	0.4690	0.4890	0.5473	0.5469	0.5595	0.5733	0.6195	0.6274	0.6146	0.6450	0.5997	0.6039	0.6610	0.6673	0.5959	0.6245	0.6505	0.6797	0.6258	0.6426	0.6465	0.6298	0.6010	0.5852	0.5827	0.5778	0.5884	0.5591	0.5391	0.5564	0.5508	0.5526	0.5435	0.5104	0.5031	0.5239	0.5244	0.5031	0.5058	0.5321	0.4954	0.5165	0.5091	0.4911	0.4908	0.4746	0.4684	0.4214	0.4538	0.4403	0.4227	0.4125	0.3966	0.3636	0.3763	0.3426	0.3305	0.3121
0.2276	0.2479	0.3165	0.3634	0.3369	0.3300	0.3521	0.4091	0.4589	0.4093	0.4404	0.5191	0.5143	0.5406	0.5404	0.5717	0.5908	0.5906	0.6027	0.6319	0.6190	0.6298	0.6207	0.6689	0.6561	0.6332	0.6224	0.6683	0.6612	0.6635	0.6280	0.6219	0.6605	0.6090	0.5769	0.5694	0.6144	0.6257	0.5746	0.5468	0.5401	0.5779	0.5430	0.5531	0.5193	0.4870	0.5238	0.5328	0.4826	0.5197	0.5364	0.5092	0.5048	0.4917	0.4830	0.5017	0.4413	0.4307	0.4472	0.4530	0.4406	0.4319	0.4162	0.3881	0.3880	0.3630	0.3220	0.3392	0.3142
0.2219	0.2586	0.3132	0.3351	0.3219	0.3565	0.3871	0.4137	0.4734	0.4397	0.4594	0.5158	0.5407	0.5346	0.5760	0.5774	0.6315	0.5893	0.5844	0.6315	0.6423	0.6862	0.6436	0.6790	0.6795	0.6695	0.6101	0.6592	0.6476	0.6218	0.6285	0.6384	0.6504	0.6358	0.6153	0.6121	0.5944	0.5586	0.5424	0.5695	0.5427	0.5803	0.5373	0.5163	0.5175	0.5075	0.5098	0.5206	0.5398	0.5418	0.5532	0.5627	0.5645	0.5383	0.4815	0.4914	0.4607	0.4528	0.4545	0.4761	0.4420	0.4397	0.4158	0.3852	0.3878	0.3302	0.3376	0.3518	0.3161
0.2148	0.2582	0.2853	0.3419	0.3291	0.3469	0.3712	0.3859	0.4311	0.4486	0.4364	0.4516	0.4745	0.4960	0.5511	0.6062	0.6219	0.5830	0.6284	0.6053	0.6514	0.6579	0.6485	0.6648	0.7309	0.6916	0.6466	0.6666	0.6784	0.6639	0.6620	0.6476	0.6430	0.5839	0.6139	0.6379	0.5976	0.5650	0.5699	0.5464	0.5374	0.5447	0.5558	0.4970	0.5243	0.5331	0.5280	0.5452	0.5238	0.5480	0.5557	0.5214	0.5547	0.5685	0.5416	0.5374	0.4905	0.4589	0.4534	0.4555	0.4546	0.4559	0.4704	0.4207	0.3796	0.3562	0.3530	0.3541	0.3440
0.2003	0.2759	0.3124	0.3188	0.3294	0.3246	0.3606	0.3728	0.4071	0.4660	0.4566	0.4830	0.4991	0.5556	0.5340	0.5826	0.6318	0.6183	0.6223	0.6135	0.6537	0.6610	0.6412	0.7144	0.7668	0.7149	0.6766	0.6872	0.6897	0.6734	0.6945	0.6844	0.6366	0.6137	0.6207	0.6089	0.5936	0.5973	0.6102	0.5582	0.5787	0.5983	0.5931	0.5536	0.5406	0.5207	0.5547	0.5627	0.5556	0.5392	0.5377	0.5597	0.5825	0.5616	0.5412	0.5443	0.4990	0.4944	0.4576	0.4658	0.4538	0.4584	0.4512	0.3987	0.3795	0.3532	0.3721	0.3524	0.3400
0.2108	0.2672	0.3063	0.3176	0.3101	0.3220	0.3359	0.3733	0.4292	0.4458	0.4771	0.4604	0.4766	0.5368	0.5006	0.6084	0.5796	0.5917	0.5846	0.6129	0.6702	0.6628	0.6632	0.7005	0.7076	0.7267	0.6785	0.7050	0.7101	0.7007	0.7248	0.6790	0.6689	0.6739	0.6279	0.6129	0.5935	0.5754	0.6187	0.6011	0.6147	0.6068	0.5994	0.5872	0.5392	0.5637	0.5687	0.5692	0.5990	0.6111	0.6007	0.5849	0.5431	0.5263	0.5557	0.5554	0.5091	0.4831	0.4867	0.5015	0.4828	0.4499	0.4184	0.4365	0.3762	0.3772	0.3867	0.3660	0.3657
0.2153	0.2501	0.2737	0.2736	0.2990	0.3139	0.3359	0.4174	0.4289	0.4116	0.4665	0.4646	0.4739	0.4794	0.5010	0.5857	0.5647	0.6016	0.5922	0.6912	0.6885	0.6841	0.7087	0.7492	0.7640	0.7444	0.7173	0.6905	0.6948	0.7091	0.6823	0.7006	0.6745	0.6884	0.7017	0.6449	0.6082	0.6316	0.6631	0.6447	0.6232	0.6201	0.6165	0.5927	0.5763	0.5944	0.5647	0.6199	0.5715	0.6476	0.6171	0.5795	0.5873	0.5801	0.5468	0.5517	0.5086	0.5185	0.4894	0.4851	0.4649	0.4671	0.4535	0.4375	0.4180	0.4145	0.3760	0.3585	0.3410
0.2023	0.2403	0.2532	0.2636	0.2960	0.3554	0.4051	0.4120	0.4142	0.4279	0.4784	0.4922	0.4966	0.5283	0.5554	0.5826	0.5740	0.6060	0.5901	0.6957	0.6714	0.6793	0.7127	0.7625	0.8115	0.7411	0.7583	0.7321	0.7048	0.6757	0.6860	0.6921	0.7144	0.7546	0.7122	0.6597	0.6540	0.6610	0.6332	0.6410	0.6599	0.6627	0.6698	0.6540	0.6215	0.6131	0.6634	0.6649	0.6356	0.6458	0.6425	0.6234	0.6273	0.5907	0.5437	0.5453	0.5381	0.5298	0.4976	0.4964	0.4773	0.4814	0.4685	0.4720	0.4316	0.4102	0.4063	0.3740	0.3710
0.2060	0.2490	0.2858	0.3137	0.3045	0.3610	0.4012	0.3893	0.4240	0.4440	0.4446	0.4858	0.5558	0.5573	0.5744	0.5924	0.5726	0.6386	0.6838	0.6950	0.7146	0.7276	0.7131	0.7807	0.7454	0.7521	0.7100	0.7141	0.7594	0.7460	0.7111	0.7202	0.7382	0.7409	0.7228	0.7012	0.6772	0.6853	0.6741	0.6536	0.7060	0.7015	0.6691	0.7006	0.7070	0.6797	0.7327	0.7206	0.7001	0.6682	0.6538	0.6108	0.6035	0.5975	0.5916	0.5838	0.5517	0.5102	0.4941	0.4755	0.4708	0.4727	0.4728	0.4535	0.4549	0.4076	0.3983	0.3657	0.3724
0.2174	0.2860	0.3207	0.3315	0.3395	0.3571	0.3895	0.4471	0.4474	0.4394	0.4399	0.5219	0.5221	0.5452	0.5974	0.6147	0.6599	0.7597	0.7199	0.7232	0.7701	0.7619	0.7815	0.7973	0.7913	0.7989	0.7598	0.7624	0.7427	0.7144	0.7757	0.7932	0.7345	0.7709	0.8053	0.7705	0.7692	0.7525	0.7456	0.7148	0.7580	0.7246	0.7756	0.7814	0.7812	0.7736	0.7888	0.7761	0.7172	0.7161	0.6865	0.6749	0.6506	0.6745	0.6105	0.5924	0.5768	0.5468	0.5496	0.5253	0.5112	0.4877	0.4966	0.4817	0.4836	0.4319	0.4517	0.3932	0.3931
0.2294	0.3580	0.3902	0.4230	0.4488	0.4847	0.5015	0.5498	0.5368	0.5256	0.5160	0.5421	0.5551	0.5765	0.5997	0.6397	0.7375	0.7303	0.7044	0.7049	0.7298	0.8023	0.8292	0.8247	0.8677	0.8402	0.8339	0.7907	0.7888	0.7853	0.8022	0.8220	0.8211	0.8461	0.8458	0.8524	0.8461	0.8350	0.8384	0.8002	0.8316	0.8283	0.8529	0.8405	0.6338	0.6728	0.7381	0.6874	0.7822	0.8122	0.7557	0.7495	0.7191	0.7010	0.6181	0.6424	0.6243	0.5795	0.5591	0.5642	0.5748	0.5549	0.5191	0.5102	0.5064	0.4879	0.4543	0.3964	0.3976
0.1382	0.2676	0.3977	0.5884	0.6205	0.7208	0.7755	0.7793	0.7626	0.7217	0.6531	0.6546	0.6279	0.6545	0.6719	0.7392	0.7542	0.7657	0.7812	0.8242	0.8082	0.8439	0.8827	0.8771	0.8723	0.8696	0.8488	0.8213	0.8542	0.8389	0.8860	0.8723	0.8820	0.8938	0.8859	0.8114	0.8188	0.8311	0.8626	0.7893	0.7521	0.6919	0.8312	0.7880	0.4571	0.4354	0.4969	0.5047	0.7576	0.8626	0.8015	0.7485	0.7281	0.7373	0.6832	0.6677	0.6358	0.6017	0.6174	0.6140	0.6348	0.6020	0.5491	0.5624	0.5145	0.4948	0.5107	0.4604	0.3872
0.0692	0.1013	0.2048	0.3594	0.4801	0.6267	0.7562	0.7772	0.7678	0.8105	0.8746	0.8225	0.8137	0.8175	0.8358	0.8745	0.8691	0.9010	0.9192	0.9273	1.0000	0.9337	0.9715	0.9448	0.9086	0.8909	0.8578	0.8755	0.9592	0.9080	0.9236	0.9516	0.9190	0.8740	0.7353	0.4864	0.4559	0.5017	0.6005	0.5482	0.4575	0.3796	0.5238	0.4922	0.3762	0.3597	0.3862	0.4379	0.6928	0.8661	0.8252	0.8342	0.7902	0.7696	0.7266	0.7338	0.6995	0.6662	0.6196	0.6516	0.6507	0.6417	0.5840	0.5550	0.5538	0.5504	0.5305	0.4895	0.4346
0.0289	0.0499	0.0904	0.1114	0.1633	0.2020	0.2566	0.3253	0.3697	0.4285	0.5985	0.6872	0.7131	0.8275	0.8844	0.8647	0.8595	0.8550	0.8724	0.8674	0.9446	0.9286	0.9520	0.9379	0.8974	0.7909	0.6681	0.6380	0.8009	0.8488	0.6848	0.7556	0.7968	0.6961	0.4233	0.3120	0.2897	0.3071	0.3343	0.3243	0.3153	0.2980	0.3014	0.3070	0.3178	0.3265	0.3584	0.3637	0.5054	0.6604	0.7489	0.8404	0.7460	0.7711	0.7450	0.7443	0.7111	0.6668	0.6387	0.6848	0.6803	0.6326	0.6068	0.5830	0.5709	0.5893	0.5797	0.5182	0.4330
0.0136	0.0444	0.0559	0.0629	0.0608	0.0712	0.0877	0.0882	0.1292	0.1731	0.1851	0.2332	0.2801	0.3592	0.4400	0.4760	0.5626	0.6318	0.7403	0.7843	0.6899	0.6928	0.6695	0.6066	0.5030	0.3852	0.3091	0.2828	0.4148	0.4540	0.2918	0.3091	0.3720	0.3654	0.2497	0.2258	0.2260	0.2335	0.2373	0.2409	0.2636	0.2516	0.2469	0.2536	0.2620	0.2630	0.2851	0.3103	0.3308	0.3892	0.5859	0.6073	0.6224	0.8216	0.7784	0.7868	0.7726	0.7429	0.7007	0.5757	0.4432	0.5115	0.6040	0.5986	0.5692	0.5646	0.5491	0.5315	0.4764
0.0198	0.0583	0.0398	0.0464	0.0641	0.0771	0.0781	0.0849	0.1020	0.1311	0.1218	0.1056	0.1358	0.1387	0.1506	0.1850	0.2347	0.2630	0.2817	0.3355	0.2524	0.2358	0.2403	0.2151	0.1895	0.1678	0.1740	0.1903	0.1834	0.1858	0.1899	0.1944	0.1886	0.1908	0.1735	0.1746	0.1826	0.1795	0.1808	0.1773	0.1823	0.2005	0.1993	0.1942	0.2048	0.2219	0.2326	0.2493	0.2668	0.2964	0.3731	0.4181	0.6776	0.8112	0.7477	0.7943	0.7631	0.6990	0.6056	0.4265	0.3350	0.3633	0.5589	0.6058	0.5719	0.4895	0.4375	0.4948	0.4913
0.0205	0.0292	0.0399	0.0471	0.0745	0.0807	0.0758	0.0550	0.0703	0.0855	0.1060	0.0910	0.1135	0.1037	0.1256	0.1329	0.1336	0.1298	0.1384	0.1451	0.1375	0.1493	0.1264	0.1468	0.1472	0.1338	0.1415	0.1379	0.1604	0.1615	0.1415	0.1503	0.1438	0.1462	0.1451	0.1371	0.1309	0.1377	0.1402	0.1357	0.1342	0.1424	0.1543	0.1640	0.1539	0.1658	0.1675	0.1889	0.2090	0.2327	0.2854	0.3446	0.6445	0.7677	0.7495	0.7341	0.6759	0.6594	0.4668	0.2847	0.2826	0.2998	0.4186	0.5586	0.4674	0.3556	0.3343	0.5132	0.5160
0.0160	0.0191	0.0347	0.0315	0.0444	0.0459	0.0552	0.0620	0.0547	0.0647	0.0754	0.0864	0.0924	0.0829	0.0901	0.1190	0.0979	0.1143	0.1228	0.1121	0.1081	0.1106	0.1161	0.1255	0.1163	0.1152	0.1044	0.1117	0.1262	0.1192	0.1199	0.1261	0.1168	0.1195	0.1277	0.1184	0.1123	0.1172	0.1179	0.1195	0.1151	0.1162	0.1159	0.1328	0.1254	0.1285	0.1342	0.1491	0.1525	0.1553	0.1823	0.2216	0.3347	0.4849	0.6512	0.6988	0.6613	0.5782	0.3369	0.2315	0.2432	0.2551	0.2752	0.3196	0.2934	0.2672	0.3786	0.5309	0.4494
0.0208	0.0235	0.0305	0.0233	0.0232	0.0447	0.0393	0.0668	0.0587	0.0610	0.0789	0.0842	0.0788	0.0803	0.0836	0.1040	0.0995	0.0857	0.0903	0.1018	0.1026	0.0876	0.0983	0.1152	0.1016	0.1052	0.0952	0.0939	0.1085	0.0965	0.0962	0.0937	0.0969	0.1096	0.1152	0.1085	0.1060	0.0929	0.0894	0.0972	0.1049	0.0993	0.1003	0.1094	0.1186	0.1135	0.1119	0.1150	0.1125	0.1145	0.1264	0.1512	0.1716	0.2157	0.3880	0.6048	0.6018	0.3744	0.1934	0.1755	0.1804	0.1935	0.1956	0.2140	0.2127	0.2373	0.3964	0.5177	0.4408
0.0207	0.0137	0.0082	0.0193	0.0226	0.0501	0.0492	0.0637	0.0521	0.0348	0.0549	0.0784	0.0711	0.0739	0.0831	0.0960	0.1018	0.0871	0.0794	0.0889	0.0910	0.0787	0.0899	0.0937	0.0894	0.0919	0.0823	0.1060	0.1113	0.0949	0.0865	0.0809	0.0972	0.0972	0.0887	0.1036	0.0966	0.0810	0.0846	0.0768	0.0814	0.0869	0.0909	0.0825	0.0856	0.0935	0.1057	0.1051	0.1032	0.1033	0.1111	0.1130	0.1214	0.1339	0.1569	0.2916	0.3213	0.1887	0.1377	0.1398	0.1405	0.1337	0.1410	0.1552	0.1662	0.1953	0.3508	0.5138	0.3763
0.0065	0.0075	0.0300	0.0446	0.0261	0.0376	0.0316	0.0372	0.0413	0.0487	0.0566	0.0687	0.0730	0.0731	0.0700	0.0876	0.0855	0.0761	0.0679	0.0748	0.0872	0.0672	0.0786	0.0848	0.0768	0.0771	0.0749	0.0829	0.0813	0.0866	0.0813	0.0742	0.0771	0.0818	0.0855	0.0725	0.0725	0.0714	0.0701	0.0699	0.0682	0.0698	0.0770	0.0792	0.0794	0.0886	0.0895	0.0950	0.0906	0.0870	0.0927	0.1011	0.0966	0.0981	0.0945	0.1277	0.1332	0.1222	0.1183	0.1277	0.1202	0.1048	0.1098	0.1093	0.1094	0.1222	0.1956	0.3166	0.2009
0.0000	0.0114	0.0251	0.0398	0.0236	0.0272	0.0246	0.0435	0.0398	0.0563	0.0623	0.0597	0.0506	0.0549	0.0636	0.0692	0.0684	0.0707	0.0674	0.0610	0.0928	0.0755	0.0672	0.0812	0.0713	0.0561	0.0704	0.0681	0.0644	0.0663	0.0720	0.0681	0.0762	0.0651	0.0700	0.0613	0.0551	0.0561	0.0657	0.0739	0.0600	0.0611	0.0748	0.0684	0.0762	0.0703	0.0841	0.0784	0.0818	0.0782	0.0696	0.0844	0.0772	0.0803	0.0897	0.0997	0.0957	0.0919	0.0915	0.0960	0.0893	0.0855	0.0933	0.0923	0.0871	0.0973	0.1085	0.1107	0.1033
0.0000	0.0009	0.0000	0.0082	0.0212	0.0386	0.0323	0.0423	0.0296	0.0418	0.0308	0.0514	0.0448	0.0413	0.0605	0.0678	0.0657	0.0634	0.0726	0.0750	0.0869	0.0632	0.0711	0.0707	0.0652	0.0659	0.0720	0.0771	0.0644	0.0613	0.0617	0.0576	0.0666	0.0665	0.0588	0.0606	0.0651	0.0641	0.0641	0.0683	0.0650	0.0622	0.0647	0.0628	0.0633	0.0656	0.0698	0.0683	0.0742	0.0653	0.0669	0.0727	0.0629	0.0750	0.0818	0.0867	0.0800	0.0714	0.0808	0.0805	0.0692	0.0698	0.0772	0.0750	0.0836	0.0847	0.0952	0.0760	0.0798
0.0000	0.0000	0.0000	0.0000	0.0127	0.0302	0.0303	0.0316	0.0360	0.0341	0.0339	0.0376	0.0489	0.0428	0.0486	0.0488	0.0631	0.0649	0.0640	0.0517	0.0636	0.0579	0.0640	0.0633	0.0603	0.0596	0.0654	0.0775	0.0623	0.0639	0.0570	0.0557	0.0504	0.0594	0.0565	0.0611	0.0677	0.0577	0.0610	0.0575	0.0596	0.0583	0.0565	0.0547	0.0552	0.0614	0.0601	0.0647	0.0685	0.0599	0.0663	0.0723	0.0609	0.0671	0.0773	0.0632	0.0663	0.0750	0.0718	0.0695	0.0668	0.0714	0.0725	0.0579	0.0768	0.0696	0.0532	0.0703	0.0555
0.0000	0.0000	0.0000	0.0007	0.0039	0.0112	0.0254	0.0293	0.0321	0.0267	0.0269	0.0283	0.0328	0.0377	0.0408	0.0367	0.0457	0.0403	0.0445	0.0503	0.0374	0.0508	0.0586	0.0592	0.0618	0.0603	0.0531	0.0423	0.0499	0.0632	0.0531	0.0561	0.0540	0.0491	0.0506	0.0485	0.0546	0.0516	0.0546	0.0497	0.0511	0.0569	0.0586	0.0546	0.0495	0.0529	0.0544	0.0550	0.0630	0.0575	0.0472	0.0574	0.0551	0.0550	0.0558	0.0638	0.0679	0.0552	0.0594	0.0595	0.0613	0.0618	0.0521	0.0614	0.0577	0.0598	0.0442	0.0421	0.0454
0.0000	0.0000	0.0032	0.0126	0.0000	0.0000	0.0044	0.0154	0.0202	0.0231	0.0183	0.0259	0.0198	0.0296	0.0290	0.0348	0.0325	0.0397	0.0397	0.0525	0.0392	0.0371	0.0459	0.0502	0.0450	0.0578	0.0497	0.0384	0.0597	0.0554	0.0481	0.0474	0.0466	0.0484	0.0447	0.0516	0.0385	0.0396	0.0453	0.0459	0.0508	0.0590	0.0445	0.0468	0.0489	0.0485	0.0514	0.0629	0.0556	0.0492	0.0482	0.0598	0.0538	0.0519	0.0591	0.0585	0.0591	0.0477	0.0544	0.0553	0.0491	0.0509	0.0464	0.0513	0.0537	0.0539	0.0426	0.0488	0.0516
0.0000	0.0000	0.0000	0.0025	0.0000	0.0039	0.0127	0.0031	0.0061	0.0026	0.0267	0.0305	0.0194	0.0192	0.0310	0.0408	0.0405	0.0352	0.0313	0.0402	0.0515	0.0536	0.0432	0.0357	0.0406	0.0548	0.0459	0.0489	0.0578	0.0644	0.0473	0.0473	0.0546	0.0523	0.0455	0.0439	0.0400	0.0422	0.0451	0.0412	0.0454	0.0461	0.0460	0.0438	0.0482	0.0495	0.0541	0.0534	0.0403	0.0506	0.0527	0.0596	0.0534	0.0550	0.0552	0.0499	0.0509	0.0475	0.0545	0.0580	0.0500	0.0440	0.0422	0.0528	0.0434	0.0394	0.0418	0.0412	0.0419
0.0000	0.0000	0.0000	0.0090	0.0030	0.0000	0.0022	0.0173	0.0100	0.0136	0.0310	0.0208	0.0152	0.0232	0.0347	0.0398	0.0398	0.0306	0.0383	0.0301	0.0386	0.0381	0.0461	0.0432	0.0411	0.0446	0.0317	0.0335	0.0318	0.0494	0.0429	0.0398	0.0555	0.0458	0.0479	0.0471	0.0442	0.0457	0.0483	0.0400	0.0362	0.0376	0.0548	0.0510	0.0510	0.0535	0.0529	0.0455	0.0409	0.0503	0.0546	0.0572	0.0392	0.0476	0.0520	0.0480	0.0564	0.0549	0.0448	0.0495	0.0379	0.0365	0.0425	0.0435	0.0406	0.0339	0.0374	0.0341	0.0249
0.0000	0.0000	0.0000	0.0000	0.0011	0.0008	0.0023	0.0133	0.0147	0.0173	0.0217	0.0207	0.0313	0.0253	0.0239	0.0355	0.0366	0.0293	0.0300	0.0236	0.0285	0.0302	0.0283	0.0411	0.0330	0.0393	0.0363	0.0366	0.0402	0.0545	0.0386	0.0318	0.0337	0.0361	0.0457	0.0459	0.0368	0.0376	0.0386	0.0371	0.0356	0.0401	0.0532	0.0462	0.0380	0.0467	0.0452	0.0426	0.0454	0.0365	0.0433	0.0433	0.0383	0.0433	0.0497	0.0521	0.0448	0.0416	0.0431	0.0371	0.0340	0.0381	0.0348	0.0324	0.0284	0.0223	0.0302	0.0256	0.0274
0.0000	0.0000	0.0000	0.0000	0.0010	0.0004	0.0006	0.0128	0.0000	0.0193	0.0117	0.0000	0.0318	0.0182	0.0224	0.0259	0.0357	0.0379	0.0366	0.0230	0.0105	0.0207	0.0238	0.0322	0.0436	0.0327	0.0359	0.0511	0.0388	0.0345	0.0308	0.0351	0.0391	0.0441	0.0486	0.0413	0.0424	0.0322	0.0309	0.0413	0.0429	0.0433	0.0350	0.0431	0.0405	0.0374	0.0383	0.0359	0.0395	0.0306	0.0417	0.0420	0.0360	0.0428	0.0407	0.0492	0.0398	0.0428	0.0468	0.0318	0.0351	0.0329	0.0385	0.0398	0.0400	0.0342	0.0401	0.0366	0.0316
