0.0000	0.0000	0.0000	0.0013	0.0000	0.0000	0.0000	0.0074	0.0121	0.0000	0.0195	0.0346	0.0351	0.0289	0.0252	0.0342	0.0226	0.0184	0.0256	0.0386	0.0430	0.0232	0.0435	0.0511	0.0548	0.0639	0.0491	0.0405	0.0574	0.0674	0.0558	0.0542	0.0736	0.0810	0.0683	0.0792	0.0810	0.0853	0.0835	0.0680	0.0761	0.0799	0.1013	0.0813	0.0749	0.0733	0.0999	0.0846	0.0738	0.0814	0.0830	0.0659	0.0666	0.0633	0.0764	0.0765	0.0649	0.0479	0.0574	0.0734	0.0580	0.0431	0.0473	0.0412	0.0395	0.0317	0.0249	0.0286	0.0283
0.0000	0.0000	0.0000	0.0198	0.0130	0.0029	0.0138	0.0195	0.0169	0.0157	0.0273	0.0388	0.0485	0.0428	0.0190	0.0308	0.0171	0.0338	0.0399	0.0434	0.0688	0.0379	0.0441	0.0617	0.0558	0.0655	0.0628	0.0708	0.0637	0.0767	0.0856	0.0697	0.0712	0.0804	0.0858	0.0944	0.1024	0.0926	0.1028	0.0766	0.0897	0.1023	0.0831	0.0851	0.0911	0.0974	0.0800	0.0954	0.0854	0.0832	0.0897	0.0736	0.0685	0.0747	0.0660	0.0809	0.0893	0.0743	0.0653	0.0670	0.0684	0.0538	0.0462	0.0510	0.0374	0.0352	0.0371	0.0282	0.0327
0.0000	0.0000	0.0000	0.0000	0.0161	0.0000	0.0094	0.0204	0.0333	0.0364	0.0416	0.0453	0.0399	0.0344	0.0298	0.0355	0.0268	0.0456	0.0469	0.0480	0.0455	0.0518	0.0370	0.0539	0.0722	0.0823	0.0918	0.0780	0.0754	0.1006	0.1051	0.0879	0.0959	0.1028	0.1025	0.1001	0.1208	0.0946	0.0951	0.0948	0.1017	0.1267	0.0937	0.0815	0.1171	0.1074	0.1033	0.1155	0.1118	0.0859	0.0908	0.0730	0.0870	0.0953	0.0706	0.0787	0.1004	0.0751	0.0743	0.0767	0.0738	0.0578	0.0660	0.0605	0.0472	0.0479	0.0491	0.0454	0.0470
0.0000	0.0000	0.0000	0.0053	0.0181	0.0112	0.0138	0.0221	0.0233	0.0392	0.0548	0.0500	0.0406	0.0331	0.0358	0.0477	0.0435	0.0565	0.0509	0.0598	0.0568	0.0695	0.0528	0.0633	0.0738	0.0682	0.0672	0.0760	0.0894	0.0871	0.0905	0.0878	0.1039	0.1007	0.1137	0.0878	0.1000	0.0957	0.0983	0.1107	0.1086	0.1187	0.1273	0.1069	0.1019	0.0788	0.0890	0.0953	0.1033	0.1008	0.1026	0.0872	0.0877	0.0897	0.1035	0.0763	0.0893	0.0925	0.0986	0.0863	0.0686	0.0713	0.0795	0.0692	0.0593	0.0533	0.0621	0.0559	0.0540
0.0000	0.0051	0.0152	0.0087	0.0149	0.0156	0.0005	0.0089	0.0212	0.0216	0.0264	0.0378	0.0464	0.0462	0.0388	0.0539	0.0522	0.0428	0.0348	0.0497	0.0756	0.0588	0.0715	0.0706	0.0635	0.0722	0.0646	0.0692	0.0812	0.0877	0.0959	0.0908	0.1192	0.1132	0.1137	0.0788	0.0838	0.0914	0.1014	0.0973	0.0964	0.0905	0.1025	0.1194	0.1053	0.1131	0.1113	0.1111	0.0976	0.1103	0.1105	0.1027	0.0975	0.1065	0.0931	0.0835	0.0894	0.0758	0.0913	0.0970	0.0820	0.0767	0.0788	0.0631	0.0712	0.0621	0.0711	0.0520	0.0550
0.0000	0.0000	0.0260	0.0212	0.0138	0.0055	0.0164	0.0245	0.0262	0.0269	0.0323	0.0454	0.0680	0.0659	0.0445	0.0492	0.0602	0.0396	0.0536	0.0743	0.0724	0.0647	0.0627	0.0658	0.0935	0.0783	0.0789	0.0817	0.0851	0.0900	0.0976	0.1011	0.1149	0.1295	0.1235	0.0992	0.1005	0.1078	0.1130	0.1009	0.0963	0.1041	0.0970	0.1112	0.1112	0.1237	0.1053	0.1061	0.1049	0.1033	0.1215	0.1140	0.1030	0.1167	0.0988	0.1145	0.0971	0.0865	0.1076	0.1034	0.1031	0.0998	0.0929	0.0883	0.0818	0.0691	0.0689	0.0716	0.0797
0.0000	0.0110	0.0174	0.0214	0.0092	0.0171	0.0325	0.0290	0.0279	0.0305	0.0419	0.0556	0.0645	0.0517	0.0284	0.0487	0.0714	0.0648	0.0607	0.0732	0.0816	0.0749	0.0707	0.0692	0.0893	0.0999	0.0945	0.1112	0.1015	0.1105	0.0937	0.1083	0.1133	0.1305	0.1249	0.1065	0.1059	0.1137	0.0973	0.1065	0.1178	0.1348	0.1135	0.1172	0.1057	0.1245	0.1148	0.1165	0.1268	0.1224	0.1306	0.1362	0.1197	0.1340	0.1347	0.1386	0.1268	0.1156	0.1298	0.1220	0.1140	0.1075	0.0900	0.1051	0.0962	0.0758	0.0808	0.0854	0.0799
0.0000	0.0116	0.0103	0.0218	0.0311	0.0371	0.0276	0.0519	0.0334	0.0405	0.0420	0.0483	0.0649	0.0466	0.0411	0.0630	0.0632	0.0807	0.0642	0.0655	0.0900	0.0841	0.0785	0.0789	0.0945	0.1090	0.0984	0.1024	0.1069	0.1002	0.1065	0.1058	0.1283	0.1394	0.1469	0.1062	0.1324	0.1438	0.1236	0.1279	0.1277	0.1411	0.1371	0.1309	0.1389	0.1561	0.1464	0.1475	0.1330	0.1421	0.1411	0.1590	0.1292	0.1416	0.1483	0.1553	0.1318	0.1226	0.1415	0.1489	0.1425	0.1233	0.1147	0.1185	0.1211	0.1006	0.0805	0.0905	0.1030
0.0180	0.0035	0.0015	0.0004	0.0167	0.0352	0.0296	0.0420	0.0480	0.0446	0.0440	0.0632	0.0602	0.0748	0.0670	0.0660	0.0717	0.0762	0.0689	0.0946	0.1004	0.0864	0.1065	0.1005	0.1075	0.0973	0.0907	0.1077	0.1104	0.1165	0.1319	0.1231	0.1231	0.1234	0.1482	0.1265	0.1293	0.1429	0.1426	0.1391	0.1340	0.1302	0.1712	0.1573	0.1501	0.1827	0.1698	0.1783	0.1749	0.1741	0.1741	0.1604	0.1603	0.1846	0.1761	0.1725	0.1842	0.2174	0.2708	0.2466	0.2019	0.1516	0.1449	0.1350	0.1193	0.1124	0.1084	0.1193	0.1104
0.0071	0.0101	0.0355	0.0167	0.0296	0.0391	0.0485	0.0435	0.0624	0.0454	0.0508	0.0716	0.0781	0.0672	0.0674	0.0675	0.0789	0.0789	0.0889	0.0993	0.0958	0.0951	0.1027	0.1002	0.1102	0.1158	0.1020	0.1067	0.1246	0.1290	0.1259	0.1163	0.1241	0.1480	0.1595	0.1420	0.1453	0.1716	0.1597	0.1718	0.1565	0.1576	0.1850	0.1923	0.2116	0.2493	0.2853	0.2617	0.2190	0.2041	0.2229	0.2093	0.2137	0.2069	0.2227	0.2339	0.3515	0.4768	0.4972	0.4062	0.3468	0.2115	0.1708	0.1580	0.1291	0.1285	0.1254	0.1460	0.1382
0.0016	0.0083	0.0493	0.0271	0.0297	0.0363	0.0547	0.0364	0.0365	0.0526	0.0629	0.0614	0.0582	0.0733	0.0729	0.0979	0.0973	0.1029	0.0897	0.0964	0.1074	0.1052	0.1082	0.1034	0.1082	0.1273	0.1406	0.1202	0.1290	0.1430	0.1369	0.1458	0.1407	0.1572	0.1957	0.1740	0.1962	0.2287	0.2175	0.1947	0.1814	0.2130	0.2397	0.2753	0.3652	0.4506	0.5680	0.4419	0.2638	0.2686	0.2799	0.2788	0.2597	0.2688	0.2887	0.3959	0.5663	0.5513	0.4952	0.4485	0.4289	0.2657	0.1851	0.1894	0.1642	0.1558	0.1560	0.1657	0.1485
0.0035	0.0260	0.0224	0.0349	0.0278	0.0429	0.0493	0.0491	0.0444	0.0636	0.0689	0.0662	0.0710	0.0926	0.0845	0.0942	0.1067	0.1211	0.1132	0.1101	0.0992	0.1156	0.1258	0.1254	0.1324	0.1397	0.1425	0.1376	0.1554	0.1624	0.1514	0.1799	0.1956	0.2130	0.2277	0.2520	0.3421	0.4629	0.4045	0.2932	0.2718	0.2978	0.3762	0.4664	0.6686	0.6998	0.7305	0.6438	0.4700	0.4330	0.3474	0.3113	0.3082	0.3432	0.3815	0.5634	0.5992	0.5569	0.5070	0.4565	0.4543	0.3394	0.2176	0.2158	0.2230	0.1875	0.1609	0.1732	0.1694
0.0346	0.0272	0.0225	0.0479	0.0460	0.0396	0.0592	0.0666	0.0596	0.0738	0.0797	0.0895	0.0887	0.0853	0.0856	0.0926	0.1068	0.1131	0.1151	0.1216	0.1250	0.1296	0.1356	0.1319	0.1351	0.1795	0.1817	0.1880	0.1989	0.2198	0.2305	0.2628	0.3034	0.3387	0.3865	0.4828	0.7413	0.8624	0.7017	0.5541	0.4619	0.4986	0.6548	0.7454	0.7514	0.7294	0.7339	0.7073	0.6945	0.6205	0.5168	0.4190	0.4074	0.5010	0.5085	0.6265	0.5899	0.5051	0.4855	0.4661	0.4670	0.4250	0.3066	0.2686	0.2964	0.2917	0.2507	0.2179	0.2102
0.0219	0.0318	0.0318	0.0321	0.0375	0.0562	0.0718	0.0554	0.0798	0.0876	0.0816	0.1040	0.0804	0.0934	0.0995	0.1117	0.1156	0.1213	0.1174	0.1380	0.1409	0.1461	0.1775	0.1633	0.1633	0.2003	0.2274	0.2855	0.2798	0.3218	0.3304	0.3793	0.4526	0.5425	0.6932	0.7689	0.8865	0.8769	0.8107	0.7687	0.7000	0.6920	0.8119	0.7455	0.7054	0.6979	0.7015	0.6416	0.6600	0.6525	0.6668	0.6352	0.5902	0.6235	0.6073	0.6321	0.5849	0.5297	0.5151	0.4745	0.4914	0.4841	0.4213	0.3697	0.4332	0.3936	0.3246	0.2189	0.2090
0.0336	0.0300	0.0406	0.0562	0.0538	0.0610	0.0771	0.0749	0.0895	0.0868	0.1000	0.1012	0.0952	0.1105	0.1141	0.1232	0.1469	0.1466	0.1495	0.1613	0.1901	0.2059	0.2276	0.2202	0.2271	0.2401	0.2612	0.3198	0.3668	0.4056	0.4452	0.5689	0.7407	0.8713	0.9358	0.8504	0.8593	0.8484	0.8413	0.7605	0.7352	0.6985	0.7100	0.6700	0.6620	0.6340	0.6596	0.6643	0.6588	0.6241	0.6636	0.6455	0.6193	0.5423	0.5449	0.5623	0.5655	0.5222	0.4828	0.5007	0.4998	0.4805	0.4705	0.4493	0.4405	0.4012	0.3342	0.2202	0.2196
0.0297	0.0277	0.0456	0.0708	0.0689	0.0728	0.0742	0.0895	0.1010	0.1009	0.1280	0.1288	0.1127	0.1428	0.1480	0.1701	0.2092	0.2105	0.2134	0.2181	0.2260	0.2264	0.2475	0.2544	0.2656	0.3056	0.3150	0.3631	0.4891	0.5830	0.6438	0.8754	1.0000	0.9938	0.9017	0.8458	0.8210	0.8068	0.7651	0.6700	0.7548	0.6752	0.6856	0.7052	0.6657	0.6731	0.6138	0.6403	0.6467	0.6349	0.6110	0.6413	0.6231	0.5390	0.5424	0.5765	0.5444	0.5291	0.5349	0.5395	0.5185	0.4694	0.5003	0.4808	0.3998	0.3916	0.3763	0.2673	0.2542
0.0334	0.0392	0.0531	0.0754	0.0911	0.1024	0.1154	0.1347	0.1344	0.1308	0.1790	0.1797	0.1753	0.1714	0.1935	0.2192	0.2119	0.2540	0.2515	0.2688	0.2773	0.2847	0.2913	0.3075	0.3589	0.3790	0.4447	0.5551	0.7197	0.8434	0.8932	0.9716	0.9615	0.9008	0.8795	0.7763	0.7837	0.7811	0.7228	0.6219	0.6547	0.6307	0.6844	0.6917	0.6467	0.6396	0.6060	0.6218	0.6355	0.6455	0.6224	0.6485	0.6186	0.5828	0.5445	0.5469	0.5272	0.5113	0.4920	0.5080	0.4923	0.4528	0.4326	0.4420	0.4032	0.3721	0.3839	0.3767	0.3365
0.0522	0.0799	0.1091	0.1277	0.1573	0.2138	0.3024	0.2989	0.3012	0.2502	0.2559	0.2674	0.2497	0.2440	0.2571	0.2611	0.2664	0.3077	0.3023	0.3023	0.3345	0.3658	0.3648	0.3630	0.3964	0.4813	0.7367	0.8409	0.8383	0.8952	0.9252	0.8833	0.8233	0.8253	0.8044	0.7187	0.7032	0.6876	0.6409	0.6296	0.6078	0.6044	0.6551	0.6616	0.6437	0.5917	0.6096	0.6178	0.6423	0.6259	0.6068	0.5941	0.6123	0.5770	0.5118	0.4831	0.4975	0.4693	0.5002	0.4774	0.4458	0.4304	0.4130	0.4284	0.3870	0.3936	0.3992	0.3954	0.3659
0.1047	0.1585	0.2311	0.2983	0.3614	0.4807	0.5360	0.5281	0.6364	0.6023	0.5165	0.5539	0.5369	0.4763	0.4468	0.5027	0.4838	0.4366	0.4155	0.4107	0.4105	0.5110	0.5310	0.4273	0.4650	0.6213	0.9431	0.8546	0.8243	0.8268	0.8016	0.7685	0.7767	0.7875	0.7360	0.6853	0.6141	0.6200	0.5952	0.5890	0.5717	0.5605	0.6071	0.6124	0.5729	0.5878	0.5785	0.5820	0.5877	0.6038	0.6218	0.6010	0.5760	0.5644	0.5318	0.5233	0.4829	0.4441	0.4804	0.4370	0.4633	0.4431	0.4259	0.4081	0.3748	0.3705	0.3954	0.3903	0.3916
0.1735	0.3117	0.3389	0.3718	0.4185	0.4677	0.4657	0.4945	0.5916	0.6319	0.6648	0.6662	0.7724	0.6991	0.7268	0.7832	0.8679	0.9073	0.7525	0.7068	0.6594	0.8367	0.8280	0.6697	0.7478	0.8159	0.8487	0.8101	0.7668	0.7285	0.7093	0.7220	0.7143	0.6963	0.6689	0.6216	0.5898	0.5929	0.5847	0.5795	0.5304	0.5575	0.6032	0.5675	0.5594	0.5233	0.5551	0.5653	0.5803	0.5759	0.5602	0.5614	0.5727	0.5593	0.5450	0.5183	0.4754	0.4568	0.4484	0.4248	0.4420	0.4343	0.4139	0.4014	0.3936	0.3763	0.3618	0.3570	0.3406
0.2246	0.3051	0.2819	0.2840	0.3219	0.3426	0.3633	0.4224	0.4202	0.4720	0.5662	0.5943	0.6803	0.6939	0.6867	0.7254	0.8143	0.9020	0.8826	0.8724	0.9209	0.9458	0.8911	0.8814	0.8349	0.7918	0.7406	0.7482	0.6910	0.6422	0.6799	0.6494	0.6996	0.7004	0.6759	0.6294	0.6054	0.6111	0.5903	0.5846	0.5437	0.5349	0.5660	0.5594	0.5428	0.5083	0.5408	0.5546	0.5463	0.5122	0.5472	0.5485	0.5243	0.5689	0.5019	0.5106	0.4930	0.4470	0.4202	0.4394	0.4522	0.4145	0.3939	0.3682	0.3616	0.3891	0.3706	0.3739	0.3580
0.2258	0.2324	0.2398	0.2708	0.2878	0.3117	0.3692	0.4076	0.4261	0.4598	0.4930	0.5096	0.6091	0.6764	0.6592	0.6999	0.7917	0.8313	0.7822	0.7808	0.8524	0.9050	0.8494	0.7920	0.7235	0.7067	0.6638	0.6324	0.6479	0.6716	0.6446	0.6266	0.6488	0.6507	0.6670	0.6089	0.6028	0.6306	0.5699	0.5925	0.6009	0.5488	0.5610	0.5638	0.5514	0.5364	0.5546	0.5196	0.5093	0.5112	0.5574	0.5315	0.5172	0.5403	0.5060	0.5128	0.5167	0.4883	0.4424	0.4408	0.4362	0.4165	0.3985	0.3626	0.3685	0.3908	0.3510	0.3406	0.3572
0.2027	0.2231	0.2483	0.2750	0.2780	0.3249	0.3754	0.4007	0.4165	0.4448	0.4926	0.5040	0.5873	0.6397	0.6154	0.7071	0.7425	0.7418	0.7256	0.7091	0.8094	0.8021	0.7207	0.6824	0.6726	0.6289	0.6379	0.6234	0.6390	0.6770	0.6305	0.6108	0.6727	0.6638	0.6403	0.6098	0.6151	0.6346	0.6179	0.5898	0.5543	0.5171	0.5352	0.5689	0.5842	0.5448	0.5319	0.5615	0.5200	0.5221	0.5432	0.5207	0.5463	0.5213	0.5204	0.5512	0.5385	0.4857	0.4443	0.4599	0.4301	0.4073	0.4180	0.3832	0.3651	0.3550	0.3609	0.3529	0.3215
0.1948	0.2328	0.2691	0.2776	0.2933	0.3298	0.3735	0.3649	0.3798	0.4082	0.4540	0.4820	0.5004	0.5644	0.6042	0.6467	0.6492	0.7194	0.7352	0.7066	0.7391	0.7073	0.6803	0.6025	0.6326	0.5534	0.5928	0.6293	0.6146	0.6427	0.6493	0.6413	0.6377	0.6570	0.6732	0.6161	0.6164	0.5917	0.5586	0.5664	0.5755	0.5273	0.5632	0.5791	0.5839	0.5677	0.5641	0.5504	0.5328	0.5453	0.5144	0.4892	0.4955	0.5231	0.5097	0.5007	0.5204	0.5053	0.4911	0.4622	0.4345	0.4205	0.4369	0.3905	0.3724	0.3664	0.3404	0.3379	0.3290
0.2131	0.2340	0.2851	0.3049	0.2905	0.3124	0.3459	0.3576	0.3824	0.3929	0.4414	0.4597	0.4926	0.5084	0.5202	0.5519	0.5904	0.6730	0.6579	0.6168	0.5965	0.5991	0.6102	0.6134	0.6030	0.5938	0.6112	0.6156	0.6586	0.6380	0.6321	0.6287	0.6269	0.6469	0.6654	0.6134	0.6296	0.5963	0.5805	0.5838	0.6166	0.5740	0.5853	0.5487	0.5765	0.5717	0.5700	0.5766	0.5657	0.5387	0.5203	0.5144	0.5299	0.5270	0.5343	0.5200	0.5275	0.5104	0.4818	0.4674	0.4611	0.4390	0.4061	0.3689	0.3785	0.3584	0.3443	0.3279	0.3110
0.2237	0.2560	0.2805	0.2898	0.2950	0.2964	0.3181	0.3425	0.3553	0.3865	0.4287	0.4264	0.4337	0.4688	0.4719	0.5338	0.5598	0.5541	0.5589	0.5369	0.5876	0.5551	0.5586	0.5325	0.5855	0.5672	0.5740	0.6273	0.6309	0.6119	0.6533	0.6119	0.6273	0.6091	0.6058	0.5879	0.5862	0.5806	0.5778	0.5814	0.5633	0.5292	0.5364	0.5723	0.5929	0.5789	0.5720	0.5881	0.5853	0.5770	0.5730	0.5632	0.5449	0.5538	0.5339	0.5403	0.5373	0.5150	0.4854	0.4498	0.4517	0.4396	0.4144	0.3901	0.3718	0.3621	0.3251	0.3235	0.2849
0.2052	0.2529	0.2809	0.2988	0.2899	0.3064	0.2735	0.3341	0.3292	0.3248	0.3879	0.3786	0.4193	0.4286	0.4569	0.5051	0.4954	0.5275	0.5465	0.5264	0.5627	0.5301	0.5321	0.5493	0.5588	0.5787	0.5575	0.5775	0.5655	0.5960	0.6396	0.6231	0.6148	0.6178	0.5961	0.5723	0.5643	0.5836	0.5789	0.5737	0.5865	0.5303	0.5177	0.5483	0.5796	0.5568	0.5444	0.5412	0.5579	0.5801	0.5726	0.5372	0.5455	0.5495	0.5265	0.5141	0.4724	0.4508	0.4695	0.4658	0.4283	0.4176	0.4024	0.3705	0.3552	0.3446	0.3284	0.3227	0.2966
0.2070	0.2752	0.2587	0.3143	0.2705	0.2911	0.3003	0.3292	0.3272	0.3379	0.3571	0.3764	0.4228	0.4695	0.4652	0.4728	0.4803	0.5443	0.5358	0.5557	0.5516	0.5566	0.5374	0.5843	0.5835	0.5693	0.5723	0.6141	0.6023	0.5926	0.6112	0.6607	0.6241	0.5909	0.5761	0.5686	0.5847	0.5976	0.5823	0.5773	0.5762	0.5553	0.5659	0.5322	0.5315	0.5308	0.5636	0.5741	0.5571	0.5345	0.5370	0.5749	0.5834	0.5658	0.5244	0.5106	0.4789	0.4638	0.4664	0.4925	0.4711	0.4469	0.4126	0.3617	0.3519	0.3635	0.3551	0.3258	0.3052
0.2003	0.2344	0.2290	0.2837	0.2737	0.2766	0.2941	0.3157	0.3237	0.3497	0.4089	0.4124	0.3927	0.4539	0.4548	0.4702	0.4787	0.5370	0.5751	0.5492	0.5511	0.5506	0.5880	0.5771	0.5761	0.5518	0.6106	0.6390	0.6444	0.6222	0.6291	0.6666	0.6397	0.5964	0.5760	0.5904	0.6080	0.6296	0.5856	0.6026	0.5915	0.5647	0.5693	0.5417	0.5637	0.5547	0.5756	0.5799	0.5747	0.5585	0.5361	0.5189	0.5510	0.5224	0.5223	0.4964	0.4857	0.4745	0.4587	0.4495	0.4509	0.4181	0.4267	0.4037	0.3864	0.3804	0.3420	0.3083	0.2882
0.1798	0.2175	0.2625	0.2761	0.2764	0.2696	0.3059	0.3000	0.3432	0.3400	0.4080	0.4140	0.4178	0.4357	0.4247	0.4506	0.5049	0.5298	0.5724	0.5801	0.5610	0.5372	0.5823	0.5909	0.5668	0.5871	0.5735	0.6282	0.6435	0.6519	0.6400	0.6532	0.6933	0.6201	0.6141	0.5855	0.6056	0.6213	0.5828	0.5811	0.5871	0.5884	0.5733	0.5639	0.5750	0.5248	0.5531	0.5862	0.5281	0.5368	0.5430	0.5259	0.5422	0.5070	0.4996	0.5000	0.4804	0.4664	0.4663	0.4406	0.4455	0.4202	0.4058	0.3928	0.3870	0.3664	0.3587	0.3479	0.3353
0.2090	0.2288	0.2645	0.2732	0.2756	0.2679	0.3080	0.3061	0.3388	0.3571	0.3814	0.4092	0.4558	0.4290	0.4282	0.4662	0.5341	0.5368	0.5535	0.5558	0.5740	0.5645	0.5689	0.5952	0.5986	0.5860	0.5576	0.5792	0.5924	0.6099	0.6495	0.6685	0.6715	0.6526	0.6813	0.6414	0.6268	0.5768	0.5858	0.6009	0.5658	0.5789	0.5900	0.5740	0.5500	0.5077	0.5533	0.5631	0.5497	0.5904	0.6056	0.5876	0.5739	0.5538	0.4985	0.4962	0.4926	0.4754	0.4711	0.4605	0.4413	0.4252	0.4114	0.3803	0.3915	0.3728	0.3460	0.3348	0.3127
0.2001	0.2132	0.2400	0.2577	0.2512	0.2802	0.2998	0.3169	0.3413	0.3634	0.4081	0.4314	0.4641	0.4201	0.4657	0.5426	0.5295	0.5438	0.5496	0.5510	0.5750	0.5807	0.5914	0.5728	0.5985	0.6137	0.5537	0.5965	0.6327	0.6288	0.6450	0.6681	0.6261	0.6297	0.6813	0.6310	0.6094	0.5805	0.5918	0.5950	0.5706	0.5410	0.5984	0.5459	0.5477	0.5273	0.5526	0.5713	0.5550	0.5942	0.6219	0.5748	0.5635	0.6088	0.5452	0.5165	0.5026	0.5148	0.4768	0.4427	0.4305	0.4200	0.4455	0.4144	0.4010	0.3884	0.3664	0.3678	0.3335
0.2026	0.2039	0.2157	0.2416	0.2686	0.2708	0.2973	0.3278	0.3559	0.4042	0.4216	0.4384	0.4730	0.5050	0.5141	0.5734	0.6037	0.6301	0.6028	0.5899	0.5907	0.5931	0.5949	0.5928	0.6230	0.5837	0.5884	0.6177	0.6704	0.6346	0.6414	0.6591	0.6373	0.6583	0.6919	0.6510	0.6504	0.6237	0.6030	0.5837	0.6046	0.5886	0.5522	0.5639	0.5733	0.5431	0.5859	0.6190	0.5899	0.5605	0.5727	0.5479	0.6170	0.5909	0.5442	0.5426	0.5284	0.4916	0.4587	0.4509	0.4669	0.4728	0.4713	0.4176	0.3780	0.3657	0.3732	0.3369	0.3386
0.2003	0.2187	0.2179	0.2380	0.2950	0.2697	0.3027	0.3530	0.3710	0.4262	0.4887	0.4832	0.4997	0.5578	0.5494	0.5801	0.6237	0.6671	0.6178	0.6120	0.6457	0.6091	0.5716	0.5731	0.5824	0.5965	0.5745	0.5972	0.6255	0.6035	0.6367	0.6517	0.6579	0.6652	0.6492	0.6178	0.6101	0.6373	0.6384	0.5857	0.5797	0.5818	0.6077	0.5947	0.5728	0.5931	0.6095	0.6008	0.6150	0.6489	0.6064	0.5630	0.6000	0.5791	0.5522	0.5588	0.5362	0.4841	0.4997	0.4931	0.4685	0.4673	0.4462	0.4315	0.3857	0.3783	0.3918	0.3796	0.3472
0.1866	0.1791	0.1946	0.2226	0.2649	0.2518	0.2962	0.3477	0.3687	0.4125	0.4730	0.5015	0.5884	0.6302	0.6143	0.6242	0.6376	0.6649	0.6385	0.6775	0.6858	0.6679	0.6649	0.6347	0.6105	0.6249	0.5923	0.5809	0.5811	0.6114	0.6189	0.6217	0.6235	0.6439	0.6711	0.6268	0.6065	0.5996	0.6147	0.5843	0.6120	0.5744	0.5981	0.5845	0.5914	0.6133	0.5883	0.6248	0.6240	0.6860	0.6595	0.6106	0.6045	0.6113	0.5537	0.5482	0.5665	0.5395	0.5164	0.4930	0.4810	0.4811	0.4738	0.4514	0.4567	0.4191	0.3981	0.3966	0.3665
0.1646	0.1812	0.2051	0.2139	0.2361	0.2739	0.3194	0.3493	0.3887	0.4254	0.4984	0.5626	0.5912	0.6591	0.6515	0.6515	0.6532	0.6937	0.6849	0.7024	0.6775	0.7389	0.6958	0.6698	0.6881	0.6258	0.5881	0.5714	0.5923	0.5864	0.6074	0.5635	0.5975	0.6380	0.6219	0.6189	0.6000	0.5879	0.5797	0.5842	0.6295	0.5884	0.6069	0.5754	0.5719	0.6170	0.6313	0.6550	0.6847	0.6731	0.6561	0.6527	0.6208	0.5863	0.5948	0.5723	0.5596	0.5424	0.5280	0.4923	0.5045	0.4734	0.4743	0.4934	0.4618	0.4394	0.4199	0.4207	0.3967
0.1412	0.1762	0.2054	0.2226	0.2585	0.2853	0.3350	0.3825	0.4588	0.5007	0.5077	0.5984	0.6453	0.7003	0.6935	0.6927	0.6960	0.7389	0.7359	0.7550	0.8156	0.7951	0.7701	0.7980	0.7195	0.6828	0.5969	0.5852	0.5893	0.5960	0.5745	0.5943	0.6181	0.6319	0.5827	0.5866	0.5907	0.5824	0.5669	0.5533	0.5834	0.5554	0.5751	0.6032	0.5841	0.6197	0.6363	0.6546	0.6972	0.6942	0.6517	0.6540	0.6354	0.5787	0.5577	0.5719	0.5760	0.5437	0.5404	0.5082	0.4950	0.4944	0.4858	0.4686	0.4437	0.4284	0.4357	0.4099	0.4195
0.1461	0.2139	0.2319	0.2380	0.2617	0.3171	0.3525	0.4189	0.4808	0.4851	0.5443	0.6133	0.6619	0.6906	0.7411	0.7420	0.7836	0.8496	0.8571	0.9191	0.9329	0.9154	0.8153	0.8036	0.8034	0.8392	0.7069	0.6488	0.5919	0.5716	0.5900	0.6335	0.5880	0.6028	0.6229	0.5763	0.5967	0.5746	0.5836	0.5668	0.5733	0.5331	0.5520	0.5979	0.6316	0.6375	0.6580	0.6846	0.6901	0.7080	0.6740	0.6607	0.6459	0.6271	0.5900	0.5692	0.5832	0.5876	0.5716	0.5489	0.5424	0.5178	0.5024	0.4820	0.4764	0.4495	0.4577	0.4541	0.4633
0.1821	0.2818	0.3318	0.3282	0.3462	0.3932	0.4243	0.5182	0.5199	0.5480	0.6378	0.7278	0.7352	0.7711	0.8229	0.8347	0.9359	0.8842	0.8468	0.7811	0.6219	0.5498	0.4343	0.4468	0.5717	0.7676	0.8050	0.7224	0.6511	0.6297	0.6011	0.5909	0.5947	0.6078	0.6477	0.5881	0.5781	0.5916	0.5795	0.5812	0.5673	0.5772	0.6229	0.6127	0.6461	0.6317	0.6583	0.6590	0.6681	0.6684	0.6818	0.6782	0.6583	0.6386	0.5929	0.6038	0.5799	0.5951	0.5526	0.5560	0.5719	0.5516	0.5320	0.5170	0.4716	0.4779	0.4577	0.4727	0.4745
0.1195	0.2578	0.3436	0.4449	0.4872	0.5771	0.6393	0.6742	0.6616	0.6690	0.6471	0.6759	0.6234	0.5787	0.5798	0.6691	0.6316	0.4972	0.3781	0.3227	0.2805	0.2842	0.2922	0.3108	0.3429	0.4527	0.6621	0.7530	0.7980	0.7626	0.7126	0.6203	0.6101	0.6003	0.5552	0.5657	0.5776	0.5656	0.5639	0.5509	0.5449	0.5720	0.6891	0.6718	0.6779	0.6747	0.7067	0.7074	0.7049	0.7146	0.6980	0.6752	0.6642	0.6489	0.6256	0.6018	0.5877	0.5967	0.6090	0.5953	0.6088	0.5961	0.5609	0.5469	0.4810	0.4985	0.4916	0.4989	0.4891
0.0643	0.1068	0.1414	0.2141	0.3207	0.3798	0.4671	0.4403	0.3803	0.3673	0.3352	0.2775	0.2758	0.2462	0.2296	0.2821	0.2674	0.2389	0.2466	0.2410	0.2471	0.2435	0.2322	0.2599	0.2975	0.3085	0.3883	0.5518	0.7956	0.8564	0.7987	0.7051	0.6369	0.5712	0.5649	0.5668	0.5759	0.5793	0.5546	0.5684	0.6043	0.5931	0.6535	0.6552	0.6604	0.6771	0.6940	0.7131	0.6996	0.7138	0.6815	0.6844	0.6399	0.6300	0.6304	0.6437	0.6089	0.5857	0.6032	0.6190	0.6127	0.6000	0.5601	0.5358	0.5082	0.5213	0.5480	0.5122	0.4988
0.0283	0.0559	0.0703	0.0907	0.1056	0.1217	0.1354	0.1327	0.1364	0.1292	0.1402	0.1481	0.1531	0.1567	0.1718	0.1865	0.1760	0.1914	0.1918	0.2031	0.2170	0.2115	0.2049	0.2273	0.2473	0.2493	0.2921	0.3417	0.4742	0.6654	0.8360	0.8262	0.7757	0.7184	0.6651	0.6470	0.6351	0.6581	0.6610	0.6655	0.6289	0.6190	0.6377	0.6334	0.6699	0.6778	0.6992	0.6979	0.6873	0.6969	0.7000	0.6678	0.6631	0.6367	0.6047	0.6358	0.6214	0.6034	0.6009	0.6301	0.6087	0.5869	0.5618	0.5212	0.5260	0.5486	0.5588	0.5353	0.5074
0.0186	0.0368	0.0581	0.0781	0.0643	0.0770	0.0685	0.0697	0.0792	0.0980	0.1024	0.1034	0.1182	0.1262	0.1208	0.1413	0.1437	0.1784	0.1649	0.1625	0.1809	0.1956	0.2001	0.2088	0.2186	0.2327	0.2533	0.2786	0.3508	0.4175	0.5737	0.7887	0.8808	0.8863	0.7893	0.7276	0.7432	0.7769	0.7516	0.6876	0.6838	0.6788	0.6814	0.6517	0.6941	0.6786	0.7193	0.7393	0.7088	0.7207	0.6823	0.6699	0.6715	0.6475	0.6453	0.6873	0.6846	0.6591	0.6311	0.6220	0.5787	0.5734	0.5716	0.5516	0.4998	0.5464	0.5153	0.4779	0.3715
0.0185	0.0293	0.0445	0.0475	0.0566	0.0650	0.0673	0.0716	0.0678	0.0856	0.0692	0.0678	0.0955	0.0990	0.0823	0.0958	0.1066	0.1128	0.1134	0.1134	0.1453	0.1459	0.1655	0.1764	0.1811	0.1913	0.2020	0.2274	0.2600	0.2847	0.3396	0.4355	0.5598	0.7049	0.7994	0.8736	0.8581	0.8196	0.7705	0.7028	0.6893	0.6869	0.6721	0.6701	0.7053	0.7247	0.7396	0.7782	0.7822	0.7498	0.6969	0.7059	0.6724	0.6290	0.6203	0.6695	0.6724	0.6372	0.6129	0.6258	0.5882	0.5722	0.6105	0.5579	0.5496	0.5584	0.5148	0.4584	0.2679
0.0122	0.0324	0.0437	0.0345	0.0392	0.0355	0.0599	0.0734	0.0627	0.0655	0.0678	0.0591	0.0666	0.0745	0.0786	0.0789	0.0833	0.0834	0.0839	0.0895	0.1032	0.1092	0.1067	0.1198	0.1235	0.1212	0.1543	0.1616	0.2086	0.2090	0.2120	0.2515	0.2946	0.3460	0.4991	0.7463	0.8628	0.7865	0.7038	0.7917	0.7217	0.7100	0.7337	0.7375	0.7306	0.7333	0.7617	0.7915	0.7736	0.7967	0.7767	0.7463	0.7394	0.6547	0.6365	0.6445	0.6049	0.6152	0.6057	0.6210	0.5856	0.6099	0.5957	0.5566	0.4676	0.5269	0.5407	0.4427	0.2031
0.0055	0.0148	0.0340	0.0206	0.0395	0.0497	0.0473	0.0638	0.0689	0.0498	0.0603	0.0632	0.0639	0.0674	0.0719	0.0712	0.0890	0.0909	0.0820	0.0787	0.0815	0.0929	0.0957	0.0925	0.0823	0.0942	0.0984	0.1079	0.1318	0.1429	0.1563	0.1642	0.1943	0.2148	0.2666	0.4073	0.7636	0.5832	0.4291	0.6157	0.5892	0.6877	0.7949	0.8142	0.7597	0.7674	0.7435	0.6993	0.7024	0.8007	0.8267	0.7796	0.7481	0.6600	0.6434	0.6667	0.6376	0.6345	0.6003	0.6018	0.5606	0.5595	0.5786	0.4993	0.2982	0.4001	0.4861	0.3215	0.1495
0.0046	0.0170	0.0422	0.0276	0.0253	0.0440	0.0477	0.0567	0.0496	0.0495	0.0537	0.0514	0.0604	0.0602	0.0588	0.0671	0.0900	0.0653	0.0783	0.0791	0.0733	0.0897	0.0874	0.0924	0.0880	0.0873	0.0883	0.0979	0.0993	0.0975	0.1072	0.1159	0.1225	0.1351	0.1671	0.1953	0.3935	0.2642	0.2037	0.2728	0.2961	0.4760	0.7244	0.6124	0.4951	0.5631	0.4909	0.5950	0.7714	0.8430	0.8453	0.8137	0.7827	0.7213	0.6519	0.5832	0.5944	0.6576	0.6487	0.6094	0.5154	0.5323	0.5445	0.4568	0.1970	0.1841	0.2197	0.1895	0.1331
0.0114	0.0139	0.0164	0.0165	0.0225	0.0375	0.0379	0.0367	0.0265	0.0367	0.0478	0.0492	0.0610	0.0661	0.0561	0.0600	0.0707	0.0752	0.0709	0.0720	0.0646	0.0697	0.0749	0.0736	0.0713	0.0763	0.0735	0.0872	0.0941	0.0873	0.0848	0.0886	0.0992	0.1008	0.1090	0.1191	0.1534	0.1406	0.1443	0.1502	0.1406	0.2388	0.3669	0.2232	0.1830	0.2478	0.2499	0.3835	0.7028	0.7990	0.7668	0.6418	0.6103	0.6182	0.4480	0.2999	0.3146	0.4406	0.6094	0.6473	0.5884	0.5620	0.5888	0.4091	0.1463	0.1137	0.1123	0.1282	0.1048
0.0000	0.0061	0.0079	0.0252	0.0281	0.0402	0.0326	0.0319	0.0363	0.0385	0.0478	0.0420	0.0493	0.0470	0.0626	0.0567	0.0567	0.0611	0.0621	0.0588	0.0700	0.0563	0.0593	0.0610	0.0655	0.0798	0.0640	0.0676	0.0766	0.0949	0.0773	0.0745	0.0788	0.0862	0.0815	0.0956	0.1009	0.1019	0.1181	0.1038	0.1050	0.1106	0.1313	0.1278	0.1283	0.1362	0.1530	0.1772	0.3384	0.4752	0.3534	0.2464	0.2100	0.2316	0.1966	0.1805	0.1955	0.2316	0.4761	0.7262	0.6610	0.5883	0.5278	0.2607	0.1004	0.0973	0.1011	0.0935	0.1019
0.0007	0.0000	0.0259	0.0258	0.0182	0.0251	0.0202	0.0245	0.0287	0.0327	0.0381	0.0424	0.0459	0.0432	0.0465	0.0389	0.0488	0.0522	0.0449	0.0487	0.0587	0.0618	0.0633	0.0646	0.0631	0.0697	0.0630	0.0630	0.0650	0.0770	0.0688	0.0722	0.0797	0.0737	0.0756	0.0802	0.0810	0.0801	0.0958	0.0950	0.0915	0.1038	0.1147	0.1041	0.1002	0.1054	0.1169	0.1143	0.1239	0.1513	0.1281	0.1189	0.1102	0.1099	0.1184	0.1324	0.1405	0.1518	0.2944	0.5874	0.5539	0.4141	0.2204	0.1109	0.0911	0.1012	0.1006	0.0878	0.0809
0.0000	0.0000	0.0151	0.0012	0.0007	0.0054	0.0142	0.0287	0.0246	0.0327	0.0281	0.0330	0.0415	0.0411	0.0376	0.0409	0.0476	0.0599	0.0530	0.0508	0.0598	0.0638	0.0627	0.0598	0.0650	0.0626	0.0637	0.0654	0.0721	0.0719	0.0593	0.0655	0.0761	0.0759	0.0714	0.0762	0.0924	0.0825	0.0793	0.0854	0.0882	0.0883	0.0977	0.0972	0.0923	0.0937	0.0949	0.0928	0.1066	0.1128	0.1050	0.0964	0.0880	0.0972	0.1027	0.1069	0.0994	0.0950	0.1168	0.1852	0.1895	0.1318	0.0937	0.0853	0.0830	0.0945	0.0888	0.0899	0.0759
0.0000	0.0156	0.0048	0.0024	0.0120	0.0142	0.0129	0.0217	0.0230	0.0304	0.0403	0.0275	0.0299	0.0438	0.0326	0.0347	0.0446	0.0520	0.0365	0.0418	0.0500	0.0540	0.0491	0.0491	0.0470	0.0525	0.0525	0.0551	0.0592	0.0557	0.0591	0.0552	0.0565	0.0712	0.0631	0.0696	0.0853	0.0779	0.0716	0.0794	0.0853	0.0805	0.0852	0.0780	0.0797	0.0834	0.0822	0.0849	0.0926	0.0965	0.0951	0.0834	0.0707	0.0806	0.0928	0.0816	0.0864	0.0803	0.0796	0.0881	0.0862	0.0853	0.0900	0.0753	0.0680	0.0678	0.0635	0.0663	0.0631
0.0000	0.0063	0.0012	0.0000	0.0000	0.0104	0.0205	0.0165	0.0182	0.0115	0.0252	0.0280	0.0272	0.0288	0.0253	0.0344	0.0325	0.0361	0.0274	0.0419	0.0396	0.0389	0.0477	0.0431	0.0483	0.0498	0.0517	0.0526	0.0537	0.0521	0.0526	0.0590	0.0546	0.0622	0.0519	0.0553	0.0614	0.0644	0.0663	0.0725	0.0723	0.0716	0.0768	0.0611	0.0690	0.0755	0.0766	0.0718	0.0798	0.0734	0.0781	0.0721	0.0746	0.0738	0.0766	0.0778	0.0791	0.0736	0.0772	0.0821	0.0797	0.0762	0.0635	0.0689	0.0670	0.0609	0.0525	0.0507	0.0444
0.0000	0.0000	0.0063	0.0000	0.0000	0.0000	0.0138	0.0213	0.0109	0.0041	0.0070	0.0264	0.0308	0.0203	0.0224	0.0389	0.0297	0.0255	0.0290	0.0377	0.0335	0.0260	0.0322	0.0430	0.0397	0.0448	0.0473	0.0429	0.0515	0.0536	0.0506	0.0535	0.0550	0.0586	0.0556	0.0495	0.0539	0.0581	0.0662	0.0636	0.0627	0.0670	0.0639	0.0692	0.0687	0.0664	0.0701	0.0698	0.0689	0.0670	0.0786	0.0747	0.0710	0.0702	0.0709	0.0732	0.0669	0.0629	0.0744	0.0728	0.0716	0.0627	0.0686	0.0654	0.0688	0.0573	0.0500	0.0503	0.0511
0.0000	0.0000	0.0000	0.0019	0.0000	0.0000	0.0000	0.0112	0.0138	0.0142	0.0169	0.0198	0.0310	0.0252	0.0297	0.0381	0.0340	0.0333	0.0284	0.0314	0.0377	0.0247	0.0279	0.0384	0.0438	0.0418	0.0463	0.0433	0.0491	0.0534	0.0475	0.0459	0.0605	0.0517	0.0527	0.0501	0.0612	0.0619	0.0647	0.0610	0.0614	0.0590	0.0631	0.0721	0.0648	0.0655	0.0601	0.0697	0.0626	0.0636	0.0698	0.0638	0.0643	0.0692	0.0668	0.0664	0.0617	0.0634	0.0654	0.0659	0.0693	0.0543	0.0570	0.0531	0.0472	0.0508	0.0438	0.0517	0.0400
0.0000	0.0000	0.0000	0.0092	0.0000	0.0000	0.0024	0.0000	0.0109	0.0094	0.0126	0.0160	0.0181	0.0286	0.0206	0.0221	0.0211	0.0215	0.0254	0.0401	0.0374	0.0344	0.0329	0.0360	0.0330	0.0406	0.0407	0.0452	0.0427	0.0458	0.0481	0.0505	0.0485	0.0521	0.0476	0.0485	0.0520	0.0569	0.0548	0.0536	0.0572	0.0530	0.0582	0.0589	0.0569	0.0629	0.0599	0.0623	0.0657	0.0620	0.0654	0.0654	0.0712	0.0641	0.0582	0.0665	0.0582	0.0542	0.0525	0.0546	0.0577	0.0537	0.0479	0.0541	0.0453	0.0463	0.0377	0.0409	0.0274
0.0000	0.0000	0.0000	0.0000	0.0000	0.0000	0.0007	0.0039	0.0045	0.0039	0.0062	0.0113	0.0186	0.0139	0.0128	0.0241	0.0254	0.0158	0.0193	0.0224	0.0240	0.0204	0.0237	0.0253	0.0294	0.0300	0.0310	0.0374	0.0373	0.0447	0.0434	0.0410	0.0425	0.0433	0.0428	0.0443	0.0481	0.0526	0.0517	0.0555	0.0476	0.0476	0.0529	0.0477	0.0577	0.0607	0.0560	0.0557	0.0611	0.0574	0.0562	0.0543	0.0644	0.0538	0.0571	0.0670	0.0509	0.0513	0.0518	0.0499	0.0524	0.0452	0.0417	0.0480	0.0430	0.0367	0.0374	0.0249	0.0262
0.0000	0.0000	0.0000	0.0000	0.0028	0.0003	0.0051	0.0096	0.0000	0.0130	0.0088	0.0014	0.0146	0.0091	0.0104	0.0092	0.0214	0.0141	0.0179	0.0145	0.0154	0.0279	0.0302	0.0217	0.0317	0.0271	0.0315	0.0396	0.0367	0.0427	0.0425	0.0397	0.0389	0.0364	0.0485	0.0453	0.0529	0.0505	0.0482	0.0539	0.0533	0.0493	0.0546	0.0549	0.0581	0.0602	0.0671	0.0606	0.0560	0.0627	0.0630	0.0582	0.0568	0.0598	0.0617	0.0560	0.0478	0.0619	0.0614	0.0534	0.0560	0.0485	0.0470	0.0488	0.0555	0.0290	0.0331	0.0296	0.0320
