0.0000	0.0000	0.0000	0.0029	0.0000	0.0000	0.0000	0.0000	0.0046	0.0096	0.0181	0.0218	0.0243	0.0172	0.0247	0.0417	0.0383	0.0397	0.0290	0.0427	0.0574	0.0312	0.0402	0.0607	0.0514	0.0725	0.0572	0.0530	0.0685	0.0686	0.0667	0.0637	0.0751	0.0772	0.0667	0.0666	0.0862	0.0677	0.0861	0.0924	0.0749	0.0977	0.1030	0.0833	0.0868	0.0994	0.0869	0.0906	0.0931	0.1016	0.0990	0.0688	0.0637	0.0703	0.0796	0.0812	0.0752	0.0592	0.0608	0.0656	0.0611	0.0647	0.0379	0.0397	0.0467	0.0440	0.0500	0.0474	0.0315
0.0000	0.0000	0.0019	0.0096	0.0000	0.0000	0.0000	0.0088	0.0166	0.0146	0.0140	0.0165	0.0353	0.0239	0.0258	0.0363	0.0433	0.0368	0.0361	0.0364	0.0664	0.0544	0.0490	0.0634	0.0592	0.0595	0.0468	0.0588	0.0706	0.0809	0.0750	0.0610	0.0671	0.0792	0.0824	0.0794	0.0802	0.0783	0.0872	0.1202	0.1092	0.1155	0.1141	0.0915	0.1127	0.1168	0.1008	0.1141	0.1053	0.1056	0.1021	0.0773	0.0686	0.0863	0.0815	0.0846	0.0781	0.0679	0.0647	0.0795	0.0650	0.0657	0.0559	0.0568	0.0534	0.0409	0.0497	0.0336	0.0389
0.0000	0.0000	0.0103	0.0078	0.0047	0.0000	0.0057	0.0283	0.0255	0.0158	0.0294	0.0299	0.0374	0.0257	0.0418	0.0554	0.0407	0.0379	0.0524	0.0444	0.0621	0.0614	0.0468	0.0803	0.0834	0.0608	0.0667	0.0595	0.0594	0.0887	0.0769	0.0628	0.0703	0.0845	0.0821	0.0777	0.0813	0.0838	0.0912	0.0997	0.1077	0.1175	0.1146	0.1154	0.1091	0.1024	0.1070	0.1072	0.1136	0.1022	0.1152	0.1164	0.1049	0.1098	0.1068	0.0906	0.0814	0.0727	0.0776	0.0833	0.0884	0.0727	0.0607	0.0697	0.0770	0.0478	0.0461	0.0526	0.0504
0.0000	0.0000	0.0000	0.0071	0.0095	0.0000	0.0123	0.0278	0.0336	0.0230	0.0265	0.0274	0.0395	0.0291	0.0318	0.0498	0.0503	0.0523	0.0646	0.0644	0.0629	0.0521	0.0510	0.0636	0.0773	0.0694	0.0791	0.0739	0.0807	0.0800	0.0867	0.0904	0.0871	0.0846	0.0919	0.0949	0.0834	0.0904	0.0924	0.0985	0.1167	0.1215	0.1204	0.1125	0.1006	0.0870	0.0974	0.1034	0.1079	0.0939	0.1216	0.1114	0.1191	0.1028	0.1061	0.0982	0.0743	0.0935	0.0903	0.0896	0.1049	0.0859	0.0884	0.0655	0.0667	0.0673	0.0657	0.0680	0.0606
0.0000	0.0015	0.0012	0.0062	0.0012	0.0027	0.0081	0.0203	0.0253	0.0219	0.0251	0.0330	0.0573	0.0626	0.0328	0.0300	0.0430	0.0466	0.0497	0.0706	0.0734	0.0684	0.0805	0.0790	0.0741	0.0660	0.0644	0.0742	0.0933	0.0775	0.0847	0.0686	0.0965	0.0904	0.0925	0.0917	0.0819	0.0893	0.0981	0.0946	0.1142	0.1132	0.1202	0.1165	0.1203	0.1186	0.1261	0.1092	0.0989	0.1130	0.1219	0.1085	0.1121	0.1063	0.1107	0.1126	0.0888	0.1005	0.0865	0.0937	0.1001	0.0878	0.0830	0.0811	0.0874	0.0817	0.0679	0.0672	0.0651
0.0000	0.0000	0.0098	0.0071	0.0055	0.0139	0.0245	0.0245	0.0163	0.0169	0.0227	0.0407	0.0672	0.0588	0.0454	0.0611	0.0515	0.0547	0.0546	0.0787	0.0715	0.0592	0.0783	0.0646	0.0903	0.0810	0.0719	0.0730	0.0795	0.0815	0.0772	0.0810	0.0996	0.0982	0.0915	0.0944	0.1065	0.1192	0.1046	0.0950	0.0941	0.1186	0.1329	0.1256	0.1311	0.1259	0.1178	0.1217	0.1345	0.1371	0.1227	0.1180	0.1219	0.1280	0.1216	0.1202	0.1113	0.0935	0.1014	0.1241	0.1174	0.1067	0.1050	0.1015	0.0989	0.0917	0.0950	0.0889	0.0756
0.0000	0.0000	0.0134	0.0220	0.0119	0.0086	0.0405	0.0487	0.0354	0.0247	0.0326	0.0558	0.0515	0.0413	0.0397	0.0676	0.0666	0.0678	0.0666	0.0817	0.0794	0.0613	0.0729	0.0560	0.0964	0.1031	0.0982	0.0788	0.0881	0.0895	0.0781	0.0925	0.1054	0.1039	0.1124	0.1141	0.0985	0.1141	0.1193	0.1296	0.1247	0.1452	0.1605	0.1266	0.1171	0.1158	0.1019	0.1397	0.1421	0.1332	0.1345	0.1413	0.1545	0.1458	0.1520	0.1455	0.1383	0.1225	0.1337	0.1119	0.1187	0.1350	0.1135	0.1283	0.1516	0.1225	0.1094	0.1146	0.1151
0.0000	0.0000	0.0129	0.0128	0.0116	0.0216	0.0422	0.0404	0.0351	0.0360	0.0405	0.0638	0.0601	0.0489	0.0572	0.0677	0.0617	0.0726	0.0834	0.0730	0.0856	0.0991	0.0768	0.0950	0.1102	0.1046	0.0891	0.0890	0.1047	0.1058	0.1047	0.0865	0.1069	0.1095	0.1113	0.1053	0.1327	0.1306	0.1260	0.1313	0.1426	0.1530	0.1621	0.1378	0.1191	0.1520	0.1473	0.1778	0.1655	0.1551	0.1570	0.1548	0.1604	0.1716	0.1705	0.1810	0.1506	0.1320	0.1431	0.1344	0.1555	0.1499	0.1396	0.2033	0.2690	0.1975	0.1579	0.1588	0.1828
0.0044	0.0000	0.0234	0.0226	0.0115	0.0125	0.0312	0.0408	0.0406	0.0483	0.0508	0.0728	0.0629	0.0695	0.0666	0.0741	0.0751	0.0749	0.0948	0.0920	0.0911	0.1035	0.0813	0.0991	0.1088	0.1027	0.1007	0.1041	0.1207	0.1114	0.1163	0.1039	0.1127	0.1094	0.1247	0.1157	0.1276	0.1382	0.1475	0.1528	0.1441	0.1536	0.1624	0.1359	0.1457	0.1669	0.1759	0.1969	0.2086	0.1960	0.1901	0.1894	0.1904	0.2237	0.2503	0.2678	0.2333	0.2085	0.1782	0.1773	0.2068	0.1943	0.2036	0.3200	0.3842	0.3160	0.2394	0.2530	0.2882
0.0172	0.0171	0.0334	0.0311	0.0310	0.0355	0.0416	0.0394	0.0480	0.0488	0.0662	0.0694	0.0622	0.0784	0.0777	0.0646	0.0788	0.0914	0.0897	0.1106	0.0964	0.0936	0.1053	0.1079	0.1220	0.1179	0.1214	0.1196	0.1074	0.1215	0.1054	0.1079	0.1109	0.1262	0.1247	0.1259	0.1439	0.1559	0.1588	0.1733	0.1654	0.1664	0.1758	0.1660	0.1913	0.2084	0.2274	0.2534	0.2553	0.2194	0.2171	0.2449	0.2551	0.3039	0.4759	0.5279	0.4512	0.3597	0.2576	0.2624	0.3170	0.2902	0.2809	0.3977	0.4190	0.3557	0.3184	0.3038	0.3295
0.0139	0.0186	0.0325	0.0333	0.0348	0.0399	0.0434	0.0431	0.0529	0.0714	0.0595	0.0816	0.0698	0.0823	0.0709	0.0789	0.0862	0.0971	0.0923	0.1073	0.1214	0.1041	0.1016	0.1045	0.1290	0.1353	0.1309	0.1213	0.1185	0.1158	0.1271	0.1387	0.1271	0.1470	0.1513	0.1456	0.1698	0.1764	0.1770	0.1811	0.1853	0.2156	0.2227	0.2249	0.2563	0.2463	0.3075	0.4108	0.3546	0.2763	0.2828	0.3221	0.3404	0.4073	0.5737	0.6246	0.5614	0.5037	0.3769	0.4449	0.5109	0.4170	0.3907	0.4399	0.4443	0.3559	0.3203	0.3169	0.2978
0.0090	0.0174	0.0314	0.0360	0.0301	0.0401	0.0477	0.0422	0.0546	0.0685	0.0814	0.0859	0.0669	0.0755	0.0885	0.1066	0.0956	0.0969	0.1066	0.1006	0.1128	0.1205	0.1057	0.1135	0.1434	0.1223	0.1194	0.1349	0.1200	0.1338	0.1384	0.1482	0.1598	0.1562	0.1611	0.1488	0.1792	0.2062	0.2272	0.2394	0.2402	0.2725	0.3012	0.3076	0.3472	0.4022	0.6232	0.7148	0.5759	0.4437	0.3726	0.3697	0.4511	0.6379	0.6164	0.6411	0.6359	0.5803	0.5050	0.5069	0.5355	0.4486	0.3953	0.4496	0.4188	0.3467	0.3137	0.3131	0.2991
0.0188	0.0161	0.0293	0.0370	0.0431	0.0453	0.0489	0.0397	0.0630	0.0818	0.0909	0.0814	0.0900	0.0836	0.0762	0.0900	0.1057	0.1202	0.1186	0.1344	0.1365	0.1383	0.1458	0.1470	0.1561	0.1501	0.1466	0.1434	0.1664	0.1551	0.1537	0.1849	0.1955	0.2144	0.2248	0.2007	0.2220	0.2437	0.2825	0.3317	0.3538	0.3550	0.4129	0.4844	0.4938	0.6985	0.8393	0.7733	0.7785	0.6391	0.5033	0.5116	0.5512	0.7258	0.6833	0.6675	0.5834	0.5364	0.5599	0.5276	0.4813	0.4597	0.4296	0.4538	0.4289	0.3725	0.3551	0.3503	0.3228
0.0255	0.0385	0.0415	0.0314	0.0545	0.0531	0.0475	0.0781	0.0848	0.0821	0.0922	0.0963	0.1008	0.1117	0.0920	0.1009	0.1251	0.1315	0.1386	0.1413	0.1531	0.1678	0.1902	0.1631	0.1663	0.1708	0.1759	0.1923	0.1958	0.1872	0.2014	0.2126	0.2261	0.2639	0.2654	0.2632	0.2858	0.3163	0.3847	0.4960	0.5243	0.4707	0.6470	0.8210	0.7720	0.8047	0.8472	0.7660	0.7716	0.7293	0.7315	0.7146	0.6816	0.6690	0.6340	0.6433	0.5629	0.5295	0.4933	0.4929	0.5103	0.4438	0.4295	0.4416	0.4249	0.3737	0.3510	0.3005	0.2863
0.0166	0.0197	0.0536	0.0530	0.0509	0.0527	0.0740	0.0953	0.0863	0.0828	0.0970	0.1067	0.1120	0.1130	0.1363	0.1361	0.1671	0.1753	0.1598	0.1730	0.1965	0.1999	0.2099	0.2254	0.2086	0.1970	0.2086	0.2136	0.2376	0.2433	0.2477	0.2677	0.2862	0.2899	0.2847	0.3214	0.3814	0.4599	0.5614	0.6912	0.8586	0.7406	0.7669	0.8657	0.8391	0.7900	0.7663	0.7397	0.7506	0.7556	0.7333	0.6735	0.6619	0.6060	0.5839	0.5698	0.5643	0.5252	0.4744	0.4928	0.5051	0.4142	0.3830	0.3966	0.4019	0.3572	0.3193	0.3194	0.2895
0.0222	0.0268	0.0419	0.0539	0.0688	0.0852	0.0923	0.1120	0.1258	0.1263	0.1526	0.1710	0.1653	0.1719	0.1999	0.2157	0.2653	0.2542	0.2351	0.2659	0.2857	0.3531	0.3260	0.3863	0.3725	0.2917	0.2574	0.2470	0.2749	0.2834	0.2716	0.3104	0.3251	0.3534	0.3560	0.4059	0.4525	0.5926	0.8402	0.8223	0.9183	0.8480	0.8477	0.8273	0.7734	0.7643	0.7096	0.6846	0.7017	0.6889	0.6222	0.6427	0.6394	0.5889	0.5554	0.5566	0.5472	0.4943	0.4588	0.4657	0.4535	0.4008	0.4171	0.4286	0.3679	0.3430	0.3231	0.3258	0.2888
0.0403	0.0522	0.0545	0.0764	0.1102	0.1281	0.1377	0.1791	0.2291	0.2831	0.3656	0.3921	0.4086	0.4207	0.4451	0.4264	0.4602	0.5376	0.5101	0.5437	0.6651	0.7291	0.6458	0.7067	0.7267	0.5196	0.4092	0.3361	0.2938	0.3029	0.3422	0.3558	0.3731	0.4009	0.4305	0.4487	0.4887	0.7491	1.0000	0.8512	0.8754	0.8140	0.7888	0.7354	0.7552	0.6677	0.6407	0.6547	0.6121	0.6320	0.6244	0.6119	0.5656	0.5858	0.5511	0.5632	0.5217	0.4735	0.4773	0.4673	0.4461	0.3870	0.3781	0.3966	0.3707	0.3208	0.3228	0.2939	0.2894
0.0479	0.0736	0.1032	0.1625	0.1908	0.2684	0.3460	0.4291	0.4940	0.5216	0.5936	0.5860	0.6350	0.5957	0.6166	0.6668	0.7014	0.7506	0.7846	0.7512	0.8124	0.8013	0.7229	0.7601	0.7782	0.6792	0.7051	0.6783	0.4719	0.3978	0.3716	0.3929	0.4088	0.4283	0.4534	0.4796	0.5436	0.8047	0.9397	0.8522	0.7685	0.7365	0.7465	0.6930	0.6898	0.6317	0.6527	0.6242	0.6093	0.5992	0.5742	0.5964	0.5505	0.5191	0.4897	0.4771	0.4725	0.4561	0.4892	0.4319	0.4466	0.4185	0.3749	0.3889	0.3799	0.3240	0.3136	0.3060	0.2843
0.0948	0.1638	0.2319	0.3801	0.4259	0.4586	0.4915	0.4877	0.5073	0.4734	0.4903	0.5134	0.5411	0.5638	0.5914	0.6381	0.6615	0.7052	0.7361	0.6995	0.7113	0.7119	0.7298	0.7257	0.7439	0.7280	0.8200	0.8193	0.7586	0.7311	0.5539	0.5245	0.4918	0.4792	0.4838	0.5560	0.6902	0.8595	0.8717	0.8020	0.7067	0.6356	0.6948	0.6580	0.6374	0.6164	0.6011	0.5559	0.5506	0.5871	0.5555	0.5377	0.5071	0.5136	0.4943	0.4362	0.4108	0.4184	0.4084	0.4154	0.4448	0.3929	0.3982	0.3742	0.3514	0.3156	0.3279	0.3169	0.2843
0.1696	0.2582	0.3485	0.3904	0.3594	0.3595	0.4031	0.3788	0.3897	0.3816	0.3850	0.4104	0.4658	0.5086	0.5082	0.5608	0.6075	0.6476	0.6474	0.6547	0.6747	0.7257	0.7038	0.6880	0.7066	0.6671	0.7322	0.7626	0.8193	0.9093	0.8641	0.8382	0.6854	0.6239	0.6503	0.7842	0.8244	0.8112	0.7610	0.6925	0.6767	0.6334	0.6350	0.6212	0.6307	0.5808	0.5378	0.5372	0.5566	0.5238	0.5085	0.4910	0.4738	0.4925	0.4728	0.4361	0.4191	0.4137	0.3916	0.3817	0.3964	0.3904	0.3834	0.3847	0.3688	0.3463	0.3427	0.3204	0.2868
0.1754	0.2188	0.2678	0.2626	0.2512	0.2792	0.3259	0.3016	0.3117	0.3230	0.3526	0.3968	0.4359	0.4932	0.4716	0.5421	0.5641	0.6225	0.5942	0.5914	0.6346	0.6615	0.6195	0.6679	0.6440	0.6895	0.6749	0.7159	0.7707	0.7862	0.9007	0.8862	0.8542	0.9189	0.8915	0.8957	0.8839	0.7688	0.6963	0.6471	0.6209	0.6073	0.6163	0.5985	0.5663	0.5257	0.5389	0.5555	0.5349	0.5160	0.5280	0.4910	0.4736	0.4968	0.4569	0.4487	0.4293	0.4367	0.4011	0.4020	0.4013	0.4158	0.3885	0.3698	0.3626	0.3301	0.3344	0.3032	0.2712
0.1775	0.2160	0.2427	0.2190	0.2260	0.2529	0.2652	0.2760	0.2680	0.3146	0.3241	0.3499	0.3962	0.4596	0.4960	0.5473	0.6367	0.6104	0.5816	0.6182	0.6458	0.6695	0.6734	0.5953	0.6277	0.6258	0.6422	0.6533	0.7255	0.7763	0.7619	0.8177	0.8270	0.8375	0.8459	0.8133	0.7508	0.7341	0.6928	0.6271	0.6464	0.5982	0.6014	0.5992	0.5636	0.5616	0.5849	0.5759	0.5318	0.5139	0.5728	0.5005	0.4696	0.4446	0.4438	0.4790	0.4703	0.4441	0.4109	0.3864	0.4050	0.3993	0.3575	0.3766	0.3677	0.3394	0.3087	0.3199	0.2910
0.1721	0.1925	0.2253	0.2137	0.2072	0.2554	0.2628	0.2834	0.2901	0.2997	0.3685	0.3919	0.4022	0.4549	0.4877	0.5354	0.6242	0.5904	0.5495	0.5706	0.6130	0.6491	0.6537	0.6107	0.6139	0.5835	0.6216	0.6669	0.7127	0.7450	0.7273	0.7399	0.7730	0.7548	0.7360	0.7166	0.7129	0.6838	0.6446	0.5833	0.6237	0.5915	0.5666	0.5700	0.5995	0.5738	0.5571	0.5750	0.5789	0.5416	0.5435	0.5348	0.5180	0.4946	0.4989	0.5133	0.4912	0.4410	0.4204	0.4163	0.4078	0.3884	0.3652	0.3888	0.3661	0.3471	0.3018	0.2816	0.2631
0.1596	0.2033	0.2099	0.2426	0.2435	0.2509	0.2847	0.3005	0.2769	0.2813	0.3328	0.3640	0.3874	0.4429	0.4791	0.5454	0.5755	0.6046	0.6127	0.5721	0.6063	0.6279	0.5968	0.6094	0.6377	0.5851	0.6237	0.6828	0.6801	0.6906	0.6861	0.6963	0.7007	0.7146	0.7045	0.6623	0.6603	0.6426	0.6020	0.5715	0.5937	0.5784	0.5981	0.5884	0.6001	0.5765	0.5760	0.5550	0.5356	0.5363	0.5132	0.5198	0.5388	0.5019	0.4588	0.4771	0.4788	0.4510	0.4245	0.3984	0.3801	0.3865	0.3869	0.3763	0.3280	0.3531	0.3045	0.2855	0.2867
0.1450	0.1810	0.2021	0.2455	0.2481	0.2571	0.2672	0.2809	0.3177	0.3198	0.3317	0.3797	0.4183	0.4339	0.4735	0.5005	0.5413	0.5827	0.6021	0.5735	0.5729	0.6317	0.6027	0.6337	0.6547	0.6158	0.6273	0.6359	0.6745	0.6644	0.6680	0.7064	0.6591	0.6827	0.6644	0.6493	0.6725	0.6157	0.6164	0.6144	0.6155	0.6001	0.5967	0.5941	0.5943	0.5462	0.5592	0.5777	0.5621	0.5844	0.5288	0.4880	0.4931	0.5247	0.4778	0.4930	0.4696	0.4484	0.4117	0.4196	0.4167	0.3992	0.3906	0.3672	0.3576	0.3375	0.3136	0.2884	0.2563
0.1679	0.1759	0.2152	0.2316	0.2463	0.2634	0.2686	0.2633	0.3140	0.3123	0.3587	0.3793	0.4130	0.4084	0.4472	0.4690	0.5464	0.5598	0.5608	0.5407	0.5947	0.6007	0.5926	0.5773	0.6115	0.5694	0.5904	0.6230	0.6470	0.6596	0.7059	0.6618	0.6622	0.6563	0.6562	0.6328	0.6452	0.6320	0.6301	0.6539	0.6191	0.6091	0.5813	0.6020	0.5915	0.5558	0.5691	0.5844	0.5882	0.5784	0.5741	0.5269	0.5011	0.5102	0.5100	0.4988	0.4915	0.4673	0.4370	0.4052	0.4161	0.3780	0.3586	0.3624	0.3617	0.3349	0.3282	0.3158	0.2893
0.1524	0.1832	0.2354	0.2539	0.2599	0.2605	0.2625	0.2766	0.2679	0.2929	0.3507	0.3744	0.4074	0.4161	0.4499	0.4533	0.5162	0.5019	0.5539	0.5510	0.5706	0.5357	0.5284	0.5403	0.5484	0.5848	0.5727	0.5676	0.5641	0.6106	0.6406	0.6309	0.6429	0.6349	0.5937	0.6052	0.6158	0.6179	0.6245	0.6297	0.6239	0.5895	0.6067	0.5937	0.5962	0.5693	0.5636	0.5656	0.5592	0.5512	0.5829	0.5464	0.4939	0.5289	0.4953	0.5137	0.4846	0.4511	0.4268	0.4159	0.4061	0.3952	0.3782	0.3534	0.3605	0.3177	0.3092	0.3149	0.2910
0.1543	0.1888	0.2366	0.2685	0.2542	0.2649	0.2751	0.2735	0.2472	0.3133	0.3616	0.3850	0.4148	0.4368	0.4589	0.4435	0.4735	0.4845	0.4986	0.5795	0.5109	0.5219	0.5131	0.5352	0.5356	0.5595	0.5776	0.5709	0.5955	0.6042	0.6374	0.6537	0.6450	0.6188	0.5897	0.5933	0.6086	0.5806	0.6253	0.5827	0.6315	0.6357	0.6333	0.5704	0.5655	0.5508	0.5681	0.5655	0.5711	0.5139	0.5730	0.5525	0.5557	0.5530	0.5036	0.5068	0.5006	0.4586	0.4324	0.4717	0.4445	0.4358	0.4009	0.3538	0.3424	0.3402	0.2957	0.2962	0.3007
0.1762	0.2008	0.2085	0.2397	0.2622	0.2771	0.2947	0.2783	0.2603	0.3401	0.3658	0.4024	0.4024	0.4247	0.4627	0.4692	0.4682	0.5029	0.5333	0.5121	0.5332	0.5360	0.5188	0.5122	0.5333	0.5306	0.5723	0.5955	0.6129	0.6054	0.6373	0.6450	0.6565	0.6335	0.6184	0.6342	0.6296	0.6287	0.6236	0.5974	0.6483	0.6374	0.6140	0.5791	0.5824	0.5728	0.5972	0.5815	0.5871	0.5665	0.5610	0.5213	0.5348	0.5373	0.5088	0.5015	0.4980	0.4763	0.4589	0.4449	0.4146	0.4125	0.3977	0.3737	0.3605	0.3485	0.3174	0.3031	0.2769
0.1675	0.1899	0.2306	0.2406	0.2606	0.2638	0.2593	0.2836	0.3169	0.3159	0.3622	0.3782	0.4189	0.4302	0.4475	0.4748	0.4841	0.5046	0.5268	0.5309	0.5140	0.5130	0.5073	0.5315	0.5288	0.5245	0.5417	0.6036	0.6109	0.6219	0.6367	0.6284	0.6730	0.6681	0.6484	0.6363	0.6677	0.6564	0.6623	0.6083	0.6608	0.6707	0.6306	0.6056	0.6048	0.5492	0.5720	0.6106	0.5670	0.5713	0.5601	0.5482	0.5478	0.5365	0.5180	0.5135	0.4934	0.4742	0.4316	0.4338	0.4260	0.4174	0.3939	0.3791	0.3752	0.3524	0.3114	0.3339	0.3144
0.1736	0.2004	0.2318	0.2510	0.2577	0.2602	0.2733	0.2862	0.3170	0.3233	0.3641	0.3754	0.4030	0.4355	0.4378	0.4464	0.4705	0.4689	0.4791	0.5222	0.5164	0.5404	0.4970	0.5393	0.5529	0.5340	0.5086	0.5385	0.5825	0.5856	0.6223	0.6403	0.6596	0.6621	0.6900	0.6996	0.6992	0.6277	0.6681	0.6557	0.6269	0.6737	0.6416	0.6200	0.5859	0.5470	0.5850	0.5595	0.5907	0.6256	0.5924	0.5858	0.5627	0.5487	0.4876	0.5060	0.4952	0.4958	0.4524	0.4619	0.4373	0.4239	0.4343	0.4024	0.3784	0.3460	0.3208	0.3145	0.2884
0.1762	0.1927	0.2149	0.2321	0.2638	0.2592	0.2831	0.2704	0.3023	0.3215	0.3348	0.3591	0.3688	0.4151	0.4543	0.4469	0.4946	0.4997	0.5031	0.5032	0.5293	0.5090	0.5255	0.5405	0.5645	0.5458	0.5213	0.5445	0.5686	0.5844	0.6216	0.6747	0.6677	0.6393	0.6859	0.6760	0.6704	0.6552	0.6752	0.6463	0.6324	0.6485	0.7020	0.6115	0.6124	0.6076	0.5866	0.5905	0.5740	0.6094	0.6094	0.5609	0.5533	0.5588	0.5251	0.5256	0.4834	0.4724	0.4551	0.4412	0.4671	0.4635	0.4612	0.4029	0.3809	0.3558	0.3418	0.3123	0.3125
0.1934	0.2155	0.2001	0.2353	0.2523	0.2587	0.2696	0.2842	0.3042	0.3265	0.3150	0.3584	0.3812	0.4045	0.4498	0.4849	0.5042	0.5081	0.4881	0.5223	0.5492	0.5412	0.5527	0.5769	0.6005	0.5543	0.5760	0.5813	0.6220	0.6388	0.6948	0.7086	0.6975	0.6840	0.7083	0.6791	0.6974	0.6676	0.6633	0.6517	0.6842	0.6856	0.6637	0.6413	0.6449	0.5959	0.6059	0.6073	0.6181	0.5848	0.5869	0.5578	0.5844	0.5717	0.5296	0.5450	0.5084	0.4868	0.4467	0.4317	0.4616	0.4593	0.4500	0.4108	0.3977	0.3800	0.3582	0.3352	0.2968
0.1812	0.1924	0.2203	0.2407	0.2524	0.2578	0.2843	0.2916	0.3150	0.3293	0.3442	0.3716	0.3887	0.3934	0.4021	0.4860	0.5033	0.5206	0.5041	0.5439	0.5902	0.5715	0.5577	0.5603	0.5975	0.5979	0.5953	0.6449	0.6931	0.6789	0.7389	0.7362	0.7678	0.7593	0.7783	0.7349	0.7270	0.7095	0.7150	0.6739	0.6832	0.7207	0.6794	0.6578	0.6302	0.6428	0.6766	0.6447	0.6432	0.6361	0.6138	0.5635	0.5442	0.5526	0.5292	0.5368	0.5008	0.4649	0.5009	0.4727	0.4612	0.4635	0.4328	0.4305	0.4017	0.3973	0.3771	0.3320	0.3218
0.1464	0.1851	0.2348	0.2218	0.2597	0.2561	0.2749	0.3168	0.3430	0.3331	0.3429	0.3535	0.4236	0.4493	0.4311	0.5043	0.5351	0.5559	0.5601	0.5897	0.5959	0.5985	0.5928	0.6281	0.6755	0.6707	0.6645	0.6496	0.6974	0.7339	0.7323	0.7756	0.7819	0.7930	0.8641	0.8015	0.7345	0.7169	0.7466	0.6658	0.6901	0.7258	0.6698	0.6722	0.6719	0.6732	0.6368	0.6544	0.6073	0.6353	0.6033	0.5775	0.5638	0.5574	0.5102	0.5162	0.5340	0.5129	0.4999	0.5041	0.4822	0.4404	0.4460	0.4351	0.4248	0.4188	0.3913	0.3415	0.3116
0.1511	0.1892	0.2239	0.2458	0.2499	0.2971	0.3241	0.3454	0.3311	0.3438	0.3652	0.3971	0.4045	0.4595	0.4989	0.5481	0.5681	0.5901	0.5982	0.6254	0.5925	0.6087	0.6157	0.6347	0.6678	0.6801	0.6517	0.6800	0.7077	0.7235	0.7363	0.7448	0.7822	0.8532	0.8502	0.8199	0.7838	0.7506	0.6844	0.6856	0.7086	0.7132	0.6962	0.6909	0.7006	0.6496	0.6591	0.6855	0.6687	0.6452	0.6438	0.5904	0.5351	0.5327	0.5207	0.5253	0.5236	0.5174	0.4947	0.5122	0.4995	0.4680	0.4759	0.4827	0.4361	0.4102	0.3804	0.3629	0.3271
0.1365	0.1690	0.2216	0.2415	0.2602	0.3059	0.3142	0.3453	0.3496	0.3741	0.3832	0.4291	0.4527	0.5024	0.5309	0.5628	0.5964	0.5926	0.5924	0.6251	0.6669	0.6847	0.6535	0.6633	0.6361	0.6648	0.6926	0.7397	0.7695	0.7411	0.7928	0.8460	0.8558	0.8906	0.8303	0.8185	0.8099	0.8171	0.7227	0.7145	0.7326	0.7290	0.7116	0.7091	0.7071	0.6610	0.6612	0.6726	0.6917	0.6885	0.6332	0.6079	0.5762	0.5676	0.5424	0.5600	0.5501	0.5552	0.5062	0.5124	0.4851	0.4657	0.4569	0.4682	0.4251	0.3667	0.3555	0.3564	0.3466
0.1950	0.2029	0.2216	0.2517	0.2782	0.3164	0.3321	0.3365	0.3622	0.3777	0.4277	0.4562	0.4690	0.4921	0.5702	0.5572	0.5992	0.6544	0.6574	0.6979	0.7174	0.7597	0.7320	0.7154	0.7002	0.7229	0.7318	0.7674	0.8174	0.7881	0.8906	0.9407	0.9130	0.9297	0.9310	0.8511	0.8886	0.8656	0.7939	0.7879	0.7781	0.7450	0.7505	0.7470	0.7201	0.6819	0.6927	0.7200	0.7113	0.6714	0.6605	0.6560	0.6225	0.6468	0.6070	0.5732	0.5647	0.5854	0.5595	0.5187	0.5225	0.4882	0.4936	0.4698	0.4373	0.4175	0.4187	0.3865	0.3913
0.2052	0.2741	0.3138	0.3671	0.3947	0.3687	0.3768	0.4001	0.3963	0.4278	0.4637	0.4613	0.4956	0.5510	0.5867	0.5811	0.6391	0.6587	0.6945	0.7136	0.7228	0.7742	0.7827	0.7339	0.7594	0.7569	0.7876	0.8280	0.8613	0.8614	0.8928	0.8567	0.8319	0.8466	0.8756	0.7236	0.8261	0.8011	0.7011	0.8245	0.8227	0.8186	0.7948	0.7850	0.7234	0.6963	0.6858	0.6995	0.7008	0.7031	0.7064	0.6856	0.6688	0.6503	0.6016	0.5810	0.6006	0.5853	0.5418	0.5476	0.5584	0.5176	0.5032	0.4968	0.4506	0.4363	0.4072	0.3977	0.3788
0.1132	0.2595	0.3647	0.4764	0.5192	0.5032	0.5379	0.5314	0.5326	0.5490	0.5232	0.5501	0.5756	0.6379	0.6720	0.7137	0.7031	0.7657	0.7390	0.7457	0.7628	0.7844	0.7855	0.7846	0.7380	0.7507	0.7534	0.7489	0.8223	0.7983	0.5827	0.3993	0.3921	0.4202	0.4396	0.4032	0.5304	0.4996	0.4771	0.6627	0.8587	0.8859	0.8729	0.8511	0.7972	0.7636	0.7406	0.7182	0.7560	0.7320	0.7319	0.7115	0.7027	0.6852	0.6348	0.6047	0.6076	0.5864	0.5816	0.5920	0.5807	0.5517	0.5303	0.5016	0.4713	0.4485	0.4193	0.3976	0.3710
0.0636	0.0887	0.1580	0.2522	0.3657	0.4775	0.5650	0.5842	0.5664	0.6071	0.6608	0.6409	0.6610	0.7084	0.7368	0.7707	0.7673	0.8225	0.8136	0.8422	0.8359	0.8047	0.7841	0.7692	0.6886	0.5663	0.5351	0.4407	0.4587	0.4260	0.3148	0.2697	0.2736	0.2815	0.2935	0.3153	0.3415	0.3670	0.4150	0.5941	0.8797	0.8703	0.8711	0.8257	0.7674	0.7603	0.7319	0.7811	0.8021	0.7651	0.7362	0.7208	0.6928	0.6822	0.6573	0.6675	0.6548	0.6212	0.5997	0.5944	0.5753	0.5601	0.5373	0.5048	0.4704	0.4592	0.4439	0.4359	0.3806
0.0417	0.0417	0.0752	0.1002	0.1193	0.1764	0.2306	0.3076	0.3480	0.4036	0.4867	0.5290	0.5502	0.5358	0.5355	0.4872	0.4778	0.5258	0.5756	0.6082	0.6396	0.5890	0.5350	0.4727	0.4033	0.2713	0.2406	0.2280	0.2371	0.2387	0.2583	0.2530	0.2608	0.2772	0.2851	0.3007	0.3184	0.3664	0.4236	0.7172	0.9050	0.8708	0.8516	0.8351	0.7895	0.7856	0.8167	0.8080	0.7657	0.7312	0.7777	0.7419	0.7329	0.7006	0.6865	0.6714	0.6689	0.6251	0.5893	0.6019	0.5705	0.5392	0.5473	0.4993	0.4891	0.4790	0.4541	0.4015	0.3631
0.0127	0.0266	0.0489	0.0486	0.0767	0.0887	0.0966	0.1003	0.1117	0.1461	0.1690	0.1967	0.2344	0.2088	0.1763	0.1776	0.1806	0.2070	0.2218	0.2280	0.2515	0.2484	0.2211	0.2118	0.2159	0.2020	0.2016	0.2125	0.2187	0.2292	0.2246	0.2189	0.2349	0.2569	0.2559	0.2584	0.2902	0.3405	0.4038	0.7300	0.8814	0.8506	0.8645	0.8473	0.8286	0.8037	0.8560	0.8387	0.7829	0.7832	0.7650	0.7719	0.7271	0.7282	0.7159	0.7210	0.7247	0.7130	0.6465	0.6163	0.6015	0.5680	0.5493	0.5208	0.4734	0.5170	0.4648	0.4284	0.4082
0.0033	0.0290	0.0365	0.0316	0.0570	0.0812	0.0653	0.0705	0.0751	0.0820	0.0827	0.0854	0.0898	0.0967	0.1061	0.1096	0.1217	0.1150	0.1296	0.1344	0.1299	0.1326	0.1459	0.1572	0.1527	0.1568	0.1618	0.1728	0.1831	0.1926	0.2025	0.2052	0.2029	0.2134	0.2174	0.2305	0.2599	0.2770	0.3222	0.4765	0.6040	0.7538	0.8826	0.8650	0.8599	0.8415	0.8072	0.8093	0.8081	0.7897	0.7634	0.7860	0.7373	0.7385	0.7521	0.7725	0.7660	0.7010	0.6326	0.6652	0.6277	0.5532	0.5614	0.5549	0.4891	0.5040	0.4526	0.4410	0.4224
0.0237	0.0355	0.0421	0.0286	0.0418	0.0582	0.0495	0.0692	0.0658	0.0740	0.0877	0.0658	0.0770	0.0836	0.0806	0.0851	0.0914	0.0874	0.0986	0.1068	0.1039	0.0952	0.1086	0.1099	0.1122	0.1143	0.1191	0.1165	0.1448	0.1457	0.1564	0.1599	0.1657	0.1744	0.1869	0.1905	0.2059	0.2381	0.2697	0.3323	0.4169	0.7669	0.8666	0.8493	0.8420	0.8300	0.7934	0.8208	0.8199	0.8146	0.7867	0.7617	0.7684	0.7174	0.6584	0.7027	0.7131	0.7045	0.6758	0.6638	0.6127	0.5643	0.5886	0.5626	0.5202	0.5275	0.4668	0.4663	0.4252
0.0113	0.0221	0.0372	0.0419	0.0422	0.0461	0.0473	0.0606	0.0629	0.0695	0.0765	0.0643	0.0660	0.0654	0.0731	0.0782	0.0880	0.0905	0.1008	0.0952	0.0935	0.0862	0.0982	0.1010	0.0888	0.0944	0.0916	0.0998	0.1033	0.1098	0.1178	0.1144	0.1223	0.1229	0.1337	0.1317	0.1377	0.1645	0.1965	0.2431	0.3409	0.6974	0.8386	0.8301	0.8221	0.8064	0.7843	0.8340	0.8211	0.7689	0.7736	0.7677	0.7694	0.7189	0.5608	0.5455	0.7242	0.7047	0.6644	0.6180	0.5210	0.5764	0.5989	0.5204	0.4831	0.4711	0.4498	0.4305	0.4025
0.0158	0.0054	0.0163	0.0306	0.0542	0.0548	0.0514	0.0545	0.0513	0.0526	0.0578	0.0620	0.0657	0.0648	0.0721	0.0768	0.0799	0.0755	0.0911	0.0904	0.0832	0.0855	0.0870	0.0910	0.0946	0.0916	0.0847	0.0898	0.0950	0.0930	0.1044	0.1038	0.1007	0.1039	0.1057	0.1049	0.1094	0.1160	0.1270	0.1560	0.1987	0.3474	0.5754	0.6416	0.6705	0.5936	0.5331	0.7626	0.8146	0.7841	0.7888	0.7762	0.7597	0.6627	0.4554	0.4928	0.6944	0.6958	0.5788	0.4084	0.3789	0.5401	0.4572	0.2771	0.3412	0.4483	0.4471	0.4506	0.3637
0.0114	0.0063	0.0205	0.0325	0.0246	0.0352	0.0494	0.0516	0.0516	0.0374	0.0455	0.0590	0.0636	0.0569	0.0612	0.0655	0.0754	0.0668	0.0674	0.0756	0.0784	0.0772	0.0718	0.0715	0.0759	0.0713	0.0791	0.0813	0.0806	0.0759	0.0856	0.0839	0.0937	0.0945	0.0891	0.0989	0.0991	0.0942	0.1073	0.1141	0.1230	0.1360	0.1821	0.2151	0.2554	0.2617	0.3229	0.6549	0.8147	0.7926	0.7892	0.7443	0.6175	0.3408	0.2517	0.4501	0.6980	0.5985	0.3952	0.2569	0.3771	0.5362	0.3366	0.2049	0.2395	0.4521	0.4535	0.4655	0.4195
0.0004	0.0088	0.0162	0.0238	0.0195	0.0185	0.0313	0.0416	0.0334	0.0496	0.0435	0.0528	0.0675	0.0502	0.0475	0.0686	0.0678	0.0651	0.0673	0.0674	0.0708	0.0592	0.0650	0.0690	0.0670	0.0732	0.0696	0.0665	0.0719	0.0807	0.0798	0.0724	0.0831	0.0771	0.0785	0.0809	0.0896	0.0859	0.0856	0.0880	0.0890	0.1114	0.1228	0.1162	0.1413	0.1627	0.2046	0.4315	0.7431	0.7081	0.6067	0.4963	0.2570	0.1334	0.1396	0.2330	0.3959	0.3258	0.2121	0.1906	0.3048	0.3512	0.2036	0.1612	0.1890	0.3899	0.4643	0.4463	0.4301
0.0092	0.0073	0.0051	0.0156	0.0149	0.0119	0.0244	0.0339	0.0321	0.0400	0.0418	0.0482	0.0466	0.0488	0.0490	0.0557	0.0590	0.0581	0.0586	0.0601	0.0600	0.0567	0.0644	0.0642	0.0633	0.0691	0.0663	0.0673	0.0685	0.0657	0.0712	0.0628	0.0711	0.0727	0.0725	0.0736	0.0768	0.0785	0.0848	0.0823	0.0802	0.0881	0.1048	0.1035	0.1104	0.1178	0.1264	0.1581	0.3221	0.3083	0.1920	0.1500	0.1197	0.1138	0.1189	0.1229	0.1417	0.1267	0.1331	0.1421	0.1619	0.1543	0.1320	0.1543	0.1796	0.3560	0.4569	0.4113	0.3736
0.0030	0.0002	0.0028	0.0112	0.0208	0.0133	0.0319	0.0255	0.0235	0.0354	0.0323	0.0358	0.0407	0.0472	0.0495	0.0532	0.0518	0.0571	0.0495	0.0520	0.0556	0.0529	0.0501	0.0553	0.0576	0.0654	0.0645	0.0667	0.0684	0.0649	0.0621	0.0595	0.0727	0.0719	0.0638	0.0693	0.0691	0.0703	0.0771	0.0904	0.0926	0.0924	0.0923	0.1015	0.0927	0.0920	0.0978	0.1041	0.1108	0.1122	0.1101	0.1100	0.0952	0.0984	0.1060	0.0998	0.1039	0.0913	0.0984	0.1077	0.1037	0.1032	0.1085	0.1198	0.1396	0.2832	0.4235	0.3885	0.2938
0.0000	0.0000	0.0020	0.0113	0.0149	0.0081	0.0122	0.0160	0.0255	0.0238	0.0283	0.0298	0.0311	0.0457	0.0406	0.0361	0.0437	0.0478	0.0432	0.0377	0.0418	0.0493	0.0565	0.0558	0.0580	0.0586	0.0574	0.0620	0.0605	0.0567	0.0552	0.0586	0.0553	0.0680	0.0576	0.0643	0.0676	0.0667	0.0653	0.0690	0.0785	0.0773	0.0794	0.0816	0.0759	0.0781	0.0885	0.0952	0.0912	0.0949	0.0933	0.1013	0.0836	0.0823	0.0909	0.0797	0.0894	0.0872	0.0796	0.0879	0.0911	0.0838	0.0849	0.0864	0.1017	0.1157	0.2017	0.2384	0.1453
0.0000	0.0000	0.0022	0.0206	0.0118	0.0060	0.0131	0.0150	0.0190	0.0300	0.0195	0.0218	0.0227	0.0276	0.0415	0.0382	0.0353	0.0439	0.0333	0.0385	0.0397	0.0444	0.0462	0.0443	0.0540	0.0469	0.0476	0.0546	0.0552	0.0611	0.0529	0.0545	0.0547	0.0581	0.0526	0.0556	0.0582	0.0578	0.0603	0.0652	0.0642	0.0710	0.0739	0.0741	0.0641	0.0703	0.0742	0.0777	0.0856	0.0837	0.0782	0.0842	0.0799	0.0792	0.0776	0.0747	0.0820	0.0790	0.0711	0.0740	0.0795	0.0787	0.0681	0.0715	0.0784	0.0702	0.0768	0.0785	0.0641
0.0000	0.0000	0.0000	0.0012	0.0000	0.0022	0.0078	0.0102	0.0083	0.0120	0.0203	0.0217	0.0211	0.0213	0.0306	0.0451	0.0419	0.0322	0.0357	0.0372	0.0309	0.0301	0.0374	0.0424	0.0423	0.0405	0.0418	0.0476	0.0464	0.0504	0.0422	0.0409	0.0444	0.0511	0.0462	0.0456	0.0474	0.0531	0.0595	0.0533	0.0642	0.0650	0.0624	0.0629	0.0680	0.0693	0.0745	0.0714	0.0655	0.0635	0.0745	0.0807	0.0758	0.0699	0.0709	0.0720	0.0734	0.0637	0.0708	0.0801	0.0727	0.0627	0.0692	0.0638	0.0631	0.0644	0.0709	0.0622	0.0637
0.0000	0.0000	0.0000	0.0008	0.0000	0.0018	0.0225	0.0090	0.0054	0.0037	0.0203	0.0225	0.0217	0.0177	0.0355	0.0394	0.0423	0.0345	0.0278	0.0303	0.0237	0.0227	0.0341	0.0356	0.0318	0.0410	0.0386	0.0375	0.0507	0.0546	0.0566	0.0484	0.0490	0.0466	0.0454	0.0461	0.0549	0.0597	0.0600	0.0624	0.0615	0.0565	0.0675	0.0660	0.0712	0.0705	0.0701	0.0796	0.0677	0.0673	0.0733	0.0675	0.0677	0.0631	0.0741	0.0732	0.0663	0.0608	0.0654	0.0633	0.0588	0.0587	0.0556	0.0600	0.0552	0.0516	0.0522	0.0530	0.0526
0.0008	0.0000	0.0000	0.0000	0.0000	0.0000	0.0000	0.0096	0.0120	0.0181	0.0219	0.0205	0.0269	0.0224	0.0235	0.0251	0.0240	0.0246	0.0290	0.0264	0.0260	0.0269	0.0362	0.0429	0.0337	0.0389	0.0444	0.0427	0.0365	0.0432	0.0477	0.0457	0.0434	0.0503	0.0482	0.0451	0.0506	0.0658	0.0589	0.0642	0.0609	0.0663	0.0657	0.0601	0.0626	0.0593	0.0643	0.0825	0.0724	0.0681	0.0649	0.0698	0.0752	0.0642	0.0687	0.0655	0.0647	0.0594	0.0631	0.0521	0.0541	0.0496	0.0456	0.0554	0.0460	0.0417	0.0447	0.0427	0.0430
0.0000	0.0000	0.0000	0.0000	0.0000	0.0021	0.0085	0.0043	0.0038	0.0128	0.0084	0.0097	0.0207	0.0139	0.0239	0.0278	0.0211	0.0201	0.0274	0.0256	0.0295	0.0262	0.0327	0.0437	0.0330	0.0271	0.0371	0.0368	0.0280	0.0393	0.0373	0.0407	0.0396	0.0400	0.0446	0.0475	0.0467	0.0414	0.0462	0.0488	0.0526	0.0538	0.0529	0.0557	0.0651	0.0600	0.0610	0.0679	0.0673	0.0573	0.0600	0.0630	0.0574	0.0589	0.0566	0.0597	0.0574	0.0529	0.0547	0.0561	0.0508	0.0524	0.0445	0.0429	0.0463	0.0462	0.0408	0.0446	0.0426
0.0000	0.0000	0.0000	0.0000	0.0000	0.0000	0.0015	0.0083	0.0000	0.0010	0.0155	0.0173	0.0069	0.0119	0.0295	0.0213	0.0246	0.0207	0.0258	0.0290	0.0431	0.0299	0.0214	0.0280	0.0328	0.0319	0.0340	0.0343	0.0248	0.0326	0.0295	0.0266	0.0420	0.0382	0.0370	0.0468	0.0513	0.0546	0.0554	0.0524	0.0589	0.0648	0.0508	0.0473	0.0575	0.0608	0.0651	0.0621	0.0666	0.0636	0.0585	0.0658	0.0680	0.0613	0.0523	0.0601	0.0565	0.0550	0.0626	0.0563	0.0654	0.0555	0.0509	0.0587	0.0613	0.0526	0.0472	0.0476	0.0451
