0.0000	0.0000	0.0000	0.0068	0.0000	0.0002	0.0031	0.0109	0.0012	0.0109	0.0204	0.0221	0.0272	0.0204	0.0266	0.0425	0.0385	0.0331	0.0181	0.0388	0.0393	0.0309	0.0455	0.0428	0.0658	0.0616	0.0602	0.0442	0.0443	0.0656	0.0563	0.0628	0.0692	0.0779	0.0692	0.0888	0.0835	0.0769	0.0836	0.0747	0.0863	0.0836	0.0896	0.0818	0.0773	0.0915	0.0869	0.0955	0.0813	0.0920	0.0824	0.0709	0.0837	0.0756	0.0761	0.0737	0.0734	0.0639	0.0676	0.0708	0.0549	0.0434	0.0492	0.0485	0.0474	0.0481	0.0504	0.0485	0.0345
0.0000	0.0049	0.0000	0.0000	0.0092	0.0033	0.0016	0.0173	0.0090	0.0141	0.0242	0.0374	0.0331	0.0279	0.0259	0.0301	0.0307	0.0404	0.0336	0.0379	0.0438	0.0528	0.0423	0.0683	0.0701	0.0592	0.0582	0.0642	0.0597	0.0683	0.0831	0.0936	0.0780	0.0786	0.0981	0.0901	0.0811	0.0850	0.0989	0.0901	0.1026	0.0985	0.0941	0.0913	0.0800	0.0916	0.1042	0.1159	0.0841	0.0956	0.1072	0.0913	0.0804	0.0773	0.0784	0.0783	0.0741	0.0812	0.0718	0.0739	0.0699	0.0655	0.0640	0.0583	0.0614	0.0461	0.0454	0.0512	0.0553
0.0000	0.0032	0.0068	0.0028	0.0060	0.0001	0.0112	0.0243	0.0175	0.0187	0.0269	0.0300	0.0303	0.0290	0.0288	0.0398	0.0208	0.0413	0.0472	0.0472	0.0534	0.0588	0.0534	0.0652	0.0734	0.0749	0.0662	0.0564	0.0755	0.0874	0.0729	0.0834	0.0982	0.0858	0.0900	0.0842	0.0944	0.0950	0.0973	0.0962	0.1068	0.1088	0.1095	0.0972	0.0977	0.1036	0.1181	0.1145	0.0969	0.0885	0.1126	0.1106	0.0886	0.1122	0.0832	0.0828	0.0908	0.0819	0.0797	0.0946	0.0986	0.0827	0.0868	0.0703	0.0631	0.0584	0.0529	0.0522	0.0633
0.0000	0.0020	0.0178	0.0095	0.0099	0.0105	0.0194	0.0223	0.0089	0.0205	0.0418	0.0397	0.0401	0.0375	0.0349	0.0482	0.0538	0.0503	0.0452	0.0387	0.0587	0.0555	0.0476	0.0532	0.0570	0.0741	0.0833	0.0679	0.0617	0.0723	0.0770	0.0808	0.0894	0.0871	0.1083	0.0770	0.0901	0.0985	0.1020	0.0953	0.1011	0.1063	0.1104	0.1232	0.1014	0.1141	0.0993	0.0988	0.1059	0.0986	0.1215	0.0908	0.0913	0.0997	0.0867	0.0934	0.0870	0.0944	0.0950	0.0896	0.0995	0.0940	0.1029	0.0832	0.0722	0.0767	0.0606	0.0677	0.0655
0.0000	0.0000	0.0210	0.0306	0.0106	0.0131	0.0145	0.0062	0.0068	0.0168	0.0241	0.0330	0.0451	0.0493	0.0422	0.0432	0.0591	0.0491	0.0411	0.0427	0.0540	0.0533	0.0622	0.0535	0.0532	0.0527	0.0697	0.0727	0.0609	0.0801	0.0972	0.0823	0.0785	0.0866	0.1101	0.1035	0.0920	0.0876	0.1005	0.0936	0.0874	0.0886	0.0958	0.1094	0.1063	0.1056	0.1042	0.1178	0.1140	0.1242	0.1054	0.1000	0.0996	0.0984	0.0990	0.1030	0.0865	0.0753	0.0824	0.0822	0.0915	0.0937	0.1062	0.0934	0.0789	0.0906	0.0804	0.0833	0.0739
0.0000	0.0000	0.0095	0.0224	0.0219	0.0291	0.0210	0.0210	0.0211	0.0318	0.0326	0.0320	0.0457	0.0360	0.0490	0.0638	0.0493	0.0580	0.0678	0.0502	0.0732	0.0640	0.0549	0.0574	0.0654	0.0594	0.0648	0.0748	0.0817	0.1011	0.0940	0.0779	0.1004	0.1142	0.1093	0.1015	0.1075	0.1001	0.1062	0.1100	0.1093	0.1265	0.1215	0.1220	0.1257	0.1085	0.1235	0.1344	0.1315	0.1498	0.1217	0.1027	0.1100	0.1208	0.1248	0.1138	0.1052	0.0984	0.1066	0.1189	0.1039	0.1095	0.1168	0.1227	0.0925	0.0728	0.0746	0.0833	0.0787
0.0000	0.0000	0.0037	0.0142	0.0045	0.0153	0.0230	0.0333	0.0276	0.0325	0.0485	0.0419	0.0504	0.0385	0.0490	0.0616	0.0571	0.0621	0.0752	0.0639	0.0682	0.0723	0.0508	0.0529	0.0750	0.0733	0.0762	0.0761	0.0806	0.0953	0.1003	0.0900	0.1070	0.1228	0.1094	0.0924	0.0944	0.0971	0.1048	0.1065	0.1106	0.1432	0.1428	0.1121	0.1208	0.1237	0.1302	0.1408	0.1366	0.1427	0.1388	0.1358	0.1198	0.1286	0.1292	0.1360	0.1297	0.1338	0.1262	0.1240	0.1381	0.1248	0.1363	0.1379	0.1127	0.0801	0.0846	0.0917	0.1136
0.0013	0.0000	0.0104	0.0095	0.0129	0.0246	0.0218	0.0468	0.0385	0.0430	0.0512	0.0466	0.0541	0.0532	0.0495	0.0644	0.0584	0.0776	0.0695	0.0698	0.0714	0.0605	0.0664	0.0801	0.0961	0.0975	0.0789	0.0724	0.0898	0.0965	0.0884	0.0986	0.1100	0.1246	0.1159	0.1111	0.1301	0.1335	0.1195	0.1194	0.1242	0.1494	0.1420	0.1415	0.1344	0.1345	0.1519	0.1711	0.1538	0.1382	0.1547	0.1557	0.1429	0.1559	0.1499	0.1593	0.1485	0.1360	0.1430	0.1552	0.1752	0.1688	0.1792	0.1591	0.1384	0.0987	0.0926	0.1019	0.1301
0.0058	0.0000	0.0222	0.0211	0.0233	0.0298	0.0315	0.0505	0.0436	0.0471	0.0391	0.0530	0.0611	0.0690	0.0635	0.0661	0.0567	0.0660	0.0687	0.0715	0.0766	0.0784	0.0837	0.0783	0.0996	0.0834	0.0840	0.0912	0.0985	0.1023	0.0964	0.1165	0.1270	0.1231	0.1224	0.1362	0.1461	0.1330	0.1452	0.1507	0.1480	0.1464	0.1608	0.1577	0.1632	0.1581	0.1747	0.2031	0.2094	0.2088	0.1873	0.1786	0.1835	0.1946	0.1895	0.1965	0.1852	0.1800	0.1954	0.2504	0.3175	0.3200	0.2794	0.2063	0.1653	0.1516	0.1318	0.1240	0.1464
0.0167	0.0123	0.0347	0.0372	0.0249	0.0320	0.0460	0.0429	0.0368	0.0446	0.0481	0.0520	0.0610	0.0663	0.0639	0.0713	0.0766	0.0752	0.0749	0.0794	0.0883	0.0785	0.0832	0.0870	0.1094	0.1042	0.0875	0.1009	0.1111	0.1142	0.1134	0.1077	0.1172	0.1270	0.1281	0.1268	0.1433	0.1597	0.1727	0.1713	0.1889	0.1741	0.1819	0.1916	0.2117	0.2179	0.2458	0.2982	0.3996	0.3433	0.2317	0.2038	0.2329	0.2146	0.2221	0.2262	0.2419	0.2580	0.3088	0.4098	0.4982	0.4547	0.3963	0.3413	0.1983	0.1612	0.1471	0.1509	0.1545
0.0120	0.0096	0.0305	0.0240	0.0269	0.0412	0.0556	0.0516	0.0431	0.0386	0.0569	0.0537	0.0629	0.0588	0.0596	0.0826	0.0802	0.0768	0.0891	0.0988	0.0915	0.0896	0.0885	0.0875	0.1157	0.1180	0.0990	0.1014	0.1136	0.1236	0.1330	0.1264	0.1328	0.1632	0.1783	0.1699	0.1807	0.1997	0.2157	0.2260	0.2283	0.2341	0.2273	0.2396	0.2668	0.3311	0.4702	0.6204	0.6569	0.5978	0.3746	0.3072	0.2815	0.2774	0.2772	0.3092	0.3274	0.3512	0.4785	0.5392	0.5191	0.4398	0.4144	0.3970	0.2729	0.1793	0.1681	0.1789	0.1704
0.0068	0.0170	0.0290	0.0445	0.0397	0.0446	0.0495	0.0521	0.0479	0.0537	0.0752	0.0708	0.0557	0.0665	0.0678	0.0759	0.0771	0.0758	0.0941	0.0972	0.1091	0.1129	0.0955	0.1003	0.1264	0.1077	0.1204	0.1315	0.1325	0.1375	0.1648	0.1645	0.1798	0.1970	0.2066	0.2121	0.2257	0.2967	0.4420	0.5390	0.5000	0.3711	0.3277	0.3338	0.4606	0.6266	0.7378	0.7824	0.7111	0.6941	0.5189	0.4339	0.3935	0.3366	0.3375	0.3690	0.3888	0.5129	0.5660	0.5186	0.4984	0.4273	0.4377	0.4490	0.3277	0.1948	0.1871	0.1942	0.2023
0.0257	0.0313	0.0291	0.0430	0.0447	0.0559	0.0661	0.0559	0.0683	0.0600	0.0995	0.0880	0.0840	0.0749	0.0698	0.0770	0.0913	0.1032	0.0983	0.1129	0.1049	0.1162	0.1209	0.1219	0.1412	0.1447	0.1449	0.1513	0.1601	0.1829	0.1969	0.2243	0.2551	0.2940	0.3151	0.3321	0.3951	0.5479	0.7297	0.7960	0.7644	0.6547	0.5525	0.5668	0.6507	0.7576	0.7992	0.7338	0.7570	0.7411	0.6677	0.5948	0.5817	0.4715	0.4397	0.5536	0.4766	0.5453	0.5620	0.4839	0.4653	0.4660	0.4563	0.4847	0.4139	0.2987	0.2749	0.3108	0.3067
0.0282	0.0271	0.0318	0.0403	0.0358	0.0472	0.0676	0.0727	0.0719	0.0575	0.0964	0.0906	0.0844	0.0946	0.0775	0.0935	0.1102	0.1190	0.1352	0.1208	0.1240	0.1319	0.1517	0.1574	0.1666	0.1779	0.1774	0.2009	0.2425	0.2639	0.2746	0.3019	0.3616	0.4267	0.4546	0.5122	0.6595	0.7477	0.7824	0.7813	0.7923	0.7708	0.8167	0.7533	0.7620	0.7337	0.7347	0.7028	0.7066	0.6942	0.6897	0.6766	0.6536	0.6199	0.5885	0.6604	0.6308	0.5801	0.5720	0.5266	0.4774	0.4566	0.4957	0.5015	0.4825	0.3842	0.3884	0.3784	0.3718
0.0248	0.0358	0.0472	0.0614	0.0540	0.0469	0.0664	0.0799	0.0807	0.0795	0.0881	0.0968	0.0874	0.0989	0.1022	0.1202	0.1358	0.1410	0.1468	0.1508	0.1592	0.1687	0.1841	0.2160	0.2107	0.2239	0.2317	0.2594	0.3152	0.3563	0.3821	0.4591	0.5104	0.6025	0.6553	0.8127	0.8839	0.8049	0.7724	0.7828	0.7698	0.7562	0.7403	0.7574	0.7545	0.6838	0.6847	0.6785	0.7078	0.6714	0.6748	0.6345	0.6180	0.5945	0.5961	0.6073	0.5860	0.5651	0.5051	0.5122	0.4619	0.4641	0.4763	0.4564	0.4623	0.3949	0.3816	0.3627	0.3860
0.0165	0.0114	0.0453	0.0723	0.0601	0.0598	0.0935	0.1054	0.1029	0.1136	0.1243	0.1239	0.1287	0.1324	0.1663	0.1626	0.1884	0.1899	0.1966	0.2189	0.2143	0.2188	0.2152	0.2336	0.2551	0.2600	0.2740	0.3041	0.3668	0.4218	0.5474	0.7462	0.7666	0.8769	0.8599	0.8629	0.8714	0.7649	0.6841	0.7058	0.7469	0.6937	0.7264	0.7484	0.6985	0.7085	0.6577	0.6614	0.7113	0.6767	0.6447	0.6388	0.6204	0.5702	0.5841	0.6081	0.5696	0.5675	0.5010	0.5194	0.4932	0.4545	0.4977	0.5051	0.4287	0.3781	0.3682	0.3780	0.3950
0.0318	0.0361	0.0676	0.0830	0.0753	0.1066	0.1419	0.1557	0.1616	0.1699	0.1733	0.2040	0.2270	0.2011	0.1941	0.2013	0.2054	0.2288	0.2279	0.2356	0.2599	0.2658	0.2716	0.2925	0.3133	0.2978	0.3400	0.3738	0.4355	0.5689	0.7731	0.9024	0.9221	0.8673	0.8650	0.8071	0.7887	0.7586	0.6981	0.6528	0.6966	0.7012	0.7266	0.7269	0.6810	0.6596	0.6622	0.6387	0.6506	0.6414	0.6690	0.6740	0.6216	0.6276	0.6000	0.5973	0.5443	0.5287	0.5377	0.5251	0.4990	0.4738	0.4854	0.4688	0.4163	0.3811	0.3483	0.4015	0.4002
0.0504	0.0769	0.1248	0.1459	0.1661	0.2224	0.2802	0.3512	0.3691	0.3495	0.3537	0.3617	0.3015	0.2767	0.2602	0.2422	0.2574	0.2742	0.2857	0.2770	0.3041	0.3105	0.3026	0.3310	0.3501	0.3396	0.3976	0.4913	0.6410	0.7914	0.8593	0.8428	0.8110	0.7605	0.7715	0.7574	0.7614	0.6921	0.6821	0.6852	0.6532	0.6418	0.6565	0.6564	0.6490	0.6015	0.6359	0.6116	0.6568	0.6442	0.6080	0.6071	0.6071	0.5948	0.5488	0.5559	0.5097	0.5065	0.5238	0.4955	0.5031	0.4832	0.4633	0.4304	0.4091	0.3781	0.3455	0.3591	0.3651
0.0948	0.1562	0.2308	0.3166	0.3396	0.4187	0.4510	0.4850	0.5455	0.5289	0.5310	0.5727	0.5580	0.5112	0.5024	0.4770	0.4370	0.4058	0.3807	0.3831	0.3378	0.3795	0.3963	0.4431	0.4367	0.3934	0.4686	0.5785	0.7694	0.7806	0.7670	0.7426	0.7430	0.7576	0.6796	0.6879	0.6517	0.6168	0.6036	0.6255	0.6016	0.5913	0.6232	0.6115	0.6375	0.5833	0.6067	0.6172	0.6253	0.6157	0.6093	0.5902	0.5817	0.6021	0.5636	0.5232	0.4798	0.4851	0.4793	0.4701	0.5183	0.4465	0.4388	0.4025	0.3873	0.3636	0.3524	0.3481	0.3595
0.1590	0.2781	0.3396	0.3481	0.3555	0.3986	0.3924	0.4276	0.4539	0.4718	0.4894	0.5733	0.6556	0.6249	0.6631	0.7655	0.7518	0.7185	0.6896	0.6752	0.5880	0.5884	0.5562	0.7124	0.6484	0.5392	0.6351	0.7091	0.7292	0.7418	0.6892	0.6528	0.6717	0.6761	0.6406	0.6083	0.5812	0.5889	0.5906	0.5913	0.5587	0.5936	0.5795	0.6024	0.6400	0.5592	0.5594	0.5824	0.6076	0.5714	0.5962	0.5913	0.5495	0.5840	0.5862	0.5406	0.5107	0.4707	0.4564	0.4377	0.4514	0.4445	0.4239	0.3941	0.3891	0.3780	0.3508	0.3732	0.3625
0.1906	0.2525	0.3067	0.2612	0.2629	0.3051	0.3377	0.3600	0.3825	0.4158	0.4563	0.5031	0.5574	0.5823	0.6332	0.7021	0.7451	0.7798	0.7559	0.7201	0.7287	0.7138	0.7021	0.7502	0.6915	0.6854	0.6623	0.7122	0.6644	0.6250	0.6418	0.5898	0.6157	0.6747	0.6616	0.6131	0.5926	0.5972	0.5770	0.5748	0.5743	0.5731	0.5764	0.6087	0.5714	0.5486	0.5599	0.5518	0.5571	0.5463	0.5447	0.5479	0.5189	0.5676	0.5329	0.5240	0.5189	0.4926	0.4894	0.4679	0.4793	0.4574	0.4222	0.3922	0.4127	0.3655	0.3376	0.3597	0.3622
0.2295	0.2624	0.2635	0.2445	0.2825	0.2834	0.3038	0.3487	0.3831	0.4299	0.4427	0.4524	0.5334	0.5998	0.5769	0.6615	0.7100	0.7282	0.6775	0.6270	0.6789	0.7011	0.7327	0.6581	0.6737	0.6800	0.5897	0.5788	0.5885	0.5765	0.5716	0.5858	0.6062	0.6354	0.6223	0.6093	0.5732	0.5948	0.5993	0.6200	0.6002	0.5513	0.5612	0.5703	0.5747	0.5712	0.5645	0.5531	0.5237	0.5212	0.5645	0.5405	0.5215	0.5456	0.5152	0.5601	0.5550	0.5244	0.4842	0.4596	0.4647	0.4335	0.4260	0.3884	0.3903	0.3587	0.3507	0.3314	0.3362
0.1846	0.2165	0.2569	0.2624	0.2833	0.2914	0.3207	0.3391	0.3735	0.3921	0.4271	0.4384	0.5076	0.5619	0.5661	0.6163	0.6805	0.6680	0.6159	0.5986	0.6719	0.6937	0.6606	0.6600	0.6500	0.5814	0.5768	0.5707	0.5523	0.5814	0.5500	0.5550	0.5940	0.6093	0.5494	0.5899	0.6214	0.6124	0.6074	0.5850	0.5856	0.5498	0.5820	0.5615	0.5968	0.6207	0.5924	0.5510	0.5403	0.5341	0.5537	0.5495	0.5467	0.5508	0.5525	0.5851	0.5525	0.5122	0.4793	0.4868	0.4655	0.4449	0.4179	0.4064	0.4007	0.3704	0.3588	0.3250	0.3308
0.1925	0.2343	0.2609	0.2630	0.2757	0.2932	0.3375	0.3585	0.3550	0.3437	0.3813	0.4162	0.4339	0.5090	0.5172	0.5448	0.6052	0.6051	0.6271	0.5967	0.6345	0.6223	0.5886	0.5562	0.5497	0.5058	0.5571	0.5679	0.5334	0.5627	0.5942	0.5853	0.5760	0.6016	0.6109	0.5870	0.6166	0.6325	0.5884	0.5732	0.5988	0.5671	0.6084	0.6153	0.6209	0.5868	0.6112	0.5860	0.5523	0.5670	0.5529	0.5321	0.5567	0.5371	0.5324	0.5401	0.5798	0.5436	0.4997	0.4687	0.4757	0.4591	0.4742	0.4131	0.3678	0.3625	0.3397	0.3332	0.3286
0.2108	0.2362	0.2642	0.2618	0.2838	0.2931	0.2895	0.3290	0.3465	0.3681	0.3621	0.3854	0.4129	0.4619	0.4716	0.4986	0.5429	0.5412	0.5130	0.5400	0.5315	0.5085	0.5280	0.5328	0.5367	0.5156	0.4996	0.5136	0.5600	0.5930	0.5919	0.5680	0.5690	0.6429	0.6200	0.6155	0.6520	0.6010	0.6174	0.6038	0.6221	0.6324	0.6228	0.5871	0.6006	0.5716	0.5917	0.5669	0.5700	0.5862	0.5592	0.5207	0.5362	0.4900	0.5040	0.5341	0.5637	0.5441	0.4942	0.5233	0.5068	0.4582	0.4578	0.3907	0.4056	0.3530	0.3352	0.3375	0.3235
0.2061	0.2449	0.2521	0.2782	0.2694	0.2706	0.2910	0.3274	0.3080	0.3270	0.3433	0.3701	0.3981	0.4152	0.4505	0.4412	0.4937	0.4834	0.4524	0.4594	0.5094	0.4849	0.4836	0.4977	0.5404	0.5105	0.5404	0.5576	0.5627	0.5781	0.6046	0.5777	0.5848	0.5856	0.5957	0.5841	0.6038	0.5622	0.5988	0.5924	0.5752	0.6170	0.5802	0.5799	0.6103	0.6154	0.6178	0.6051	0.6099	0.5846	0.5871	0.5632	0.5785	0.5229	0.5522	0.5567	0.5563	0.5379	0.5153	0.4973	0.4991	0.4570	0.4472	0.4067	0.4015	0.3822	0.3577	0.3470	0.3197
0.1938	0.2401	0.2732	0.2539	0.2402	0.2661	0.2942	0.2859	0.2927	0.2964	0.3181	0.3751	0.4005	0.3831	0.4269	0.4128	0.4709	0.4495	0.5070	0.4630	0.4665	0.4537	0.4741	0.4954	0.4908	0.5026	0.5163	0.5169	0.5132	0.5722	0.5899	0.5841	0.6140	0.5756	0.5684	0.5712	0.5662	0.5684	0.5905	0.5941	0.6123	0.6003	0.5707	0.5531	0.6190	0.5994	0.5873	0.5737	0.5914	0.5992	0.6044	0.6146	0.5699	0.5549	0.5475	0.5508	0.5355	0.5298	0.5148	0.4975	0.4681	0.4678	0.4544	0.4014	0.3923	0.3506	0.3231	0.3489	0.3410
0.2238	0.2583	0.2227	0.2444	0.2361	0.2547	0.3186	0.2729	0.2886	0.3065	0.3200	0.3850	0.3893	0.4094	0.4150	0.4298	0.4529	0.4717	0.4343	0.4726	0.4759	0.4865	0.4655	0.4911	0.5089	0.5286	0.5412	0.5234	0.5418	0.5651	0.5784	0.6058	0.5836	0.5939	0.5874	0.5760	0.5674	0.5750	0.5990	0.5976	0.6113	0.6146	0.6067	0.5661	0.5945	0.5674	0.5985	0.5996	0.6080	0.5707	0.6063	0.6366	0.6094	0.5576	0.5231	0.5472	0.5287	0.4671	0.5025	0.5284	0.4722	0.4825	0.4654	0.3990	0.3648	0.3527	0.3630	0.3565	0.3458
0.1966	0.2186	0.2199	0.2485	0.2526	0.2566	0.2970	0.2930	0.2729	0.3183	0.3580	0.3656	0.3686	0.3874	0.4210	0.4234	0.4414	0.4902	0.4929	0.4687	0.5031	0.4788	0.4906	0.5089	0.5095	0.4763	0.5046	0.5606	0.6095	0.5610	0.5736	0.5927	0.6015	0.5739	0.5940	0.6066	0.6105	0.6194	0.6126	0.6035	0.6162	0.5898	0.5939	0.5935	0.5829	0.5798	0.6299	0.5980	0.5971	0.5933	0.6165	0.5721	0.5571	0.5592	0.5699	0.5424	0.5127	0.4720	0.4970	0.4824	0.4922	0.4701	0.4535	0.4336	0.4145	0.4030	0.3655	0.3536	0.3342
0.1804	0.1855	0.2344	0.2599	0.2595	0.2448	0.2556	0.2936	0.3157	0.3154	0.3658	0.3688	0.3946	0.4008	0.4130	0.4324	0.4534	0.5014	0.4921	0.4775	0.4990	0.5171	0.5159	0.5467	0.5016	0.5122	0.5251	0.5834	0.6029	0.5827	0.5983	0.6130	0.6758	0.6222	0.6173	0.6158	0.6395	0.6481	0.6331	0.6063	0.6328	0.6196	0.6060	0.6171	0.6353	0.6037	0.6077	0.5996	0.5651	0.5790	0.6038	0.5866	0.5738	0.5582	0.5485	0.5269	0.4919	0.4486	0.4652	0.4735	0.4797	0.4596	0.4444	0.4178	0.3989	0.3809	0.3514	0.3680	0.3451
0.1888	0.2087	0.2328	0.2286	0.2395	0.2655	0.2910	0.2844	0.3406	0.3373	0.3472	0.4007	0.4122	0.4095	0.3998	0.4388	0.4884	0.4825	0.4748	0.4731	0.4878	0.5309	0.5066	0.5212	0.5195	0.5007	0.4754	0.5350	0.5480	0.5678	0.6178	0.6441	0.6671	0.6247	0.6320	0.6407	0.6534	0.6128	0.6184	0.6374	0.5909	0.6172	0.5953	0.5956	0.6101	0.5742	0.5966	0.5700	0.5740	0.6140	0.5985	0.5868	0.6125	0.5734	0.5208	0.5190	0.5187	0.5086	0.4804	0.4948	0.4817	0.4528	0.4491	0.4112	0.3977	0.3816	0.3486	0.3604	0.3477
0.1481	0.2094	0.2285	0.2387	0.2575	0.2639	0.2850	0.2872	0.3320	0.3413	0.3585	0.3873	0.4134	0.4236	0.4128	0.4762	0.5409	0.4976	0.4901	0.4984	0.5140	0.5251	0.5344	0.5266	0.5560	0.5256	0.5131	0.5628	0.5873	0.5811	0.5967	0.6484	0.6515	0.6245	0.6642	0.6472	0.6216	0.6232	0.6164	0.6145	0.6098	0.5941	0.6231	0.5924	0.5879	0.5996	0.6114	0.6238	0.5938	0.6164	0.6243	0.6026	0.5846	0.5946	0.5845	0.5801	0.5433	0.5302	0.5206	0.4896	0.4963	0.4609	0.4662	0.4536	0.4168	0.3872	0.3566	0.3784	0.3494
0.1475	0.2020	0.2329	0.2174	0.2229	0.2502	0.3083	0.3215	0.3417	0.3657	0.3606	0.3848	0.4508	0.4808	0.4689	0.5323	0.5618	0.5409	0.5653	0.5360	0.5547	0.5475	0.5145	0.5297	0.5547	0.5544	0.5603	0.5752	0.5810	0.5944	0.6145	0.6373	0.6186	0.6409	0.6792	0.6445	0.6517	0.6480	0.6158	0.5983	0.6143	0.6409	0.6281	0.6345	0.6149	0.5727	0.6346	0.6323	0.6508	0.6273	0.6431	0.6217	0.6249	0.5943	0.5900	0.5943	0.5802	0.5389	0.5050	0.4717	0.4839	0.4787	0.4828	0.4531	0.4112	0.3750	0.3829	0.3702	0.3521
0.1385	0.1956	0.2280	0.2385	0.2279	0.2450	0.3132	0.3468	0.3616	0.3469	0.4026	0.4252	0.4664	0.5062	0.4940	0.5771	0.5542	0.5793	0.5486	0.5770	0.5946	0.5529	0.5517	0.5464	0.5446	0.5463	0.5250	0.5738	0.5638	0.5665	0.6376	0.6162	0.6347	0.6850	0.6683	0.6279	0.6195	0.6034	0.6301	0.6090	0.6154	0.6179	0.6150	0.6537	0.5966	0.6033	0.6657	0.6256	0.6963	0.7011	0.6641	0.6311	0.6208	0.5990	0.6017	0.5947	0.5930	0.5586	0.5526	0.5225	0.4998	0.4913	0.4998	0.4907	0.4316	0.4185	0.4038	0.3700	0.3841
0.1578	0.1953	0.2063	0.2225	0.2363	0.2429	0.2680	0.3439	0.3659	0.3679	0.4229	0.4815	0.5117	0.5607	0.5374	0.5564	0.6057	0.6073	0.5670	0.6163	0.6265	0.5922	0.6211	0.6490	0.6133	0.5746	0.5643	0.5432	0.5367	0.5745	0.5732	0.5852	0.5969	0.6247	0.6692	0.6332	0.5953	0.6020	0.6667	0.6429	0.6272	0.6239	0.6115	0.6227	0.6079	0.6378	0.6222	0.6337	0.6431	0.7029	0.6797	0.6750	0.6471	0.6395	0.6038	0.5868	0.6088	0.5853	0.5604	0.5491	0.5417	0.4944	0.4921	0.4808	0.4779	0.4530	0.4127	0.4002	0.3630
0.1332	0.1686	0.1984	0.2211	0.2393	0.2841	0.2826	0.3349	0.3758	0.4200	0.4665	0.4983	0.5367	0.6279	0.6052	0.6072	0.6469	0.6130	0.6051	0.6538	0.6557	0.6230	0.6673	0.6761	0.6643	0.6350	0.5688	0.5576	0.5727	0.5477	0.5757	0.5634	0.5925	0.6154	0.6135	0.6241	0.6053	0.6109	0.6218	0.5969	0.6240	0.5977	0.6362	0.6101	0.6277	0.6482	0.6617	0.6707	0.6633	0.7103	0.7233	0.6882	0.6678	0.6534	0.6340	0.6225	0.6008	0.5808	0.5636	0.5647	0.5904	0.5026	0.5098	0.4961	0.4748	0.4550	0.4163	0.4308	0.4080
0.1362	0.1535	0.1985	0.2159	0.2380	0.2883	0.3180	0.3604	0.3997	0.4346	0.4668	0.5367	0.5338	0.6002	0.6311	0.6853	0.6494	0.6423	0.6421	0.6515	0.7179	0.7455	0.7083	0.7371	0.7172	0.7060	0.6578	0.6202	0.5946	0.5720	0.5633	0.6027	0.5988	0.6031	0.6108	0.6214	0.6151	0.6031	0.5710	0.5946	0.6173	0.5978	0.6024	0.6164	0.6349	0.6227	0.6632	0.6618	0.7188	0.7547	0.7122	0.6817	0.7044	0.6740	0.6284	0.6587	0.6323	0.5919	0.5907	0.5633	0.5539	0.5340	0.5537	0.5356	0.4914	0.4724	0.4448	0.4477	0.4311
0.1570	0.2083	0.2221	0.2163	0.2536	0.3006	0.3331	0.3642	0.4063	0.4532	0.4870	0.5389	0.5710	0.6180	0.7057	0.6892	0.7361	0.8073	0.7796	0.8007	0.8178	0.8497	0.8489	0.7666	0.6557	0.7227	0.7096	0.7135	0.6820	0.5792	0.5940	0.6042	0.5739	0.6144	0.6232	0.6004	0.5866	0.6038	0.6013	0.6148	0.6219	0.6000	0.6259	0.6540	0.6657	0.6432	0.6978	0.7325	0.7373	0.7285	0.7437	0.7349	0.7177	0.7117	0.6783	0.6565	0.6286	0.6505	0.6547	0.5929	0.5937	0.6086	0.5915	0.5491	0.5301	0.4902	0.4723	0.4525	0.4876
0.1833	0.2674	0.3109	0.3223	0.3322	0.3565	0.3724	0.4219	0.4549	0.4956	0.5471	0.5961	0.6372	0.7064	0.7770	0.7468	0.8126	0.8174	0.8387	0.7830	0.6751	0.6153	0.5198	0.4126	0.3982	0.4338	0.5491	0.7160	0.7470	0.6773	0.7031	0.6497	0.5930	0.6165	0.6223	0.5907	0.6227	0.6257	0.6078	0.5889	0.6147	0.6181	0.6291	0.6642	0.6636	0.6623	0.7142	0.7261	0.7460	0.7211	0.7611	0.7794	0.7374	0.7087	0.6643	0.6752	0.6739	0.6600	0.6447	0.6509	0.6208	0.5823	0.5972	0.5684	0.5256	0.5066	0.4706	0.4756	0.4568
0.1512	0.2547	0.3400	0.4496	0.4935	0.5028	0.5452	0.5629	0.5766	0.6087	0.6214	0.6820	0.6387	0.6545	0.6483	0.6034	0.5041	0.5189	0.5538	0.4495	0.3250	0.3023	0.2993	0.2905	0.3070	0.3306	0.3658	0.4880	0.7096	0.7997	0.8088	0.7615	0.6815	0.6353	0.5809	0.5781	0.6132	0.5932	0.6055	0.5790	0.6000	0.6347	0.6620	0.6885	0.6959	0.7267	0.7699	0.7519	0.7609	0.7479	0.7632	0.7678	0.7683	0.7119	0.6703	0.6558	0.6639	0.6492	0.6579	0.6561	0.6836	0.6327	0.6327	0.5812	0.5391	0.5273	0.5002	0.5227	0.4886
0.0644	0.1170	0.1665	0.2518	0.3251	0.3936	0.4473	0.4679	0.4864	0.5164	0.4994	0.4457	0.3387	0.3042	0.2757	0.2706	0.2592	0.2659	0.2768	0.2727	0.2599	0.2593	0.2653	0.2567	0.2685	0.2795	0.3012	0.3521	0.4850	0.6567	0.8118	0.8422	0.7890	0.7008	0.6327	0.6010	0.6104	0.5941	0.6064	0.5976	0.6456	0.6330	0.6914	0.7055	0.7132	0.7411	0.7740	0.7804	0.7866	0.7579	0.7371	0.7743	0.7632	0.7083	0.6936	0.6949	0.6740	0.6741	0.6877	0.6688	0.6969	0.6452	0.6511	0.6086	0.5420	0.5163	0.5360	0.5128	0.4909
0.0372	0.0482	0.0819	0.0985	0.1168	0.1353	0.1565	0.2024	0.2152	0.1949	0.1777	0.1679	0.1609	0.1616	0.1749	0.1890	0.2030	0.2095	0.2068	0.2062	0.2295	0.2336	0.2190	0.2273	0.2434	0.2433	0.2602	0.2914	0.3576	0.4113	0.5222	0.6825	0.8471	0.8956	0.7924	0.7334	0.6694	0.6723	0.6531	0.6848	0.7078	0.6892	0.7241	0.7217	0.7553	0.7276	0.7903	0.7766	0.7780	0.7351	0.7939	0.7741	0.7364	0.7165	0.7098	0.7080	0.6928	0.6802	0.6651	0.6844	0.6687	0.6200	0.6280	0.6018	0.5788	0.5388	0.5438	0.5122	0.4868
0.0149	0.0177	0.0399	0.0533	0.0546	0.0669	0.0851	0.0885	0.0797	0.1019	0.0852	0.0938	0.1076	0.1169	0.1329	0.1383	0.1343	0.1628	0.1788	0.1683	0.1789	0.2023	0.2052	0.2208	0.2407	0.2333	0.2494	0.2774	0.3302	0.3720	0.4014	0.4392	0.6387	0.9055	0.8882	0.8595	0.8159	0.8075	0.7639	0.7560	0.7957	0.7474	0.7576	0.7821	0.7952	0.7553	0.8102	0.7947	0.7882	0.7538	0.7775	0.7753	0.7425	0.7434	0.6970	0.7319	0.7100	0.7077	0.6858	0.6616	0.6543	0.5939	0.5899	0.5757	0.5434	0.5342	0.5594	0.5078	0.4815
0.0138	0.0290	0.0357	0.0303	0.0536	0.0564	0.0628	0.0773	0.0649	0.0886	0.0697	0.0717	0.0913	0.0907	0.0920	0.0989	0.1106	0.1176	0.1397	0.1368	0.1434	0.1355	0.1556	0.1864	0.1894	0.1904	0.2016	0.2321	0.2532	0.2907	0.3104	0.3454	0.3786	0.4759	0.5748	0.7595	0.8635	0.8965	0.9200	0.8736	0.8447	0.8393	0.7900	0.7754	0.7915	0.8134	0.8447	0.8360	0.8394	0.8489	0.8159	0.8259	0.7947	0.7506	0.7201	0.7546	0.7601	0.7143	0.6795	0.7029	0.6716	0.6159	0.6281	0.5813	0.5609	0.5950	0.5717	0.5244	0.4744
0.0121	0.0299	0.0333	0.0382	0.0403	0.0386	0.0626	0.0640	0.0622	0.0651	0.0611	0.0689	0.0659	0.0615	0.0784	0.0878	0.0907	0.0820	0.1011	0.0997	0.1158	0.1078	0.1106	0.1335	0.1325	0.1300	0.1495	0.1616	0.1903	0.2040	0.2209	0.2561	0.2621	0.2967	0.3453	0.4186	0.5245	0.8162	0.9723	0.9246	0.8059	0.8413	0.8702	0.8459	0.8330	0.8510	0.8305	0.8471	0.8699	0.9262	0.9362	0.9098	0.8999	0.7806	0.7913	0.7364	0.6830	0.7017	0.7085	0.6880	0.6701	0.6282	0.6285	0.5859	0.5521	0.5884	0.5354	0.4962	0.4804
0.0040	0.0059	0.0276	0.0317	0.0469	0.0453	0.0502	0.0469	0.0558	0.0593	0.0560	0.0598	0.0452	0.0527	0.0658	0.0776	0.0737	0.0849	0.0793	0.0790	0.0924	0.0903	0.0904	0.0915	0.0948	0.0957	0.1068	0.1132	0.1243	0.1364	0.1474	0.1684	0.1813	0.2017	0.2321	0.2761	0.3349	0.5085	0.8682	0.7852	0.4973	0.6933	0.7980	0.8572	0.9277	0.8936	0.8948	0.9110	0.9287	0.9204	0.9434	0.9341	0.9069	0.8137	0.7866	0.7543	0.6982	0.7009	0.6870	0.6969	0.6868	0.6386	0.6149	0.5568	0.5214	0.5659	0.4502	0.3255	0.4589
0.0000	0.0000	0.0257	0.0245	0.0377	0.0403	0.0463	0.0542	0.0415	0.0531	0.0514	0.0474	0.0525	0.0626	0.0592	0.0683	0.0751	0.0685	0.0746	0.0791	0.0739	0.0816	0.0777	0.0819	0.0879	0.0788	0.0898	0.0908	0.0919	0.1000	0.1200	0.1155	0.1163	0.1263	0.1552	0.1774	0.1951	0.2658	0.5966	0.5089	0.2824	0.3476	0.4053	0.6329	0.9263	0.7931	0.6140	0.7361	0.7453	0.8266	1.0000	0.9740	0.9271	0.8632	0.8202	0.7707	0.7454	0.6947	0.6213	0.7011	0.6825	0.6085	0.5584	0.5179	0.4935	0.5107	0.3742	0.2086	0.2595
0.0004	0.0129	0.0173	0.0131	0.0303	0.0310	0.0300	0.0447	0.0441	0.0369	0.0531	0.0542	0.0459	0.0524	0.0647	0.0643	0.0838	0.0764	0.0665	0.0761	0.0723	0.0850	0.0824	0.0812	0.0766	0.0729	0.0782	0.0802	0.0898	0.1017	0.1006	0.0878	0.0926	0.1009	0.1205	0.1245	0.1331	0.1399	0.2109	0.2097	0.1662	0.1775	0.1957	0.3395	0.5523	0.3925	0.2667	0.3259	0.3565	0.4924	0.8406	0.9277	0.8806	0.8061	0.7040	0.7426	0.6609	0.4489	0.3398	0.4503	0.6172	0.6755	0.6454	0.5560	0.4852	0.4948	0.3390	0.1676	0.1327
0.0053	0.0041	0.0136	0.0217	0.0150	0.0223	0.0310	0.0334	0.0305	0.0357	0.0425	0.0501	0.0434	0.0369	0.0411	0.0580	0.0607	0.0595	0.0596	0.0617	0.0552	0.0595	0.0683	0.0732	0.0716	0.0720	0.0646	0.0706	0.0777	0.0876	0.0868	0.0838	0.0910	0.0908	0.0908	0.0935	0.0993	0.1052	0.1166	0.1128	0.1171	0.1253	0.1239	0.1483	0.1823	0.1517	0.1646	0.1773	0.1982	0.2364	0.4590	0.6784	0.5497	0.3868	0.2699	0.3267	0.3086	0.2364	0.2299	0.2958	0.4724	0.7172	0.6668	0.5790	0.5285	0.4406	0.2397	0.1280	0.1201
0.0000	0.0000	0.0104	0.0154	0.0026	0.0169	0.0288	0.0383	0.0313	0.0271	0.0440	0.0462	0.0430	0.0264	0.0321	0.0516	0.0552	0.0581	0.0539	0.0487	0.0630	0.0579	0.0567	0.0700	0.0692	0.0689	0.0641	0.0671	0.0746	0.0741	0.0823	0.0808	0.0793	0.0790	0.0770	0.0724	0.0860	0.0964	0.1001	0.1031	0.1015	0.1039	0.1130	0.1105	0.1297	0.1345	0.1354	0.1217	0.1266	0.1352	0.1638	0.2279	0.2021	0.1370	0.1252	0.1424	0.1456	0.1478	0.1810	0.2218	0.3362	0.6041	0.6647	0.5740	0.4228	0.2412	0.1336	0.1057	0.1206
0.0000	0.0082	0.0322	0.0123	0.0101	0.0028	0.0305	0.0468	0.0322	0.0250	0.0319	0.0329	0.0438	0.0295	0.0329	0.0434	0.0534	0.0620	0.0425	0.0495	0.0628	0.0528	0.0548	0.0605	0.0610	0.0602	0.0590	0.0593	0.0697	0.0752	0.0675	0.0660	0.0766	0.0759	0.0717	0.0737	0.0805	0.0872	0.0876	0.0946	0.0978	0.0984	0.1037	0.1066	0.1080	0.1201	0.1162	0.1108	0.1149	0.1288	0.1217	0.1213	0.1206	0.1223	0.1217	0.1178	0.1240	0.1055	0.1196	0.1290	0.1618	0.2743	0.3381	0.2645	0.1741	0.1188	0.1048	0.1009	0.0894
0.0000	0.0000	0.0137	0.0006	0.0102	0.0156	0.0237	0.0384	0.0210	0.0151	0.0200	0.0213	0.0403	0.0413	0.0358	0.0424	0.0449	0.0517	0.0408	0.0475	0.0565	0.0436	0.0494	0.0526	0.0610	0.0510	0.0564	0.0578	0.0585	0.0516	0.0498	0.0624	0.0681	0.0744	0.0718	0.0682	0.0744	0.0794	0.0783	0.0816	0.0841	0.0855	0.0901	0.0897	0.0941	0.0976	0.0965	0.0995	0.1070	0.1014	0.1075	0.1105	0.0988	0.1030	0.1147	0.0921	0.1067	0.0999	0.0925	0.1015	0.1094	0.1151	0.1042	0.1113	0.1098	0.0888	0.0784	0.0833	0.0675
0.0000	0.0000	0.0000	0.0010	0.0000	0.0060	0.0197	0.0331	0.0187	0.0127	0.0247	0.0280	0.0344	0.0312	0.0247	0.0339	0.0338	0.0295	0.0224	0.0373	0.0458	0.0404	0.0448	0.0387	0.0510	0.0463	0.0529	0.0586	0.0522	0.0508	0.0560	0.0654	0.0675	0.0678	0.0585	0.0630	0.0666	0.0715	0.0723	0.0727	0.0757	0.0788	0.0830	0.0754	0.0869	0.0865	0.0820	0.0869	0.0922	0.0863	0.0888	0.1041	0.0961	0.0901	0.0905	0.0851	0.0860	0.0871	0.0842	0.0887	0.0972	0.0921	0.0966	0.1030	0.0924	0.0844	0.0673	0.0705	0.0550
0.0000	0.0000	0.0000	0.0000	0.0034	0.0044	0.0073	0.0140	0.0147	0.0000	0.0086	0.0396	0.0246	0.0109	0.0107	0.0266	0.0301	0.0227	0.0208	0.0325	0.0308	0.0382	0.0318	0.0363	0.0439	0.0395	0.0442	0.0530	0.0591	0.0529	0.0496	0.0502	0.0554	0.0573	0.0574	0.0534	0.0543	0.0613	0.0618	0.0636	0.0681	0.0732	0.0829	0.0797	0.0737	0.0786	0.0760	0.0873	0.0794	0.0772	0.0908	0.0997	0.0881	0.0775	0.0774	0.0824	0.0712	0.0813	0.0811	0.0806	0.0820	0.0767	0.0805	0.0776	0.0779	0.0785	0.0705	0.0649	0.0615
0.0000	0.0000	0.0000	0.0001	0.0000	0.0000	0.0065	0.0183	0.0038	0.0084	0.0159	0.0212	0.0226	0.0145	0.0232	0.0297	0.0281	0.0307	0.0211	0.0336	0.0435	0.0280	0.0291	0.0256	0.0376	0.0410	0.0397	0.0490	0.0485	0.0478	0.0458	0.0537	0.0566	0.0579	0.0570	0.0548	0.0584	0.0584	0.0664	0.0660	0.0678	0.0637	0.0713	0.0695	0.0678	0.0783	0.0824	0.0835	0.0771	0.0737	0.0777	0.0829	0.0747	0.0754	0.0851	0.0798	0.0782	0.0793	0.0709	0.0781	0.0751	0.0632	0.0641	0.0626	0.0722	0.0679	0.0563	0.0637	0.0481
0.0000	0.0000	0.0002	0.0025	0.0175	0.0000	0.0000	0.0087	0.0106	0.0072	0.0172	0.0130	0.0205	0.0168	0.0170	0.0315	0.0312	0.0295	0.0213	0.0273	0.0334	0.0297	0.0247	0.0299	0.0386	0.0349	0.0377	0.0383	0.0407	0.0421	0.0518	0.0559	0.0541	0.0540	0.0516	0.0597	0.0593	0.0603	0.0604	0.0587	0.0610	0.0617	0.0658	0.0625	0.0666	0.0705	0.0730	0.0747	0.0724	0.0675	0.0695	0.0718	0.0769	0.0765	0.0775	0.0705	0.0745	0.0642	0.0661	0.0701	0.0650	0.0614	0.0596	0.0761	0.0692	0.0585	0.0448	0.0442	0.0384
0.0000	0.0000	0.0000	0.0000	0.0000	0.0025	0.0000	0.0041	0.0003	0.0000	0.0045	0.0183	0.0185	0.0087	0.0136	0.0177	0.0258	0.0167	0.0261	0.0310	0.0295	0.0310	0.0256	0.0264	0.0437	0.0354	0.0328	0.0294	0.0405	0.0430	0.0511	0.0388	0.0462	0.0499	0.0531	0.0576	0.0507	0.0583	0.0541	0.0531	0.0462	0.0549	0.0626	0.0615	0.0643	0.0659	0.0666	0.0660	0.0631	0.0607	0.0571	0.0641	0.0650	0.0680	0.0767	0.0749	0.0660	0.0556	0.0587	0.0648	0.0624	0.0587	0.0624	0.0640	0.0592	0.0543	0.0507	0.0350	0.0335
0.0000	0.0000	0.0000	0.0000	0.0037	0.0012	0.0000	0.0000	0.0000	0.0000	0.0004	0.0176	0.0246	0.0054	0.0065	0.0115	0.0188	0.0251	0.0192	0.0306	0.0177	0.0229	0.0098	0.0217	0.0417	0.0274	0.0283	0.0298	0.0339	0.0440	0.0420	0.0383	0.0489	0.0415	0.0536	0.0505	0.0499	0.0631	0.0482	0.0541	0.0641	0.0688	0.0660	0.0609	0.0666	0.0618	0.0754	0.0698	0.0634	0.0593	0.0704	0.0763	0.0718	0.0696	0.0743	0.0649	0.0586	0.0558	0.0499	0.0626	0.0635	0.0667	0.0655	0.0614	0.0525	0.0465	0.0507	0.0442	0.0418
