0.0000	0.0000	0.0016	0.0115	0.0000	0.0000	0.0000	0.0261	0.0165	0.0191	0.0273	0.0269	0.0394	0.0375	0.0410	0.0504	0.0436	0.0406	0.0413	0.0539	0.0653	0.0379	0.0516	0.0678	0.0742	0.0608	0.0898	0.0746	0.0743	0.0929	0.0737	0.0703	0.1081	0.0932	0.1102	0.0998	0.0908	0.0767	0.0902	0.0920	0.0892	0.0799	0.0806	0.0805	0.0767	0.0753	0.0818	0.0866	0.0797	0.0762	0.0718	0.0681	0.0676	0.0725	0.0962	0.0924	0.0815	0.0729	0.0611	0.0524	0.0515	0.0408	0.0440	0.0452	0.0414	0.0420	0.0434	0.0416	0.0282
0.0000	0.0015	0.0036	0.0000	0.0000	0.0136	0.0094	0.0120	0.0113	0.0328	0.0381	0.0308	0.0355	0.0568	0.0601	0.0330	0.0474	0.0530	0.0423	0.0434	0.0693	0.0678	0.0651	0.0769	0.0685	0.0561	0.0756	0.0996	0.0826	0.0869	0.0872	0.1003	0.1042	0.1082	0.1009	0.0880	0.0972	0.0993	0.0990	0.0801	0.0985	0.1069	0.0803	0.0849	0.1030	0.0924	0.0893	0.1004	0.0907	0.0795	0.0766	0.0825	0.0619	0.0785	0.0856	0.0925	0.0772	0.0662	0.0546	0.0647	0.0621	0.0640	0.0477	0.0519	0.0502	0.0369	0.0362	0.0412	0.0376
0.0000	0.0078	0.0161	0.0046	0.0092	0.0032	0.0020	0.0237	0.0171	0.0111	0.0349	0.0369	0.0511	0.0548	0.0461	0.0602	0.0478	0.0610	0.0605	0.0685	0.0788	0.0689	0.0799	0.0741	0.0846	0.0692	0.0806	0.0839	0.0811	0.0836	0.0931	0.1094	0.1033	0.1118	0.1034	0.0881	0.1126	0.1061	0.0941	0.0905	0.1044	0.1092	0.1093	0.1071	0.0925	0.0972	0.0905	0.0949	0.0870	0.0758	0.0943	0.1086	0.0914	0.0851	0.0967	0.0941	0.0796	0.0588	0.0691	0.0750	0.0706	0.0739	0.0617	0.0578	0.0517	0.0464	0.0476	0.0448	0.0420
0.0000	0.0000	0.0000	0.0044	0.0000	0.0176	0.0216	0.0280	0.0255	0.0220	0.0152	0.0380	0.0473	0.0483	0.0425	0.0580	0.0709	0.0777	0.0596	0.0651	0.0726	0.0710	0.0661	0.0729	0.0829	0.0860	0.0705	0.0896	0.0941	0.1040	0.0875	0.0892	0.1116	0.1027	0.0988	0.1077	0.0999	0.0967	0.0973	0.0918	0.1066	0.1172	0.1147	0.1057	0.1035	0.0936	0.0887	0.0820	0.0728	0.0871	0.1047	0.0930	0.0967	0.1006	0.0852	0.0914	0.0721	0.0778	0.0763	0.0744	0.0754	0.0778	0.0834	0.0679	0.0537	0.0471	0.0550	0.0558	0.0534
0.0000	0.0093	0.0072	0.0000	0.0037	0.0144	0.0128	0.0304	0.0130	0.0291	0.0279	0.0399	0.0633	0.0538	0.0445	0.0538	0.0643	0.0589	0.0556	0.0724	0.0675	0.0738	0.0757	0.0646	0.0782	0.0947	0.0985	0.0992	0.0963	0.1036	0.1025	0.1215	0.1221	0.1259	0.1197	0.1096	0.1147	0.0907	0.0993	0.1011	0.0795	0.0916	0.1089	0.1005	0.1062	0.1090	0.1028	0.1027	0.0955	0.0975	0.0882	0.0845	0.1072	0.1043	0.1010	0.0962	0.0717	0.0757	0.0861	0.0757	0.0766	0.0700	0.0675	0.0704	0.0714	0.0556	0.0494	0.0677	0.0566
0.0000	0.0043	0.0154	0.0249	0.0141	0.0000	0.0200	0.0217	0.0402	0.0457	0.0432	0.0619	0.0705	0.0564	0.0312	0.0513	0.0626	0.0621	0.0662	0.0622	0.0669	0.0724	0.0850	0.0804	0.1030	0.1042	0.0875	0.0877	0.1027	0.1089	0.0896	0.1253	0.1307	0.1168	0.1295	0.1312	0.1196	0.1171	0.1265	0.1076	0.1082	0.1041	0.1145	0.1176	0.1139	0.1197	0.1227	0.1225	0.1109	0.1088	0.0973	0.0958	0.1050	0.1150	0.1109	0.1216	0.0978	0.0838	0.0890	0.1031	0.0881	0.0720	0.0778	0.0943	0.0897	0.0748	0.0619	0.0731	0.0602
0.0054	0.0000	0.0042	0.0126	0.0173	0.0095	0.0480	0.0376	0.0387	0.0477	0.0622	0.0848	0.0625	0.0610	0.0605	0.0802	0.0805	0.0827	0.0687	0.0924	0.0922	0.0928	0.0700	0.0859	0.1159	0.1147	0.1044	0.0892	0.1108	0.1063	0.1135	0.1047	0.1200	0.1164	0.1322	0.1294	0.1220	0.1319	0.1205	0.1175	0.1335	0.1268	0.1338	0.1199	0.1081	0.1110	0.1123	0.1334	0.1271	0.1080	0.1172	0.1207	0.1379	0.1255	0.1209	0.1429	0.1222	0.1086	0.1013	0.1066	0.1070	0.1036	0.0957	0.1029	0.0939	0.0865	0.0831	0.0948	0.0790
0.0080	0.0212	0.0154	0.0102	0.0138	0.0133	0.0506	0.0479	0.0335	0.0458	0.0535	0.0629	0.0709	0.0782	0.0742	0.0670	0.0666	0.0930	0.0759	0.0831	0.1000	0.0960	0.0695	0.0896	0.1097	0.1157	0.0944	0.0983	0.1312	0.1122	0.1191	0.1159	0.1383	0.1213	0.1309	0.1203	0.1363	0.1462	0.1203	0.1111	0.1320	0.1439	0.1555	0.1362	0.1276	0.1232	0.1363	0.1479	0.1146	0.1382	0.1308	0.1147	0.1291	0.1143	0.1305	0.1465	0.1244	0.1204	0.1246	0.1210	0.1359	0.1241	0.1217	0.1235	0.1234	0.1185	0.1041	0.1116	0.1045
0.0000	0.0072	0.0334	0.0318	0.0269	0.0235	0.0434	0.0362	0.0462	0.0352	0.0489	0.0567	0.0810	0.0774	0.0758	0.0805	0.0779	0.0895	0.0909	0.1170	0.1088	0.1111	0.0994	0.1138	0.1255	0.1091	0.1169	0.1136	0.1473	0.1465	0.1168	0.1151	0.1497	0.1303	0.1481	0.1345	0.1398	0.1338	0.1434	0.1475	0.1524	0.1526	0.1695	0.1572	0.1463	0.1629	0.1682	0.1764	0.1499	0.1496	0.1558	0.1579	0.1654	0.2110	0.1857	0.1704	0.1594	0.1526	0.1546	0.1508	0.1562	0.1460	0.1617	0.1425	0.1283	0.1257	0.1159	0.1391	0.1193
0.0000	0.0106	0.0312	0.0399	0.0468	0.0279	0.0445	0.0449	0.0709	0.0526	0.0547	0.0652	0.0798	0.0651	0.0896	0.0867	0.1063	0.1025	0.0988	0.1204	0.1173	0.1099	0.1042	0.1060	0.1227	0.1205	0.1236	0.1414	0.1379	0.1274	0.1128	0.1224	0.1422	0.1429	0.1579	0.1339	0.1412	0.1624	0.1586	0.1673	0.1555	0.1654	0.1914	0.1828	0.2131	0.2058	0.2043	0.1883	0.1861	0.2009	0.2031	0.2071	0.2833	0.3719	0.3162	0.2537	0.2356	0.2042	0.1932	0.1840	0.1994	0.1823	0.1683	0.1655	0.1617	0.1436	0.1303	0.1402	0.1395
0.0093	0.0043	0.0333	0.0364	0.0420	0.0390	0.0482	0.0677	0.0705	0.0509	0.0642	0.0846	0.0855	0.0870	0.0752	0.0976	0.0965	0.1000	0.1035	0.1138	0.1351	0.1182	0.1130	0.0959	0.1304	0.1373	0.1187	0.1457	0.1467	0.1214	0.1332	0.1428	0.1428	0.1553	0.1666	0.1444	0.1736	0.1942	0.1915	0.1941	0.1993	0.2186	0.2610	0.3364	0.4785	0.4274	0.3448	0.2840	0.2960	0.3519	0.3716	0.3716	0.3960	0.5005	0.4658	0.4232	0.3566	0.2484	0.2258	0.2443	0.2836	0.3005	0.2193	0.1819	0.1863	0.1561	0.1384	0.1450	0.1547
0.0141	0.0087	0.0318	0.0571	0.0427	0.0475	0.0527	0.0890	0.0684	0.0550	0.0744	0.0873	0.0913	0.1084	0.0844	0.0994	0.1106	0.1174	0.1328	0.1371	0.1244	0.1255	0.1142	0.1168	0.1421	0.1352	0.1429	0.1369	0.1565	0.1658	0.1598	0.1759	0.1861	0.1906	0.2006	0.1953	0.2298	0.2650	0.2931	0.3068	0.2898	0.3300	0.4536	0.6237	0.6555	0.6050	0.5876	0.5069	0.5048	0.5968	0.5531	0.5286	0.5440	0.5717	0.5247	0.5195	0.4718	0.4235	0.3404	0.3393	0.4290	0.4129	0.3489	0.2718	0.2110	0.1719	0.1560	0.1551	0.1678
0.0389	0.0391	0.0303	0.0661	0.0472	0.0484	0.0522	0.0690	0.0782	0.0785	0.0827	0.1059	0.1023	0.0907	0.0910	0.1173	0.1131	0.1329	0.1525	0.1335	0.1338	0.1309	0.1193	0.1371	0.1578	0.1728	0.1635	0.1606	0.1846	0.2012	0.2113	0.2477	0.2757	0.3038	0.3239	0.3572	0.4440	0.4622	0.4100	0.4343	0.4605	0.4800	0.6709	0.7175	0.6254	0.5863	0.5984	0.6143	0.6589	0.6459	0.5799	0.5550	0.5691	0.6031	0.5596	0.5317	0.5279	0.5100	0.4882	0.4544	0.4838	0.4553	0.4305	0.3858	0.2888	0.2105	0.1980	0.1916	0.1875
0.0177	0.0392	0.0563	0.0526	0.0576	0.0431	0.0640	0.0747	0.0822	0.0933	0.1032	0.1199	0.0960	0.0979	0.1039	0.1407	0.1390	0.1619	0.1421	0.1536	0.1541	0.1493	0.1851	0.1614	0.1746	0.1838	0.2082	0.2293	0.2502	0.2603	0.3052	0.3493	0.4141	0.4583	0.4665	0.5882	0.7506	0.7061	0.5838	0.5619	0.6823	0.6592	0.7247	0.6817	0.6347	0.6210	0.5936	0.5645	0.5923	0.5651	0.5528	0.5532	0.5452	0.5483	0.5180	0.5258	0.5056	0.4969	0.5068	0.4822	0.4550	0.4245	0.4491	0.4267	0.3995	0.2618	0.2126	0.2064	0.2096
0.0146	0.0326	0.0593	0.0584	0.0560	0.0650	0.0793	0.0970	0.0998	0.1040	0.1143	0.1270	0.1166	0.1179	0.1407	0.1495	0.1753	0.1651	0.1656	0.1770	0.1909	0.1971	0.2167	0.2392	0.2284	0.2232	0.2568	0.2883	0.3163	0.3478	0.4162	0.4924	0.6442	0.7753	0.7093	0.7641	0.8122	0.7722	0.7120	0.7129	0.7039	0.6791	0.6638	0.6321	0.6178	0.5937	0.5838	0.5811	0.5793	0.5269	0.5407	0.5150	0.5113	0.4441	0.4892	0.5089	0.4914	0.4549	0.4502	0.4694	0.4671	0.4384	0.4534	0.4668	0.4390	0.3354	0.2655	0.2324	0.2152
0.0425	0.0408	0.0460	0.0589	0.0688	0.0795	0.0995	0.1111	0.1316	0.1280	0.1454	0.1556	0.1626	0.1551	0.1840	0.1926	0.2481	0.2339	0.2361	0.2418	0.2708	0.2811	0.2515	0.2793	0.2851	0.3046	0.3378	0.3516	0.4348	0.4738	0.6157	0.8536	0.9092	0.9226	0.8283	0.8109	0.7761	0.7180	0.6515	0.6240	0.6412	0.5914	0.6009	0.6309	0.5633	0.5768	0.5675	0.5610	0.5830	0.5606	0.5372	0.5306	0.5304	0.4877	0.4792	0.5130	0.4868	0.4364	0.4405	0.4912	0.4591	0.4104	0.4564	0.5263	0.4210	0.3581	0.3026	0.3043	0.2643
0.0341	0.0528	0.0539	0.0898	0.1032	0.1109	0.1363	0.1635	0.1726	0.2174	0.2678	0.3355	0.3194	0.2705	0.3107	0.3323	0.3124	0.3503	0.3331	0.3158	0.3393	0.3395	0.3156	0.3463	0.3680	0.3778	0.4205	0.4599	0.6271	0.7189	0.8341	0.9493	0.8523	0.7985	0.7695	0.7251	0.7172	0.6928	0.6342	0.5667	0.5659	0.5561	0.5893	0.5923	0.5698	0.5570	0.5455	0.5197	0.5294	0.5479	0.5405	0.5476	0.5401	0.5571	0.5325	0.5075	0.4761	0.4581	0.4409	0.4807	0.4594	0.4271	0.4286	0.4781	0.4641	0.3622	0.3245	0.3657	0.3043
0.0493	0.0923	0.1201	0.1553	0.1668	0.2509	0.3211	0.3980	0.4323	0.4359	0.5715	0.6585	0.6185	0.5249	0.6051	0.6918	0.6457	0.6146	0.5679	0.4600	0.4210	0.3943	0.3748	0.3985	0.4007	0.4044	0.4852	0.6043	0.7687	0.8207	0.8325	0.8121	0.7587	0.7455	0.7417	0.6681	0.6610	0.6290	0.6187	0.5976	0.5332	0.5305	0.5466	0.5168	0.5232	0.4941	0.4971	0.4987	0.5527	0.5231	0.5140	0.5432	0.5236	0.5279	0.4905	0.4704	0.4554	0.4734	0.4631	0.4591	0.4524	0.4400	0.4290	0.4658	0.4378	0.3668	0.3710	0.3759	0.3594
0.1058	0.1883	0.2709	0.3724	0.4440	0.5695	0.6183	0.6353	0.7043	0.6318	0.6351	0.6798	0.7253	0.7332	0.7836	0.8885	0.8614	0.8796	0.9087	0.8008	0.7260	0.6092	0.5300	0.4947	0.5070	0.4816	0.6134	0.7383	0.8420	0.8146	0.7447	0.7006	0.7339	0.7318	0.6812	0.6294	0.5885	0.5647	0.5664	0.5476	0.4855	0.4765	0.5091	0.4885	0.5019	0.5090	0.4985	0.4806	0.5000	0.5224	0.5059	0.5060	0.5052	0.5285	0.4613	0.4387	0.4215	0.4201	0.4329	0.4239	0.4540	0.4023	0.4004	0.4023	0.3701	0.3651	0.3671	0.3524	0.3608
0.1939	0.3019	0.4189	0.4497	0.4350	0.4796	0.4880	0.4870	0.5340	0.5347	0.5364	0.5542	0.6559	0.6666	0.7084	0.7862	0.7817	0.8712	0.8541	0.8591	0.8413	0.8498	0.8354	0.7805	0.7903	0.7151	0.8038	0.8392	0.8192	0.7745	0.7289	0.7089	0.6914	0.6718	0.6249	0.6031	0.5557	0.5505	0.5296	0.4744	0.4621	0.4723	0.5082	0.5130	0.5224	0.4894	0.4627	0.4715	0.4667	0.4752	0.4786	0.4730	0.4659	0.4876	0.4623	0.4337	0.4268	0.4129	0.4141	0.4110	0.3987	0.3862	0.4002	0.3823	0.3501	0.3581	0.3482	0.3386	0.3387
0.1997	0.2745	0.3115	0.2860	0.3323	0.3497	0.3480	0.4142	0.4176	0.4496	0.5023	0.5043	0.5734	0.6001	0.6104	0.7416	0.7491	0.8009	0.7312	0.7337	0.7760	0.7666	0.7552	0.7793	0.7640	0.7880	0.7537	0.7930	0.7315	0.6845	0.7181	0.6759	0.6728	0.6567	0.6133	0.5915	0.5974	0.5502	0.5281	0.5092	0.4683	0.4598	0.4774	0.5058	0.4919	0.4580	0.4749	0.4503	0.4510	0.4785	0.4829	0.4825	0.4302	0.4781	0.4542	0.4372	0.4392	0.4041	0.4003	0.3939	0.3904	0.4043	0.3750	0.3604	0.3726	0.3527	0.3521	0.3166	0.3065
0.2098	0.2510	0.2846	0.2779	0.2787	0.2816	0.3045	0.3726	0.4109	0.3993	0.4604	0.4980	0.5746	0.6188	0.6334	0.6725	0.7352	0.7585	0.7308	0.7183	0.7364	0.7248	0.7105	0.6822	0.7175	0.7180	0.7142	0.7217	0.6680	0.6673	0.6533	0.5984	0.6314	0.6260	0.6314	0.5965	0.5647	0.5852	0.5388	0.5335	0.5029	0.4846	0.4842	0.4892	0.4664	0.4887	0.4846	0.4549	0.4222	0.4317	0.4872	0.4530	0.4229	0.4419	0.4268	0.4722	0.4461	0.4245	0.4217	0.3814	0.3819	0.3888	0.3601	0.3461	0.3623	0.3363	0.3124	0.2989	0.3036
0.1740	0.2044	0.2702	0.2426	0.2589	0.2570	0.3253	0.3398	0.3478	0.3316	0.4245	0.4894	0.5347	0.5821	0.5968	0.6610	0.7161	0.7603	0.6784	0.6387	0.6866	0.7065	0.6968	0.6817	0.6793	0.6302	0.6601	0.6488	0.6361	0.6477	0.6110	0.5981	0.6296	0.6207	0.6026	0.5744	0.5642	0.5604	0.5576	0.5257	0.4989	0.4749	0.4911	0.4813	0.4967	0.4984	0.4895	0.4735	0.4398	0.4463	0.4667	0.4558	0.4769	0.4549	0.4426	0.4834	0.4440	0.4048	0.3960	0.3900	0.3756	0.3487	0.3433	0.3385	0.3083	0.3246	0.3130	0.2762	0.2792
0.1519	0.2136	0.2456	0.2608	0.2877	0.2968	0.3458	0.3213	0.3069	0.3004	0.3489	0.4087	0.4621	0.5159	0.5734	0.6267	0.6551	0.6595	0.6666	0.6494	0.6646	0.6747	0.6499	0.6222	0.6460	0.5960	0.6232	0.6260	0.6416	0.6073	0.6059	0.6328	0.6066	0.6272	0.6062	0.5636	0.5439	0.5702	0.5421	0.5046	0.4850	0.4843	0.4903	0.5130	0.4818	0.4717	0.4972	0.4547	0.4269	0.4590	0.4372	0.4364	0.4613	0.4434	0.4547	0.4691	0.4569	0.4102	0.4023	0.3896	0.3861	0.3707	0.3482	0.3274	0.3216	0.3160	0.2968	0.2833	0.2922
0.2029	0.2212	0.2266	0.2729	0.2727	0.2861	0.3171	0.3131	0.3269	0.3400	0.3592	0.3982	0.4520	0.4552	0.5095	0.5562	0.5833	0.5829	0.5958	0.6028	0.5855	0.5881	0.5942	0.6370	0.6223	0.6010	0.6164	0.6033	0.6115	0.6395	0.6439	0.5880	0.6050	0.6048	0.5925	0.5808	0.5882	0.5678	0.5574	0.5152	0.5118	0.5261	0.5038	0.4852	0.4819	0.4704	0.4814	0.4593	0.4622	0.4617	0.4421	0.4177	0.4458	0.4410	0.4487	0.4427	0.4507	0.4083	0.4008	0.4095	0.3789	0.3501	0.3612	0.3249	0.3400	0.3007	0.2907	0.2868	0.2563
0.2081	0.2177	0.2374	0.2807	0.3013	0.3003	0.3212	0.3271	0.3373	0.3411	0.3847	0.4154	0.4547	0.4794	0.5027	0.5127	0.5512	0.5785	0.5430	0.5875	0.5703	0.5651	0.5547	0.5762	0.5915	0.5811	0.6058	0.6167	0.6527	0.6438	0.6527	0.5930	0.5981	0.5856	0.6151	0.5767	0.5678	0.5470	0.5657	0.5401	0.5150	0.5098	0.4843	0.4818	0.4969	0.4984	0.5027	0.4785	0.4993	0.4665	0.4565	0.4429	0.4367	0.4285	0.4592	0.4514	0.4391	0.4323	0.3988	0.3749	0.3879	0.3724	0.3606	0.3388	0.3240	0.3085	0.2814	0.2608	0.2619
0.1857	0.2339	0.2351	0.2744	0.2740	0.2964	0.2806	0.2977	0.2962	0.3163	0.3568	0.3935	0.4857	0.5105	0.5124	0.5410	0.5389	0.5240	0.5744	0.5903	0.5751	0.5872	0.5621	0.5529	0.5949	0.5833	0.6000	0.6126	0.6073	0.6325	0.6555	0.6261	0.6378	0.5938	0.5578	0.5735	0.5632	0.5441	0.5352	0.5282	0.5341	0.4739	0.4835	0.4759	0.4991	0.4759	0.4679	0.4352	0.4671	0.4592	0.4480	0.4381	0.4331	0.4359	0.4577	0.4545	0.4050	0.3952	0.4123	0.3999	0.3717	0.3703	0.3598	0.3368	0.3397	0.3127	0.2913	0.2809	0.2764
0.1860	0.2304	0.2224	0.2780	0.2733	0.3026	0.3112	0.3161	0.3298	0.3547	0.3555	0.3764	0.4706	0.4751	0.5097	0.5341	0.5591	0.5799	0.5592	0.5700	0.5579	0.5963	0.5637	0.5804	0.6113	0.6279	0.6077	0.6027	0.6092	0.6292	0.6363	0.6485	0.6263	0.5780	0.5649	0.5750	0.5524	0.5246	0.5358	0.5266	0.5300	0.5134	0.5125	0.4768	0.4612	0.4332	0.4620	0.4492	0.4540	0.4173	0.4498	0.4553	0.4665	0.4597	0.4278	0.4391	0.4099	0.3871	0.3971	0.4102	0.3993	0.3821	0.3629	0.3349	0.3347	0.3315	0.3149	0.3071	0.2887
0.1981	0.2170	0.2364	0.2635	0.2927	0.3018	0.3315	0.3469	0.3303	0.3700	0.3827	0.4016	0.4557	0.5004	0.5159	0.5254	0.5508	0.5706	0.5769	0.5717	0.5939	0.5596	0.5538	0.5966	0.6158	0.5632	0.6174	0.6234	0.6428	0.6331	0.6598	0.6512	0.6456	0.6094	0.5698	0.5882	0.5762	0.5632	0.5478	0.5405	0.5396	0.5342	0.5183	0.4814	0.4621	0.4485	0.4704	0.4489	0.4564	0.4322	0.4496	0.4404	0.4444	0.4520	0.4342	0.4139	0.4017	0.4043	0.4049	0.3906	0.3809	0.3754	0.3605	0.3677	0.3521	0.3486	0.3060	0.3041	0.2812
0.1700	0.2018	0.2657	0.3077	0.2946	0.3172	0.3570	0.3346	0.3363	0.3684	0.3938	0.4062	0.4310	0.4500	0.4802	0.5396	0.5859	0.6001	0.6077	0.5760	0.5813	0.5728	0.5861	0.6325	0.6078	0.5584	0.6206	0.6558	0.6605	0.6608	0.6275	0.6511	0.6546	0.6201	0.5840	0.5676	0.5991	0.5715	0.5336	0.5380	0.5443	0.5454	0.5195	0.5011	0.4975	0.4831	0.4833	0.4597	0.4553	0.4533	0.4577	0.4564	0.4458	0.4479	0.4364	0.4173	0.3820	0.3804	0.3733	0.3876	0.3917	0.3593	0.3544	0.3643	0.3669	0.3337	0.3199	0.3167	0.2989
0.1983	0.2200	0.2730	0.2712	0.2923	0.3125	0.3278	0.3154	0.3792	0.3776	0.3522	0.4037	0.4193	0.4531	0.4535	0.4906	0.5721	0.5650	0.5791	0.5747	0.5599	0.6072	0.5989	0.6211	0.5984	0.5881	0.5658	0.5920	0.6210	0.6014	0.6108	0.6248	0.6362	0.5990	0.6002	0.6109	0.5876	0.5360	0.5223	0.5484	0.5174	0.5554	0.5337	0.5055	0.4991	0.4869	0.4743	0.4823	0.5072	0.5106	0.4905	0.4870	0.4959	0.4755	0.4261	0.4250	0.3965	0.3937	0.3776	0.4103	0.4066	0.3826	0.3699	0.3390	0.3616	0.3194	0.3045	0.3035	0.2877
0.2121	0.2230	0.2739	0.2738	0.2852	0.3109	0.3176	0.3598	0.4038	0.3910	0.3521	0.3789	0.4185	0.4433	0.4400	0.5550	0.5495	0.5578	0.5897	0.5807	0.5683	0.6066	0.5679	0.6153	0.6062	0.6029	0.5990	0.5997	0.6045	0.5817	0.6005	0.6484	0.6591	0.5938	0.5994	0.5759	0.5517	0.5412	0.5450	0.5459	0.5158	0.5267	0.5422	0.5153	0.4851	0.4730	0.4923	0.5238	0.5018	0.5022	0.5125	0.4947	0.4881	0.4791	0.4642	0.4366	0.4245	0.4087	0.3846	0.3769	0.3914	0.4015	0.3954	0.4032	0.3538	0.3227	0.3358	0.3336	0.3084
0.2207	0.2376	0.2406	0.2843	0.2919	0.2980	0.3177	0.3567	0.3723	0.4155	0.3618	0.4136	0.4267	0.4457	0.4538	0.5217	0.5717	0.5883	0.5365	0.5318	0.5987	0.5898	0.5751	0.6083	0.5893	0.5904	0.6078	0.6203	0.6272	0.6119	0.6245	0.6612	0.6173	0.5970	0.5948	0.5645	0.5886	0.5452	0.5465	0.5411	0.5269	0.5271	0.5103	0.5040	0.5247	0.4935	0.5154	0.5251	0.5259	0.5195	0.5050	0.4999	0.5252	0.4852	0.4673	0.4519	0.4221	0.4158	0.3748	0.3870	0.3967	0.4034	0.4140	0.3786	0.3364	0.3319	0.3388	0.3332	0.3286
0.1801	0.2035	0.2291	0.2650	0.2769	0.2844	0.3080	0.3490	0.3685	0.3719	0.3709	0.4175	0.4559	0.5054	0.4703	0.5408	0.5251	0.5289	0.5030	0.5749	0.6251	0.5736	0.6050	0.6090	0.6101	0.5932	0.6152	0.6597	0.6617	0.6707	0.6628	0.6581	0.6571	0.6758	0.6333	0.6017	0.6033	0.5866	0.5732	0.5380	0.5241	0.5425	0.5465	0.5060	0.5053	0.5169	0.5449	0.5288	0.5224	0.5501	0.5353	0.5000	0.4973	0.4818	0.4796	0.4644	0.4547	0.4118	0.4127	0.4091	0.4221	0.4218	0.3978	0.4160	0.4029	0.3812	0.3789	0.3467	0.3479
0.1683	0.1961	0.2423	0.2295	0.2503	0.2776	0.3165	0.3607	0.3726	0.3782	0.4009	0.4450	0.5184	0.5572	0.5522	0.5878	0.5605	0.5972	0.5972	0.6171	0.6506	0.6385	0.6372	0.6581	0.6891	0.6599	0.6618	0.6865	0.7092	0.7332	0.6985	0.6789	0.6557	0.7126	0.7038	0.6348	0.5839	0.5986	0.6109	0.5219	0.5433	0.5478	0.5365	0.5199	0.5037	0.5221	0.5188	0.5276	0.4999	0.5659	0.5443	0.5084	0.5373	0.5172	0.4853	0.4521	0.4711	0.4286	0.4172	0.4441	0.4342	0.4223	0.4123	0.4025	0.4261	0.4055	0.3929	0.3739	0.3399
0.1798	0.1891	0.2546	0.2524	0.2532	0.3142	0.3558	0.3959	0.4061	0.4533	0.4675	0.5251	0.5609	0.6142	0.6078	0.6374	0.5988	0.6484	0.6731	0.6881	0.6680	0.6797	0.6863	0.6793	0.7378	0.7333	0.7135	0.7333	0.7552	0.7241	0.7317	0.7165	0.7101	0.7446	0.7289	0.6649	0.6328	0.6058	0.5683	0.5475	0.5324	0.5046	0.5404	0.5413	0.5292	0.5107	0.5267	0.5229	0.5333	0.5580	0.5644	0.5310	0.5170	0.5158	0.4958	0.4938	0.4517	0.4307	0.4361	0.4319	0.4275	0.4188	0.4367	0.4341	0.4185	0.4015	0.4070	0.3827	0.3917
0.1626	0.1802	0.2571	0.2511	0.2592	0.3286	0.3441	0.3921	0.4238	0.4719	0.5374	0.6130	0.6169	0.6559	0.6832	0.7185	0.6857	0.7394	0.7309	0.7701	0.7440	0.7067	0.7293	0.7618	0.7254	0.7442	0.7730	0.7626	0.7772	0.7690	0.7058	0.7376	0.7465	0.7357	0.6998	0.6597	0.6506	0.6308	0.5762	0.5580	0.5485	0.5088	0.5143	0.5318	0.5155	0.4940	0.5304	0.5333	0.5812	0.5985	0.5638	0.5307	0.5120	0.5033	0.5045	0.5156	0.4630	0.4495	0.4570	0.4550	0.4477	0.4456	0.4532	0.4307	0.4200	0.4216	0.4232	0.4024	0.4137
0.2030	0.2536	0.2812	0.2748	0.3030	0.3657	0.3901	0.4454	0.4398	0.4977	0.5632	0.5907	0.6112	0.6463	0.7566	0.7487	0.7899	0.8847	0.8492	0.8326	0.8477	0.8415	0.8501	0.8772	0.8335	0.8507	0.8170	0.8049	0.8279	0.7677	0.7977	0.7960	0.7345	0.7243	0.7471	0.6783	0.6744	0.6763	0.6451	0.6065	0.5475	0.4978	0.5318	0.5271	0.5500	0.5427	0.5820	0.5645	0.5741	0.5766	0.5682	0.6013	0.5660	0.5554	0.5375	0.5179	0.5227	0.5000	0.4947	0.4744	0.4708	0.4789	0.4610	0.4473	0.4714	0.4451	0.4766	0.4446	0.4349
0.2216	0.3035	0.3836	0.4090	0.4397	0.4756	0.4762	0.4862	0.5194	0.4936	0.5828	0.6297	0.6578	0.7175	0.8116	0.8485	0.8879	0.8908	0.8743	0.8482	0.8830	0.9172	0.9377	0.8980	0.9171	0.8852	0.8863	0.8419	0.8686	0.8353	0.8383	0.8352	0.7896	0.7752	0.7754	0.7287	0.6900	0.6862	0.6463	0.6125	0.5947	0.6046	0.5972	0.5829	0.5732	0.5711	0.5941	0.5589	0.5742	0.5662	0.5777	0.5853	0.5741	0.5784	0.5172	0.5051	0.4867	0.4917	0.5008	0.4915	0.5092	0.5094	0.5058	0.4903	0.5155	0.5024	0.4736	0.4492	0.4273
0.1378	0.2402	0.3555	0.4989	0.6043	0.6204	0.6686	0.6957	0.6986	0.7027	0.6862	0.7048	0.7399	0.8396	0.8960	0.9310	0.9318	0.9487	0.9090	0.8893	0.7704	0.7117	0.6610	0.6054	0.5966	0.5831	0.6366	0.6505	0.7037	0.8499	0.9241	0.8685	0.8031	0.8215	0.7658	0.7186	0.7400	0.6836	0.6781	0.6344	0.6052	0.6204	0.6697	0.6270	0.6170	0.6348	0.6263	0.5974	0.5936	0.5821	0.5769	0.5829	0.5856	0.5821	0.5469	0.5090	0.5091	0.5309	0.5160	0.5318	0.5355	0.5511	0.5376	0.5454	0.5618	0.5363	0.5119	0.4912	0.4571
0.0639	0.0922	0.1221	0.2186	0.2830	0.3396	0.4517	0.5320	0.5787	0.5982	0.6625	0.6484	0.6591	0.6784	0.7379	0.7476	0.6653	0.6586	0.5860	0.5047	0.3872	0.3392	0.3317	0.3273	0.3459	0.3447	0.3910	0.4031	0.4849	0.6713	0.9441	0.9953	0.9161	0.8710	0.7818	0.7563	0.7727	0.7074	0.7073	0.6679	0.6647	0.6200	0.7009	0.6384	0.6355	0.6349	0.6400	0.6150	0.6195	0.6064	0.5795	0.6042	0.5867	0.5675	0.5461	0.5559	0.5529	0.5358	0.5171	0.5453	0.5448	0.5639	0.5538	0.5846	0.5584	0.5371	0.5273	0.5175	0.4541
0.0548	0.0477	0.0581	0.0998	0.1138	0.1158	0.1302	0.1854	0.2022	0.2252	0.3020	0.3065	0.3019	0.2704	0.3081	0.2964	0.2744	0.2910	0.2604	0.2569	0.2754	0.2581	0.2640	0.2929	0.3079	0.2993	0.3259	0.3640	0.4117	0.5157	0.8388	1.0000	0.9644	0.9186	0.8717	0.8525	0.7631	0.7775	0.7271	0.7155	0.7095	0.6519	0.6742	0.6377	0.6430	0.6238	0.6767	0.6244	0.6141	0.5918	0.5948	0.5975	0.6225	0.5936	0.5711	0.5845	0.5716	0.5540	0.5263	0.5570	0.5501	0.5418	0.5644	0.5885	0.5318	0.4664	0.5406	0.4847	0.4342
0.0328	0.0272	0.0436	0.0555	0.0675	0.0747	0.0857	0.0864	0.1107	0.1257	0.1305	0.1170	0.1379	0.1359	0.1540	0.1796	0.1760	0.1945	0.2058	0.2013	0.2086	0.2227	0.2372	0.2571	0.2789	0.2644	0.2981	0.3212	0.3765	0.4329	0.6077	0.8433	0.9782	0.9573	0.9044	0.8416	0.8048	0.7875	0.7408	0.7083	0.7747	0.7192	0.6950	0.7004	0.6798	0.6409	0.6817	0.6464	0.6215	0.6110	0.5830	0.5881	0.5950	0.5945	0.5991	0.6295	0.6146	0.6056	0.5643	0.5541	0.5657	0.5488	0.5873	0.5391	0.3929	0.3629	0.5010	0.4992	0.4135
0.0186	0.0313	0.0340	0.0563	0.0578	0.0783	0.0798	0.0782	0.0872	0.0993	0.0914	0.0838	0.1051	0.1011	0.1064	0.1121	0.1147	0.1312	0.1321	0.1384	0.1472	0.1499	0.1764	0.1971	0.1982	0.2031	0.2229	0.2512	0.2930	0.3282	0.3881	0.5961	0.9094	0.9321	0.9180	0.8775	0.8550	0.8109	0.8027	0.7208	0.7159	0.7625	0.7336	0.7314	0.7156	0.7096	0.6909	0.6724	0.6529	0.6293	0.6153	0.5983	0.5609	0.5727	0.5868	0.6149	0.6245	0.5788	0.5340	0.5459	0.5447	0.5084	0.4700	0.3507	0.2446	0.2644	0.3070	0.3455	0.2987
0.0383	0.0414	0.0368	0.0539	0.0456	0.0667	0.0817	0.0655	0.0503	0.0730	0.1007	0.0784	0.0905	0.0861	0.0871	0.0946	0.0964	0.0919	0.1061	0.1050	0.1126	0.1108	0.1122	0.1242	0.1322	0.1273	0.1503	0.1570	0.1828	0.2050	0.2352	0.3100	0.4925	0.6064	0.7515	0.6728	0.7314	0.8377	0.8124	0.7278	0.6968	0.7069	0.7435	0.6036	0.5284	0.5817	0.5875	0.6183	0.5469	0.5532	0.6254	0.5890	0.5961	0.5945	0.6146	0.5591	0.5616	0.5830	0.5264	0.5117	0.5076	0.4028	0.2480	0.2006	0.1929	0.2141	0.2053	0.2055	0.2072
0.0219	0.0293	0.0342	0.0343	0.0327	0.0608	0.0698	0.0609	0.0655	0.0737	0.0710	0.0660	0.0794	0.0810	0.0792	0.0865	0.0919	0.0947	0.1172	0.1070	0.1054	0.1015	0.0933	0.1018	0.1093	0.1015	0.1160	0.1217	0.1219	0.1326	0.1475	0.1615	0.1858	0.2254	0.2934	0.2785	0.3378	0.6310	0.7515	0.6620	0.6379	0.5919	0.4935	0.3025	0.2270	0.2741	0.3069	0.3425	0.3049	0.3215	0.4364	0.4650	0.5243	0.5814	0.5822	0.5488	0.5500	0.4960	0.3969	0.4440	0.4980	0.3699	0.1792	0.1533	0.1567	0.1667	0.1803	0.1731	0.1664
0.0276	0.0218	0.0221	0.0363	0.0348	0.0351	0.0397	0.0664	0.0622	0.0592	0.0714	0.0652	0.0719	0.0773	0.0725	0.0843	0.0938	0.0867	0.0989	0.0988	0.0933	0.0926	0.0958	0.1029	0.1014	0.1124	0.0940	0.0998	0.1036	0.1194	0.1116	0.1138	0.1288	0.1411	0.1545	0.1579	0.1702	0.3098	0.5329	0.5178	0.4164	0.2918	0.2059	0.1734	0.1681	0.1761	0.1743	0.1775	0.1840	0.1939	0.2120	0.2171	0.2584	0.4153	0.5462	0.5748	0.4674	0.2596	0.1927	0.2183	0.2570	0.2016	0.1482	0.1359	0.1273	0.1429	0.1427	0.1544	0.1472
0.0199	0.0242	0.0316	0.0331	0.0327	0.0418	0.0563	0.0488	0.0400	0.0440	0.0596	0.0573	0.0671	0.0597	0.0653	0.0622	0.0786	0.0825	0.0748	0.0838	0.0783	0.0751	0.0824	0.0859	0.0853	0.0951	0.0849	0.0943	0.0979	0.1079	0.0923	0.1034	0.1029	0.1076	0.1253	0.1186	0.1255	0.1309	0.1787	0.1644	0.1390	0.1129	0.1110	0.1178	0.1247	0.1378	0.1343	0.1483	0.1514	0.1382	0.1536	0.1446	0.1739	0.2353	0.4208	0.5647	0.4827	0.1977	0.1212	0.1283	0.1382	0.1233	0.1290	0.1263	0.1103	0.1182	0.1217	0.1546	0.1129
0.0000	0.0278	0.0190	0.0299	0.0304	0.0406	0.0514	0.0492	0.0515	0.0502	0.0521	0.0520	0.0635	0.0576	0.0656	0.0684	0.0741	0.0719	0.0750	0.0663	0.0691	0.0817	0.0821	0.0814	0.0706	0.0863	0.0923	0.0807	0.0807	0.0896	0.0810	0.0890	0.0882	0.0913	0.1008	0.0920	0.0939	0.0995	0.1052	0.0981	0.0988	0.0887	0.0965	0.1044	0.1050	0.0967	0.0987	0.1132	0.1130	0.1069	0.1176	0.1196	0.1292	0.1581	0.2708	0.5275	0.4595	0.1572	0.0974	0.1089	0.0996	0.0953	0.0937	0.0964	0.0952	0.0936	0.0960	0.1058	0.1057
0.0000	0.0107	0.0233	0.0399	0.0365	0.0290	0.0296	0.0453	0.0387	0.0262	0.0394	0.0507	0.0465	0.0554	0.0607	0.0617	0.0646	0.0665	0.0661	0.0661	0.0721	0.0765	0.0688	0.0727	0.0726	0.0824	0.0826	0.0748	0.0785	0.0718	0.0822	0.0851	0.0783	0.0840	0.0799	0.0775	0.0791	0.0841	0.0903	0.0875	0.0856	0.0871	0.0908	0.0758	0.0936	0.0869	0.0765	0.0858	0.0853	0.0863	0.0934	0.0934	0.1027	0.1096	0.1622	0.3602	0.2598	0.1024	0.0879	0.0938	0.0883	0.0794	0.0758	0.0840	0.0876	0.0831	0.0893	0.0881	0.0807
0.0000	0.0000	0.0029	0.0121	0.0238	0.0243	0.0402	0.0340	0.0313	0.0386	0.0287	0.0454	0.0575	0.0493	0.0526	0.0496	0.0614	0.0562	0.0603	0.0684	0.0641	0.0598	0.0575	0.0620	0.0688	0.0794	0.0776	0.0781	0.0714	0.0673	0.0636	0.0738	0.0761	0.0769	0.0771	0.0795	0.0893	0.0844	0.0782	0.0856	0.0831	0.0753	0.0809	0.0793	0.0721	0.0739	0.0838	0.0748	0.0757	0.0764	0.0852	0.0758	0.0786	0.0855	0.0909	0.1109	0.0924	0.0761	0.0796	0.0767	0.0796	0.0750	0.0599	0.0733	0.0763	0.0831	0.0750	0.0642	0.0660
0.0023	0.0000	0.0000	0.0041	0.0097	0.0199	0.0450	0.0228	0.0368	0.0355	0.0217	0.0302	0.0480	0.0414	0.0427	0.0561	0.0565	0.0497	0.0410	0.0452	0.0665	0.0615	0.0601	0.0580	0.0593	0.0647	0.0619	0.0788	0.0726	0.0623	0.0605	0.0690	0.0673	0.0749	0.0867	0.0860	0.0878	0.0829	0.0786	0.0730	0.0828	0.0759	0.0792	0.0717	0.0712	0.0623	0.0718	0.0763	0.0757	0.0685	0.0716	0.0739	0.0618	0.0758	0.0804	0.0712	0.0682	0.0712	0.0616	0.0583	0.0737	0.0670	0.0668	0.0683	0.0700	0.0588	0.0482	0.0484	0.0450
0.0000	0.0000	0.0089	0.0095	0.0051	0.0018	0.0273	0.0445	0.0268	0.0232	0.0343	0.0282	0.0241	0.0321	0.0361	0.0450	0.0403	0.0428	0.0420	0.0390	0.0452	0.0533	0.0635	0.0537	0.0532	0.0565	0.0601	0.0551	0.0642	0.0676	0.0622	0.0660	0.0643	0.0743	0.0690	0.0624	0.0636	0.0709	0.0715	0.0613	0.0673	0.0634	0.0684	0.0777	0.0756	0.0713	0.0617	0.0682	0.0660	0.0598	0.0603	0.0575	0.0603	0.0734	0.0611	0.0613	0.0615	0.0548	0.0531	0.0560	0.0602	0.0575	0.0498	0.0549	0.0643	0.0503	0.0419	0.0400	0.0396
0.0000	0.0000	0.0000	0.0000	0.0000	0.0008	0.0067	0.0223	0.0084	0.0002	0.0128	0.0244	0.0228	0.0237	0.0266	0.0317	0.0447	0.0347	0.0316	0.0452	0.0372	0.0343	0.0469	0.0467	0.0438	0.0513	0.0507	0.0456	0.0589	0.0606	0.0614	0.0525	0.0639	0.0611	0.0632	0.0538	0.0578	0.0684	0.0640	0.0592	0.0556	0.0616	0.0602	0.0600	0.0570	0.0572	0.0632	0.0579	0.0562	0.0619	0.0640	0.0614	0.0635	0.0613	0.0606	0.0597	0.0569	0.0503	0.0513	0.0603	0.0581	0.0466	0.0456	0.0417	0.0569	0.0444	0.0409	0.0466	0.0382
0.0000	0.0000	0.0000	0.0000	0.0000	0.0000	0.0046	0.0130	0.0024	0.0000	0.0162	0.0288	0.0314	0.0299	0.0229	0.0276	0.0448	0.0449	0.0481	0.0353	0.0338	0.0396	0.0392	0.0469	0.0535	0.0481	0.0549	0.0542	0.0502	0.0524	0.0624	0.0487	0.0552	0.0545	0.0590	0.0527	0.0639	0.0660	0.0586	0.0510	0.0592	0.0545	0.0594	0.0567	0.0478	0.0557	0.0641	0.0610	0.0536	0.0578	0.0693	0.0637	0.0560	0.0590	0.0590	0.0618	0.0527	0.0458	0.0500	0.0506	0.0457	0.0481	0.0560	0.0445	0.0457	0.0341	0.0362	0.0442	0.0308
0.0000	0.0000	0.0000	0.0000	0.0000	0.0000	0.0099	0.0096	0.0102	0.0096	0.0286	0.0393	0.0299	0.0262	0.0183	0.0232	0.0261	0.0339	0.0272	0.0324	0.0400	0.0356	0.0335	0.0343	0.0504	0.0447	0.0362	0.0450	0.0478	0.0533	0.0522	0.0501	0.0515	0.0535	0.0506	0.0556	0.0552	0.0611	0.0535	0.0540	0.0621	0.0556	0.0681	0.0588	0.0483	0.0535	0.0653	0.0585	0.0527	0.0587	0.0552	0.0530	0.0551	0.0581	0.0590	0.0579	0.0486	0.0427	0.0465	0.0379	0.0424	0.0376	0.0400	0.0463	0.0381	0.0338	0.0314	0.0368	0.0212
0.0000	0.0000	0.0000	0.0000	0.0000	0.0166	0.0042	0.0101	0.0119	0.0076	0.0042	0.0215	0.0327	0.0204	0.0253	0.0324	0.0205	0.0206	0.0221	0.0311	0.0328	0.0186	0.0271	0.0392	0.0477	0.0408	0.0409	0.0488	0.0466	0.0526	0.0453	0.0495	0.0523	0.0461	0.0505	0.0525	0.0557	0.0560	0.0511	0.0490	0.0545	0.0508	0.0542	0.0522	0.0461	0.0510	0.0548	0.0505	0.0515	0.0528	0.0483	0.0468	0.0489	0.0421	0.0497	0.0560	0.0516	0.0438	0.0374	0.0391	0.0397	0.0331	0.0308	0.0367	0.0368	0.0251	0.0231	0.0219	0.0221
0.0000	0.0000	0.0000	0.0000	0.0000	0.0027	0.0025	0.0075	0.0000	0.0027	0.0100	0.0126	0.0241	0.0200	0.0197	0.0174	0.0188	0.0206	0.0272	0.0349	0.0380	0.0284	0.0321	0.0375	0.0457	0.0464	0.0393	0.0426	0.0426	0.0472	0.0453	0.0404	0.0588	0.0632	0.0568	0.0536	0.0571	0.0458	0.0461	0.0581	0.0568	0.0516	0.0535	0.0424	0.0416	0.0452	0.0601	0.0479	0.0419	0.0441	0.0472	0.0465	0.0460	0.0528	0.0445	0.0619	0.0521	0.0401	0.0437	0.0432	0.0448	0.0347	0.0320	0.0412	0.0448	0.0320	0.0379	0.0266	0.0291
