0.0000	0.0000	0.0000	0.0046	0.0097	0.0065	0.0051	0.0144	0.0119	0.0000	0.0071	0.0233	0.0298	0.0300	0.0426	0.0338	0.0396	0.0347	0.0462	0.0392	0.0481	0.0421	0.0638	0.0620	0.0621	0.0675	0.0605	0.0599	0.0734	0.0809	0.0635	0.0719	0.1126	0.0909	0.0630	0.0702	0.0719	0.0656	0.0753	0.0550	0.0582	0.0847	0.0817	0.0672	0.0663	0.0801	0.0832	0.0877	0.0831	0.0921	0.0952	0.0748	0.0787	0.0835	0.0906	0.0959	0.0746	0.0619	0.0602	0.0579	0.0528	0.0751	0.0683	0.0583	0.0658	0.0473	0.0472	0.0439	0.0324
0.0000	0.0000	0.0000	0.0169	0.0000	0.0163	0.0215	0.0138	0.0067	0.0027	0.0167	0.0308	0.0388	0.0411	0.0419	0.0405	0.0367	0.0544	0.0619	0.0401	0.0659	0.0698	0.0570	0.0721	0.0725	0.0613	0.0662	0.0636	0.0718	0.0821	0.0730	0.0838	0.0816	0.0762	0.0757	0.0695	0.0679	0.0764	0.0808	0.0796	0.0755	0.0863	0.0768	0.0848	0.0781	0.0757	0.0910	0.0994	0.0892	0.0805	0.1055	0.0880	0.0685	0.0826	0.0848	0.0917	0.0857	0.0821	0.0632	0.0763	0.0707	0.0676	0.0719	0.0771	0.0688	0.0526	0.0480	0.0435	0.0447
0.0000	0.0000	0.0000	0.0086	0.0109	0.0040	0.0113	0.0175	0.0036	0.0110	0.0280	0.0286	0.0476	0.0467	0.0533	0.0368	0.0349	0.0645	0.0483	0.0590	0.0564	0.0695	0.0697	0.0680	0.0706	0.0814	0.0751	0.0589	0.0810	0.0870	0.0753	0.0795	0.0779	0.0971	0.0907	0.0803	0.0804	0.0900	0.0859	0.0838	0.0788	0.0814	0.0750	0.0907	0.0902	0.0872	0.0972	0.0969	0.1165	0.0917	0.0964	0.1024	0.0877	0.0887	0.0922	0.0929	0.0871	0.0763	0.0779	0.0788	0.0898	0.0960	0.0875	0.0709	0.0700	0.0665	0.0511	0.0610	0.0492
0.0000	0.0061	0.0141	0.0195	0.0044	0.0170	0.0142	0.0258	0.0157	0.0160	0.0383	0.0464	0.0539	0.0378	0.0438	0.0455	0.0542	0.0602	0.0570	0.0782	0.0580	0.0625	0.0686	0.0633	0.0690	0.0797	0.0817	0.0723	0.0900	0.0825	0.0714	0.0789	0.0815	0.1013	0.0989	0.0846	0.0723	0.0929	0.0824	0.0836	0.0831	0.0739	0.0715	0.0777	0.0977	0.0850	0.1015	0.1006	0.0971	0.0906	0.1220	0.0969	0.0990	0.0918	0.1051	0.1016	0.0998	0.0904	0.0925	0.0861	0.0977	0.1051	0.0846	0.0819	0.0768	0.0765	0.0652	0.0692	0.0766
0.0000	0.0058	0.0097	0.0190	0.0079	0.0062	0.0083	0.0181	0.0277	0.0326	0.0313	0.0305	0.0464	0.0499	0.0304	0.0438	0.0549	0.0456	0.0521	0.0667	0.0646	0.0690	0.0642	0.0762	0.0820	0.0839	0.0738	0.0744	0.0908	0.0780	0.0845	0.0801	0.1064	0.1059	0.1087	0.0944	0.0974	0.0921	0.0859	0.0843	0.0994	0.0899	0.0922	0.0854	0.0880	0.0985	0.1016	0.1066	0.1115	0.1044	0.1149	0.1046	0.1172	0.0945	0.1111	0.0969	0.1011	0.0946	0.0947	0.1031	0.1103	0.0940	0.1104	0.0943	0.0889	0.0749	0.0806	0.0809	0.0858
0.0000	0.0000	0.0054	0.0125	0.0145	0.0263	0.0204	0.0254	0.0283	0.0386	0.0367	0.0431	0.0674	0.0602	0.0413	0.0503	0.0657	0.0546	0.0464	0.0715	0.0675	0.0753	0.0845	0.0745	0.0846	0.0797	0.0732	0.0813	0.0975	0.0961	0.0944	0.1187	0.1146	0.1100	0.1030	0.1109	0.0985	0.0902	0.1013	0.0808	0.1007	0.1075	0.1035	0.0995	0.0957	0.1064	0.0971	0.1264	0.1250	0.1159	0.1217	0.1132	0.1097	0.1104	0.1054	0.1185	0.1104	0.0965	0.1125	0.1314	0.1103	0.1100	0.1218	0.1221	0.1212	0.1031	0.0853	0.0896	0.0942
0.0000	0.0000	0.0246	0.0200	0.0190	0.0287	0.0193	0.0188	0.0240	0.0424	0.0523	0.0558	0.0554	0.0457	0.0424	0.0623	0.0708	0.0735	0.0813	0.0615	0.0703	0.0871	0.0746	0.0789	0.0857	0.1015	0.0967	0.0823	0.0892	0.0975	0.1000	0.1034	0.1147	0.1188	0.1090	0.1151	0.1049	0.1046	0.0960	0.0803	0.0907	0.0916	0.1002	0.1008	0.0967	0.0950	0.1217	0.1479	0.1339	0.1307	0.1412	0.1234	0.1357	0.1366	0.1364	0.1450	0.1362	0.1189	0.1404	0.1598	0.1307	0.1224	0.1174	0.1564	0.1286	0.1145	0.1227	0.1083	0.1091
0.0000	0.0000	0.0208	0.0275	0.0378	0.0216	0.0248	0.0382	0.0410	0.0480	0.0463	0.0523	0.0525	0.0507	0.0618	0.0616	0.0590	0.0862	0.0661	0.0589	0.0790	0.0932	0.0875	0.0905	0.0932	0.1184	0.0904	0.0811	0.0987	0.1084	0.1156	0.1044	0.1317	0.1302	0.1307	0.1190	0.1215	0.1148	0.1129	0.1069	0.1064	0.1062	0.1128	0.1087	0.1016	0.1286	0.1363	0.1596	0.1594	0.1465	0.1474	0.1460	0.1506	0.1538	0.1674	0.1800	0.1748	0.1674	0.1708	0.1670	0.1701	0.1585	0.1721	0.2041	0.1657	0.1566	0.1476	0.1420	0.1552
0.0043	0.0102	0.0208	0.0259	0.0350	0.0262	0.0333	0.0372	0.0471	0.0500	0.0377	0.0658	0.0612	0.0670	0.0725	0.0697	0.0821	0.0771	0.0769	0.1068	0.1066	0.1050	0.1170	0.0980	0.1021	0.1066	0.0896	0.0995	0.1128	0.1128	0.1243	0.1152	0.1391	0.1292	0.1338	0.1338	0.1109	0.1243	0.1303	0.1183	0.1095	0.1092	0.1286	0.1304	0.1351	0.1456	0.1756	0.1719	0.1741	0.2004	0.1762	0.1700	0.2018	0.2085	0.1980	0.2026	0.2083	0.1978	0.2007	0.1877	0.1975	0.2082	0.2399	0.3097	0.2965	0.2698	0.2275	0.2099	0.2010
0.0112	0.0123	0.0234	0.0143	0.0291	0.0328	0.0372	0.0538	0.0471	0.0479	0.0524	0.0681	0.0753	0.0753	0.0708	0.0909	0.0955	0.0966	0.1082	0.1185	0.1056	0.1090	0.1102	0.1089	0.1165	0.1074	0.1068	0.1072	0.1155	0.1275	0.1250	0.1148	0.1387	0.1479	0.1281	0.1318	0.1139	0.1387	0.1246	0.1368	0.1381	0.1255	0.1429	0.1504	0.1522	0.1659	0.1919	0.1988	0.1943	0.2033	0.1985	0.2109	0.2196	0.2262	0.2605	0.2987	0.3199	0.2867	0.2319	0.2178	0.2722	0.2654	0.3459	0.4205	0.4046	0.3459	0.2917	0.2638	0.2991
0.0090	0.0091	0.0371	0.0250	0.0323	0.0392	0.0358	0.0511	0.0468	0.0531	0.0640	0.0574	0.0783	0.0768	0.0686	0.0886	0.1022	0.0981	0.1015	0.1111	0.1178	0.1092	0.1211	0.1102	0.1445	0.1377	0.1195	0.1270	0.1382	0.1286	0.1255	0.1343	0.1359	0.1649	0.1618	0.1409	0.1407	0.1515	0.1487	0.1457	0.1488	0.1472	0.1768	0.1763	0.1806	0.1963	0.2248	0.2473	0.2514	0.2637	0.2909	0.3178	0.2907	0.3305	0.4467	0.5579	0.5234	0.4405	0.2989	0.2642	0.2852	0.2868	0.3989	0.4464	0.4139	0.3503	0.3275	0.3358	0.3376
0.0101	0.0151	0.0344	0.0337	0.0275	0.0432	0.0396	0.0456	0.0608	0.0671	0.0636	0.0810	0.0848	0.0889	0.0829	0.1003	0.0977	0.1264	0.1217	0.1106	0.1256	0.1200	0.1366	0.1227	0.1357	0.1380	0.1355	0.1255	0.1371	0.1428	0.1521	0.1617	0.1565	0.1838	0.1827	0.1586	0.1772	0.1762	0.1833	0.1803	0.1737	0.1850	0.2029	0.2155	0.2372	0.2840	0.3767	0.4475	0.3611	0.3783	0.3733	0.4039	0.4371	0.5824	0.6686	0.6817	0.5830	0.5289	0.4235	0.3273	0.3204	0.3463	0.4135	0.4582	0.4365	0.3446	0.3274	0.3667	0.3183
0.0223	0.0259	0.0198	0.0396	0.0477	0.0440	0.0454	0.0686	0.0849	0.0729	0.0621	0.0871	0.1013	0.0870	0.0853	0.1017	0.1059	0.1426	0.1334	0.1320	0.1359	0.1371	0.1603	0.1400	0.1454	0.1614	0.1524	0.1559	0.1756	0.1669	0.1830	0.1953	0.1987	0.2123	0.2231	0.2023	0.2046	0.2106	0.2220	0.2386	0.2320	0.2373	0.2548	0.2689	0.3068	0.3881	0.5993	0.7196	0.6178	0.4980	0.5573	0.5779	0.5862	0.7279	0.6802	0.6493	0.5739	0.5369	0.5186	0.4327	0.3791	0.4176	0.4590	0.4728	0.4636	0.3920	0.3433	0.3598	0.3234
0.0190	0.0115	0.0352	0.0447	0.0490	0.0407	0.0685	0.0870	0.0891	0.0721	0.0951	0.1060	0.1167	0.1239	0.1340	0.1280	0.1457	0.1528	0.1464	0.1645	0.1780	0.1589	0.1890	0.1853	0.1921	0.1901	0.1829	0.2060	0.2185	0.2379	0.2327	0.2416	0.2573	0.2741	0.2628	0.2577	0.2553	0.2593	0.2643	0.2655	0.2740	0.2795	0.3235	0.3376	0.3920	0.4736	0.6218	0.7892	0.7743	0.6318	0.7385	0.7773	0.6788	0.6846	0.6511	0.6442	0.5944	0.5658	0.5399	0.4974	0.4718	0.4274	0.4570	0.4593	0.4191	0.3692	0.3544	0.3169	0.2895
0.0163	0.0164	0.0364	0.0503	0.0465	0.0452	0.0788	0.0947	0.0964	0.1098	0.1251	0.1536	0.1556	0.1545	0.1751	0.1825	0.2233	0.2484	0.2509	0.2556	0.2573	0.2535	0.2558	0.2672	0.2710	0.2461	0.2546	0.2754	0.2769	0.2922	0.2898	0.3321	0.3632	0.3758	0.2963	0.2917	0.2929	0.3122	0.2884	0.2928	0.3077	0.3360	0.3612	0.3916	0.4639	0.6225	0.7249	0.8238	0.8404	0.7714	0.7023	0.6702	0.6078	0.5864	0.6040	0.6089	0.6023	0.5610	0.5165	0.5362	0.4611	0.4438	0.4347	0.4289	0.4112	0.3831	0.3415	0.3108	0.2894
0.0228	0.0208	0.0348	0.0552	0.0825	0.0952	0.1081	0.1284	0.1465	0.1484	0.1921	0.2518	0.2542	0.2538	0.3045	0.3701	0.4645	0.4556	0.5141	0.5296	0.4929	0.4599	0.4282	0.4096	0.3762	0.3692	0.4242	0.3922	0.4188	0.5044	0.5622	0.6691	0.7546	0.7407	0.4671	0.3497	0.3532	0.3471	0.3072	0.3148	0.3418	0.3643	0.4077	0.4578	0.4912	0.7778	0.8401	0.8523	0.8628	0.7415	0.6630	0.6679	0.6447	0.5948	0.5616	0.5948	0.5739	0.5547	0.5189	0.5178	0.4290	0.4298	0.4470	0.4519	0.3791	0.3431	0.3101	0.3099	0.3043
0.0272	0.0519	0.0643	0.0910	0.1204	0.1507	0.1746	0.2532	0.2734	0.2932	0.4125	0.4705	0.4912	0.4699	0.5316	0.5945	0.6032	0.6350	0.7196	0.7015	0.7543	0.7187	0.6460	0.6538	0.6324	0.6605	0.7396	0.6733	0.6332	0.7786	0.8775	0.9403	0.9091	0.9047	0.7793	0.4995	0.3836	0.3920	0.3762	0.3427	0.3621	0.3893	0.4636	0.4905	0.5490	0.7845	0.8215	0.8299	0.7307	0.6586	0.6668	0.6636	0.6013	0.5824	0.5765	0.5750	0.5345	0.5308	0.5085	0.5172	0.4540	0.3886	0.4049	0.4069	0.3647	0.3178	0.3266	0.3034	0.2771
0.0545	0.0845	0.1234	0.1770	0.2178	0.3147	0.4086	0.5029	0.5224	0.5010	0.5675	0.5608	0.5195	0.5403	0.5350	0.5448	0.5593	0.6069	0.6710	0.6571	0.7081	0.7194	0.6708	0.7024	0.7510	0.7400	0.7398	0.7747	0.7420	0.7856	0.8548	0.8644	0.8613	0.9052	0.9030	0.7509	0.5186	0.4037	0.3947	0.3997	0.3903	0.4216	0.4650	0.5076	0.6495	0.7769	0.8024	0.7785	0.6869	0.6289	0.6029	0.6184	0.5783	0.5431	0.5214	0.4850	0.4656	0.4655	0.4839	0.4523	0.4152	0.3889	0.3788	0.3908	0.3609	0.3186	0.3190	0.3179	0.2904
0.1046	0.1693	0.2708	0.3573	0.4362	0.5374	0.5498	0.5066	0.5160	0.4858	0.4359	0.4522	0.4439	0.4403	0.4521	0.4923	0.5139	0.5660	0.6108	0.6087	0.6249	0.6876	0.6912	0.6933	0.7268	0.7150	0.7421	0.6844	0.6899	0.8112	0.7809	0.7854	0.8023	0.8827	0.8644	0.8464	0.7364	0.5253	0.4466	0.4288	0.4194	0.4354	0.5085	0.5906	0.7691	0.7872	0.7261	0.6914	0.6628	0.6322	0.6342	0.5749	0.5447	0.5436	0.5157	0.4682	0.4275	0.4339	0.4364	0.4181	0.4160	0.3893	0.3681	0.3679	0.3366	0.2914	0.3073	0.3194	0.3110
0.1726	0.2785	0.3313	0.3747	0.3901	0.4132	0.3970	0.3661	0.3553	0.3607	0.3505	0.3436	0.3960	0.3681	0.4412	0.4835	0.5183	0.5762	0.5694	0.5816	0.5670	0.6252	0.6280	0.6846	0.6788	0.6665	0.6849	0.7087	0.7053	0.7938	0.7970	0.8117	0.8340	0.8752	0.8748	0.8583	0.8391	0.7910	0.6210	0.5604	0.4852	0.5049	0.6360	0.7663	0.8352	0.7235	0.6564	0.6658	0.6323	0.5930	0.5455	0.5124	0.5003	0.5248	0.4794	0.4678	0.4363	0.4073	0.3899	0.3911	0.3793	0.3661	0.3670	0.3352	0.3362	0.3080	0.2886	0.3093	0.2786
0.1683	0.2261	0.2435	0.2532	0.2808	0.2729	0.2782	0.2693	0.2659	0.3086	0.3282	0.3472	0.4087	0.4125	0.4148	0.5109	0.5526	0.5731	0.5475	0.5413	0.5564	0.5367	0.5710	0.6162	0.6318	0.6654	0.6350	0.7025	0.7173	0.7280	0.7738	0.7802	0.8361	0.8700	0.8426	0.8641	0.8533	0.8862	0.8237	0.8000	0.6871	0.6351	0.7740	0.7964	0.7021	0.6417	0.6257	0.6031	0.5728	0.5429	0.5227	0.4811	0.4515	0.4843	0.4610	0.4613	0.4332	0.3997	0.4046	0.3903	0.3882	0.3741	0.3567	0.3408	0.3493	0.2967	0.2975	0.2739	0.2759
0.1629	0.1956	0.2424	0.2268	0.2168	0.2349	0.2544	0.2668	0.2729	0.2907	0.3076	0.3461	0.4013	0.4941	0.4976	0.5251	0.5867	0.6065	0.5623	0.5608	0.5659	0.5930	0.6122	0.5965	0.6236	0.6441	0.6466	0.6777	0.6873	0.6620	0.7273	0.7420	0.7590	0.8018	0.7959	0.8155	0.8106	0.8325	0.7757	0.7629	0.8143	0.7917	0.7466	0.7052	0.6445	0.6096	0.5794	0.5357	0.5400	0.5119	0.5303	0.5098	0.4749	0.4645	0.4319	0.4598	0.4281	0.4446	0.4170	0.3705	0.3892	0.3792	0.3485	0.3189	0.3351	0.3130	0.2885	0.2789	0.2760
0.1537	0.1926	0.2215	0.2042	0.2272	0.2412	0.2635	0.2730	0.2819	0.2987	0.3188	0.3270	0.3946	0.4488	0.4709	0.5224	0.5868	0.6059	0.5773	0.5356	0.5943	0.6247	0.6165	0.6403	0.6344	0.6093	0.6379	0.6625	0.6737	0.6861	0.6901	0.7209	0.7672	0.7545	0.7244	0.7178	0.7583	0.7756	0.7788	0.7058	0.7385	0.6957	0.6631	0.6432	0.6369	0.5615	0.5454	0.5439	0.5225	0.4869	0.5162	0.5468	0.5323	0.4976	0.4738	0.4798	0.4638	0.4418	0.4364	0.4223	0.3956	0.3807	0.3696	0.3546	0.3151	0.3247	0.2825	0.2867	0.2785
0.1647	0.1787	0.2067	0.2215	0.2431	0.2490	0.2843	0.2861	0.2746	0.2762	0.3222	0.3386	0.3809	0.4374	0.4725	0.4912	0.5545	0.5522	0.5994	0.5922	0.5749	0.6318	0.6115	0.5919	0.6376	0.5921	0.6274	0.6443	0.6577	0.6890	0.6996	0.7353	0.7483	0.7454	0.7478	0.7072	0.7285	0.7117	0.6941	0.6671	0.6503	0.6316	0.6175	0.6059	0.5998	0.5892	0.5906	0.5762	0.5445	0.5227	0.4813	0.4905	0.5277	0.5016	0.4567	0.4880	0.4809	0.4727	0.4627	0.4288	0.3801	0.3847	0.3705	0.3653	0.3287	0.3165	0.2777	0.2960	0.2846
0.1552	0.1860	0.2069	0.2122	0.2429	0.2452	0.2785	0.2633	0.2953	0.3136	0.3236	0.3628	0.3996	0.4415	0.4556	0.4627	0.5195	0.5633	0.5633	0.5744	0.5618	0.6204	0.6283	0.6414	0.6407	0.5947	0.5944	0.6160	0.6574	0.7003	0.7222	0.7290	0.7272	0.7220	0.7363	0.6979	0.7268	0.6862	0.6775	0.6535	0.6187	0.6196	0.6314	0.5630	0.5603	0.5386	0.5461	0.5895	0.5805	0.5365	0.4969	0.4868	0.4822	0.4855	0.5031	0.4908	0.4582	0.4857	0.4646	0.4325	0.4037	0.3950	0.3949	0.3615	0.3431	0.3088	0.2829	0.3022	0.2942
0.1633	0.1826	0.1912	0.2238	0.2480	0.2786	0.2607	0.2761	0.2896	0.3232	0.3439	0.3752	0.4059	0.4291	0.4730	0.4895	0.5488	0.5582	0.5156	0.5199	0.5896	0.6086	0.5879	0.5868	0.6347	0.5986	0.6079	0.6391	0.6756	0.6701	0.7068	0.7199	0.7197	0.7078	0.6847	0.6681	0.6917	0.6525	0.6471	0.6423	0.6104	0.6251	0.5946	0.5678	0.5702	0.5605	0.5949	0.5971	0.6083	0.5675	0.5470	0.5321	0.4942	0.4796	0.5067	0.5137	0.4616	0.4567	0.4547	0.4280	0.4203	0.4003	0.3774	0.3546	0.3347	0.3509	0.3158	0.3074	0.2901
0.1619	0.1719	0.1928	0.2369	0.2463	0.2641	0.2600	0.2773	0.2958	0.3027	0.3593	0.3552	0.3953	0.4529	0.4550	0.4491	0.4568	0.4880	0.5473	0.5445	0.5618	0.5726	0.5898	0.5860	0.5818	0.5649	0.6389	0.6321	0.6457	0.6501	0.6687	0.7061	0.6887	0.6837	0.6534	0.6334	0.6232	0.6226	0.6181	0.6384	0.6270	0.5877	0.5594	0.5768	0.6040	0.5761	0.5647	0.5636	0.5892	0.5639	0.5614	0.5474	0.4983	0.5023	0.4956	0.4879	0.4529	0.4539	0.4656	0.4557	0.4188	0.4029	0.3919	0.3530	0.3318	0.3256	0.3251	0.3267	0.3049
0.1596	0.1809	0.1911	0.2343	0.2218	0.2361	0.2587	0.2717	0.2654	0.3161	0.3283	0.3429	0.3969	0.4334	0.4360	0.4270	0.4669	0.4997	0.5290	0.5590	0.5074	0.5270	0.5331	0.5695	0.5475	0.5530	0.5829	0.6054	0.6226	0.6339	0.6461	0.6850	0.6466	0.6353	0.6200	0.6400	0.6305	0.6177	0.6331	0.6141	0.6456	0.6644	0.6218	0.5782	0.5997	0.5738	0.6073	0.5995	0.5607	0.5323	0.5569	0.5601	0.5599	0.5437	0.4867	0.5002	0.5251	0.4622	0.4566	0.4644	0.4215	0.4051	0.3693	0.3303	0.3452	0.3302	0.3232	0.3106	0.3338
0.1596	0.1792	0.1944	0.2487	0.2311	0.2448	0.2579	0.2666	0.2792	0.3058	0.3418	0.3569	0.3837	0.4097	0.4447	0.4656	0.4498	0.4884	0.5349	0.5413	0.5368	0.5298	0.5449	0.5489	0.5794	0.5313	0.5987	0.6058	0.6266	0.6162	0.6515	0.6789	0.6576	0.6537	0.6320	0.6215	0.6088	0.6582	0.6435	0.6229	0.6193	0.6335	0.6323	0.6109	0.6026	0.5625	0.6107	0.5817	0.5875	0.5790	0.5572	0.5290	0.5510	0.5433	0.5123	0.5036	0.4830	0.4808	0.4623	0.4360	0.4358	0.4229	0.3917	0.3694	0.3808	0.3531	0.3198	0.2939	0.2941
0.1618	0.1809	0.2223	0.2614	0.2489	0.2500	0.2554	0.2643	0.2821	0.3188	0.3689	0.3818	0.3814	0.4128	0.3869	0.4604	0.4902	0.5066	0.4998	0.5312	0.5266	0.5150	0.5341	0.5667	0.5809	0.5643	0.5856	0.6301	0.6511	0.6662	0.6456	0.6663	0.7062	0.6778	0.6420	0.6327	0.6449	0.6704	0.6379	0.6045	0.6192	0.6262	0.6125	0.6019	0.5719	0.5626	0.5874	0.6055	0.5537	0.5814	0.5515	0.5273	0.5435	0.5277	0.5168	0.5186	0.4801	0.4559	0.4203	0.4323	0.4218	0.4116	0.3962	0.4042	0.3875	0.3578	0.3238	0.3370	0.3059
0.1627	0.2007	0.2432	0.2282	0.2541	0.2682	0.2641	0.2750	0.3110	0.3290	0.3522	0.3785	0.3943	0.3940	0.4052	0.4476	0.4894	0.5066	0.4965	0.5084	0.5249	0.5388	0.5178	0.5415	0.5542	0.5522	0.5445	0.5947	0.6249	0.6479	0.6812	0.6952	0.6967	0.7089	0.6994	0.7307	0.7272	0.6816	0.6599	0.6580	0.6146	0.6296	0.6105	0.5926	0.5675	0.5489	0.5701	0.5721	0.5686	0.5966	0.5750	0.5692	0.5968	0.5639	0.5180	0.5051	0.4885	0.4879	0.4532	0.4461	0.4299	0.4179	0.3960	0.3710	0.3866	0.3507	0.3269	0.3341	0.3024
0.1588	0.1803	0.2120	0.2368	0.2275	0.2680	0.2860	0.2874	0.3169	0.3204	0.3318	0.3432	0.3884	0.4042	0.4246	0.4610	0.4739	0.5020	0.4991	0.5031	0.5292	0.5507	0.5451	0.5554	0.5866	0.5801	0.5356	0.6129	0.6613	0.6618	0.6720	0.6926	0.7468	0.7337	0.7776	0.7533	0.7488	0.7297	0.7144	0.6617	0.5905	0.5987	0.6398	0.5797	0.5891	0.5831	0.5713	0.6136	0.5871	0.6020	0.6032	0.5802	0.5941	0.6028	0.5564	0.5230	0.5195	0.4975	0.4686	0.4328	0.4450	0.4400	0.4424	0.3902	0.3814	0.3623	0.3438	0.3336	0.3161
0.1773	0.1992	0.1813	0.2369	0.2488	0.2403	0.2747	0.3004	0.3087	0.3128	0.3255	0.3699	0.3861	0.3749	0.4173	0.4611	0.4846	0.5019	0.5083	0.5409	0.5470	0.5706	0.5734	0.5962	0.6286	0.6129	0.6110	0.6399	0.6898	0.6436	0.7247	0.7474	0.7327	0.7531	0.7888	0.7865	0.7934	0.7689	0.7217	0.6574	0.6255	0.6331	0.6170	0.6091	0.6100	0.5639	0.6062	0.6214	0.6190	0.6290	0.6039	0.6202	0.6199	0.6040	0.5555	0.5271	0.5146	0.5281	0.4490	0.4538	0.4615	0.4583	0.4413	0.3884	0.3627	0.3770	0.3831	0.3316	0.3062
0.1823	0.1939	0.2269	0.2260	0.2520	0.2351	0.2602	0.3039	0.3419	0.3392	0.3234	0.3529	0.3674	0.3873	0.4020	0.4896	0.4670	0.5000	0.5105	0.5568	0.6010	0.5506	0.5762	0.5894	0.6346	0.6548	0.6384	0.6447	0.7212	0.6958	0.7660	0.7776	0.7944	0.8163	0.7993	0.7782	0.7728	0.8005	0.7853	0.6810	0.6398	0.6349	0.5961	0.6075	0.5588	0.5585	0.6095	0.5994	0.6217	0.6412	0.6366	0.6058	0.5926	0.5785	0.5630	0.5462	0.5296	0.5096	0.5136	0.4530	0.4353	0.4239	0.4314	0.4275	0.3962	0.4075	0.3849	0.3572	0.3711
0.1532	0.1861	0.2044	0.2044	0.2505	0.2652	0.2663	0.2885	0.3402	0.3043	0.3335	0.3564	0.3724	0.4243	0.4190	0.4607	0.4906	0.5278	0.5282	0.5850	0.6115	0.5963	0.6065	0.6419	0.6957	0.6807	0.6565	0.6522	0.6882	0.7039	0.7484	0.7853	0.7975	0.8157	0.8324	0.8106	0.8034	0.8165	0.8319	0.7578	0.6827	0.6605	0.6296	0.6105	0.5793	0.5844	0.5849	0.6024	0.5848	0.6879	0.6694	0.6463	0.6444	0.6263	0.6018	0.5741	0.5476	0.5267	0.5169	0.4893	0.4675	0.4269	0.4247	0.4384	0.4216	0.3984	0.4002	0.3640	0.3512
0.1517	0.1797	0.1923	0.1789	0.2316	0.2688	0.2802	0.2935	0.3169	0.3310	0.3534	0.3686	0.4005	0.4512	0.4493	0.4765	0.5075	0.5521	0.5621	0.6018	0.5851	0.5937	0.6019	0.6635	0.7081	0.6820	0.6362	0.6678	0.6969	0.6914	0.7230	0.7595	0.8285	0.8482	0.8443	0.8697	0.8438	0.8630	0.8554	0.8296	0.7843	0.7468	0.6939	0.6797	0.6439	0.6350	0.6454	0.6332	0.6324	0.6962	0.7361	0.6980	0.6402	0.6123	0.6032	0.5862	0.5627	0.5478	0.5010	0.4845	0.4813	0.4452	0.4562	0.4670	0.4147	0.3974	0.4034	0.3898	0.3838
0.1409	0.1634	0.2078	0.2117	0.2445	0.2856	0.2989	0.3103	0.3385	0.3324	0.3328	0.4029	0.4405	0.4415	0.4539	0.5136	0.5488	0.5937	0.5894	0.6125	0.6266	0.6225	0.6109	0.6596	0.6674	0.6966	0.6786	0.7064	0.7305	0.7231	0.7347	0.7908	0.8434	0.8766	0.8592	0.8643	0.8876	0.9244	0.9128	0.8812	0.8576	0.8829	0.8154	0.7792	0.7407	0.7009	0.7458	0.6920	0.7059	0.7347	0.7049	0.6794	0.6531	0.6019	0.5948	0.6047	0.5747	0.5632	0.5360	0.5059	0.4752	0.4744	0.4843	0.4754	0.4365	0.4223	0.4189	0.3922	0.4011
0.1723	0.1971	0.2429	0.2631	0.2759	0.3029	0.3218	0.3184	0.3391	0.3556	0.3731	0.4153	0.4454	0.4481	0.5049	0.5332	0.5743	0.6431	0.6445	0.6370	0.6494	0.6831	0.6726	0.6952	0.7116	0.7602	0.7345	0.7536	0.7974	0.7233	0.8232	0.8802	0.8434	0.8828	0.9346	0.9190	0.9420	0.9772	1.0000	0.9477	0.9422	0.9092	0.9228	0.8628	0.8703	0.8233	0.8168	0.8093	0.8086	0.7844	0.7349	0.7111	0.6904	0.6620	0.6574	0.6231	0.6034	0.5907	0.5782	0.5132	0.5235	0.4966	0.5009	0.4912	0.4727	0.4513	0.4380	0.4087	0.4321
0.2009	0.2749	0.3598	0.4009	0.4032	0.3968	0.4000	0.3972	0.4046	0.3755	0.4054	0.4461	0.4489	0.4781	0.5325	0.5306	0.5938	0.6241	0.6223	0.6475	0.6421	0.7416	0.7444	0.7289	0.7548	0.7688	0.7578	0.7471	0.7862	0.7844	0.8394	0.9162	0.9445	0.9652	0.9833	0.9615	0.9562	0.9700	0.8273	0.6420	0.6422	0.7249	0.7366	0.7156	0.8677	0.8831	0.7616	0.7466	0.8574	0.8463	0.7567	0.7240	0.7023	0.6749	0.6227	0.6082	0.6066	0.6022	0.5909	0.5763	0.5922	0.5483	0.5309	0.5308	0.4971	0.4571	0.4476	0.4321	0.4170
0.1504	0.2574	0.3812	0.5108	0.5860	0.5934	0.5788	0.5362	0.5126	0.5216	0.4705	0.4773	0.4806	0.5270	0.5659	0.5664	0.6293	0.6649	0.6875	0.7328	0.7135	0.7783	0.7973	0.7661	0.7446	0.7526	0.7432	0.7401	0.8068	0.8431	0.9157	0.8973	0.9280	0.9524	0.9081	0.7955	0.7632	0.7375	0.4901	0.3228	0.3371	0.4061	0.4404	0.4889	0.6187	0.8104	0.7503	0.7480	0.8786	0.8423	0.7632	0.7280	0.7277	0.6976	0.6483	0.6302	0.6280	0.6204	0.6263	0.6135	0.6011	0.6003	0.5823	0.5687	0.5277	0.4703	0.4618	0.4674	0.4251
0.0750	0.1079	0.1774	0.2951	0.4310	0.5103	0.6062	0.6259	0.6118	0.6224	0.6165	0.5511	0.5568	0.5846	0.6132	0.6580	0.6710	0.7303	0.7501	0.7902	0.8012	0.8011	0.8064	0.8127	0.8482	0.7952	0.8140	0.7853	0.8701	0.9033	0.9303	0.8886	0.8686	0.8033	0.5150	0.4009	0.3637	0.3862	0.3109	0.2863	0.3137	0.3253	0.3792	0.3968	0.4558	0.6276	0.7046	0.8628	0.9235	0.8762	0.7818	0.7552	0.7171	0.6822	0.6599	0.6825	0.6666	0.6665	0.6497	0.6613	0.6511	0.6478	0.5830	0.5621	0.5291	0.4875	0.4770	0.4780	0.4299
0.0381	0.0600	0.0709	0.0945	0.1216	0.1872	0.2558	0.3368	0.4266	0.4546	0.5667	0.5886	0.5978	0.6219	0.6375	0.6332	0.6860	0.7216	0.7332	0.7574	0.8130	0.7853	0.7888	0.7901	0.7458	0.6133	0.6552	0.6734	0.6993	0.8037	0.7912	0.5982	0.5443	0.5086	0.2922	0.2847	0.2633	0.2719	0.2703	0.2876	0.2994	0.3018	0.3330	0.3540	0.4268	0.5020	0.6849	0.9306	0.9018	0.8488	0.8367	0.7701	0.7196	0.7096	0.6800	0.6706	0.7286	0.6591	0.6389	0.6858	0.6722	0.6072	0.6143	0.5826	0.5680	0.5481	0.4957	0.4479	0.4214
0.0232	0.0347	0.0445	0.0544	0.0516	0.0827	0.1160	0.1172	0.1473	0.2021	0.2564	0.3362	0.4193	0.4765	0.5133	0.5442	0.5661	0.6191	0.6324	0.5864	0.6160	0.6825	0.6680	0.5093	0.3558	0.2952	0.2800	0.2919	0.3347	0.3945	0.3557	0.2668	0.2720	0.2890	0.2488	0.2319	0.2486	0.2608	0.2536	0.2654	0.3052	0.2975	0.3159	0.3472	0.4082	0.4661	0.7782	0.9613	0.9137	0.8887	0.8362	0.7614	0.7106	0.7252	0.7085	0.7093	0.7317	0.7285	0.6937	0.7246	0.7032	0.6345	0.6560	0.6110	0.5738	0.5646	0.5357	0.4517	0.4415
0.0317	0.0333	0.0332	0.0520	0.0653	0.0620	0.0820	0.1006	0.1088	0.1029	0.1079	0.1179	0.1665	0.1845	0.2412	0.2583	0.2496	0.2498	0.2533	0.2418	0.2591	0.3429	0.3336	0.2002	0.1807	0.1826	0.1751	0.1859	0.2104	0.2213	0.2165	0.2184	0.2141	0.2191	0.2151	0.2032	0.2242	0.2260	0.2392	0.2356	0.2557	0.2739	0.2784	0.3061	0.3540	0.4112	0.5836	0.7716	0.7862	0.8828	0.8433	0.7629	0.7166	0.7288	0.7495	0.7781	0.7741	0.7430	0.6932	0.7629	0.7167	0.6805	0.6716	0.6294	0.5990	0.5794	0.5263	0.4880	0.4896
0.0247	0.0226	0.0370	0.0496	0.0566	0.0649	0.0591	0.0664	0.0739	0.0839	0.0851	0.1013	0.1001	0.0890	0.1074	0.1247	0.1167	0.1226	0.1114	0.1301	0.1346	0.1348	0.1463	0.1400	0.1457	0.1310	0.1327	0.1380	0.1462	0.1632	0.1644	0.1587	0.1668	0.1852	0.1894	0.1803	0.1824	0.1984	0.2038	0.2053	0.2133	0.2396	0.2543	0.2783	0.2918	0.3348	0.3853	0.4938	0.7451	0.9046	0.8687	0.7858	0.7717	0.7626	0.7661	0.7811	0.7385	0.7413	0.7283	0.7261	0.7169	0.7002	0.6884	0.6554	0.5752	0.5865	0.5398	0.5143	0.4672
0.0067	0.0067	0.0329	0.0392	0.0541	0.0545	0.0686	0.0537	0.0574	0.0622	0.0695	0.0775	0.0741	0.0748	0.0952	0.0940	0.0993	0.0963	0.0979	0.1133	0.1016	0.0980	0.1028	0.1185	0.1308	0.1117	0.1060	0.1090	0.1190	0.1134	0.1201	0.1239	0.1342	0.1333	0.1454	0.1364	0.1439	0.1491	0.1560	0.1564	0.1655	0.1938	0.2138	0.2497	0.2623	0.2928	0.3464	0.4494	0.7818	0.8951	0.8342	0.7895	0.8031	0.7852	0.7514	0.7793	0.7530	0.7322	0.6943	0.7299	0.7496	0.7339	0.7054	0.6581	0.5686	0.5555	0.5170	0.4980	0.4928
0.0115	0.0105	0.0248	0.0219	0.0459	0.0488	0.0540	0.0584	0.0551	0.0518	0.0638	0.0632	0.0777	0.0652	0.0773	0.0796	0.0918	0.0814	0.0982	0.0950	0.0872	0.0872	0.0821	0.1068	0.1029	0.0906	0.1053	0.1119	0.0958	0.0976	0.1085	0.1043	0.1048	0.1053	0.1122	0.1063	0.1072	0.1080	0.1119	0.1195	0.1393	0.1386	0.1589	0.2029	0.2263	0.2410	0.2912	0.3778	0.7081	0.9411	0.9103	0.8508	0.8323	0.8013	0.7384	0.8046	0.8101	0.7296	0.6713	0.6931	0.7027	0.6984	0.6824	0.6534	0.5803	0.5405	0.5352	0.5111	0.5134
0.0113	0.0203	0.0167	0.0312	0.0317	0.0327	0.0426	0.0531	0.0483	0.0331	0.0568	0.0517	0.0599	0.0675	0.0698	0.0670	0.0885	0.0942	0.0740	0.0868	0.0840	0.0779	0.0860	0.0813	0.0840	0.0842	0.0790	0.0948	0.0936	0.0938	0.0908	0.0899	0.0974	0.0886	0.0933	0.0974	0.0997	0.0958	0.0985	0.0912	0.1034	0.1083	0.1118	0.1301	0.1411	0.1653	0.2048	0.2635	0.4670	0.7482	0.7986	0.7396	0.7761	0.7131	0.5465	0.7480	0.8128	0.7200	0.6654	0.6611	0.6817	0.6635	0.6152	0.5542	0.6164	0.5849	0.5548	0.5663	0.5066
0.0009	0.0159	0.0136	0.0284	0.0257	0.0303	0.0287	0.0335	0.0355	0.0470	0.0642	0.0541	0.0690	0.0590	0.0689	0.0760	0.0761	0.0716	0.0698	0.0696	0.0728	0.0687	0.0725	0.0698	0.0729	0.0766	0.0700	0.0746	0.0798	0.0898	0.0738	0.0857	0.0957	0.0919	0.0811	0.0819	0.0870	0.0812	0.0858	0.0868	0.0805	0.0930	0.0912	0.0940	0.1084	0.1179	0.1331	0.1530	0.1891	0.2631	0.2999	0.3349	0.4004	0.3579	0.3704	0.6649	0.7556	0.7286	0.6773	0.7056	0.6756	0.5762	0.3460	0.3737	0.5723	0.6167	0.5656	0.5427	0.4411
0.0000	0.0000	0.0158	0.0293	0.0132	0.0265	0.0306	0.0362	0.0317	0.0342	0.0474	0.0496	0.0524	0.0528	0.0644	0.0651	0.0645	0.0526	0.0591	0.0668	0.0754	0.0681	0.0619	0.0689	0.0726	0.0759	0.0663	0.0728	0.0755	0.0722	0.0692	0.0658	0.0771	0.0745	0.0687	0.0677	0.0724	0.0736	0.0800	0.0847	0.0812	0.0833	0.0825	0.0779	0.0919	0.0953	0.1045	0.1129	0.1214	0.1305	0.1440	0.1654	0.1844	0.2093	0.2868	0.6141	0.7580	0.7065	0.6867	0.6826	0.4866	0.2691	0.1747	0.2314	0.3595	0.5028	0.5181	0.4089	0.3460
0.0000	0.0001	0.0247	0.0187	0.0075	0.0115	0.0270	0.0385	0.0332	0.0266	0.0277	0.0455	0.0412	0.0443	0.0477	0.0565	0.0622	0.0528	0.0494	0.0598	0.0598	0.0617	0.0584	0.0584	0.0744	0.0737	0.0721	0.0674	0.0644	0.0662	0.0659	0.0664	0.0727	0.0710	0.0682	0.0729	0.0770	0.0761	0.0710	0.0765	0.0874	0.0842	0.0771	0.0798	0.0834	0.0858	0.0936	0.0956	0.0868	0.1128	0.1114	0.1097	0.1150	0.1532	0.1901	0.3704	0.5844	0.5365	0.4164	0.2990	0.1882	0.1211	0.1187	0.1393	0.1620	0.2278	0.2377	0.2089	0.3114
0.0000	0.0000	0.0004	0.0128	0.0204	0.0319	0.0256	0.0271	0.0323	0.0345	0.0165	0.0352	0.0474	0.0592	0.0588	0.0576	0.0618	0.0639	0.0483	0.0513	0.0588	0.0607	0.0553	0.0506	0.0592	0.0595	0.0571	0.0630	0.0688	0.0597	0.0639	0.0639	0.0611	0.0654	0.0651	0.0674	0.0729	0.0684	0.0667	0.0637	0.0715	0.0729	0.0757	0.0697	0.0735	0.0825	0.0812	0.0811	0.0887	0.0936	0.0934	0.0988	0.0910	0.1014	0.1111	0.1289	0.1793	0.1819	0.1385	0.1204	0.1045	0.1044	0.1100	0.1092	0.1038	0.1096	0.1123	0.1312	0.1798
0.0000	0.0000	0.0000	0.0087	0.0097	0.0100	0.0224	0.0376	0.0273	0.0343	0.0321	0.0361	0.0343	0.0388	0.0395	0.0425	0.0485	0.0422	0.0396	0.0540	0.0515	0.0473	0.0489	0.0464	0.0548	0.0556	0.0569	0.0468	0.0549	0.0588	0.0605	0.0564	0.0563	0.0683	0.0568	0.0602	0.0613	0.0588	0.0600	0.0631	0.0604	0.0652	0.0746	0.0654	0.0708	0.0689	0.0692	0.0707	0.0822	0.0766	0.0740	0.0814	0.0834	0.0868	0.0870	0.0933	0.0941	0.1013	0.1022	0.1024	0.1055	0.0883	0.0771	0.0920	0.0859	0.0844	0.0866	0.0823	0.0863
0.0000	0.0000	0.0000	0.0049	0.0025	0.0011	0.0045	0.0151	0.0177	0.0134	0.0246	0.0381	0.0273	0.0193	0.0269	0.0266	0.0422	0.0399	0.0361	0.0451	0.0432	0.0433	0.0435	0.0477	0.0529	0.0585	0.0548	0.0482	0.0466	0.0501	0.0547	0.0460	0.0501	0.0512	0.0500	0.0591	0.0542	0.0543	0.0604	0.0576	0.0583	0.0619	0.0667	0.0557	0.0627	0.0625	0.0745	0.0726	0.0730	0.0695	0.0752	0.0796	0.0776	0.0780	0.0844	0.0904	0.0863	0.0846	0.1001	0.0913	0.0896	0.0751	0.0779	0.0807	0.0843	0.0899	0.0795	0.0772	0.0784
0.0000	0.0000	0.0000	0.0061	0.0007	0.0002	0.0001	0.0072	0.0080	0.0170	0.0187	0.0423	0.0388	0.0267	0.0307	0.0345	0.0393	0.0427	0.0362	0.0434	0.0442	0.0403	0.0400	0.0388	0.0422	0.0465	0.0430	0.0497	0.0552	0.0505	0.0498	0.0451	0.0539	0.0516	0.0504	0.0451	0.0517	0.0579	0.0563	0.0509	0.0574	0.0537	0.0592	0.0583	0.0561	0.0604	0.0732	0.0668	0.0653	0.0779	0.0727	0.0736	0.0739	0.0759	0.0858	0.0883	0.0878	0.0817	0.0793	0.0778	0.0794	0.0708	0.0764	0.0813	0.0731	0.0729	0.0687	0.0734	0.0631
0.0000	0.0000	0.0000	0.0011	0.0000	0.0000	0.0159	0.0163	0.0100	0.0157	0.0218	0.0243	0.0253	0.0206	0.0203	0.0395	0.0337	0.0376	0.0390	0.0479	0.0459	0.0392	0.0360	0.0443	0.0515	0.0414	0.0385	0.0396	0.0484	0.0531	0.0526	0.0499	0.0450	0.0475	0.0466	0.0434	0.0453	0.0576	0.0552	0.0578	0.0560	0.0518	0.0578	0.0527	0.0481	0.0568	0.0605	0.0650	0.0704	0.0744	0.0637	0.0660	0.0688	0.0729	0.0741	0.0774	0.0756	0.0720	0.0717	0.0712	0.0714	0.0648	0.0644	0.0709	0.0748	0.0666	0.0596	0.0576	0.0416
0.0029	0.0000	0.0000	0.0000	0.0000	0.0000	0.0109	0.0132	0.0050	0.0043	0.0198	0.0367	0.0244	0.0095	0.0118	0.0230	0.0289	0.0217	0.0261	0.0333	0.0402	0.0334	0.0299	0.0362	0.0447	0.0364	0.0301	0.0400	0.0432	0.0452	0.0470	0.0408	0.0402	0.0424	0.0420	0.0482	0.0420	0.0430	0.0489	0.0437	0.0428	0.0497	0.0592	0.0511	0.0512	0.0576	0.0575	0.0606	0.0678	0.0638	0.0633	0.0560	0.0634	0.0647	0.0681	0.0789	0.0696	0.0620	0.0612	0.0588	0.0627	0.0603	0.0629	0.0650	0.0607	0.0595	0.0555	0.0573	0.0486
0.0000	0.0000	0.0000	0.0000	0.0000	0.0000	0.0078	0.0131	0.0039	0.0143	0.0298	0.0306	0.0270	0.0147	0.0145	0.0214	0.0276	0.0270	0.0304	0.0386	0.0355	0.0412	0.0349	0.0322	0.0280	0.0374	0.0359	0.0377	0.0429	0.0508	0.0415	0.0373	0.0417	0.0384	0.0456	0.0442	0.0479	0.0473	0.0454	0.0425	0.0431	0.0427	0.0462	0.0474	0.0557	0.0466	0.0567	0.0576	0.0594	0.0584	0.0677	0.0636	0.0619	0.0647	0.0717	0.0735	0.0678	0.0728	0.0749	0.0669	0.0752	0.0636	0.0732	0.0789	0.0702	0.0664	0.0546	0.0699	0.0573
