0.0000	0.0000	0.0021	0.0023	0.0043	0.0000	0.0164	0.0048	0.0071	0.0168	0.0017	0.0318	0.0206	0.0204	0.0291	0.0380	0.0467	0.0289	0.0207	0.0298	0.0253	0.0319	0.0454	0.0505	0.0578	0.0467	0.0584	0.0576	0.0578	0.0673	0.0563	0.0588	0.0615	0.0657	0.0712	0.0716	0.0761	0.0777	0.0692	0.0813	0.0760	0.0897	0.0876	0.0797	0.0753	0.0757	0.0895	0.1015	0.0867	0.1008	0.0961	0.0847	0.0968	0.0900	0.0994	0.0801	0.0791	0.0880	0.0754	0.0659	0.0551	0.0745	0.0722	0.0655	0.0740	0.0672	0.0552	0.0605	0.0466
0.0000	0.0000	0.0002	0.0000	0.0000	0.0205	0.0218	0.0162	0.0249	0.0095	0.0037	0.0167	0.0172	0.0165	0.0234	0.0306	0.0399	0.0509	0.0337	0.0314	0.0523	0.0487	0.0496	0.0606	0.0695	0.0647	0.0624	0.0619	0.0601	0.0779	0.0801	0.0657	0.0627	0.0697	0.0780	0.0875	0.0827	0.0917	0.0797	0.0861	0.0905	0.0980	0.0853	0.0859	0.1067	0.0883	0.1039	0.1111	0.0994	0.1064	0.1154	0.0987	0.0867	0.0918	0.0928	0.0893	0.0816	0.0821	0.0815	0.0789	0.0823	0.0757	0.0797	0.0896	0.0743	0.0658	0.0670	0.0565	0.0524
0.0000	0.0000	0.0000	0.0130	0.0069	0.0063	0.0093	0.0131	0.0128	0.0064	0.0161	0.0309	0.0297	0.0292	0.0188	0.0377	0.0306	0.0445	0.0371	0.0379	0.0509	0.0490	0.0419	0.0590	0.0752	0.0665	0.0872	0.0704	0.0643	0.0619	0.0689	0.0623	0.0823	0.0875	0.0859	0.0791	0.0789	0.0949	0.0903	0.0946	0.0925	0.1045	0.1107	0.0991	0.1128	0.1095	0.1101	0.0941	0.0958	0.1004	0.1158	0.1423	0.1128	0.1152	0.1087	0.0974	0.1004	0.0956	0.0943	0.0936	0.1045	0.0795	0.0838	0.0776	0.0851	0.0906	0.0674	0.0690	0.0658
0.0000	0.0003	0.0000	0.0035	0.0084	0.0099	0.0117	0.0199	0.0143	0.0155	0.0284	0.0373	0.0338	0.0274	0.0204	0.0391	0.0338	0.0529	0.0487	0.0521	0.0575	0.0566	0.0495	0.0582	0.0642	0.0572	0.0758	0.0690	0.0637	0.0624	0.0654	0.0800	0.0872	0.0841	0.0937	0.0892	0.0803	0.0958	0.0973	0.0999	0.1081	0.1144	0.1175	0.1104	0.1272	0.1192	0.1079	0.1001	0.1023	0.1059	0.1336	0.1442	0.1222	0.1311	0.1382	0.1018	0.1045	0.1053	0.0943	0.0943	0.1062	0.1111	0.1111	0.0881	0.1033	0.1010	0.0744	0.0768	0.0978
0.0000	0.0050	0.0061	0.0046	0.0050	0.0061	0.0166	0.0239	0.0190	0.0291	0.0345	0.0306	0.0381	0.0304	0.0252	0.0383	0.0471	0.0471	0.0527	0.0457	0.0561	0.0544	0.0575	0.0684	0.0641	0.0666	0.0649	0.0598	0.0779	0.0725	0.0793	0.0730	0.0882	0.0875	0.0980	0.0956	0.0928	0.0886	0.0941	0.1023	0.1045	0.1038	0.1189	0.1090	0.1181	0.1142	0.1199	0.1071	0.1197	0.1246	0.1303	0.1316	0.1395	0.1510	0.1303	0.1196	0.1146	0.1091	0.1013	0.1174	0.1103	0.1013	0.1114	0.1181	0.1066	0.0893	0.1009	0.0945	0.1028
0.0000	0.0000	0.0093	0.0167	0.0108	0.0078	0.0145	0.0274	0.0261	0.0254	0.0260	0.0302	0.0498	0.0396	0.0287	0.0485	0.0578	0.0490	0.0472	0.0558	0.0677	0.0702	0.0681	0.0742	0.0755	0.0651	0.0678	0.0709	0.0761	0.0786	0.0724	0.0746	0.1025	0.1088	0.0966	0.0917	0.0928	0.0997	0.1054	0.1094	0.1244	0.1195	0.1192	0.1280	0.1338	0.1127	0.1095	0.1220	0.1341	0.1375	0.1381	0.1446	0.1585	0.1324	0.1220	0.1500	0.1353	0.1129	0.1161	0.1393	0.1226	0.1171	0.1217	0.1317	0.1296	0.1059	0.1047	0.1196	0.1267
0.0000	0.0000	0.0172	0.0094	0.0113	0.0104	0.0190	0.0305	0.0314	0.0285	0.0370	0.0562	0.0634	0.0402	0.0441	0.0589	0.0617	0.0592	0.0575	0.0456	0.0714	0.0871	0.0636	0.0584	0.0818	0.0901	0.0800	0.0730	0.0919	0.0988	0.0878	0.0761	0.1032	0.1151	0.1074	0.1027	0.0974	0.1097	0.1139	0.1120	0.1269	0.1416	0.1305	0.1294	0.1336	0.1235	0.1226	0.1444	0.1444	0.1562	0.1573	0.1589	0.1582	0.1350	0.1396	0.1522	0.1604	0.1394	0.1388	0.1328	0.1314	0.1483	0.1496	0.1669	0.1698	0.1405	0.1366	0.1722	0.2339
0.0000	0.0112	0.0138	0.0119	0.0099	0.0067	0.0310	0.0323	0.0341	0.0427	0.0489	0.0651	0.0578	0.0531	0.0540	0.0569	0.0727	0.0661	0.0582	0.0510	0.0621	0.0838	0.0598	0.0752	0.0912	0.0896	0.0801	0.0736	0.0902	0.1031	0.1044	0.0840	0.1001	0.1098	0.1084	0.0963	0.1246	0.1239	0.1171	0.1313	0.1377	0.1375	0.1576	0.1443	0.1352	0.1555	0.1576	0.1765	0.1621	0.1630	0.1700	0.1755	0.1674	0.1693	0.1608	0.1619	0.1730	0.1600	0.1761	0.1613	0.1592	0.1862	0.1893	0.1875	0.1869	0.1782	0.1901	0.2411	0.3105
0.0028	0.0106	0.0135	0.0197	0.0175	0.0206	0.0398	0.0423	0.0455	0.0435	0.0512	0.0568	0.0621	0.0623	0.0576	0.0614	0.0556	0.0761	0.0726	0.0694	0.0726	0.0771	0.0784	0.0853	0.0974	0.0806	0.0859	0.0797	0.1066	0.0993	0.0975	0.0989	0.1098	0.1142	0.1152	0.1206	0.1316	0.1252	0.1240	0.1445	0.1440	0.1519	0.1752	0.1692	0.1797	0.1763	0.1839	0.1919	0.1900	0.2012	0.2294	0.2483	0.2345	0.2416	0.2174	0.2256	0.2093	0.2002	0.1928	0.1951	0.2047	0.2247	0.2335	0.2278	0.2132	0.2102	0.2494	0.3415	0.3488
0.0111	0.0102	0.0188	0.0218	0.0232	0.0270	0.0445	0.0475	0.0352	0.0562	0.0603	0.0481	0.0503	0.0555	0.0562	0.0686	0.0680	0.0793	0.0755	0.0748	0.0908	0.0874	0.0929	0.0963	0.0910	0.1100	0.0971	0.0865	0.1063	0.1003	0.1051	0.1068	0.1021	0.1321	0.1403	0.1121	0.1252	0.1445	0.1412	0.1627	0.1618	0.1679	0.1818	0.1872	0.2183	0.2200	0.2281	0.2339	0.2524	0.2566	0.2469	0.3503	0.4432	0.3176	0.2568	0.2673	0.2695	0.2929	0.2745	0.2592	0.2878	0.3361	0.4220	0.3880	0.3092	0.2421	0.2795	0.3835	0.3773
0.0045	0.0144	0.0219	0.0113	0.0143	0.0381	0.0482	0.0478	0.0393	0.0484	0.0586	0.0516	0.0549	0.0645	0.0619	0.0793	0.0711	0.0796	0.0848	0.0818	0.1018	0.0828	0.0962	0.0998	0.1025	0.1169	0.1059	0.1072	0.1264	0.1133	0.0951	0.1102	0.1201	0.1343	0.1465	0.1254	0.1403	0.1589	0.1703	0.1663	0.1839	0.1954	0.2340	0.2303	0.2611	0.2783	0.2711	0.3674	0.3247	0.3105	0.3345	0.5005	0.6454	0.4816	0.3539	0.3518	0.4054	0.4781	0.4512	0.4109	0.3992	0.4656	0.4800	0.4498	0.4079	0.2726	0.2960	0.3716	0.3586
0.0004	0.0190	0.0216	0.0268	0.0292	0.0292	0.0389	0.0565	0.0584	0.0546	0.0530	0.0620	0.0773	0.0811	0.0700	0.0820	0.0712	0.0820	0.0891	0.0824	0.0922	0.1013	0.0956	0.0970	0.1164	0.1213	0.1160	0.1154	0.1259	0.1357	0.1293	0.1264	0.1364	0.1560	0.1497	0.1429	0.1635	0.1832	0.2123	0.2113	0.2278	0.2690	0.3145	0.3101	0.3185	0.3356	0.3385	0.4536	0.4609	0.4297	0.5485	0.6686	0.7530	0.7049	0.6125	0.5928	0.6379	0.6261	0.6191	0.5693	0.4845	0.4712	0.4614	0.4806	0.4234	0.3053	0.3391	0.3549	0.3401
0.0094	0.0217	0.0230	0.0472	0.0569	0.0463	0.0569	0.0498	0.0622	0.0647	0.0559	0.0646	0.0825	0.0653	0.0652	0.0790	0.0887	0.0973	0.0957	0.1031	0.1005	0.1145	0.1191	0.1150	0.1293	0.1367	0.1364	0.1381	0.1423	0.1379	0.1452	0.1632	0.1729	0.1850	0.1841	0.1878	0.2090	0.2224	0.2529	0.3025	0.4166	0.4932	0.5536	0.5539	0.4368	0.4170	0.3908	0.4353	0.5131	0.5400	0.8031	0.8357	0.8158	0.7919	0.7260	0.7301	0.6877	0.6178	0.6723	0.5997	0.5173	0.5488	0.4963	0.5053	0.4066	0.3780	0.4099	0.3736	0.3281
0.0182	0.0200	0.0410	0.0348	0.0426	0.0537	0.0569	0.0566	0.0550	0.0588	0.0659	0.0764	0.0806	0.0756	0.0695	0.0998	0.1193	0.1154	0.1158	0.1192	0.1219	0.1297	0.1285	0.1309	0.1544	0.1648	0.1775	0.1745	0.1617	0.1649	0.1790	0.1992	0.2181	0.2338	0.2404	0.2236	0.2517	0.2904	0.3483	0.4111	0.7089	0.8322	0.8950	0.8233	0.7804	0.6191	0.4320	0.4408	0.4816	0.5298	0.8197	0.8668	0.8358	0.7365	0.7098	0.7239	0.6699	0.6021	0.6336	0.5820	0.5421	0.5328	0.5183	0.4905	0.4325	0.4140	0.4171	0.3437	0.3226
0.0184	0.0169	0.0300	0.0300	0.0443	0.0558	0.0540	0.0721	0.0765	0.0762	0.0894	0.1017	0.0947	0.0940	0.1058	0.1164	0.1355	0.1303	0.1339	0.1463	0.1518	0.1648	0.1680	0.1837	0.1746	0.1883	0.1837	0.1820	0.1980	0.2337	0.2249	0.2373	0.2769	0.2861	0.3013	0.3067	0.3178	0.3790	0.4436	0.5446	0.8353	1.0000	0.9966	0.9205	0.8940	0.8122	0.6517	0.6502	0.6632	0.6867	0.8244	0.8188	0.7898	0.6574	0.6582	0.6740	0.6752	0.6058	0.5673	0.5838	0.5564	0.5138	0.4917	0.4736	0.4723	0.4111	0.3892	0.3557	0.3483
0.0351	0.0268	0.0332	0.0484	0.0638	0.0674	0.0658	0.0905	0.0987	0.1041	0.1390	0.1490	0.1493	0.1481	0.1665	0.1644	0.1837	0.1763	0.1658	0.1856	0.1970	0.2188	0.1977	0.2060	0.2003	0.2099	0.2161	0.2175	0.2500	0.2652	0.2730	0.3010	0.3291	0.3575	0.3412	0.3710	0.3972	0.4539	0.4888	0.6414	0.9371	0.9296	0.9460	0.9189	0.9096	0.9499	0.9269	0.9243	0.8533	0.8271	0.8259	0.8315	0.8007	0.6689	0.6321	0.6471	0.6364	0.5935	0.5768	0.6409	0.5361	0.5050	0.5059	0.4641	0.4034	0.3755	0.3813	0.3576	0.3262
0.0365	0.0464	0.0453	0.0763	0.0856	0.1015	0.1224	0.1478	0.1497	0.1849	0.2618	0.3167	0.3250	0.3302	0.3669	0.3376	0.3174	0.3538	0.2962	0.2938	0.3257	0.3415	0.3205	0.3100	0.3338	0.3062	0.2827	0.2831	0.2882	0.3098	0.3371	0.3578	0.3832	0.3797	0.3960	0.3995	0.4349	0.4956	0.5425	0.6008	0.8649	0.8721	0.9136	0.8822	0.8298	0.8305	0.8262	0.8428	0.7944	0.7803	0.7990	0.8058	0.7336	0.7153	0.6415	0.6248	0.6052	0.5511	0.5634	0.5801	0.5226	0.4842	0.4705	0.4496	0.3921	0.3505	0.3688	0.3446	0.3316
0.0584	0.0829	0.0921	0.1312	0.1672	0.2031	0.2766	0.3451	0.3813	0.3872	0.4619	0.4947	0.5203	0.5220	0.5646	0.5906	0.5824	0.6052	0.5527	0.5435	0.5951	0.6427	0.5631	0.5374	0.5953	0.5310	0.4822	0.5300	0.4368	0.3967	0.4202	0.4478	0.4712	0.4676	0.5145	0.4665	0.4915	0.5571	0.6117	0.6709	0.7745	0.8283	0.8521	0.8068	0.7498	0.7215	0.7766	0.7799	0.8016	0.7560	0.7291	0.7467	0.7111	0.6647	0.6078	0.5858	0.5816	0.5167	0.5429	0.5322	0.4931	0.4521	0.4439	0.4603	0.4147	0.3329	0.3519	0.3506	0.3386
0.1009	0.1461	0.2246	0.3156	0.3570	0.3983	0.4672	0.4870	0.5279	0.4785	0.4693	0.4632	0.5266	0.5202	0.5238	0.5786	0.6351	0.6438	0.6975	0.6249	0.6362	0.6725	0.6180	0.6479	0.6669	0.6336	0.7288	0.7009	0.6843	0.6574	0.6189	0.6428	0.7566	0.8067	0.8300	0.7004	0.6146	0.7537	0.8492	0.8358	0.8209	0.7818	0.8143	0.7409	0.7192	0.7160	0.7070	0.7347	0.7266	0.7393	0.7262	0.6917	0.6707	0.6133	0.6072	0.5697	0.5153	0.4754	0.5014	0.5169	0.5174	0.4458	0.4421	0.4262	0.3930	0.3497	0.3464	0.3237	0.3203
0.1470	0.2318	0.2859	0.3322	0.3460	0.3781	0.3624	0.3524	0.3720	0.3406	0.3589	0.3973	0.4349	0.4285	0.4656	0.4929	0.5382	0.5953	0.6145	0.5847	0.5904	0.6052	0.5787	0.6569	0.6314	0.6124	0.6776	0.6731	0.7377	0.8060	0.8468	0.8603	0.9168	0.9608	0.9075	0.8807	0.7868	0.8554	0.7963	0.7521	0.7712	0.7642	0.7482	0.6922	0.7580	0.6679	0.6536	0.6747	0.6751	0.6632	0.6375	0.6033	0.6203	0.5877	0.5800	0.5753	0.5402	0.5030	0.4852	0.4622	0.4623	0.4346	0.4393	0.4213	0.3998	0.3567	0.3480	0.3345	0.3147
0.1515	0.2098	0.2288	0.2427	0.2411	0.2610	0.2748	0.2698	0.2738	0.2826	0.3043	0.3463	0.4081	0.4090	0.4033	0.4355	0.4863	0.5378	0.5216	0.5282	0.5616	0.5527	0.5419	0.5731	0.5546	0.5815	0.6126	0.6403	0.6655	0.6927	0.8022	0.7882	0.8643	0.8652	0.8444	0.8190	0.8261	0.7614	0.7306	0.7251	0.6652	0.6607	0.6813	0.6780	0.6729	0.6219	0.6366	0.6722	0.6317	0.6330	0.6013	0.5847	0.5826	0.5752	0.5706	0.5556	0.5211	0.4780	0.4921	0.4489	0.4598	0.4400	0.4297	0.3998	0.4006	0.3477	0.3263	0.3388	0.3098
0.1627	0.1925	0.2230	0.2383	0.2187	0.2155	0.2446	0.2619	0.2707	0.2809	0.2785	0.3006	0.3468	0.4229	0.4151	0.4273	0.5344	0.5462	0.5558	0.5330	0.5498	0.5683	0.5792	0.5644	0.5209	0.5588	0.5871	0.6372	0.6674	0.6847	0.7015	0.7112	0.7468	0.7612	0.7720	0.7183	0.7052	0.6646	0.6432	0.6567	0.6416	0.6223	0.6109	0.6617	0.6334	0.6176	0.6251	0.6248	0.5957	0.5653	0.6327	0.5847	0.5561	0.5401	0.5541	0.5887	0.5186	0.4930	0.5004	0.4714	0.4549	0.4203	0.4043	0.3823	0.3771	0.3591	0.3123	0.3066	0.3125
0.1653	0.1812	0.2061	0.2180	0.2262	0.2480	0.2710	0.2566	0.2508	0.2593	0.2916	0.3231	0.3514	0.3996	0.4273	0.4770	0.5422	0.5258	0.5214	0.4886	0.5499	0.6127	0.5677	0.5662	0.5266	0.5014	0.5605	0.6227	0.6452	0.6602	0.6505	0.6796	0.7270	0.7074	0.6893	0.6791	0.6364	0.6410	0.6152	0.6328	0.6131	0.5937	0.5994	0.6159	0.6028	0.6119	0.5909	0.5825	0.5409	0.5338	0.5478	0.5632	0.5547	0.5451	0.5598	0.5571	0.5355	0.4993	0.4574	0.4845	0.4542	0.4087	0.4175	0.3997	0.3625	0.3759	0.3432	0.2954	0.3007
0.1553	0.1653	0.1939	0.2202	0.2236	0.2486	0.2965	0.2830	0.2442	0.2580	0.2761	0.3002	0.3360	0.3947	0.4311	0.4835	0.5223	0.5248	0.5642	0.5206	0.5209	0.5610	0.5481	0.4838	0.5254	0.5064	0.5486	0.5775	0.6089	0.6215	0.6363	0.6483	0.6899	0.6704	0.6375	0.5997	0.5929	0.6026	0.5665	0.5827	0.5966	0.5933	0.5957	0.5966	0.5737	0.5996	0.6281	0.5612	0.5278	0.5219	0.5021	0.5047	0.5424	0.5495	0.5344	0.5581	0.5410	0.5108	0.5135	0.4905	0.4450	0.4342	0.4221	0.3892	0.3406	0.3438	0.3117	0.3067	0.2966
0.1505	0.1817	0.1904	0.2226	0.2222	0.2390	0.2772	0.2805	0.2643	0.2914	0.2992	0.3155	0.3468	0.3687	0.3803	0.4308	0.4610	0.4861	0.5005	0.5181	0.4734	0.4911	0.5154	0.5027	0.5187	0.5268	0.5344	0.5544	0.5803	0.5753	0.5877	0.5970	0.6315	0.6374	0.6054	0.5958	0.6151	0.5552	0.6032	0.5934	0.6048	0.6374	0.6144	0.5733	0.5721	0.5814	0.5947	0.5853	0.5740	0.5480	0.5466	0.5182	0.5370	0.5047	0.5257	0.5569	0.5362	0.5137	0.4796	0.4867	0.4548	0.4254	0.4123	0.3626	0.3616	0.3396	0.3094	0.3064	0.2913
0.1535	0.1686	0.1839	0.2146	0.2121	0.2332	0.2383	0.2454	0.2808	0.2780	0.3009	0.3296	0.3358	0.3686	0.3670	0.3813	0.4494	0.4526	0.4230	0.4414	0.4739	0.4340	0.4500	0.4424	0.4745	0.4928	0.4965	0.5214	0.5524	0.5500	0.6092	0.5638	0.5738	0.5830	0.5820	0.5912	0.5932	0.5768	0.6188	0.5990	0.6114	0.6205	0.5849	0.5674	0.5706	0.5975	0.6081	0.5905	0.5936	0.5675	0.5665	0.5450	0.5294	0.5062	0.5264	0.5514	0.5475	0.4873	0.5081	0.4668	0.4577	0.4407	0.4022	0.3642	0.3624	0.3619	0.3279	0.3124	0.3030
0.1487	0.1673	0.2179	0.2332	0.2150	0.2522	0.2418	0.2215	0.2661	0.2606	0.2754	0.3076	0.3406	0.3691	0.3620	0.3829	0.4051	0.3904	0.4071	0.3865	0.4105	0.4308	0.4501	0.4393	0.4320	0.4714	0.4807	0.4762	0.5168	0.5243	0.5539	0.5661	0.5950	0.6007	0.5648	0.5693	0.5681	0.5580	0.6133	0.6082	0.6114	0.5615	0.5676	0.5424	0.5863	0.5721	0.5462	0.5509	0.5739	0.5665	0.5672	0.5470	0.5292	0.5236	0.5303	0.5230	0.4822	0.4715	0.4700	0.4853	0.4584	0.4192	0.4331	0.3859	0.3630	0.3469	0.3215	0.3048	0.2956
0.1360	0.1618	0.1838	0.2081	0.2050	0.2142	0.2493	0.2358	0.2339	0.2663	0.2610	0.2819	0.3218	0.3395	0.3473	0.3699	0.3663	0.3729	0.3813	0.3967	0.3833	0.4152	0.4130	0.4345	0.4355	0.4506	0.4711	0.4703	0.4977	0.5087	0.5385	0.5824	0.5655	0.5730	0.5441	0.5774	0.5567	0.5799	0.5915	0.5929	0.5924	0.5980	0.5982	0.5334	0.5643	0.5563	0.5855	0.5666	0.5817	0.5469	0.5953	0.5855	0.6200	0.5543	0.4914	0.5144	0.5067	0.4526	0.4521	0.4980	0.4815	0.4389	0.4402	0.3775	0.3472	0.3694	0.3496	0.3318	0.3391
0.1424	0.1502	0.1518	0.1608	0.1999	0.2301	0.2408	0.2541	0.2457	0.2508	0.2728	0.2989	0.3049	0.3482	0.3439	0.3410	0.3537	0.3810	0.3902	0.3834	0.3951	0.3975	0.4095	0.4321	0.4481	0.4270	0.4713	0.4879	0.5014	0.4989	0.5438	0.5737	0.5927	0.5805	0.5560	0.5514	0.5720	0.5861	0.5717	0.5851	0.5987	0.6207	0.6081	0.5674	0.5674	0.5575	0.5962	0.5787	0.5732	0.5491	0.5738	0.5535	0.5707	0.5534	0.5378	0.5157	0.5057	0.4778	0.4791	0.4797	0.4705	0.4594	0.4301	0.3892	0.3775	0.3775	0.3533	0.3291	0.3094
0.1317	0.1410	0.1683	0.2014	0.1989	0.1868	0.2336	0.2766	0.2566	0.2497	0.2788	0.3198	0.3289	0.3188	0.3105	0.3449	0.3595	0.3931	0.3717	0.3853	0.3998	0.4093	0.3966	0.4387	0.4396	0.4386	0.4704	0.4978	0.5090	0.5216	0.5448	0.5508	0.6132	0.5776	0.5574	0.5679	0.6062	0.5988	0.5729	0.6037	0.6214	0.6232	0.5820	0.6101	0.6098	0.5377	0.6067	0.6237	0.5588	0.5630	0.5847	0.5783	0.5435	0.5286	0.5471	0.5497	0.5034	0.4615	0.4811	0.4675	0.4586	0.4437	0.4299	0.3911	0.3902	0.3815	0.3592	0.3772	0.3352
0.1174	0.1405	0.1851	0.2038	0.2086	0.1904	0.2162	0.2462	0.2571	0.2516	0.2654	0.3089	0.3217	0.2953	0.3063	0.3451	0.3663	0.3730	0.3914	0.4140	0.4176	0.4520	0.4303	0.4482	0.4386	0.4341	0.4300	0.4600	0.4779	0.5089	0.5303	0.5210	0.5576	0.5707	0.5875	0.5895	0.6255	0.5862	0.5801	0.6055	0.5837	0.6271	0.5917	0.5946	0.5755	0.5384	0.5957	0.5769	0.5910	0.5940	0.5821	0.5943	0.5916	0.5513	0.5419	0.5230	0.5007	0.4807	0.4769	0.4870	0.4516	0.4585	0.4453	0.4093	0.4142	0.3644	0.3495	0.3424	0.3419
0.1290	0.1454	0.1736	0.1906	0.2065	0.2035	0.2221	0.2340	0.2836	0.2664	0.2732	0.2972	0.3095	0.3162	0.3126	0.3458	0.3955	0.3809	0.4027	0.3919	0.4150	0.4356	0.4366	0.4440	0.4723	0.4645	0.4502	0.4923	0.5062	0.4989	0.5112	0.5567	0.5802	0.5617	0.5926	0.6005	0.5876	0.5841	0.5933	0.5914	0.5804	0.5837	0.6159	0.5856	0.5826	0.5448	0.5696	0.6124	0.5771	0.6072	0.6236	0.5806	0.6039	0.5674	0.5383	0.5200	0.5044	0.5005	0.4777	0.4753	0.4724	0.4743	0.4882	0.4594	0.3938	0.3719	0.3694	0.3702	0.3441
0.1432	0.1576	0.1805	0.1920	0.1894	0.2053	0.2567	0.2507	0.2693	0.2731	0.2594	0.2972	0.3098	0.3301	0.3290	0.3374	0.4060	0.4012	0.4158	0.4016	0.4058	0.4358	0.4330	0.4426	0.4613	0.4527	0.4471	0.4760	0.5150	0.4831	0.5152	0.5359	0.5385	0.5739	0.6171	0.6322	0.6403	0.5790	0.6126	0.5687	0.5820	0.5991	0.5962	0.5901	0.5722	0.5347	0.5872	0.6024	0.6113	0.5809	0.5775	0.5669	0.5923	0.5599	0.5750	0.5416	0.5016	0.4811	0.4525	0.4572	0.4538	0.4658	0.4553	0.4234	0.3923	0.3703	0.3624	0.3483	0.3285
0.1444	0.1485	0.1934	0.1919	0.2036	0.2198	0.2319	0.2586	0.2727	0.2724	0.2783	0.2834	0.3206	0.3582	0.3393	0.3839	0.3937	0.4172	0.4443	0.4768	0.4520	0.4478	0.4474	0.4314	0.4647	0.4643	0.4514	0.4639	0.5034	0.4940	0.5304	0.5382	0.5502	0.5853	0.5721	0.5772	0.5935	0.5832	0.6202	0.5882	0.5765	0.5929	0.5905	0.5819	0.5424	0.5399	0.5762	0.5703	0.5900	0.6012	0.5959	0.5585	0.5719	0.5255	0.5383	0.5200	0.5064	0.4719	0.4812	0.4731	0.4975	0.4893	0.4294	0.4436	0.4315	0.4097	0.4086	0.3711	0.3688
0.1398	0.1622	0.1840	0.1810	0.2178	0.2202	0.2554	0.2745	0.2507	0.2636	0.2836	0.2886	0.3040	0.3466	0.3762	0.4075	0.4290	0.4612	0.4597	0.4977	0.5382	0.5078	0.4809	0.5184	0.5004	0.5004	0.4878	0.4817	0.5135	0.5154	0.5017	0.5076	0.5159	0.5498	0.5982	0.5753	0.5730	0.5919	0.6181	0.5629	0.5829	0.5940	0.5975	0.5787	0.5512	0.5656	0.5583	0.5713	0.5634	0.6054	0.5821	0.5665	0.5774	0.5937	0.5569	0.4984	0.5162	0.5022	0.5095	0.4947	0.4814	0.4653	0.4413	0.4394	0.4464	0.4030	0.3881	0.3619	0.3421
0.1354	0.1653	0.1907	0.2136	0.2253	0.2280	0.2502	0.2700	0.2705	0.2793	0.2991	0.3205	0.3323	0.3931	0.4146	0.4175	0.4346	0.4784	0.4772	0.5041	0.5120	0.5427	0.5135	0.5123	0.5381	0.5229	0.5300	0.5655	0.5713	0.5431	0.5491	0.5636	0.5948	0.5994	0.6030	0.5831	0.5702	0.5671	0.5433	0.5532	0.5572	0.5686	0.6056	0.5850	0.5633	0.5733	0.5923	0.5731	0.5980	0.5835	0.5918	0.5857	0.5497	0.5403	0.5242	0.5302	0.5210	0.5234	0.5027	0.4987	0.5128	0.4773	0.4725	0.4581	0.4379	0.4027	0.4131	0.3981	0.3625
0.1288	0.1527	0.2072	0.2270	0.2266	0.2452	0.2602	0.2775	0.2855	0.3103	0.2951	0.3382	0.3771	0.3988	0.4231	0.4533	0.4505	0.4935	0.4910	0.5338	0.5495	0.5689	0.5732	0.5500	0.5450	0.5471	0.5449	0.5990	0.6249	0.6133	0.6160	0.6579	0.6776	0.6894	0.6694	0.6550	0.5991	0.5648	0.5323	0.5391	0.5625	0.5747	0.5640	0.5744	0.5799	0.5646	0.5850	0.5724	0.6034	0.5887	0.5535	0.5769	0.5547	0.5304	0.5262	0.5602	0.5378	0.5406	0.5547	0.5298	0.4930	0.4889	0.4933	0.4616	0.4260	0.4032	0.4085	0.3856	0.3821
0.1596	0.1863	0.2143	0.2466	0.2418	0.2388	0.2764	0.2889	0.3086	0.3015	0.3005	0.3557	0.4145	0.4006	0.4295	0.4722	0.5133	0.5710	0.5640	0.5971	0.6054	0.6060	0.6314	0.6008	0.5976	0.6210	0.6062	0.6393	0.6604	0.6738	0.7270	0.7462	0.7603	0.7846	0.7768	0.7127	0.7340	0.6732	0.6314	0.5942	0.5862	0.5451	0.5812	0.5689	0.5968	0.5748	0.5866	0.6311	0.5871	0.5788	0.5961	0.5994	0.6021	0.5791	0.5591	0.5526	0.5857	0.5597	0.5879	0.5356	0.5529	0.5219	0.4954	0.4667	0.4569	0.4400	0.4386	0.3939	0.4100
0.1891	0.2644	0.3096	0.3278	0.3529	0.3215	0.3352	0.3549	0.3463	0.3331	0.3771	0.3954	0.4108	0.4363	0.4883	0.5211	0.5621	0.6144	0.6275	0.6283	0.6016	0.6638	0.6672	0.6332	0.6608	0.6587	0.6925	0.7013	0.7228	0.7284	0.7649	0.8042	0.8107	0.6183	0.4930	0.5266	0.7045	0.8096	0.7344	0.6721	0.6646	0.6580	0.6554	0.6455	0.6298	0.6170	0.6170	0.6169	0.6404	0.6319	0.6293	0.6543	0.6440	0.6082	0.5756	0.5757	0.6137	0.5795	0.5524	0.5628	0.5925	0.5398	0.5408	0.5252	0.4688	0.4667	0.4453	0.4073	0.4008
0.1016	0.1992	0.3222	0.4116	0.4629	0.4969	0.5285	0.5267	0.4916	0.4884	0.4709	0.4754	0.4761	0.5208	0.5945	0.6402	0.6457	0.6657	0.6575	0.6758	0.6486	0.7116	0.6805	0.7012	0.6877	0.6598	0.6912	0.7111	0.7412	0.7773	0.7957	0.7344	0.5650	0.3684	0.3219	0.3794	0.4792	0.7047	0.8237	0.7799	0.7585	0.7831	0.7983	0.7404	0.7247	0.7060	0.6977	0.6485	0.6747	0.6830	0.6806	0.6712	0.6759	0.6638	0.6319	0.6173	0.6176	0.5988	0.6026	0.6311	0.5973	0.5576	0.5441	0.5161	0.4781	0.4514	0.4463	0.4333	0.3958
0.0476	0.0662	0.1150	0.1979	0.2795	0.3519	0.4394	0.5044	0.4921	0.5167	0.5744	0.5704	0.5550	0.5918	0.6393	0.6416	0.6622	0.6727	0.6960	0.6771	0.6837	0.6732	0.6440	0.5626	0.4799	0.4150	0.4149	0.4067	0.4712	0.5561	0.5712	0.4455	0.2917	0.2894	0.2988	0.3311	0.3750	0.4670	0.6721	0.8127	0.8753	0.8159	0.8431	0.7800	0.7705	0.7359	0.7394	0.7247	0.7211	0.6994	0.6961	0.7172	0.6783	0.6982	0.6664	0.6481	0.6182	0.6080	0.6136	0.6065	0.5910	0.5876	0.5436	0.5172	0.4918	0.4617	0.4530	0.4247	0.4263
0.0225	0.0299	0.0545	0.0723	0.0848	0.0963	0.1320	0.1737	0.2215	0.2515	0.3236	0.3489	0.4030	0.3915	0.4268	0.4248	0.4237	0.4215	0.4010	0.3707	0.4146	0.3857	0.3370	0.2484	0.2191	0.1992	0.2056	0.2030	0.2242	0.2440	0.2592	0.2490	0.2476	0.2647	0.2651	0.2843	0.3076	0.3402	0.3992	0.5846	0.7552	0.7910	0.8542	0.8145	0.8166	0.7825	0.8128	0.7848	0.7604	0.7249	0.7395	0.7226	0.7259	0.7001	0.6670	0.6487	0.6485	0.6136	0.5895	0.6220	0.5976	0.5579	0.5471	0.5191	0.4889	0.4716	0.4691	0.4401	0.4226
0.0113	0.0185	0.0444	0.0476	0.0519	0.0590	0.0618	0.0763	0.0807	0.0887	0.1260	0.1342	0.1363	0.1342	0.1503	0.1722	0.1685	0.1715	0.1704	0.1578	0.1674	0.1678	0.1615	0.1697	0.1735	0.1789	0.1806	0.1839	0.1849	0.1919	0.2029	0.1946	0.2134	0.2274	0.2244	0.2231	0.2509	0.2769	0.2933	0.3421	0.4430	0.6019	0.7929	0.7735	0.7985	0.8136	0.8347	0.8351	0.7887	0.7792	0.7654	0.7530	0.7663	0.7121	0.6850	0.7125	0.7161	0.7157	0.6203	0.6188	0.5780	0.5381	0.5519	0.5287	0.4944	0.4991	0.4864	0.4567	0.4234
0.0000	0.0205	0.0305	0.0369	0.0472	0.0487	0.0485	0.0509	0.0520	0.0689	0.0798	0.0786	0.0843	0.0840	0.0769	0.1005	0.1081	0.1163	0.1165	0.1108	0.1145	0.1181	0.1298	0.1374	0.1301	0.1398	0.1372	0.1447	0.1480	0.1553	0.1538	0.1639	0.1688	0.1724	0.1809	0.1892	0.2029	0.2135	0.2397	0.2439	0.2834	0.3540	0.4322	0.4400	0.6017	0.7551	0.6681	0.7165	0.8235	0.7750	0.6378	0.6897	0.7261	0.7321	0.7390	0.7940	0.7667	0.7085	0.6463	0.6442	0.6042	0.5769	0.5824	0.5263	0.4973	0.4947	0.4689	0.4477	0.4373
0.0106	0.0264	0.0312	0.0360	0.0318	0.0451	0.0519	0.0495	0.0411	0.0570	0.0678	0.0630	0.0754	0.0720	0.0709	0.0742	0.0818	0.0826	0.0903	0.0755	0.0929	0.0937	0.0900	0.1029	0.1142	0.1075	0.1191	0.1134	0.1228	0.1253	0.1233	0.1245	0.1265	0.1346	0.1413	0.1517	0.1512	0.1633	0.1767	0.1817	0.1914	0.2192	0.2519	0.2571	0.3076	0.3873	0.3635	0.4174	0.5524	0.5426	0.4011	0.4229	0.5754	0.7339	0.7697	0.7362	0.6649	0.7044	0.7137	0.7132	0.6692	0.6293	0.5780	0.5540	0.5140	0.5206	0.4953	0.4770	0.4536
0.0153	0.0113	0.0264	0.0280	0.0299	0.0504	0.0617	0.0449	0.0421	0.0437	0.0468	0.0527	0.0627	0.0653	0.0553	0.0610	0.0775	0.0778	0.0770	0.0696	0.0856	0.0803	0.0794	0.0897	0.0895	0.0771	0.0829	0.0871	0.0984	0.1001	0.1006	0.1069	0.1091	0.1063	0.1114	0.1170	0.1189	0.1213	0.1341	0.1388	0.1385	0.1588	0.1752	0.2083	0.2095	0.2185	0.2443	0.2673	0.2850	0.2948	0.3264	0.3621	0.5845	0.7591	0.7398	0.6596	0.5831	0.5593	0.5207	0.5596	0.6539	0.7054	0.6228	0.5824	0.5597	0.5256	0.4911	0.4950	0.4531
0.0147	0.0126	0.0221	0.0412	0.0348	0.0339	0.0428	0.0380	0.0427	0.0540	0.0485	0.0442	0.0569	0.0481	0.0493	0.0575	0.0704	0.0640	0.0691	0.0721	0.0714	0.0693	0.0794	0.0766	0.0666	0.0746	0.0809	0.0784	0.0803	0.0820	0.0891	0.0867	0.0755	0.0899	0.1008	0.0894	0.0932	0.0950	0.0998	0.1036	0.1234	0.1252	0.1291	0.1578	0.1631	0.1682	0.1870	0.2040	0.2145	0.2300	0.2705	0.2901	0.4860	0.6727	0.5864	0.4661	0.5716	0.5123	0.3206	0.3879	0.5552	0.6787	0.6140	0.5628	0.5540	0.5264	0.5174	0.5131	0.4820
0.0000	0.0027	0.0119	0.0190	0.0189	0.0340	0.0315	0.0382	0.0414	0.0310	0.0346	0.0402	0.0502	0.0441	0.0469	0.0555	0.0603	0.0565	0.0535	0.0637	0.0679	0.0618	0.0719	0.0633	0.0574	0.0682	0.0721	0.0731	0.0872	0.0746	0.0710	0.0745	0.0728	0.0754	0.0838	0.0774	0.0885	0.0796	0.0811	0.0819	0.0879	0.0928	0.1055	0.1102	0.1165	0.1246	0.1312	0.1546	0.1666	0.1747	0.1953	0.1912	0.2490	0.3314	0.3136	0.3616	0.6403	0.5594	0.3402	0.5600	0.7182	0.6852	0.6498	0.5961	0.5517	0.5662	0.5670	0.5525	0.4804
0.0038	0.0075	0.0134	0.0227	0.0185	0.0198	0.0174	0.0371	0.0447	0.0335	0.0423	0.0402	0.0434	0.0550	0.0542	0.0482	0.0561	0.0560	0.0513	0.0518	0.0632	0.0540	0.0588	0.0585	0.0547	0.0597	0.0642	0.0600	0.0665	0.0639	0.0666	0.0659	0.0682	0.0681	0.0601	0.0637	0.0679	0.0678	0.0779	0.0774	0.0772	0.0738	0.0855	0.0876	0.0925	0.0974	0.1064	0.1119	0.1123	0.1242	0.1383	0.1583	0.1585	0.1664	0.1955	0.2524	0.4021	0.3710	0.3027	0.5071	0.7023	0.7225	0.6751	0.6122	0.5881	0.6002	0.6226	0.5847	0.5273
0.0000	0.0077	0.0050	0.0194	0.0113	0.0173	0.0188	0.0270	0.0275	0.0280	0.0371	0.0395	0.0312	0.0439	0.0576	0.0554	0.0513	0.0457	0.0580	0.0478	0.0525	0.0576	0.0564	0.0592	0.0585	0.0586	0.0575	0.0594	0.0568	0.0534	0.0637	0.0636	0.0642	0.0572	0.0607	0.0581	0.0610	0.0629	0.0730	0.0752	0.0685	0.0735	0.0772	0.0795	0.0818	0.0742	0.0836	0.0879	0.0874	0.0935	0.0974	0.1107	0.1167	0.1201	0.1265	0.1426	0.1653	0.1657	0.1949	0.2550	0.3817	0.4655	0.5697	0.6205	0.5879	0.5173	0.5288	0.4617	0.4443
0.0000	0.0000	0.0070	0.0154	0.0100	0.0121	0.0225	0.0289	0.0216	0.0340	0.0241	0.0290	0.0289	0.0369	0.0395	0.0451	0.0541	0.0412	0.0342	0.0454	0.0597	0.0535	0.0503	0.0490	0.0511	0.0618	0.0561	0.0545	0.0536	0.0583	0.0468	0.0545	0.0547	0.0520	0.0582	0.0551	0.0597	0.0617	0.0589	0.0639	0.0626	0.0675	0.0693	0.0729	0.0818	0.0770	0.0794	0.0738	0.0795	0.0811	0.0900	0.0876	0.0842	0.0947	0.1039	0.1058	0.1046	0.1012	0.1153	0.1377	0.1479	0.1696	0.2663	0.4112	0.3695	0.2472	0.2457	0.2271	0.2945
0.0000	0.0000	0.0000	0.0013	0.0043	0.0105	0.0091	0.0179	0.0279	0.0323	0.0238	0.0269	0.0279	0.0355	0.0335	0.0319	0.0399	0.0444	0.0361	0.0407	0.0474	0.0503	0.0452	0.0428	0.0424	0.0492	0.0527	0.0451	0.0474	0.0480	0.0489	0.0533	0.0465	0.0532	0.0599	0.0626	0.0627	0.0535	0.0551	0.0621	0.0611	0.0618	0.0701	0.0716	0.0658	0.0642	0.0693	0.0690	0.0742	0.0797	0.0812	0.0762	0.0721	0.0855	0.0923	0.0958	0.0921	0.0900	0.0909	0.0969	0.1032	0.1040	0.1170	0.1487	0.1549	0.1175	0.1231	0.1493	0.1546
0.0000	0.0000	0.0022	0.0114	0.0053	0.0056	0.0150	0.0259	0.0143	0.0126	0.0191	0.0215	0.0163	0.0241	0.0333	0.0380	0.0294	0.0399	0.0349	0.0390	0.0407	0.0424	0.0363	0.0447	0.0497	0.0424	0.0487	0.0446	0.0429	0.0451	0.0430	0.0447	0.0450	0.0482	0.0481	0.0481	0.0477	0.0487	0.0515	0.0557	0.0561	0.0548	0.0644	0.0576	0.0591	0.0593	0.0627	0.0584	0.0656	0.0681	0.0692	0.0739	0.0684	0.0753	0.0801	0.0814	0.0805	0.0785	0.0792	0.0779	0.0940	0.0880	0.0898	0.0909	0.0985	0.0835	0.0816	0.0934	0.0956
0.0000	0.0000	0.0045	0.0144	0.0000	0.0000	0.0105	0.0147	0.0047	0.0015	0.0187	0.0209	0.0162	0.0136	0.0154	0.0370	0.0343	0.0293	0.0227	0.0366	0.0359	0.0233	0.0231	0.0384	0.0386	0.0367	0.0456	0.0397	0.0376	0.0411	0.0415	0.0396	0.0409	0.0406	0.0405	0.0417	0.0343	0.0444	0.0459	0.0478	0.0540	0.0515	0.0568	0.0512	0.0594	0.0645	0.0619	0.0578	0.0572	0.0603	0.0624	0.0695	0.0684	0.0689	0.0734	0.0716	0.0753	0.0691	0.0759	0.0779	0.0784	0.0716	0.0818	0.0764	0.0796	0.0699	0.0754	0.0740	0.0781
0.0000	0.0000	0.0000	0.0133	0.0000	0.0052	0.0196	0.0002	0.0108	0.0100	0.0107	0.0264	0.0208	0.0132	0.0110	0.0301	0.0339	0.0244	0.0193	0.0356	0.0402	0.0300	0.0332	0.0345	0.0359	0.0328	0.0383	0.0400	0.0396	0.0404	0.0475	0.0420	0.0385	0.0435	0.0385	0.0347	0.0444	0.0528	0.0494	0.0385	0.0436	0.0484	0.0522	0.0552	0.0551	0.0591	0.0610	0.0604	0.0526	0.0586	0.0569	0.0676	0.0688	0.0586	0.0724	0.0659	0.0604	0.0660	0.0782	0.0727	0.0684	0.0695	0.0746	0.0696	0.0689	0.0628	0.0615	0.0708	0.0678
0.0000	0.0000	0.0000	0.0032	0.0000	0.0000	0.0114	0.0057	0.0117	0.0192	0.0157	0.0156	0.0206	0.0184	0.0169	0.0216	0.0257	0.0251	0.0232	0.0290	0.0291	0.0332	0.0247	0.0274	0.0243	0.0289	0.0352	0.0372	0.0365	0.0428	0.0427	0.0387	0.0354	0.0410	0.0383	0.0377	0.0406	0.0516	0.0473	0.0435	0.0470	0.0421	0.0467	0.0482	0.0532	0.0497	0.0533	0.0525	0.0443	0.0504	0.0563	0.0607	0.0565	0.0598	0.0595	0.0633	0.0631	0.0592	0.0637	0.0600	0.0693	0.0631	0.0642	0.0688	0.0636	0.0527	0.0583	0.0602	0.0536
0.0000	0.0000	0.0000	0.0000	0.0000	0.0000	0.0000	0.0026	0.0000	0.0018	0.0070	0.0060	0.0072	0.0184	0.0184	0.0210	0.0217	0.0198	0.0283	0.0277	0.0303	0.0325	0.0202	0.0268	0.0287	0.0293	0.0276	0.0362	0.0411	0.0406	0.0382	0.0292	0.0349	0.0343	0.0348	0.0428	0.0351	0.0387	0.0432	0.0440	0.0444	0.0512	0.0433	0.0403	0.0508	0.0530	0.0561	0.0482	0.0468	0.0441	0.0466	0.0511	0.0517	0.0553	0.0559	0.0641	0.0647	0.0552	0.0519	0.0539	0.0575	0.0624	0.0621	0.0616	0.0611	0.0557	0.0557	0.0513	0.0496
0.0000	0.0000	0.0000	0.0000	0.0000	0.0035	0.0015	0.0000	0.0096	0.0161	0.0240	0.0229	0.0127	0.0213	0.0186	0.0110	0.0194	0.0174	0.0214	0.0281	0.0257	0.0175	0.0179	0.0356	0.0324	0.0225	0.0317	0.0359	0.0349	0.0372	0.0379	0.0267	0.0340	0.0347	0.0352	0.0286	0.0344	0.0305	0.0373	0.0484	0.0411	0.0478	0.0484	0.0480	0.0471	0.0462	0.0469	0.0472	0.0523	0.0492	0.0536	0.0523	0.0537	0.0514	0.0585	0.0593	0.0554	0.0546	0.0584	0.0683	0.0693	0.0674	0.0705	0.0743	0.0707	0.0665	0.0622	0.0470	0.0564
