0.0000	0.0000	0.0004	0.0084	0.0002	0.0000	0.0107	0.0201	0.0092	0.0073	0.0091	0.0274	0.0344	0.0194	0.0288	0.0592	0.0445	0.0406	0.0487	0.0363	0.0409	0.0523	0.0555	0.0609	0.0714	0.0700	0.0735	0.0518	0.0632	0.0784	0.0662	0.0755	0.0921	0.0958	0.0840	0.0790	0.0700	0.0727	0.0815	0.0751	0.0661	0.0803	0.0836	0.1028	0.0893	0.1083	0.1149	0.1167	0.1050	0.0910	0.1063	0.0897	0.0939	0.0972	0.1218	0.1006	0.0916	0.0919	0.0952	0.1119	0.0932	0.1070	0.0970	0.0726	0.0691	0.0593	0.0875	0.0728	0.0599
0.0000	0.0000	0.0007	0.0075	0.0000	0.0000	0.0058	0.0308	0.0187	0.0141	0.0188	0.0269	0.0425	0.0469	0.0449	0.0476	0.0463	0.0545	0.0461	0.0531	0.0780	0.0594	0.0640	0.0632	0.0829	0.0779	0.0711	0.0616	0.0683	0.0745	0.1060	0.0752	0.0847	0.0891	0.0847	0.0903	0.0895	0.0916	0.1035	0.0879	0.0824	0.0921	0.1038	0.1104	0.1055	0.1122	0.1122	0.1196	0.1147	0.1258	0.1257	0.1088	0.0752	0.0963	0.1219	0.1223	0.1121	0.1109	0.1019	0.1226	0.1130	0.1035	0.0888	0.0970	0.0867	0.0618	0.0942	0.0830	0.0749
0.0000	0.0000	0.0000	0.0019	0.0033	0.0035	0.0069	0.0273	0.0168	0.0139	0.0297	0.0436	0.0566	0.0524	0.0507	0.0634	0.0640	0.0469	0.0482	0.0612	0.0758	0.0775	0.0755	0.0738	0.0818	0.0764	0.0884	0.0766	0.0849	0.0872	0.0856	0.0846	0.0875	0.0942	0.0992	0.0858	0.0923	0.1049	0.1022	0.0943	0.0937	0.0947	0.0979	0.0953	0.1084	0.1157	0.1210	0.1149	0.1122	0.1195	0.1258	0.1332	0.1203	0.1229	0.1306	0.1380	0.1135	0.1018	0.1090	0.1314	0.1300	0.1126	0.1301	0.0950	0.0979	0.0822	0.0987	0.0933	0.0988
0.0000	0.0000	0.0000	0.0017	0.0176	0.0101	0.0193	0.0297	0.0312	0.0241	0.0387	0.0597	0.0356	0.0539	0.0442	0.0575	0.0650	0.0568	0.0516	0.0625	0.0794	0.0913	0.0735	0.0837	0.0804	0.0825	0.0913	0.0761	0.0828	0.0790	0.0668	0.0765	0.0770	0.0949	0.1182	0.0995	0.0889	0.1019	0.0889	0.0914	0.1031	0.1184	0.1105	0.1086	0.1166	0.1198	0.1296	0.1194	0.1074	0.1157	0.1463	0.1233	0.1206	0.1177	0.1346	0.1410	0.1244	0.1380	0.1268	0.1383	0.1251	0.1319	0.1313	0.1135	0.1010	0.0922	0.1124	0.1003	0.1190
0.0038	0.0104	0.0139	0.0254	0.0187	0.0092	0.0229	0.0279	0.0437	0.0180	0.0206	0.0318	0.0436	0.0640	0.0379	0.0427	0.0588	0.0540	0.0502	0.0663	0.0789	0.0775	0.0593	0.0851	0.0805	0.0789	0.0789	0.0667	0.0807	0.0795	0.0870	0.0829	0.0963	0.1081	0.1212	0.0920	0.0944	0.0925	0.0885	0.0879	0.1100	0.1094	0.1086	0.1148	0.1339	0.1346	0.1362	0.1327	0.1150	0.1460	0.1247	0.1294	0.1497	0.1388	0.1468	0.1433	0.1404	0.1249	0.1410	0.1512	0.1171	0.1167	0.1228	0.1211	0.1341	0.1111	0.1145	0.1324	0.1359
0.0157	0.0085	0.0039	0.0288	0.0136	0.0157	0.0271	0.0488	0.0587	0.0358	0.0251	0.0431	0.0618	0.0601	0.0447	0.0452	0.0560	0.0684	0.0757	0.0923	0.0966	0.0821	0.0725	0.0757	0.0878	0.0908	0.0889	0.0797	0.0917	0.1063	0.0834	0.0909	0.1182	0.1243	0.1104	0.0981	0.0970	0.1124	0.1012	0.1002	0.0962	0.1131	0.1210	0.1256	0.1302	0.1334	0.1378	0.1528	0.1367	0.1431	0.1496	0.1545	0.1555	0.1603	0.1561	0.1650	0.1505	0.1294	0.1556	0.1760	0.1441	0.1401	0.1473	0.1295	0.1479	0.1360	0.1286	0.1491	0.1441
0.0052	0.0000	0.0076	0.0089	0.0225	0.0176	0.0371	0.0321	0.0301	0.0360	0.0511	0.0514	0.0546	0.0577	0.0445	0.0620	0.0690	0.0651	0.0856	0.0708	0.0851	0.0887	0.0820	0.0715	0.0872	0.1011	0.0979	0.0982	0.1060	0.1176	0.0941	0.1016	0.1299	0.1185	0.1147	0.1000	0.0909	0.1191	0.1205	0.0990	0.0969	0.1219	0.1181	0.1265	0.1352	0.1448	0.1413	0.1864	0.1699	0.1521	0.1724	0.1823	0.1717	0.1739	0.1836	0.1931	0.1907	0.1832	0.1840	0.1974	0.1815	0.1784	0.1784	0.1857	0.1698	0.1597	0.1627	0.1741	0.1904
0.0000	0.0083	0.0226	0.0222	0.0191	0.0223	0.0359	0.0453	0.0394	0.0509	0.0598	0.0616	0.0600	0.0664	0.0617	0.0709	0.0792	0.0766	0.0944	0.0673	0.0808	0.0997	0.0964	0.0870	0.1000	0.1015	0.0908	0.0958	0.1219	0.1123	0.1048	0.1045	0.1214	0.1258	0.1172	0.1049	0.1307	0.1407	0.1238	0.1190	0.1238	0.1148	0.1249	0.1301	0.1317	0.1610	0.1802	0.1848	0.1852	0.1811	0.1848	0.1920	0.1850	0.1935	0.2026	0.2266	0.2016	0.2268	0.2538	0.2754	0.3702	0.3353	0.2826	0.2096	0.1983	0.1919	0.2029	0.2157	0.2401
0.0000	0.0064	0.0263	0.0460	0.0257	0.0362	0.0465	0.0587	0.0570	0.0697	0.0551	0.0574	0.0744	0.0809	0.0851	0.0864	0.0812	0.0749	0.0824	0.0864	0.0956	0.1084	0.0960	0.0867	0.1192	0.1200	0.1008	0.0945	0.1337	0.1120	0.1069	0.1154	0.1273	0.1149	0.1164	0.1213	0.1338	0.1376	0.1347	0.1353	0.1220	0.1219	0.1446	0.1484	0.1644	0.1828	0.1919	0.1902	0.2099	0.2286	0.2967	0.2506	0.2220	0.2668	0.2891	0.2719	0.2887	0.3650	0.3932	0.3653	0.4566	0.4799	0.4500	0.2604	0.2407	0.2310	0.2460	0.2924	0.2952
0.0095	0.0070	0.0428	0.0380	0.0270	0.0301	0.0489	0.0532	0.0490	0.0709	0.0779	0.0772	0.0769	0.0978	0.0831	0.0879	0.0895	0.0927	0.0924	0.1207	0.1220	0.1027	0.1097	0.1006	0.1125	0.1254	0.1125	0.1177	0.1257	0.1142	0.1067	0.1270	0.1282	0.1264	0.1389	0.1204	0.1340	0.1558	0.1331	0.1416	0.1294	0.1503	0.1629	0.1802	0.1964	0.2101	0.2484	0.2315	0.2601	0.2798	0.4255	0.3522	0.3078	0.4391	0.4228	0.3232	0.3589	0.5279	0.5944	0.4527	0.4461	0.5109	0.4880	0.3515	0.2890	0.2877	0.3151	0.3658	0.4286
0.0198	0.0079	0.0376	0.0428	0.0411	0.0439	0.0456	0.0523	0.0487	0.0751	0.0735	0.0756	0.0732	0.0687	0.0810	0.1100	0.1034	0.1113	0.1141	0.1179	0.1351	0.1328	0.1154	0.1062	0.1271	0.1338	0.1164	0.1281	0.1419	0.1397	0.1234	0.1376	0.1369	0.1488	0.1631	0.1419	0.1472	0.1645	0.1514	0.1533	0.1652	0.1683	0.1953	0.2067	0.2389	0.2779	0.3366	0.4005	0.3570	0.3398	0.4850	0.4913	0.3977	0.5968	0.5408	0.4036	0.4163	0.5122	0.6272	0.6071	0.5007	0.4193	0.4171	0.3997	0.4318	0.4106	0.3971	0.4401	0.4668
0.0069	0.0243	0.0443	0.0640	0.0613	0.0591	0.0585	0.0840	0.0675	0.0915	0.0936	0.0893	0.0897	0.0946	0.0835	0.1143	0.1156	0.1094	0.1120	0.1120	0.1268	0.1426	0.1262	0.1236	0.1312	0.1232	0.1408	0.1268	0.1389	0.1651	0.1578	0.1681	0.1570	0.1668	0.1803	0.1588	0.1740	0.1786	0.2014	0.1981	0.2094	0.2157	0.2659	0.2816	0.3119	0.4249	0.6380	0.6833	0.5729	0.4805	0.4482	0.4639	0.4701	0.6509	0.6504	0.5133	0.5600	0.6472	0.7106	0.6618	0.5945	0.5263	0.5129	0.5548	0.5707	0.4809	0.4755	0.4341	0.4184
0.0189	0.0294	0.0370	0.0647	0.0634	0.0432	0.0517	0.0813	0.0844	0.0931	0.1021	0.0939	0.1035	0.1253	0.0845	0.1021	0.1103	0.1173	0.1268	0.1411	0.1387	0.1321	0.1372	0.1437	0.1444	0.1504	0.1543	0.1646	0.1571	0.1651	0.1811	0.1891	0.1963	0.2103	0.2076	0.1931	0.2070	0.2145	0.2512	0.2689	0.2789	0.2712	0.3312	0.3941	0.5217	0.7117	0.9085	0.8327	0.8210	0.7479	0.6152	0.5023	0.4951	0.6835	0.6660	0.5948	0.7064	0.7583	0.7368	0.6465	0.5916	0.5899	0.5804	0.6073	0.5859	0.5667	0.4881	0.4605	0.4009
0.0203	0.0387	0.0437	0.0536	0.0479	0.0452	0.0681	0.0591	0.0792	0.0932	0.1059	0.1117	0.1047	0.1142	0.0945	0.1202	0.1426	0.1495	0.1645	0.1717	0.1627	0.1532	0.2040	0.1819	0.1735	0.1805	0.1868	0.1963	0.1856	0.2015	0.2041	0.2259	0.2503	0.2398	0.2554	0.2479	0.2817	0.2732	0.2903	0.3093	0.3394	0.3602	0.4394	0.5690	0.8292	0.9344	0.9609	0.8460	0.8290	0.7970	0.8262	0.6981	0.5389	0.5935	0.5996	0.6028	0.7224	0.7469	0.7331	0.6870	0.6233	0.6212	0.6285	0.6084	0.5682	0.4936	0.4847	0.4179	0.4012
0.0074	0.0189	0.0324	0.0618	0.0523	0.0530	0.0805	0.1010	0.1221	0.1091	0.1166	0.1332	0.1462	0.1255	0.1647	0.1657	0.2057	0.1861	0.1981	0.2006	0.2054	0.1963	0.2178	0.2201	0.2185	0.2239	0.2128	0.2123	0.2410	0.2663	0.2615	0.2828	0.3087	0.3029	0.3130	0.2956	0.3230	0.3591	0.3540	0.3549	0.3882	0.4514	0.5244	0.7136	0.9695	0.9437	0.9354	0.8647	0.8292	0.8338	0.8361	0.7767	0.6741	0.5669	0.5723	0.6367	0.7674	0.7583	0.6982	0.6923	0.6034	0.5844	0.5858	0.5607	0.5422	0.4859	0.4991	0.4236	0.4115
0.0227	0.0439	0.0480	0.0834	0.0864	0.1089	0.1058	0.1467	0.1638	0.1641	0.1753	0.1770	0.2026	0.2141	0.2426	0.2750	0.3568	0.3461	0.3562	0.3622	0.3292	0.3205	0.3306	0.3701	0.2991	0.2790	0.2727	0.2660	0.2946	0.2996	0.3196	0.3502	0.3522	0.3739	0.3638	0.3806	0.3931	0.4011	0.3896	0.3990	0.4273	0.4696	0.5527	0.6892	0.9454	0.9957	0.9305	0.8476	0.8390	0.8569	0.8534	0.8492	0.8614	0.7708	0.7345	0.7624	0.7891	0.7452	0.6886	0.6925	0.6021	0.5782	0.5780	0.5546	0.5042	0.4762	0.4509	0.4387	0.3995
0.0518	0.0665	0.0761	0.1203	0.1547	0.1769	0.1816	0.2296	0.2828	0.3349	0.3404	0.3558	0.3886	0.4151	0.4691	0.5174	0.6452	0.6746	0.6526	0.6764	0.6743	0.6461	0.6260	0.5978	0.4904	0.4070	0.4142	0.4183	0.4332	0.4446	0.4639	0.4731	0.4260	0.4405	0.4512	0.4241	0.4386	0.4844	0.4652	0.4050	0.4411	0.4826	0.5874	0.6656	0.8854	0.9364	0.8984	0.8642	0.7895	0.7976	0.8317	0.8379	0.8177	0.8215	0.7772	0.7719	0.7451	0.6810	0.6841	0.6874	0.6000	0.5560	0.5426	0.5188	0.4817	0.4202	0.4165	0.4018	0.3783
0.0941	0.1155	0.1565	0.1930	0.2572	0.3418	0.4403	0.5624	0.6109	0.5773	0.6429	0.6572	0.6429	0.6361	0.6735	0.7088	0.8023	0.7882	0.7772	0.7939	0.8191	0.8132	0.7676	0.7128	0.6677	0.6290	0.6661	0.7145	0.7187	0.7378	0.7816	0.7744	0.6663	0.6582	0.5652	0.4853	0.4711	0.5171	0.5042	0.4972	0.4977	0.5149	0.5711	0.6217	0.7015	0.7912	0.8701	0.8178	0.8253	0.7830	0.7476	0.7560	0.7425	0.7503	0.7486	0.6908	0.6478	0.6239	0.6662	0.5802	0.5738	0.5812	0.5216	0.4910	0.4606	0.3986	0.4355	0.4275	0.4073
0.1271	0.1804	0.2960	0.3929	0.4792	0.5856	0.6297	0.6428	0.6858	0.6102	0.6002	0.6381	0.6554	0.6439	0.6324	0.6825	0.7613	0.7529	0.8007	0.7648	0.7411	0.7573	0.7638	0.7282	0.7224	0.7235	0.8056	0.7681	0.8061	0.8278	0.8523	0.8435	0.8548	0.8995	0.7819	0.6268	0.5726	0.6364	0.6901	0.7070	0.7051	0.5892	0.6890	0.7243	0.7784	0.8271	0.7987	0.7708	0.7666	0.7773	0.7593	0.7174	0.7145	0.7012	0.6919	0.6638	0.6116	0.5665	0.5879	0.5932	0.6096	0.5400	0.5029	0.4794	0.4393	0.4104	0.4414	0.4137	0.4053
0.1686	0.2718	0.3691	0.4328	0.4484	0.4671	0.4616	0.4879	0.4690	0.4569	0.4667	0.4815	0.5397	0.5114	0.5285	0.5584	0.6029	0.6492	0.6679	0.7029	0.7276	0.7233	0.7190	0.6869	0.6906	0.6964	0.7280	0.7523	0.7364	0.7771	0.8401	0.8804	0.8745	0.9114	0.8970	0.9008	0.7868	0.8559	0.8468	0.9032	0.8669	0.7756	0.8568	0.8333	0.8498	0.7617	0.7450	0.7096	0.7068	0.6944	0.6880	0.6964	0.6760	0.6746	0.6374	0.6428	0.5965	0.5653	0.5756	0.5539	0.5494	0.5152	0.5034	0.4906	0.4429	0.4483	0.4274	0.4133	0.3779
0.1880	0.2655	0.3180	0.2970	0.3304	0.3702	0.3889	0.3848	0.3638	0.3853	0.4084	0.4114	0.5199	0.4779	0.4669	0.5410	0.5784	0.6170	0.6034	0.5939	0.6530	0.6747	0.6431	0.6228	0.6306	0.6669	0.6224	0.7058	0.7283	0.7274	0.8230	0.7996	0.8436	0.8954	0.8628	0.8765	0.8769	0.8770	0.8683	0.8740	0.8349	0.7763	0.7979	0.7595	0.7077	0.6896	0.7192	0.6835	0.6658	0.6737	0.6757	0.6667	0.6058	0.6302	0.6218	0.6309	0.5960	0.5533	0.5818	0.5504	0.5213	0.5122	0.5220	0.4658	0.4253	0.4503	0.4346	0.4108	0.3705
0.2034	0.2355	0.2706	0.2896	0.2732	0.3192	0.3164	0.3628	0.3624	0.3903	0.3685	0.4232	0.4811	0.4834	0.5100	0.5521	0.6578	0.6527	0.6140	0.6205	0.6289	0.6601	0.6599	0.6305	0.6390	0.6363	0.6193	0.6658	0.6983	0.7085	0.7387	0.7576	0.7835	0.7664	0.8092	0.7875	0.7924	0.8274	0.7984	0.8090	0.8021	0.7297	0.6937	0.6821	0.6395	0.6529	0.6500	0.6375	0.6321	0.6206	0.6878	0.6616	0.6116	0.6004	0.5765	0.6148	0.5574	0.5506	0.5503	0.5137	0.5284	0.5212	0.4983	0.4542	0.4388	0.4382	0.3822	0.3718	0.3509
0.1987	0.2351	0.2661	0.2737	0.2736	0.3001	0.3533	0.3676	0.3765	0.3604	0.3869	0.4092	0.4534	0.4838	0.5081	0.5847	0.6423	0.6040	0.5924	0.5773	0.6312	0.6923	0.6750	0.6576	0.6495	0.6185	0.6764	0.6920	0.6847	0.7021	0.6910	0.7031	0.7497	0.7619	0.7335	0.7393	0.7730	0.8183	0.7758	0.7217	0.7023	0.6460	0.6204	0.6468	0.6654	0.6515	0.6218	0.6451	0.6373	0.5956	0.6208	0.6315	0.6314	0.6095	0.5853	0.5813	0.5624	0.5422	0.5390	0.5444	0.5265	0.5045	0.5130	0.4854	0.4518	0.4472	0.4101	0.3611	0.3790
0.1949	0.2419	0.2832	0.2741	0.2792	0.3019	0.3731	0.3633	0.3751	0.3439	0.3771	0.4108	0.4242	0.4495	0.4664	0.5855	0.6181	0.6110	0.6232	0.6437	0.6348	0.6648	0.6820	0.6284	0.6403	0.6188	0.6564	0.6576	0.6665	0.6896	0.6854	0.6969	0.7004	0.7468	0.7453	0.7024	0.7306	0.7320	0.6701	0.6556	0.6531	0.6032	0.6134	0.6288	0.6388	0.6567	0.6796	0.6267	0.5930	0.6099	0.5938	0.5877	0.6176	0.5891	0.5527	0.5976	0.5687	0.5287	0.5756	0.5540	0.5253	0.5212	0.5064	0.4643	0.4183	0.4251	0.4032	0.3714	0.3587
0.1811	0.2261	0.2584	0.2694	0.2783	0.3323	0.3503	0.3467	0.3623	0.3680	0.3956	0.4269	0.4383	0.4572	0.4608	0.5082	0.5748	0.6054	0.6419	0.6717	0.6091	0.6227	0.6393	0.6543	0.6579	0.6266	0.5996	0.6203	0.6848	0.6780	0.6885	0.7023	0.7199	0.7041	0.7013	0.7173	0.7278	0.6546	0.6388	0.6423	0.6414	0.6198	0.5990	0.6012	0.6048	0.6056	0.6224	0.6186	0.6042	0.6145	0.5806	0.5723	0.5604	0.5461	0.5520	0.5594	0.5567	0.5541	0.5383	0.5502	0.5326	0.5013	0.4973	0.4656	0.4211	0.4167	0.3809	0.3854	0.3428
0.2010	0.1961	0.2415	0.2896	0.2758	0.3037	0.3658	0.3607	0.3765	0.3608	0.3772	0.3927	0.4344	0.4854	0.4682	0.4784	0.5414	0.5262	0.5423	0.5930	0.6045	0.5771	0.5517	0.5769	0.5864	0.6209	0.5919	0.6310	0.6454	0.6337	0.6682	0.6754	0.6836	0.6511	0.6681	0.6615	0.6513	0.6103	0.6398	0.6308	0.6259	0.6367	0.5942	0.6037	0.6283	0.6469	0.6525	0.6350	0.6346	0.6149	0.6139	0.6015	0.5590	0.5637	0.5837	0.5889	0.5693	0.5542	0.5722	0.5343	0.5423	0.5006	0.4796	0.4714	0.4315	0.4411	0.4174	0.3930	0.3682
0.1819	0.2146	0.2570	0.2826	0.2855	0.3052	0.3126	0.3496	0.3547	0.3603	0.3854	0.3685	0.4282	0.4504	0.4370	0.4391	0.4791	0.4524	0.5125	0.5103	0.5344	0.5308	0.5451	0.5395	0.5313	0.5627	0.5380	0.5683	0.5615	0.6343	0.6227	0.6237	0.6433	0.6456	0.6302	0.5968	0.6248	0.6085	0.6484	0.6161	0.6480	0.6347	0.6210	0.6080	0.6653	0.6306	0.6182	0.5888	0.6159	0.5919	0.6252	0.6113	0.5825	0.5729	0.5732	0.5954	0.5462	0.5265	0.5561	0.5677	0.4993	0.4938	0.5019	0.4568	0.4278	0.4139	0.4067	0.3882	0.3588
0.1871	0.2059	0.2401	0.2466	0.2563	0.2851	0.3250	0.3295	0.3328	0.3757	0.3702	0.3822	0.4101	0.4059	0.3932	0.4167	0.4265	0.4340	0.4664	0.5013	0.4908	0.5344	0.5351	0.5196	0.5295	0.5439	0.5454	0.5544	0.5835	0.5827	0.5810	0.6241	0.6222	0.6181	0.5887	0.6107	0.6245	0.6128	0.6382	0.6326	0.6398	0.6446	0.6492	0.5968	0.6306	0.6298	0.5943	0.5955	0.6081	0.5642	0.6155	0.6321	0.6211	0.6129	0.5442	0.5784	0.5748	0.5180	0.5287	0.5579	0.5173	0.5134	0.4999	0.4422	0.4490	0.4173	0.4186	0.4023	0.3752
0.1811	0.2041	0.2049	0.2333	0.2671	0.3056	0.3216	0.3203	0.3131	0.3560	0.3778	0.3887	0.3860	0.4171	0.4102	0.4133	0.4267	0.4582	0.5110	0.5111	0.5082	0.4970	0.5244	0.5190	0.5475	0.5123	0.5374	0.5838	0.6036	0.5748	0.5850	0.6368	0.6544	0.6095	0.6007	0.6111	0.6323	0.6700	0.6243	0.6164	0.6177	0.6300	0.6511	0.6325	0.5966	0.5647	0.5871	0.5882	0.5894	0.5736	0.6081	0.5864	0.5701	0.5877	0.6024	0.5808	0.5649	0.5780	0.5464	0.5317	0.4961	0.5217	0.4814	0.4436	0.4796	0.4541	0.3935	0.3998	0.3756
0.1737	0.1921	0.2371	0.3005	0.2682	0.2631	0.3055	0.3343	0.3324	0.3365	0.4000	0.3846	0.4094	0.4003	0.3928	0.4566	0.4829	0.4792	0.5026	0.5284	0.5269	0.5027	0.5171	0.5452	0.5155	0.5189	0.5288	0.5722	0.5679	0.5886	0.6188	0.6163	0.6412	0.6404	0.6122	0.6205	0.6483	0.6841	0.6231	0.6420	0.6248	0.6407	0.6150	0.6320	0.6409	0.5570	0.5875	0.5901	0.5800	0.5960	0.6103	0.5751	0.5769	0.5679	0.5889	0.5697	0.5327	0.5513	0.5241	0.5149	0.5323	0.5193	0.4661	0.4530	0.4532	0.4520	0.4089	0.4125	0.3935
0.1644	0.1952	0.2386	0.2232	0.2384	0.2748	0.3222	0.3365	0.3599	0.3638	0.3823	0.3844	0.3878	0.3785	0.3771	0.4118	0.4970	0.5203	0.4916	0.5403	0.5346	0.5518	0.5003	0.5321	0.5340	0.5425	0.4751	0.5356	0.5646	0.5796	0.6140	0.6055	0.6384	0.6227	0.6596	0.6758	0.6721	0.6524	0.6271	0.6502	0.5798	0.6442	0.6137	0.6027	0.5956	0.5781	0.5994	0.5733	0.6008	0.6175	0.5857	0.6192	0.6260	0.6151	0.5570	0.5666	0.5550	0.5636	0.5274	0.5271	0.5249	0.4992	0.4625	0.4472	0.4778	0.4439	0.4081	0.3845	0.3755
0.1501	0.2052	0.2184	0.1974	0.2321	0.2524	0.3029	0.3251	0.3525	0.3436	0.3503	0.3659	0.3914	0.3943	0.4114	0.4483	0.4656	0.4703	0.5114	0.5192	0.5438	0.5541	0.5006	0.5289	0.5725	0.5543	0.5091	0.5753	0.6195	0.5821	0.5873	0.6075	0.6179	0.6170	0.6741	0.6654	0.6250	0.6410	0.6361	0.6207	0.5948	0.6378	0.6635	0.6049	0.6048	0.5994	0.5839	0.6063	0.5557	0.6053	0.6131	0.5699	0.6036	0.6386	0.6066	0.5822	0.5526	0.5562	0.5212	0.5155	0.5531	0.5216	0.4928	0.4799	0.4505	0.4240	0.4066	0.4122	0.4048
0.1940	0.2056	0.2199	0.2443	0.2534	0.2943	0.3251	0.3117	0.3590	0.3372	0.3474	0.3808	0.3978	0.4178	0.4491	0.4729	0.4843	0.4995	0.5181	0.5309	0.5255	0.5665	0.5283	0.5586	0.5773	0.5498	0.5588	0.5404	0.5877	0.5765	0.5960	0.6001	0.6033	0.6396	0.6575	0.6636	0.6967	0.6291	0.6096	0.6086	0.6483	0.6586	0.6353	0.6315	0.6239	0.5783	0.6169	0.6225	0.6081	0.6144	0.5968	0.5732	0.6301	0.6253	0.6026	0.5870	0.5747	0.5319	0.5172	0.5076	0.5249	0.5370	0.5061	0.4711	0.4431	0.4247	0.4401	0.3945	0.3905
0.1825	0.2172	0.2289	0.2760	0.2573	0.2785	0.3089	0.3428	0.3498	0.3373	0.3367	0.3704	0.4009	0.4307	0.4240	0.4860	0.5006	0.5115	0.5641	0.6237	0.5986	0.5798	0.5762	0.5674	0.5690	0.5582	0.5602	0.5655	0.5888	0.6061	0.6552	0.6182	0.6178	0.6688	0.6642	0.6515	0.6592	0.6473	0.6449	0.6223	0.6280	0.6354	0.6441	0.6477	0.5846	0.5976	0.6400	0.5772	0.6083	0.6216	0.6046	0.5689	0.6003	0.5975	0.5810	0.5652	0.5687	0.5633	0.5745	0.5274	0.5287	0.5360	0.4968	0.4866	0.4470	0.4474	0.4727	0.4247	0.4248
0.1648	0.1931	0.2191	0.2447	0.2659	0.2807	0.2960	0.3462	0.3601	0.3275	0.3642	0.3673	0.4134	0.4413	0.4449	0.4840	0.5225	0.5737	0.5996	0.6227	0.6319	0.6335	0.5970	0.6250	0.6676	0.6491	0.6058	0.5755	0.6021	0.6405	0.6320	0.6555	0.6610	0.6940	0.7493	0.6984	0.6641	0.6838	0.6696	0.6138	0.6348	0.6416	0.6418	0.6296	0.6147	0.6299	0.6160	0.6254	0.5847	0.6673	0.6261	0.5748	0.5957	0.6098	0.5792	0.5593	0.5838	0.5717	0.5607	0.5436	0.5484	0.5125	0.5086	0.5009	0.4974	0.4624	0.4659	0.4413	0.3971
0.1981	0.2119	0.2169	0.2511	0.2733	0.3292	0.3323	0.3561	0.3728	0.3578	0.3785	0.4192	0.4213	0.4863	0.5263	0.5182	0.5601	0.5796	0.5686	0.5679	0.5927	0.6256	0.6089	0.6549	0.7157	0.6945	0.6456	0.6502	0.6600	0.6531	0.6577	0.6623	0.7151	0.7575	0.7701	0.7518	0.7365	0.7567	0.7116	0.6586	0.6631	0.6337	0.6450	0.6065	0.6097	0.6547	0.7036	0.6983	0.6806	0.6711	0.6589	0.6336	0.6428	0.5956	0.5850	0.5909	0.5628	0.5706	0.5566	0.5452	0.5500	0.5383	0.5429	0.5037	0.5019	0.4849	0.4843	0.4657	0.4335
0.1574	0.2122	0.2409	0.2736	0.2958	0.3509	0.3624	0.3514	0.3893	0.3817	0.3999	0.4348	0.4713	0.4954	0.5040	0.5483	0.5695	0.5748	0.5997	0.6249	0.6508	0.6389	0.6728	0.6977	0.6721	0.6822	0.6697	0.6915	0.7158	0.6982	0.7013	0.7641	0.7750	0.8350	0.8115	0.8093	0.8383	0.8548	0.8318	0.7864	0.7678	0.7288	0.6695	0.6737	0.6406	0.6229	0.6948	0.6910	0.7195	0.6998	0.6809	0.6494	0.6388	0.6015	0.6044	0.6220	0.5928	0.5899	0.5978	0.5659	0.5456	0.5564	0.5374	0.5140	0.5247	0.4918	0.4812	0.4673	0.4523
0.1879	0.2541	0.2654	0.2652	0.3108	0.3549	0.3701	0.3972	0.3975	0.3880	0.4434	0.4373	0.4860	0.4740	0.5246	0.5586	0.5599	0.6912	0.6689	0.6555	0.7128	0.7283	0.7509	0.7429	0.7054	0.7162	0.7202	0.7399	0.7806	0.7325	0.8011	0.8706	0.8470	0.8672	0.9019	0.8855	0.8909	0.9158	0.8287	0.6629	0.6979	0.7510	0.8214	0.7837	0.7340	0.6913	0.7237	0.7351	0.7470	0.7424	0.7408	0.7227	0.6740	0.6770	0.6389	0.6205	0.6198	0.6325	0.6379	0.5633	0.5770	0.5653	0.5616	0.5569	0.5635	0.5287	0.5121	0.4837	0.4809
0.2240	0.3322	0.3707	0.3921	0.4096	0.4055	0.4448	0.4584	0.4446	0.4199	0.4600	0.4831	0.5247	0.5552	0.5890	0.6160	0.6662	0.7045	0.6900	0.7091	0.7686	0.7738	0.7623	0.7457	0.7753	0.7369	0.7672	0.7606	0.7890	0.8144	0.8761	0.9581	0.9689	0.9499	0.9786	0.9346	0.9117	0.8702	0.6178	0.4531	0.4891	0.6059	0.8626	0.9132	0.8159	0.7746	0.8152	0.7567	0.7899	0.7892	0.7578	0.7827	0.7270	0.7054	0.6709	0.6594	0.6709	0.6509	0.5909	0.5956	0.6520	0.6236	0.5835	0.5940	0.5857	0.5452	0.5121	0.4827	0.4781
0.1262	0.2674	0.3939	0.5443	0.5829	0.6118	0.6867	0.6403	0.6210	0.6095	0.5788	0.5800	0.5739	0.6250	0.6624	0.6992	0.7413	0.8091	0.7925	0.8020	0.8055	0.8165	0.8037	0.7758	0.7902	0.7693	0.7958	0.7858	0.8668	0.9108	0.9383	0.8660	0.8657	0.9249	0.9095	0.9206	0.9643	0.7997	0.4974	0.4029	0.4317	0.5162	0.7219	0.9374	0.9578	0.9052	0.9132	0.8422	0.8221	0.8599	0.8090	0.7944	0.7673	0.7354	0.7264	0.6957	0.6656	0.6764	0.6814	0.6992	0.6899	0.6438	0.6118	0.6052	0.6088	0.5775	0.5686	0.4967	0.4546
0.0748	0.0988	0.1728	0.2949	0.4339	0.5260	0.6671	0.7145	0.7004	0.7228	0.7857	0.7529	0.7339	0.7309	0.7507	0.8082	0.8265	0.8516	0.8881	0.8819	0.8827	0.8599	0.8353	0.7969	0.8048	0.7767	0.7468	0.8216	0.8770	0.7799	0.5982	0.4470	0.4520	0.4938	0.5191	0.5641	0.6629	0.6186	0.4341	0.3712	0.4163	0.4399	0.5498	0.6941	0.9548	1.0000	0.9771	0.9001	0.8644	0.8363	0.7985	0.8166	0.7885	0.7831	0.7605	0.7622	0.7225	0.7046	0.7152	0.7260	0.7017	0.6976	0.6761	0.6505	0.6174	0.5724	0.5686	0.5206	0.4741
0.0348	0.0471	0.0746	0.0958	0.1483	0.1808	0.2443	0.3286	0.3980	0.4116	0.5407	0.5349	0.5766	0.6215	0.6627	0.6590	0.7042	0.7519	0.7536	0.7501	0.7684	0.7035	0.6464	0.6215	0.6261	0.5772	0.5375	0.5746	0.5499	0.4410	0.3126	0.2845	0.2885	0.2996	0.3164	0.3285	0.3368	0.3568	0.3288	0.3300	0.3553	0.3805	0.4336	0.4785	0.6407	0.8981	0.9885	0.9614	0.9234	0.8839	0.8971	0.8531	0.7911	0.7959	0.7976	0.7990	0.8291	0.7854	0.7436	0.7765	0.7372	0.6833	0.6897	0.6460	0.6242	0.5826	0.5876	0.5338	0.4909
0.0106	0.0399	0.0505	0.0511	0.0756	0.0872	0.1047	0.1094	0.1464	0.1549	0.1701	0.1780	0.2019	0.2369	0.2701	0.3062	0.3320	0.4033	0.3945	0.3835	0.3625	0.3257	0.3149	0.3109	0.2841	0.2585	0.2479	0.2605	0.2516	0.2649	0.2513	0.2354	0.2620	0.2836	0.2614	0.2570	0.2628	0.2786	0.2698	0.2834	0.3263	0.3348	0.3703	0.3962	0.4522	0.5704	0.7017	0.9438	0.9620	0.9187	0.8811	0.8969	0.8500	0.8582	0.8254	0.8674	0.8174	0.7152	0.7184	0.8203	0.7633	0.6771	0.6799	0.6710	0.6046	0.6293	0.6019	0.5530	0.4955
0.0072	0.0333	0.0406	0.0515	0.0587	0.0733	0.0841	0.0810	0.0840	0.1007	0.1064	0.1100	0.1174	0.1114	0.1328	0.1535	0.1569	0.1507	0.1561	0.1751	0.1697	0.1403	0.1639	0.1734	0.1840	0.1744	0.1690	0.1976	0.2011	0.2121	0.2176	0.2093	0.2057	0.2218	0.2155	0.2142	0.2192	0.2209	0.2377	0.2484	0.2708	0.2863	0.2962	0.3171	0.3535	0.4049	0.4407	0.5893	0.6689	0.6416	0.7599	0.9094	0.8025	0.8026	0.8547	0.8385	0.7075	0.6486	0.5818	0.7965	0.8174	0.7566	0.7409	0.7019	0.6680	0.6703	0.6232	0.5435	0.5239
0.0075	0.0310	0.0401	0.0368	0.0474	0.0602	0.0808	0.0770	0.0580	0.0706	0.0877	0.0785	0.0886	0.0990	0.1145	0.1157	0.1091	0.1082	0.1165	0.1290	0.1281	0.1160	0.1174	0.1298	0.1376	0.1312	0.1353	0.1347	0.1521	0.1505	0.1446	0.1607	0.1586	0.1633	0.1759	0.1657	0.1746	0.1863	0.1966	0.1955	0.1987	0.2252	0.2327	0.2341	0.2616	0.2843	0.3027	0.3376	0.3608	0.4056	0.5026	0.6135	0.5565	0.5560	0.7189	0.6882	0.6902	0.7005	0.6166	0.8302	0.8312	0.7650	0.8094	0.7201	0.6952	0.6771	0.6318	0.6019	0.5489
0.0035	0.0142	0.0224	0.0312	0.0455	0.0679	0.0595	0.0634	0.0601	0.0707	0.0708	0.0681	0.0818	0.0867	0.0802	0.0935	0.0998	0.1025	0.1046	0.1007	0.1028	0.1028	0.1093	0.1057	0.1021	0.1031	0.1060	0.1054	0.1239	0.1245	0.1126	0.1209	0.1258	0.1198	0.1314	0.1293	0.1450	0.1405	0.1518	0.1434	0.1478	0.1671	0.1711	0.1868	0.2004	0.2124	0.2306	0.2539	0.2547	0.2819	0.3192	0.3480	0.3721	0.3546	0.4141	0.5164	0.7498	0.6536	0.6178	0.8712	0.9050	0.8312	0.7707	0.6969	0.5604	0.4914	0.5870	0.6028	0.5617
0.0008	0.0160	0.0240	0.0372	0.0369	0.0464	0.0551	0.0513	0.0577	0.0512	0.0591	0.0645	0.0672	0.0768	0.0708	0.0819	0.0921	0.0888	0.0860	0.0888	0.0912	0.0898	0.0886	0.1001	0.0933	0.0899	0.0970	0.1060	0.1033	0.1037	0.0978	0.0994	0.0931	0.0980	0.1077	0.1021	0.1042	0.1163	0.1189	0.1073	0.1261	0.1328	0.1371	0.1588	0.1714	0.1748	0.1816	0.2020	0.2121	0.2195	0.2625	0.2698	0.2953	0.3254	0.3401	0.5218	0.7111	0.4981	0.5756	0.8056	0.7798	0.7071	0.6863	0.6891	0.5651	0.5292	0.6586	0.6484	0.6153
0.0000	0.0022	0.0246	0.0245	0.0327	0.0312	0.0540	0.0484	0.0470	0.0382	0.0466	0.0602	0.0679	0.0619	0.0795	0.0803	0.0857	0.0844	0.0707	0.0687	0.0829	0.0838	0.0763	0.0747	0.0975	0.0841	0.0807	0.1034	0.0949	0.0932	0.0851	0.0869	0.0917	0.0929	0.0880	0.0898	0.0966	0.1010	0.0897	0.0897	0.0995	0.1005	0.1071	0.1146	0.1336	0.1399	0.1438	0.1662	0.1627	0.1719	0.2065	0.2060	0.2277	0.2477	0.2700	0.3885	0.4538	0.3259	0.3695	0.4914	0.4999	0.5001	0.6937	0.6698	0.4976	0.5851	0.6747	0.6659	0.5987
0.0000	0.0068	0.0197	0.0478	0.0218	0.0182	0.0364	0.0388	0.0451	0.0507	0.0544	0.0553	0.0633	0.0483	0.0591	0.0715	0.0747	0.0760	0.0671	0.0538	0.0677	0.0695	0.0773	0.0734	0.0736	0.0814	0.0799	0.0815	0.0745	0.0901	0.0815	0.0802	0.0830	0.0788	0.0758	0.0799	0.0878	0.0826	0.0802	0.0813	0.0785	0.0819	0.0974	0.0998	0.1035	0.1070	0.1099	0.1204	0.1167	0.1303	0.1400	0.1539	0.1562	0.1782	0.2018	0.2267	0.2259	0.2551	0.2677	0.3123	0.3377	0.4219	0.6140	0.5516	0.3802	0.4570	0.6418	0.6625	0.6022
0.0000	0.0000	0.0070	0.0301	0.0245	0.0213	0.0305	0.0393	0.0327	0.0384	0.0395	0.0476	0.0465	0.0457	0.0585	0.0737	0.0713	0.0670	0.0610	0.0717	0.0707	0.0644	0.0653	0.0726	0.0683	0.0693	0.0596	0.0680	0.0667	0.0723	0.0681	0.0689	0.0848	0.0726	0.0663	0.0691	0.0773	0.0729	0.0740	0.0762	0.0749	0.0732	0.0858	0.0832	0.0871	0.0912	0.0903	0.0943	0.1055	0.1021	0.0959	0.1175	0.1249	0.1254	0.1384	0.1540	0.1577	0.1660	0.2062	0.2347	0.2368	0.2727	0.3371	0.3380	0.2775	0.3076	0.4533	0.5281	0.5331
0.0000	0.0050	0.0077	0.0044	0.0058	0.0079	0.0170	0.0317	0.0321	0.0327	0.0312	0.0411	0.0363	0.0441	0.0473	0.0535	0.0598	0.0619	0.0503	0.0639	0.0785	0.0678	0.0575	0.0648	0.0653	0.0763	0.0715	0.0639	0.0608	0.0712	0.0683	0.0672	0.0701	0.0682	0.0626	0.0712	0.0760	0.0739	0.0751	0.0683	0.0785	0.0733	0.0743	0.0747	0.0796	0.0879	0.0858	0.0848	0.0951	0.0958	0.0975	0.0905	0.0883	0.0984	0.1125	0.1192	0.1178	0.1115	0.1328	0.1480	0.1593	0.1633	0.1730	0.1827	0.1997	0.2123	0.2338	0.2520	0.3237
0.0017	0.0000	0.0023	0.0000	0.0088	0.0048	0.0195	0.0280	0.0312	0.0253	0.0309	0.0426	0.0354	0.0482	0.0378	0.0472	0.0559	0.0619	0.0529	0.0458	0.0617	0.0523	0.0633	0.0578	0.0544	0.0659	0.0582	0.0660	0.0609	0.0648	0.0678	0.0612	0.0574	0.0699	0.0632	0.0685	0.0682	0.0591	0.0672	0.0631	0.0644	0.0654	0.0681	0.0673	0.0673	0.0770	0.0804	0.0795	0.0808	0.0828	0.0905	0.0884	0.0789	0.0892	0.0998	0.0947	0.1014	0.1010	0.1037	0.1138	0.1207	0.1323	0.1324	0.1372	0.1398	0.1280	0.1332	0.1638	0.1800
0.0000	0.0000	0.0000	0.0000	0.0007	0.0077	0.0206	0.0206	0.0175	0.0237	0.0332	0.0271	0.0306	0.0235	0.0337	0.0583	0.0497	0.0502	0.0360	0.0480	0.0517	0.0400	0.0597	0.0457	0.0513	0.0628	0.0538	0.0533	0.0518	0.0507	0.0542	0.0579	0.0511	0.0557	0.0514	0.0524	0.0621	0.0594	0.0584	0.0637	0.0628	0.0668	0.0653	0.0653	0.0632	0.0664	0.0701	0.0726	0.0742	0.0740	0.0721	0.0800	0.0830	0.0857	0.0808	0.0892	0.0990	0.0948	0.0924	0.0963	0.0985	0.0897	0.0857	0.1098	0.1084	0.0937	0.0940	0.1127	0.1076
0.0000	0.0000	0.0060	0.0101	0.0000	0.0000	0.0067	0.0187	0.0007	0.0024	0.0208	0.0270	0.0268	0.0335	0.0438	0.0454	0.0441	0.0403	0.0400	0.0401	0.0437	0.0314	0.0347	0.0471	0.0521	0.0579	0.0552	0.0409	0.0478	0.0527	0.0426	0.0544	0.0516	0.0501	0.0602	0.0474	0.0384	0.0458	0.0583	0.0546	0.0522	0.0642	0.0583	0.0598	0.0554	0.0599	0.0757	0.0697	0.0581	0.0609	0.0763	0.0748	0.0684	0.0707	0.0771	0.0827	0.0831	0.0752	0.0817	0.0879	0.0881	0.0837	0.0998	0.0935	0.1000	0.0904	0.0831	0.0939	0.0849
0.0000	0.0000	0.0076	0.0121	0.0000	0.0040	0.0186	0.0000	0.0000	0.0132	0.0221	0.0302	0.0302	0.0388	0.0237	0.0215	0.0402	0.0457	0.0358	0.0334	0.0492	0.0348	0.0357	0.0355	0.0493	0.0525	0.0449	0.0515	0.0522	0.0564	0.0470	0.0427	0.0483	0.0502	0.0491	0.0464	0.0571	0.0513	0.0463	0.0413	0.0495	0.0449	0.0530	0.0642	0.0556	0.0653	0.0714	0.0671	0.0637	0.0637	0.0694	0.0675	0.0626	0.0735	0.0768	0.0760	0.0785	0.0726	0.0784	0.0780	0.0805	0.0770	0.0987	0.0861	0.0764	0.0724	0.0693	0.0827	0.0742
0.0035	0.0000	0.0000	0.0008	0.0000	0.0000	0.0117	0.0061	0.0038	0.0076	0.0187	0.0221	0.0350	0.0316	0.0234	0.0208	0.0269	0.0394	0.0247	0.0450	0.0466	0.0338	0.0336	0.0398	0.0409	0.0413	0.0438	0.0490	0.0423	0.0451	0.0464	0.0434	0.0406	0.0423	0.0420	0.0468	0.0493	0.0492	0.0499	0.0513	0.0457	0.0503	0.0535	0.0561	0.0524	0.0598	0.0642	0.0672	0.0623	0.0624	0.0586	0.0653	0.0617	0.0717	0.0708	0.0714	0.0694	0.0705	0.0630	0.0688	0.0720	0.0595	0.0721	0.0748	0.0691	0.0671	0.0590	0.0653	0.0560
0.0000	0.0000	0.0000	0.0000	0.0000	0.0000	0.0053	0.0071	0.0046	0.0000	0.0135	0.0234	0.0351	0.0233	0.0168	0.0298	0.0393	0.0365	0.0295	0.0330	0.0355	0.0335	0.0384	0.0417	0.0455	0.0359	0.0329	0.0405	0.0448	0.0478	0.0422	0.0464	0.0469	0.0498	0.0503	0.0452	0.0375	0.0393	0.0528	0.0572	0.0439	0.0462	0.0532	0.0476	0.0502	0.0562	0.0519	0.0541	0.0532	0.0488	0.0528	0.0553	0.0600	0.0647	0.0602	0.0715	0.0682	0.0579	0.0536	0.0574	0.0651	0.0626	0.0590	0.0644	0.0706	0.0602	0.0622	0.0584	0.0473
0.0000	0.0000	0.0000	0.0000	0.0038	0.0000	0.0062	0.0116	0.0000	0.0056	0.0149	0.0096	0.0160	0.0118	0.0224	0.0288	0.0295	0.0296	0.0350	0.0181	0.0350	0.0333	0.0311	0.0362	0.0425	0.0393	0.0229	0.0392	0.0438	0.0332	0.0357	0.0376	0.0396	0.0482	0.0412	0.0469	0.0420	0.0409	0.0425	0.0615	0.0504	0.0483	0.0485	0.0490	0.0480	0.0402	0.0535	0.0559	0.0452	0.0478	0.0609	0.0658	0.0592	0.0468	0.0542	0.0720	0.0615	0.0726	0.0706	0.0732	0.0685	0.0676	0.0696	0.0744	0.0928	0.0731	0.0640	0.0639	0.0606
