0.0000	0.0000	0.0000	0.0126	0.0043	0.0087	0.0156	0.0225	0.0368	0.0212	0.0181	0.0315	0.0411	0.0634	0.0458	0.0410	0.0488	0.0507	0.0576	0.0633	0.0811	0.0519	0.0576	0.0642	0.0657	0.0742	0.0850	0.0829	0.0922	0.0985	0.0870	0.0868	0.0733	0.0723	0.0904	0.0902	0.1072	0.1057	0.1133	0.1011	0.0811	0.1046	0.1053	0.1020	0.0801	0.1024	0.1130	0.1269	0.1076	0.1066	0.0976	0.1048	0.1073	0.0887	0.0994	0.1014	0.1064	0.0840	0.0760	0.0727	0.0853	0.0708	0.0691	0.0760	0.0693	0.0527	0.0542	0.0571	0.0442
0.0000	0.0000	0.0084	0.0058	0.0178	0.0190	0.0192	0.0265	0.0293	0.0149	0.0200	0.0550	0.0565	0.0518	0.0310	0.0357	0.0578	0.0754	0.0637	0.0737	0.1078	0.0789	0.0836	0.0854	0.0761	0.0801	0.0859	0.0856	0.1031	0.1095	0.1123	0.0921	0.0878	0.0935	0.0898	0.0960	0.1204	0.1227	0.1214	0.1125	0.1067	0.1021	0.1100	0.1209	0.1120	0.1069	0.1140	0.1209	0.1114	0.1102	0.1138	0.1161	0.0953	0.0963	0.0968	0.1015	0.1016	0.0988	0.0961	0.0963	0.0865	0.0652	0.0659	0.0933	0.0861	0.0618	0.0636	0.0681	0.0624
0.0000	0.0000	0.0203	0.0386	0.0271	0.0119	0.0174	0.0102	0.0213	0.0147	0.0307	0.0414	0.0554	0.0597	0.0650	0.0468	0.0390	0.0651	0.0634	0.0840	0.0907	0.0855	0.0957	0.0884	0.1039	0.0779	0.0923	0.0985	0.1060	0.1023	0.1056	0.0976	0.1025	0.1229	0.1008	0.1076	0.1153	0.1047	0.1015	0.1037	0.1235	0.1378	0.1295	0.1241	0.1207	0.1084	0.1184	0.1087	0.1073	0.1071	0.1267	0.1283	0.1202	0.1112	0.1126	0.1143	0.1184	0.0936	0.0925	0.0980	0.0966	0.0945	0.0877	0.0779	0.0981	0.0923	0.0730	0.0697	0.0801
0.0000	0.0153	0.0177	0.0327	0.0051	0.0047	0.0348	0.0294	0.0384	0.0335	0.0385	0.0490	0.0505	0.0548	0.0793	0.0684	0.0565	0.0681	0.0665	0.0788	0.0955	0.0909	0.0867	0.1083	0.0977	0.0798	0.1051	0.0897	0.0932	0.0937	0.0940	0.0913	0.1099	0.1257	0.1020	0.1037	0.0961	0.1092	0.1138	0.1195	0.1289	0.1336	0.1239	0.1238	0.1199	0.1191	0.1273	0.1196	0.1142	0.1244	0.1320	0.1209	0.1147	0.1215	0.1164	0.1121	0.1043	0.0958	0.1063	0.0873	0.1030	0.1075	0.1194	0.1003	0.1212	0.1059	0.1192	0.0947	0.0919
0.0000	0.0258	0.0197	0.0149	0.0099	0.0064	0.0263	0.0305	0.0509	0.0564	0.0544	0.0530	0.0941	0.0745	0.0689	0.0741	0.0659	0.0535	0.0652	0.0716	0.0774	0.0796	0.0746	0.0819	0.0863	0.0759	0.0879	0.0806	0.0950	0.0957	0.1059	0.1108	0.1141	0.1119	0.1190	0.1171	0.1008	0.1151	0.1268	0.1415	0.1215	0.1033	0.1217	0.1281	0.1300	0.1350	0.1253	0.1123	0.1138	0.1238	0.1220	0.1112	0.1103	0.1177	0.1160	0.1210	0.1169	0.1110	0.1059	0.1117	0.1076	0.1081	0.1218	0.1177	0.1305	0.1157	0.1327	0.1258	0.1071
0.0000	0.0122	0.0186	0.0123	0.0163	0.0230	0.0229	0.0441	0.0571	0.0667	0.0558	0.0618	0.1072	0.0834	0.0555	0.0716	0.0834	0.0765	0.0956	0.0956	0.0830	0.0959	0.0812	0.0686	0.1039	0.0963	0.1104	0.0941	0.0963	0.1136	0.1120	0.1227	0.1344	0.1321	0.1200	0.1358	0.1203	0.1105	0.1276	0.1223	0.1057	0.1237	0.1462	0.1502	0.1499	0.1121	0.1143	0.1289	0.1466	0.1440	0.1284	0.1587	0.1396	0.1354	0.1500	0.1593	0.1437	0.1168	0.1174	0.1335	0.1327	0.1364	0.1552	0.1424	0.1406	0.1050	0.1158	0.1424	0.1453
0.0000	0.0000	0.0176	0.0358	0.0286	0.0376	0.0417	0.0503	0.0746	0.0685	0.0595	0.0715	0.0886	0.0710	0.0540	0.0832	0.1138	0.1109	0.1311	0.1100	0.1156	0.1088	0.0814	0.0676	0.1143	0.1307	0.1147	0.1161	0.1219	0.1029	0.1161	0.1143	0.1259	0.1365	0.1235	0.1272	0.1362	0.1253	0.1163	0.1258	0.1118	0.1315	0.1404	0.1390	0.1340	0.1203	0.1500	0.1468	0.1396	0.1514	0.1469	0.1662	0.1624	0.1738	0.1597	0.1790	0.1683	0.1563	0.1672	0.1502	0.1645	0.1545	0.1733	0.1745	0.1579	0.1432	0.1539	0.1599	0.1618
0.0000	0.0081	0.0036	0.0184	0.0408	0.0504	0.0423	0.0551	0.0764	0.0633	0.0520	0.0527	0.0659	0.0721	0.0794	0.1030	0.1032	0.0973	0.0987	0.0868	0.1097	0.1032	0.1035	0.0888	0.1138	0.1413	0.1110	0.1247	0.1420	0.1241	0.1201	0.1092	0.1400	0.1503	0.1441	0.1355	0.1459	0.1342	0.1599	0.1429	0.1566	0.1426	0.1361	0.1348	0.1395	0.1555	0.1530	0.1725	0.1598	0.1760	0.2006	0.2004	0.1816	0.2034	0.1888	0.1831	0.2036	0.2076	0.2182	0.1771	0.1798	0.1710	0.2054	0.2208	0.1961	0.2187	0.3087	0.2626	0.2107
0.0094	0.0068	0.0178	0.0286	0.0400	0.0391	0.0428	0.0621	0.0759	0.0641	0.0594	0.0839	0.0888	0.0779	0.0842	0.0971	0.0870	0.1122	0.1080	0.0985	0.1223	0.0998	0.1017	0.1065	0.1416	0.1255	0.1084	0.1188	0.1468	0.1290	0.1280	0.1316	0.1398	0.1336	0.1471	0.1511	0.1589	0.1472	0.1566	0.1785	0.1636	0.1630	0.1600	0.1601	0.1748	0.1654	0.1825	0.2009	0.2226	0.2316	0.2955	0.3870	0.3088	0.2790	0.2356	0.2469	0.2520	0.2476	0.2455	0.2370	0.2336	0.2125	0.2449	0.2737	0.2503	0.3430	0.3799	0.3481	0.3370
0.0440	0.0209	0.0133	0.0387	0.0334	0.0504	0.0692	0.0799	0.0818	0.0685	0.0714	0.0903	0.1010	0.1056	0.0977	0.1103	0.1022	0.1047	0.1208	0.1279	0.1271	0.1125	0.1106	0.1241	0.1362	0.1310	0.1133	0.1227	0.1447	0.1249	0.1336	0.1453	0.1462	0.1433	0.1644	0.1408	0.1677	0.1638	0.1571	0.1754	0.1704	0.1706	0.1938	0.1865	0.2068	0.2107	0.2330	0.2224	0.2781	0.4066	0.5378	0.6318	0.5667	0.4535	0.3769	0.3469	0.4331	0.4326	0.3051	0.2584	0.2918	0.2715	0.3084	0.3771	0.3932	0.3866	0.3699	0.3806	0.4016
0.0416	0.0249	0.0241	0.0532	0.0398	0.0557	0.0631	0.0605	0.0727	0.0820	0.0738	0.0795	0.0872	0.1225	0.1216	0.1058	0.0960	0.1152	0.1256	0.1204	0.1485	0.1249	0.1257	0.1224	0.1332	0.1403	0.1206	0.1303	0.1595	0.1446	0.1344	0.1651	0.1638	0.1711	0.1905	0.1701	0.1955	0.2049	0.1942	0.1791	0.2030	0.2247	0.2497	0.2286	0.2294	0.2730	0.3257	0.3366	0.4138	0.6671	0.7123	0.7072	0.6569	0.6362	0.5180	0.5198	0.5993	0.5669	0.4046	0.3214	0.3095	0.2898	0.3307	0.4634	0.4885	0.3969	0.3609	0.3763	0.3849
0.0269	0.0167	0.0403	0.0462	0.0407	0.0358	0.0693	0.0870	0.0654	0.0656	0.0952	0.1104	0.0784	0.1143	0.1094	0.1157	0.1156	0.1249	0.1215	0.1284	0.1377	0.1220	0.1326	0.1436	0.1655	0.1528	0.1585	0.1466	0.1626	0.1665	0.1536	0.1802	0.1827	0.1952	0.2107	0.1893	0.2248	0.2504	0.2742	0.2434	0.2477	0.2580	0.3191	0.3313	0.2960	0.3282	0.3929	0.4073	0.5394	0.8177	0.7172	0.6719	0.6564	0.6881	0.6650	0.6578	0.6090	0.5824	0.4754	0.3443	0.3493	0.3704	0.3463	0.4917	0.5153	0.4127	0.3662	0.3956	0.3655
0.0356	0.0258	0.0526	0.0508	0.0774	0.0779	0.0760	0.0880	0.0916	0.1012	0.1111	0.1180	0.1241	0.0998	0.0864	0.1127	0.1324	0.1400	0.1419	0.1475	0.1598	0.1554	0.1688	0.1767	0.1762	0.1733	0.1791	0.1713	0.1776	0.1810	0.1808	0.2076	0.2270	0.2506	0.2534	0.2416	0.3083	0.3915	0.4033	0.3469	0.3185	0.3377	0.3871	0.3884	0.3684	0.4012	0.4545	0.5262	0.7570	0.7971	0.7256	0.6608	0.6619	0.7094	0.6805	0.6799	0.6151	0.5841	0.5576	0.3940	0.4212	0.4706	0.4273	0.5259	0.5372	0.4676	0.4126	0.4215	0.4051
0.0404	0.0308	0.0615	0.0611	0.0536	0.0636	0.0719	0.0959	0.0953	0.0934	0.1028	0.1251	0.1340	0.1295	0.0991	0.1273	0.1374	0.1544	0.1603	0.1649	0.1841	0.1727	0.1942	0.1858	0.2015	0.2017	0.2129	0.2301	0.2185	0.2290	0.2630	0.2588	0.2703	0.3202	0.3319	0.3455	0.3921	0.4472	0.4548	0.4352	0.4710	0.5625	0.7416	0.6050	0.4802	0.5078	0.5040	0.5989	0.7664	0.7248	0.7504	0.7056	0.6918	0.6581	0.6466	0.6892	0.5854	0.5830	0.5584	0.4863	0.4863	0.4938	0.5235	0.5364	0.5395	0.4676	0.4539	0.3823	0.3689
0.0178	0.0347	0.0514	0.0804	0.0664	0.0534	0.0882	0.1280	0.1287	0.1332	0.1051	0.1345	0.1598	0.1294	0.1654	0.1675	0.2006	0.2009	0.1950	0.2106	0.2147	0.2334	0.2374	0.2505	0.2528	0.2466	0.2535	0.2801	0.2954	0.3299	0.3480	0.3724	0.4196	0.4665	0.4069	0.4427	0.4860	0.4847	0.5268	0.6553	0.7732	0.8220	0.9081	0.8126	0.6973	0.7162	0.6721	0.6565	0.7674	0.7326	0.7364	0.7138	0.6848	0.5963	0.6138	0.6274	0.5975	0.6197	0.5765	0.5474	0.5500	0.5354	0.5572	0.5576	0.5227	0.4780	0.4825	0.4270	0.4015
0.0091	0.0323	0.0459	0.0705	0.0991	0.1017	0.1139	0.1199	0.1479	0.1666	0.1591	0.1797	0.2191	0.1977	0.2480	0.2440	0.3087	0.3053	0.3053	0.3049	0.2998	0.3432	0.3200	0.3209	0.3499	0.3355	0.3392	0.3631	0.4014	0.4111	0.4795	0.6426	0.7660	0.8031	0.6411	0.5401	0.5878	0.6033	0.6881	0.7926	0.8982	0.8201	0.8165	0.8405	0.8466	0.8317	0.7693	0.7743	0.7935	0.7170	0.6756	0.7270	0.7130	0.6381	0.5981	0.6454	0.6003	0.6014	0.5719	0.6070	0.5818	0.5387	0.6021	0.5637	0.4997	0.4930	0.4599	0.4380	0.3857
0.0552	0.0633	0.0760	0.1334	0.1452	0.1685	0.1834	0.2270	0.2199	0.2702	0.3095	0.3160	0.3557	0.3640	0.4190	0.4527	0.5057	0.5657	0.5435	0.5782	0.6066	0.5619	0.5475	0.5333	0.5527	0.4755	0.4607	0.4811	0.5528	0.6081	0.7950	0.9529	0.9911	0.9147	0.8781	0.7816	0.7670	0.7700	0.8338	0.7201	0.7485	0.7360	0.7962	0.7742	0.8031	0.7538	0.7113	0.7561	0.6923	0.6432	0.6706	0.7118	0.6578	0.6375	0.5970	0.6062	0.5639	0.5638	0.5479	0.5636	0.5310	0.5087	0.5406	0.5206	0.4932	0.4561	0.4467	0.4197	0.4026
0.0873	0.1132	0.1415	0.1900	0.2398	0.3119	0.4142	0.5538	0.5718	0.5343	0.6414	0.6392	0.6283	0.6079	0.7014	0.7695	0.7972	0.8246	0.8639	0.8776	0.9061	0.8713	0.7877	0.7993	0.7882	0.6883	0.6432	0.7390	0.7556	0.8056	0.9186	0.9316	0.8624	0.8433	0.8526	0.8231	0.8476	0.7963	0.7578	0.7512	0.7064	0.6745	0.7270	0.7170	0.7221	0.6713	0.6866	0.6930	0.7171	0.6677	0.6467	0.6833	0.6496	0.6139	0.6067	0.5700	0.5615	0.5262	0.5391	0.5218	0.5235	0.4920	0.4998	0.5172	0.4901	0.4367	0.4449	0.4402	0.3789
0.1472	0.2205	0.3114	0.3898	0.4928	0.5498	0.6724	0.6502	0.7769	0.6885	0.6904	0.7275	0.7519	0.7238	0.7512	0.7731	0.8130	0.8259	0.8599	0.8299	0.8165	0.8011	0.8202	0.7901	0.7599	0.7425	0.8433	0.8068	0.7883	0.8430	0.7971	0.7629	0.7959	0.8059	0.7717	0.7201	0.6770	0.6624	0.6817	0.6854	0.6583	0.6299	0.6865	0.6805	0.6856	0.6614	0.6372	0.6301	0.6422	0.6625	0.6391	0.6233	0.6184	0.6244	0.6129	0.5456	0.5182	0.5013	0.5001	0.4953	0.5216	0.4555	0.5036	0.4704	0.4112	0.3964	0.4132	0.3659	0.3896
0.2476	0.3274	0.4286	0.4720	0.4707	0.5066	0.5480	0.5191	0.5766	0.5993	0.5770	0.6043	0.6761	0.5802	0.6398	0.6841	0.7471	0.8139	0.7656	0.7510	0.7222	0.7155	0.7250	0.7074	0.7492	0.7349	0.7093	0.7149	0.7238	0.7535	0.7051	0.6894	0.7207	0.7123	0.7174	0.6546	0.5859	0.6048	0.5839	0.5959	0.6088	0.5963	0.6181	0.5936	0.6499	0.6081	0.5616	0.6174	0.6065	0.6025	0.5898	0.5818	0.5748	0.6105	0.5936	0.5420	0.5100	0.5164	0.4789	0.4557	0.4559	0.4697	0.4703	0.4314	0.4298	0.3922	0.3971	0.3937	0.3850
0.2429	0.2996	0.3243	0.3570	0.3372	0.3779	0.3937	0.3990	0.4227	0.4580	0.4657	0.4984	0.6357	0.5817	0.5440	0.6079	0.6977	0.7257	0.6801	0.6529	0.6742	0.6807	0.6608	0.6754	0.6719	0.6823	0.6464	0.6699	0.6941	0.6568	0.7015	0.6404	0.6641	0.7013	0.6437	0.6150	0.6081	0.6137	0.5772	0.5374	0.5516	0.5565	0.5771	0.6041	0.5844	0.5490	0.5889	0.6090	0.5920	0.5655	0.5767	0.5856	0.5410	0.5940	0.5623	0.5218	0.5042	0.4891	0.4700	0.4546	0.4735	0.4827	0.4388	0.4142	0.4061	0.4129	0.3929	0.3971	0.3625
0.2487	0.2594	0.2682	0.2916	0.2865	0.3100	0.3566	0.4349	0.4262	0.4484	0.4446	0.4827	0.5608	0.5945	0.5560	0.6006	0.6783	0.6710	0.6728	0.6906	0.7251	0.7044	0.6953	0.6490	0.6712	0.6655	0.6495	0.6203	0.6450	0.6050	0.6056	0.6146	0.6308	0.6044	0.6445	0.6118	0.6068	0.5979	0.5567	0.5742	0.5801	0.5607	0.5912	0.5733	0.5639	0.5730	0.5521	0.5847	0.5493	0.5301	0.5745	0.5552	0.5433	0.5274	0.5102	0.5492	0.5407	0.5064	0.4824	0.4346	0.4286	0.4548	0.4446	0.4315	0.4209	0.4067	0.3540	0.3411	0.3452
0.2410	0.2369	0.2673	0.2963	0.2928	0.3325	0.3672	0.3520	0.3531	0.3625	0.3922	0.4383	0.4641	0.5040	0.5198	0.6240	0.6793	0.6309	0.5963	0.5988	0.6499	0.6748	0.6730	0.6187	0.6017	0.5532	0.5972	0.6063	0.6081	0.5886	0.5778	0.5902	0.6257	0.6198	0.6091	0.5774	0.5738	0.5869	0.5740	0.5489	0.5629	0.5588	0.5582	0.5530	0.5914	0.5705	0.5569	0.5732	0.5701	0.5211	0.5307	0.5547	0.5828	0.5902	0.5451	0.5454	0.5513	0.5176	0.4854	0.4497	0.4206	0.4170	0.4266	0.4055	0.3963	0.3999	0.3713	0.3286	0.3384
0.2281	0.2290	0.2623	0.2882	0.3158	0.3248	0.3699	0.3965	0.3462	0.3272	0.3553	0.3806	0.4257	0.4670	0.5079	0.5355	0.5455	0.5865	0.6483	0.6193	0.6127	0.7070	0.6204	0.5447	0.6298	0.5477	0.5678	0.5736	0.6073	0.5861	0.6350	0.6033	0.5876	0.6349	0.5989	0.5738	0.5898	0.5905	0.5473	0.5430	0.5631	0.5701	0.5607	0.5562	0.5603	0.5811	0.5814	0.5596	0.5335	0.5484	0.5074	0.5422	0.5519	0.5814	0.5058	0.5462	0.5766	0.5264	0.4840	0.4712	0.4532	0.4375	0.4300	0.4041	0.4029	0.3805	0.3474	0.3312	0.3734
0.2284	0.2387	0.2726	0.2997	0.2908	0.3273	0.2991	0.3402	0.3333	0.3575	0.4018	0.3927	0.3979	0.4512	0.4565	0.4847	0.5042	0.5430	0.5807	0.6064	0.5632	0.5885	0.6332	0.6021	0.6044	0.5354	0.5469	0.5620	0.6139	0.5964	0.6064	0.6144	0.6335	0.6359	0.6138	0.5975	0.5985	0.5745	0.5647	0.5819	0.5716	0.6033	0.5990	0.5747	0.5458	0.5532	0.5467	0.5641	0.5585	0.5440	0.5358	0.5270	0.5086	0.5315	0.5417	0.5307	0.5425	0.5279	0.4993	0.4940	0.4886	0.4561	0.4354	0.3932	0.3798	0.3604	0.3680	0.3480	0.3434
0.2308	0.2504	0.2404	0.2827	0.2975	0.2767	0.3118	0.3151	0.3175	0.3350	0.3684	0.3906	0.4048	0.4389	0.4505	0.5025	0.5505	0.5321	0.4967	0.5417	0.5792	0.5615	0.5387	0.5334	0.5578	0.5433	0.5499	0.6008	0.6463	0.6346	0.6595	0.6292	0.6309	0.6079	0.5959	0.5821	0.5885	0.5879	0.6154	0.5988	0.5694	0.5803	0.5781	0.5626	0.5709	0.5659	0.5643	0.5717	0.5481	0.5519	0.5659	0.5285	0.5080	0.5354	0.5718	0.5681	0.5610	0.5485	0.5068	0.4617	0.4762	0.4504	0.4247	0.3906	0.4063	0.3861	0.3695	0.3663	0.3564
0.1895	0.2227	0.2594	0.2831	0.2628	0.2653	0.3092	0.2953	0.2873	0.3048	0.3322	0.3652	0.4438	0.4567	0.4528	0.4843	0.5218	0.4990	0.5351	0.5795	0.5613	0.5766	0.5546	0.5592	0.5410	0.5442	0.5828	0.5779	0.5968	0.6147	0.6242	0.6203	0.6106	0.5740	0.5557	0.5464	0.5806	0.5788	0.6168	0.5700	0.5698	0.5386	0.5679	0.5493	0.5890	0.5780	0.5287	0.5198	0.5668	0.5607	0.5655	0.5360	0.5489	0.5478	0.5348	0.5332	0.4894	0.4936	0.4720	0.4817	0.4487	0.4456	0.4272	0.4036	0.4095	0.3717	0.3543	0.3377	0.3372
0.1717	0.1974	0.2225	0.2496	0.2492	0.2945	0.3141	0.2907	0.3035	0.3217	0.3203	0.3418	0.4334	0.4735	0.4696	0.4928	0.4866	0.4999	0.5250	0.5732	0.5128	0.5182	0.5591	0.5814	0.5574	0.5806	0.5431	0.5798	0.6036	0.5996	0.5748	0.6157	0.5867	0.5978	0.5557	0.5862	0.5864	0.5759	0.5878	0.5730	0.5712	0.5905	0.5917	0.5390	0.5617	0.5373	0.5669	0.5396	0.5404	0.5086	0.5710	0.5841	0.6120	0.5697	0.5205	0.5168	0.5328	0.4870	0.4828	0.5176	0.4738	0.4818	0.4515	0.4200	0.3818	0.3607	0.3430	0.3481	0.3422
0.1565	0.1759	0.2058	0.2195	0.2559	0.2688	0.2744	0.2785	0.3033	0.3253	0.3325	0.3986	0.4123	0.4525	0.4981	0.5006	0.5058	0.5447	0.5382	0.5532	0.5444	0.5099	0.5317	0.5629	0.5737	0.5390	0.5826	0.5971	0.6231	0.6052	0.6007	0.6464	0.6390	0.5659	0.5754	0.5901	0.5955	0.5918	0.5922	0.5578	0.5717	0.5723	0.5952	0.5596	0.5626	0.5344	0.5672	0.5724	0.5606	0.5423	0.5573	0.5608	0.5034	0.5070	0.5329	0.5195	0.5211	0.4730	0.4581	0.4952	0.4665	0.4486	0.4446	0.4070	0.3886	0.3825	0.3640	0.3456	0.3268
0.1396	0.1699	0.2268	0.2422	0.2702	0.2619	0.2776	0.3035	0.3044	0.3220	0.3105	0.3773	0.4486	0.4474	0.4654	0.5106	0.5416	0.5418	0.5566	0.5668	0.5295	0.5088	0.5294	0.5342	0.5057	0.5150	0.5888	0.5863	0.5958	0.6308	0.6065	0.6113	0.6583	0.6147	0.5940	0.6093	0.6379	0.6338	0.5777	0.5682	0.5704	0.5873	0.5823	0.5883	0.5859	0.5183	0.5359	0.5714	0.5262	0.5399	0.5491	0.5365	0.5385	0.5407	0.5227	0.4925	0.4848	0.4882	0.4297	0.4615	0.4608	0.4419	0.4383	0.4318	0.4295	0.3889	0.3722	0.3572	0.3355
0.1565	0.1912	0.2272	0.2383	0.2331	0.2590	0.2834	0.3433	0.3304	0.3347	0.3613	0.4227	0.4494	0.4465	0.4592	0.4915	0.5452	0.5450	0.5419	0.5671	0.5333	0.5297	0.5107	0.5622	0.5541	0.5204	0.5088	0.5613	0.5926	0.6003	0.6089	0.6114	0.6319	0.5932	0.6081	0.6163	0.6289	0.6057	0.5846	0.5991	0.5380	0.5914	0.5758	0.5924	0.5582	0.5149	0.5199	0.5461	0.5423	0.5757	0.5765	0.5571	0.5789	0.5624	0.4938	0.4974	0.4837	0.5125	0.4721	0.4512	0.4324	0.4234	0.4339	0.3966	0.3827	0.3677	0.3545	0.3321	0.3421
0.1576	0.1784	0.2228	0.2258	0.2393	0.2495	0.2540	0.2961	0.3546	0.3498	0.3312	0.3604	0.3876	0.4220	0.4907	0.5015	0.5440	0.5241	0.5334	0.5398	0.5503	0.5650	0.5566	0.5673	0.6010	0.5699	0.5223	0.5556	0.5835	0.5923	0.6268	0.6379	0.6476	0.5744	0.5871	0.5746	0.5995	0.5960	0.5869	0.5703	0.5203	0.5457	0.6025	0.5561	0.5546	0.5406	0.5340	0.5830	0.5172	0.5543	0.5888	0.5227	0.5162	0.5611	0.5534	0.5017	0.4769	0.4998	0.4802	0.4488	0.4437	0.4242	0.4529	0.4299	0.3642	0.3505	0.3722	0.3639	0.3703
0.1833	0.2075	0.2129	0.2302	0.2356	0.2696	0.3028	0.3128	0.3615	0.3542	0.3229	0.3789	0.4186	0.4474	0.4598	0.4958	0.5180	0.5321	0.5473	0.5310	0.5628	0.5709	0.5735	0.5533	0.5695	0.5655	0.5574	0.5600	0.5963	0.5651	0.6051	0.6195	0.6109	0.5720	0.5828	0.6060	0.6031	0.5904	0.6132	0.5388	0.5808	0.5714	0.5648	0.5873	0.5761	0.5470	0.5700	0.5871	0.5611	0.5821	0.5755	0.5450	0.5479	0.5342	0.5402	0.5262	0.4877	0.4583	0.4405	0.4562	0.4719	0.4340	0.4271	0.3991	0.3848	0.3492	0.3495	0.3453	0.3485
0.1755	0.1834	0.2381	0.2399	0.2548	0.2770	0.2879	0.3364	0.3254	0.3506	0.3720	0.3809	0.4395	0.4657	0.4501	0.5014	0.5206	0.5202	0.5223	0.6057	0.5992	0.5646	0.5692	0.5540	0.5647	0.6023	0.5889	0.5882	0.5735	0.6120	0.6021	0.6005	0.6147	0.6289	0.5957	0.6001	0.5783	0.5783	0.6023	0.5585	0.5451	0.5604	0.5755	0.5864	0.5351	0.5599	0.5705	0.5666	0.5781	0.6105	0.5781	0.5446	0.5402	0.5224	0.5231	0.5024	0.4760	0.4660	0.4652	0.4598	0.4684	0.4659	0.4264	0.4025	0.3991	0.4266	0.3886	0.3668	0.3809
0.1714	0.2135	0.2225	0.2127	0.2758	0.3090	0.3043	0.3361	0.3082	0.3227	0.3826	0.3890	0.4676	0.4988	0.4678	0.4655	0.4834	0.5317	0.5440	0.6218	0.5897	0.6490	0.6154	0.6185	0.6774	0.6440	0.6185	0.6104	0.6077	0.6244	0.5901	0.6238	0.6302	0.6337	0.6328	0.6221	0.5718	0.5721	0.6084	0.5654	0.5733	0.5613	0.5843	0.5612	0.5612	0.5863	0.5506	0.5919	0.5415	0.5998	0.5826	0.5569	0.5331	0.5218	0.5049	0.5013	0.4771	0.4961	0.4891	0.4815	0.4494	0.4510	0.4364	0.4344	0.4584	0.4428	0.4264	0.3949	0.3723
0.2054	0.1952	0.2261	0.2411	0.2579	0.2672	0.3305	0.3210	0.3277	0.3441	0.3699	0.3981	0.4173	0.4722	0.4786	0.4994	0.5005	0.5429	0.5759	0.6198	0.6186	0.6877	0.6774	0.6660	0.6687	0.6590	0.6363	0.6113	0.6476	0.6122	0.6253	0.6166	0.6544	0.6835	0.6381	0.6187	0.6021	0.5924	0.5633	0.5664	0.5589	0.5730	0.5919	0.5906	0.5861	0.5768	0.6204	0.6130	0.5821	0.5997	0.5924	0.5741	0.5403	0.5156	0.4927	0.5039	0.4800	0.4791	0.4636	0.4764	0.4653	0.4609	0.4902	0.4568	0.4433	0.4281	0.4288	0.4094	0.4038
0.2104	0.2034	0.2474	0.2719	0.2766	0.3169	0.3371	0.3202	0.3868	0.4207	0.3704	0.4069	0.4208	0.5067	0.4708	0.5189	0.5426	0.5696	0.6546	0.6848	0.6948	0.7354	0.6849	0.7144	0.6484	0.6770	0.6378	0.6437	0.6805	0.6733	0.6547	0.6445	0.6844	0.6987	0.6791	0.6420	0.6249	0.6062	0.5587	0.5353	0.5573	0.6066	0.5364	0.5836	0.5841	0.5704	0.6010	0.6247	0.6316	0.6090	0.5917	0.5818	0.5575	0.5520	0.5039	0.4988	0.4990	0.4917	0.5030	0.4807	0.4513	0.4589	0.4974	0.4509	0.4269	0.4304	0.4224	0.3864	0.4019
0.2308	0.2654	0.2720	0.2840	0.3175	0.3719	0.3777	0.3891	0.4204	0.3923	0.4022	0.4436	0.4746	0.4800	0.5005	0.5407	0.6025	0.6607	0.6812	0.7367	0.7205	0.8162	0.8091	0.8002	0.7383	0.7266	0.6879	0.7054	0.7392	0.6990	0.7206	0.7344	0.7449	0.7413	0.7228	0.6253	0.6437	0.6652	0.6171	0.5940	0.5806	0.5667	0.5770	0.5887	0.6022	0.5774	0.6171	0.6443	0.6319	0.6482	0.6276	0.6215	0.5979	0.5888	0.5488	0.5259	0.5122	0.5235	0.5338	0.5082	0.4831	0.5073	0.4881	0.4866	0.4767	0.4508	0.4555	0.4263	0.4215
0.2454	0.3810	0.4606	0.4829	0.5081	0.5069	0.5216	0.5566	0.5677	0.5216	0.5470	0.5852	0.5638	0.5701	0.5757	0.6234	0.6759	0.6907	0.7127	0.7519	0.7936	0.8023	0.7812	0.7603	0.8267	0.7949	0.8055	0.7899	0.7699	0.8036	0.7704	0.7917	0.8099	0.7936	0.8043	0.7487	0.7318	0.7324	0.6790	0.6408	0.6492	0.6544	0.6469	0.6541	0.6481	0.6363	0.6504	0.6281	0.6544	0.6534	0.6346	0.6585	0.6168	0.6033	0.5769	0.5500	0.5509	0.5405	0.5106	0.5297	0.5284	0.5311	0.5334	0.5108	0.4893	0.4690	0.4800	0.4499	0.4308
0.1402	0.3054	0.4460	0.5969	0.6395	0.7453	0.7732	0.7513	0.7537	0.7544	0.6942	0.7222	0.7405	0.7503	0.7742	0.8073	0.7983	0.8554	0.8828	0.8799	0.8596	0.8478	0.8344	0.8556	0.8718	0.8331	0.8505	0.8281	0.8594	0.9100	0.8913	0.8687	0.8784	0.8732	0.8365	0.8248	0.8329	0.7896	0.7541	0.6731	0.6759	0.7251	0.7395	0.7639	0.7179	0.7131	0.7009	0.6646	0.6964	0.6734	0.6360	0.6412	0.6590	0.6349	0.6157	0.6082	0.5977	0.5657	0.6249	0.6034	0.5912	0.5773	0.5971	0.5486	0.5034	0.5011	0.5076	0.4681	0.4195
0.0691	0.0914	0.1525	0.2674	0.3630	0.5252	0.6200	0.6195	0.6635	0.6896	0.7585	0.7143	0.8228	0.8403	0.8996	0.9297	0.9269	0.9495	0.9783	0.9769	1.0000	0.9823	0.9350	0.9146	0.8411	0.7700	0.7940	0.6796	0.7131	0.7604	0.7778	0.8595	0.7939	0.8594	0.9064	0.8781	0.8559	0.8394	0.7701	0.7512	0.7824	0.7472	0.8195	0.7541	0.7493	0.7484	0.7645	0.7098	0.7285	0.7005	0.6728	0.6724	0.6743	0.6727	0.6584	0.6452	0.6296	0.6172	0.6359	0.6347	0.6091	0.6071	0.5975	0.5461	0.5280	0.5143	0.4840	0.4788	0.4412
0.0186	0.0418	0.1112	0.1040	0.1102	0.1617	0.2093	0.2304	0.2791	0.3049	0.3349	0.3472	0.4320	0.4837	0.5614	0.6334	0.6649	0.7060	0.6967	0.7172	0.7720	0.7165	0.6958	0.6467	0.5285	0.4212	0.4181	0.3893	0.4170	0.4582	0.4792	0.5224	0.4922	0.5777	0.6486	0.6293	0.7484	0.8530	0.8551	0.8455	0.8558	0.8162	0.8187	0.7917	0.8065	0.7945	0.8019	0.7485	0.7471	0.7225	0.7820	0.7604	0.7356	0.7293	0.6764	0.6878	0.6838	0.6896	0.6478	0.6675	0.6409	0.6001	0.5941	0.5688	0.5925	0.5569	0.5256	0.4928	0.4409
0.0148	0.0404	0.0804	0.0644	0.0895	0.0886	0.0964	0.0946	0.1038	0.1122	0.1577	0.1380	0.1554	0.1740	0.2003	0.2278	0.2577	0.2662	0.2980	0.2905	0.3091	0.3058	0.2993	0.2963	0.3015	0.2888	0.2832	0.3082	0.3438	0.3599	0.3610	0.3588	0.3851	0.4320	0.4372	0.4297	0.4968	0.6054	0.7342	0.9201	0.9182	0.8648	0.8436	0.8717	0.8307	0.7308	0.8084	0.8251	0.8152	0.8197	0.8046	0.7870	0.7449	0.7193	0.7187	0.7479	0.7758	0.7668	0.7224	0.6775	0.6694	0.6118	0.6300	0.5996	0.6005	0.5752	0.5642	0.5161	0.4899
0.0314	0.0446	0.0263	0.0457	0.0737	0.0650	0.0725	0.0896	0.0861	0.1012	0.0993	0.1141	0.1272	0.1157	0.1122	0.1189	0.1518	0.1603	0.1491	0.1620	0.1551	0.1556	0.1954	0.1988	0.1954	0.2016	0.2093	0.2146	0.2425	0.2625	0.2702	0.2720	0.2761	0.2961	0.3183	0.3371	0.3755	0.4019	0.5201	0.7549	0.8030	0.8582	0.8696	0.8527	0.6564	0.5082	0.6076	0.7451	0.8202	0.8605	0.8243	0.8118	0.7433	0.7405	0.7637	0.8166	0.8397	0.7920	0.7249	0.6922	0.6605	0.6589	0.6239	0.5916	0.5386	0.5670	0.5657	0.5444	0.4900
0.0194	0.0039	0.0279	0.0430	0.0579	0.0727	0.0829	0.0923	0.0657	0.0747	0.0896	0.0988	0.1114	0.0977	0.0917	0.0982	0.1082	0.1146	0.1168	0.1289	0.1245	0.1152	0.1215	0.1416	0.1414	0.1383	0.1552	0.1388	0.1773	0.1751	0.1825	0.1996	0.1998	0.2056	0.2243	0.2264	0.2539	0.2465	0.2954	0.3625	0.3949	0.5008	0.5981	0.5149	0.3753	0.3580	0.3960	0.4805	0.7119	0.8312	0.7092	0.4905	0.5171	0.5601	0.6260	0.7105	0.7600	0.7696	0.7278	0.6973	0.6703	0.6540	0.6346	0.5581	0.4131	0.5202	0.5798	0.5384	0.4721
0.0000	0.0198	0.0320	0.0284	0.0412	0.0646	0.0827	0.0712	0.0540	0.0760	0.0927	0.0723	0.0773	0.0832	0.0905	0.0996	0.1069	0.1286	0.1122	0.1137	0.1173	0.1023	0.1190	0.1233	0.1124	0.1044	0.1158	0.1127	0.1251	0.1320	0.1260	0.1354	0.1551	0.1493	0.1505	0.1532	0.1722	0.1813	0.1899	0.1776	0.1886	0.2295	0.2505	0.2766	0.2630	0.2636	0.2738	0.3136	0.4242	0.5183	0.4380	0.3196	0.3341	0.3415	0.4097	0.5509	0.7138	0.7379	0.7234	0.6935	0.6785	0.6663	0.5826	0.4792	0.3368	0.3669	0.4247	0.3901	0.4506
0.0108	0.0256	0.0419	0.0453	0.0402	0.0613	0.0718	0.0673	0.0558	0.0664	0.0777	0.0885	0.0915	0.0744	0.0908	0.0902	0.1027	0.0923	0.1041	0.0999	0.1025	0.0949	0.1055	0.1186	0.1023	0.1038	0.1091	0.0982	0.1135	0.1007	0.1069	0.1095	0.1082	0.1178	0.1320	0.1251	0.1341	0.1382	0.1370	0.1260	0.1508	0.1608	0.1678	0.1941	0.2092	0.1998	0.2038	0.2244	0.2321	0.2540	0.2694	0.2667	0.2882	0.3049	0.3570	0.5681	0.6799	0.6937	0.7083	0.7002	0.6525	0.5728	0.4140	0.2846	0.2498	0.2611	0.2696	0.3045	0.3587
0.0196	0.0176	0.0318	0.0315	0.0270	0.0346	0.0442	0.0463	0.0483	0.0533	0.0608	0.0850	0.0948	0.0780	0.0760	0.0822	0.0947	0.0923	0.0908	0.0832	0.0806	0.0755	0.0897	0.0894	0.1026	0.1015	0.0861	0.0946	0.0989	0.0902	0.0976	0.0968	0.0955	0.0950	0.1147	0.1140	0.1288	0.1093	0.1094	0.0984	0.1048	0.1146	0.1284	0.1244	0.1355	0.1395	0.1540	0.1649	0.1671	0.1879	0.1873	0.1931	0.2183	0.2623	0.4207	0.6797	0.7060	0.6354	0.5981	0.5602	0.4530	0.3608	0.2548	0.2205	0.2183	0.2099	0.2007	0.2421	0.2516
0.0032	0.0087	0.0239	0.0303	0.0453	0.0361	0.0273	0.0544	0.0496	0.0598	0.0456	0.0572	0.0761	0.0779	0.0661	0.0701	0.0698	0.0981	0.0890	0.0670	0.0754	0.0822	0.0970	0.0883	0.0958	0.0934	0.0833	0.0808	0.0783	0.0848	0.0922	0.0939	0.0913	0.0755	0.0895	0.0881	0.0946	0.0952	0.0959	0.0937	0.0958	0.1033	0.1118	0.1068	0.1054	0.1119	0.1130	0.1111	0.1316	0.1315	0.1255	0.1426	0.1477	0.1687	0.3490	0.5220	0.4131	0.3045	0.2879	0.2455	0.1843	0.1860	0.1715	0.1713	0.1654	0.1622	0.1690	0.1768	0.1890
0.0000	0.0033	0.0096	0.0258	0.0184	0.0210	0.0242	0.0406	0.0541	0.0512	0.0467	0.0537	0.0509	0.0633	0.0837	0.0692	0.0649	0.0753	0.0767	0.0677	0.0798	0.0814	0.0727	0.0830	0.0939	0.0783	0.0830	0.0780	0.0883	0.0784	0.0713	0.0861	0.0880	0.0781	0.0699	0.0752	0.0817	0.0811	0.0887	0.0941	0.0901	0.0926	0.0970	0.0962	0.0998	0.0998	0.0977	0.0971	0.1089	0.1057	0.1078	0.1130	0.1157	0.1149	0.1515	0.2051	0.1608	0.1367	0.1414	0.1504	0.1469	0.1409	0.1566	0.1432	0.1334	0.1400	0.1467	0.1382	0.1343
0.0004	0.0091	0.0173	0.0083	0.0096	0.0205	0.0227	0.0230	0.0329	0.0322	0.0368	0.0480	0.0484	0.0474	0.0598	0.0718	0.0803	0.0677	0.0587	0.0791	0.0879	0.0678	0.0758	0.0654	0.0808	0.0796	0.0829	0.0747	0.0827	0.0728	0.0648	0.0617	0.0783	0.0800	0.0793	0.0832	0.0829	0.0750	0.0747	0.0965	0.0892	0.0865	0.0932	0.0919	0.0847	0.0828	0.0894	0.0896	0.0943	0.1008	0.0986	0.0959	0.0891	0.1010	0.1173	0.1092	0.1073	0.1065	0.1145	0.1193	0.1274	0.1244	0.1079	0.1205	0.1175	0.1235	0.1132	0.1188	0.1171
0.0000	0.0125	0.0000	0.0104	0.0041	0.0049	0.0153	0.0271	0.0449	0.0337	0.0394	0.0508	0.0532	0.0468	0.0460	0.0579	0.0625	0.0626	0.0668	0.0701	0.0721	0.0728	0.0591	0.0582	0.0726	0.0793	0.0676	0.0699	0.0704	0.0663	0.0629	0.0631	0.0628	0.0733	0.0731	0.0878	0.0864	0.0679	0.0685	0.0733	0.0756	0.0809	0.0881	0.0862	0.0822	0.0791	0.0845	0.0917	0.0905	0.0845	0.0900	0.0880	0.0836	0.0961	0.1043	0.0892	0.0848	0.0887	0.0964	0.0968	0.1036	0.0961	0.1147	0.1033	0.0996	0.1025	0.1007	0.0972	0.0889
0.0000	0.0127	0.0031	0.0000	0.0042	0.0106	0.0323	0.0389	0.0203	0.0174	0.0206	0.0372	0.0474	0.0314	0.0406	0.0329	0.0425	0.0522	0.0517	0.0638	0.0619	0.0786	0.0675	0.0653	0.0602	0.0661	0.0616	0.0491	0.0591	0.0699	0.0692	0.0667	0.0690	0.0558	0.0447	0.0662	0.0724	0.0682	0.0819	0.0656	0.0722	0.0726	0.0817	0.0811	0.0825	0.0727	0.0793	0.0841	0.0796	0.0691	0.0767	0.0861	0.0874	0.0700	0.0897	0.0904	0.0827	0.0726	0.0840	0.0935	0.0950	0.0818	0.0821	0.0947	0.0909	0.0785	0.0780	0.0741	0.0726
0.0000	0.0000	0.0000	0.0000	0.0000	0.0000	0.0210	0.0172	0.0026	0.0000	0.0299	0.0406	0.0276	0.0221	0.0368	0.0376	0.0314	0.0283	0.0359	0.0492	0.0470	0.0451	0.0432	0.0607	0.0520	0.0498	0.0579	0.0547	0.0565	0.0674	0.0624	0.0698	0.0764	0.0575	0.0566	0.0569	0.0572	0.0674	0.0717	0.0654	0.0595	0.0662	0.0860	0.0700	0.0658	0.0661	0.0740	0.0747	0.0655	0.0636	0.0731	0.0846	0.0764	0.0659	0.0839	0.0780	0.0697	0.0637	0.0755	0.0773	0.0839	0.0878	0.0891	0.0847	0.0765	0.0817	0.0765	0.0838	0.0741
0.0000	0.0000	0.0000	0.0000	0.0000	0.0021	0.0028	0.0301	0.0126	0.0099	0.0323	0.0426	0.0370	0.0340	0.0414	0.0479	0.0442	0.0363	0.0298	0.0290	0.0369	0.0461	0.0472	0.0559	0.0607	0.0604	0.0546	0.0537	0.0587	0.0567	0.0634	0.0564	0.0671	0.0566	0.0578	0.0545	0.0677	0.0729	0.0650	0.0648	0.0702	0.0718	0.0787	0.0659	0.0564	0.0612	0.0692	0.0712	0.0616	0.0690	0.0728	0.0802	0.0757	0.0622	0.0727	0.0716	0.0616	0.0630	0.0735	0.0741	0.0698	0.0688	0.0753	0.0717	0.0793	0.0634	0.0570	0.0618	0.0543
0.0000	0.0000	0.0000	0.0030	0.0000	0.0000	0.0004	0.0307	0.0267	0.0077	0.0107	0.0240	0.0403	0.0381	0.0227	0.0389	0.0397	0.0231	0.0300	0.0344	0.0407	0.0437	0.0443	0.0451	0.0581	0.0479	0.0393	0.0504	0.0499	0.0404	0.0532	0.0610	0.0527	0.0533	0.0669	0.0591	0.0561	0.0671	0.0546	0.0643	0.0624	0.0598	0.0675	0.0612	0.0597	0.0698	0.0686	0.0605	0.0591	0.0641	0.0741	0.0743	0.0703	0.0602	0.0721	0.0771	0.0698	0.0703	0.0662	0.0598	0.0599	0.0570	0.0607	0.0638	0.0563	0.0518	0.0494	0.0362	0.0284
0.0000	0.0000	0.0000	0.0000	0.0056	0.0000	0.0000	0.0020	0.0076	0.0143	0.0291	0.0309	0.0247	0.0291	0.0379	0.0306	0.0322	0.0216	0.0326	0.0329	0.0343	0.0495	0.0506	0.0611	0.0662	0.0503	0.0433	0.0396	0.0505	0.0483	0.0486	0.0357	0.0438	0.0421	0.0505	0.0546	0.0545	0.0614	0.0553	0.0570	0.0518	0.0656	0.0686	0.0636	0.0608	0.0577	0.0695	0.0612	0.0626	0.0518	0.0551	0.0469	0.0625	0.0608	0.0639	0.0696	0.0698	0.0583	0.0599	0.0650	0.0618	0.0509	0.0437	0.0633	0.0523	0.0461	0.0371	0.0401	0.0331
0.0000	0.0000	0.0000	0.0137	0.0000	0.0000	0.0000	0.0025	0.0078	0.0300	0.0293	0.0231	0.0254	0.0164	0.0524	0.0393	0.0327	0.0230	0.0290	0.0453	0.0371	0.0465	0.0267	0.0392	0.0545	0.0427	0.0356	0.0373	0.0454	0.0532	0.0456	0.0326	0.0414	0.0465	0.0398	0.0473	0.0625	0.0647	0.0468	0.0562	0.0577	0.0547	0.0574	0.0562	0.0578	0.0493	0.0566	0.0600	0.0557	0.0559	0.0587	0.0555	0.0673	0.0596	0.0563	0.0606	0.0591	0.0528	0.0650	0.0650	0.0669	0.0619	0.0530	0.0667	0.0395	0.0358	0.0434	0.0361	0.0260
