0.0000	0.0000	0.0000	0.0019	0.0021	0.0066	0.0110	0.0162	0.0221	0.0128	0.0196	0.0444	0.0324	0.0176	0.0259	0.0466	0.0517	0.0307	0.0459	0.0712	0.0542	0.0406	0.0438	0.0598	0.0635	0.0734	0.0802	0.0615	0.0552	0.0648	0.0619	0.0686	0.0854	0.0840	0.0732	0.0730	0.0836	0.0760	0.0847	0.0819	0.0916	0.1018	0.1037	0.1054	0.0985	0.0915	0.0969	0.0852	0.0909	0.1136	0.0934	0.0817	0.0971	0.0870	0.0995	0.0870	0.0808	0.1014	0.0893	0.0758	0.0796	0.0812	0.0772	0.0717	0.0698	0.0702	0.0630	0.0619	0.0538
0.0000	0.0000	0.0000	0.0000	0.0000	0.0162	0.0137	0.0152	0.0289	0.0115	0.0240	0.0358	0.0378	0.0378	0.0589	0.0459	0.0485	0.0447	0.0399	0.0496	0.0517	0.0539	0.0530	0.0807	0.0764	0.0703	0.0859	0.0739	0.0807	0.0688	0.0799	0.0912	0.0932	0.0868	0.0873	0.0927	0.0782	0.0857	0.0885	0.0822	0.0921	0.1049	0.1094	0.1109	0.1275	0.1062	0.0984	0.0869	0.0849	0.1170	0.1029	0.0886	0.0926	0.1012	0.1065	0.1026	0.0928	0.0938	0.0973	0.1015	0.0751	0.0877	0.0966	0.0917	0.0834	0.0775	0.0597	0.0602	0.0658
0.0000	0.0000	0.0078	0.0070	0.0102	0.0073	0.0054	0.0222	0.0232	0.0181	0.0302	0.0366	0.0502	0.0497	0.0548	0.0440	0.0397	0.0550	0.0559	0.0545	0.0583	0.0734	0.0645	0.0947	0.0870	0.0729	0.0744	0.0656	0.0908	0.1000	0.0844	0.0869	0.0952	0.0978	0.0860	0.0759	0.0827	0.1039	0.0944	0.0848	0.1069	0.1178	0.1121	0.1116	0.1092	0.1020	0.1006	0.1025	0.0945	0.1099	0.1332	0.1141	0.1034	0.1127	0.1184	0.1282	0.1045	0.1038	0.1028	0.1040	0.0992	0.1165	0.1093	0.0887	0.0951	0.0815	0.0836	0.0740	0.0784
0.0000	0.0000	0.0086	0.0220	0.0226	0.0148	0.0123	0.0274	0.0262	0.0293	0.0365	0.0390	0.0443	0.0417	0.0345	0.0508	0.0590	0.0612	0.0737	0.0785	0.0803	0.0716	0.0688	0.0766	0.0768	0.0718	0.0819	0.0872	0.0827	0.0929	0.0807	0.0792	0.0875	0.0872	0.1026	0.0881	0.0829	0.1065	0.1013	0.0978	0.0993	0.1196	0.1298	0.1104	0.1035	0.1132	0.1148	0.0995	0.1116	0.1188	0.1291	0.1095	0.1227	0.1403	0.1378	0.1286	0.1322	0.1176	0.1040	0.0997	0.1115	0.1249	0.1198	0.1051	0.1085	0.1068	0.0888	0.0888	0.1026
0.0000	0.0026	0.0138	0.0185	0.0127	0.0112	0.0176	0.0297	0.0348	0.0301	0.0439	0.0494	0.0601	0.0651	0.0417	0.0539	0.0716	0.0676	0.0765	0.0696	0.0627	0.0607	0.0720	0.0790	0.0753	0.0863	0.0938	0.0812	0.0768	0.0950	0.0910	0.0777	0.0923	0.0958	0.1032	0.0909	0.0908	0.0889	0.0935	0.0936	0.0910	0.1053	0.1271	0.1068	0.1204	0.1294	0.1225	0.1184	0.1166	0.1128	0.1298	0.1137	0.1204	0.1474	0.1320	0.1302	0.1330	0.1399	0.1059	0.1355	0.1185	0.1129	0.1231	0.1146	0.1174	0.0998	0.1013	0.1054	0.1074
0.0018	0.0050	0.0136	0.0162	0.0067	0.0203	0.0235	0.0169	0.0404	0.0317	0.0440	0.0381	0.0636	0.0565	0.0580	0.0576	0.0637	0.0560	0.0663	0.0767	0.0775	0.0784	0.0682	0.0735	0.0990	0.0983	0.0938	0.0839	0.0873	0.0980	0.0861	0.0990	0.1053	0.1075	0.0945	0.1075	0.1045	0.1019	0.0936	0.1008	0.0985	0.1390	0.1414	0.1159	0.1376	0.1294	0.1211	0.1526	0.1398	0.1297	0.1407	0.1356	0.1468	0.1490	0.1416	0.1581	0.1428	0.1287	0.1212	0.1485	0.1289	0.1269	0.1451	0.1413	0.1288	0.1224	0.1242	0.1108	0.1284
0.0000	0.0000	0.0128	0.0088	0.0141	0.0159	0.0305	0.0330	0.0293	0.0313	0.0506	0.0596	0.0627	0.0436	0.0494	0.0754	0.0743	0.0790	0.0732	0.0828	0.0945	0.0799	0.0817	0.0781	0.0944	0.1190	0.0994	0.0941	0.1058	0.1003	0.0800	0.1011	0.1058	0.1208	0.1006	0.1095	0.1113	0.1220	0.1116	0.1181	0.1146	0.1287	0.1454	0.1450	0.1396	0.1275	0.1418	0.1622	0.1493	0.1463	0.1491	0.1530	0.1722	0.1757	0.1580	0.1720	0.1631	0.1486	0.1603	0.1642	0.1341	0.1569	0.1688	0.1702	0.1585	0.1546	0.1587	0.1498	0.1504
0.0016	0.0000	0.0116	0.0147	0.0275	0.0177	0.0377	0.0596	0.0475	0.0438	0.0554	0.0664	0.0696	0.0525	0.0506	0.0761	0.0835	0.0884	0.0754	0.0812	0.1076	0.1063	0.0987	0.1005	0.0931	0.1306	0.1061	0.1000	0.1169	0.1111	0.1075	0.0982	0.1031	0.1122	0.1074	0.1142	0.1218	0.1229	0.1150	0.1200	0.1269	0.1484	0.1481	0.1502	0.1318	0.1568	0.1569	0.1821	0.1673	0.1648	0.1662	0.1834	0.1761	0.1865	0.1884	0.1948	0.2024	0.1609	0.1778	0.1745	0.1807	0.1901	0.1773	0.1807	0.1942	0.1973	0.1775	0.1967	0.2493
0.0189	0.0092	0.0166	0.0249	0.0418	0.0351	0.0444	0.0468	0.0623	0.0572	0.0574	0.0686	0.0789	0.0867	0.0748	0.0746	0.0816	0.0934	0.0873	0.0890	0.1014	0.1090	0.1077	0.1092	0.1123	0.1093	0.0936	0.0992	0.1275	0.1102	0.1132	0.1108	0.1344	0.1128	0.1151	0.1299	0.1310	0.1315	0.1285	0.1420	0.1360	0.1553	0.1664	0.1633	0.1756	0.1844	0.1874	0.1990	0.2004	0.2208	0.2171	0.2266	0.2252	0.2820	0.2469	0.2727	0.3482	0.2773	0.2317	0.2132	0.2191	0.2396	0.2161	0.2481	0.2641	0.2551	0.2310	0.2539	0.3093
0.0068	0.0000	0.0179	0.0330	0.0370	0.0465	0.0573	0.0551	0.0602	0.0540	0.0436	0.0633	0.0858	0.0755	0.0782	0.0803	0.0768	0.1034	0.1140	0.1032	0.1070	0.1086	0.1062	0.1050	0.1232	0.1316	0.1069	0.1065	0.1219	0.1155	0.1163	0.1063	0.1351	0.1412	0.1329	0.1229	0.1362	0.1374	0.1461	0.1623	0.1477	0.1564	0.1860	0.1888	0.2148	0.2290	0.2411	0.2201	0.2385	0.2482	0.2630	0.2616	0.3327	0.4686	0.3945	0.3275	0.3334	0.3041	0.2769	0.2638	0.2796	0.2980	0.3482	0.3910	0.3999	0.3653	0.2786	0.2706	0.3533
0.0060	0.0082	0.0193	0.0355	0.0353	0.0320	0.0419	0.0565	0.0543	0.0518	0.0545	0.0716	0.0729	0.0776	0.0797	0.0833	0.0794	0.1016	0.1115	0.1100	0.1275	0.0966	0.1084	0.1213	0.1383	0.1352	0.1250	0.1256	0.1428	0.1325	0.1199	0.1253	0.1439	0.1579	0.1592	0.1307	0.1495	0.1656	0.1733	0.1800	0.1790	0.1876	0.2324	0.2381	0.2453	0.2703	0.3031	0.3122	0.3374	0.4313	0.3428	0.3568	0.4006	0.5684	0.5695	0.5317	0.3821	0.3772	0.4432	0.4662	0.4268	0.3779	0.4923	0.5148	0.4932	0.4484	0.3551	0.2899	0.3696
0.0036	0.0177	0.0315	0.0422	0.0418	0.0525	0.0616	0.0716	0.0707	0.0641	0.0658	0.0918	0.0883	0.0849	0.0827	0.1025	0.0924	0.1023	0.1103	0.1141	0.1282	0.1131	0.1129	0.1300	0.1407	0.1287	0.1464	0.1320	0.1389	0.1491	0.1485	0.1482	0.1688	0.1691	0.1743	0.1594	0.1667	0.1908	0.1987	0.2174	0.2293	0.2650	0.3617	0.3510	0.3141	0.3671	0.3707	0.3574	0.4140	0.5776	0.4348	0.4908	0.6185	0.7232	0.6755	0.6818	0.6432	0.5723	0.5923	0.6329	0.6246	0.5264	0.5083	0.5548	0.5012	0.4490	0.3528	0.3379	0.3942
0.0215	0.0256	0.0392	0.0394	0.0530	0.0412	0.0582	0.0850	0.0813	0.0669	0.0741	0.0950	0.1055	0.0941	0.0769	0.1027	0.1044	0.1116	0.1119	0.1191	0.1388	0.1449	0.1534	0.1547	0.1668	0.1813	0.1653	0.1592	0.1614	0.1678	0.1582	0.1741	0.1820	0.1981	0.1984	0.1857	0.2087	0.2233	0.2588	0.3021	0.3244	0.4489	0.7112	0.6643	0.5411	0.5284	0.4708	0.4009	0.4355	0.5324	0.4946	0.6634	0.8251	0.8332	0.7470	0.7385	0.7296	0.7025	0.6610	0.5994	0.6089	0.5716	0.5464	0.5624	0.5089	0.4561	0.3822	0.4289	0.4068
0.0264	0.0598	0.0505	0.0430	0.0517	0.0502	0.0566	0.0814	0.0895	0.0818	0.0923	0.1061	0.1072	0.1045	0.0998	0.1145	0.1251	0.1394	0.1434	0.1400	0.1498	0.1574	0.1699	0.1635	0.1789	0.1925	0.1832	0.1900	0.1941	0.1827	0.1987	0.2118	0.2311	0.2423	0.2450	0.2265	0.2824	0.2870	0.3254	0.3830	0.4580	0.6464	0.9577	0.8762	0.8157	0.7795	0.6883	0.5155	0.4397	0.4901	0.5255	0.7195	0.8385	0.7768	0.7193	0.7324	0.6891	0.6890	0.6387	0.5758	0.6237	0.5465	0.5343	0.5470	0.5124	0.4493	0.4132	0.4063	0.3785
0.0234	0.0453	0.0430	0.0548	0.0545	0.0603	0.0733	0.1028	0.0893	0.0896	0.0857	0.1113	0.1329	0.1330	0.1457	0.1439	0.1664	0.1498	0.1660	0.1774	0.1993	0.1863	0.1916	0.2202	0.2042	0.2050	0.2174	0.2232	0.2398	0.2559	0.2561	0.2617	0.3142	0.3109	0.3091	0.3077	0.3294	0.3607	0.4069	0.4840	0.6535	0.8661	0.9846	0.8993	0.8827	0.8616	0.8187	0.7469	0.6787	0.6526	0.6029	0.7079	0.8031	0.7100	0.6833	0.6615	0.6777	0.6764	0.5983	0.5544	0.5857	0.5237	0.5437	0.5191	0.4898	0.4344	0.4070	0.3740	0.3815
0.0229	0.0318	0.0412	0.0678	0.0834	0.0772	0.0897	0.1074	0.1353	0.1258	0.1466	0.1786	0.1871	0.1858	0.2159	0.2384	0.2644	0.2396	0.2437	0.2352	0.2589	0.2563	0.2297	0.2674	0.2587	0.2565	0.2620	0.2608	0.2951	0.2911	0.3100	0.3354	0.3471	0.3672	0.3608	0.3735	0.3885	0.4172	0.4395	0.5237	0.7531	0.8736	0.9291	0.9273	0.8689	0.8796	0.8611	0.8337	0.8712	0.8666	0.8100	0.8126	0.8170	0.7277	0.6689	0.6702	0.6440	0.6212	0.5667	0.5899	0.5789	0.5377	0.5527	0.4948	0.4304	0.3886	0.3842	0.3822	0.3815
0.0362	0.0464	0.0758	0.0915	0.1162	0.1329	0.1534	0.1721	0.2046	0.2323	0.2653	0.3699	0.4405	0.4217	0.4202	0.4870	0.5165	0.5083	0.5046	0.4418	0.4264	0.3850	0.3879	0.4157	0.4099	0.3711	0.3743	0.3314	0.3228	0.3508	0.3386	0.4017	0.4029	0.3957	0.4101	0.3824	0.4124	0.4635	0.4930	0.4967	0.6316	0.8302	0.9424	0.8823	0.8421	0.7931	0.8057	0.8317	0.7797	0.7738	0.8168	0.8046	0.7209	0.6999	0.6701	0.6232	0.6044	0.6074	0.5729	0.5550	0.5500	0.5182	0.4868	0.4802	0.4470	0.3856	0.3715	0.3587	0.3515
0.0768	0.0822	0.1383	0.1738	0.1955	0.2658	0.3480	0.4085	0.4562	0.4448	0.5775	0.6357	0.6606	0.6330	0.6566	0.6978	0.7297	0.7561	0.7554	0.7245	0.7064	0.6899	0.6819	0.7316	0.7094	0.6864	0.6967	0.6045	0.5598	0.6032	0.4847	0.4715	0.4859	0.5027	0.5123	0.4900	0.5032	0.4934	0.5357	0.6268	0.6230	0.7122	0.8996	0.8168	0.7393	0.7300	0.7517	0.7345	0.7893	0.7633	0.7382	0.7215	0.6946	0.6710	0.6480	0.5639	0.5964	0.5877	0.5635	0.5253	0.5374	0.5385	0.4807	0.4666	0.4260	0.3750	0.3743	0.3812	0.3306
0.0973	0.1643	0.2736	0.3377	0.4091	0.4962	0.5643	0.5628	0.6073	0.5736	0.6213	0.5953	0.5909	0.6261	0.6386	0.7094	0.7587	0.7608	0.7941	0.7648	0.7882	0.8128	0.7531	0.8067	0.7664	0.7612	0.8273	0.7803	0.7790	0.8660	0.7710	0.6677	0.6657	0.7801	0.7784	0.7920	0.7641	0.6013	0.6716	0.8181	0.8099	0.7969	0.8379	0.7337	0.7442	0.7381	0.7003	0.6648	0.6974	0.7411	0.7328	0.6750	0.6647	0.6793	0.6362	0.5807	0.5632	0.5522	0.5364	0.5317	0.5603	0.5266	0.4942	0.4284	0.3992	0.3629	0.3543	0.3586	0.3595
0.1746	0.2720	0.3381	0.3857	0.3949	0.4174	0.4133	0.4250	0.4558	0.4404	0.4471	0.4847	0.5192	0.5316	0.5316	0.5891	0.5920	0.6812	0.7178	0.7232	0.7202	0.7558	0.7215	0.7487	0.7401	0.6986	0.7490	0.7735	0.7899	0.8692	0.8975	0.8972	0.9445	0.9674	0.9659	1.0000	0.8957	0.7840	0.7804	0.7745	0.8002	0.7809	0.7589	0.7164	0.7286	0.6814	0.6799	0.6454	0.6389	0.6662	0.6306	0.6217	0.6048	0.6270	0.6094	0.6046	0.5660	0.5540	0.5103	0.5001	0.4968	0.5173	0.4772	0.4566	0.4288	0.4069	0.3555	0.3759	0.3388
0.1690	0.2460	0.2889	0.2675	0.2805	0.3135	0.3142	0.3093	0.3137	0.3528	0.3676	0.4105	0.4801	0.4837	0.4579	0.5106	0.5642	0.6523	0.6262	0.6327	0.6715	0.6397	0.6591	0.6801	0.7058	0.7283	0.6852	0.7252	0.7217	0.7401	0.8061	0.8516	0.8766	0.8973	0.9149	0.9234	0.9359	0.8372	0.7778	0.7254	0.6917	0.6936	0.7096	0.7055	0.6590	0.6164	0.6547	0.6425	0.6244	0.6159	0.6248	0.6202	0.5772	0.6163	0.5800	0.5584	0.5510	0.5409	0.5051	0.4975	0.4826	0.5025	0.4875	0.4285	0.4139	0.3991	0.3872	0.3717	0.3342
0.1753	0.2182	0.2550	0.2336	0.2428	0.2748	0.2866	0.3176	0.3198	0.3611	0.3709	0.3947	0.4209	0.4656	0.4669	0.5164	0.6200	0.6474	0.6458	0.6354	0.6515	0.6670	0.6916	0.6601	0.6555	0.6640	0.6956	0.6719	0.7151	0.7193	0.7622	0.7818	0.7634	0.8083	0.8349	0.7787	0.7947	0.7350	0.6868	0.6561	0.6687	0.6469	0.6303	0.6582	0.6361	0.6092	0.6159	0.6284	0.5831	0.5870	0.6360	0.5935	0.5435	0.5374	0.5510	0.5572	0.5468	0.5689	0.5254	0.4784	0.4914	0.4870	0.4538	0.4068	0.4222	0.3846	0.3614	0.3759	0.3372
0.1898	0.2136	0.2255	0.2422	0.2782	0.2949	0.3171	0.2880	0.3035	0.3269	0.3534	0.3847	0.4161	0.4820	0.4874	0.5402	0.5977	0.5933	0.5817	0.5804	0.6610	0.7018	0.6690	0.6213	0.6506	0.5818	0.6508	0.7132	0.6947	0.7081	0.7274	0.7127	0.7555	0.7358	0.7121	0.6961	0.7013	0.6875	0.6455	0.6187	0.6254	0.5849	0.6043	0.6251	0.6475	0.6129	0.5905	0.5992	0.5646	0.5479	0.5546	0.5644	0.5549	0.5364	0.5493	0.5765	0.5669	0.5335	0.4912	0.5019	0.4853	0.4525	0.4323	0.4096	0.3804	0.3794	0.3583	0.3420	0.3268
0.1693	0.2032	0.2237	0.2611	0.2863	0.2840	0.3251	0.2993	0.3087	0.3320	0.3513	0.3843	0.4143	0.4588	0.4771	0.5432	0.5640	0.6228	0.6351	0.6230	0.6688	0.6410	0.6480	0.6014	0.6847	0.6425	0.6500	0.6692	0.6829	0.7139	0.7196	0.7038	0.6860	0.6989	0.6681	0.6518	0.6558	0.6064	0.5824	0.5913	0.5736	0.5945	0.6073	0.6204	0.5913	0.5826	0.6040	0.5565	0.5341	0.5304	0.5185	0.5184	0.5620	0.5436	0.5304	0.5532	0.5645	0.5611	0.5181	0.4820	0.4707	0.4718	0.4466	0.4030	0.3744	0.3801	0.3490	0.3136	0.3239
0.1762	0.2089	0.2438	0.2534	0.2476	0.2502	0.2914	0.3114	0.3331	0.3346	0.3837	0.3933	0.4163	0.4383	0.4495	0.4995	0.5378	0.5955	0.6044	0.5879	0.6006	0.6005	0.6250	0.6079	0.6000	0.6204	0.6014	0.6129	0.6793	0.6951	0.6506	0.6803	0.6537	0.6879	0.6635	0.6316	0.6526	0.6283	0.6019	0.5801	0.6068	0.6210	0.6111	0.5679	0.5947	0.5748	0.5693	0.5748	0.5608	0.5379	0.5381	0.5135	0.5362	0.5023	0.5029	0.5266	0.5276	0.5148	0.4960	0.4927	0.4729	0.4426	0.4597	0.4058	0.3894	0.3717	0.3297	0.3238	0.3060
0.1794	0.1936	0.2257	0.2642	0.2417	0.2594	0.2919	0.3095	0.3399	0.3298	0.3514	0.3769	0.4531	0.4531	0.4418	0.4703	0.4851	0.5123	0.4857	0.5247	0.5596	0.5567	0.5509	0.5520	0.5621	0.5738	0.5927	0.6026	0.6290	0.6060	0.6582	0.6191	0.6305	0.6256	0.6027	0.6014	0.6044	0.6027	0.6355	0.6098	0.6412	0.6349	0.5781	0.5803	0.6255	0.6098	0.6022	0.5805	0.5730	0.5825	0.5451	0.5451	0.5459	0.5322	0.5436	0.5451	0.5398	0.5389	0.5157	0.4787	0.4890	0.4525	0.4344	0.4186	0.4020	0.3755	0.3485	0.3282	0.3086
0.1692	0.1744	0.2336	0.2667	0.2724	0.3034	0.2865	0.2946	0.3076	0.3064	0.3188	0.3564	0.4064	0.4435	0.4187	0.4707	0.4598	0.4477	0.5203	0.4763	0.5151	0.5145	0.5127	0.5330	0.5230	0.5399	0.5647	0.5992	0.5634	0.5904	0.6144	0.6172	0.6403	0.6233	0.5733	0.5838	0.5779	0.6049	0.6368	0.6217	0.6505	0.6100	0.5904	0.5746	0.5834	0.5742	0.5788	0.5412	0.5729	0.5773	0.5720	0.5422	0.5541	0.5455	0.5567	0.5419	0.5146	0.5160	0.5303	0.5274	0.4573	0.4444	0.4626	0.4178	0.3901	0.3546	0.3426	0.3404	0.3232
0.1585	0.1888	0.2114	0.2404	0.2318	0.2583	0.2956	0.2902	0.2881	0.3104	0.3277	0.3631	0.3762	0.4139	0.4183	0.4395	0.4432	0.4499	0.4447	0.4392	0.4727	0.5010	0.4873	0.5266	0.5502	0.5494	0.5447	0.5617	0.5903	0.5882	0.5853	0.6253	0.5929	0.5990	0.5978	0.6020	0.5893	0.6097	0.6319	0.6040	0.6166	0.6098	0.6053	0.5514	0.5753	0.5690	0.5771	0.5680	0.5669	0.5353	0.5738	0.5851	0.6006	0.5634	0.5150	0.5317	0.5457	0.5059	0.4898	0.5233	0.4848	0.4757	0.4523	0.4091	0.3920	0.3717	0.3469	0.3751	0.3578
0.1586	0.1793	0.1973	0.2348	0.2493	0.2636	0.3002	0.2851	0.2950	0.3055	0.3518	0.3446	0.3569	0.3855	0.3871	0.3991	0.4308	0.4560	0.4729	0.4415	0.5117	0.4774	0.4837	0.5303	0.5428	0.5206	0.5392	0.5560	0.6005	0.5562	0.6174	0.6241	0.6287	0.5974	0.5835	0.5672	0.6068	0.6260	0.6228	0.6060	0.6148	0.5953	0.5893	0.5474	0.5609	0.5625	0.6043	0.5830	0.5611	0.5559	0.5600	0.5756	0.5800	0.5998	0.5541	0.5409	0.5379	0.5396	0.4908	0.4599	0.4869	0.4813	0.4394	0.4326	0.4055	0.4123	0.3671	0.3723	0.3531
0.1572	0.1762	0.2240	0.2510	0.2431	0.2598	0.2862	0.2838	0.2989	0.3144	0.3530	0.3692	0.3977	0.3988	0.3844	0.4110	0.4283	0.4462	0.4449	0.4631	0.5034	0.4822	0.4859	0.5183	0.4920	0.5303	0.5402	0.5833	0.5567	0.5585	0.5941	0.6099	0.6610	0.6442	0.5784	0.5634	0.6305	0.6698	0.6119	0.6130	0.6113	0.6202	0.5947	0.5999	0.5868	0.5333	0.5757	0.5811	0.5337	0.5774	0.5674	0.5662	0.5770	0.5509	0.5542	0.5655	0.5094	0.5078	0.4902	0.4601	0.4695	0.4656	0.4469	0.4281	0.4372	0.4281	0.3659	0.3866	0.3667
0.1442	0.1798	0.2177	0.2473	0.2618	0.2564	0.2874	0.2882	0.3071	0.3171	0.3540	0.3438	0.3773	0.3934	0.3944	0.3972	0.4423	0.4417	0.4540	0.4898	0.4908	0.5309	0.5029	0.5251	0.5225	0.5123	0.4940	0.5507	0.5468	0.5639	0.5670	0.6063	0.6176	0.6220	0.6365	0.6402	0.6389	0.6024	0.5873	0.5914	0.5773	0.6100	0.5962	0.5916	0.5809	0.5535	0.5829	0.5824	0.5837	0.6086	0.5921	0.5961	0.6231	0.5860	0.5335	0.5290	0.5152	0.5015	0.4627	0.4774	0.4803	0.4816	0.4562	0.4323	0.4249	0.4022	0.3753	0.3835	0.3483
0.1491	0.1714	0.2041	0.2246	0.2448	0.2308	0.2556	0.2834	0.3254	0.3152	0.3248	0.3352	0.3621	0.3802	0.3947	0.4170	0.4707	0.4463	0.4515	0.4782	0.4817	0.5065	0.5024	0.5089	0.5526	0.5185	0.5042	0.5407	0.5876	0.5558	0.5495	0.6108	0.6167	0.5901	0.6468	0.6431	0.6046	0.6188	0.6049	0.6034	0.6063	0.6048	0.6299	0.5423	0.5716	0.5668	0.5589	0.6148	0.5991	0.6091	0.6196	0.5682	0.5937	0.5900	0.5709	0.5281	0.5100	0.5059	0.4660	0.4621	0.4987	0.4724	0.4981	0.4500	0.4214	0.3982	0.4145	0.4080	0.3719
0.1670	0.1834	0.2141	0.2211	0.2300	0.2718	0.3120	0.2908	0.3194	0.3408	0.3242	0.3602	0.3816	0.3870	0.3767	0.4319	0.4701	0.4698	0.4769	0.4958	0.5044	0.5083	0.5231	0.5300	0.5457	0.5420	0.5300	0.5311	0.5599	0.5523	0.5754	0.6031	0.6138	0.5987	0.6434	0.6508	0.6591	0.6358	0.6368	0.5896	0.6082	0.6222	0.6237	0.6025	0.5952	0.5440	0.5647	0.5879	0.6243	0.5968	0.5673	0.5821	0.6119	0.5858	0.5475	0.5375	0.5088	0.5257	0.4726	0.4566	0.5002	0.5007	0.4859	0.4445	0.4354	0.4125	0.3922	0.3574	0.3525
0.1756	0.2001	0.2155	0.2250	0.2564	0.2405	0.2878	0.3072	0.3345	0.3130	0.3269	0.3560	0.3853	0.4228	0.4159	0.4706	0.4847	0.4870	0.5244	0.5756	0.6028	0.5604	0.5346	0.5297	0.5423	0.5485	0.5329	0.5286	0.5479	0.5802	0.5978	0.5834	0.5997	0.6100	0.6206	0.6097	0.6228	0.6197	0.6560	0.6246	0.5937	0.6315	0.6224	0.6130	0.5438	0.5613	0.5834	0.5595	0.5873	0.6119	0.6061	0.5478	0.5606	0.5600	0.5400	0.5458	0.5228	0.4997	0.4909	0.4776	0.4980	0.4941	0.4608	0.4643	0.4528	0.4143	0.4261	0.3992	0.3789
0.1645	0.2026	0.2084	0.2001	0.2537	0.2678	0.2850	0.3196	0.3300	0.3096	0.3254	0.3609	0.3783	0.4283	0.4240	0.4698	0.4939	0.5203	0.5518	0.5921	0.6201	0.6305	0.6038	0.5971	0.6213	0.6027	0.5950	0.5732	0.5790	0.5875	0.5698	0.6027	0.5985	0.6064	0.6447	0.5950	0.6023	0.5863	0.6445	0.5998	0.6034	0.6064	0.6389	0.6000	0.5595	0.5845	0.5433	0.5533	0.5383	0.6307	0.5847	0.5556	0.5957	0.5988	0.5594	0.5435	0.5412	0.5278	0.4956	0.5138	0.5238	0.4643	0.4783	0.4798	0.4926	0.4412	0.4534	0.4263	0.4009
0.1763	0.1952	0.2078	0.2340	0.2391	0.2715	0.2820	0.3237	0.3259	0.3358	0.3379	0.3916	0.4407	0.4805	0.4597	0.4991	0.5176	0.5313	0.5627	0.5963	0.5940	0.6087	0.6679	0.6505	0.6729	0.6527	0.6404	0.6488	0.6679	0.6283	0.6246	0.6529	0.6498	0.6692	0.6438	0.6373	0.6227	0.5817	0.5766	0.5758	0.5902	0.5898	0.6114	0.6072	0.5956	0.5991	0.5730	0.5835	0.6046	0.5934	0.5907	0.5926	0.5778	0.5717	0.5695	0.5598	0.5248	0.5379	0.5221	0.5276	0.5423	0.5071	0.5419	0.5135	0.4832	0.4474	0.4407	0.4197	0.3973
0.1812	0.1907	0.2321	0.2565	0.2926	0.3173	0.3108	0.3294	0.3591	0.3827	0.3583	0.3799	0.4751	0.5139	0.4774	0.5159	0.5400	0.6153	0.6244	0.6214	0.6671	0.6664	0.6560	0.6984	0.6638	0.6459	0.6282	0.6917	0.7235	0.7006	0.6952	0.7418	0.7454	0.7673	0.7606	0.7259	0.6976	0.6370	0.5754	0.5756	0.5914	0.5930	0.5681	0.6122	0.6045	0.5826	0.5914	0.5677	0.6212	0.6400	0.5839	0.5791	0.5531	0.5465	0.5486	0.5783	0.5431	0.5476	0.5472	0.5273	0.5493	0.5341	0.5238	0.4960	0.4678	0.4447	0.4389	0.4054	0.4251
0.1866	0.2316	0.2475	0.2660	0.3054	0.3192	0.3431	0.3551	0.3731	0.3949	0.3817	0.4349	0.4711	0.4664	0.5019	0.5300	0.5596	0.6839	0.6803	0.6921	0.7480	0.7629	0.7047	0.7214	0.7527	0.7412	0.7172	0.7468	0.7709	0.7368	0.7942	0.8244	0.7825	0.8554	0.8711	0.7574	0.7566	0.8080	0.7407	0.6492	0.6322	0.5998	0.6055	0.5995	0.6332	0.6178	0.6442	0.6205	0.6087	0.6319	0.6004	0.6115	0.5738	0.5905	0.5775	0.5814	0.5923	0.6005	0.6061	0.5399	0.5815	0.5516	0.5264	0.5038	0.4897	0.4653	0.4493	0.4133	0.4319
0.2156	0.3191	0.3447	0.3728	0.3922	0.4120	0.4210	0.4116	0.3932	0.4079	0.4479	0.4803	0.4987	0.5048	0.5396	0.5832	0.6588	0.6804	0.6779	0.7133	0.7310	0.7905	0.7873	0.7525	0.8009	0.8065	0.8088	0.8274	0.8389	0.8175	0.8763	0.8990	0.9049	0.8904	0.7069	0.5024	0.5108	0.6824	0.8355	0.8103	0.7575	0.7388	0.7471	0.6928	0.6895	0.6364	0.6474	0.6323	0.6352	0.6374	0.6402	0.6423	0.6414	0.6244	0.5882	0.6006	0.6015	0.6225	0.5880	0.5900	0.6108	0.5807	0.5587	0.5495	0.4766	0.4821	0.4666	0.4338	0.4162
0.1170	0.2315	0.3614	0.4954	0.5625	0.5821	0.6004	0.6112	0.5824	0.5545	0.5387	0.5702	0.5763	0.6317	0.6489	0.7048	0.7570	0.7486	0.7734	0.7970	0.8053	0.8058	0.8275	0.8313	0.8414	0.7919	0.7993	0.7812	0.8251	0.8878	0.8933	0.9206	0.9227	0.6829	0.4330	0.3628	0.4083	0.4642	0.6745	0.8520	0.8352	0.8540	0.8442	0.7942	0.7760	0.7250	0.7285	0.6620	0.7172	0.7119	0.6997	0.6894	0.6989	0.6773	0.6340	0.6113	0.6268	0.6464	0.6188	0.6142	0.5886	0.5722	0.5719	0.5466	0.4908	0.5051	0.4841	0.4455	0.4119
0.0465	0.0675	0.1485	0.2528	0.3373	0.4633	0.5382	0.5761	0.6063	0.6273	0.6838	0.7004	0.6978	0.7015	0.7388	0.7852	0.7833	0.8054	0.8529	0.8339	0.8421	0.8281	0.8482	0.8179	0.7370	0.5977	0.5039	0.4360	0.4890	0.5352	0.5348	0.6192	0.5882	0.3885	0.3218	0.3290	0.3688	0.3907	0.4577	0.6398	0.8613	0.8837	0.9065	0.8442	0.8444	0.7821	0.7638	0.7363	0.7547	0.7526	0.7100	0.7406	0.7226	0.7019	0.6702	0.6910	0.6878	0.6703	0.6157	0.6203	0.6127	0.6131	0.5774	0.5561	0.5305	0.5214	0.4856	0.4724	0.4345
0.0247	0.0365	0.0761	0.0781	0.1174	0.1504	0.1867	0.2264	0.2639	0.3160	0.3938	0.4192	0.5066	0.5263	0.5635	0.5406	0.5508	0.5497	0.5512	0.5357	0.5295	0.4885	0.5229	0.4627	0.3686	0.2585	0.2321	0.2390	0.2589	0.2648	0.2712	0.2806	0.2872	0.2898	0.2842	0.2943	0.3028	0.3277	0.3517	0.4109	0.5677	0.7507	0.8404	0.8672	0.8869	0.8360	0.8587	0.8103	0.7552	0.7822	0.7938	0.7566	0.7504	0.7459	0.7120	0.7195	0.7167	0.7012	0.6096	0.6482	0.6592	0.6005	0.5984	0.5798	0.5524	0.5328	0.5010	0.4543	0.4433
0.0120	0.0482	0.0529	0.0552	0.0776	0.0785	0.0896	0.0955	0.0991	0.1289	0.1299	0.1359	0.1741	0.1786	0.1919	0.2154	0.2233	0.2244	0.2170	0.2099	0.2131	0.2158	0.2242	0.2127	0.2125	0.1931	0.1891	0.1970	0.2220	0.2347	0.2330	0.2258	0.2465	0.2531	0.2351	0.2386	0.2502	0.2789	0.3048	0.3214	0.3862	0.4442	0.5728	0.7948	0.8519	0.8369	0.8784	0.9038	0.8264	0.8286	0.8030	0.7902	0.7829	0.7924	0.7521	0.7769	0.7676	0.7491	0.6791	0.6811	0.6316	0.6005	0.6030	0.5852	0.5110	0.5303	0.5344	0.4636	0.4469
0.0265	0.0335	0.0288	0.0446	0.0448	0.0636	0.0730	0.0636	0.0744	0.0824	0.0938	0.0939	0.0991	0.0980	0.0923	0.1017	0.1253	0.1254	0.1304	0.1367	0.1318	0.1441	0.1484	0.1704	0.1643	0.1525	0.1607	0.1690	0.1667	0.1812	0.1849	0.2003	0.2051	0.1891	0.1957	0.1987	0.2192	0.2228	0.2397	0.2506	0.2892	0.3178	0.3586	0.4526	0.5069	0.5715	0.7517	0.7887	0.7449	0.8227	0.8210	0.7105	0.5903	0.7157	0.7900	0.8420	0.8216	0.7643	0.7205	0.7367	0.6998	0.6302	0.6248	0.5734	0.5557	0.5690	0.5409	0.4764	0.4682
0.0140	0.0223	0.0343	0.0402	0.0489	0.0693	0.0630	0.0575	0.0647	0.0735	0.0922	0.0828	0.0875	0.0790	0.0797	0.0946	0.1046	0.0874	0.0940	0.1019	0.1090	0.1143	0.1023	0.1167	0.1220	0.1205	0.1234	0.1226	0.1412	0.1362	0.1431	0.1418	0.1526	0.1472	0.1521	0.1533	0.1672	0.1834	0.1809	0.1938	0.2007	0.2261	0.2422	0.2627	0.2936	0.3333	0.3931	0.4172	0.4156	0.5562	0.6353	0.4546	0.4158	0.4956	0.7570	0.8566	0.7743	0.7591	0.7547	0.7431	0.7272	0.6877	0.6414	0.6178	0.5821	0.5764	0.5365	0.4987	0.4674
0.0108	0.0158	0.0452	0.0374	0.0513	0.0644	0.0743	0.0570	0.0620	0.0632	0.0590	0.0651	0.0739	0.0673	0.0709	0.0851	0.0937	0.0870	0.0929	0.0910	0.1008	0.0958	0.0926	0.0859	0.0984	0.0969	0.0857	0.0954	0.1126	0.1174	0.1087	0.1143	0.1281	0.1158	0.1209	0.1168	0.1221	0.1316	0.1402	0.1388	0.1398	0.1566	0.1764	0.2031	0.2166	0.2235	0.2450	0.2674	0.2716	0.3112	0.3432	0.3404	0.3812	0.4524	0.7492	0.8056	0.7534	0.6543	0.6529	0.5855	0.5583	0.6188	0.6996	0.6557	0.5843	0.5613	0.5274	0.5041	0.4701
0.0257	0.0154	0.0285	0.0367	0.0333	0.0369	0.0532	0.0508	0.0599	0.0556	0.0574	0.0549	0.0725	0.0679	0.0686	0.0722	0.0892	0.0709	0.0883	0.0884	0.0800	0.0825	0.0852	0.0804	0.0836	0.0898	0.0867	0.0896	0.0948	0.0949	0.0936	0.0980	0.1008	0.0972	0.1034	0.0964	0.1011	0.1050	0.1060	0.1062	0.1253	0.1289	0.1331	0.1592	0.1739	0.1749	0.1924	0.2034	0.2313	0.2548	0.2620	0.2851	0.3175	0.3866	0.6264	0.7382	0.6617	0.5635	0.6458	0.4710	0.3820	0.5184	0.7023	0.6706	0.5675	0.5448	0.5584	0.5597	0.5341
0.0121	0.0203	0.0292	0.0234	0.0276	0.0389	0.0497	0.0542	0.0489	0.0490	0.0456	0.0609	0.0790	0.0542	0.0537	0.0537	0.0756	0.0803	0.0753	0.0710	0.0738	0.0710	0.0842	0.0697	0.0667	0.0752	0.0718	0.0835	0.0853	0.0796	0.0795	0.0774	0.0813	0.0849	0.0901	0.0926	0.0922	0.0858	0.0887	0.0895	0.0980	0.0993	0.1086	0.1104	0.1224	0.1362	0.1387	0.1552	0.1686	0.1801	0.1967	0.2087	0.2231	0.2550	0.3465	0.4421	0.4105	0.5459	0.6779	0.4826	0.4744	0.6999	0.7486	0.6603	0.5884	0.5865	0.5772	0.5978	0.5167
0.0060	0.0094	0.0163	0.0246	0.0223	0.0336	0.0270	0.0348	0.0444	0.0483	0.0466	0.0541	0.0687	0.0522	0.0556	0.0614	0.0647	0.0694	0.0639	0.0618	0.0760	0.0574	0.0699	0.0648	0.0570	0.0662	0.0682	0.0667	0.0731	0.0762	0.0818	0.0706	0.0712	0.0688	0.0729	0.0741	0.0823	0.0781	0.0782	0.0794	0.0800	0.0824	0.0876	0.0887	0.0997	0.1078	0.1088	0.1159	0.1122	0.1266	0.1465	0.1598	0.1591	0.1728	0.1996	0.2345	0.2641	0.4066	0.5093	0.3892	0.4040	0.6536	0.7513	0.6753	0.5883	0.5784	0.6238	0.5900	0.5624
0.0014	0.0125	0.0205	0.0231	0.0226	0.0248	0.0245	0.0386	0.0349	0.0350	0.0454	0.0509	0.0574	0.0459	0.0573	0.0599	0.0635	0.0631	0.0573	0.0549	0.0690	0.0758	0.0583	0.0656	0.0691	0.0629	0.0644	0.0590	0.0701	0.0717	0.0632	0.0682	0.0703	0.0690	0.0738	0.0737	0.0743	0.0728	0.0746	0.0742	0.0728	0.0837	0.0845	0.0767	0.0858	0.0909	0.0837	0.0859	0.0863	0.0937	0.1026	0.1153	0.1143	0.1175	0.1378	0.1519	0.1628	0.1936	0.2246	0.2376	0.2590	0.3470	0.4748	0.5607	0.5942	0.6133	0.6093	0.5479	0.5034
0.0000	0.0156	0.0328	0.0049	0.0132	0.0162	0.0300	0.0374	0.0373	0.0379	0.0418	0.0459	0.0411	0.0328	0.0446	0.0605	0.0552	0.0456	0.0506	0.0552	0.0604	0.0572	0.0552	0.0603	0.0667	0.0668	0.0549	0.0539	0.0619	0.0528	0.0526	0.0702	0.0681	0.0647	0.0635	0.0607	0.0751	0.0709	0.0670	0.0699	0.0745	0.0794	0.0799	0.0805	0.0727	0.0738	0.0824	0.0812	0.0801	0.0878	0.0916	0.0965	0.0866	0.0955	0.1140	0.1106	0.1157	0.1185	0.1241	0.1362	0.1490	0.1571	0.1838	0.2417	0.4006	0.5380	0.3345	0.2719	0.2665
0.0000	0.0000	0.0028	0.0063	0.0155	0.0065	0.0181	0.0299	0.0256	0.0390	0.0392	0.0325	0.0381	0.0495	0.0483	0.0461	0.0437	0.0473	0.0478	0.0459	0.0574	0.0558	0.0516	0.0517	0.0495	0.0537	0.0508	0.0508	0.0591	0.0510	0.0472	0.0564	0.0515	0.0617	0.0564	0.0598	0.0679	0.0562	0.0528	0.0576	0.0665	0.0675	0.0698	0.0713	0.0684	0.0715	0.0779	0.0699	0.0774	0.0819	0.0885	0.0856	0.0810	0.0860	0.0920	0.0893	0.0976	0.0994	0.0952	0.1034	0.1133	0.1103	0.1191	0.1262	0.1529	0.2141	0.1447	0.1349	0.1547
0.0000	0.0000	0.0001	0.0000	0.0056	0.0040	0.0250	0.0409	0.0208	0.0250	0.0162	0.0232	0.0205	0.0301	0.0339	0.0351	0.0382	0.0393	0.0409	0.0376	0.0387	0.0467	0.0490	0.0497	0.0505	0.0420	0.0437	0.0480	0.0540	0.0586	0.0550	0.0523	0.0556	0.0564	0.0497	0.0491	0.0568	0.0536	0.0570	0.0535	0.0541	0.0608	0.0597	0.0586	0.0607	0.0651	0.0635	0.0608	0.0601	0.0688	0.0724	0.0712	0.0720	0.0726	0.0797	0.0866	0.0835	0.0892	0.0898	0.0925	0.0991	0.0833	0.0890	0.1057	0.1086	0.0928	0.0954	0.0880	0.0912
0.0000	0.0000	0.0000	0.0024	0.0007	0.0000	0.0051	0.0208	0.0099	0.0008	0.0186	0.0285	0.0260	0.0267	0.0292	0.0289	0.0321	0.0344	0.0333	0.0385	0.0328	0.0403	0.0404	0.0475	0.0409	0.0340	0.0489	0.0492	0.0496	0.0463	0.0440	0.0380	0.0404	0.0463	0.0501	0.0454	0.0409	0.0469	0.0550	0.0509	0.0531	0.0581	0.0620	0.0511	0.0576	0.0664	0.0690	0.0626	0.0616	0.0594	0.0622	0.0708	0.0734	0.0715	0.0726	0.0771	0.0768	0.0758	0.0911	0.0870	0.0819	0.0719	0.0819	0.0896	0.0944	0.0793	0.0821	0.0845	0.0743
0.0000	0.0000	0.0000	0.0032	0.0000	0.0000	0.0090	0.0059	0.0056	0.0000	0.0213	0.0402	0.0348	0.0228	0.0285	0.0351	0.0385	0.0334	0.0342	0.0341	0.0424	0.0388	0.0374	0.0397	0.0416	0.0425	0.0428	0.0356	0.0456	0.0453	0.0449	0.0374	0.0492	0.0454	0.0442	0.0395	0.0474	0.0574	0.0590	0.0493	0.0441	0.0483	0.0532	0.0550	0.0555	0.0648	0.0634	0.0678	0.0576	0.0583	0.0675	0.0688	0.0723	0.0731	0.0753	0.0795	0.0764	0.0695	0.0847	0.0841	0.0734	0.0681	0.0842	0.0796	0.0749	0.0773	0.0745	0.0750	0.0611
0.0000	0.0000	0.0000	0.0081	0.0000	0.0000	0.0106	0.0220	0.0174	0.0016	0.0147	0.0263	0.0301	0.0313	0.0310	0.0311	0.0316	0.0416	0.0314	0.0395	0.0560	0.0392	0.0329	0.0348	0.0387	0.0390	0.0316	0.0381	0.0396	0.0426	0.0377	0.0424	0.0474	0.0448	0.0480	0.0496	0.0458	0.0504	0.0464	0.0534	0.0461	0.0469	0.0461	0.0490	0.0570	0.0635	0.0581	0.0643	0.0567	0.0595	0.0687	0.0654	0.0535	0.0598	0.0651	0.0674	0.0721	0.0663	0.0672	0.0692	0.0666	0.0628	0.0681	0.0710	0.0712	0.0636	0.0563	0.0573	0.0468
0.0000	0.0000	0.0000	0.0000	0.0000	0.0006	0.0036	0.0114	0.0112	0.0083	0.0110	0.0066	0.0208	0.0238	0.0274	0.0254	0.0228	0.0273	0.0337	0.0306	0.0429	0.0297	0.0266	0.0351	0.0428	0.0284	0.0305	0.0368	0.0383	0.0447	0.0412	0.0397	0.0391	0.0374	0.0411	0.0472	0.0439	0.0425	0.0396	0.0423	0.0422	0.0455	0.0441	0.0490	0.0527	0.0567	0.0532	0.0557	0.0496	0.0529	0.0568	0.0564	0.0521	0.0549	0.0578	0.0574	0.0603	0.0576	0.0594	0.0587	0.0639	0.0613	0.0644	0.0644	0.0625	0.0686	0.0549	0.0615	0.0484
0.0000	0.0000	0.0000	0.0043	0.0000	0.0004	0.0037	0.0061	0.0093	0.0151	0.0143	0.0136	0.0226	0.0193	0.0342	0.0205	0.0202	0.0128	0.0257	0.0271	0.0312	0.0427	0.0237	0.0317	0.0439	0.0316	0.0377	0.0343	0.0279	0.0406	0.0433	0.0354	0.0441	0.0395	0.0429	0.0403	0.0363	0.0504	0.0396	0.0432	0.0438	0.0446	0.0525	0.0472	0.0390	0.0419	0.0445	0.0561	0.0488	0.0589	0.0581	0.0662	0.0592	0.0579	0.0675	0.0584	0.0564	0.0630	0.0628	0.0647	0.0733	0.0557	0.0685	0.0754	0.0704	0.0667	0.0617	0.0646	0.0641
