0.0000	0.0000	0.0000	0.0000	0.0000	0.0000	0.0010	0.0065	0.0122	0.0174	0.0082	0.0329	0.0269	0.0117	0.0368	0.0393	0.0426	0.0312	0.0248	0.0298	0.0595	0.0429	0.0519	0.0548	0.0695	0.0633	0.0645	0.0639	0.0615	0.0617	0.0683	0.0798	0.0832	0.0930	0.0748	0.0742	0.0805	0.0716	0.0647	0.0635	0.0744	0.0686	0.0760	0.0624	0.0656	0.0762	0.0660	0.0784	0.0713	0.0776	0.0768	0.0717	0.0546	0.0505	0.0687	0.0665	0.0633	0.0566	0.0694	0.0511	0.0450	0.0560	0.0592	0.0604	0.0729	0.0655	0.0488	0.0477	0.0443
0.0000	0.0000	0.0006	0.0000	0.0014	0.0026	0.0142	0.0266	0.0208	0.0163	0.0212	0.0313	0.0264	0.0241	0.0277	0.0427	0.0334	0.0525	0.0270	0.0373	0.0629	0.0559	0.0610	0.0678	0.0732	0.0612	0.0690	0.0860	0.0866	0.0841	0.0755	0.0822	0.0792	0.0900	0.0759	0.0709	0.0902	0.0786	0.0859	0.0827	0.0946	0.0921	0.0751	0.0724	0.0880	0.0864	0.0696	0.0814	0.0814	0.0750	0.0858	0.0779	0.0549	0.0641	0.0675	0.0693	0.0582	0.0699	0.0538	0.0594	0.0672	0.0706	0.0701	0.0699	0.0615	0.0549	0.0479	0.0532	0.0482
0.0000	0.0020	0.0000	0.0032	0.0000	0.0000	0.0017	0.0251	0.0210	0.0294	0.0355	0.0276	0.0474	0.0474	0.0327	0.0440	0.0445	0.0567	0.0416	0.0561	0.0545	0.0587	0.0624	0.0761	0.0707	0.0657	0.0847	0.0700	0.1016	0.0896	0.0783	0.0787	0.0808	0.0928	0.0720	0.0787	0.1008	0.0775	0.0941	0.0809	0.0950	0.0896	0.0802	0.0886	0.0822	0.0873	0.0712	0.0793	0.0759	0.0687	0.0836	0.0810	0.0664	0.0764	0.0783	0.0767	0.0803	0.0749	0.0654	0.0679	0.0794	0.0912	0.0791	0.0684	0.0734	0.0589	0.0476	0.0740	0.0748
0.0104	0.0000	0.0000	0.0158	0.0048	0.0061	0.0132	0.0235	0.0167	0.0197	0.0278	0.0372	0.0590	0.0417	0.0407	0.0546	0.0543	0.0550	0.0473	0.0647	0.0617	0.0737	0.0591	0.0706	0.0914	0.0814	0.0822	0.0783	0.0964	0.0979	0.0881	0.0903	0.0995	0.0911	0.0862	0.0840	0.0851	0.0806	0.0897	0.0830	0.1015	0.0998	0.0850	0.1002	0.0800	0.0738	0.0794	0.0844	0.0679	0.0780	0.0860	0.0764	0.0788	0.0827	0.0870	0.0683	0.0716	0.0669	0.0807	0.0788	0.0740	0.0940	0.0922	0.0868	0.0714	0.0674	0.0705	0.0821	0.0689
0.0000	0.0000	0.0029	0.0053	0.0008	0.0109	0.0154	0.0318	0.0254	0.0144	0.0202	0.0486	0.0565	0.0547	0.0462	0.0621	0.0576	0.0526	0.0545	0.0616	0.0673	0.0797	0.0771	0.0856	0.0869	0.0725	0.0835	0.0759	0.0814	0.0788	0.0849	0.0746	0.0958	0.1025	0.1061	0.1018	0.1000	0.0771	0.0906	0.0741	0.0895	0.0904	0.0825	0.0809	0.0832	0.0942	0.0917	0.0893	0.0886	0.1049	0.0927	0.0820	0.0829	0.0856	0.0852	0.0831	0.0662	0.0752	0.0758	0.0693	0.0753	0.0910	0.0826	0.0897	0.0853	0.0744	0.0946	0.0890	0.0797
0.0000	0.0000	0.0000	0.0035	0.0075	0.0224	0.0281	0.0289	0.0224	0.0279	0.0309	0.0344	0.0487	0.0547	0.0564	0.0626	0.0632	0.0611	0.0473	0.0814	0.0740	0.0720	0.0620	0.0615	0.0805	0.0703	0.0683	0.0902	0.1094	0.0918	0.0943	0.0858	0.1140	0.1213	0.0971	0.1066	0.1093	0.0993	0.1134	0.0980	0.0993	0.0991	0.1001	0.0866	0.0923	0.0994	0.0908	0.1007	0.0910	0.1009	0.0895	0.0867	0.0998	0.0887	0.0868	0.1074	0.0983	0.0813	0.0766	0.0856	0.0972	0.1091	0.1008	0.1119	0.1129	0.1013	0.1101	0.1287	0.1216
0.0000	0.0000	0.0127	0.0261	0.0146	0.0126	0.0306	0.0250	0.0298	0.0467	0.0590	0.0509	0.0493	0.0507	0.0513	0.0735	0.0734	0.0734	0.0757	0.0834	0.0888	0.0933	0.0777	0.0715	0.0887	0.1011	0.0947	0.1118	0.1065	0.0965	0.0961	0.0860	0.1082	0.1143	0.0978	0.1178	0.1086	0.1009	0.1010	0.1013	0.1113	0.1059	0.1043	0.0945	0.0895	0.1018	0.0972	0.1087	0.1078	0.1010	0.1094	0.1032	0.0977	0.1043	0.0991	0.1144	0.1137	0.0896	0.0942	0.1006	0.0984	0.1180	0.1170	0.1459	0.1580	0.1948	0.1864	0.2187	0.2219
0.0056	0.0000	0.0137	0.0236	0.0237	0.0300	0.0438	0.0398	0.0360	0.0382	0.0394	0.0517	0.0535	0.0538	0.0511	0.0747	0.0711	0.0751	0.0841	0.0915	0.0989	0.1074	0.0957	0.0858	0.1046	0.1295	0.1068	0.1171	0.1209	0.1065	0.0982	0.1012	0.1167	0.1186	0.1146	0.1133	0.1196	0.1238	0.1138	0.1123	0.1054	0.1236	0.1214	0.1011	0.0998	0.1140	0.1105	0.1245	0.1127	0.1151	0.1145	0.1126	0.1000	0.1090	0.1099	0.1221	0.1306	0.1153	0.1214	0.1183	0.1388	0.1529	0.1645	0.1768	0.2556	0.3526	0.3381	0.3290	0.3154
0.0000	0.0087	0.0277	0.0330	0.0204	0.0319	0.0520	0.0625	0.0598	0.0481	0.0436	0.0548	0.0741	0.0765	0.0709	0.0847	0.0759	0.0808	0.0898	0.1067	0.1028	0.1069	0.0914	0.1062	0.1174	0.1022	0.1013	0.1102	0.1213	0.1309	0.1154	0.1172	0.1209	0.1268	0.1376	0.1222	0.1198	0.1191	0.1236	0.1329	0.1094	0.1266	0.1184	0.1159	0.1336	0.1284	0.1337	0.1278	0.1250	0.1451	0.1362	0.1289	0.1280	0.1399	0.1411	0.1534	0.1576	0.1492	0.1400	0.1583	0.1779	0.2052	0.2033	0.2155	0.3093	0.3871	0.3658	0.3538	0.3221
0.0047	0.0134	0.0217	0.0229	0.0296	0.0375	0.0541	0.0668	0.0504	0.0533	0.0499	0.0603	0.0816	0.1021	0.0845	0.0816	0.0920	0.0986	0.0962	0.1077	0.0931	0.1048	0.1027	0.1195	0.1249	0.1127	0.1224	0.1169	0.1326	0.1242	0.1127	0.1195	0.1236	0.1316	0.1386	0.1213	0.1297	0.1366	0.1267	0.1329	0.1334	0.1318	0.1239	0.1392	0.1385	0.1439	0.1555	0.1605	0.1466	0.1449	0.1599	0.1589	0.1725	0.1662	0.1742	0.1783	0.1944	0.1912	0.1771	0.1895	0.2157	0.2268	0.2452	0.2587	0.3677	0.4020	0.3577	0.3881	0.3706
0.0110	0.0103	0.0280	0.0261	0.0461	0.0432	0.0469	0.0632	0.0632	0.0553	0.0584	0.0561	0.0783	0.1008	0.0846	0.0976	0.0898	0.0940	0.1146	0.1103	0.1119	0.1065	0.1218	0.1164	0.1388	0.1400	0.1274	0.1300	0.1354	0.1525	0.1217	0.1430	0.1462	0.1454	0.1564	0.1409	0.1537	0.1709	0.1567	0.1394	0.1541	0.1400	0.1620	0.1572	0.1745	0.1720	0.1911	0.1988	0.1867	0.1973	0.1945	0.2048	0.1952	0.1885	0.1977	0.2144	0.2335	0.2273	0.2074	0.2311	0.2622	0.2567	0.2711	0.3016	0.3943	0.4097	0.3685	0.3652	0.3422
0.0046	0.0103	0.0263	0.0326	0.0298	0.0384	0.0404	0.0674	0.0533	0.0529	0.0942	0.0838	0.0822	0.0967	0.0832	0.0920	0.0971	0.1096	0.1177	0.1266	0.1302	0.1145	0.1181	0.1312	0.1494	0.1388	0.1418	0.1315	0.1449	0.1678	0.1572	0.1694	0.1719	0.1740	0.1764	0.1620	0.1825	0.1800	0.1903	0.1868	0.1857	0.1814	0.1969	0.2002	0.2067	0.2164	0.2211	0.2337	0.2274	0.2409	0.2357	0.2354	0.2404	0.2494	0.2514	0.2627	0.2645	0.2647	0.2470	0.2502	0.3017	0.3183	0.3101	0.3843	0.4525	0.4337	0.3679	0.3601	0.3350
0.0184	0.0216	0.0270	0.0535	0.0393	0.0417	0.0511	0.0829	0.0647	0.0573	0.0911	0.0828	0.0877	0.0920	0.0933	0.0969	0.1214	0.1319	0.1249	0.1222	0.1429	0.1660	0.1499	0.1642	0.1688	0.1751	0.1612	0.1531	0.1918	0.1830	0.1899	0.2292	0.2126	0.2167	0.2161	0.1958	0.2268	0.2271	0.2315	0.2495	0.2500	0.2194	0.2295	0.2438	0.2299	0.2385	0.2605	0.2642	0.2756	0.2840	0.2846	0.2711	0.2922	0.3126	0.3226	0.3080	0.2992	0.2854	0.3025	0.3269	0.3843	0.5064	0.4811	0.5347	0.5578	0.4809	0.3934	0.3994	0.3370
0.0285	0.0314	0.0467	0.0458	0.0480	0.0432	0.0675	0.0818	0.0801	0.0754	0.0894	0.1008	0.0938	0.0871	0.1062	0.1148	0.1549	0.1459	0.1532	0.1527	0.1537	0.1740	0.1884	0.1775	0.1949	0.2066	0.2148	0.2314	0.2192	0.2441	0.2617	0.2900	0.2834	0.2956	0.3034	0.3394	0.4648	0.4243	0.2911	0.2850	0.2898	0.2668	0.2855	0.2812	0.2789	0.2881	0.2855	0.2934	0.3182	0.3040	0.3225	0.3218	0.3282	0.3458	0.3774	0.3974	0.3587	0.3413	0.3466	0.3801	0.5075	0.6094	0.5917	0.5438	0.4927	0.4244	0.4045	0.3518	0.3327
0.0175	0.0247	0.0399	0.0685	0.0845	0.0675	0.1017	0.0927	0.0968	0.0987	0.1059	0.1259	0.1347	0.1357	0.1616	0.1718	0.1915	0.1860	0.1961	0.2133	0.2347	0.2831	0.2765	0.2837	0.2858	0.2718	0.2953	0.3283	0.4005	0.4483	0.4423	0.4707	0.4631	0.4804	0.5520	0.6867	0.7873	0.6793	0.4757	0.5286	0.4862	0.3688	0.3553	0.3573	0.3489	0.3745	0.3613	0.4009	0.4706	0.3890	0.3668	0.3571	0.3780	0.3644	0.4784	0.5434	0.4745	0.3888	0.3547	0.4181	0.5372	0.5916	0.5778	0.5137	0.4702	0.4112	0.4104	0.3321	0.3225
0.0407	0.0357	0.0474	0.0521	0.0869	0.1016	0.0915	0.1120	0.1377	0.1335	0.1545	0.1839	0.2023	0.2404	0.3098	0.2777	0.3145	0.3235	0.3766	0.4220	0.4655	0.5246	0.5671	0.5868	0.5680	0.4984	0.5167	0.5824	0.7193	0.7712	0.7450	0.8175	0.7951	0.8313	0.8771	0.9067	0.8821	0.7970	0.7341	0.7766	0.7155	0.5642	0.5858	0.5747	0.4857	0.5781	0.6254	0.6921	0.7101	0.5904	0.4661	0.4402	0.4366	0.4360	0.6107	0.6955	0.6015	0.4297	0.3788	0.4655	0.5520	0.5679	0.5716	0.5298	0.4461	0.3786	0.3918	0.3555	0.3552
0.0387	0.0478	0.0731	0.0831	0.1172	0.1515	0.1678	0.2174	0.2209	0.2384	0.3120	0.3476	0.4006	0.5291	0.6663	0.6471	0.6027	0.6792	0.7409	0.7754	0.8592	0.8421	0.8084	0.8177	0.8275	0.7173	0.7358	0.7217	0.7541	0.8017	0.8691	0.8851	0.8938	0.8996	0.9343	0.8634	0.8860	0.9169	0.8619	0.7669	0.7892	0.7700	0.8355	0.8546	0.7561	0.7304	0.7779	0.8253	0.7708	0.7126	0.6431	0.6305	0.5386	0.5409	0.6592	0.6642	0.6123	0.4649	0.4019	0.4575	0.5367	0.5666	0.5238	0.4753	0.4276	0.3420	0.3580	0.3617	0.3167
0.0699	0.1043	0.1348	0.1829	0.2421	0.3037	0.4164	0.5175	0.5872	0.5112	0.6172	0.6659	0.7067	0.7335	0.7657	0.8251	0.7851	0.8414	0.8484	0.8552	0.8946	0.8692	0.7519	0.7723	0.7562	0.7044	0.7199	0.7089	0.6471	0.7490	0.8451	0.8495	0.8051	0.8564	0.8902	0.8184	0.8254	0.8119	0.7994	0.7784	0.7593	0.7546	0.8059	0.8104	0.7880	0.7088	0.7531	0.7740	0.7719	0.7349	0.7465	0.7793	0.7248	0.6881	0.6479	0.5957	0.5628	0.5071	0.4626	0.4712	0.5549	0.5185	0.4627	0.4296	0.4016	0.3441	0.3547	0.3425	0.3127
0.1277	0.2163	0.3192	0.4595	0.5480	0.6328	0.6911	0.6672	0.7300	0.6538	0.6292	0.6611	0.7180	0.7203	0.6979	0.7505	0.7754	0.7910	0.8043	0.7802	0.7777	0.7882	0.7498	0.7034	0.6685	0.6735	0.7378	0.6679	0.6746	0.7383	0.7391	0.7799	0.8134	0.8075	0.7894	0.7779	0.7495	0.7197	0.7489	0.7110	0.6958	0.6860	0.7720	0.7123	0.6846	0.7242	0.7239	0.7000	0.7241	0.7163	0.7034	0.6964	0.7034	0.6699	0.6392	0.5657	0.5416	0.5594	0.5480	0.5673	0.5493	0.4819	0.4530	0.3919	0.3668	0.3564	0.3250	0.3410	0.3369
0.2104	0.3312	0.4243	0.4782	0.4898	0.5577	0.5437	0.4773	0.5083	0.5235	0.5566	0.5631	0.6402	0.6337	0.6165	0.6820	0.7101	0.7519	0.7154	0.7004	0.6920	0.7304	0.6985	0.6629	0.6826	0.6177	0.6602	0.6586	0.6761	0.7446	0.7527	0.7742	0.7636	0.7835	0.7645	0.7424	0.7180	0.6738	0.6639	0.6316	0.6419	0.6500	0.6775	0.6483	0.7009	0.6355	0.6266	0.6574	0.6660	0.6503	0.6374	0.6158	0.6095	0.6334	0.5723	0.5385	0.5267	0.5034	0.4765	0.4820	0.4527	0.4333	0.4122	0.4170	0.3823	0.3795	0.3466	0.3254	0.3082
0.2115	0.2905	0.3259	0.3289	0.3376	0.4064	0.4116	0.3894	0.3777	0.4363	0.4477	0.4833	0.5761	0.5700	0.4940	0.5387	0.6087	0.6591	0.6406	0.5967	0.5917	0.5780	0.5783	0.5974	0.5987	0.6270	0.5993	0.6180	0.6615	0.6912	0.7437	0.7251	0.7271	0.7588	0.7458	0.7259	0.6862	0.7040	0.6195	0.6250	0.6344	0.6193	0.6546	0.6448	0.5875	0.5763	0.6168	0.6024	0.5922	0.5788	0.5666	0.5607	0.5345	0.5653	0.5462	0.5078	0.4735	0.4566	0.4322	0.4166	0.4056	0.4124	0.4155	0.3697	0.3620	0.3338	0.3306	0.3323	0.3059
0.2132	0.2499	0.2897	0.3257	0.2930	0.3213	0.3362	0.3682	0.3389	0.3891	0.4173	0.4211	0.4918	0.5144	0.4918	0.5076	0.5547	0.6105	0.5964	0.5802	0.5741	0.6111	0.6155	0.5665	0.5636	0.6023	0.5862	0.5854	0.6493	0.6502	0.6755	0.6878	0.7210	0.7176	0.7618	0.7183	0.6777	0.6903	0.6298	0.6570	0.6508	0.6355	0.6185	0.6058	0.5884	0.5864	0.5778	0.5767	0.5315	0.5415	0.5726	0.5224	0.5154	0.4837	0.4493	0.4845	0.4756	0.4723	0.4195	0.3848	0.3925	0.4160	0.3770	0.3323	0.3373	0.3398	0.3081	0.2937	0.2922
0.2015	0.2318	0.2482	0.2599	0.3144	0.3239	0.3231	0.3430	0.3214	0.3337	0.3892	0.3985	0.4371	0.4484	0.4977	0.5210	0.5464	0.5508	0.5587	0.5365	0.5807	0.6470	0.6300	0.6193	0.5906	0.5620	0.5976	0.6106	0.6382	0.6478	0.6443	0.6484	0.7353	0.7343	0.6898	0.6725	0.6601	0.6410	0.6313	0.6098	0.6120	0.5810	0.6293	0.5977	0.5960	0.5800	0.5720	0.5465	0.5222	0.4940	0.4964	0.4857	0.5044	0.4877	0.4650	0.4901	0.4641	0.4392	0.4018	0.4208	0.3987	0.3597	0.3702	0.3475	0.3225	0.3218	0.3097	0.2922	0.3043
0.1830	0.2334	0.2415	0.2715	0.3120	0.3269	0.3172	0.3271	0.3120	0.3451	0.3774	0.4037	0.4320	0.4387	0.4631	0.4790	0.5507	0.5549	0.5938	0.5774	0.5960	0.6308	0.6052	0.5648	0.6311	0.5879	0.5803	0.6514	0.6569	0.6557	0.6771	0.7015	0.6951	0.7281	0.6755	0.6363	0.6445	0.6159	0.5948	0.5864	0.5883	0.5452	0.5895	0.5765	0.5797	0.5602	0.5651	0.5278	0.5178	0.5004	0.4874	0.4738	0.4900	0.4942	0.4481	0.4571	0.4597	0.4627	0.4338	0.4184	0.4057	0.4035	0.3648	0.3256	0.3257	0.3247	0.3006	0.3059	0.2834
0.1952	0.2079	0.2330	0.2776	0.2840	0.3178	0.2989	0.2861	0.3046	0.3295	0.3979	0.4175	0.4199	0.4253	0.4645	0.4834	0.5196	0.5357	0.5738	0.5639	0.5702	0.5617	0.5874	0.6015	0.6287	0.5963	0.5960	0.6347	0.7030	0.6920	0.6973	0.7072	0.7096	0.7048	0.6876	0.6516	0.7006	0.6183	0.5916	0.6254	0.6073	0.5677	0.5678	0.5378	0.5293	0.5319	0.5390	0.5482	0.5455	0.5246	0.4748	0.4849	0.4980	0.5048	0.4869	0.4824	0.4667	0.4678	0.4284	0.4449	0.4415	0.4123	0.4122	0.3584	0.3354	0.3235	0.3000	0.2978	0.2729
0.1876	0.1973	0.2269	0.2607	0.2860	0.2769	0.2906	0.2816	0.3100	0.3476	0.3853	0.3673	0.4403	0.4769	0.4611	0.4756	0.5279	0.5282	0.5469	0.5545	0.5835	0.5692	0.5665	0.5760	0.6115	0.5650	0.6009	0.6387	0.6637	0.6792	0.7058	0.7080	0.7046	0.6734	0.6419	0.6358	0.6250	0.5786	0.6012	0.6134	0.5888	0.5636	0.5315	0.5250	0.5426	0.5557	0.5576	0.5460	0.5513	0.5279	0.5207	0.5139	0.5106	0.5230	0.5089	0.4833	0.4924	0.4850	0.4506	0.4274	0.4180	0.4163	0.3901	0.3697	0.3516	0.3396	0.3097	0.3133	0.2800
0.2045	0.2110	0.2371	0.2692	0.2739	0.2829	0.2657	0.2899	0.2931	0.3067	0.3716	0.3902	0.4653	0.4708	0.4505	0.4747	0.5077	0.4946	0.5497	0.5795	0.5637	0.5852	0.5824	0.5960	0.5902	0.5783	0.5679	0.5901	0.6142	0.6550	0.6711	0.6978	0.6678	0.6307	0.6117	0.5815	0.5948	0.5830	0.6126	0.6027	0.5728	0.5559	0.5665	0.5610	0.5876	0.5540	0.5536	0.5286	0.5375	0.5292	0.5366	0.5288	0.5108	0.5197	0.4829	0.5033	0.4713	0.4588	0.4541	0.4552	0.4154	0.4059	0.3939	0.3799	0.3589	0.3476	0.3101	0.3092	0.2977
0.1678	0.2010	0.2108	0.2204	0.2354	0.2671	0.2676	0.2760	0.2877	0.3261	0.3712	0.4191	0.4497	0.4380	0.4612	0.5050	0.4802	0.4843	0.5118	0.5449	0.5346	0.5436	0.5597	0.5690	0.6103	0.5783	0.5783	0.5657	0.6043	0.6242	0.6399	0.6814	0.6294	0.5873	0.5700	0.5826	0.5789	0.5524	0.5802	0.5794	0.5814	0.5696	0.5671	0.5380	0.5693	0.5480	0.5560	0.5733	0.5654	0.4987	0.5267	0.5693	0.5610	0.5209	0.4745	0.5191	0.4893	0.4196	0.4341	0.4769	0.4616	0.4256	0.4241	0.3532	0.3510	0.3534	0.3470	0.3474	0.2993
0.1422	0.1651	0.1880	0.2207	0.2360	0.2396	0.2574	0.2845	0.2638	0.2895	0.3663	0.3938	0.4028	0.4611	0.4276	0.4704	0.4805	0.5198	0.5605	0.5590	0.5652	0.5474	0.5426	0.5730	0.5587	0.5484	0.5852	0.5784	0.6230	0.6206	0.6160	0.6142	0.6341	0.6049	0.5370	0.5738	0.5912	0.6177	0.5964	0.5851	0.6044	0.5911	0.5833	0.5419	0.5481	0.5463	0.5280	0.5572	0.5403	0.5169	0.5189	0.5186	0.5039	0.5026	0.4955	0.4958	0.4707	0.4646	0.4496	0.4538	0.4386	0.4273	0.4068	0.3895	0.4006	0.3553	0.3433	0.3333	0.3023
0.1304	0.1553	0.1902	0.2324	0.2348	0.2444	0.2720	0.2752	0.2983	0.3022	0.3680	0.4020	0.4338	0.4609	0.4385	0.4663	0.5159	0.5106	0.5377	0.5440	0.5544	0.5612	0.5378	0.5601	0.5419	0.5340	0.5589	0.5795	0.5977	0.6070	0.5944	0.5942	0.6380	0.6100	0.5556	0.5781	0.6262	0.6239	0.5863	0.5839	0.6164	0.6059	0.5631	0.5563	0.5694	0.5285	0.5151	0.5606	0.5156	0.5496	0.5334	0.5331	0.5437	0.5237	0.5035	0.4959	0.4632	0.4330	0.4321	0.4539	0.4330	0.4127	0.3904	0.3674	0.3831	0.3509	0.3393	0.3338	0.3077
0.1378	0.1726	0.2009	0.2056	0.2097	0.2358	0.2687	0.3089	0.3069	0.3121	0.3492	0.4084	0.4352	0.4521	0.4294	0.4661	0.5436	0.5069	0.5751	0.5276	0.5401	0.5538	0.5444	0.5399	0.5516	0.5129	0.4882	0.5435	0.5601	0.5922	0.6028	0.6109	0.6116	0.6245	0.6328	0.6444	0.6464	0.6234	0.6068	0.6046	0.5686	0.6042	0.5783	0.5750	0.5913	0.5630	0.5507	0.5349	0.5539	0.5969	0.5517	0.5867	0.5967	0.5654	0.5149	0.5206	0.5037	0.4805	0.4613	0.4774	0.4522	0.4249	0.4006	0.3857	0.3688	0.3413	0.3343	0.3085	0.3081
0.1312	0.1739	0.1730	0.2026	0.2178	0.2246	0.2712	0.3148	0.3081	0.3260	0.3360	0.3508	0.4056	0.4280	0.4417	0.4881	0.5323	0.5196	0.5610	0.5234	0.5173	0.5480	0.5540	0.5490	0.5812	0.5734	0.5265	0.5584	0.5991	0.6187	0.6480	0.6525	0.6495	0.6429	0.6738	0.6582	0.6697	0.6430	0.6261	0.6212	0.5917	0.6024	0.6136	0.5824	0.5625	0.5745	0.5568	0.5705	0.5529	0.5909	0.6265	0.5870	0.5798	0.5941	0.5518	0.5515	0.5297	0.5074	0.4727	0.4781	0.4897	0.4599	0.4610	0.4102	0.3552	0.3289	0.3327	0.3205	0.3151
0.1602	0.1837	0.1980	0.2240	0.2253	0.2553	0.2935	0.2837	0.3136	0.3623	0.3574	0.3722	0.4216	0.4298	0.4437	0.4687	0.5041	0.5007	0.5469	0.5496	0.5566	0.5715	0.5745	0.5838	0.5926	0.5902	0.6053	0.5951	0.6324	0.6248	0.6652	0.6885	0.6298	0.6310	0.6823	0.7162	0.7078	0.6680	0.6830	0.6531	0.6587	0.6683	0.6624	0.6247	0.6041	0.5780	0.5994	0.6035	0.6237	0.6028	0.6238	0.5839	0.6154	0.6065	0.5902	0.5695	0.5581	0.5317	0.4840	0.4825	0.4819	0.4832	0.4534	0.4159	0.3616	0.3385	0.3399	0.3082	0.2991
0.1561	0.1688	0.2058	0.2125	0.2324	0.2642	0.2588	0.3102	0.3347	0.3409	0.3731	0.3915	0.4151	0.4600	0.4515	0.4662	0.4975	0.5312	0.5132	0.5517	0.5653	0.5259	0.5557	0.5786	0.5999	0.6015	0.6242	0.6517	0.6562	0.6478	0.6529	0.6766	0.6430	0.6653	0.6925	0.6818	0.6893	0.6846	0.7084	0.6848	0.6699	0.6838	0.6674	0.6669	0.6041	0.6232	0.6699	0.6247	0.6361	0.6584	0.6701	0.6093	0.6375	0.6130	0.6071	0.5964	0.5827	0.5531	0.5231	0.5215	0.5033	0.4939	0.4499	0.4356	0.3808	0.3700	0.3782	0.3424	0.3299
0.1493	0.1668	0.1793	0.1941	0.2437	0.2620	0.2478	0.3183	0.3284	0.3462	0.3553	0.3725	0.4167	0.4509	0.4551	0.4717	0.4698	0.5270	0.5072	0.5854	0.6091	0.5888	0.5650	0.6123	0.6534	0.6281	0.6358	0.6505	0.6376	0.6241	0.6271	0.6379	0.6306	0.6413	0.7086	0.6808	0.6673	0.7045	0.7282	0.7174	0.7040	0.6972	0.6661	0.6528	0.6294	0.6580	0.6356	0.6503	0.6311	0.6632	0.6428	0.6545	0.6586	0.6500	0.6376	0.6352	0.6250	0.5766	0.5702	0.5938	0.5390	0.5073	0.4841	0.4492	0.4381	0.4197	0.4092	0.3750	0.3370
0.1545	0.1676	0.2042	0.2086	0.2491	0.3011	0.2948	0.3045	0.3316	0.3434	0.3442	0.3848	0.4030	0.4750	0.4557	0.4798	0.4798	0.5054	0.5414	0.5773	0.5910	0.5975	0.5954	0.5805	0.6383	0.6162	0.6209	0.6305	0.6354	0.6237	0.6313	0.6300	0.6498	0.6993	0.6974	0.6704	0.6941	0.6952	0.6936	0.7100	0.7042	0.7025	0.7138	0.6937	0.6529	0.6662	0.6934	0.6900	0.6625	0.6709	0.7154	0.7049	0.6999	0.6752	0.6510	0.6421	0.6266	0.6093	0.6017	0.5880	0.5609	0.5193	0.5308	0.5042	0.4577	0.4033	0.4071	0.3966	0.3685
0.1620	0.1769	0.2101	0.2722	0.2828	0.3016	0.3177	0.3393	0.3582	0.3585	0.3818	0.4325	0.4746	0.4885	0.4540	0.4960	0.4970	0.5739	0.5852	0.5916	0.5903	0.6010	0.5840	0.6228	0.5745	0.5964	0.5953	0.6045	0.6486	0.6588	0.6145	0.6531	0.6723	0.7206	0.7159	0.6891	0.7214	0.7178	0.7004	0.7252	0.7478	0.7303	0.6920	0.7189	0.7008	0.6713	0.7036	0.7027	0.7510	0.7437	0.7658	0.7150	0.7262	0.7133	0.6878	0.6825	0.6564	0.6599	0.6674	0.6214	0.5773	0.5465	0.5287	0.4989	0.4693	0.4505	0.4366	0.4013	0.4110
0.2112	0.2334	0.2745	0.3024	0.3254	0.3482	0.3640	0.3669	0.3777	0.4028	0.4422	0.4792	0.5339	0.5397	0.5766	0.5859	0.6332	0.6861	0.6468	0.6595	0.6285	0.6267	0.6333	0.6331	0.6227	0.6330	0.5975	0.6283	0.6806	0.6439	0.6862	0.7086	0.6853	0.7144	0.7524	0.7204	0.7561	0.7639	0.7355	0.7481	0.7715	0.7065	0.7038	0.7077	0.7426	0.7216	0.7446	0.7568	0.7524	0.7382	0.7896	0.7806	0.8082	0.8217	0.7354	0.6909	0.6969	0.7429	0.7384	0.6615	0.6459	0.6384	0.5605	0.5397	0.5202	0.4777	0.4885	0.4442	0.4276
0.2443	0.3552	0.4060	0.4331	0.4843	0.4812	0.4787	0.4901	0.4973	0.4900	0.5590	0.5892	0.6317	0.6590	0.6714	0.6827	0.7591	0.7608	0.7413	0.7032	0.6679	0.7091	0.7487	0.6957	0.7314	0.6992	0.6741	0.6766	0.7357	0.7397	0.7526	0.7586	0.7492	0.7750	0.8329	0.7990	0.7751	0.8530	0.8084	0.7857	0.8080	0.7946	0.7759	0.7999	0.7954	0.7715	0.7886	0.7926	0.8074	0.7977	0.8161	0.8548	0.8697	0.8468	0.7546	0.7317	0.7182	0.7265	0.7024	0.7442	0.7493	0.6845	0.6220	0.6173	0.6300	0.5662	0.4997	0.4921	0.4523
0.1444	0.2617	0.4418	0.5690	0.6575	0.7109	0.7063	0.7263	0.7162	0.6926	0.6607	0.7040	0.7160	0.7541	0.7511	0.7833	0.8299	0.8525	0.8235	0.8236	0.8085	0.8259	0.8200	0.7650	0.7393	0.7424	0.7326	0.7086	0.7797	0.7907	0.8341	0.8269	0.8265	0.8856	0.8615	0.8263	0.8466	0.8521	0.8755	0.8391	0.8523	0.8688	0.8929	0.8804	0.8586	0.8692	0.8871	0.8690	0.8854	0.8489	0.8431	0.8481	0.8950	0.9129	0.8239	0.7326	0.7144	0.7014	0.5786	0.6137	0.7348	0.7359	0.6916	0.6787	0.6581	0.5790	0.5351	0.5287	0.4615
0.0574	0.0867	0.1672	0.2340	0.3327	0.4260	0.5308	0.5684	0.5680	0.6259	0.6829	0.7062	0.7362	0.8626	0.8972	0.9191	0.9466	0.9539	0.9498	0.9543	0.9555	0.9354	0.9108	0.8526	0.8563	0.8042	0.7937	0.7775	0.8984	0.9335	0.8913	0.9156	0.9254	0.9176	0.9546	0.9054	0.9048	0.8933	0.9009	0.9143	0.9656	0.8739	0.9054	0.8664	0.8931	0.9051	0.9049	0.8183	0.8497	0.8532	0.8088	0.8022	0.7270	0.7613	0.7695	0.7697	0.7377	0.6886	0.4790	0.4083	0.5250	0.7301	0.7740	0.7284	0.6612	0.6137	0.5974	0.5293	0.4837
0.0220	0.0445	0.0710	0.0880	0.1144	0.1264	0.1577	0.2182	0.2268	0.2437	0.3127	0.3750	0.4184	0.5502	0.7204	0.8131	0.8761	0.9785	0.9183	0.8220	0.7951	0.7779	0.8233	0.8643	0.9049	0.7897	0.8466	0.8929	0.9529	1.0000	0.9964	0.9749	0.9617	0.9547	0.8963	0.8345	0.7536	0.7553	0.8023	0.8221	0.8813	0.7888	0.5623	0.4848	0.6191	0.6840	0.6340	0.5423	0.7450	0.8136	0.7770	0.5970	0.4427	0.5809	0.7780	0.7974	0.7559	0.6896	0.4516	0.3425	0.3924	0.5434	0.7051	0.5634	0.5762	0.6433	0.5994	0.5130	0.4735
0.0144	0.0308	0.0510	0.0559	0.0680	0.0745	0.0814	0.0967	0.0967	0.0969	0.1152	0.1347	0.1427	0.1737	0.2323	0.2830	0.3761	0.6066	0.6458	0.3736	0.3162	0.3676	0.3984	0.5063	0.5806	0.4973	0.6345	0.8122	0.9684	0.9528	0.9138	0.8408	0.8082	0.7140	0.4962	0.3746	0.3568	0.3726	0.3843	0.4521	0.6628	0.5725	0.3374	0.2971	0.3164	0.3371	0.3619	0.3757	0.5777	0.7602	0.6167	0.3679	0.3160	0.3936	0.5926	0.6010	0.5160	0.4475	0.3431	0.3121	0.3325	0.3655	0.4520	0.3889	0.4021	0.5506	0.6250	0.5474	0.5068
0.0124	0.0181	0.0394	0.0430	0.0522	0.0644	0.0668	0.0723	0.0913	0.0913	0.0996	0.0946	0.0959	0.1073	0.1113	0.1285	0.1381	0.1767	0.1993	0.1696	0.1714	0.1872	0.2046	0.2347	0.2541	0.2673	0.3290	0.5065	0.8672	0.9303	0.8501	0.6995	0.4505	0.3191	0.2425	0.2341	0.2232	0.2081	0.2126	0.2194	0.2666	0.2740	0.2273	0.2144	0.2233	0.2354	0.2360	0.2559	0.3333	0.4658	0.3401	0.2422	0.2314	0.2485	0.2941	0.3211	0.3006	0.2811	0.2663	0.2891	0.2773	0.2835	0.3001	0.2927	0.3124	0.3575	0.4278	0.4938	0.5323
0.0139	0.0202	0.0428	0.0435	0.0406	0.0635	0.0591	0.0646	0.0689	0.0791	0.0962	0.0782	0.0854	0.0903	0.0964	0.1045	0.1090	0.1147	0.1119	0.1142	0.1113	0.1223	0.1243	0.1350	0.1598	0.1553	0.1820	0.2446	0.5401	0.6187	0.4403	0.3155	0.1803	0.1723	0.1772	0.1676	0.1640	0.1706	0.1638	0.1714	0.1666	0.1750	0.1794	0.1644	0.1712	0.1871	0.1838	0.1910	0.2007	0.2232	0.2129	0.1982	0.2089	0.2135	0.2318	0.2334	0.2285	0.2416	0.2408	0.2455	0.2549	0.2470	0.2512	0.2571	0.2633	0.2811	0.2866	0.3202	0.4244
0.0115	0.0165	0.0319	0.0369	0.0486	0.0585	0.0567	0.0569	0.0631	0.0608	0.0652	0.0618	0.0798	0.0795	0.0853	0.1018	0.1020	0.0993	0.0997	0.1047	0.1001	0.1042	0.1116	0.1098	0.1137	0.1105	0.1180	0.1317	0.1711	0.1939	0.1523	0.1558	0.1315	0.1201	0.1346	0.1257	0.1282	0.1335	0.1327	0.1351	0.1218	0.1382	0.1393	0.1456	0.1441	0.1457	0.1473	0.1550	0.1531	0.1529	0.1744	0.1638	0.1640	0.1606	0.1804	0.1819	0.1838	0.2006	0.2010	0.2175	0.2237	0.2269	0.2274	0.2257	0.2352	0.2527	0.2486	0.2670	0.3665
0.0110	0.0163	0.0278	0.0367	0.0346	0.0521	0.0651	0.0540	0.0542	0.0548	0.0597	0.0682	0.0712	0.0755	0.0752	0.0856	0.0911	0.0876	0.0998	0.0977	0.0878	0.0789	0.0879	0.1075	0.0988	0.1032	0.1060	0.1217	0.1258	0.1262	0.1205	0.1201	0.1009	0.1078	0.1081	0.0996	0.1040	0.1049	0.1035	0.1107	0.1067	0.1084	0.1161	0.1219	0.1310	0.1196	0.1141	0.1221	0.1250	0.1263	0.1414	0.1347	0.1279	0.1300	0.1353	0.1488	0.1508	0.1584	0.1605	0.1633	0.1610	0.1703	0.1691	0.1615	0.1759	0.1868	0.1918	0.2083	0.2320
0.0047	0.0060	0.0223	0.0365	0.0412	0.0386	0.0570	0.0611	0.0361	0.0319	0.0413	0.0502	0.0609	0.0705	0.0838	0.0741	0.0789	0.0810	0.0803	0.0783	0.0820	0.0737	0.0873	0.0921	0.0890	0.0882	0.0839	0.1062	0.1070	0.1069	0.0992	0.0904	0.0979	0.0928	0.1027	0.0928	0.0927	0.0935	0.0989	0.0895	0.0876	0.0852	0.0824	0.0957	0.0951	0.0986	0.1017	0.0998	0.0994	0.1093	0.1143	0.1056	0.1064	0.1141	0.1190	0.1258	0.1311	0.1283	0.1327	0.1485	0.1478	0.1413	0.1463	0.1335	0.1344	0.1370	0.1435	0.1652	0.1493
0.0000	0.0065	0.0223	0.0357	0.0330	0.0326	0.0222	0.0352	0.0498	0.0458	0.0494	0.0508	0.0600	0.0637	0.0658	0.0625	0.0692	0.0757	0.0723	0.0660	0.0687	0.0738	0.0755	0.0817	0.0830	0.0783	0.0756	0.0839	0.0862	0.0988	0.0851	0.0794	0.0851	0.0853	0.0831	0.0779	0.0821	0.0838	0.0813	0.0738	0.0745	0.0812	0.0842	0.0816	0.0853	0.0840	0.0848	0.0836	0.0815	0.0905	0.0956	0.0938	0.0871	0.0862	0.0924	0.1013	0.1126	0.1178	0.1115	0.1344	0.1261	0.1193	0.1270	0.1168	0.1152	0.1107	0.1182	0.1278	0.1291
0.0000	0.0000	0.0066	0.0222	0.0206	0.0181	0.0195	0.0351	0.0472	0.0444	0.0527	0.0509	0.0567	0.0526	0.0581	0.0698	0.0661	0.0645	0.0570	0.0571	0.0678	0.0697	0.0722	0.0716	0.0789	0.0809	0.0765	0.0740	0.0735	0.0751	0.0804	0.0740	0.0774	0.0708	0.0736	0.0680	0.0665	0.0710	0.0685	0.0714	0.0694	0.0760	0.0813	0.0723	0.0755	0.0714	0.0745	0.0741	0.0733	0.0762	0.0767	0.0780	0.0734	0.0734	0.0722	0.0806	0.0909	0.0791	0.0901	0.0973	0.0907	0.0904	0.1053	0.1094	0.1063	0.1085	0.1063	0.1064	0.1044
0.0000	0.0000	0.0087	0.0041	0.0184	0.0285	0.0295	0.0298	0.0313	0.0328	0.0359	0.0482	0.0436	0.0506	0.0624	0.0611	0.0636	0.0667	0.0509	0.0578	0.0649	0.0554	0.0696	0.0736	0.0715	0.0777	0.0721	0.0773	0.0803	0.0753	0.0720	0.0791	0.0796	0.0734	0.0687	0.0707	0.0703	0.0655	0.0633	0.0712	0.0736	0.0658	0.0665	0.0696	0.0673	0.0709	0.0701	0.0646	0.0673	0.0657	0.0637	0.0713	0.0605	0.0703	0.0709	0.0666	0.0672	0.0644	0.0730	0.0772	0.0734	0.0749	0.0828	0.0874	0.0870	0.0945	0.0870	0.0796	0.0906
0.0000	0.0000	0.0036	0.0032	0.0272	0.0166	0.0213	0.0258	0.0331	0.0401	0.0313	0.0311	0.0469	0.0428	0.0489	0.0511	0.0496	0.0522	0.0528	0.0588	0.0686	0.0655	0.0750	0.0646	0.0659	0.0750	0.0615	0.0677	0.0651	0.0773	0.0724	0.0694	0.0667	0.0652	0.0579	0.0644	0.0634	0.0632	0.0672	0.0631	0.0631	0.0616	0.0648	0.0596	0.0642	0.0637	0.0637	0.0620	0.0611	0.0571	0.0589	0.0674	0.0585	0.0617	0.0652	0.0597	0.0579	0.0632	0.0610	0.0698	0.0715	0.0637	0.0722	0.0766	0.0688	0.0616	0.0567	0.0582	0.0643
0.0000	0.0000	0.0016	0.0089	0.0076	0.0057	0.0212	0.0245	0.0294	0.0183	0.0262	0.0258	0.0411	0.0470	0.0345	0.0455	0.0533	0.0472	0.0413	0.0454	0.0519	0.0493	0.0575	0.0507	0.0574	0.0628	0.0548	0.0549	0.0575	0.0632	0.0597	0.0509	0.0615	0.0601	0.0524	0.0532	0.0538	0.0544	0.0572	0.0633	0.0545	0.0545	0.0528	0.0541	0.0513	0.0567	0.0562	0.0532	0.0517	0.0474	0.0497	0.0557	0.0570	0.0593	0.0515	0.0515	0.0511	0.0597	0.0575	0.0600	0.0608	0.0548	0.0516	0.0578	0.0589	0.0494	0.0475	0.0457	0.0460
0.0000	0.0000	0.0000	0.0078	0.0000	0.0000	0.0127	0.0139	0.0157	0.0083	0.0168	0.0217	0.0293	0.0254	0.0292	0.0437	0.0387	0.0344	0.0407	0.0446	0.0401	0.0397	0.0339	0.0416	0.0567	0.0536	0.0535	0.0495	0.0626	0.0605	0.0514	0.0547	0.0553	0.0521	0.0555	0.0499	0.0459	0.0486	0.0473	0.0490	0.0471	0.0540	0.0529	0.0483	0.0476	0.0527	0.0538	0.0518	0.0480	0.0469	0.0506	0.0618	0.0546	0.0544	0.0456	0.0468	0.0506	0.0449	0.0571	0.0521	0.0468	0.0454	0.0579	0.0488	0.0493	0.0491	0.0478	0.0469	0.0449
0.0000	0.0000	0.0000	0.0000	0.0000	0.0063	0.0044	0.0074	0.0080	0.0078	0.0147	0.0277	0.0394	0.0228	0.0233	0.0365	0.0418	0.0412	0.0363	0.0475	0.0345	0.0424	0.0455	0.0420	0.0454	0.0454	0.0499	0.0450	0.0516	0.0544	0.0516	0.0452	0.0487	0.0467	0.0515	0.0460	0.0491	0.0494	0.0467	0.0463	0.0493	0.0424	0.0537	0.0522	0.0451	0.0477	0.0483	0.0529	0.0450	0.0529	0.0503	0.0501	0.0463	0.0406	0.0428	0.0486	0.0471	0.0401	0.0477	0.0494	0.0438	0.0364	0.0506	0.0486	0.0408	0.0372	0.0394	0.0378	0.0326
0.0000	0.0000	0.0000	0.0000	0.0034	0.0004	0.0036	0.0139	0.0096	0.0031	0.0234	0.0270	0.0310	0.0305	0.0270	0.0262	0.0336	0.0276	0.0333	0.0458	0.0408	0.0324	0.0368	0.0486	0.0402	0.0457	0.0502	0.0478	0.0490	0.0562	0.0477	0.0456	0.0437	0.0461	0.0529	0.0457	0.0393	0.0476	0.0442	0.0449	0.0478	0.0463	0.0454	0.0463	0.0435	0.0510	0.0419	0.0417	0.0407	0.0455	0.0437	0.0416	0.0443	0.0451	0.0475	0.0448	0.0454	0.0351	0.0384	0.0413	0.0396	0.0329	0.0445	0.0483	0.0416	0.0347	0.0282	0.0350	0.0214
0.0000	0.0000	0.0000	0.0000	0.0000	0.0000	0.0026	0.0059	0.0122	0.0104	0.0130	0.0231	0.0311	0.0206	0.0193	0.0220	0.0257	0.0199	0.0306	0.0322	0.0309	0.0261	0.0330	0.0362	0.0406	0.0391	0.0367	0.0437	0.0456	0.0452	0.0404	0.0460	0.0451	0.0430	0.0445	0.0388	0.0307	0.0328	0.0457	0.0448	0.0373	0.0421	0.0463	0.0486	0.0450	0.0434	0.0381	0.0401	0.0392	0.0379	0.0424	0.0398	0.0436	0.0392	0.0411	0.0471	0.0385	0.0263	0.0320	0.0336	0.0305	0.0342	0.0346	0.0439	0.0342	0.0303	0.0292	0.0326	0.0269
0.0000	0.0000	0.0000	0.0000	0.0000	0.0000	0.0040	0.0000	0.0061	0.0000	0.0269	0.0359	0.0213	0.0220	0.0205	0.0152	0.0288	0.0432	0.0436	0.0309	0.0313	0.0338	0.0412	0.0368	0.0453	0.0424	0.0390	0.0501	0.0389	0.0461	0.0535	0.0414	0.0389	0.0323	0.0372	0.0369	0.0375	0.0459	0.0467	0.0464	0.0410	0.0422	0.0375	0.0484	0.0378	0.0384	0.0365	0.0420	0.0380	0.0339	0.0420	0.0500	0.0411	0.0336	0.0395	0.0397	0.0348	0.0344	0.0327	0.0321	0.0401	0.0396	0.0348	0.0344	0.0337	0.0362	0.0406	0.0294	0.0299
