0.0000	0.0000	0.0017	0.0023	0.0000	0.0000	0.0163	0.0386	0.0158	0.0062	0.0060	0.0426	0.0341	0.0345	0.0608	0.0625	0.0511	0.0517	0.0617	0.0545	0.0625	0.0598	0.0594	0.0801	0.0806	0.0730	0.0876	0.0849	0.1123	0.0971	0.0616	0.0846	0.0948	0.1161	0.1106	0.0673	0.0730	0.0957	0.0924	0.0612	0.0686	0.0669	0.0680	0.0880	0.0714	0.0789	0.0901	0.1001	0.0832	0.1091	0.1213	0.0861	0.0894	0.0720	0.1102	0.1257	0.0972	0.0929	0.1044	0.0912	0.1128	0.0930	0.0721	0.0805	0.0907	0.0655	0.0608	0.0678	0.0680
0.0000	0.0000	0.0191	0.0137	0.0156	0.0074	0.0257	0.0370	0.0287	0.0351	0.0366	0.0515	0.0474	0.0609	0.0506	0.0737	0.0584	0.0734	0.0703	0.0421	0.0620	0.0722	0.0810	0.1074	0.1185	0.0867	0.0955	0.0932	0.0895	0.0911	0.0902	0.0938	0.0954	0.1105	0.0987	0.0781	0.0726	0.1083	0.0960	0.0703	0.0803	0.0817	0.0762	0.0935	0.0683	0.0761	0.0888	0.1037	0.0899	0.1025	0.1341	0.1126	0.0845	0.0820	0.1127	0.1051	0.1055	0.1055	0.0867	0.0991	0.0882	0.0967	0.1007	0.0852	0.0785	0.0653	0.0728	0.0774	0.0987
0.0000	0.0000	0.0101	0.0166	0.0356	0.0227	0.0206	0.0270	0.0376	0.0380	0.0648	0.0453	0.0445	0.0449	0.0435	0.0729	0.0591	0.0756	0.0995	0.0855	0.0773	0.1067	0.0700	0.0809	0.1292	0.1125	0.1137	0.0914	0.0769	0.0949	0.0996	0.0926	0.1149	0.1109	0.0932	0.0757	0.0719	0.1018	0.0972	0.0903	0.0885	0.0868	0.0954	0.1003	0.0784	0.0940	0.1078	0.0984	0.1059	0.1006	0.1078	0.1323	0.1223	0.1043	0.1168	0.1051	0.1135	0.1003	0.1126	0.1196	0.1059	0.1138	0.1266	0.1096	0.0972	0.0937	0.0974	0.1262	0.1588
0.0000	0.0025	0.0103	0.0147	0.0221	0.0090	0.0077	0.0195	0.0414	0.0424	0.0704	0.0436	0.0595	0.0584	0.0834	0.0896	0.0657	0.0686	0.0967	0.0892	0.0774	0.0968	0.0941	0.0826	0.1253	0.1053	0.1115	0.1103	0.1011	0.0950	0.0927	0.0896	0.1123	0.1195	0.1174	0.1072	0.0850	0.0996	0.0835	0.0928	0.1015	0.1022	0.1125	0.0951	0.0769	0.0890	0.1071	0.1030	0.0924	0.0884	0.1241	0.1207	0.1216	0.1196	0.1243	0.1384	0.1241	0.1169	0.1198	0.1217	0.1158	0.1310	0.1404	0.1380	0.1566	0.1512	0.1535	0.1723	0.2402
0.0000	0.0179	0.0124	0.0211	0.0034	0.0111	0.0103	0.0412	0.0305	0.0224	0.0419	0.0606	0.0576	0.0765	0.0567	0.0801	0.0787	0.0768	0.0810	0.0839	0.0731	0.0807	0.1024	0.0999	0.1005	0.0961	0.0975	0.0793	0.1139	0.0975	0.1079	0.1070	0.1182	0.1242	0.1208	0.1001	0.0909	0.0755	0.0905	0.0764	0.0879	0.0773	0.0951	0.0950	0.1057	0.1031	0.1069	0.1040	0.1056	0.1185	0.1189	0.1200	0.1375	0.1405	0.1222	0.1389	0.1513	0.1255	0.1201	0.1255	0.1472	0.1407	0.1562	0.1551	0.1832	0.1694	0.2781	0.3631	0.3816
0.0061	0.0000	0.0034	0.0310	0.0236	0.0342	0.0511	0.0537	0.0625	0.0308	0.0501	0.0801	0.0933	0.0891	0.0703	0.1011	0.1054	0.0932	0.0763	0.0841	0.1198	0.1199	0.0915	0.1078	0.1199	0.1185	0.0960	0.1098	0.1118	0.1113	0.1088	0.1094	0.1223	0.1300	0.1284	0.0950	0.1019	0.1023	0.1031	0.0912	0.0755	0.0850	0.0963	0.0994	0.1126	0.1201	0.1017	0.1204	0.1172	0.1274	0.1340	0.1320	0.1501	0.1659	0.1628	0.1665	0.1649	0.1432	0.1750	0.1743	0.2003	0.1874	0.2003	0.2219	0.2256	0.2312	0.3919	0.4030	0.3844
0.0000	0.0000	0.0330	0.0264	0.0170	0.0258	0.0360	0.0517	0.0684	0.0650	0.0572	0.0814	0.0931	0.0612	0.0800	0.1108	0.1007	0.0925	0.1044	0.0914	0.1181	0.1188	0.1084	0.0982	0.1424	0.1503	0.1135	0.1316	0.1313	0.1168	0.1159	0.1235	0.1261	0.1394	0.1306	0.1199	0.1069	0.0958	0.1109	0.1122	0.0947	0.0983	0.1107	0.0968	0.1146	0.1175	0.1182	0.1351	0.1291	0.1435	0.1489	0.1577	0.1808	0.1669	0.1910	0.2052	0.1805	0.1911	0.2097	0.2063	0.2152	0.2357	0.2384	0.2862	0.3030	0.2941	0.4214	0.3992	0.3860
0.0077	0.0140	0.0394	0.0330	0.0000	0.0191	0.0560	0.0530	0.0501	0.0861	0.0776	0.0807	0.0752	0.0860	0.0999	0.1075	0.1086	0.1078	0.1005	0.0827	0.1212	0.1534	0.1318	0.1182	0.1126	0.1435	0.1215	0.1147	0.1558	0.1385	0.1347	0.1116	0.1328	0.1582	0.1419	0.1169	0.1519	0.1297	0.1067	0.1212	0.1103	0.1230	0.1247	0.1200	0.1239	0.1482	0.1420	0.1458	0.1523	0.1427	0.1668	0.1733	0.1603	0.1645	0.2115	0.2350	0.2197	0.2230	0.2482	0.2492	0.2780	0.2882	0.3198	0.3805	0.4402	0.4263	0.4506	0.4315	0.3928
0.0101	0.0111	0.0237	0.0461	0.0277	0.0309	0.0711	0.0625	0.0759	0.0807	0.0570	0.0726	0.0995	0.1053	0.0980	0.1145	0.1210	0.1039	0.1230	0.1126	0.1246	0.1493	0.1422	0.1640	0.1484	0.1264	0.1288	0.1318	0.1531	0.1402	0.1273	0.1233	0.1620	0.1357	0.1457	0.1423	0.1407	0.1237	0.1196	0.1320	0.1184	0.1224	0.1193	0.1198	0.1393	0.1615	0.1612	0.1555	0.1670	0.1988	0.2040	0.2120	0.2200	0.2617	0.2667	0.2861	0.2732	0.2781	0.3080	0.3156	0.3330	0.3187	0.3713	0.4358	0.5148	0.4841	0.4889	0.4820	0.3990
0.0119	0.0150	0.0240	0.0434	0.0566	0.0630	0.0564	0.0655	0.0927	0.0658	0.0822	0.0760	0.1079	0.1081	0.1165	0.1184	0.1377	0.1169	0.1183	0.1431	0.1606	0.1355	0.1474	0.1541	0.1477	0.1427	0.1406	0.1322	0.1507	0.1444	0.1337	0.1246	0.1606	0.1632	0.1706	0.1375	0.1298	0.1503	0.1380	0.1379	0.1332	0.1356	0.1412	0.1491	0.1612	0.1697	0.1850	0.1906	0.1954	0.2147	0.2509	0.2756	0.3219	0.3296	0.3556	0.4016	0.4103	0.3687	0.3531	0.3755	0.4848	0.4742	0.4580	0.5105	0.5155	0.4691	0.4694	0.4705	0.4513
0.0164	0.0232	0.0314	0.0312	0.0452	0.0634	0.0792	0.0832	0.0815	0.0863	0.0863	0.0801	0.1136	0.1167	0.1125	0.1273	0.1563	0.1553	0.1534	0.1685	0.1797	0.1649	0.1646	0.1726	0.1862	0.1861	0.1602	0.1449	0.1441	0.1530	0.1308	0.1591	0.1561	0.1638	0.1836	0.1682	0.1462	0.1715	0.1706	0.1521	0.1595	0.1635	0.1761	0.1910	0.1987	0.1928	0.2376	0.2492	0.2553	0.2792	0.3233	0.3965	0.4230	0.5296	0.6395	0.6554	0.6713	0.4984	0.4386	0.5712	0.6134	0.5419	0.4825	0.5636	0.5417	0.4934	0.4293	0.4558	0.4236
0.0142	0.0338	0.0422	0.0528	0.0398	0.0605	0.0660	0.0715	0.0846	0.0839	0.1090	0.1124	0.1124	0.1235	0.1090	0.1480	0.1639	0.1658	0.1888	0.1869	0.1940	0.1895	0.1778	0.1854	0.1994	0.1906	0.2032	0.1944	0.1789	0.1730	0.1679	0.1786	0.1846	0.1764	0.1839	0.1606	0.1870	0.2013	0.2002	0.1776	0.1769	0.1920	0.2030	0.2220	0.2361	0.2338	0.2774	0.3066	0.3039	0.3596	0.4487	0.6599	0.6653	0.7831	0.7973	0.8042	0.7878	0.6550	0.5835	0.6777	0.6815	0.5958	0.5300	0.5892	0.5219	0.4700	0.4434	0.4658	0.3963
0.0505	0.0307	0.0473	0.0525	0.0663	0.0683	0.0595	0.0897	0.1308	0.1150	0.1429	0.1381	0.1482	0.1320	0.1392	0.1740	0.2086	0.2361	0.2465	0.2671	0.2636	0.2388	0.2497	0.2167	0.2355	0.2170	0.2145	0.2080	0.2312	0.1923	0.1908	0.2049	0.2319	0.2376	0.2303	0.2181	0.2180	0.2139	0.2146	0.2123	0.2099	0.2283	0.2530	0.2455	0.2557	0.2676	0.3050	0.3460	0.4147	0.4671	0.5336	0.7498	0.8435	0.9091	0.8314	0.8294	0.8050	0.7586	0.7104	0.6750	0.6659	0.6524	0.6319	0.6553	0.5844	0.4984	0.4588	0.4772	0.4297
0.0602	0.0408	0.0620	0.0641	0.0769	0.0848	0.0791	0.1152	0.1406	0.1490	0.1472	0.1769	0.1922	0.1947	0.2100	0.2544	0.3285	0.3997	0.5398	0.5911	0.5500	0.5354	0.5068	0.3680	0.3206	0.2982	0.2855	0.3114	0.2556	0.2665	0.2484	0.2456	0.2523	0.2577	0.2698	0.2442	0.2444	0.2433	0.2585	0.2390	0.2502	0.2634	0.3063	0.3074	0.3230	0.3415	0.3546	0.3836	0.4797	0.7029	0.7325	0.7225	0.8709	0.9091	0.8747	0.7952	0.7326	0.7103	0.6986	0.6830	0.6619	0.6198	0.6519	0.6217	0.5616	0.5099	0.4943	0.4206	0.4359
0.0230	0.0293	0.0713	0.0895	0.0856	0.1174	0.1353	0.1292	0.1705	0.1946	0.2121	0.2497	0.3380	0.3999	0.4766	0.5009	0.6133	0.7500	0.7808	0.7779	0.8416	0.8485	0.7940	0.7022	0.5662	0.4903	0.4462	0.5022	0.4168	0.3689	0.3378	0.3305	0.3383	0.3456	0.3372	0.3154	0.3069	0.3226	0.3157	0.3086	0.3104	0.3085	0.3402	0.3573	0.3749	0.4053	0.4188	0.4694	0.6072	0.8691	0.9270	0.7803	0.8309	0.7660	0.8131	0.7678	0.7314	0.6648	0.6129	0.6351	0.6338	0.5790	0.5854	0.5727	0.5567	0.4675	0.4695	0.4188	0.4511
0.0250	0.0603	0.0945	0.0994	0.1134	0.1435	0.1822	0.2087	0.2616	0.3410	0.4263	0.5170	0.6513	0.7152	0.7989	0.7200	0.8758	0.8649	0.7862	0.8274	0.8918	0.9082	0.8236	0.9500	0.8599	0.8061	0.8036	0.7910	0.7772	0.6659	0.6068	0.5039	0.4007	0.4125	0.3864	0.3779	0.3705	0.3645	0.3246	0.3183	0.3254	0.3291	0.3735	0.3976	0.3962	0.4574	0.4866	0.5273	0.6000	0.8843	0.9241	0.9187	0.8658	0.7843	0.7498	0.7704	0.7128	0.6449	0.6297	0.6108	0.6194	0.5748	0.5915	0.5840	0.4965	0.4623	0.4685	0.4306	0.4064
0.0544	0.0727	0.1165	0.1697	0.1612	0.2038	0.2864	0.3983	0.5200	0.6665	0.7618	0.7498	0.7577	0.7273	0.6739	0.6468	0.7325	0.7677	0.6991	0.7695	0.8557	0.8343	0.8174	0.8954	0.8734	0.8272	0.8508	0.8355	0.8415	0.8481	0.8737	0.8100	0.6699	0.5581	0.4995	0.4034	0.3916	0.3889	0.3658	0.3215	0.3388	0.3534	0.4106	0.4352	0.4442	0.4421	0.4821	0.5476	0.5926	0.8225	0.8596	0.8894	0.8211	0.7941	0.7471	0.7005	0.6559	0.6167	0.5762	0.5891	0.5771	0.5476	0.5561	0.5546	0.5011	0.4226	0.4393	0.4174	0.4110
0.0980	0.1499	0.2013	0.2849	0.3561	0.5110	0.6068	0.7324	0.7502	0.6654	0.6952	0.6166	0.5386	0.5448	0.5838	0.6142	0.6395	0.6851	0.6775	0.7589	0.8039	0.7926	0.7986	0.8225	0.7748	0.7459	0.7870	0.8201	0.7836	0.8296	0.8695	0.8923	0.9445	0.9219	0.7352	0.4972	0.4161	0.3996	0.3779	0.3632	0.3712	0.3872	0.4570	0.4863	0.5206	0.5069	0.5230	0.5858	0.7443	0.8732	0.8236	0.8013	0.7614	0.7299	0.6981	0.6415	0.6145	0.5846	0.5584	0.5656	0.5558	0.5379	0.5066	0.5080	0.4850	0.4127	0.4272	0.4250	0.3955
0.1949	0.3173	0.4547	0.5705	0.6485	0.7042	0.7387	0.6831	0.6254	0.5121	0.5061	0.5556	0.5587	0.5727	0.5924	0.6846	0.7349	0.6894	0.7123	0.7369	0.7220	0.7832	0.7590	0.7437	0.7853	0.7795	0.8309	0.7467	0.7429	0.8345	0.7550	0.7771	0.8918	0.9818	0.9674	0.7984	0.4795	0.4196	0.3999	0.4100	0.4139	0.4440	0.5925	0.7004	0.7565	0.7546	0.5918	0.6895	0.7856	0.8794	0.8537	0.7481	0.7516	0.7209	0.6683	0.6117	0.5363	0.5186	0.5130	0.5412	0.5579	0.5163	0.5212	0.4781	0.4465	0.4228	0.4409	0.4158	0.4154
0.3162	0.4834	0.5060	0.5111	0.5351	0.5146	0.5446	0.5218	0.5135	0.4667	0.4958	0.4961	0.5870	0.5835	0.6165	0.6911	0.7279	0.7458	0.7670	0.7491	0.7217	0.7964	0.7640	0.7647	0.7403	0.7564	0.8258	0.7886	0.7994	0.8841	0.8460	0.8197	0.8732	0.9469	0.9494	0.9260	0.6675	0.5078	0.4298	0.4054	0.4244	0.4683	0.6719	0.8080	0.8466	0.8012	0.6214	0.7208	0.7938	0.7292	0.7392	0.6849	0.6665	0.6404	0.5973	0.5887	0.5534	0.5172	0.5137	0.4760	0.5268	0.4920	0.4995	0.5050	0.4428	0.4158	0.4415	0.4313	0.3997
0.2686	0.3610	0.3825	0.3542	0.3619	0.3584	0.3869	0.4288	0.4287	0.4225	0.4430	0.4721	0.5595	0.5508	0.5368	0.6583	0.6929	0.7691	0.7948	0.6909	0.7353	0.7225	0.7233	0.7697	0.7643	0.8294	0.7571	0.7973	0.7978	0.7527	0.8790	0.8616	0.8955	0.9288	0.8914	0.9374	0.8982	0.8023	0.5435	0.4157	0.4167	0.4458	0.6306	0.7691	0.7402	0.7489	0.5630	0.5474	0.6333	0.6487	0.7015	0.6453	0.5547	0.6049	0.5797	0.5779	0.5300	0.5049	0.4982	0.4931	0.5148	0.4948	0.4851	0.4803	0.4726	0.4492	0.4446	0.4268	0.3884
0.2458	0.3239	0.3255	0.3038	0.3333	0.3377	0.3610	0.4183	0.4292	0.4114	0.3956	0.4616	0.5170	0.5526	0.5936	0.7109	0.7492	0.7332	0.7742	0.7184	0.7091	0.7698	0.7600	0.7164	0.7764	0.7962	0.7378	0.7414	0.8095	0.7847	0.8011	0.7980	0.8677	0.8998	0.9228	0.9101	0.8849	0.9060	0.7034	0.4749	0.4963	0.5267	0.6318	0.8041	0.7223	0.7306	0.6049	0.5863	0.6335	0.6364	0.6779	0.6143	0.5445	0.5704	0.5395	0.5808	0.5672	0.5404	0.4949	0.4701	0.4759	0.4780	0.4617	0.4334	0.4504	0.4404	0.4223	0.4211	0.3763
0.2233	0.2709	0.3347	0.3087	0.3458	0.3097	0.3924	0.4183	0.4040	0.4134	0.4659	0.4507	0.4664	0.5159	0.6259	0.6692	0.7547	0.7004	0.7502	0.7130	0.7506	0.7588	0.7477	0.7439	0.7296	0.7203	0.7653	0.8065	0.8013	0.8085	0.7838	0.7852	0.8299	0.9005	0.8827	0.8979	0.9095	0.8937	0.8093	0.6082	0.6607	0.6927	0.7080	0.7068	0.7081	0.6995	0.6569	0.6396	0.5878	0.5602	0.5786	0.5625	0.5598	0.5486	0.5376	0.5801	0.5355	0.5311	0.5129	0.5151	0.4856	0.4385	0.4700	0.4464	0.4354	0.4402	0.4014	0.3824	0.3841
0.2296	0.2554	0.2957	0.3294	0.3247	0.3624	0.4039	0.4053	0.3790	0.4048	0.4171	0.4325	0.4573	0.4918	0.5420	0.6219	0.6626	0.7529	0.7359	0.7344	0.7213	0.7619	0.7814	0.7405	0.8153	0.7299	0.7276	0.8080	0.7624	0.7387	0.7726	0.7871	0.8129	0.8987	0.8674	0.8594	0.8389	0.8075	0.8226	0.7464	0.7433	0.7235	0.6637	0.6730	0.6451	0.6269	0.6107	0.5447	0.5092	0.5201	0.5237	0.5194	0.5760	0.5566	0.5294	0.5573	0.5403	0.5260	0.5244	0.4956	0.4737	0.4681	0.4575	0.4238	0.4176	0.4243	0.3956	0.3777	0.4332
0.2472	0.2961	0.2963	0.3123	0.3307	0.3676	0.3924	0.3996	0.4134	0.4367	0.4250	0.4491	0.4629	0.4944	0.5361	0.5928	0.6073	0.6475	0.7040	0.7157	0.6744	0.6813	0.7512	0.8013	0.7627	0.7252	0.7203	0.7221	0.7939	0.7833	0.7747	0.7744	0.8234	0.8443	0.7852	0.7916	0.8071	0.7473	0.7317	0.7266	0.6515	0.6871	0.6121	0.5608	0.5662	0.5253	0.5188	0.5426	0.5350	0.5345	0.5331	0.5265	0.5252	0.5050	0.5213	0.5426	0.5291	0.5186	0.5157	0.5093	0.5137	0.4846	0.4914	0.4353	0.4683	0.4355	0.3828	0.4086	0.4081
0.2787	0.3287	0.3190	0.3111	0.2972	0.3606	0.3676	0.3979	0.4158	0.4337	0.4130	0.4435	0.4561	0.4930	0.5132	0.5514	0.6275	0.6186	0.6478	0.6684	0.6802	0.6857	0.6914	0.6982	0.6801	0.6827	0.7000	0.7202	0.7803	0.7752	0.8148	0.6947	0.7670	0.7735	0.7412	0.7206	0.6898	0.6740	0.6793	0.6239	0.5978	0.6085	0.5338	0.5399	0.5468	0.5267	0.5201	0.5352	0.5170	0.5261	0.5610	0.5518	0.5207	0.5109	0.5473	0.5443	0.5508	0.5529	0.5403	0.4926	0.4943	0.4757	0.4906	0.4760	0.4616	0.4384	0.3920	0.3834	0.3631
0.2680	0.3077	0.3405	0.3544	0.3228	0.3378	0.3549	0.4042	0.3854	0.3984	0.4287	0.4754	0.4901	0.5215	0.5458	0.5881	0.5947	0.5866	0.6619	0.6628	0.6968	0.6688	0.6827	0.7036	0.6792	0.6786	0.6757	0.6882	0.6710	0.7236	0.7059	0.6695	0.7390	0.6810	0.6553	0.6217	0.6157	0.6447	0.6264	0.5961	0.5888	0.5476	0.5351	0.5350	0.5572	0.5233	0.5156	0.5086	0.5221	0.5476	0.5547	0.5339	0.5528	0.5239	0.5360	0.5425	0.5172	0.5186	0.5408	0.5236	0.4874	0.4637	0.4912	0.4516	0.4584	0.4031	0.4178	0.3763	0.3509
0.2374	0.2769	0.2885	0.3161	0.2842	0.3390	0.3682	0.3770	0.4131	0.4315	0.4573	0.4762	0.5139	0.5231	0.5522	0.5348	0.5634	0.5951	0.5897	0.6363	0.5957	0.6045	0.6234	0.6415	0.6271	0.6584	0.6332	0.6613	0.6501	0.6332	0.6393	0.6685	0.6604	0.6342	0.6016	0.6152	0.6011	0.6127	0.5933	0.5988	0.6061	0.5794	0.5607	0.5092	0.5278	0.5178	0.5415	0.5348	0.5210	0.5066	0.5667	0.5660	0.5916	0.5808	0.5183	0.5275	0.5287	0.4938	0.5166	0.5307	0.5051	0.5064	0.4822	0.4303	0.4316	0.4176	0.4142	0.4242	0.3739
0.2451	0.2624	0.2836	0.3015	0.3519	0.3709	0.3829	0.3951	0.4166	0.4385	0.4393	0.4822	0.5077	0.5392	0.5767	0.5696	0.5949	0.5878	0.6118	0.5801	0.5900	0.5832	0.6354	0.6489	0.6057	0.6082	0.6316	0.6501	0.6744	0.6156	0.6576	0.6397	0.6706	0.6501	0.6333	0.6380	0.6484	0.6697	0.6184	0.6047	0.5957	0.5879	0.5798	0.5313	0.5257	0.5010	0.5256	0.5465	0.5275	0.5494	0.5607	0.5097	0.5400	0.5604	0.5398	0.5297	0.5128	0.5186	0.5009	0.4876	0.5093	0.5039	0.4559	0.4448	0.4371	0.4150	0.3970	0.3977	0.3638
0.2419	0.2767	0.2935	0.3285	0.3242	0.3339	0.3766	0.3941	0.3971	0.4522	0.4581	0.5111	0.5295	0.5184	0.5294	0.5506	0.5626	0.5842	0.6082	0.6019	0.5879	0.6174	0.6528	0.6794	0.6403	0.5777	0.6207	0.6763	0.6777	0.7004	0.6817	0.6734	0.7688	0.7326	0.7027	0.7097	0.7500	0.7764	0.7030	0.6989	0.6629	0.6420	0.5969	0.5750	0.5456	0.5123	0.5230	0.5466	0.4934	0.5440	0.5591	0.5442	0.5432	0.5379	0.5345	0.5296	0.5088	0.4902	0.4906	0.4944	0.4832	0.4857	0.4571	0.4618	0.4661	0.4602	0.4113	0.4131	0.3890
0.2358	0.2538	0.2834	0.3132	0.3018	0.3392	0.3832	0.4057	0.4499	0.4773	0.4886	0.4660	0.5362	0.5616	0.5292	0.5411	0.5829	0.5957	0.5763	0.5950	0.5917	0.6400	0.6339	0.6577	0.6709	0.6364	0.6279	0.6794	0.6901	0.7003	0.6946	0.7728	0.8340	0.8029	0.8123	0.8408	0.8523	0.7954	0.7933	0.8183	0.7558	0.7039	0.6486	0.6206	0.5681	0.5517	0.5402	0.5092	0.5203	0.5671	0.5765	0.5763	0.5561	0.5502	0.5027	0.5114	0.5391	0.5280	0.4769	0.5054	0.4822	0.4854	0.4520	0.4292	0.4410	0.4086	0.3871	0.3717	0.3543
0.1877	0.2377	0.2557	0.2898	0.2966	0.3202	0.3479	0.3878	0.4377	0.4598	0.4696	0.4886	0.5421	0.5335	0.5680	0.6007	0.6044	0.6192	0.5807	0.6705	0.6524	0.6500	0.6440	0.6743	0.7248	0.7764	0.6756	0.7302	0.7492	0.7805	0.7758	0.8189	0.8289	0.8366	0.8628	0.8720	0.8860	0.8603	0.7586	0.7069	0.6954	0.6634	0.7195	0.6264	0.6080	0.6010	0.5784	0.5685	0.5331	0.5541	0.5656	0.5429	0.5483	0.5852	0.5488	0.5241	0.5027	0.5219	0.5016	0.4709	0.4906	0.4763	0.4703	0.4788	0.4293	0.4165	0.4160	0.4138	0.3597
0.2119	0.2097	0.2224	0.2838	0.3178	0.3273	0.4013	0.3458	0.4267	0.4818	0.4626	0.4583	0.5268	0.5562	0.5799	0.5995	0.6163	0.6605	0.6991	0.7316	0.7379	0.7423	0.7359	0.7451	0.7740	0.7412	0.7317	0.7642	0.8043	0.7878	0.8415	0.8292	0.8472	0.8755	0.8970	0.9209	0.9437	0.7135	0.5234	0.4573	0.4996	0.6107	0.7622	0.7301	0.6936	0.6043	0.6092	0.5887	0.5636	0.5409	0.5493	0.5393	0.5636	0.5468	0.5327	0.5474	0.5395	0.5183	0.4912	0.5059	0.4747	0.4721	0.4956	0.4505	0.4467	0.4269	0.4199	0.3714	0.3825
0.1697	0.1848	0.2206	0.2739	0.2819	0.2854	0.3470	0.4017	0.4318	0.4484	0.4928	0.5225	0.5114	0.5626	0.5841	0.6198	0.6280	0.6816	0.6953	0.7375	0.7684	0.7225	0.7755	0.7647	0.8119	0.7911	0.7444	0.7850	0.7987	0.8277	0.8588	0.8554	0.8966	0.9227	0.8835	0.8647	0.8444	0.7610	0.5662	0.4276	0.4204	0.4864	0.6155	0.7552	0.7371	0.6826	0.6799	0.5793	0.5759	0.5489	0.5617	0.5331	0.5469	0.5324	0.5470	0.5450	0.5245	0.4952	0.5258	0.5176	0.5135	0.5030	0.4675	0.4649	0.4268	0.4602	0.4702	0.3941	0.3909
0.1764	0.2172	0.2234	0.2213	0.2778	0.3029	0.3503	0.4856	0.4503	0.4201	0.4668	0.4992	0.5647	0.5961	0.5489	0.6329	0.6462	0.6871	0.6883	0.7376	0.7788	0.7576	0.7550	0.7603	0.8357	0.7905	0.8095	0.8105	0.7623	0.7726	0.8105	0.8025	0.8509	0.8629	0.9269	0.8645	0.8705	0.8709	0.8040	0.4908	0.3808	0.4474	0.5169	0.5769	0.6987	0.7343	0.6755	0.6672	0.5974	0.6356	0.5766	0.5329	0.5306	0.5428	0.5232	0.5316	0.5370	0.5374	0.5287	0.5054	0.4901	0.4791	0.4667	0.4612	0.4465	0.4597	0.4264	0.4126	0.3794
0.1595	0.1747	0.2187	0.2596	0.2998	0.3405	0.3784	0.4609	0.4498	0.4838	0.5495	0.5493	0.5764	0.6217	0.6512	0.6195	0.6691	0.6954	0.7118	0.7662	0.7453	0.7804	0.8060	0.8142	0.7946	0.7919	0.8315	0.8623	0.8481	0.7808	0.8036	0.7907	0.8511	0.9438	0.9321	0.9135	0.9335	0.9278	0.7859	0.4875	0.3506	0.3987	0.4628	0.4749	0.5414	0.7175	0.7852	0.7549	0.7026	0.6577	0.6051	0.5544	0.5332	0.5339	0.5359	0.5323	0.5551	0.5342	0.5187	0.5310	0.4918	0.4807	0.5215	0.4732	0.4661	0.4235	0.4277	0.4280	0.4298
0.1587	0.1752	0.2294	0.2808	0.3584	0.3725	0.3871	0.4496	0.4840	0.5314	0.5354	0.5317	0.5857	0.5907	0.6213	0.6498	0.6953	0.7395	0.7544	0.7594	0.8265	0.7727	0.7752	0.8186	0.7458	0.7771	0.7701	0.8499	0.8468	0.8226	0.8031	0.8318	0.8577	0.9388	0.9484	0.9115	0.9104	0.9139	0.5441	0.3177	0.3280	0.3622	0.3819	0.4067	0.4349	0.4993	0.7201	0.7741	0.7802	0.7549	0.6515	0.5740	0.5836	0.5916	0.5456	0.5577	0.5639	0.5565	0.5449	0.5130	0.4997	0.4928	0.5194	0.4811	0.4547	0.4529	0.4639	0.4362	0.4514
0.1901	0.2239	0.2520	0.2753	0.3178	0.3214	0.3621	0.4289	0.4860	0.5039	0.5331	0.5633	0.6223	0.5731	0.6240	0.6513	0.7224	0.8115	0.8375	0.8259	0.7841	0.8166	0.8188	0.8115	0.8174	0.8334	0.8074	0.8300	0.8695	0.8050	0.8651	0.8983	0.8719	0.9160	0.9246	0.8696	0.9219	0.7683	0.3705	0.2976	0.3380	0.3412	0.3598	0.3897	0.4374	0.4892	0.7477	0.8735	0.8045	0.7700	0.7055	0.6687	0.6512	0.6621	0.6010	0.5933	0.5952	0.6127	0.5881	0.5548	0.5793	0.5471	0.5521	0.5110	0.5168	0.4762	0.4747	0.4794	0.4644
0.2074	0.3210	0.3716	0.3861	0.3964	0.3899	0.4408	0.4795	0.4669	0.4793	0.5790	0.6095	0.5887	0.6292	0.6505	0.7032	0.7773	0.7804	0.8188	0.8404	0.7745	0.8102	0.8285	0.7836	0.8297	0.8373	0.8617	0.8594	0.8550	0.8330	0.8689	0.9029	0.9409	0.9473	0.9089	0.7915	0.6251	0.4634	0.3101	0.3201	0.3394	0.3646	0.3712	0.4114	0.4271	0.5276	0.8678	0.8497	0.8245	0.7786	0.7546	0.7564	0.7608	0.7116	0.6734	0.6553	0.6250	0.6270	0.6072	0.6266	0.6283	0.5980	0.5624	0.5583	0.5478	0.5020	0.4713	0.4571	0.4569
0.1623	0.3089	0.4314	0.5868	0.6170	0.6657	0.6653	0.6332	0.5807	0.5224	0.5482	0.5905	0.5606	0.6871	0.6938	0.7127	0.7306	0.7589	0.7991	0.8291	0.7901	0.8694	0.8289	0.8261	0.8578	0.8455	0.8617	0.8634	0.9139	0.8922	0.9072	0.9126	0.9466	0.9332	0.8265	0.5380	0.3623	0.3382	0.3227	0.3153	0.3193	0.3728	0.4084	0.4223	0.4555	0.5570	0.8568	0.9110	0.9010	0.8449	0.8114	0.7777	0.8166	0.8134	0.7606	0.7009	0.6572	0.7069	0.7062	0.6812	0.6764	0.6433	0.5916	0.5941	0.5414	0.5158	0.4905	0.4608	0.4639
0.0743	0.1258	0.2255	0.3630	0.4962	0.6745	0.7555	0.7767	0.7313	0.7308	0.7033	0.6740	0.6327	0.6732	0.6803	0.7084	0.7699	0.8263	0.7930	0.7942	0.8554	0.8805	0.8848	0.8444	0.8696	0.8943	0.8618	0.8826	0.9850	0.9846	0.9723	1.0000	0.9475	0.9362	0.7339	0.3772	0.3125	0.3153	0.3065	0.3066	0.3380	0.3348	0.3911	0.3865	0.4211	0.4660	0.6574	0.8723	0.9161	0.8457	0.8488	0.8428	0.8733	0.8497	0.8319	0.8150	0.7992	0.7614	0.7165	0.7218	0.6954	0.6615	0.6295	0.5946	0.5665	0.5417	0.5028	0.4891	0.4634
0.0370	0.0623	0.0855	0.1190	0.1787	0.2732	0.3431	0.5247	0.6840	0.7889	0.8302	0.8073	0.7783	0.7124	0.7412	0.7275	0.7370	0.7395	0.7345	0.7562	0.9259	0.9009	0.8467	0.9107	0.9634	0.9104	0.8732	0.9389	0.9630	0.9180	0.7522	0.6275	0.7337	0.6831	0.4319	0.3097	0.2705	0.2938	0.2715	0.2938	0.3116	0.3012	0.3235	0.3346	0.3731	0.4019	0.4805	0.5905	0.6569	0.7042	0.9034	0.9366	0.9065	0.8585	0.7079	0.7648	0.8053	0.7764	0.7500	0.7649	0.7312	0.6704	0.6282	0.6184	0.5825	0.5787	0.5432	0.4744	0.4535
0.0223	0.0400	0.0644	0.0694	0.1086	0.1091	0.1420	0.1982	0.2836	0.4282	0.4804	0.5427	0.6671	0.7441	0.7694	0.7329	0.7754	0.8029	0.8371	0.7690	0.8460	0.8528	0.8765	0.9040	0.9365	0.9166	0.7702	0.6802	0.5637	0.4415	0.3213	0.2649	0.3073	0.3048	0.2557	0.2484	0.2381	0.2562	0.2371	0.2418	0.2699	0.2626	0.2693	0.2825	0.3001	0.3204	0.3586	0.4032	0.4311	0.5154	0.7674	0.8544	0.7759	0.6560	0.6548	0.8528	0.8124	0.8425	0.8482	0.8470	0.7659	0.6605	0.6226	0.6253	0.5819	0.5904	0.5792	0.5291	0.4947
0.0238	0.0476	0.0638	0.0532	0.0851	0.0852	0.0974	0.1269	0.1396	0.1408	0.1706	0.2465	0.3792	0.4822	0.4947	0.4364	0.5490	0.6848	0.8048	0.8566	0.7951	0.7613	0.8131	0.7675	0.6703	0.5513	0.3692	0.2885	0.2496	0.2132	0.2230	0.2144	0.2091	0.2019	0.2168	0.2227	0.2148	0.2105	0.2136	0.2150	0.2248	0.2454	0.2333	0.2381	0.2459	0.2692	0.2890	0.3199	0.3424	0.3488	0.4384	0.5140	0.4590	0.4507	0.6402	0.9549	0.9346	0.8673	0.8308	0.8523	0.7603	0.6975	0.6797	0.5904	0.5605	0.6015	0.5582	0.5127	0.4860
0.0114	0.0262	0.0686	0.0550	0.0519	0.0758	0.0781	0.0902	0.0824	0.1267	0.1182	0.1130	0.1600	0.1860	0.1926	0.2174	0.2479	0.3272	0.4796	0.5246	0.5012	0.4612	0.4080	0.3641	0.2804	0.2015	0.1814	0.1585	0.1736	0.1632	0.1748	0.1790	0.1727	0.1719	0.1769	0.1780	0.1881	0.1765	0.1882	0.1842	0.1792	0.2038	0.2025	0.2053	0.2111	0.2279	0.2303	0.2582	0.2795	0.2935	0.3139	0.3349	0.3784	0.3944	0.5084	0.8201	0.8568	0.8153	0.8189	0.7081	0.6640	0.6975	0.6643	0.5990	0.5586	0.5583	0.5551	0.5168	0.5108
0.0097	0.0086	0.0259	0.0434	0.0532	0.0464	0.0682	0.0953	0.1068	0.0900	0.0921	0.0988	0.0970	0.1079	0.1198	0.1369	0.1613	0.1742	0.1885	0.2003	0.1844	0.1800	0.1671	0.1423	0.1600	0.1444	0.1381	0.1460	0.1391	0.1453	0.1512	0.1402	0.1436	0.1480	0.1544	0.1485	0.1563	0.1545	0.1480	0.1474	0.1571	0.1705	0.1726	0.1828	0.1867	0.2085	0.2164	0.2329	0.2393	0.2614	0.2782	0.3037	0.3387	0.3404	0.3885	0.5615	0.7788	0.8232	0.7537	0.5280	0.6356	0.7630	0.7186	0.6303	0.5815	0.5482	0.5178	0.4965	0.5210
0.0000	0.0323	0.0379	0.0302	0.0396	0.0535	0.0630	0.0830	0.0799	0.0731	0.0738	0.0984	0.1008	0.0899	0.0997	0.1181	0.1374	0.1292	0.1350	0.1293	0.1255	0.1431	0.1248	0.1370	0.1363	0.1283	0.1094	0.1193	0.1463	0.1243	0.1251	0.1234	0.1264	0.1163	0.1195	0.1169	0.1249	0.1287	0.1150	0.1284	0.1268	0.1402	0.1473	0.1659	0.1753	0.1789	0.1946	0.1985	0.1970	0.2135	0.2495	0.2688	0.2927	0.3032	0.3200	0.3941	0.6174	0.7160	0.5803	0.4636	0.6061	0.7343	0.6786	0.6045	0.5563	0.5578	0.5385	0.5013	0.4874
0.0037	0.0397	0.0228	0.0310	0.0444	0.0443	0.0555	0.0658	0.0690	0.0535	0.0536	0.0704	0.0887	0.0793	0.0929	0.0894	0.1189	0.1157	0.0929	0.1229	0.1163	0.1134	0.1177	0.1075	0.1115	0.1035	0.0895	0.1043	0.1294	0.1156	0.1022	0.0875	0.1066	0.1017	0.0969	0.0945	0.1007	0.0957	0.0943	0.0937	0.1044	0.1056	0.1100	0.1191	0.1310	0.1451	0.1595	0.1695	0.1683	0.1846	0.2055	0.2129	0.2279	0.2354	0.2635	0.3003	0.3685	0.3933	0.3725	0.4014	0.5927	0.7154	0.7000	0.6068	0.5462	0.5959	0.5440	0.5376	0.4780
0.0088	0.0000	0.0268	0.0524	0.0387	0.0448	0.0482	0.0632	0.0846	0.0646	0.0720	0.0654	0.0869	0.0530	0.0703	0.0930	0.0989	0.0939	0.0952	0.1131	0.0958	0.0859	0.0949	0.0838	0.0857	0.0916	0.0852	0.0884	0.0886	0.1102	0.1009	0.0876	0.0965	0.0831	0.0824	0.0718	0.0825	0.0904	0.0803	0.0885	0.0884	0.0766	0.0796	0.0874	0.0939	0.0968	0.1112	0.1211	0.1353	0.1511	0.1547	0.1729	0.1663	0.1797	0.2045	0.2333	0.2544	0.2682	0.3031	0.3626	0.5042	0.6969	0.6718	0.6086	0.5602	0.5716	0.5621	0.5296	0.5160
0.0115	0.0006	0.0175	0.0252	0.0188	0.0412	0.0532	0.0504	0.0515	0.0588	0.0697	0.0559	0.0601	0.0540	0.0685	0.0762	0.0702	0.0713	0.0905	0.0880	0.1036	0.0839	0.0945	0.0862	0.0878	0.0918	0.0801	0.0720	0.0818	0.0912	0.0800	0.0741	0.0859	0.0814	0.0751	0.0652	0.0610	0.0780	0.0714	0.0766	0.0767	0.0758	0.0810	0.0689	0.0741	0.0854	0.0945	0.0961	0.0958	0.0940	0.0987	0.1151	0.1114	0.1174	0.1304	0.1542	0.1721	0.1766	0.2352	0.2705	0.3633	0.5554	0.5811	0.5926	0.5590	0.4662	0.5171	0.5241	0.4888
0.0000	0.0000	0.0076	0.0104	0.0029	0.0131	0.0358	0.0268	0.0379	0.0404	0.0409	0.0611	0.0650	0.0720	0.0638	0.0662	0.0812	0.0785	0.0854	0.0746	0.0787	0.0795	0.0776	0.0726	0.0880	0.0920	0.0775	0.0814	0.0782	0.0766	0.0653	0.0720	0.0800	0.0813	0.0636	0.0676	0.0764	0.0743	0.0589	0.0713	0.0715	0.0773	0.0719	0.0735	0.0659	0.0774	0.0777	0.0788	0.0794	0.0748	0.0955	0.0906	0.0792	0.0881	0.0958	0.1053	0.1066	0.1103	0.1270	0.1379	0.1896	0.2463	0.2709	0.3350	0.3433	0.2279	0.3280	0.3747	0.3018
0.0000	0.0000	0.0000	0.0098	0.0151	0.0415	0.0299	0.0326	0.0484	0.0284	0.0253	0.0322	0.0538	0.0615	0.0589	0.0554	0.0818	0.0650	0.0610	0.0622	0.0814	0.0808	0.0770	0.0645	0.0771	0.0726	0.0700	0.0732	0.0669	0.0536	0.0551	0.0615	0.0527	0.0692	0.0734	0.0597	0.0594	0.0664	0.0593	0.0567	0.0568	0.0608	0.0676	0.0641	0.0672	0.0736	0.0666	0.0729	0.0712	0.0761	0.0832	0.0844	0.0725	0.0863	0.0807	0.0778	0.0891	0.0999	0.1002	0.1050	0.1265	0.1170	0.1305	0.1300	0.1495	0.1217	0.1051	0.1428	0.1425
0.0000	0.0000	0.0000	0.0127	0.0086	0.0119	0.0174	0.0454	0.0403	0.0408	0.0420	0.0360	0.0467	0.0382	0.0526	0.0598	0.0612	0.0697	0.0510	0.0581	0.0652	0.0657	0.0658	0.0660	0.0798	0.0732	0.0735	0.0631	0.0708	0.0689	0.0631	0.0644	0.0617	0.0637	0.0652	0.0533	0.0636	0.0645	0.0625	0.0552	0.0452	0.0621	0.0567	0.0593	0.0603	0.0709	0.0709	0.0666	0.0660	0.0593	0.0653	0.0753	0.0719	0.0739	0.0701	0.0758	0.0784	0.0802	0.0885	0.0991	0.1058	0.0976	0.0926	0.1038	0.1019	0.0921	0.0814	0.0801	0.0826
0.0000	0.0000	0.0000	0.0143	0.0023	0.0008	0.0229	0.0307	0.0177	0.0256	0.0351	0.0488	0.0484	0.0373	0.0391	0.0573	0.0512	0.0407	0.0554	0.0666	0.0484	0.0561	0.0490	0.0653	0.0748	0.0651	0.0694	0.0651	0.0613	0.0530	0.0577	0.0519	0.0549	0.0590	0.0412	0.0430	0.0568	0.0552	0.0522	0.0520	0.0425	0.0511	0.0471	0.0577	0.0604	0.0605	0.0620	0.0709	0.0614	0.0499	0.0697	0.0703	0.0663	0.0649	0.0705	0.0737	0.0701	0.0741	0.0803	0.0925	0.0857	0.0828	0.1016	0.0770	0.0837	0.0841	0.0846	0.0828	0.0790
0.0000	0.0000	0.0000	0.0037	0.0190	0.0004	0.0137	0.0142	0.0229	0.0166	0.0264	0.0417	0.0385	0.0353	0.0402	0.0469	0.0520	0.0503	0.0493	0.0574	0.0524	0.0470	0.0446	0.0549	0.0667	0.0532	0.0726	0.0708	0.0570	0.0511	0.0592	0.0500	0.0523	0.0545	0.0492	0.0466	0.0420	0.0549	0.0485	0.0432	0.0484	0.0502	0.0560	0.0524	0.0475	0.0600	0.0600	0.0654	0.0581	0.0592	0.0689	0.0749	0.0626	0.0653	0.0702	0.0691	0.0733	0.0689	0.0692	0.0833	0.0887	0.0737	0.0751	0.0692	0.0732	0.0622	0.0687	0.0648	0.0651
0.0000	0.0000	0.0000	0.0000	0.0102	0.0067	0.0000	0.0102	0.0117	0.0162	0.0272	0.0398	0.0445	0.0282	0.0359	0.0389	0.0450	0.0476	0.0529	0.0443	0.0523	0.0437	0.0381	0.0613	0.0621	0.0538	0.0551	0.0476	0.0483	0.0592	0.0515	0.0670	0.0456	0.0518	0.0516	0.0489	0.0452	0.0562	0.0436	0.0468	0.0559	0.0441	0.0562	0.0474	0.0452	0.0529	0.0609	0.0576	0.0630	0.0532	0.0512	0.0636	0.0557	0.0589	0.0714	0.0689	0.0720	0.0622	0.0544	0.0746	0.0707	0.0618	0.0657	0.0754	0.0648	0.0484	0.0453	0.0504	0.0475
0.0000	0.0000	0.0000	0.0000	0.0000	0.0000	0.0026	0.0000	0.0197	0.0243	0.0193	0.0112	0.0207	0.0255	0.0372	0.0437	0.0476	0.0479	0.0319	0.0324	0.0562	0.0588	0.0407	0.0490	0.0621	0.0476	0.0367	0.0452	0.0529	0.0587	0.0493	0.0504	0.0480	0.0433	0.0523	0.0499	0.0414	0.0403	0.0436	0.0534	0.0485	0.0463	0.0547	0.0513	0.0472	0.0396	0.0574	0.0544	0.0537	0.0453	0.0447	0.0461	0.0530	0.0563	0.0572	0.0705	0.0654	0.0501	0.0533	0.0648	0.0612	0.0575	0.0620	0.0659	0.0618	0.0605	0.0385	0.0519	0.0425
0.0000	0.0000	0.0000	0.0104	0.0000	0.0000	0.0047	0.0011	0.0122	0.0261	0.0184	0.0054	0.0386	0.0138	0.0092	0.0322	0.0326	0.0223	0.0261	0.0507	0.0291	0.0521	0.0310	0.0370	0.0558	0.0491	0.0421	0.0406	0.0493	0.0544	0.0377	0.0449	0.0518	0.0318	0.0414	0.0315	0.0492	0.0482	0.0422	0.0524	0.0443	0.0418	0.0476	0.0490	0.0510	0.0452	0.0534	0.0553	0.0454	0.0413	0.0521	0.0562	0.0573	0.0617	0.0622	0.0486	0.0458	0.0514	0.0554	0.0674	0.0626	0.0616	0.0745	0.0722	0.0770	0.0583	0.0488	0.0577	0.0613
