0.0000	0.0000	0.0000	0.0103	0.0000	0.0000	0.0000	0.0210	0.0211	0.0089	0.0128	0.0219	0.0231	0.0169	0.0194	0.0303	0.0366	0.0248	0.0223	0.0209	0.0312	0.0203	0.0334	0.0495	0.0546	0.0646	0.0586	0.0428	0.0577	0.0707	0.0682	0.0783	0.1006	0.0800	0.0805	0.0938	0.0936	0.0855	0.1021	0.0941	0.0853	0.0888	0.1058	0.0997	0.0811	0.0994	0.1006	0.1061	0.0839	0.0863	0.0912	0.0702	0.0706	0.0666	0.0796	0.0869	0.0772	0.0668	0.0781	0.0584	0.0606	0.0543	0.0648	0.0584	0.0545	0.0405	0.0469	0.0494	0.0492
0.0000	0.0000	0.0000	0.0035	0.0024	0.0106	0.0079	0.0177	0.0296	0.0150	0.0196	0.0116	0.0169	0.0263	0.0271	0.0326	0.0309	0.0379	0.0447	0.0334	0.0477	0.0364	0.0401	0.0579	0.0613	0.0650	0.0569	0.0630	0.0650	0.0722	0.0740	0.0798	0.0822	0.0935	0.0926	0.1035	0.0951	0.1053	0.1047	0.0996	0.1133	0.1094	0.1103	0.1173	0.1198	0.1108	0.0981	0.1056	0.1179	0.1098	0.1012	0.0788	0.0740	0.0923	0.0887	0.0915	0.0843	0.0883	0.0838	0.0717	0.0689	0.0621	0.0683	0.0839	0.0684	0.0400	0.0443	0.0462	0.0565
0.0000	0.0031	0.0000	0.0091	0.0105	0.0088	0.0116	0.0158	0.0260	0.0264	0.0284	0.0226	0.0297	0.0367	0.0318	0.0390	0.0327	0.0345	0.0415	0.0424	0.0551	0.0496	0.0556	0.0669	0.0650	0.0627	0.0669	0.0651	0.0672	0.0866	0.0807	0.0894	0.0982	0.1110	0.1023	0.0836	0.0964	0.1114	0.1225	0.1186	0.1271	0.1126	0.1266	0.1111	0.1174	0.1226	0.1075	0.1039	0.1086	0.0897	0.1013	0.0952	0.1057	0.1106	0.0926	0.1006	0.0808	0.0801	0.0896	0.0808	0.0817	0.0837	0.0754	0.0781	0.0728	0.0705	0.0617	0.0565	0.0710
0.0000	0.0025	0.0111	0.0000	0.0032	0.0135	0.0260	0.0260	0.0246	0.0177	0.0315	0.0242	0.0445	0.0317	0.0350	0.0462	0.0507	0.0423	0.0439	0.0591	0.0558	0.0521	0.0479	0.0463	0.0648	0.0691	0.0650	0.0660	0.0747	0.0801	0.0859	0.0970	0.1024	0.1083	0.1087	0.0996	0.0945	0.0987	0.1117	0.1211	0.1298	0.1245	0.1226	0.1331	0.1249	0.1134	0.1135	0.1179	0.1054	0.1003	0.1105	0.1071	0.1171	0.1098	0.1071	0.0893	0.0859	0.0865	0.0920	0.0833	0.0967	0.0937	0.0767	0.0843	0.0929	0.0735	0.0624	0.0678	0.0776
0.0000	0.0000	0.0072	0.0033	0.0042	0.0141	0.0238	0.0139	0.0176	0.0209	0.0299	0.0403	0.0602	0.0442	0.0319	0.0435	0.0584	0.0429	0.0472	0.0549	0.0511	0.0478	0.0487	0.0536	0.0629	0.0631	0.0700	0.0756	0.0825	0.0869	0.0958	0.1057	0.1162	0.0956	0.1035	0.1078	0.1075	0.1070	0.1195	0.1245	0.1381	0.1161	0.1280	0.1295	0.1392	0.1299	0.1432	0.1237	0.1216	0.1238	0.1118	0.1284	0.1243	0.1120	0.1159	0.1162	0.1122	0.0989	0.0934	0.0947	0.1000	0.0977	0.1043	0.0895	0.0924	0.0848	0.0805	0.0847	0.1007
0.0000	0.0000	0.0082	0.0133	0.0107	0.0120	0.0087	0.0140	0.0237	0.0237	0.0286	0.0468	0.0550	0.0436	0.0249	0.0480	0.0599	0.0458	0.0436	0.0542	0.0530	0.0646	0.0610	0.0554	0.0760	0.0646	0.0760	0.0849	0.0857	0.0962	0.1010	0.0869	0.1047	0.1237	0.1156	0.1190	0.1279	0.1171	0.1214	0.1325	0.1425	0.1233	0.1351	0.1355	0.1409	0.1235	0.1326	0.1496	0.1267	0.1248	0.1231	0.1221	0.1355	0.1306	0.1284	0.1448	0.1209	0.1169	0.1078	0.1134	0.1036	0.1117	0.1237	0.1651	0.1384	0.0900	0.0979	0.1043	0.1112
0.0000	0.0000	0.0042	0.0144	0.0128	0.0086	0.0118	0.0265	0.0394	0.0328	0.0405	0.0403	0.0467	0.0347	0.0448	0.0670	0.0619	0.0560	0.0607	0.0583	0.0614	0.0581	0.0578	0.0647	0.0808	0.0959	0.0873	0.0893	0.0939	0.1011	0.1107	0.1054	0.1230	0.1323	0.1189	0.1204	0.1206	0.1225	0.1323	0.1343	0.1492	0.1467	0.1633	0.1496	0.1494	0.1494	0.1463	0.1593	0.1453	0.1408	0.1372	0.1410	0.1547	0.1453	0.1348	0.1611	0.1398	0.1388	0.1417	0.1400	0.1324	0.1630	0.2086	0.3203	0.2651	0.1270	0.1054	0.1454	0.2035
0.0030	0.0161	0.0155	0.0089	0.0127	0.0087	0.0250	0.0456	0.0381	0.0447	0.0389	0.0425	0.0430	0.0424	0.0511	0.0519	0.0604	0.0572	0.0695	0.0488	0.0635	0.0629	0.0599	0.0725	0.0794	0.0904	0.0847	0.0859	0.0994	0.0955	0.1072	0.1115	0.1289	0.1228	0.1242	0.1197	0.1282	0.1424	0.1547	0.1544	0.1547	0.1594	0.1914	0.1932	0.1800	0.1775	0.1715	0.1716	0.1599	0.1570	0.1463	0.1480	0.1341	0.1301	0.1494	0.1615	0.1608	0.1633	0.1710	0.1886	0.1979	0.2731	0.4105	0.4221	0.3674	0.2421	0.1654	0.2797	0.3326
0.0020	0.0014	0.0164	0.0303	0.0243	0.0239	0.0352	0.0473	0.0391	0.0473	0.0369	0.0401	0.0551	0.0606	0.0609	0.0600	0.0635	0.0698	0.0686	0.0705	0.0813	0.0836	0.0688	0.0635	0.0903	0.0916	0.0857	0.0937	0.1051	0.0973	0.1042	0.1190	0.1381	0.1243	0.1304	0.1373	0.1398	0.1725	0.1783	0.1799	0.1799	0.1864	0.2547	0.3889	0.3699	0.2119	0.1968	0.1913	0.1797	0.1820	0.1847	0.1554	0.1666	0.1710	0.1701	0.1728	0.1934	0.1956	0.2282	0.2444	0.3129	0.3752	0.4422	0.4327	0.3791	0.2834	0.2202	0.3688	0.3589
0.0026	0.0049	0.0188	0.0366	0.0359	0.0264	0.0355	0.0536	0.0473	0.0415	0.0478	0.0535	0.0683	0.0668	0.0704	0.0696	0.0709	0.0767	0.0660	0.0881	0.0894	0.0821	0.0707	0.0805	0.0977	0.0918	0.0981	0.0965	0.1058	0.1251	0.1258	0.1338	0.1351	0.1431	0.1460	0.1483	0.1655	0.1951	0.2103	0.2349	0.2410	0.2653	0.4166	0.6417	0.6079	0.3123	0.2713	0.3653	0.4120	0.2806	0.2105	0.1710	0.1967	0.2028	0.2046	0.2126	0.2396	0.2722	0.3082	0.3736	0.4484	0.4129	0.4317	0.4386	0.4086	0.3085	0.2220	0.3600	0.3738
0.0091	0.0134	0.0286	0.0178	0.0262	0.0374	0.0400	0.0492	0.0518	0.0522	0.0502	0.0524	0.0594	0.0693	0.0606	0.0652	0.0829	0.0868	0.0694	0.0736	0.0998	0.0955	0.0835	0.0937	0.1018	0.1008	0.1004	0.1061	0.1231	0.1313	0.1303	0.1508	0.1492	0.1784	0.1865	0.2133	0.2283	0.2551	0.4007	0.5043	0.3896	0.3130	0.5961	0.7288	0.7398	0.5344	0.5120	0.6747	0.6718	0.4331	0.2507	0.2326	0.2345	0.2462	0.2632	0.2758	0.3142	0.3674	0.4522	0.5312	0.4984	0.4314	0.4514	0.4640	0.4252	0.3667	0.2873	0.3249	0.3429
0.0043	0.0071	0.0279	0.0242	0.0250	0.0323	0.0390	0.0462	0.0508	0.0468	0.0635	0.0657	0.0732	0.0746	0.0538	0.0724	0.0898	0.0877	0.0745	0.0885	0.1018	0.1136	0.0953	0.1001	0.1174	0.1050	0.1180	0.1314	0.1329	0.1476	0.1475	0.1860	0.1939	0.2291	0.2647	0.2745	0.3121	0.4012	0.7517	0.8610	0.6407	0.4306	0.6578	0.7721	0.7660	0.7103	0.7443	0.7141	0.6495	0.5202	0.2826	0.2906	0.3076	0.3234	0.3583	0.4197	0.4301	0.4546	0.5325	0.5321	0.5065	0.4589	0.4659	0.5125	0.4809	0.4030	0.3718	0.3604	0.3412
0.0078	0.0206	0.0284	0.0216	0.0355	0.0442	0.0392	0.0463	0.0580	0.0581	0.0777	0.0828	0.0779	0.0787	0.0650	0.0679	0.0802	0.0999	0.0951	0.1063	0.1129	0.1287	0.1175	0.1165	0.1249	0.1268	0.1365	0.1563	0.1718	0.1888	0.1987	0.2538	0.2872	0.3083	0.3383	0.3643	0.4006	0.5309	0.8310	0.8974	0.8400	0.6849	0.7342	0.7622	0.7312	0.7414	0.7637	0.7393	0.7578	0.6264	0.3988	0.4538	0.5218	0.5136	0.6126	0.6564	0.5676	0.5617	0.5856	0.5102	0.5158	0.5448	0.5101	0.5182	0.5255	0.4439	0.3931	0.4009	0.3510
0.0157	0.0205	0.0465	0.0312	0.0461	0.0495	0.0470	0.0614	0.0587	0.0746	0.0828	0.0882	0.0851	0.0770	0.0712	0.0824	0.1026	0.1070	0.1118	0.1103	0.1165	0.1254	0.1505	0.1306	0.1453	0.1652	0.1671	0.2031	0.2121	0.2393	0.2980	0.4582	0.5712	0.4821	0.4327	0.4312	0.4840	0.6509	0.8687	0.8760	0.8758	0.7961	0.8144	0.7886	0.7388	0.7702	0.7701	0.7539	0.7862	0.7310	0.6415	0.7045	0.7480	0.7019	0.6809	0.6947	0.6530	0.6211	0.5544	0.5486	0.5030	0.4979	0.5348	0.5060	0.4756	0.3959	0.4028	0.3626	0.3091
0.0113	0.0191	0.0454	0.0435	0.0440	0.0459	0.0562	0.0642	0.0794	0.0786	0.0798	0.0895	0.0973	0.0859	0.1110	0.1100	0.1350	0.1316	0.1219	0.1360	0.1483	0.1618	0.1746	0.1784	0.1770	0.2031	0.2245	0.2554	0.3017	0.3717	0.4896	0.8680	0.9680	0.7964	0.7194	0.5778	0.5947	0.7961	0.8598	0.8359	0.8392	0.8047	0.8356	0.8198	0.7890	0.7650	0.7512	0.8139	0.8493	0.8188	0.8144	0.7364	0.7034	0.6648	0.6510	0.6121	0.6333	0.5804	0.5081	0.5136	0.4806	0.4518	0.5202	0.4749	0.4321	0.3967	0.3885	0.3538	0.3237
0.0189	0.0441	0.0422	0.0555	0.0649	0.0719	0.0784	0.0761	0.0858	0.0746	0.0962	0.1184	0.1137	0.1167	0.1405	0.1386	0.1683	0.1777	0.1828	0.1866	0.1931	0.2159	0.2162	0.2276	0.2425	0.2505	0.2993	0.3431	0.4089	0.4595	0.6607	0.9658	1.0000	0.9689	0.9082	0.8132	0.8269	0.8532	0.8035	0.7707	0.7861	0.7335	0.7876	0.7944	0.7366	0.7570	0.7185	0.7695	0.7896	0.8136	0.7746	0.7266	0.6783	0.6273	0.6430	0.6430	0.5854	0.5578	0.5355	0.5068	0.4509	0.4550	0.5097	0.4714	0.4020	0.3763	0.3796	0.3713	0.3311
0.0327	0.0387	0.0464	0.0732	0.0929	0.1058	0.1213	0.1291	0.1056	0.1268	0.1442	0.1661	0.1773	0.1561	0.1786	0.1908	0.2019	0.2118	0.2091	0.2310	0.2462	0.2637	0.2512	0.2690	0.3007	0.3141	0.4015	0.5885	0.6261	0.6703	0.8496	0.9086	0.9113	0.8394	0.8632	0.8058	0.8383	0.8191	0.8078	0.7071	0.7233	0.7097	0.7624	0.7428	0.7191	0.6880	0.6763	0.7405	0.6878	0.7086	0.7138	0.6894	0.6248	0.6621	0.6397	0.5998	0.5676	0.5281	0.5111	0.5026	0.4508	0.4433	0.4400	0.3978	0.3833	0.3606	0.3599	0.3436	0.3323
0.0527	0.0650	0.0953	0.1161	0.1448	0.2020	0.2499	0.3029	0.3296	0.2811	0.3036	0.3276	0.2784	0.2116	0.2169	0.2406	0.2376	0.2507	0.2593	0.2654	0.2827	0.2983	0.2914	0.3142	0.3249	0.3575	0.5478	0.7866	0.7186	0.7600	0.8462	0.8074	0.7688	0.7742	0.7520	0.7365	0.7480	0.7055	0.6895	0.7147	0.6759	0.6858	0.6914	0.6840	0.6618	0.6226	0.6524	0.6707	0.6933	0.6455	0.6223	0.6310	0.5948	0.6018	0.5683	0.5148	0.5047	0.4889	0.5166	0.4596	0.4259	0.4252	0.4095	0.3725	0.3620	0.3297	0.3220	0.3322	0.3053
0.1003	0.1567	0.2251	0.3101	0.3299	0.3964	0.4464	0.4609	0.4661	0.4645	0.4829	0.5182	0.5241	0.4638	0.4211	0.4467	0.4123	0.3059	0.3077	0.3034	0.3164	0.3469	0.3674	0.3467	0.3404	0.3707	0.5505	0.6879	0.6571	0.7112	0.6866	0.6585	0.6774	0.6862	0.6588	0.6355	0.6062	0.6071	0.5860	0.6292	0.6461	0.6340	0.6619	0.6442	0.6340	0.6440	0.6117	0.6155	0.6110	0.6012	0.6276	0.6169	0.5744	0.5596	0.5554	0.4908	0.4468	0.4610	0.4371	0.4109	0.4065	0.3637	0.3639	0.3488	0.3429	0.2951	0.2950	0.3324	0.2911
0.1660	0.2467	0.3029	0.3365	0.3536	0.3529	0.3599	0.3730	0.4106	0.4350	0.4683	0.5048	0.5837	0.5921	0.5985	0.6626	0.6789	0.5499	0.4427	0.4423	0.4706	0.5900	0.5923	0.4890	0.4471	0.4668	0.5949	0.6295	0.5981	0.6291	0.5849	0.5855	0.6071	0.5929	0.5874	0.5970	0.5397	0.5618	0.5447	0.5475	0.5958	0.5944	0.6267	0.6396	0.6712	0.6148	0.5741	0.5843	0.5818	0.5632	0.5551	0.5197	0.5074	0.5036	0.4890	0.4477	0.4465	0.4219	0.4351	0.4124	0.3762	0.3315	0.3760	0.3615	0.3206	0.3076	0.3041	0.3188	0.2898
0.1933	0.2542	0.2508	0.2527	0.2662	0.3062	0.3372	0.3421	0.3586	0.3875	0.4277	0.4499	0.5324	0.5566	0.5552	0.6196	0.6669	0.7068	0.6517	0.6352	0.6261	0.6459	0.6217	0.6219	0.5837	0.5858	0.5586	0.5576	0.5252	0.5222	0.5487	0.5542	0.5914	0.6036	0.5937	0.5773	0.5859	0.6114	0.5583	0.5752	0.5506	0.5177	0.5766	0.6052	0.5971	0.5887	0.5750	0.5720	0.5486	0.5380	0.5339	0.4921	0.4548	0.5103	0.4816	0.4489	0.4569	0.4110	0.4182	0.4018	0.3663	0.3811	0.3762	0.3428	0.3370	0.3248	0.3246	0.3224	0.2879
0.1897	0.2235	0.2292	0.2562	0.2420	0.2750	0.3138	0.3518	0.3520	0.3843	0.4162	0.4613	0.4797	0.5501	0.5503	0.5316	0.6226	0.6399	0.6484	0.6455	0.6084	0.5868	0.5880	0.5259	0.5133	0.5067	0.4773	0.4710	0.4685	0.4886	0.5118	0.5504	0.5563	0.5500	0.6032	0.5839	0.5548	0.5746	0.5584	0.5741	0.6008	0.5234	0.5617	0.5536	0.5786	0.5752	0.5418	0.5366	0.5001	0.5117	0.5437	0.4988	0.4582	0.4554	0.4584	0.4599	0.4599	0.4485	0.4041	0.3859	0.3719	0.3704	0.3703	0.3256	0.3341	0.3414	0.3148	0.3007	0.2712
0.1632	0.1752	0.2187	0.2369	0.2377	0.2671	0.2949	0.3211	0.3400	0.3634	0.3987	0.4459	0.4924	0.5214	0.4903	0.5221	0.5700	0.5922	0.5437	0.5150	0.5383	0.5587	0.5348	0.4771	0.4565	0.4400	0.4564	0.4603	0.4519	0.5054	0.5187	0.5186	0.5816	0.5929	0.5562	0.5675	0.5582	0.5934	0.5839	0.5472	0.5910	0.5548	0.5480	0.5423	0.5734	0.5838	0.5681	0.5382	0.5098	0.5042	0.4885	0.5107	0.5203	0.4649	0.4831	0.4972	0.4769	0.4502	0.4121	0.3991	0.3807	0.3688	0.3787	0.3486	0.3111	0.3261	0.3162	0.2972	0.2950
0.1603	0.1727	0.2129	0.2452	0.2476	0.2684	0.2897	0.2874	0.2821	0.3228	0.3483	0.3997	0.4327	0.4561	0.4365	0.4797	0.5091	0.5177	0.5253	0.4969	0.4652	0.4638	0.4404	0.4228	0.4672	0.4500	0.4703	0.4637	0.4874	0.5079	0.5443	0.5465	0.6103	0.6227	0.6078	0.5727	0.5891	0.5890	0.5747	0.5639	0.5613	0.5475	0.5443	0.5826	0.5845	0.5733	0.5700	0.5221	0.5113	0.5056	0.4692	0.5134	0.5186	0.4885	0.4932	0.5014	0.4892	0.4692	0.4674	0.4183	0.3790	0.3864	0.3948	0.3587	0.3254	0.3284	0.2888	0.2886	0.2790
0.1650	0.1996	0.2171	0.2496	0.2443	0.2447	0.2674	0.2939	0.3056	0.3091	0.3201	0.3477	0.3717	0.3926	0.3773	0.4182	0.4254	0.4420	0.4636	0.4371	0.3925	0.4218	0.4325	0.4640	0.4639	0.4524	0.4660	0.4667	0.5275	0.5061	0.5246	0.5715	0.5889	0.6164	0.6270	0.6328	0.6345	0.5831	0.5714	0.5697	0.5652	0.5807	0.5744	0.5433	0.5747	0.5575	0.5227	0.5442	0.5583	0.5362	0.4965	0.4949	0.4726	0.4744	0.4827	0.4871	0.4754	0.4595	0.4639	0.4537	0.4169	0.3676	0.3994	0.3600	0.3357	0.3082	0.2891	0.2942	0.2760
0.1870	0.1892	0.2051	0.2485	0.2460	0.2442	0.2752	0.2801	0.2817	0.2932	0.2927	0.3140	0.3328	0.3640	0.3709	0.3763	0.4143	0.4031	0.4011	0.4340	0.4491	0.4239	0.4175	0.4343	0.4564	0.4679	0.4734	0.4784	0.5002	0.5253	0.5628	0.5874	0.6159	0.6082	0.5930	0.5865	0.5992	0.5804	0.5983	0.5849	0.5919	0.6091	0.5651	0.5660	0.5844	0.5836	0.5440	0.5705	0.5624	0.5521	0.5432	0.5064	0.4675	0.4892	0.5015	0.4877	0.4913	0.4824	0.4644	0.4155	0.4160	0.3637	0.3816	0.3494	0.3314	0.3373	0.3145	0.3065	0.2726
0.1636	0.1893	0.2151	0.2343	0.2507	0.2501	0.2546	0.2633	0.2586	0.2779	0.3024	0.3076	0.3240	0.3516	0.3683	0.3736	0.3783	0.3744	0.4177	0.4391	0.4585	0.4432	0.4401	0.4583	0.4290	0.4332	0.4378	0.4764	0.4818	0.5422	0.5650	0.6068	0.6509	0.5990	0.5776	0.5579	0.5858	0.5786	0.6103	0.5931	0.6150	0.5620	0.5436	0.5724	0.6208	0.5624	0.5300	0.5395	0.5247	0.5263	0.5132	0.5067	0.4941	0.4876	0.4687	0.4763	0.4554	0.4640	0.4531	0.4396	0.4098	0.3721	0.3741	0.3472	0.3319	0.3330	0.3144	0.3247	0.3039
0.1641	0.1918	0.1796	0.2212	0.2313	0.2265	0.2460	0.2727	0.2666	0.2952	0.3140	0.3248	0.3426	0.3521	0.3554	0.3644	0.3549	0.3779	0.3933	0.4377	0.4121	0.4308	0.4483	0.4602	0.4563	0.4409	0.4450	0.4762	0.4982	0.5218	0.5516	0.5983	0.5972	0.5813	0.5327	0.5612	0.5512	0.5613	0.5837	0.5840	0.5979	0.5895	0.5890	0.5607	0.5780	0.5325	0.5327	0.5411	0.5203	0.4956	0.5224	0.5186	0.5174	0.4885	0.4623	0.4847	0.4467	0.4263	0.4414	0.4648	0.4076	0.4091	0.3885	0.3452	0.3342	0.3264	0.3337	0.3462	0.3194
0.1390	0.1673	0.1850	0.2167	0.2418	0.2351	0.2601	0.2537	0.2530	0.2738	0.3034	0.3241	0.3283	0.3498	0.3746	0.3690	0.3691	0.4115	0.4421	0.4298	0.4319	0.4048	0.4299	0.4385	0.4747	0.4188	0.4694	0.4851	0.5158	0.5049	0.5261	0.5777	0.5900	0.5557	0.5327	0.5394	0.5534	0.5993	0.5897	0.5864	0.6192	0.6037	0.5834	0.5657	0.5742	0.5342	0.5570	0.5381	0.5192	0.4986	0.5310	0.5087	0.4941	0.4907	0.4777	0.4856	0.4599	0.4397	0.4130	0.4356	0.4102	0.4014	0.3917	0.3638	0.3576	0.3489	0.3282	0.3280	0.2756
0.1224	0.1733	0.1907	0.2237	0.2037	0.2314	0.2587	0.2460	0.2608	0.2717	0.3074	0.3371	0.3604	0.3601	0.3427	0.3821	0.4221	0.4081	0.4452	0.4256	0.4084	0.4140	0.4233	0.4674	0.4265	0.4183	0.4566	0.5020	0.5201	0.5296	0.5189	0.5470	0.5949	0.5760	0.5674	0.5635	0.6021	0.6093	0.6116	0.5855	0.6004	0.6002	0.5793	0.5874	0.5679	0.5349	0.5134	0.5241	0.5085	0.5021	0.5011	0.4934	0.4906	0.4910	0.4883	0.4716	0.4451	0.4196	0.4162	0.4371	0.4251	0.4047	0.3931	0.3865	0.3560	0.3283	0.3061	0.3441	0.3099
0.1149	0.1583	0.1750	0.1841	0.1752	0.2057	0.2448	0.2450	0.2679	0.2952	0.3001	0.3337	0.3567	0.3492	0.3377	0.3874	0.4113	0.3851	0.4073	0.4089	0.3907	0.4447	0.4267	0.4389	0.4345	0.4383	0.4266	0.4584	0.4740	0.5011	0.5121	0.5495	0.5663	0.5380	0.5730	0.5903	0.6170	0.5576	0.5663	0.5994	0.5651	0.6069	0.5588	0.5947	0.5414	0.5230	0.5196	0.5012	0.5025	0.5249	0.5271	0.5263	0.5303	0.5113	0.4714	0.4468	0.4496	0.4582	0.4090	0.4165	0.4018	0.4068	0.3999	0.3753	0.3654	0.3427	0.3118	0.3088	0.3125
0.1057	0.1198	0.1482	0.1666	0.1803	0.1954	0.2121	0.2404	0.2620	0.2971	0.3085	0.3086	0.3126	0.3477	0.3583	0.3817	0.4074	0.4244	0.4206	0.4258	0.4464	0.4407	0.4439	0.4431	0.4489	0.4480	0.4134	0.4534	0.4906	0.4992	0.5258	0.5465	0.5393	0.5310	0.5703	0.5776	0.5620	0.5698	0.5672	0.5665	0.5735	0.5666	0.5779	0.5463	0.5566	0.5439	0.5107	0.5357	0.4814	0.5226	0.5351	0.4987	0.4902	0.5089	0.5046	0.4813	0.4696	0.4581	0.4336	0.4268	0.4325	0.4027	0.4386	0.4119	0.3762	0.3489	0.3596	0.3341	0.3317
0.1270	0.1282	0.1587	0.1666	0.1814	0.2108	0.2305	0.2377	0.2726	0.3104	0.3099	0.3070	0.3539	0.4019	0.3712	0.4060	0.4383	0.4528	0.4873	0.4958	0.4730	0.4587	0.4733	0.4747	0.4850	0.4470	0.4616	0.4700	0.4934	0.4834	0.5306	0.5580	0.5172	0.5588	0.5818	0.5796	0.5890	0.5672	0.5581	0.5611	0.5980	0.5749	0.5847	0.5749	0.5694	0.5273	0.5322	0.5282	0.5244	0.5105	0.5045	0.5018	0.5060	0.4935	0.4926	0.4880	0.4731	0.4644	0.4310	0.4191	0.4438	0.4350	0.4491	0.3955	0.3951	0.3421	0.3619	0.3337	0.3311
0.1081	0.1279	0.1512	0.1725	0.1922	0.2082	0.2190	0.2602	0.2797	0.2976	0.3211	0.3280	0.3780	0.4431	0.4236	0.4746	0.4633	0.4942	0.5128	0.5461	0.5213	0.5096	0.5093	0.5198	0.4819	0.4883	0.4583	0.4690	0.4715	0.4792	0.5307	0.5614	0.5797	0.5871	0.5901	0.5839	0.5542	0.5606	0.5978	0.5661	0.5753	0.5768	0.5730	0.5765	0.5162	0.5263	0.5253	0.5007	0.5386	0.5314	0.5265	0.5019	0.4791	0.4557	0.4822	0.5005	0.4741	0.4704	0.5007	0.4544	0.4522	0.4494	0.4179	0.4206	0.3898	0.3836	0.3860	0.3569	0.3065
0.0988	0.1359	0.1404	0.1497	0.1799	0.2098	0.2233	0.2734	0.2793	0.2888	0.3629	0.4040	0.4282	0.4531	0.4681	0.4942	0.5124	0.5478	0.5235	0.5449	0.5444	0.5434	0.5199	0.5489	0.5684	0.5479	0.4932	0.4620	0.4745	0.4811	0.4716	0.5195	0.5533	0.5644	0.5863	0.5704	0.5644	0.5590	0.5967	0.5499	0.5592	0.5781	0.5587	0.5549	0.5034	0.4995	0.5049	0.5317	0.4909	0.5430	0.5345	0.4857	0.4947	0.4856	0.4781	0.5074	0.5238	0.5144	0.5011	0.4788	0.4541	0.4273	0.4451	0.4385	0.4491	0.4229	0.4167	0.3726	0.3016
0.1058	0.1152	0.1273	0.1493	0.1776	0.2293	0.2527	0.2759	0.2944	0.3234	0.3793	0.4504	0.4749	0.5095	0.4905	0.5056	0.5114	0.5493	0.5698	0.5819	0.5649	0.5884	0.5729	0.5776	0.5986	0.5421	0.5330	0.5183	0.4938	0.4610	0.4782	0.4998	0.5397	0.5579	0.5595	0.5527	0.5618	0.5464	0.5424	0.5721	0.5833	0.5527	0.5712	0.5443	0.5314	0.5124	0.5400	0.5451	0.5332	0.5308	0.5577	0.5258	0.4968	0.4900	0.5007	0.5228	0.4954	0.4915	0.4800	0.4693	0.4396	0.4392	0.5009	0.4912	0.4681	0.4145	0.4347	0.4217	0.3560
0.1168	0.1213	0.1421	0.1716	0.2012	0.2344	0.2784	0.3018	0.3288	0.3697	0.4049	0.4662	0.5145	0.5419	0.5112	0.5439	0.5709	0.6137	0.6277	0.6711	0.6786	0.6505	0.6305	0.6258	0.5913	0.5964	0.5923	0.5800	0.5480	0.4982	0.5048	0.5231	0.5257	0.5394	0.5488	0.5415	0.5501	0.5436	0.5459	0.5608	0.5808	0.5713	0.5425	0.5564	0.5553	0.5012	0.5111	0.5215	0.5469	0.5650	0.5577	0.5305	0.5305	0.5101	0.5109	0.5208	0.5065	0.5086	0.5100	0.4839	0.4734	0.5136	0.5503	0.5088	0.4793	0.4402	0.4443	0.4402	0.4288
0.1378	0.1567	0.1908	0.2006	0.2188	0.2618	0.2848	0.2969	0.3499	0.3927	0.4151	0.4687	0.5236	0.5622	0.6331	0.6290	0.6490	0.6842	0.6157	0.6503	0.6448	0.6575	0.6076	0.6283	0.6569	0.6657	0.6454	0.6508	0.6110	0.5578	0.5587	0.5214	0.5104	0.5244	0.5306	0.5328	0.5531	0.5617	0.5608	0.5583	0.5890	0.5789	0.6123	0.5988	0.6015	0.5611	0.5510	0.5500	0.5679	0.5669	0.5707	0.5751	0.5813	0.5643	0.5666	0.5587	0.5471	0.5527	0.5360	0.4918	0.5322	0.5611	0.5812	0.5944	0.5704	0.5013	0.5238	0.4942	0.4601
0.1351	0.2253	0.2589	0.2798	0.2913	0.3210	0.3227	0.3509	0.3833	0.4025	0.4873	0.5309	0.5597	0.6311	0.6632	0.6406	0.6111	0.4321	0.3206	0.3249	0.3347	0.3699	0.3846	0.4239	0.5631	0.5948	0.6514	0.6808	0.6635	0.6474	0.6263	0.5868	0.5636	0.5444	0.5596	0.5289	0.5539	0.5843	0.5683	0.5738	0.5996	0.6273	0.6643	0.6499	0.6167	0.5888	0.6054	0.6023	0.6230	0.6037	0.5999	0.6144	0.6091	0.5658	0.5609	0.5711	0.5625	0.5490	0.5224	0.5137	0.5446	0.5400	0.5555	0.5394	0.4641	0.4572	0.4382	0.4776	0.4789
0.0862	0.1735	0.2321	0.3246	0.3759	0.4193	0.4734	0.4827	0.4890	0.5005	0.5127	0.5844	0.5689	0.5947	0.5199	0.3936	0.2986	0.2423	0.2274	0.2541	0.2480	0.2514	0.2706	0.2906	0.3192	0.3681	0.5314	0.6341	0.6770	0.7511	0.7360	0.6721	0.6486	0.6188	0.5923	0.5801	0.6130	0.5960	0.5876	0.6048	0.6191	0.6504	0.7201	0.7007	0.6651	0.6628	0.6411	0.6360	0.6475	0.6365	0.6286	0.6225	0.6232	0.5938	0.5670	0.5539	0.5388	0.5421	0.5427	0.5504	0.5347	0.4919	0.3596	0.3166	0.2637	0.2733	0.2961	0.4033	0.3945
0.0416	0.0657	0.0866	0.1258	0.2082	0.2659	0.3084	0.3375	0.3715	0.3970	0.3846	0.3567	0.3388	0.2986	0.2379	0.2018	0.2005	0.2077	0.2096	0.2333	0.2347	0.2287	0.2324	0.2590	0.2682	0.2826	0.3289	0.3927	0.5517	0.7256	0.7718	0.8016	0.7602	0.7302	0.7099	0.7015	0.6976	0.6443	0.6589	0.6595	0.7076	0.6862	0.7419	0.7033	0.6896	0.6505	0.6517	0.6429	0.6684	0.6602	0.6500	0.6524	0.6146	0.6379	0.5790	0.5651	0.5561	0.5327	0.5368	0.5759	0.5475	0.4159	0.2647	0.2591	0.2644	0.2621	0.2684	0.3435	0.4029
0.0229	0.0301	0.0446	0.0601	0.0699	0.0869	0.0996	0.1244	0.1413	0.1288	0.1384	0.1411	0.1488	0.1430	0.1534	0.1682	0.1599	0.1644	0.1714	0.1850	0.2014	0.1945	0.2023	0.2222	0.2340	0.2347	0.2527	0.2743	0.3405	0.4162	0.5061	0.6306	0.7522	0.7904	0.7810	0.7687	0.7313	0.7490	0.7140	0.6997	0.7293	0.7156	0.6964	0.7076	0.7317	0.6951	0.7070	0.6813	0.6901	0.7055	0.7216	0.6775	0.6378	0.6494	0.5774	0.5817	0.5999	0.5557	0.5110	0.5557	0.5677	0.3673	0.2519	0.2689	0.2822	0.2816	0.2809	0.3351	0.4446
0.0184	0.0335	0.0500	0.0551	0.0412	0.0462	0.0618	0.0530	0.0643	0.0751	0.0812	0.0974	0.1107	0.1032	0.1090	0.1145	0.1152	0.1333	0.1395	0.1419	0.1502	0.1583	0.1604	0.1771	0.1935	0.1979	0.2064	0.2285	0.2674	0.2897	0.3042	0.3488	0.4568	0.5586	0.6737	0.7747	0.7578	0.7856	0.7124	0.6803	0.7650	0.7469	0.7265	0.7346	0.7352	0.7301	0.7295	0.7523	0.7235	0.7400	0.7358	0.6832	0.6550	0.6562	0.6252	0.6304	0.6245	0.6005	0.5651	0.5701	0.5274	0.3085	0.2462	0.2488	0.2426	0.2613	0.2798	0.3195	0.4554
0.0000	0.0187	0.0181	0.0303	0.0431	0.0416	0.0492	0.0445	0.0519	0.0655	0.0723	0.0718	0.0775	0.0724	0.0744	0.0768	0.0909	0.0991	0.0970	0.1020	0.1086	0.1124	0.1249	0.1408	0.1358	0.1499	0.1514	0.1743	0.1877	0.2175	0.2326	0.2695	0.2935	0.3329	0.4157	0.6100	0.6978	0.7315	0.7601	0.7194	0.7528	0.7853	0.7667	0.7519	0.7576	0.7325	0.6689	0.5912	0.5099	0.4989	0.5242	0.5431	0.5963	0.6457	0.6306	0.6544	0.6423	0.5939	0.5544	0.5895	0.4489	0.2460	0.2439	0.2330	0.2382	0.2674	0.2684	0.3198	0.4589
0.0114	0.0210	0.0211	0.0279	0.0363	0.0397	0.0443	0.0467	0.0484	0.0594	0.0555	0.0550	0.0585	0.0610	0.0684	0.0717	0.0704	0.0670	0.0734	0.0872	0.0889	0.0829	0.0824	0.0962	0.0965	0.1055	0.1179	0.1189	0.1436	0.1599	0.1659	0.2004	0.2232	0.2543	0.2877	0.3445	0.4394	0.6898	0.7631	0.7206	0.7013	0.7429	0.7470	0.7192	0.7165	0.6583	0.4647	0.3152	0.2711	0.2662	0.2946	0.3011	0.3646	0.4758	0.5726	0.6224	0.5733	0.5869	0.5489	0.5002	0.3111	0.2263	0.2216	0.2315	0.2273	0.2617	0.2808	0.4006	0.4811
0.0138	0.0228	0.0260	0.0340	0.0382	0.0398	0.0352	0.0353	0.0503	0.0500	0.0489	0.0516	0.0555	0.0546	0.0657	0.0687	0.0718	0.0669	0.0639	0.0729	0.0756	0.0774	0.0770	0.0792	0.0818	0.0838	0.0844	0.0971	0.1143	0.1255	0.1342	0.1492	0.1688	0.1803	0.2159	0.2706	0.3497	0.6642	0.7539	0.6767	0.6644	0.7008	0.6899	0.7168	0.6760	0.6066	0.4545	0.2543	0.2012	0.2037	0.2185	0.2293	0.2551	0.2702	0.4239	0.6174	0.6037	0.5838	0.5449	0.4735	0.2564	0.2278	0.2200	0.2119	0.2110	0.2286	0.2778	0.4255	0.4682
0.0223	0.0223	0.0150	0.0172	0.0262	0.0445	0.0538	0.0430	0.0378	0.0408	0.0515	0.0466	0.0541	0.0444	0.0563	0.0645	0.0696	0.0612	0.0667	0.0744	0.0744	0.0699	0.0725	0.0792	0.0758	0.0723	0.0737	0.0893	0.0964	0.0975	0.1064	0.1076	0.1090	0.1232	0.1495	0.1793	0.2247	0.3750	0.5802	0.6264	0.6793	0.6877	0.6807	0.7173	0.6506	0.5034	0.2745	0.1706	0.1650	0.1687	0.1942	0.2026	0.2253	0.2404	0.3916	0.6307	0.6390	0.5828	0.5604	0.4430	0.2000	0.1725	0.1676	0.1697	0.1706	0.1754	0.2004	0.2661	0.3875
0.0115	0.0098	0.0162	0.0190	0.0181	0.0382	0.0365	0.0382	0.0402	0.0290	0.0453	0.0392	0.0487	0.0455	0.0615	0.0521	0.0564	0.0650	0.0592	0.0669	0.0661	0.0584	0.0653	0.0636	0.0660	0.0694	0.0674	0.0831	0.0884	0.0829	0.0843	0.0779	0.0876	0.0878	0.1027	0.1146	0.1245	0.1464	0.2279	0.2630	0.3819	0.4201	0.5171	0.5832	0.4508	0.2389	0.1214	0.1208	0.1306	0.1203	0.1374	0.1438	0.1759	0.1948	0.2851	0.5309	0.6254	0.5902	0.5325	0.3377	0.1483	0.1354	0.1271	0.1378	0.1360	0.1335	0.1362	0.1544	0.1767
0.0000	0.0000	0.0132	0.0183	0.0135	0.0142	0.0184	0.0293	0.0287	0.0249	0.0387	0.0434	0.0453	0.0355	0.0454	0.0445	0.0549	0.0467	0.0485	0.0549	0.0519	0.0561	0.0599	0.0563	0.0603	0.0626	0.0606	0.0666	0.0671	0.0747	0.0741	0.0721	0.0784	0.0752	0.0787	0.0841	0.0947	0.0902	0.1015	0.1073	0.1273	0.1415	0.1756	0.2377	0.1699	0.1095	0.1018	0.1046	0.0929	0.0985	0.0983	0.0988	0.1115	0.1222	0.1370	0.1932	0.3220	0.3644	0.2832	0.1761	0.1078	0.1071	0.1049	0.1141	0.1031	0.1053	0.1186	0.1126	0.1119
0.0000	0.0000	0.0109	0.0159	0.0102	0.0108	0.0167	0.0175	0.0281	0.0377	0.0357	0.0358	0.0448	0.0334	0.0358	0.0343	0.0480	0.0502	0.0519	0.0488	0.0472	0.0556	0.0499	0.0480	0.0586	0.0656	0.0608	0.0609	0.0622	0.0579	0.0628	0.0705	0.0706	0.0673	0.0680	0.0645	0.0688	0.0788	0.0950	0.0963	0.0933	0.1004	0.1032	0.0886	0.0988	0.0935	0.0836	0.0833	0.0715	0.0793	0.0818	0.0830	0.0817	0.0823	0.0925	0.1012	0.1121	0.1085	0.1081	0.1097	0.0902	0.0886	0.0902	0.0936	0.0926	0.0859	0.0952	0.1073	0.0962
0.0000	0.0000	0.0155	0.0092	0.0155	0.0146	0.0187	0.0360	0.0242	0.0216	0.0316	0.0284	0.0404	0.0254	0.0299	0.0341	0.0418	0.0352	0.0412	0.0474	0.0495	0.0444	0.0428	0.0427	0.0589	0.0596	0.0530	0.0532	0.0580	0.0564	0.0553	0.0566	0.0650	0.0720	0.0619	0.0675	0.0704	0.0761	0.0787	0.0784	0.0825	0.0882	0.0847	0.0863	0.0865	0.0797	0.0858	0.0728	0.0695	0.0762	0.0706	0.0717	0.0710	0.0708	0.0872	0.0943	0.0910	0.0832	0.0882	0.0889	0.0739	0.0718	0.0709	0.0715	0.0764	0.0825	0.0821	0.0815	0.0815
0.0000	0.0000	0.0065	0.0029	0.0145	0.0180	0.0194	0.0358	0.0303	0.0232	0.0193	0.0242	0.0273	0.0254	0.0374	0.0393	0.0452	0.0296	0.0386	0.0328	0.0419	0.0434	0.0436	0.0385	0.0522	0.0546	0.0501	0.0469	0.0546	0.0602	0.0511	0.0544	0.0560	0.0607	0.0589	0.0702	0.0735	0.0674	0.0660	0.0646	0.0721	0.0740	0.0826	0.0694	0.0680	0.0674	0.0713	0.0700	0.0652	0.0581	0.0628	0.0642	0.0655	0.0746	0.0752	0.0714	0.0753	0.0761	0.0629	0.0734	0.0667	0.0595	0.0573	0.0582	0.0580	0.0601	0.0592	0.0652	0.0549
0.0000	0.0000	0.0028	0.0063	0.0024	0.0073	0.0108	0.0141	0.0165	0.0167	0.0154	0.0157	0.0147	0.0178	0.0200	0.0274	0.0238	0.0224	0.0343	0.0354	0.0361	0.0401	0.0340	0.0349	0.0528	0.0448	0.0388	0.0461	0.0514	0.0531	0.0531	0.0505	0.0512	0.0527	0.0457	0.0534	0.0620	0.0634	0.0642	0.0609	0.0663	0.0673	0.0662	0.0651	0.0605	0.0611	0.0617	0.0579	0.0564	0.0534	0.0544	0.0581	0.0563	0.0648	0.0665	0.0635	0.0670	0.0633	0.0634	0.0586	0.0594	0.0484	0.0412	0.0482	0.0537	0.0508	0.0485	0.0402	0.0434
0.0000	0.0000	0.0048	0.0036	0.0002	0.0000	0.0000	0.0050	0.0078	0.0052	0.0105	0.0249	0.0246	0.0175	0.0156	0.0264	0.0221	0.0190	0.0227	0.0347	0.0335	0.0384	0.0307	0.0348	0.0399	0.0434	0.0391	0.0514	0.0526	0.0394	0.0488	0.0455	0.0466	0.0576	0.0516	0.0525	0.0468	0.0544	0.0620	0.0639	0.0625	0.0576	0.0637	0.0639	0.0613	0.0556	0.0567	0.0611	0.0560	0.0566	0.0577	0.0606	0.0568	0.0581	0.0551	0.0594	0.0600	0.0537	0.0590	0.0570	0.0541	0.0455	0.0492	0.0513	0.0508	0.0484	0.0505	0.0479	0.0450
0.0000	0.0000	0.0037	0.0111	0.0000	0.0000	0.0089	0.0068	0.0067	0.0065	0.0161	0.0229	0.0323	0.0176	0.0181	0.0259	0.0269	0.0224	0.0244	0.0310	0.0321	0.0317	0.0267	0.0331	0.0404	0.0437	0.0376	0.0374	0.0473	0.0448	0.0457	0.0457	0.0441	0.0490	0.0474	0.0460	0.0475	0.0512	0.0576	0.0576	0.0590	0.0604	0.0579	0.0593	0.0586	0.0591	0.0586	0.0605	0.0548	0.0543	0.0580	0.0566	0.0577	0.0584	0.0565	0.0578	0.0577	0.0481	0.0519	0.0558	0.0512	0.0511	0.0458	0.0451	0.0418	0.0414	0.0394	0.0442	0.0401
0.0000	0.0000	0.0000	0.0000	0.0000	0.0000	0.0064	0.0040	0.0000	0.0050	0.0109	0.0216	0.0243	0.0122	0.0129	0.0180	0.0284	0.0265	0.0225	0.0247	0.0276	0.0203	0.0251	0.0375	0.0441	0.0413	0.0355	0.0340	0.0503	0.0465	0.0439	0.0420	0.0433	0.0496	0.0482	0.0445	0.0391	0.0559	0.0522	0.0506	0.0563	0.0515	0.0548	0.0521	0.0539	0.0551	0.0532	0.0584	0.0511	0.0582	0.0573	0.0558	0.0500	0.0478	0.0536	0.0519	0.0565	0.0510	0.0463	0.0484	0.0439	0.0412	0.0446	0.0408	0.0400	0.0402	0.0288	0.0352	0.0251
0.0000	0.0000	0.0000	0.0000	0.0000	0.0034	0.0019	0.0089	0.0077	0.0077	0.0127	0.0247	0.0204	0.0099	0.0168	0.0139	0.0226	0.0228	0.0226	0.0193	0.0223	0.0232	0.0224	0.0301	0.0378	0.0322	0.0234	0.0322	0.0460	0.0465	0.0439	0.0379	0.0379	0.0407	0.0473	0.0461	0.0466	0.0533	0.0508	0.0476	0.0495	0.0499	0.0539	0.0494	0.0490	0.0471	0.0494	0.0505	0.0497	0.0485	0.0458	0.0491	0.0468	0.0453	0.0458	0.0511	0.0489	0.0450	0.0392	0.0401	0.0396	0.0361	0.0369	0.0375	0.0317	0.0297	0.0304	0.0276	0.0273
0.0000	0.0000	0.0000	0.0000	0.0071	0.0000	0.0001	0.0076	0.0037	0.0075	0.0129	0.0107	0.0212	0.0050	0.0076	0.0125	0.0189	0.0154	0.0227	0.0213	0.0174	0.0216	0.0248	0.0241	0.0330	0.0287	0.0193	0.0292	0.0411	0.0474	0.0418	0.0349	0.0381	0.0404	0.0393	0.0430	0.0442	0.0526	0.0592	0.0504	0.0501	0.0478	0.0547	0.0477	0.0483	0.0477	0.0542	0.0445	0.0478	0.0390	0.0510	0.0524	0.0465	0.0456	0.0493	0.0493	0.0426	0.0432	0.0380	0.0407	0.0403	0.0302	0.0348	0.0376	0.0361	0.0417	0.0336	0.0307	0.0434
