0.0000	0.0000	0.0000	0.0000	0.0000	0.0000	0.0064	0.0144	0.0290	0.0084	0.0070	0.0188	0.0312	0.0312	0.0173	0.0590	0.0486	0.0364	0.0380	0.0580	0.0832	0.0587	0.0528	0.0658	0.0886	0.0715	0.0844	0.0863	0.0988	0.1029	0.0949	0.1043	0.1215	0.1250	0.1093	0.1019	0.1166	0.1189	0.1231	0.1014	0.0961	0.1049	0.1135	0.0997	0.0867	0.1018	0.1071	0.1047	0.0872	0.1006	0.0845	0.0665	0.0818	0.0857	0.0660	0.0842	0.0706	0.0506	0.0471	0.0483	0.0384	0.0426	0.0377	0.0453	0.0444	0.0405	0.0292	0.0377	0.0448
0.0000	0.0000	0.0000	0.0007	0.0000	0.0100	0.0071	0.0056	0.0256	0.0130	0.0166	0.0117	0.0343	0.0355	0.0245	0.0363	0.0456	0.0483	0.0566	0.0507	0.0696	0.0667	0.0752	0.0798	0.0884	0.0845	0.0729	0.0895	0.1066	0.0977	0.1193	0.1121	0.1077	0.1361	0.1179	0.1210	0.1354	0.1472	0.1312	0.1365	0.1326	0.1111	0.1078	0.1042	0.1069	0.0945	0.1114	0.1113	0.1022	0.0980	0.0786	0.0884	0.0703	0.0706	0.0883	0.0856	0.0783	0.0695	0.0456	0.0501	0.0450	0.0437	0.0367	0.0434	0.0470	0.0366	0.0466	0.0452	0.0410
0.0000	0.0000	0.0000	0.0123	0.0132	0.0002	0.0021	0.0149	0.0201	0.0289	0.0323	0.0300	0.0430	0.0547	0.0438	0.0411	0.0643	0.0586	0.0529	0.0541	0.0766	0.0717	0.0925	0.0991	0.0863	0.0893	0.1193	0.1043	0.1077	0.1269	0.1227	0.1260	0.1025	0.1338	0.1314	0.1234	0.1281	0.1415	0.1316	0.1312	0.1369	0.1471	0.1191	0.1277	0.1294	0.1015	0.1196	0.1072	0.1056	0.0999	0.0998	0.0926	0.0757	0.0904	0.1010	0.0900	0.0746	0.0659	0.0483	0.0596	0.0593	0.0630	0.0563	0.0516	0.0481	0.0497	0.0548	0.0536	0.0562
0.0000	0.0000	0.0000	0.0093	0.0034	0.0042	0.0051	0.0166	0.0140	0.0369	0.0408	0.0513	0.0557	0.0394	0.0538	0.0518	0.0625	0.0759	0.0692	0.0682	0.0950	0.0896	0.0839	0.1055	0.1088	0.1015	0.0996	0.1119	0.1101	0.1168	0.1131	0.1303	0.1224	0.1279	0.1417	0.1543	0.1329	0.1493	0.1503	0.1222	0.1498	0.1517	0.1361	0.1148	0.1180	0.1090	0.1252	0.1179	0.1089	0.0997	0.1031	0.1088	0.0999	0.0884	0.1024	0.0826	0.0722	0.0735	0.0586	0.0678	0.0817	0.0903	0.0699	0.0656	0.0682	0.0646	0.0582	0.0592	0.0744
0.0000	0.0000	0.0163	0.0212	0.0000	0.0069	0.0203	0.0305	0.0267	0.0473	0.0449	0.0304	0.0567	0.0594	0.0470	0.0616	0.0556	0.0579	0.0812	0.0851	0.0844	0.0906	0.0864	0.1161	0.0981	0.1034	0.1019	0.0975	0.1095	0.1287	0.1130	0.1470	0.1514	0.1490	0.1569	0.1737	0.1451	0.1376	0.1408	0.1293	0.1273	0.1408	0.1510	0.1349	0.1437	0.1325	0.1224	0.1134	0.1020	0.1106	0.1049	0.1065	0.0946	0.1013	0.0991	0.0920	0.0914	0.0702	0.0649	0.0672	0.0769	0.0724	0.0668	0.0696	0.0765	0.0596	0.0790	0.0766	0.0835
0.0000	0.0000	0.0077	0.0086	0.0000	0.0171	0.0338	0.0337	0.0466	0.0450	0.0418	0.0374	0.0768	0.0528	0.0526	0.0585	0.0691	0.0617	0.0649	0.0819	0.0936	0.0987	0.0865	0.0883	0.0992	0.1128	0.1031	0.0988	0.1134	0.1358	0.1418	0.1436	0.1395	0.1627	0.1703	0.1620	0.1488	0.1355	0.1481	0.1531	0.1496	0.1605	0.1401	0.1475	0.1587	0.1300	0.1202	0.1264	0.1196	0.1181	0.1258	0.1147	0.1212	0.1153	0.1074	0.1190	0.0904	0.0746	0.0739	0.1026	0.1056	0.0920	0.0880	0.0948	0.0921	0.0783	0.0785	0.1019	0.1065
0.0000	0.0000	0.0092	0.0169	0.0065	0.0179	0.0310	0.0372	0.0461	0.0491	0.0545	0.0639	0.0604	0.0528	0.0434	0.0694	0.0765	0.0703	0.0788	0.0795	0.1070	0.1276	0.0999	0.0953	0.1100	0.1287	0.1107	0.1225	0.1313	0.1323	0.1550	0.1648	0.1736	0.1733	0.1615	0.1928	0.1714	0.1633	0.1730	0.1543	0.1645	0.1821	0.1687	0.1519	0.1549	0.1500	0.1416	0.1532	0.1310	0.1373	0.1292	0.1283	0.1363	0.1164	0.1261	0.1340	0.1180	0.1019	0.1085	0.1155	0.0984	0.1119	0.1166	0.1330	0.1221	0.0972	0.1066	0.1190	0.1125
0.0077	0.0121	0.0292	0.0176	0.0157	0.0177	0.0285	0.0497	0.0424	0.0453	0.0403	0.0640	0.0671	0.0682	0.0518	0.0815	0.0808	0.0835	0.0789	0.0822	0.1045	0.1300	0.0984	0.1060	0.1139	0.1253	0.1282	0.1502	0.1563	0.1523	0.1643	0.1557	0.1791	0.1920	0.2007	0.2034	0.2304	0.2148	0.2046	0.1959	0.1999	0.1948	0.2311	0.2773	0.1803	0.1708	0.1682	0.1656	0.1440	0.1400	0.1552	0.1420	0.1369	0.1259	0.1359	0.1418	0.1277	0.1216	0.1237	0.1204	0.1189	0.1334	0.1312	0.1430	0.1419	0.1191	0.1253	0.1340	0.1688
0.0132	0.0148	0.0153	0.0279	0.0129	0.0224	0.0314	0.0481	0.0454	0.0440	0.0522	0.0559	0.0759	0.0629	0.0602	0.0680	0.0725	0.0730	0.0933	0.1106	0.1029	0.1134	0.1236	0.1305	0.1302	0.1299	0.1299	0.1471	0.1739	0.1828	0.1764	0.1772	0.2021	0.2216	0.2825	0.4804	0.5665	0.3377	0.3569	0.3609	0.2831	0.2346	0.2368	0.3005	0.2382	0.2045	0.1810	0.1733	0.1767	0.1685	0.1793	0.1589	0.1499	0.1682	0.1585	0.1606	0.1522	0.1368	0.1417	0.1351	0.1395	0.1306	0.1476	0.1454	0.1403	0.1429	0.1423	0.1763	0.2179
0.0079	0.0040	0.0174	0.0345	0.0301	0.0420	0.0349	0.0418	0.0496	0.0580	0.0669	0.0588	0.0819	0.0694	0.0982	0.0889	0.0975	0.1012	0.1162	0.1360	0.1280	0.1084	0.1376	0.1447	0.1573	0.1532	0.1528	0.1772	0.1972	0.2037	0.2019	0.2163	0.2587	0.2806	0.3616	0.6971	0.8329	0.6032	0.7072	0.7085	0.5761	0.4169	0.2712	0.2471	0.3199	0.3730	0.3128	0.2216	0.2002	0.1918	0.1853	0.1833	0.1797	0.1945	0.2029	0.1911	0.1869	0.1781	0.1617	0.1567	0.1631	0.1675	0.1708	0.1791	0.1809	0.1786	0.1765	0.2198	0.2857
0.0000	0.0000	0.0275	0.0234	0.0212	0.0408	0.0481	0.0572	0.0574	0.0595	0.0618	0.0643	0.0890	0.0778	0.0794	0.0890	0.1205	0.1254	0.1035	0.1332	0.1654	0.1503	0.1513	0.1621	0.1923	0.2041	0.1819	0.1893	0.2212	0.2412	0.2844	0.2809	0.3264	0.3718	0.4068	0.5539	0.8736	0.8913	0.9389	0.8520	0.7600	0.7280	0.6173	0.4234	0.5916	0.6683	0.6243	0.3833	0.2407	0.2244	0.2373	0.2225	0.1975	0.2089	0.2314	0.2154	0.2269	0.1974	0.1774	0.1828	0.1749	0.1814	0.1848	0.2131	0.2182	0.2015	0.2135	0.2393	0.3118
0.0000	0.0054	0.0182	0.0346	0.0347	0.0560	0.0544	0.0566	0.0430	0.0610	0.0895	0.0943	0.0932	0.0988	0.0847	0.0992	0.1233	0.1274	0.1381	0.1517	0.1728	0.1822	0.1973	0.1917	0.2179	0.2591	0.2594	0.2639	0.3378	0.4495	0.5907	0.6060	0.6549	0.6911	0.5828	0.5882	0.8917	0.8904	0.9050	0.8830	0.8353	0.8261	0.8627	0.6971	0.7439	0.7571	0.7711	0.5634	0.2973	0.2569	0.2726	0.2465	0.2538	0.2801	0.2821	0.2681	0.2861	0.2397	0.2157	0.2065	0.2189	0.2231	0.2217	0.2495	0.2274	0.2243	0.2295	0.2758	0.3454
0.0285	0.0229	0.0086	0.0288	0.0495	0.0306	0.0550	0.0690	0.0690	0.0712	0.0969	0.0958	0.1026	0.0976	0.1125	0.1249	0.1268	0.1618	0.1884	0.1986	0.2362	0.3303	0.4467	0.4069	0.3493	0.4254	0.4736	0.5525	0.7754	0.8429	0.8529	0.9101	0.9227	0.9524	0.8889	0.7801	0.8653	0.7990	0.8071	0.8476	0.8046	0.7816	0.8330	0.8269	0.8218	0.7794	0.7710	0.6938	0.4891	0.3271	0.3222	0.2929	0.3107	0.3183	0.3172	0.3102	0.3019	0.2542	0.2526	0.2275	0.2348	0.2509	0.2520	0.2869	0.2774	0.2732	0.2704	0.3785	0.4039
0.0120	0.0215	0.0332	0.0315	0.0417	0.0348	0.0572	0.0665	0.0821	0.0947	0.0871	0.1006	0.1172	0.1228	0.1277	0.1458	0.1811	0.2248	0.2822	0.3150	0.4030	0.6716	0.8492	0.7407	0.6468	0.7279	0.7860	0.8789	0.8766	0.8445	0.8136	0.8399	0.8960	0.8810	0.8688	0.7949	0.8350	0.7990	0.8133	0.8013	0.7928	0.7777	0.8618	0.8271	0.8013	0.8214	0.7792	0.7439	0.6602	0.4284	0.3929	0.3609	0.3306	0.3521	0.3436	0.3404	0.3342	0.3016	0.2691	0.2533	0.2527	0.2624	0.2748	0.2947	0.2923	0.2845	0.3052	0.3734	0.4119
0.0182	0.0278	0.0431	0.0552	0.0667	0.0786	0.0662	0.0937	0.1226	0.1025	0.0969	0.1337	0.1547	0.1654	0.1944	0.2281	0.3149	0.3914	0.4667	0.5347	0.6489	0.7985	0.8231	0.8792	0.7996	0.7743	0.7417	0.8078	0.8160	0.8176	0.7839	0.8440	0.9296	0.9454	0.8232	0.8277	0.8388	0.8075	0.7770	0.7444	0.7630	0.8016	0.8552	0.8482	0.8518	0.8914	0.8070	0.8019	0.7373	0.6037	0.6199	0.4623	0.4061	0.4686	0.5460	0.5218	0.5152	0.3864	0.2946	0.2749	0.2743	0.2729	0.2967	0.3043	0.3011	0.2658	0.2962	0.3401	0.3976
0.0212	0.0304	0.0645	0.0765	0.0786	0.1244	0.1018	0.1067	0.1340	0.1120	0.1417	0.1926	0.2223	0.2551	0.3266	0.3850	0.5714	0.7038	0.7758	0.7880	0.8012	0.7774	0.6754	0.7180	0.7274	0.6580	0.6683	0.6793	0.7459	0.7465	0.7330	0.7870	0.8511	0.8972	0.8712	0.8250	0.8406	0.8549	0.8144	0.7252	0.7575	0.7948	0.8171	0.8553	0.8513	0.8961	0.8644	0.8377	0.7710	0.7805	0.8199	0.7190	0.6182	0.7577	0.7472	0.7375	0.6649	0.5629	0.3539	0.2937	0.2854	0.3019	0.3256	0.3323	0.2769	0.2838	0.3114	0.3471	0.4090
0.0505	0.0516	0.0781	0.0830	0.1012	0.1402	0.1398	0.1636	0.1713	0.1907	0.2570	0.3063	0.3521	0.3486	0.4738	0.6550	0.7364	0.8379	0.7983	0.7219	0.6985	0.6826	0.5682	0.6230	0.6146	0.5962	0.6061	0.6286	0.5821	0.6529	0.6944	0.7401	0.8090	0.7993	0.8696	0.7997	0.8183	0.8900	0.8654	0.7296	0.7566	0.7622	0.8099	0.8254	0.8382	0.8032	0.8076	0.8420	0.8252	0.8161	0.8150	0.8702	0.8257	0.8568	0.7644	0.7266	0.6743	0.5961	0.4133	0.3008	0.3041	0.3294	0.3461	0.3877	0.3975	0.3562	0.3637	0.3544	0.3377
0.0445	0.0989	0.1027	0.1494	0.2071	0.2783	0.3218	0.3824	0.3752	0.3383	0.4310	0.5130	0.5460	0.5023	0.6455	0.7747	0.7461	0.7632	0.6621	0.6325	0.6167	0.6208	0.5550	0.6124	0.6204	0.5599	0.5735	0.6131	0.5762	0.6484	0.6830	0.7167	0.7207	0.7902	0.8235	0.7968	0.7940	0.7872	0.7803	0.7965	0.7233	0.7244	0.7543	0.7861	0.7457	0.7234	0.7656	0.7789	0.8015	0.8155	0.8034	0.8769	0.8732	0.8075	0.7086	0.6484	0.6484	0.5373	0.3903	0.3229	0.3352	0.3804	0.4632	0.5440	0.5105	0.4265	0.4245	0.3923	0.3661
0.1082	0.1874	0.2855	0.3964	0.4697	0.5495	0.6305	0.6864	0.6941	0.6260	0.6730	0.7016	0.7282	0.6486	0.6732	0.7398	0.6855	0.6433	0.5865	0.5832	0.5851	0.6208	0.6035	0.6193	0.6011	0.5730	0.6467	0.6307	0.6456	0.6816	0.6522	0.7057	0.7374	0.7955	0.7805	0.7697	0.7606	0.7983	0.7729	0.7591	0.7248	0.7154	0.7308	0.7128	0.7072	0.7319	0.7041	0.7628	0.7527	0.7870	0.7930	0.7901	0.8059	0.7847	0.7238	0.6136	0.5381	0.4105	0.3246	0.3381	0.3943	0.4535	0.5492	0.5209	0.4542	0.4023	0.4162	0.4116	0.4060
0.2098	0.3195	0.4146	0.4865	0.5491	0.5870	0.5851	0.6004	0.6387	0.6857	0.6693	0.6439	0.6644	0.5727	0.5828	0.6005	0.5947	0.5723	0.5673	0.5726	0.5887	0.6025	0.6100	0.6268	0.6188	0.5795	0.6572	0.6411	0.6355	0.7232	0.7152	0.7141	0.7253	0.7553	0.7339	0.7434	0.7300	0.7790	0.7598	0.7493	0.7287	0.7412	0.7004	0.7080	0.7667	0.6797	0.6763	0.7234	0.7040	0.7008	0.7027	0.7363	0.7669	0.7487	0.6255	0.4869	0.4212	0.3621	0.3585	0.3545	0.4273	0.5269	0.5716	0.5011	0.4862	0.4210	0.3928	0.4283	0.3867
0.2412	0.3289	0.3352	0.3533	0.4152	0.4462	0.4765	0.4807	0.4740	0.5037	0.5183	0.4957	0.5133	0.4951	0.4562	0.5060	0.5562	0.5969	0.5691	0.5666	0.6193	0.5962	0.5863	0.6050	0.6101	0.6575	0.6431	0.6701	0.6592	0.6732	0.7468	0.7222	0.7455	0.7749	0.7617	0.7544	0.7321	0.7373	0.7459	0.7416	0.7279	0.6743	0.7049	0.7389	0.6921	0.6855	0.7067	0.7030	0.6550	0.6636	0.6948	0.6853	0.6766	0.7289	0.6272	0.4773	0.4295	0.3914	0.3778	0.3686	0.4911	0.5830	0.5331	0.4752	0.4781	0.4261	0.3981	0.4073	0.3802
0.2228	0.2706	0.2978	0.3209	0.3094	0.3146	0.3518	0.3950	0.3822	0.3762	0.4036	0.4065	0.4706	0.4951	0.4824	0.4961	0.5706	0.6168	0.6135	0.5824	0.6099	0.6430	0.6422	0.6186	0.6493	0.6485	0.6238	0.6492	0.6393	0.6982	0.7119	0.7207	0.7163	0.7252	0.7578	0.7350	0.7144	0.7355	0.7318	0.7502	0.7570	0.6929	0.7086	0.7713	0.7044	0.6884	0.6830	0.6861	0.6340	0.6221	0.6802	0.6913	0.6572	0.7293	0.6625	0.5409	0.4379	0.4151	0.3807	0.3805	0.5094	0.6070	0.5443	0.4684	0.4886	0.4490	0.3642	0.3833	0.3624
0.1873	0.2297	0.2674	0.2916	0.3051	0.3186	0.3312	0.3301	0.3298	0.3361	0.4025	0.4153	0.4414	0.4857	0.4835	0.5317	0.5701	0.5940	0.5774	0.5426	0.6235	0.6858	0.6519	0.6499	0.6326	0.5998	0.6469	0.6794	0.6990	0.7296	0.6741	0.6862	0.7372	0.7180	0.7170	0.7110	0.7704	0.7584	0.7426	0.6937	0.7029	0.7167	0.6967	0.7114	0.7502	0.7257	0.6698	0.6701	0.6589	0.6359	0.6728	0.6859	0.7409	0.7107	0.6897	0.5974	0.5201	0.4943	0.4237	0.4277	0.4909	0.5996	0.5386	0.4926	0.4706	0.4400	0.4032	0.3862	0.3440
0.2234	0.2605	0.2815	0.3214	0.2888	0.2922	0.3614	0.3325	0.3151	0.3191	0.3658	0.3929	0.4299	0.4702	0.4944	0.5370	0.5716	0.5895	0.6077	0.5873	0.6363	0.6730	0.6152	0.6138	0.6664	0.6166	0.6496	0.7015	0.6945	0.7193	0.6592	0.7068	0.7398	0.7149	0.7096	0.7075	0.7420	0.7294	0.6831	0.7063	0.7118	0.7101	0.7222	0.7061	0.7304	0.7020	0.7062	0.7127	0.6976	0.6957	0.6537	0.6554	0.7178	0.7351	0.7090	0.7127	0.6575	0.6997	0.6305	0.4730	0.5091	0.6089	0.5548	0.4876	0.4144	0.3778	0.3772	0.3781	0.3440
0.2365	0.2708	0.2904	0.2963	0.3082	0.2994	0.3309	0.3302	0.3605	0.3727	0.3971	0.3892	0.4499	0.4596	0.4838	0.5327	0.5493	0.5718	0.6073	0.6383	0.6166	0.6410	0.6080	0.6511	0.6535	0.6415	0.6244	0.6510	0.6919	0.7056	0.6852	0.7066	0.7203	0.7403	0.7246	0.7369	0.7736	0.7168	0.7070	0.7353	0.7089	0.7311	0.7315	0.6896	0.6929	0.6986	0.7002	0.7058	0.7249	0.7151	0.6996	0.6458	0.6822	0.7079	0.6994	0.7123	0.6447	0.6685	0.6731	0.5967	0.5390	0.5836	0.5791	0.4754	0.4271	0.3897	0.3626	0.3516	0.3169
0.2513	0.2792	0.2882	0.2909	0.2999	0.3101	0.3365	0.3515	0.3566	0.3761	0.4007	0.4203	0.4764	0.4865	0.5133	0.5450	0.5846	0.5647	0.5592	0.5839	0.6454	0.6422	0.5814	0.5899	0.6421	0.6493	0.6498	0.6497	0.6839	0.6882	0.7168	0.7004	0.7014	0.7374	0.7485	0.7234	0.7447	0.7094	0.7343	0.7125	0.7429	0.7193	0.6864	0.6988	0.7145	0.7051	0.7467	0.7074	0.7271	0.7003	0.7276	0.6922	0.6942	0.7089	0.7164	0.6906	0.6681	0.6928	0.6775	0.6462	0.6079	0.5603	0.5036	0.4548	0.4364	0.4232	0.3630	0.3507	0.3149
0.2355	0.2576	0.2971	0.3036	0.2919	0.3071	0.3153	0.3300	0.3539	0.3570	0.3892	0.4115	0.4655	0.4824	0.5377	0.5716	0.5569	0.5460	0.5962	0.6013	0.6176	0.6031	0.5853	0.6301	0.6350	0.6320	0.6251	0.6536	0.6458	0.7087	0.7181	0.7368	0.7654	0.7242	0.7156	0.6774	0.6715	0.6566	0.7448	0.7113	0.7141	0.7007	0.6732	0.6745	0.7337	0.6917	0.6879	0.6999	0.7286	0.7333	0.7854	0.7254	0.7403	0.7415	0.7234	0.6673	0.6320	0.6418	0.6571	0.6342	0.5740	0.5377	0.4998	0.4592	0.4333	0.3797	0.3586	0.3483	0.3333
0.2172	0.2335	0.2863	0.3144	0.3058	0.2732	0.3139	0.3317	0.3500	0.3618	0.3892	0.4259	0.4440	0.4766	0.5065	0.5163	0.5475	0.5527	0.5632	0.6244	0.5980	0.5720	0.5948	0.6357	0.6202	0.6176	0.6206	0.6502	0.6729	0.6872	0.7223	0.7333	0.7206	0.7529	0.6908	0.6821	0.6713	0.6940	0.7308	0.6845	0.7371	0.7389	0.7115	0.6647	0.7233	0.7234	0.7348	0.7211	0.7340	0.7107	0.8235	0.8017	0.8342	0.8066	0.7711	0.7427	0.7256	0.6583	0.6333	0.6557	0.5784	0.5514	0.5378	0.4683	0.4373	0.4054	0.3715	0.3612	0.3570
0.2137	0.2366	0.2336	0.2779	0.3156	0.3003	0.3329	0.3291	0.3357	0.3468	0.4133	0.4317	0.4351	0.4860	0.4946	0.4973	0.4954	0.5321	0.5999	0.6165	0.6054	0.5727	0.5784	0.6070	0.6421	0.5904	0.6415	0.6825	0.7566	0.6840	0.6877	0.7216	0.7508	0.7138	0.7024	0.7161	0.7320	0.7725	0.7190	0.7217	0.7454	0.7563	0.7166	0.6975	0.7181	0.7314	0.7490	0.7456	0.7204	0.7429	0.7622	0.7652	0.8147	0.7944	0.7959	0.7599	0.7314	0.6805	0.6010	0.6104	0.6096	0.5466	0.5417	0.5259	0.4389	0.3896	0.3825	0.3760	0.3247
0.2061	0.2339	0.2679	0.3020	0.3135	0.3099	0.3386	0.3528	0.3797	0.3576	0.4109	0.4269	0.4755	0.4602	0.4899	0.4929	0.5101	0.5348	0.5950	0.5982	0.5950	0.5668	0.5873	0.6353	0.6137	0.5707	0.6391	0.7147	0.7280	0.7384	0.7093	0.7439	0.7907	0.7535	0.7195	0.7224	0.7848	0.7860	0.7387	0.7371	0.7505	0.7520	0.7057	0.7209	0.7320	0.7182	0.7428	0.7314	0.7385	0.7533	0.7962	0.8384	0.7716	0.7763	0.7734	0.7608	0.6954	0.6571	0.6575	0.6443	0.5977	0.5773	0.5519	0.5241	0.4946	0.4071	0.3743	0.3737	0.3481
0.1769	0.2377	0.2295	0.2677	0.2989	0.2976	0.3270	0.3647	0.3953	0.3939	0.4188	0.4358	0.4558	0.4555	0.4773	0.4871	0.5434	0.5472	0.5753	0.5690	0.5826	0.5987	0.5725	0.6069	0.6113	0.6184	0.5915	0.6321	0.6719	0.7191	0.7405	0.7729	0.7951	0.7595	0.7803	0.7722	0.7641	0.7006	0.7091	0.7437	0.7160	0.7834	0.7539	0.7283	0.7354	0.7112	0.7409	0.7271	0.7796	0.7720	0.8097	0.8030	0.7800	0.7479	0.7088	0.7202	0.7457	0.6914	0.6547	0.7079	0.6677	0.6323	0.6070	0.5244	0.4607	0.3919	0.3575	0.3627	0.3372
0.1950	0.2162	0.1893	0.2528	0.2957	0.3140	0.3079	0.3495	0.4311	0.4014	0.4185	0.4249	0.4356	0.4285	0.4795	0.5031	0.5365	0.5411	0.5576	0.5785	0.5835	0.6071	0.5787	0.6250	0.6343	0.6444	0.6118	0.6761	0.7388	0.7312	0.7272	0.7638	0.8064	0.8023	0.8084	0.7883	0.7878	0.7502	0.7529	0.7359	0.7186	0.7383	0.7435	0.6980	0.7054	0.7032	0.7267	0.8095	0.7624	0.8045	0.8087	0.7574	0.7394	0.7563	0.7400	0.7429	0.7532	0.6186	0.4767	0.5922	0.6861	0.6477	0.6378	0.5528	0.4808	0.4233	0.4030	0.4111	0.3858
0.1749	0.2298	0.2199	0.2466	0.2740	0.3030	0.3185	0.3279	0.3800	0.4021	0.3924	0.4346	0.4562	0.4633	0.4524	0.4868	0.5189	0.5421	0.5867	0.6146	0.6426	0.6194	0.5989	0.6845	0.6971	0.6293	0.6566	0.7099	0.7514	0.7383	0.7513	0.7926	0.7904	0.7643	0.8254	0.8046	0.8162	0.7658	0.7622	0.7349	0.7512	0.7449	0.7252	0.7392	0.7386	0.7111	0.7393	0.7673	0.7881	0.7812	0.7491	0.7239	0.7786	0.7887	0.7443	0.7307	0.7448	0.6111	0.3820	0.3981	0.5646	0.6441	0.6127	0.5576	0.4980	0.4328	0.4039	0.3730	0.3947
0.1417	0.2109	0.2423	0.2686	0.2710	0.2904	0.3098	0.3461	0.3842	0.4333	0.4203	0.4288	0.4367	0.5026	0.4676	0.4839	0.5054	0.5318	0.5609	0.6110	0.6711	0.5916	0.6154	0.6543	0.6929	0.6752	0.6952	0.7640	0.7370	0.7434	0.8175	0.8158	0.8126	0.7716	0.7956	0.7775	0.7621	0.7640	0.8023	0.7567	0.7608	0.7885	0.7630	0.7548	0.7198	0.7070	0.7636	0.7249	0.7238	0.7691	0.7970	0.7564	0.7516	0.7761	0.7613	0.7262	0.7167	0.6754	0.4560	0.3815	0.5412	0.6957	0.6412	0.6078	0.5091	0.4694	0.4663	0.4008	0.3951
0.1326	0.1882	0.2094	0.2580	0.2808	0.3020	0.3255	0.3562	0.3556	0.3896	0.4075	0.4141	0.4402	0.5036	0.4747	0.4971	0.5256	0.5419	0.5303	0.6146	0.6466	0.6143	0.6313	0.6668	0.7151	0.7259	0.7195	0.7396	0.7117	0.7598	0.7378	0.7607	0.7935	0.7806	0.8468	0.7804	0.7534	0.7803	0.8362	0.7742	0.8011	0.8068	0.7619	0.7306	0.7136	0.7358	0.7057	0.7211	0.6992	0.7715	0.7872	0.7508	0.7594	0.8271	0.7761	0.7143	0.7961	0.7510	0.4953	0.3884	0.4524	0.6625	0.7160	0.6274	0.5833	0.5136	0.4764	0.4264	0.4115
0.1920	0.1993	0.2307	0.2503	0.2628	0.2935	0.3111	0.3417	0.3526	0.3956	0.4214	0.4555	0.4806	0.5007	0.4973	0.4855	0.5016	0.5461	0.5751	0.6428	0.6164	0.6126	0.6609	0.6753	0.7406	0.6927	0.6895	0.7250	0.7619	0.7543	0.7498	0.7557	0.8234	0.8488	0.8208	0.7857	0.7544	0.7505	0.7698	0.7801	0.8073	0.8078	0.7994	0.7300	0.7011	0.7197	0.7578	0.7583	0.7781	0.7899	0.7943	0.7735	0.7527	0.7631	0.8021	0.6531	0.6021	0.5801	0.4238	0.3723	0.4005	0.5644	0.6726	0.6524	0.5703	0.5030	0.5058	0.4452	0.4286
0.1829	0.1947	0.2316	0.2746	0.2946	0.3342	0.3559	0.4082	0.4170	0.4479	0.4303	0.4477	0.4714	0.4950	0.4989	0.5345	0.5191	0.5584	0.5823	0.6186	0.6545	0.6653	0.6571	0.6874	0.6708	0.6950	0.6418	0.7223	0.7561	0.7721	0.7568	0.8036	0.8012	0.7990	0.7680	0.7640	0.7716	0.7451	0.7600	0.7281	0.7886	0.8006	0.7431	0.7491	0.7152	0.7039	0.7237	0.7309	0.7821	0.8004	0.7911	0.7416	0.7390	0.7490	0.7342	0.6945	0.4443	0.3468	0.3221	0.3184	0.3287	0.3794	0.4517	0.5520	0.6177	0.5327	0.5090	0.4800	0.4587
0.2102	0.2460	0.2838	0.2949	0.3274	0.3792	0.4573	0.5461	0.5014	0.5008	0.5562	0.5400	0.4967	0.5185	0.5104	0.5190	0.5605	0.6415	0.6316	0.6415	0.6397	0.6762	0.6741	0.7051	0.6956	0.6895	0.7043	0.7151	0.7529	0.7299	0.8207	0.8167	0.7492	0.7612	0.7621	0.7718	0.7965	0.7837	0.7813	0.7536	0.7971	0.7576	0.7426	0.7385	0.7465	0.7336	0.7673	0.7727	0.7686	0.7845	0.8197	0.8063	0.7817	0.7879	0.7460	0.7181	0.5481	0.3469	0.3128	0.2976	0.3083	0.3300	0.3805	0.5186	0.6556	0.6088	0.5808	0.5240	0.4784
0.2160	0.3079	0.3756	0.4221	0.4825	0.5371	0.6150	0.6886	0.6614	0.6958	0.7499	0.7402	0.6339	0.6361	0.6352	0.6125	0.6766	0.6658	0.6214	0.6359	0.6020	0.6568	0.6471	0.6298	0.6935	0.6744	0.6936	0.7033	0.6985	0.6928	0.7175	0.7611	0.7808	0.7623	0.7776	0.7946	0.8200	0.8363	0.8215	0.7747	0.8178	0.8028	0.7974	0.7924	0.7953	0.7740	0.8103	0.7970	0.8228	0.8597	0.8405	0.8761	0.8719	0.8284	0.7382	0.7422	0.6798	0.4429	0.2956	0.2986	0.3128	0.3371	0.3690	0.4587	0.6020	0.6451	0.5845	0.5362	0.4783
0.1417	0.2080	0.3407	0.4759	0.5356	0.6704	0.7724	0.7609	0.7517	0.7980	0.7126	0.7405	0.7613	0.7774	0.7916	0.7900	0.7866	0.7293	0.7019	0.6740	0.6580	0.6629	0.6329	0.6021	0.6319	0.6365	0.6174	0.6551	0.6914	0.6931	0.7113	0.7362	0.7558	0.7634	0.7890	0.8324	0.8566	0.8209	0.8598	0.8010	0.7709	0.8152	0.8612	0.8700	0.8897	0.8273	0.8578	0.8511	0.8925	0.8990	0.8698	0.8302	0.7228	0.7995	0.8096	0.7370	0.7136	0.4933	0.3140	0.3014	0.3105	0.3200	0.3248	0.3891	0.4778	0.6281	0.6274	0.5629	0.4719
0.0786	0.0832	0.1426	0.1967	0.3163	0.3975	0.4245	0.4766	0.4523	0.4498	0.4533	0.4843	0.6835	0.8260	0.8232	0.8604	0.8757	0.8587	0.8244	0.8144	0.7781	0.7519	0.7064	0.6671	0.6627	0.6489	0.6576	0.6731	0.7339	0.7293	0.7477	0.8047	0.7816	0.7961	0.8283	0.8700	0.8917	0.8391	0.8269	0.7949	0.8466	0.8370	0.8888	0.8824	0.8849	0.8928	0.9140	0.9101	0.9001	0.8957	0.8625	0.6175	0.4365	0.6027	0.7959	0.7733	0.7241	0.4335	0.2821	0.2910	0.2955	0.2997	0.3101	0.3402	0.4086	0.5715	0.5691	0.5073	0.4997
0.0178	0.0369	0.0841	0.0849	0.1022	0.1194	0.1413	0.1860	0.1962	0.2029	0.2689	0.2775	0.3905	0.4925	0.5336	0.6514	0.8804	0.9011	0.8759	0.8532	0.8752	0.8232	0.7644	0.7394	0.7382	0.6859	0.6964	0.7444	0.7654	0.8036	0.8039	0.8294	0.8424	0.8622	0.8871	0.9160	0.8862	0.8628	0.8259	0.8350	0.8469	0.8369	0.8821	0.8915	0.9207	0.9184	0.9736	0.8912	0.8425	0.8292	0.7514	0.4273	0.3433	0.5200	0.7798	0.7377	0.5744	0.3074	0.2453	0.2670	0.2612	0.2577	0.2965	0.3236	0.3611	0.4292	0.4227	0.4026	0.4827
0.0000	0.0251	0.0629	0.0512	0.0619	0.0770	0.0874	0.1203	0.1136	0.1271	0.1562	0.1773	0.2213	0.2566	0.3027	0.3885	0.5870	0.7064	0.8087	0.8683	0.8508	0.8665	0.8220	0.8713	0.8710	0.7992	0.7405	0.8026	0.8493	0.8799	0.8346	0.8175	0.9053	0.8933	0.8588	0.8442	0.8132	0.8620	0.8207	0.8003	0.9085	0.8822	0.8364	0.7891	0.8079	0.8174	0.7747	0.6248	0.7506	0.7942	0.5432	0.2744	0.2631	0.3158	0.4324	0.4224	0.3237	0.2614	0.2551	0.2525	0.2591	0.2512	0.2759	0.3135	0.3086	0.3374	0.4012	0.5267	0.5753
0.0176	0.0353	0.0351	0.0509	0.0736	0.0623	0.0862	0.0889	0.0777	0.0954	0.1179	0.1188	0.1225	0.1438	0.1705	0.2239	0.2871	0.3306	0.4186	0.6173	0.6806	0.7040	0.8096	0.9553	0.8407	0.8067	0.8318	0.8715	0.8869	0.9145	0.8917	0.9011	0.9059	0.8741	0.8899	0.8586	0.8765	0.8340	0.8597	0.8175	0.8221	0.8409	0.6551	0.4070	0.4121	0.4747	0.3910	0.3278	0.4727	0.5292	0.3347	0.2208	0.2139	0.2226	0.2377	0.2480	0.2539	0.2357	0.2165	0.2417	0.2349	0.2399	0.2662	0.2726	0.2768	0.3211	0.3469	0.4439	0.5275
0.0249	0.0316	0.0373	0.0521	0.0620	0.0556	0.0660	0.0632	0.0524	0.0757	0.0895	0.0863	0.0895	0.0919	0.1146	0.1375	0.1616	0.1743	0.2195	0.2692	0.3309	0.3798	0.6605	0.8782	0.8372	0.6471	0.7181	0.8735	0.9332	0.9466	0.8832	0.9390	0.9239	0.9030	0.8975	0.8697	0.9012	0.9213	0.8643	0.8238	0.7654	0.7288	0.4291	0.2567	0.2420	0.2485	0.2163	0.2323	0.2420	0.2451	0.2216	0.1894	0.1910	0.1945	0.2148	0.2064	0.1877	0.1929	0.1871	0.1959	0.2031	0.1943	0.2036	0.2188	0.2198	0.2613	0.2651	0.2788	0.3053
0.0090	0.0208	0.0382	0.0385	0.0328	0.0785	0.0848	0.0637	0.0610	0.0645	0.0722	0.0930	0.0855	0.0834	0.0891	0.1100	0.1087	0.1224	0.1372	0.1506	0.1751	0.2068	0.3816	0.5374	0.4615	0.3244	0.3790	0.5350	0.6241	0.7117	0.9236	1.0000	0.9621	0.8896	0.9259	0.9253	0.9186	0.8347	0.7804	0.6235	0.6587	0.6643	0.3617	0.2104	0.1872	0.1908	0.1907	0.1914	0.1898	0.1858	0.1815	0.1704	0.1808	0.1687	0.1826	0.1753	0.1727	0.1724	0.1760	0.1889	0.1897	0.1880	0.1862	0.1856	0.1911	0.2061	0.2022	0.2049	0.2297
0.0189	0.0090	0.0290	0.0334	0.0267	0.0523	0.0593	0.0556	0.0565	0.0616	0.0621	0.0766	0.0797	0.0903	0.0874	0.1012	0.1073	0.1015	0.1037	0.1214	0.1184	0.1257	0.1514	0.1822	0.1789	0.1957	0.1965	0.2479	0.2945	0.3437	0.6433	0.9191	0.8979	0.8320	0.7858	0.8559	0.8088	0.5030	0.3513	0.2746	0.3432	0.3514	0.2163	0.1719	0.1653	0.1646	0.1533	0.1550	0.1574	0.1641	0.1698	0.1573	0.1639	0.1571	0.1486	0.1598	0.1639	0.1626	0.1540	0.1648	0.1610	0.1692	0.1661	0.1718	0.1730	0.1829	0.1777	0.1885	0.2065
0.0160	0.0097	0.0341	0.0263	0.0333	0.0313	0.0383	0.0597	0.0594	0.0508	0.0572	0.0563	0.0609	0.0706	0.0811	0.0818	0.1057	0.1126	0.0995	0.1076	0.1008	0.1155	0.1236	0.1154	0.1290	0.1359	0.1416	0.1569	0.1855	0.1917	0.2283	0.3292	0.4150	0.4344	0.3487	0.6178	0.5367	0.2059	0.1432	0.1438	0.1484	0.1440	0.1366	0.1397	0.1370	0.1435	0.1389	0.1440	0.1423	0.1462	0.1477	0.1421	0.1341	0.1313	0.1349	0.1525	0.1507	0.1378	0.1332	0.1378	0.1378	0.1460	0.1480	0.1465	0.1485	0.1446	0.1511	0.1788	0.1738
0.0096	0.0000	0.0284	0.0440	0.0283	0.0282	0.0500	0.0525	0.0530	0.0444	0.0641	0.0600	0.0619	0.0586	0.0667	0.0787	0.0905	0.0902	0.0718	0.0920	0.1026	0.1034	0.1057	0.1136	0.1221	0.1117	0.1110	0.1185	0.1281	0.1249	0.1135	0.1361	0.1441	0.1553	0.1427	0.2157	0.1844	0.1239	0.1260	0.1137	0.1081	0.1124	0.1174	0.1089	0.1094	0.1072	0.1062	0.1090	0.1144	0.1163	0.1177	0.1202	0.1016	0.1040	0.1139	0.1283	0.1119	0.1166	0.1222	0.1344	0.1263	0.1192	0.1162	0.1176	0.1138	0.1181	0.1167	0.1311	0.1405
0.0000	0.0000	0.0206	0.0269	0.0270	0.0273	0.0392	0.0416	0.0282	0.0535	0.0521	0.0545	0.0656	0.0570	0.0598	0.0840	0.0691	0.0745	0.0761	0.0815	0.0842	0.0905	0.0912	0.1001	0.1086	0.1017	0.0981	0.1041	0.1003	0.1072	0.1043	0.1127	0.1166	0.1258	0.1128	0.1176	0.1031	0.1062	0.1106	0.1145	0.1018	0.1021	0.0951	0.0891	0.0940	0.0992	0.0984	0.0905	0.0873	0.0881	0.0899	0.0850	0.0776	0.0778	0.0808	0.0894	0.0875	0.0856	0.0868	0.1039	0.1005	0.0926	0.0952	0.0967	0.0980	0.1032	0.1101	0.1068	0.1134
0.0000	0.0000	0.0115	0.0169	0.0135	0.0188	0.0326	0.0365	0.0380	0.0360	0.0371	0.0441	0.0647	0.0589	0.0645	0.0758	0.0702	0.0753	0.0767	0.0856	0.0825	0.0775	0.0859	0.0836	0.0952	0.0965	0.0986	0.1002	0.0993	0.0939	0.0871	0.1048	0.1222	0.1081	0.0943	0.1098	0.1065	0.0957	0.0937	0.0967	0.0979	0.0907	0.0874	0.0817	0.0835	0.0941	0.0828	0.0782	0.0819	0.0761	0.0767	0.0739	0.0632	0.0641	0.0735	0.0674	0.0661	0.0619	0.0658	0.0707	0.0704	0.0571	0.0608	0.0688	0.0848	0.0785	0.0755	0.0809	0.0844
0.0000	0.0000	0.0027	0.0150	0.0127	0.0123	0.0181	0.0284	0.0289	0.0365	0.0500	0.0349	0.0382	0.0529	0.0587	0.0577	0.0764	0.0657	0.0561	0.0635	0.0701	0.0741	0.0771	0.0744	0.0786	0.0870	0.0834	0.0968	0.0940	0.0896	0.0882	0.0907	0.0877	0.0926	0.0925	0.0988	0.1018	0.0883	0.0804	0.0788	0.0887	0.0800	0.0875	0.0782	0.0707	0.0691	0.0736	0.0745	0.0719	0.0768	0.0718	0.0670	0.0590	0.0625	0.0664	0.0639	0.0615	0.0572	0.0555	0.0563	0.0627	0.0534	0.0543	0.0512	0.0700	0.0575	0.0494	0.0523	0.0563
0.0000	0.0000	0.0019	0.0041	0.0033	0.0000	0.0168	0.0294	0.0278	0.0209	0.0306	0.0322	0.0328	0.0439	0.0468	0.0534	0.0579	0.0438	0.0535	0.0543	0.0530	0.0671	0.0714	0.0633	0.0855	0.0853	0.0749	0.0796	0.0842	0.0888	0.0800	0.0798	0.0786	0.0796	0.0778	0.0715	0.0747	0.0843	0.0799	0.0768	0.0744	0.0752	0.0781	0.0675	0.0648	0.0577	0.0624	0.0635	0.0598	0.0638	0.0601	0.0579	0.0622	0.0578	0.0573	0.0606	0.0554	0.0536	0.0518	0.0475	0.0505	0.0437	0.0391	0.0479	0.0489	0.0443	0.0458	0.0371	0.0406
0.0000	0.0000	0.0042	0.0000	0.0000	0.0084	0.0086	0.0114	0.0181	0.0114	0.0168	0.0379	0.0475	0.0435	0.0473	0.0524	0.0531	0.0446	0.0444	0.0641	0.0608	0.0526	0.0480	0.0665	0.0790	0.0765	0.0714	0.0746	0.0825	0.0764	0.0761	0.0745	0.0748	0.0760	0.0796	0.0670	0.0637	0.0798	0.0711	0.0682	0.0698	0.0684	0.0701	0.0659	0.0605	0.0585	0.0580	0.0572	0.0557	0.0554	0.0557	0.0664	0.0556	0.0508	0.0571	0.0580	0.0498	0.0458	0.0516	0.0484	0.0514	0.0394	0.0431	0.0474	0.0391	0.0394	0.0403	0.0378	0.0354
0.0000	0.0000	0.0000	0.0018	0.0021	0.0048	0.0071	0.0079	0.0069	0.0097	0.0187	0.0354	0.0552	0.0423	0.0420	0.0483	0.0559	0.0461	0.0409	0.0520	0.0657	0.0675	0.0599	0.0594	0.0630	0.0703	0.0673	0.0718	0.0727	0.0709	0.0734	0.0746	0.0795	0.0775	0.0733	0.0609	0.0691	0.0743	0.0803	0.0773	0.0651	0.0584	0.0676	0.0622	0.0609	0.0561	0.0655	0.0609	0.0540	0.0621	0.0581	0.0495	0.0515	0.0495	0.0544	0.0523	0.0452	0.0429	0.0469	0.0455	0.0415	0.0437	0.0404	0.0415	0.0325	0.0319	0.0293	0.0351	0.0327
0.0000	0.0000	0.0000	0.0000	0.0000	0.0000	0.0040	0.0100	0.0131	0.0290	0.0259	0.0276	0.0348	0.0204	0.0374	0.0421	0.0417	0.0423	0.0462	0.0522	0.0550	0.0629	0.0501	0.0504	0.0520	0.0576	0.0593	0.0659	0.0570	0.0678	0.0673	0.0664	0.0656	0.0674	0.0634	0.0577	0.0581	0.0698	0.0664	0.0675	0.0642	0.0569	0.0610	0.0500	0.0584	0.0557	0.0543	0.0583	0.0566	0.0544	0.0490	0.0436	0.0479	0.0483	0.0519	0.0486	0.0449	0.0333	0.0353	0.0335	0.0340	0.0297	0.0269	0.0367	0.0382	0.0219	0.0289	0.0229	0.0236
0.0000	0.0000	0.0000	0.0000	0.0000	0.0000	0.0144	0.0109	0.0197	0.0147	0.0039	0.0330	0.0372	0.0253	0.0373	0.0352	0.0363	0.0281	0.0474	0.0486	0.0476	0.0466	0.0452	0.0450	0.0553	0.0544	0.0585	0.0586	0.0642	0.0672	0.0683	0.0591	0.0636	0.0742	0.0607	0.0511	0.0567	0.0627	0.0563	0.0593	0.0540	0.0590	0.0526	0.0472	0.0578	0.0535	0.0501	0.0501	0.0405	0.0391	0.0405	0.0464	0.0428	0.0399	0.0436	0.0496	0.0396	0.0279	0.0340	0.0300	0.0293	0.0259	0.0310	0.0329	0.0334	0.0271	0.0210	0.0216	0.0236
0.0000	0.0000	0.0000	0.0000	0.0000	0.0000	0.0051	0.0102	0.0236	0.0078	0.0207	0.0195	0.0210	0.0147	0.0297	0.0338	0.0275	0.0257	0.0302	0.0275	0.0304	0.0451	0.0456	0.0329	0.0536	0.0561	0.0507	0.0582	0.0651	0.0609	0.0638	0.0506	0.0622	0.0596	0.0603	0.0516	0.0540	0.0659	0.0571	0.0659	0.0548	0.0574	0.0572	0.0537	0.0532	0.0513	0.0545	0.0474	0.0400	0.0384	0.0419	0.0457	0.0416	0.0303	0.0439	0.0408	0.0283	0.0264	0.0244	0.0316	0.0329	0.0311	0.0325	0.0349	0.0312	0.0308	0.0286	0.0223	0.0353
