0.0000	0.0000	0.0000	0.0146	0.0103	0.0000	0.0038	0.0326	0.0279	0.0168	0.0052	0.0265	0.0478	0.0354	0.0502	0.0651	0.0638	0.0586	0.0625	0.0660	0.0539	0.0551	0.0889	0.1049	0.0889	0.0804	0.1001	0.0935	0.0931	0.1182	0.0801	0.0807	0.1039	0.0983	0.0942	0.0902	0.0950	0.0957	0.1201	0.0907	0.1077	0.1125	0.1134	0.0891	0.0857	0.0902	0.1052	0.0897	0.0897	0.0932	0.0953	0.0862	0.0833	0.0979	0.0775	0.0803	0.0874	0.0720	0.0939	0.0652	0.0712	0.0834	0.0662	0.0718	0.0589	0.0446	0.0507	0.0590	0.0542
0.0000	0.0039	0.0198	0.0164	0.0122	0.0029	0.0064	0.0184	0.0266	0.0324	0.0299	0.0486	0.0629	0.0582	0.0587	0.0659	0.0576	0.0502	0.0700	0.0777	0.0864	0.0746	0.0810	0.0892	0.0985	0.0925	0.0997	0.0928	0.0938	0.1117	0.0950	0.1024	0.1187	0.1010	0.1024	0.1079	0.1134	0.1183	0.1183	0.1088	0.1206	0.1355	0.1107	0.1016	0.0848	0.1018	0.1178	0.1033	0.0987	0.1073	0.1195	0.1055	0.0911	0.0965	0.0929	0.0868	0.0979	0.0943	0.0830	0.0894	0.0775	0.0815	0.0825	0.0847	0.0698	0.0670	0.0565	0.0593	0.0671
0.0000	0.0083	0.0056	0.0141	0.0071	0.0297	0.0123	0.0482	0.0371	0.0193	0.0318	0.0450	0.0435	0.0634	0.0563	0.0455	0.0517	0.0546	0.0590	0.0781	0.0884	0.0784	0.0844	0.0924	0.1008	0.0963	0.1186	0.0977	0.1183	0.1318	0.1071	0.1098	0.1157	0.1332	0.1204	0.1149	0.1357	0.1308	0.1214	0.1113	0.1212	0.1324	0.1193	0.1049	0.0868	0.1063	0.1147	0.1142	0.1158	0.1141	0.1204	0.1232	0.1023	0.1039	0.1069	0.1048	0.1025	0.0905	0.0968	0.0842	0.0920	0.1068	0.0910	0.0812	0.0828	0.0825	0.0732	0.0815	0.0686
0.0054	0.0051	0.0069	0.0113	0.0065	0.0323	0.0456	0.0592	0.0168	0.0257	0.0397	0.0527	0.0496	0.0443	0.0472	0.0612	0.0682	0.0771	0.0634	0.0700	0.1067	0.0872	0.0852	0.0888	0.1109	0.0996	0.1028	0.0916	0.1037	0.1124	0.1035	0.1080	0.1158	0.1212	0.1400	0.1209	0.1205	0.1242	0.1271	0.1196	0.1193	0.1312	0.1204	0.1269	0.1084	0.1169	0.1200	0.1185	0.1209	0.1064	0.1187	0.1318	0.1104	0.1117	0.1246	0.1002	0.0965	0.1071	0.0965	0.0865	0.0947	0.0918	0.1044	0.1085	0.0880	0.0783	0.0797	0.0868	0.0804
0.0054	0.0000	0.0083	0.0330	0.0301	0.0236	0.0312	0.0344	0.0308	0.0518	0.0371	0.0660	0.0732	0.0503	0.0547	0.0739	0.0891	0.0798	0.0668	0.0699	0.0763	0.0765	0.0792	0.0862	0.1079	0.1014	0.1097	0.0957	0.1250	0.1110	0.1085	0.1092	0.1207	0.1310	0.1358	0.1328	0.1327	0.1243	0.1443	0.1355	0.1195	0.1062	0.1192	0.1253	0.1191	0.1229	0.1399	0.1293	0.1127	0.1422	0.1339	0.1191	0.1312	0.1149	0.1086	0.1225	0.1119	0.0982	0.0879	0.1168	0.1103	0.0891	0.1150	0.1079	0.1089	0.0910	0.1127	0.0989	0.0880
0.0074	0.0015	0.0052	0.0366	0.0329	0.0169	0.0294	0.0301	0.0391	0.0505	0.0576	0.0607	0.0640	0.0607	0.0677	0.1016	0.0806	0.0730	0.0829	0.0878	0.0823	0.0760	0.0721	0.0855	0.1089	0.1084	0.1087	0.1055	0.1184	0.1254	0.1048	0.1220	0.1378	0.1489	0.1374	0.1489	0.1421	0.1234	0.1278	0.1108	0.1228	0.1383	0.1425	0.1177	0.1115	0.1082	0.1144	0.1332	0.1238	0.1381	0.1353	0.1282	0.1506	0.1499	0.1199	0.1246	0.1277	0.1099	0.1158	0.1154	0.1091	0.1248	0.1348	0.1449	0.1363	0.1043	0.0989	0.1259	0.0938
0.0090	0.0000	0.0133	0.0356	0.0144	0.0202	0.0249	0.0401	0.0506	0.0452	0.0609	0.0592	0.0612	0.0706	0.0622	0.0911	0.0922	0.0956	0.1006	0.0919	0.0910	0.1014	0.0858	0.0847	0.0993	0.1257	0.1163	0.1107	0.1089	0.1379	0.1288	0.1326	0.1418	0.1390	0.1520	0.1415	0.1379	0.1482	0.1290	0.1346	0.1423	0.1462	0.1507	0.1295	0.1190	0.1353	0.1307	0.1526	0.1501	0.1422	0.1381	0.1561	0.1652	0.1535	0.1340	0.1402	0.1360	0.1253	0.1389	0.1360	0.1211	0.1332	0.1273	0.1618	0.1588	0.1322	0.1274	0.1414	0.1173
0.0063	0.0281	0.0316	0.0377	0.0096	0.0071	0.0481	0.0688	0.0731	0.0664	0.0579	0.0870	0.0680	0.0513	0.0718	0.0986	0.0895	0.0961	0.0939	0.0957	0.1093	0.1288	0.1097	0.0920	0.1172	0.1198	0.1134	0.1367	0.1296	0.1291	0.1366	0.1275	0.1497	0.1739	0.1598	0.1443	0.1676	0.1719	0.1519	0.1596	0.1555	0.1517	0.1546	0.1375	0.1226	0.1535	0.1574	0.1827	0.1709	0.1459	0.1553	0.1552	0.1412	0.1432	0.1583	0.1611	0.1592	0.1483	0.1573	0.1542	0.1522	0.1442	0.1549	0.1715	0.1572	0.1459	0.1610	0.1748	0.1500
0.0093	0.0204	0.0479	0.0514	0.0309	0.0627	0.0610	0.0562	0.0869	0.0866	0.0768	0.0638	0.0719	0.0790	0.0758	0.0861	0.0791	0.1012	0.1044	0.1200	0.1183	0.1185	0.1328	0.1241	0.1411	0.1210	0.1199	0.1284	0.1519	0.1437	0.1410	0.1476	0.1606	0.1567	0.1541	0.1372	0.1649	0.1768	0.1745	0.1783	0.1748	0.1629	0.1602	0.1583	0.1750	0.1765	0.1730	0.2135	0.2053	0.1960	0.1949	0.1860	0.1827	0.1964	0.1881	0.1845	0.1686	0.1721	0.1746	0.1799	0.1844	0.1728	0.1862	0.2025	0.1862	0.2043	0.1874	0.1847	0.1846
0.0102	0.0064	0.0226	0.0311	0.0525	0.0619	0.0385	0.0488	0.0656	0.0698	0.0768	0.0863	0.0817	0.0796	0.0927	0.0885	0.0956	0.1121	0.1194	0.1337	0.1452	0.1244	0.1235	0.1545	0.1469	0.1537	0.1619	0.1268	0.1523	0.1645	0.1564	0.1612	0.1746	0.1715	0.1600	0.1706	0.2068	0.1896	0.1879	0.1947	0.1918	0.1837	0.1746	0.1948	0.1952	0.2136	0.2231	0.2061	0.2184	0.2434	0.2539	0.2162	0.1990	0.2196	0.2378	0.2104	0.1929	0.1947	0.2120	0.1967	0.2172	0.2379	0.2403	0.2840	0.3271	0.2901	0.2717	0.2454	0.2282
0.0189	0.0161	0.0326	0.0359	0.0697	0.0677	0.0477	0.0761	0.0842	0.0669	0.0748	0.0904	0.0999	0.1031	0.0893	0.1099	0.1161	0.1207	0.1162	0.1502	0.1563	0.1360	0.1332	0.1487	0.1597	0.1656	0.1711	0.1621	0.1670	0.1800	0.1859	0.1859	0.1758	0.2006	0.2067	0.2048	0.2262	0.2203	0.2097	0.2359	0.2175	0.2093	0.2346	0.2168	0.2305	0.2352	0.2518	0.2807	0.2560	0.2575	0.2846	0.2928	0.2453	0.2422	0.2527	0.2533	0.2641	0.2716	0.2658	0.2809	0.3436	0.3441	0.3168	0.4235	0.4772	0.3972	0.3765	0.3062	0.2356
0.0161	0.0340	0.0394	0.0394	0.0384	0.0477	0.0459	0.0806	0.0891	0.0766	0.0991	0.0942	0.0905	0.0969	0.0855	0.1083	0.1163	0.1438	0.1473	0.1687	0.1602	0.1464	0.1761	0.1875	0.2170	0.1906	0.1966	0.1947	0.1951	0.2095	0.1875	0.2104	0.2230	0.2316	0.2212	0.2204	0.2350	0.2669	0.2781	0.3148	0.3061	0.2692	0.3124	0.2800	0.2510	0.2666	0.3098	0.3435	0.3615	0.4529	0.4115	0.3888	0.3427	0.3365	0.3702	0.4646	0.5245	0.4896	0.3968	0.3896	0.5277	0.5417	0.4776	0.5303	0.5093	0.4156	0.4188	0.3900	0.2619
0.0219	0.0141	0.0400	0.0611	0.0561	0.0575	0.0626	0.0738	0.0964	0.0804	0.0902	0.1145	0.1181	0.1141	0.1111	0.1209	0.1300	0.1775	0.1643	0.2064	0.2113	0.2350	0.2559	0.2865	0.3790	0.3406	0.2447	0.2194	0.2440	0.2520	0.2513	0.2598	0.2605	0.3081	0.3002	0.2794	0.3294	0.3913	0.4943	0.6207	0.6264	0.5238	0.4346	0.3907	0.5012	0.4982	0.4543	0.5590	0.6781	0.6894	0.6578	0.5639	0.4886	0.5271	0.5455	0.6807	0.7212	0.6544	0.6277	0.5047	0.5834	0.6406	0.5859	0.5706	0.5326	0.4491	0.4704	0.4215	0.2937
0.0062	0.0229	0.0517	0.0525	0.0628	0.0757	0.0717	0.1199	0.1336	0.0944	0.0913	0.1280	0.1227	0.1370	0.1414	0.1659	0.1898	0.2405	0.2723	0.3380	0.3691	0.3791	0.5131	0.5749	0.5750	0.5379	0.4308	0.4042	0.4421	0.4757	0.5118	0.4637	0.4656	0.5035	0.5397	0.6230	0.6307	0.6193	0.7748	0.8510	0.8606	0.8389	0.7667	0.6398	0.8028	0.8069	0.7643	0.8291	0.8267	0.7455	0.8019	0.8005	0.7313	0.6975	0.6885	0.7411	0.7208	0.6562	0.6534	0.6856	0.6716	0.6187	0.5908	0.5528	0.5206	0.4583	0.4777	0.3951	0.3353
0.0320	0.0420	0.0492	0.0583	0.0777	0.0834	0.0755	0.1181	0.1301	0.1074	0.1296	0.1387	0.1395	0.1633	0.2422	0.3113	0.3636	0.4557	0.4953	0.5736	0.6313	0.6266	0.6560	0.7048	0.6561	0.6243	0.6324	0.6908	0.7314	0.8039	0.7805	0.8257	0.9163	0.8973	0.8595	0.9524	0.9469	0.9597	0.9113	0.8705	0.8834	0.9047	0.9096	0.8615	0.9034	0.8542	0.8188	0.8608	0.9081	0.8555	0.8854	0.8048	0.7569	0.7118	0.6949	0.6739	0.6692	0.6520	0.6411	0.6835	0.6338	0.5956	0.5831	0.5393	0.5232	0.4380	0.4505	0.4196	0.4056
0.0428	0.0528	0.0390	0.0673	0.0930	0.0832	0.0924	0.1324	0.1425	0.1412	0.1645	0.2065	0.2346	0.3066	0.5132	0.5763	0.6705	0.6499	0.6674	0.6730	0.6881	0.7280	0.6693	0.7223	0.6904	0.6788	0.7228	0.7907	0.8179	0.8254	0.8608	0.9606	1.0000	0.9970	0.9191	0.9530	0.9937	0.9599	0.9017	0.8349	0.8431	0.8175	0.9079	0.8746	0.8368	0.8332	0.7816	0.7858	0.7852	0.8076	0.8038	0.8070	0.7248	0.6607	0.6450	0.6570	0.5960	0.6412	0.6169	0.6450	0.5931	0.5297	0.5439	0.5264	0.4584	0.4447	0.4257	0.4436	0.4117
0.0546	0.0492	0.0506	0.0867	0.1186	0.1310	0.1433	0.1842	0.2175	0.2384	0.2821	0.3618	0.4280	0.5277	0.6804	0.7271	0.7100	0.7060	0.6574	0.6767	0.6865	0.6806	0.6676	0.6844	0.7044	0.6778	0.7120	0.7363	0.7029	0.7670	0.8300	0.8809	0.9181	0.8905	0.9282	0.8723	0.9241	0.8914	0.8898	0.7978	0.8004	0.7629	0.8504	0.7919	0.7580	0.7195	0.7173	0.7465	0.7047	0.7302	0.7145	0.7463	0.6892	0.6550	0.6266	0.5966	0.5797	0.5880	0.5595	0.5714	0.5395	0.4872	0.4812	0.4874	0.4673	0.3992	0.3999	0.3964	0.3662
0.0717	0.0926	0.1492	0.1908	0.1999	0.2522	0.2985	0.3504	0.4077	0.3906	0.4484	0.5322	0.6178	0.6420	0.6707	0.6900	0.6440	0.6246	0.5833	0.5871	0.6547	0.6357	0.5897	0.6164	0.6102	0.6308	0.6491	0.6815	0.6264	0.7071	0.7829	0.8051	0.7871	0.8109	0.8577	0.8239	0.8162	0.7777	0.7924	0.7639	0.7104	0.7172	0.7172	0.7188	0.7134	0.6645	0.6623	0.7101	0.7052	0.7009	0.6623	0.6884	0.6528	0.6024	0.5586	0.5527	0.5190	0.5088	0.5446	0.4977	0.4503	0.4710	0.4545	0.4339	0.4183	0.3845	0.4055	0.4032	0.3589
0.1177	0.2104	0.3098	0.4005	0.4448	0.5187	0.5816	0.5739	0.6258	0.6150	0.6307	0.6636	0.6956	0.6236	0.5724	0.5961	0.6273	0.5590	0.5367	0.5531	0.5626	0.5843	0.5871	0.5790	0.5799	0.6004	0.6606	0.6531	0.6359	0.7356	0.7269	0.7197	0.7301	0.7742	0.7564	0.7888	0.7466	0.7286	0.7521	0.7444	0.6998	0.6578	0.6582	0.6666	0.6749	0.6861	0.6548	0.6419	0.6413	0.7172	0.6612	0.6509	0.6259	0.5769	0.5443	0.5373	0.4684	0.4605	0.4933	0.4722	0.4823	0.4299	0.4244	0.3960	0.3769	0.3711	0.3775	0.3808	0.3604
0.2158	0.3571	0.4397	0.4901	0.5416	0.5748	0.6058	0.5996	0.6361	0.6042	0.5284	0.5650	0.5623	0.4581	0.4615	0.4831	0.5510	0.5610	0.5413	0.5296	0.5344	0.5851	0.5709	0.5588	0.5742	0.5704	0.6473	0.6476	0.6446	0.7261	0.7146	0.6790	0.6932	0.7530	0.7371	0.6790	0.6739	0.6654	0.6531	0.6616	0.6598	0.6387	0.6695	0.6371	0.6836	0.6123	0.6465	0.6480	0.6246	0.5981	0.5760	0.5656	0.5467	0.5663	0.5273	0.5325	0.4907	0.4928	0.4608	0.4409	0.4568	0.4481	0.4245	0.4175	0.3930	0.3889	0.3552	0.3614	0.3355
0.2365	0.3260	0.3780	0.3774	0.4200	0.4542	0.4791	0.4601	0.4267	0.4689	0.4202	0.4463	0.4918	0.4174	0.4255	0.4679	0.4916	0.5086	0.4929	0.4883	0.5396	0.5381	0.5092	0.5485	0.5321	0.5719	0.5673	0.6298	0.6498	0.6427	0.7020	0.6980	0.6967	0.7480	0.7124	0.6972	0.6944	0.6726	0.6111	0.6240	0.5973	0.5786	0.6239	0.6036	0.5884	0.5829	0.6228	0.6355	0.5951	0.5817	0.5828	0.5536	0.5332	0.5620	0.5434	0.5053	0.4425	0.4370	0.4542	0.4406	0.4229	0.4352	0.4304	0.4038	0.3886	0.3776	0.3864	0.3510	0.3440
0.2283	0.2570	0.3023	0.3062	0.3216	0.3223	0.3700	0.3618	0.3700	0.3632	0.3748	0.3752	0.4355	0.4463	0.4326	0.4387	0.5265	0.5165	0.5204	0.5060	0.5309	0.5732	0.5465	0.5322	0.5188	0.5395	0.5688	0.6196	0.6340	0.6316	0.6520	0.6519	0.6569	0.6737	0.6768	0.6520	0.6324	0.6246	0.5612	0.5884	0.6080	0.5798	0.5830	0.5829	0.5682	0.5884	0.6082	0.5877	0.5420	0.5604	0.6111	0.5328	0.5200	0.5159	0.4795	0.4924	0.4836	0.4780	0.4652	0.4235	0.4561	0.4549	0.4089	0.3815	0.3954	0.3979	0.3617	0.3439	0.3400
0.2202	0.2328	0.2651	0.2933	0.2966	0.2992	0.3679	0.3443	0.3619	0.3477	0.3731	0.3840	0.3914	0.3848	0.4045	0.4533	0.4982	0.4968	0.4738	0.4514	0.5175	0.5837	0.5660	0.5186	0.5640	0.5042	0.5639	0.6419	0.6288	0.6297	0.6053	0.5817	0.6381	0.6568	0.6202	0.5811	0.5956	0.5967	0.5600	0.5587	0.5834	0.5365	0.5342	0.5465	0.5621	0.5544	0.5570	0.5685	0.5333	0.5250	0.5541	0.5556	0.5370	0.5222	0.5037	0.5129	0.4992	0.4735	0.4410	0.4451	0.4394	0.4470	0.4522	0.4026	0.4035	0.3882	0.3688	0.3412	0.3552
0.1820	0.2431	0.2463	0.2703	0.2932	0.3125	0.3520	0.3671	0.3476	0.3416	0.3577	0.3859	0.3972	0.4070	0.4188	0.4448	0.4582	0.5052	0.5241	0.4715	0.5074	0.5657	0.5514	0.5228	0.5864	0.5414	0.5519	0.6052	0.6071	0.5954	0.5840	0.5533	0.5738	0.6041	0.5879	0.5684	0.5631	0.5547	0.5437	0.5501	0.5626	0.5404	0.5596	0.5804	0.5734	0.5484	0.5674	0.5503	0.5474	0.5797	0.5110	0.5027	0.5517	0.5292	0.5065	0.5268	0.5149	0.4975	0.4960	0.4905	0.4561	0.4704	0.4293	0.4120	0.3885	0.3713	0.3614	0.3448	0.3560
0.2055	0.2656	0.2505	0.2602	0.2523	0.2855	0.3149	0.3420	0.3356	0.3401	0.3540	0.3971	0.4009	0.4129	0.4405	0.4227	0.4298	0.4571	0.4973	0.4962	0.4654	0.5147	0.5469	0.5773	0.5856	0.5577	0.5395	0.5681	0.6125	0.5629	0.5397	0.5373	0.5715	0.5977	0.6222	0.6055	0.5938	0.5737	0.6020	0.6129	0.5966	0.5896	0.5705	0.5637	0.5854	0.5358	0.5286	0.5318	0.5563	0.5587	0.5605	0.5180	0.5091	0.5109	0.5254	0.5231	0.5113	0.4970	0.5009	0.4998	0.4634	0.4587	0.4686	0.4013	0.3925	0.3786	0.3509	0.3454	0.3363
0.1956	0.2009	0.2509	0.2768	0.2665	0.2810	0.2984	0.3226	0.3295	0.3487	0.3823	0.3686	0.4543	0.4195	0.3915	0.4409	0.4772	0.4971	0.4746	0.4815	0.4807	0.4744	0.5100	0.5248	0.5174	0.5276	0.5453	0.5590	0.5530	0.5378	0.5640	0.5540	0.5745	0.5661	0.5705	0.5657	0.5858	0.5721	0.5985	0.5907	0.6063	0.6025	0.5488	0.5681	0.5708	0.5640	0.5843	0.5841	0.5915	0.5775	0.5976	0.5801	0.5202	0.5272	0.5649	0.5473	0.5147	0.5053	0.5058	0.4772	0.4701	0.4516	0.4442	0.3905	0.4095	0.4019	0.3565	0.3381	0.3282
0.1774	0.1989	0.2427	0.2771	0.2703	0.2965	0.2937	0.3162	0.3166	0.3182	0.3656	0.3758	0.4615	0.4543	0.4016	0.4281	0.4777	0.4428	0.4990	0.4736	0.4765	0.4834	0.5159	0.5347	0.5068	0.5081	0.5066	0.5188	0.4901	0.5329	0.5517	0.5709	0.5868	0.5767	0.5751	0.5410	0.5852	0.5907	0.6122	0.6063	0.5767	0.5714	0.5635	0.5546	0.5838	0.5779	0.5876	0.5620	0.5617	0.5747	0.6123	0.5653	0.5497	0.5643	0.5580	0.5387	0.4947	0.5034	0.4721	0.4864	0.4813	0.4567	0.4550	0.4043	0.4148	0.3576	0.3601	0.3597	0.3500
0.2039	0.1900	0.2044	0.2465	0.2366	0.2664	0.2965	0.2904	0.3090	0.3309	0.3591	0.3701	0.4107	0.4262	0.4255	0.4277	0.4537	0.4281	0.4720	0.4676	0.4355	0.4650	0.4591	0.4864	0.4999	0.4851	0.5110	0.5152	0.5250	0.5503	0.5318	0.5516	0.5671	0.5675	0.5475	0.5519	0.5809	0.5681	0.5800	0.6013	0.6197	0.6213	0.5865	0.5481	0.5847	0.5586	0.5449	0.5936	0.5773	0.5583	0.6185	0.6071	0.6096	0.5752	0.5429	0.5276	0.5079	0.4806	0.4742	0.5097	0.4977	0.4713	0.4632	0.4041	0.4123	0.3694	0.3718	0.3519	0.3408
0.1848	0.2078	0.1823	0.2323	0.2707	0.2910	0.2904	0.3104	0.2991	0.3064	0.3628	0.3664	0.3794	0.3813	0.4087	0.4286	0.4384	0.4482	0.4917	0.4737	0.4907	0.4667	0.4715	0.4979	0.4930	0.4582	0.5079	0.5190	0.5765	0.5438	0.5393	0.5731	0.5841	0.5690	0.5347	0.5681	0.5764	0.5884	0.5746	0.5988	0.6228	0.5900	0.5607	0.5730	0.5810	0.5541	0.5629	0.5797	0.6133	0.5987	0.5861	0.5869	0.5709	0.5953	0.5742	0.5250	0.4884	0.5064	0.4770	0.4542	0.4699	0.4417	0.4318	0.4476	0.4247	0.3826	0.3653	0.3419	0.3298
0.1485	0.1783	0.2226	0.2414	0.2436	0.2784	0.2875	0.2996	0.3288	0.3066	0.3454	0.3716	0.4256	0.4192	0.4052	0.4075	0.5071	0.5153	0.5091	0.4830	0.4673	0.4644	0.4741	0.5168	0.5043	0.4844	0.4728	0.5483	0.5579	0.5495	0.5705	0.5790	0.6159	0.5727	0.5731	0.5881	0.6196	0.6256	0.6085	0.6078	0.6196	0.5987	0.5624	0.5649	0.5959	0.5506	0.5743	0.5578	0.5620	0.5995	0.5751	0.5468	0.5798	0.5605	0.5478	0.5357	0.5055	0.4753	0.4588	0.4509	0.4604	0.4391	0.4302	0.4266	0.4156	0.3786	0.3724	0.3973	0.3833
0.1366	0.1394	0.2043	0.1969	0.2097	0.2305	0.2403	0.2589	0.3093	0.3263	0.3283	0.3446	0.3788	0.3709	0.4123	0.4471	0.4936	0.4934	0.4868	0.4709	0.4735	0.4875	0.4691	0.5049	0.5156	0.5080	0.4504	0.5001	0.5235	0.5313	0.5550	0.5859	0.6142	0.5870	0.6014	0.6018	0.6261	0.5978	0.5866	0.5914	0.5477	0.6041	0.5956	0.5823	0.5811	0.5391	0.5563	0.5447	0.5669	0.6462	0.5942	0.5716	0.5991	0.5604	0.5331	0.5237	0.5232	0.4784	0.4712	0.4800	0.4410	0.4395	0.4309	0.4304	0.4171	0.3676	0.3806	0.4020	0.3505
0.1327	0.1379	0.1714	0.1926	0.1921	0.2298	0.2513	0.2709	0.3220	0.3228	0.3453	0.3624	0.3839	0.3945	0.4061	0.4687	0.5048	0.4839	0.4929	0.4685	0.5052	0.5042	0.4782	0.5003	0.5030	0.5087	0.4815	0.5156	0.5314	0.5318	0.5503	0.5908	0.5884	0.5738	0.5876	0.5838	0.6015	0.6199	0.6166	0.5991	0.5553	0.5713	0.6138	0.5592	0.5678	0.5342	0.5412	0.5936	0.5608	0.6053	0.6151	0.5583	0.5396	0.5857	0.5268	0.5096	0.4770	0.4866	0.4739	0.4596	0.4631	0.4619	0.4511	0.4316	0.4085	0.3794	0.3801	0.3752	0.3555
0.1338	0.1484	0.1725	0.2124	0.2090	0.2242	0.2917	0.2817	0.2988	0.3359	0.3548	0.3810	0.4088	0.3954	0.4029	0.4309	0.4637	0.4617	0.4447	0.4813	0.5056	0.4860	0.4746	0.5162	0.5412	0.5319	0.5224	0.5474	0.5520	0.5452	0.5787	0.5975	0.5780	0.5976	0.6468	0.6567	0.6606	0.6563	0.6418	0.6438	0.5973	0.6077	0.5799	0.5595	0.5819	0.5478	0.5500	0.5850	0.6206	0.5779	0.5885	0.5494	0.5756	0.5548	0.5210	0.5036	0.5101	0.4696	0.4538	0.4599	0.4499	0.4440	0.4441	0.4175	0.4136	0.3828	0.3943	0.3511	0.3863
0.1572	0.1688	0.1690	0.2057	0.1764	0.1900	0.2468	0.3241	0.3198	0.3235	0.3443	0.3656	0.3899	0.4091	0.3843	0.4364	0.4337	0.4194	0.4221	0.4470	0.4807	0.4527	0.4701	0.4757	0.4937	0.5518	0.5163	0.5027	0.5302	0.5928	0.6158	0.6029	0.6563	0.6856	0.6687	0.6721	0.6912	0.6933	0.6867	0.6560	0.6367	0.6419	0.5937	0.5956	0.5655	0.5669	0.6019	0.5591	0.6262	0.6012	0.5904	0.5717	0.5694	0.5396	0.5386	0.4979	0.4967	0.4870	0.4713	0.4517	0.4710	0.4554	0.4561	0.4702	0.3890	0.3927	0.4243	0.3813	0.3672
0.1687	0.1527	0.1506	0.1857	0.2019	0.2035	0.2341	0.3225	0.3261	0.3310	0.3718	0.3570	0.3791	0.4135	0.3931	0.4374	0.4331	0.4271	0.4060	0.4438	0.4673	0.4819	0.4647	0.4891	0.5246	0.5280	0.5183	0.5109	0.5330	0.5667	0.5511	0.5947	0.6376	0.6401	0.6927	0.6685	0.6700	0.6911	0.7144	0.6489	0.7062	0.6626	0.6356	0.5805	0.5741	0.6091	0.5969	0.6200	0.6149	0.6592	0.6094	0.5735	0.5558	0.5775	0.5435	0.4950	0.5018	0.5008	0.4861	0.4786	0.4944	0.4909	0.4386	0.4246	0.4240	0.4319	0.3955	0.3851	0.3410
0.1598	0.1524	0.1833	0.1982	0.2286	0.2562	0.2866	0.3080	0.3191	0.3485	0.3488	0.3692	0.3831	0.4392	0.4066	0.4406	0.4338	0.4283	0.4255	0.4545	0.4518	0.5083	0.4990	0.4763	0.5288	0.5290	0.5036	0.5279	0.5328	0.5216	0.5554	0.5591	0.6229	0.6642	0.6899	0.6750	0.6814	0.7077	0.6955	0.6851	0.6727	0.6684	0.6942	0.6761	0.6532	0.6379	0.6820	0.6877	0.6832	0.6723	0.6653	0.6352	0.6013	0.5692	0.5459	0.5156	0.4810	0.4629	0.4805	0.4906	0.4852	0.4809	0.4780	0.4331	0.4252	0.4186	0.3889	0.3856	0.3734
0.1477	0.1779	0.2348	0.2605	0.2629	0.2924	0.3443	0.3536	0.3574	0.3872	0.3419	0.3909	0.3764	0.4076	0.4105	0.4371	0.4213	0.4663	0.4796	0.5063	0.5026	0.5103	0.5030	0.5103	0.4739	0.4989	0.4949	0.5032	0.5528	0.5459	0.5499	0.5809	0.6126	0.6656	0.6449	0.6690	0.7044	0.7220	0.7016	0.6940	0.6813	0.6886	0.6670	0.6868	0.6859	0.6599	0.6582	0.7098	0.7204	0.7188	0.6741	0.6403	0.6338	0.5803	0.5481	0.5456	0.5122	0.5059	0.5139	0.4935	0.4650	0.4846	0.4907	0.4644	0.4506	0.4259	0.3900	0.3683	0.3941
0.1880	0.2112	0.2451	0.2939	0.3256	0.3908	0.4328	0.4327	0.4419	0.4364	0.4519	0.4714	0.4690	0.4547	0.4657	0.4465	0.4968	0.5201	0.4843	0.5367	0.5283	0.5515	0.5524	0.5105	0.4999	0.5313	0.5237	0.5327	0.5843	0.5363	0.5626	0.5695	0.6168	0.6543	0.6477	0.6577	0.7195	0.7174	0.7333	0.7345	0.7304	0.6807	0.7116	0.7019	0.7411	0.7413	0.7298	0.7288	0.7486	0.7463	0.7269	0.7185	0.6630	0.6531	0.6580	0.6325	0.5924	0.5952	0.5954	0.5322	0.5350	0.5155	0.5018	0.4938	0.4857	0.4575	0.4637	0.4259	0.4289
0.2082	0.2767	0.3491	0.4474	0.4741	0.5630	0.6060	0.6153	0.6091	0.5730	0.5859	0.6160	0.5752	0.5550	0.5455	0.5459	0.6025	0.5933	0.5482	0.5430	0.5681	0.5761	0.5565	0.5621	0.5645	0.5701	0.5779	0.5793	0.6015	0.6006	0.6397	0.6510	0.6991	0.7155	0.7406	0.7685	0.7475	0.7694	0.7667	0.7708	0.7882	0.7842	0.8031	0.8179	0.7772	0.7666	0.7959	0.7911	0.8180	0.8154	0.7795	0.7758	0.7442	0.7212	0.6942	0.6876	0.6264	0.6363	0.6223	0.6200	0.6346	0.5995	0.5637	0.5721	0.5522	0.5159	0.4868	0.4731	0.4384
0.1410	0.2729	0.3425	0.4785	0.5802	0.6334	0.7196	0.6808	0.6393	0.6413	0.6207	0.6980	0.6642	0.6998	0.6713	0.6938	0.6500	0.6582	0.6687	0.6592	0.6466	0.6345	0.6340	0.6507	0.6394	0.6153	0.6074	0.6192	0.6600	0.6871	0.7213	0.7031	0.7463	0.7695	0.7722	0.7872	0.8078	0.7929	0.8174	0.8108	0.8340	0.8794	0.9214	0.9033	0.8622	0.8592	0.8703	0.8784	0.8818	0.8815	0.8214	0.8135	0.8264	0.8000	0.7515	0.7525	0.7114	0.7184	0.7230	0.6977	0.7128	0.6590	0.6134	0.6274	0.6024	0.5975	0.5732	0.5776	0.4764
0.0695	0.1037	0.1616	0.1967	0.2791	0.3213	0.3738	0.3945	0.3998	0.4625	0.5089	0.5539	0.6462	0.7485	0.7652	0.8180	0.8034	0.7948	0.7629	0.7758	0.7553	0.7612	0.7309	0.7132	0.6920	0.6477	0.6741	0.6878	0.7722	0.7674	0.7775	0.8073	0.7962	0.7960	0.8294	0.8595	0.8654	0.8327	0.8637	0.8455	0.8932	0.8023	0.8161	0.7307	0.6536	0.6277	0.6505	0.7776	0.9238	0.9376	0.8638	0.8642	0.8445	0.8663	0.8407	0.8680	0.8286	0.7642	0.7555	0.7728	0.7375	0.6944	0.6887	0.7034	0.6413	0.6385	0.5823	0.6081	0.5431
0.0132	0.0406	0.1113	0.0929	0.1003	0.1199	0.1412	0.1914	0.2515	0.2451	0.2922	0.3258	0.3812	0.4471	0.5390	0.6570	0.7486	0.7928	0.7354	0.7708	0.8045	0.7575	0.7643	0.7562	0.7477	0.7083	0.7140	0.7722	0.7545	0.7994	0.8535	0.8623	0.8860	0.9124	0.8548	0.8523	0.8191	0.8686	0.8126	0.8424	0.8137	0.6120	0.5021	0.4758	0.4504	0.4750	0.5325	0.6129	0.8475	0.9185	0.9314	0.8547	0.8194	0.8819	0.8346	0.8030	0.6906	0.6996	0.7102	0.7926	0.7937	0.6994	0.6999	0.6926	0.6494	0.5153	0.5401	0.5721	0.5293
0.0093	0.0123	0.0628	0.0700	0.0647	0.0771	0.0947	0.0968	0.1117	0.1200	0.1336	0.1542	0.2053	0.2317	0.2720	0.3308	0.4513	0.6053	0.6976	0.6848	0.6893	0.6723	0.6892	0.6729	0.7068	0.7225	0.7314	0.7915	0.8172	0.8531	0.8144	0.7825	0.8408	0.8969	0.7997	0.7757	0.7823	0.8079	0.7451	0.7388	0.7258	0.4869	0.3849	0.3923	0.3914	0.4179	0.4733	0.5580	0.8098	0.8599	0.8231	0.8271	0.8010	0.8500	0.8109	0.7857	0.5927	0.4830	0.5768	0.6986	0.7214	0.5514	0.6085	0.6281	0.5137	0.4457	0.5328	0.5892	0.5615
0.0109	0.0173	0.0425	0.0530	0.0573	0.0659	0.0825	0.0867	0.0734	0.0964	0.0990	0.1027	0.1266	0.1523	0.1760	0.2131	0.2509	0.3266	0.4399	0.5434	0.5584	0.4999	0.3697	0.3969	0.3972	0.4510	0.5561	0.6539	0.6563	0.7034	0.7270	0.8088	0.7824	0.7776	0.8179	0.8068	0.8134	0.7683	0.7661	0.6760	0.4882	0.3463	0.3139	0.3077	0.3353	0.3559	0.3778	0.4347	0.7157	0.8178	0.7437	0.7584	0.7364	0.7816	0.7413	0.7788	0.6010	0.3518	0.3525	0.4397	0.4577	0.3854	0.4326	0.4683	0.3810	0.4122	0.4698	0.5098	0.4772
0.0140	0.0141	0.0365	0.0537	0.0450	0.0574	0.0694	0.0747	0.0591	0.0805	0.0933	0.1017	0.1067	0.0905	0.1138	0.1427	0.1600	0.1666	0.2006	0.2682	0.4188	0.4324	0.2192	0.2177	0.2270	0.2097	0.2583	0.2628	0.2984	0.2851	0.3234	0.4049	0.4358	0.4617	0.5835	0.6869	0.8047	0.7960	0.7321	0.4815	0.2452	0.2406	0.2708	0.2657	0.2728	0.2997	0.3257	0.3678	0.5827	0.8607	0.7959	0.7307	0.7625	0.6643	0.5306	0.5338	0.3690	0.2941	0.2970	0.3012	0.3192	0.3092	0.3269	0.3301	0.3153	0.3357	0.3315	0.3546	0.3639
0.0223	0.0095	0.0362	0.0320	0.0346	0.0573	0.0808	0.0682	0.0746	0.0828	0.0884	0.0679	0.0766	0.0851	0.1030	0.0957	0.1029	0.1305	0.1498	0.1652	0.2271	0.2501	0.1698	0.1647	0.1564	0.1383	0.1471	0.1449	0.1631	0.1742	0.1850	0.1741	0.1971	0.1907	0.2286	0.3077	0.4700	0.4782	0.4212	0.2248	0.1537	0.1731	0.1876	0.2096	0.2279	0.2403	0.2602	0.2991	0.4789	0.7991	0.7627	0.6437	0.5203	0.3714	0.2711	0.2573	0.2544	0.2641	0.2732	0.2769	0.3044	0.3172	0.3039	0.3053	0.3173	0.3165	0.2947	0.2985	0.3780
0.0000	0.0157	0.0304	0.0413	0.0411	0.0478	0.0742	0.0729	0.0726	0.0649	0.0705	0.0765	0.0813	0.0886	0.0797	0.0880	0.0930	0.0982	0.1093	0.1194	0.1292	0.1163	0.1199	0.1344	0.1212	0.1279	0.1236	0.1243	0.1347	0.1355	0.1416	0.1213	0.1341	0.1389	0.1565	0.1510	0.1567	0.1590	0.1443	0.1463	0.1445	0.1349	0.1247	0.1477	0.1741	0.1777	0.1850	0.2179	0.3387	0.5826	0.5382	0.3320	0.2278	0.2116	0.2186	0.2248	0.2266	0.2373	0.2349	0.2413	0.2509	0.2755	0.2828	0.2755	0.2726	0.2733	0.2750	0.2967	0.3494
0.0225	0.0222	0.0254	0.0320	0.0337	0.0499	0.0627	0.0683	0.0459	0.0564	0.0535	0.0633	0.0625	0.0718	0.0770	0.0775	0.0959	0.1004	0.0940	0.1006	0.1023	0.0891	0.0999	0.0989	0.0981	0.1205	0.1114	0.1140	0.1185	0.1169	0.1175	0.1049	0.1258	0.1185	0.1253	0.1354	0.1305	0.1339	0.1216	0.1176	0.1207	0.1124	0.1041	0.1143	0.1210	0.1227	0.1340	0.1453	0.1571	0.1983	0.1952	0.1757	0.1734	0.1753	0.1784	0.2091	0.2059	0.2028	0.2133	0.2297	0.2248	0.2288	0.2339	0.2341	0.2274	0.2337	0.2441	0.2795	0.2541
0.0151	0.0048	0.0126	0.0371	0.0368	0.0447	0.0466	0.0429	0.0433	0.0574	0.0460	0.0557	0.0623	0.0591	0.0764	0.0754	0.0871	0.0803	0.0739	0.0843	0.0990	0.0961	0.0972	0.0994	0.0891	0.0970	0.0960	0.1004	0.1099	0.1069	0.1067	0.1028	0.1004	0.0886	0.1006	0.1093	0.1026	0.1087	0.1140	0.1006	0.0981	0.0905	0.1036	0.1156	0.1123	0.1125	0.1130	0.1154	0.1298	0.1311	0.1165	0.1331	0.1266	0.1216	0.1262	0.1364	0.1456	0.1658	0.1711	0.1969	0.1893	0.2026	0.2113	0.2041	0.1964	0.2126	0.2244	0.2318	0.2269
0.0004	0.0000	0.0022	0.0168	0.0176	0.0355	0.0355	0.0324	0.0408	0.0604	0.0470	0.0521	0.0598	0.0659	0.0798	0.0741	0.0648	0.0695	0.0697	0.0821	0.0921	0.0952	0.0860	0.0916	0.0868	0.0942	0.0899	0.0885	0.0936	0.0966	0.0870	0.0835	0.0994	0.0905	0.0846	0.0899	0.0811	0.0971	0.0991	0.0932	0.0852	0.0904	0.0928	0.0869	0.0961	0.0986	0.0930	0.1027	0.1158	0.1045	0.0978	0.1162	0.1107	0.1024	0.0992	0.0977	0.1065	0.1086	0.1171	0.1424	0.1498	0.1514	0.1567	0.1753	0.1704	0.1745	0.1930	0.1968	0.2019
0.0000	0.0000	0.0198	0.0082	0.0072	0.0142	0.0469	0.0450	0.0337	0.0303	0.0404	0.0507	0.0435	0.0454	0.0639	0.0644	0.0727	0.0667	0.0690	0.0680	0.0669	0.0746	0.0724	0.0774	0.0889	0.0848	0.0806	0.0803	0.0802	0.0884	0.0766	0.0835	0.0941	0.0937	0.0816	0.0880	0.0889	0.0827	0.0871	0.0950	0.0966	0.0986	0.0844	0.0858	0.0905	0.0867	0.0919	0.0873	0.0960	0.0939	0.0946	0.0904	0.0928	0.0924	0.0966	0.0914	0.0910	0.0761	0.0950	0.1024	0.1079	0.0993	0.1040	0.1152	0.1310	0.1333	0.1497	0.1566	0.1683
0.0000	0.0000	0.0000	0.0000	0.0017	0.0183	0.0251	0.0218	0.0337	0.0295	0.0437	0.0450	0.0501	0.0531	0.0681	0.0670	0.0604	0.0670	0.0653	0.0557	0.0620	0.0688	0.0788	0.0789	0.0764	0.0638	0.0646	0.0764	0.0844	0.0753	0.0736	0.0686	0.0804	0.0876	0.0763	0.0822	0.0993	0.0828	0.0772	0.0822	0.0804	0.0818	0.0748	0.0789	0.0743	0.0788	0.0879	0.0815	0.0809	0.0851	0.0930	0.0854	0.0806	0.0831	0.0837	0.0761	0.0699	0.0747	0.0764	0.0861	0.0912	0.0773	0.0760	0.0767	0.0912	0.0841	0.0817	0.0990	0.1138
0.0073	0.0189	0.0000	0.0000	0.0000	0.0045	0.0127	0.0300	0.0314	0.0204	0.0302	0.0314	0.0208	0.0394	0.0522	0.0552	0.0429	0.0591	0.0400	0.0554	0.0577	0.0619	0.0578	0.0655	0.0806	0.0784	0.0765	0.0746	0.0641	0.0775	0.0738	0.0650	0.0832	0.0882	0.0721	0.0695	0.0779	0.0784	0.0812	0.0819	0.0720	0.0714	0.0802	0.0741	0.0685	0.0703	0.0790	0.0746	0.0780	0.0727	0.0690	0.0816	0.0843	0.0838	0.0801	0.0711	0.0752	0.0666	0.0805	0.0783	0.0777	0.0736	0.0673	0.0737	0.0709	0.0712	0.0660	0.0684	0.0766
0.0000	0.0021	0.0000	0.0000	0.0001	0.0000	0.0092	0.0194	0.0164	0.0062	0.0180	0.0376	0.0303	0.0223	0.0398	0.0471	0.0363	0.0480	0.0438	0.0481	0.0538	0.0575	0.0476	0.0514	0.0657	0.0639	0.0643	0.0651	0.0625	0.0695	0.0733	0.0705	0.0817	0.0818	0.0717	0.0663	0.0537	0.0702	0.0757	0.0700	0.0728	0.0645	0.0645	0.0650	0.0688	0.0720	0.0723	0.0736	0.0709	0.0773	0.0649	0.0799	0.0722	0.0615	0.0688	0.0717	0.0721	0.0752	0.0708	0.0730	0.0788	0.0624	0.0790	0.0728	0.0717	0.0550	0.0678	0.0658	0.0527
0.0000	0.0000	0.0000	0.0168	0.0001	0.0000	0.0223	0.0258	0.0181	0.0000	0.0196	0.0428	0.0254	0.0244	0.0363	0.0498	0.0437	0.0477	0.0468	0.0546	0.0561	0.0503	0.0491	0.0495	0.0694	0.0621	0.0512	0.0645	0.0690	0.0793	0.0659	0.0610	0.0715	0.0680	0.0675	0.0657	0.0611	0.0683	0.0731	0.0609	0.0676	0.0648	0.0652	0.0654	0.0618	0.0631	0.0647	0.0656	0.0655	0.0744	0.0812	0.0718	0.0612	0.0617	0.0714	0.0770	0.0693	0.0705	0.0751	0.0748	0.0689	0.0609	0.0665	0.0652	0.0634	0.0441	0.0545	0.0541	0.0474
0.0000	0.0000	0.0000	0.0012	0.0001	0.0000	0.0037	0.0279	0.0171	0.0000	0.0159	0.0208	0.0286	0.0216	0.0293	0.0332	0.0374	0.0386	0.0422	0.0537	0.0429	0.0411	0.0503	0.0573	0.0681	0.0569	0.0621	0.0675	0.0613	0.0786	0.0732	0.0586	0.0616	0.0640	0.0553	0.0620	0.0609	0.0699	0.0703	0.0697	0.0555	0.0596	0.0676	0.0571	0.0563	0.0693	0.0664	0.0657	0.0612	0.0603	0.0707	0.0667	0.0653	0.0677	0.0648	0.0663	0.0659	0.0531	0.0606	0.0638	0.0532	0.0468	0.0562	0.0620	0.0634	0.0455	0.0418	0.0444	0.0435
0.0000	0.0000	0.0000	0.0000	0.0000	0.0000	0.0126	0.0106	0.0201	0.0165	0.0077	0.0358	0.0175	0.0341	0.0282	0.0309	0.0309	0.0445	0.0360	0.0374	0.0446	0.0375	0.0476	0.0587	0.0552	0.0465	0.0566	0.0521	0.0540	0.0693	0.0667	0.0467	0.0515	0.0551	0.0545	0.0643	0.0540	0.0584	0.0605	0.0569	0.0545	0.0606	0.0642	0.0536	0.0585	0.0629	0.0651	0.0637	0.0759	0.0673	0.0583	0.0492	0.0541	0.0602	0.0605	0.0642	0.0543	0.0470	0.0436	0.0552	0.0635	0.0501	0.0406	0.0528	0.0516	0.0496	0.0435	0.0449	0.0326
0.0000	0.0000	0.0000	0.0000	0.0000	0.0098	0.0178	0.0047	0.0052	0.0148	0.0000	0.0253	0.0405	0.0376	0.0367	0.0399	0.0159	0.0188	0.0202	0.0365	0.0632	0.0550	0.0278	0.0458	0.0469	0.0423	0.0531	0.0470	0.0494	0.0604	0.0607	0.0395	0.0677	0.0642	0.0505	0.0534	0.0574	0.0588	0.0601	0.0523	0.0559	0.0653	0.0563	0.0492	0.0529	0.0631	0.0532	0.0632	0.0571	0.0548	0.0702	0.0632	0.0518	0.0467	0.0580	0.0554	0.0464	0.0484	0.0513	0.0529	0.0546	0.0485	0.0430	0.0670	0.0568	0.0497	0.0468	0.0508	0.0306
