0.0000	0.0000	0.0133	0.0123	0.0057	0.0078	0.0086	0.0279	0.0191	0.0232	0.0155	0.0258	0.0303	0.0285	0.0372	0.0458	0.0536	0.0618	0.0550	0.0648	0.0792	0.0524	0.0726	0.0723	0.0905	0.0936	0.1017	0.0732	0.0920	0.1012	0.0822	0.0943	0.0895	0.0868	0.0839	0.0910	0.0796	0.0752	0.0993	0.0767	0.0738	0.0865	0.0777	0.0754	0.0694	0.0688	0.0617	0.0666	0.0705	0.0757	0.0660	0.0743	0.0677	0.0717	0.0903	0.0771	0.0780	0.0774	0.0736	0.0927	0.0948	0.0745	0.0653	0.0723	0.0724	0.0579	0.0620	0.0627	0.0602
0.0000	0.0000	0.0089	0.0062	0.0000	0.0034	0.0198	0.0254	0.0347	0.0177	0.0293	0.0349	0.0328	0.0260	0.0313	0.0533	0.0620	0.0781	0.0655	0.0483	0.0714	0.0744	0.0812	0.0735	0.0842	0.0965	0.0825	0.0886	0.0919	0.1070	0.1030	0.0916	0.0980	0.0870	0.0944	0.1082	0.1021	0.0950	0.0992	0.0769	0.0936	0.0961	0.0760	0.0959	0.1017	0.0714	0.0642	0.0827	0.0883	0.0842	0.0908	0.0975	0.0734	0.0860	0.1034	0.1022	0.0810	0.0812	0.0755	0.1012	0.0768	0.0778	0.0823	0.0899	0.0802	0.0674	0.0760	0.0776	0.0736
0.0000	0.0000	0.0000	0.0039	0.0004	0.0037	0.0176	0.0339	0.0340	0.0294	0.0392	0.0476	0.0352	0.0377	0.0304	0.0470	0.0589	0.0643	0.0722	0.0532	0.0882	0.0864	0.0843	0.0885	0.0814	0.0917	0.0938	0.0881	0.0944	0.1068	0.0884	0.0716	0.0862	0.1079	0.1016	0.1027	0.1123	0.1116	0.0973	0.0912	0.0990	0.0969	0.1078	0.0936	0.0828	0.0717	0.0780	0.0690	0.0861	0.0909	0.0899	0.0894	0.0874	0.0995	0.1141	0.1116	0.1023	0.0798	0.0976	0.0973	0.0901	0.0900	0.0808	0.0954	0.1005	0.1010	0.0879	0.0885	0.0781
0.0000	0.0101	0.0235	0.0283	0.0063	0.0257	0.0239	0.0362	0.0202	0.0297	0.0290	0.0495	0.0721	0.0572	0.0447	0.0650	0.0579	0.0688	0.0738	0.0721	0.0812	0.0910	0.0746	0.0916	0.0837	0.1044	0.1090	0.0832	0.1074	0.1142	0.0957	0.0740	0.1164	0.1277	0.1089	0.0977	0.1015	0.1028	0.0872	0.0908	0.0947	0.0947	0.1074	0.0902	0.0903	0.0807	0.0836	0.0750	0.0733	0.0768	0.0997	0.0878	0.0939	0.0880	0.1130	0.0963	0.0889	0.0985	0.1124	0.1036	0.0998	0.1050	0.1103	0.1215	0.1300	0.1317	0.1098	0.1211	0.1292
0.0000	0.0038	0.0188	0.0298	0.0210	0.0257	0.0192	0.0271	0.0305	0.0179	0.0225	0.0488	0.0793	0.0706	0.0525	0.0553	0.0706	0.0589	0.0617	0.0724	0.0844	0.0806	0.0887	0.0907	0.0838	0.0979	0.1023	0.0864	0.0956	0.1112	0.0999	0.1099	0.1461	0.1236	0.1161	0.1071	0.0999	0.0862	0.1161	0.0925	0.1018	0.0859	0.1203	0.0974	0.0923	0.0957	0.0935	0.0834	0.0811	0.0760	0.0918	0.0882	0.1166	0.1084	0.1113	0.0912	0.1035	0.1198	0.1147	0.1158	0.1154	0.1271	0.1269	0.1341	0.1380	0.1287	0.1387	0.1521	0.1349
0.0000	0.0000	0.0156	0.0217	0.0218	0.0018	0.0385	0.0398	0.0317	0.0426	0.0327	0.0500	0.0682	0.0675	0.0606	0.0571	0.0660	0.0588	0.0472	0.0865	0.0994	0.0773	0.0844	0.0900	0.1066	0.1021	0.1104	0.1038	0.0948	0.1077	0.1163	0.1020	0.1265	0.1299	0.1239	0.1121	0.1195	0.1168	0.1107	0.0864	0.1033	0.1106	0.1115	0.1030	0.0927	0.0964	0.0915	0.0851	0.0860	0.1112	0.0967	0.0942	0.1085	0.1232	0.1172	0.1218	0.1301	0.1107	0.1183	0.1377	0.1250	0.1520	0.1638	0.1595	0.1450	0.1471	0.1595	0.1838	0.1465
0.0000	0.0098	0.0291	0.0160	0.0153	0.0054	0.0273	0.0486	0.0482	0.0354	0.0586	0.0542	0.0630	0.0562	0.0617	0.0785	0.0713	0.0731	0.0894	0.0795	0.1024	0.1035	0.0834	0.0822	0.1105	0.1193	0.1051	0.0973	0.1066	0.1141	0.1172	0.1002	0.1235	0.1506	0.1199	0.1218	0.1072	0.1215	0.1122	0.0941	0.0970	0.1165	0.1207	0.0991	0.0986	0.0897	0.1024	0.1201	0.1070	0.1109	0.1080	0.1266	0.1241	0.1295	0.1359	0.1500	0.1370	0.1402	0.1648	0.1778	0.1649	0.1879	0.1806	0.1960	0.2004	0.1866	0.1970	0.1885	0.1742
0.0000	0.0120	0.0278	0.0330	0.0313	0.0293	0.0304	0.0462	0.0420	0.0466	0.0595	0.0593	0.0795	0.0669	0.0791	0.1063	0.0841	0.1018	0.0926	0.0691	0.0975	0.1111	0.1131	0.0909	0.1107	0.1165	0.1139	0.1243	0.1328	0.1438	0.1176	0.1218	0.1162	0.1326	0.1322	0.1262	0.1293	0.1379	0.1450	0.1199	0.1202	0.1264	0.1330	0.1178	0.0995	0.1113	0.1152	0.1283	0.0983	0.1184	0.1287	0.1262	0.1391	0.1306	0.1557	0.1694	0.1697	0.1826	0.1965	0.2048	0.2058	0.2071	0.2216	0.2348	0.2451	0.2296	0.2270	0.2242	0.2259
0.0127	0.0039	0.0196	0.0504	0.0404	0.0426	0.0320	0.0336	0.0769	0.0729	0.0635	0.0605	0.0707	0.0751	0.0831	0.0768	0.0748	0.0970	0.1107	0.1060	0.1135	0.1117	0.1155	0.1138	0.1205	0.1274	0.1213	0.1230	0.1501	0.1412	0.1381	0.1189	0.1469	0.1565	0.1462	0.1494	0.1555	0.1426	0.1284	0.1516	0.1321	0.1312	0.1346	0.1371	0.1217	0.1299	0.1318	0.1304	0.1313	0.1489	0.1431	0.1478	0.1609	0.1770	0.1917	0.1905	0.1971	0.2201	0.2356	0.2431	0.2557	0.2916	0.3234	0.3557	0.3334	0.2653	0.2527	0.2690	0.2997
0.0183	0.0091	0.0270	0.0394	0.0335	0.0357	0.0311	0.0527	0.0670	0.0825	0.0746	0.0768	0.0985	0.1000	0.0831	0.0821	0.1063	0.1107	0.1272	0.1193	0.1463	0.1329	0.1229	0.1291	0.1471	0.1704	0.1622	0.1286	0.1504	0.1474	0.1519	0.1606	0.1623	0.1693	0.1684	0.1525	0.1557	0.1656	0.1507	0.1516	0.1399	0.1493	0.1542	0.1532	0.1439	0.1447	0.1468	0.1456	0.1542	0.1574	0.1680	0.1853	0.1866	0.1989	0.2271	0.2336	0.2696	0.2937	0.3573	0.4038	0.4599	0.5379	0.5483	0.5795	0.5152	0.4165	0.3117	0.3291	0.4277
0.0000	0.0242	0.0305	0.0195	0.0487	0.0448	0.0472	0.0590	0.0682	0.0704	0.0733	0.0829	0.0890	0.1025	0.1054	0.1096	0.1129	0.1101	0.1262	0.1213	0.1701	0.1509	0.1469	0.1521	0.1685	0.1882	0.1825	0.1927	0.1848	0.1821	0.1601	0.1633	0.1708	0.1791	0.1735	0.1555	0.1670	0.1888	0.1691	0.1509	0.1613	0.1696	0.1923	0.1694	0.1687	0.1654	0.1753	0.1760	0.1943	0.2060	0.2118	0.2351	0.2251	0.2190	0.2544	0.2807	0.3453	0.4204	0.6121	0.6650	0.6434	0.6018	0.6068	0.5892	0.5456	0.4824	0.3929	0.3841	0.4146
0.0206	0.0351	0.0586	0.0327	0.0420	0.0555	0.0704	0.0718	0.0649	0.0590	0.0742	0.0971	0.0908	0.1021	0.1059	0.0991	0.1143	0.1330	0.1603	0.1597	0.1791	0.1953	0.1978	0.2061	0.2185	0.2283	0.2679	0.3164	0.3014	0.2793	0.2558	0.2216	0.2082	0.2185	0.2004	0.1686	0.1972	0.2256	0.2102	0.1952	0.1878	0.2093	0.2212	0.2072	0.2025	0.2069	0.2056	0.2026	0.2057	0.2408	0.2602	0.2679	0.2855	0.2978	0.3030	0.3373	0.4158	0.4857	0.6428	0.7167	0.6708	0.6014	0.5803	0.6144	0.5634	0.4432	0.4139	0.4359	0.4251
0.0215	0.0225	0.0431	0.0601	0.0389	0.0485	0.0662	0.0800	0.0912	0.0778	0.0836	0.1040	0.1271	0.1252	0.1244	0.1347	0.1628	0.1902	0.2134	0.2482	0.2758	0.3316	0.3680	0.3447	0.3702	0.5007	0.5271	0.5797	0.5387	0.4994	0.4660	0.4238	0.3687	0.2800	0.2807	0.2483	0.2615	0.2571	0.2357	0.2290	0.2550	0.2541	0.2779	0.2563	0.2149	0.2262	0.2458	0.2310	0.2642	0.2672	0.3029	0.3125	0.3350	0.3768	0.3657	0.4098	0.5734	0.7039	0.7096	0.6447	0.6695	0.6527	0.6073	0.6624	0.5697	0.4658	0.4546	0.4974	0.4145
0.0363	0.0450	0.0415	0.0458	0.0506	0.0592	0.0643	0.0931	0.0901	0.0938	0.1132	0.1413	0.1445	0.1430	0.1717	0.2290	0.2955	0.3614	0.4312	0.4754	0.5472	0.5645	0.6631	0.6407	0.6302	0.6691	0.6987	0.7437	0.6857	0.7015	0.7018	0.6499	0.6054	0.4313	0.4030	0.3571	0.3407	0.3400	0.2919	0.2962	0.3037	0.2878	0.3233	0.2947	0.2618	0.2766	0.2622	0.2691	0.2842	0.2938	0.3400	0.3729	0.3779	0.3807	0.4405	0.4686	0.6836	0.8226	0.7397	0.6828	0.6694	0.6400	0.6341	0.5948	0.5428	0.4855	0.4516	0.4305	0.3884
0.0298	0.0423	0.0523	0.0644	0.0773	0.1006	0.0976	0.1307	0.1284	0.1321	0.1452	0.1822	0.2431	0.2412	0.3287	0.4098	0.5432	0.6361	0.6731	0.6599	0.6381	0.6128	0.6250	0.6918	0.6458	0.6090	0.6175	0.6561	0.7073	0.7460	0.7228	0.7970	0.8580	0.7296	0.6319	0.6126	0.5811	0.5197	0.4799	0.4123	0.3444	0.3483	0.3704	0.3338	0.3096	0.3095	0.2980	0.2937	0.3250	0.3264	0.3691	0.3713	0.3826	0.3843	0.4633	0.5017	0.7047	0.7880	0.7233	0.7307	0.6838	0.6162	0.6032	0.5601	0.5380	0.4827	0.4558	0.3935	0.3811
0.0279	0.0336	0.0658	0.0862	0.1044	0.1319	0.1463	0.1649	0.1822	0.2143	0.2716	0.3823	0.4657	0.4362	0.6070	0.6220	0.6922	0.6647	0.5769	0.5936	0.5844	0.5658	0.5419	0.6472	0.6143	0.6266	0.6866	0.6499	0.7095	0.7541	0.7640	0.8341	0.8956	0.9267	0.8526	0.8400	0.8522	0.8049	0.7678	0.6309	0.4602	0.3941	0.4431	0.4619	0.3705	0.3492	0.3136	0.3186	0.3586	0.3684	0.3868	0.4062	0.4149	0.3997	0.4579	0.5123	0.6275	0.7676	0.7041	0.7329	0.6746	0.6153	0.6351	0.5738	0.4706	0.4319	0.4027	0.3933	0.3522
0.0316	0.0650	0.0626	0.1000	0.1554	0.1659	0.2416	0.2974	0.3309	0.4386	0.5326	0.6302	0.6914	0.6024	0.6026	0.6403	0.5539	0.5743	0.5419	0.5572	0.5927	0.5609	0.5468	0.5913	0.5852	0.5713	0.6486	0.6459	0.7129	0.7306	0.7701	0.8352	0.8878	0.8356	0.8586	0.8465	0.8622	0.9125	0.8809	0.7840	0.6452	0.4685	0.6423	0.6735	0.3849	0.3416	0.3385	0.3446	0.3474	0.3712	0.4287	0.4839	0.4829	0.4808	0.4835	0.5230	0.5656	0.7359	0.7261	0.7202	0.6494	0.5874	0.5866	0.5363	0.4430	0.3859	0.3820	0.3748	0.3595
0.0542	0.0983	0.1503	0.1771	0.2552	0.3451	0.4519	0.5865	0.6200	0.5483	0.5790	0.5828	0.5230	0.5201	0.5038	0.5421	0.5175	0.4891	0.5594	0.5752	0.6006	0.5923	0.5494	0.5686	0.5706	0.5495	0.6102	0.6399	0.6204	0.6761	0.7489	0.7848	0.8180	0.8252	0.8821	0.8224	0.7835	0.8225	0.8347	0.8345	0.8268	0.7087	0.7111	0.6009	0.3815	0.3370	0.3615	0.3610	0.3908	0.4294	0.5345	0.7017	0.7618	0.7051	0.6212	0.5460	0.5861	0.7163	0.7068	0.6597	0.6376	0.5900	0.5731	0.5327	0.4596	0.3727	0.3650	0.3697	0.3270
0.1454	0.2293	0.3274	0.4333	0.5265	0.6329	0.6404	0.6336	0.6084	0.5094	0.4804	0.4664	0.4465	0.4263	0.4274	0.5066	0.5685	0.5510	0.5699	0.5701	0.5801	0.5809	0.5550	0.5797	0.5645	0.5399	0.5966	0.5816	0.6232	0.7442	0.7495	0.7158	0.7693	0.8329	0.8231	0.7867	0.7337	0.7850	0.7841	0.8477	0.8007	0.8301	0.8490	0.5709	0.4229	0.4144	0.3971	0.3864	0.4545	0.6330	0.8022	0.8625	0.8492	0.7975	0.7507	0.6994	0.6581	0.6562	0.6396	0.5976	0.5990	0.5471	0.5109	0.5006	0.4618	0.3632	0.3592	0.3752	0.3694
0.2347	0.3951	0.4496	0.5103	0.5367	0.5374	0.4778	0.4377	0.4201	0.4157	0.3918	0.3873	0.4353	0.4293	0.4526	0.5017	0.5703	0.6036	0.5747	0.6072	0.6125	0.6178	0.5417	0.5919	0.5932	0.5534	0.6084	0.6274	0.6312	0.7238	0.7471	0.7186	0.7586	0.8237	0.7628	0.7782	0.7490	0.7459	0.7057	0.7493	0.7662	0.7907	0.8491	0.7369	0.5065	0.4168	0.3905	0.4324	0.5324	0.7746	0.8295	0.8011	0.7736	0.7383	0.7367	0.7545	0.6868	0.6327	0.6215	0.5404	0.5402	0.5222	0.4900	0.4842	0.4275	0.3952	0.3799	0.3811	0.3686
0.2164	0.3119	0.3405	0.3254	0.3408	0.3683	0.3521	0.3381	0.3441	0.3444	0.3607	0.3660	0.4003	0.4208	0.4089	0.4737	0.5080	0.6069	0.5647	0.5790	0.6224	0.5696	0.5662	0.5944	0.5858	0.5896	0.5677	0.6344	0.6530	0.6586	0.7208	0.7658	0.7996	0.8395	0.8016	0.7711	0.7373	0.7722	0.7472	0.7501	0.7419	0.7394	0.8034	0.7626	0.5242	0.4156	0.4199	0.4131	0.5118	0.6793	0.8058	0.7979	0.7398	0.7681	0.7395	0.7399	0.6524	0.5902	0.5900	0.5326	0.5217	0.5163	0.4802	0.4595	0.4459	0.3954	0.4000	0.3796	0.3583
0.2191	0.2785	0.3122	0.2991	0.2870	0.2942	0.3270	0.3451	0.3142	0.3239	0.3645	0.3788	0.4245	0.4519	0.4586	0.4631	0.5389	0.5863	0.5975	0.5755	0.5887	0.5798	0.6101	0.5569	0.5424	0.5761	0.6061	0.6394	0.6364	0.6767	0.7079	0.7340	0.7780	0.7790	0.7987	0.7666	0.7262	0.7976	0.7745	0.7740	0.7799	0.7670	0.8076	0.8351	0.7023	0.5847	0.4352	0.3946	0.4308	0.5547	0.7710	0.7748	0.7182	0.7177	0.6498	0.6272	0.6223	0.6085	0.5537	0.4974	0.4882	0.4680	0.4364	0.4158	0.3736	0.3903	0.3715	0.3557	0.3457
0.1905	0.2637	0.2717	0.2667	0.2754	0.2938	0.3549	0.3486	0.2889	0.3251	0.3791	0.3880	0.4126	0.4470	0.4649	0.4944	0.5812	0.5679	0.5326	0.5318	0.6067	0.6021	0.6061	0.5953	0.5456	0.5591	0.6269	0.6778	0.6708	0.7033	0.6883	0.7286	0.8318	0.7875	0.7482	0.7531	0.7627	0.7941	0.8163	0.7367	0.7652	0.7744	0.8385	0.8145	0.8385	0.7961	0.5598	0.4780	0.5676	0.6332	0.7389	0.7720	0.7706	0.7030	0.6382	0.6357	0.6277	0.5694	0.4912	0.5035	0.4529	0.4462	0.4159	0.4080	0.3664	0.3519	0.3513	0.3327	0.3228
0.2047	0.2555	0.2637	0.3079	0.2962	0.3165	0.3505	0.3316	0.3030	0.2913	0.3344	0.3732	0.3957	0.4141	0.4703	0.4755	0.5168	0.5430	0.5870	0.5751	0.5919	0.5985	0.6185	0.6076	0.6140	0.5775	0.6443	0.6614	0.6674	0.6726	0.6750	0.7287	0.7729	0.7778	0.7658	0.7503	0.7623	0.8060	0.7383	0.7547	0.7626	0.7828	0.8072	0.8103	0.8252	0.8666	0.7015	0.6489	0.7486	0.7159	0.6624	0.6337	0.6436	0.6118	0.5706	0.5677	0.5440	0.5174	0.4927	0.4852	0.4649	0.4382	0.4188	0.4090	0.3885	0.3774	0.3496	0.3421	0.3533
0.2444	0.2630	0.2703	0.2948	0.2801	0.3037	0.3435	0.3399	0.3730	0.3415	0.3334	0.3525	0.4135	0.4162	0.4487	0.4605	0.4876	0.5573	0.5583	0.5429	0.5473	0.5400	0.5829	0.6337	0.6225	0.5914	0.5833	0.6321	0.6980	0.6692	0.7054	0.7423	0.7398	0.7777	0.7527	0.7609	0.8091	0.7739	0.7375	0.7457	0.7650	0.7908	0.7842	0.7815	0.8128	0.8092	0.7306	0.7033	0.6843	0.6316	0.5863	0.5376	0.5588	0.5418	0.5511	0.5218	0.5091	0.4932	0.4973	0.4769	0.5010	0.4520	0.4648	0.4291	0.3911	0.3785	0.3664	0.3548	0.3309
0.2473	0.2523	0.2825	0.2729	0.2891	0.3101	0.3158	0.3360	0.3566	0.3604	0.3669	0.3724	0.4169	0.4280	0.4624	0.4545	0.5154	0.5211	0.5171	0.5417	0.5998	0.5704	0.5628	0.5823	0.6363	0.6112	0.6134	0.6600	0.6920	0.7065	0.7578	0.7185	0.6912	0.7373	0.7458	0.7587	0.7401	0.7416	0.7640	0.7354	0.7559	0.7451	0.7202	0.7246	0.7412	0.7434	0.6768	0.6257	0.6361	0.6301	0.5818	0.5548	0.5456	0.5600	0.5881	0.5454	0.5338	0.5143	0.4973	0.4771	0.4945	0.4648	0.4605	0.4363	0.4033	0.3903	0.3900	0.3652	0.3496
0.2171	0.2271	0.2757	0.2954	0.3025	0.3066	0.3029	0.3317	0.3272	0.3247	0.3601	0.3731	0.4105	0.4244	0.4279	0.4935	0.5144	0.5005	0.5600	0.5670	0.6027	0.5865	0.5776	0.5921	0.5908	0.5858	0.5892	0.5833	0.6021	0.6982	0.6885	0.7191	0.7210	0.6891	0.6928	0.6947	0.7024	0.6975	0.7132	0.7071	0.7480	0.6705	0.6948	0.6400	0.6830	0.6462	0.6117	0.5671	0.6082	0.6170	0.5884	0.5657	0.5683	0.5698	0.5685	0.5536	0.5000	0.4792	0.4896	0.5159	0.4653	0.4493	0.4702	0.4196	0.4039	0.3823	0.3498	0.3546	0.3456
0.2292	0.2435	0.2593	0.3005	0.2885	0.2959	0.2979	0.3196	0.3292	0.3482	0.3579	0.3911	0.4354	0.4212	0.4308	0.4629	0.4923	0.5035	0.5172	0.5796	0.5509	0.5650	0.5695	0.5970	0.5585	0.5714	0.5690	0.5633	0.6272	0.6461	0.6313	0.6785	0.6832	0.6762	0.6653	0.7265	0.6915	0.6848	0.7198	0.6852	0.7374	0.7331	0.7056	0.6599	0.6792	0.6390	0.6790	0.6367	0.6250	0.5935	0.6087	0.6153	0.6227	0.5438	0.5383	0.5337	0.5366	0.4787	0.4520	0.4989	0.4756	0.4775	0.4714	0.4395	0.4151	0.3649	0.3635	0.3746	0.3626
0.2162	0.2405	0.2633	0.3161	0.2925	0.2669	0.2733	0.3010	0.3446	0.3596	0.3934	0.3909	0.3835	0.4138	0.4446	0.4723	0.4644	0.5419	0.5486	0.5319	0.5525	0.5459	0.5721	0.5615	0.5877	0.5624	0.5788	0.6491	0.7166	0.6416	0.6372	0.7001	0.7275	0.7019	0.6763	0.6988	0.7163	0.7467	0.7100	0.7146	0.7466	0.7738	0.7761	0.7742	0.7498	0.7126	0.7172	0.6973	0.6852	0.6294	0.6051	0.5703	0.5934	0.5376	0.5383	0.5391	0.5268	0.4931	0.4497	0.4726	0.4747	0.4605	0.4423	0.4657	0.4395	0.3972	0.3775	0.3407	0.3543
0.1897	0.2050	0.2545	0.2898	0.2954	0.2978	0.3345	0.3323	0.3673	0.3615	0.3809	0.3952	0.3981	0.4122	0.4056	0.4426	0.5064	0.5388	0.5577	0.5291	0.5195	0.5276	0.5319	0.5875	0.5562	0.5640	0.5718	0.6288	0.6681	0.6831	0.6766	0.7016	0.7708	0.7516	0.7090	0.7311	0.7646	0.7780	0.7813	0.8033	0.8291	0.8421	0.8472	0.8588	0.7344	0.6798	0.7717	0.8054	0.7093	0.6480	0.6069	0.5860	0.5779	0.5582	0.5868	0.5638	0.4944	0.4773	0.4668	0.4609	0.4596	0.4638	0.4517	0.4414	0.4318	0.4061	0.3791	0.3955	0.3797
0.1653	0.1831	0.2539	0.2824	0.2642	0.2740	0.3213	0.3412	0.3765	0.3706	0.3584	0.3771	0.4337	0.4401	0.4153	0.4332	0.4818	0.4946	0.5053	0.5370	0.5431	0.5331	0.5309	0.5892	0.5645	0.5589	0.5814	0.6014	0.6430	0.6776	0.6876	0.7342	0.7692	0.7886	0.8145	0.8069	0.7539	0.7507	0.8092	0.8392	0.8099	0.8980	0.8631	0.6879	0.5207	0.4962	0.5645	0.6668	0.8051	0.7533	0.6896	0.6786	0.6831	0.6207	0.5674	0.5603	0.5228	0.5083	0.4653	0.4880	0.4460	0.4270	0.4477	0.4405	0.4202	0.3879	0.4014	0.3982	0.3408
0.1709	0.1988	0.2132	0.2435	0.2712	0.2688	0.3044	0.3391	0.3645	0.4146	0.3670	0.3732	0.4068	0.3892	0.4104	0.4725	0.5018	0.4934	0.5049	0.4976	0.5601	0.5275	0.5416	0.5990	0.6146	0.6104	0.5954	0.6464	0.6804	0.6760	0.6950	0.7733	0.7879	0.7811	0.8461	0.8039	0.8146	0.8538	0.8251	0.8099	0.7950	0.8034	0.8440	0.7220	0.7198	0.6130	0.5106	0.5918	0.7897	0.8021	0.7935	0.7065	0.6896	0.6449	0.6274	0.5922	0.5313	0.5011	0.4716	0.4728	0.4555	0.4573	0.4710	0.4402	0.4181	0.3927	0.4087	0.3972	0.3907
0.1795	0.1927	0.2418	0.2598	0.2696	0.2276	0.3059	0.3310	0.3437	0.3718	0.3741	0.4083	0.4160	0.4079	0.4142	0.4720	0.5058	0.4974	0.5156	0.5262	0.5685	0.5641	0.5584	0.6203	0.6352	0.6440	0.6382	0.6838	0.7049	0.6979	0.7526	0.8111	0.7811	0.7852	0.8031	0.8201	0.8692	0.8315	0.7953	0.7861	0.8521	0.8305	0.8572	0.8620	0.8782	0.8208	0.7727	0.5844	0.7802	0.8761	0.8109	0.7535	0.7809	0.7272	0.7051	0.6443	0.5551	0.5470	0.4900	0.4423	0.4517	0.4852	0.4880	0.4563	0.4051	0.3650	0.3951	0.3884	0.3754
0.1545	0.1944	0.2335	0.2608	0.2604	0.2790	0.3000	0.3346	0.3687	0.3564	0.3728	0.3747	0.4108	0.4370	0.4390	0.5042	0.4691	0.5045	0.5065	0.5567	0.5837	0.5855	0.5832	0.6666	0.6620	0.6361	0.6252	0.6906	0.7159	0.7332	0.8155	0.7830	0.8098	0.8545	0.8579	0.8371	0.7893	0.7814	0.8308	0.8074	0.8644	0.8435	0.8590	0.8812	0.8620	0.8215	0.7019	0.5042	0.6731	0.9507	0.8987	0.8234	0.8234	0.7884	0.6864	0.6744	0.6309	0.5673	0.5312	0.4716	0.4755	0.4748	0.4582	0.4627	0.4223	0.4667	0.4322	0.3921	0.3882
0.1294	0.1717	0.2030	0.2388	0.2574	0.2691	0.2935	0.3555	0.3615	0.3638	0.3911	0.3983	0.4378	0.4628	0.4544	0.4663	0.5060	0.5099	0.5456	0.5696	0.6105	0.5932	0.6035	0.6423	0.6766	0.6509	0.6694	0.6502	0.6627	0.7356	0.7244	0.7448	0.8146	0.7986	0.8909	0.8293	0.7698	0.7916	0.8807	0.7782	0.8393	0.8381	0.8641	0.8559	0.8747	0.7463	0.3912	0.4069	0.5099	0.8966	0.9557	0.8379	0.8418	0.8633	0.7574	0.7087	0.7100	0.6360	0.5366	0.5139	0.4889	0.4426	0.4425	0.4681	0.4972	0.4661	0.4157	0.3951	0.3547
0.1349	0.1648	0.2273	0.2333	0.2667	0.3027	0.3252	0.3539	0.3440	0.3605	0.4062	0.4451	0.4594	0.4766	0.4600	0.4769	0.4904	0.5194	0.5607	0.5991	0.6195	0.6111	0.5934	0.6275	0.6587	0.6372	0.6578	0.6690	0.6995	0.6933	0.7286	0.7219	0.8187	0.8340	0.8524	0.8543	0.7954	0.8092	0.8200	0.7827	0.8205	0.8160	0.8792	0.8857	0.8937	0.6643	0.3666	0.3949	0.4588	0.6784	0.9429	0.8009	0.6807	0.8112	0.7790	0.7390	0.6706	0.6156	0.5521	0.5405	0.4993	0.4586	0.4857	0.4889	0.4595	0.4301	0.4413	0.4519	0.4040
0.1304	0.1795	0.2204	0.2309	0.2392	0.3040	0.3251	0.3415	0.3430	0.3980	0.3984	0.4379	0.5005	0.5014	0.4870	0.5263	0.5228	0.5361	0.5590	0.5885	0.6376	0.6699	0.6219	0.6743	0.6285	0.6151	0.6162	0.7012	0.7522	0.7000	0.7148	0.7981	0.8111	0.8584	0.8260	0.8123	0.8387	0.8271	0.7826	0.7693	0.7918	0.8349	0.8451	0.8480	0.7671	0.5223	0.3382	0.3298	0.4040	0.4957	0.6755	0.5871	0.4933	0.6369	0.7836	0.7830	0.7161	0.6808	0.6230	0.5664	0.5046	0.4977	0.4782	0.5194	0.4765	0.4449	0.4616	0.4437	0.4471
0.1701	0.2187	0.2307	0.2602	0.2715	0.2975	0.3582	0.3912	0.3835	0.3901	0.4177	0.4308	0.4807	0.5019	0.5418	0.5167	0.5615	0.6023	0.6057	0.6418	0.6514	0.7252	0.6919	0.6817	0.6420	0.6532	0.6606	0.7188	0.7181	0.6755	0.7226	0.7982	0.8228	0.8386	0.8647	0.7966	0.8244	0.8413	0.8253	0.8201	0.8451	0.8138	0.8870	0.7629	0.4481	0.3494	0.3380	0.3367	0.3397	0.3719	0.4303	0.4540	0.5024	0.7317	0.8951	0.8138	0.7607	0.7010	0.6728	0.5789	0.5787	0.5455	0.5333	0.5543	0.5153	0.4976	0.5011	0.4596	0.4779
0.1814	0.3047	0.3873	0.4315	0.4240	0.4112	0.4645	0.4578	0.4437	0.4152	0.4392	0.4648	0.4526	0.5066	0.5183	0.5299	0.5683	0.5745	0.5872	0.6306	0.6272	0.6932	0.6789	0.6208	0.6481	0.6746	0.6597	0.6427	0.6851	0.7178	0.7554	0.8245	0.8817	0.8986	0.8852	0.8444	0.8280	0.8982	0.8464	0.8454	0.8633	0.8601	0.9125	0.8542	0.4176	0.3071	0.3141	0.3232	0.3465	0.3640	0.3915	0.4333	0.5436	0.8714	0.9016	0.8482	0.8029	0.7209	0.6605	0.6433	0.6486	0.5984	0.6213	0.6212	0.5909	0.5355	0.5029	0.4627	0.5044
0.1400	0.2751	0.4231	0.5449	0.5691	0.6473	0.6791	0.6456	0.6052	0.5515	0.5051	0.5250	0.5377	0.5123	0.5275	0.5752	0.5800	0.6362	0.6430	0.6394	0.6243	0.6392	0.6344	0.6520	0.6441	0.6278	0.6252	0.6370	0.6937	0.7449	0.8164	0.8297	0.8827	0.8954	0.8444	0.8647	0.8901	0.9058	0.9210	0.9057	0.9491	0.9790	1.0000	0.8847	0.4447	0.3063	0.3173	0.3208	0.3302	0.3497	0.3883	0.4179	0.5028	0.7255	0.9098	0.8766	0.8024	0.7485	0.7156	0.7496	0.7154	0.6726	0.6641	0.6751	0.6155	0.5263	0.5619	0.5327	0.5160
0.0700	0.1054	0.1777	0.2775	0.3444	0.4989	0.6579	0.7429	0.6954	0.7473	0.7142	0.6844	0.6380	0.6174	0.6069	0.6128	0.6207	0.6568	0.6835	0.6588	0.6461	0.6304	0.6183	0.6291	0.6238	0.6030	0.5920	0.6380	0.7639	0.8131	0.8454	0.8762	0.8726	0.8919	0.8988	0.9115	0.9300	0.9088	0.9331	0.8661	0.8652	0.8263	0.9349	0.7582	0.3550	0.2918	0.3169	0.3113	0.3352	0.3466	0.3501	0.4002	0.4448	0.5286	0.7846	0.8917	0.8721	0.8130	0.7902	0.7884	0.7721	0.7666	0.7276	0.6659	0.6559	0.5726	0.5871	0.5640	0.5098
0.0439	0.0609	0.0775	0.1014	0.1309	0.1798	0.2635	0.3879	0.4890	0.5961	0.6431	0.6198	0.7032	0.7396	0.7430	0.6615	0.6635	0.6546	0.6436	0.6573	0.6836	0.6372	0.6260	0.6608	0.6716	0.6372	0.6271	0.6672	0.7683	0.8351	0.8646	0.8540	0.9447	0.9667	0.9418	0.9784	0.9229	0.9045	0.8014	0.4933	0.3936	0.4243	0.5506	0.4672	0.3035	0.2812	0.2962	0.2956	0.2995	0.3136	0.3223	0.3469	0.3815	0.4218	0.5196	0.6836	0.6629	0.7615	0.8545	0.8585	0.8072	0.7677	0.7948	0.7578	0.7136	0.6611	0.6311	0.5198	0.5014
0.0270	0.0588	0.0423	0.0647	0.0654	0.0794	0.1132	0.1505	0.1808	0.2563	0.2996	0.3639	0.5938	0.6531	0.6316	0.7352	0.7347	0.7281	0.7216	0.6934	0.6706	0.7018	0.6748	0.6919	0.7159	0.7132	0.6947	0.7577	0.8041	0.8251	0.8588	0.8274	0.9343	0.9905	0.9199	0.8074	0.7058	0.6894	0.4576	0.2640	0.2744	0.2580	0.2715	0.2835	0.2698	0.2568	0.2636	0.2674	0.2644	0.2816	0.2803	0.3055	0.3293	0.3506	0.3852	0.4520	0.5258	0.7762	0.9387	0.9203	0.8540	0.7641	0.7759	0.7938	0.7031	0.6707	0.6303	0.5537	0.5234
0.0084	0.0231	0.0367	0.0414	0.0615	0.0598	0.0754	0.0943	0.0982	0.1279	0.1304	0.1907	0.2800	0.3113	0.3036	0.4943	0.6518	0.6948	0.7185	0.7517	0.7017	0.6440	0.6904	0.7066	0.7237	0.7169	0.6973	0.7610	0.7618	0.8113	0.8638	0.8381	0.8271	0.7507	0.6628	0.4402	0.3079	0.3030	0.2543	0.2232	0.2363	0.2355	0.2303	0.2212	0.2261	0.2312	0.2221	0.2221	0.2383	0.2404	0.2395	0.2570	0.2661	0.2926	0.3267	0.3933	0.4633	0.7084	0.8302	0.8532	0.7629	0.5824	0.6051	0.7506	0.6781	0.7336	0.6540	0.5881	0.5647
0.0202	0.0107	0.0461	0.0463	0.0581	0.0740	0.0684	0.0872	0.0712	0.0930	0.1103	0.1029	0.1209	0.1472	0.1555	0.2192	0.2703	0.3579	0.5044	0.6644	0.7389	0.6747	0.6417	0.6433	0.5430	0.5982	0.7440	0.7170	0.7588	0.7411	0.7410	0.6747	0.4719	0.3741	0.2975	0.2101	0.1885	0.2048	0.2063	0.1921	0.1852	0.1917	0.1941	0.1928	0.1844	0.1999	0.1969	0.1962	0.2058	0.2077	0.2227	0.2252	0.2322	0.2446	0.2808	0.3062	0.3136	0.3601	0.4431	0.4815	0.4339	0.4056	0.4980	0.7011	0.6803	0.6590	0.6206	0.5964	0.5433
0.0000	0.0080	0.0406	0.0373	0.0539	0.0815	0.0681	0.0839	0.0806	0.0819	0.0883	0.0757	0.0945	0.1039	0.1152	0.1271	0.1256	0.1610	0.2045	0.2880	0.4218	0.4296	0.3896	0.3557	0.3052	0.4480	0.5889	0.5271	0.4436	0.3862	0.3527	0.2697	0.2127	0.1652	0.1636	0.1779	0.1749	0.1717	0.1691	0.1631	0.1530	0.1702	0.1730	0.1832	0.1655	0.1702	0.1705	0.1847	0.1830	0.1801	0.1944	0.2103	0.2145	0.2122	0.2282	0.2486	0.2711	0.2874	0.3162	0.3299	0.3550	0.3857	0.4300	0.6330	0.6559	0.6356	0.6113	0.5201	0.4082
0.0048	0.0280	0.0337	0.0416	0.0455	0.0577	0.0450	0.0602	0.0675	0.0571	0.0753	0.0731	0.0801	0.0945	0.0957	0.1079	0.0996	0.1140	0.1239	0.1379	0.1429	0.1428	0.1504	0.1699	0.1688	0.2341	0.2360	0.1914	0.1749	0.1603	0.1637	0.1543	0.1527	0.1363	0.1483	0.1428	0.1385	0.1380	0.1246	0.1321	0.1407	0.1454	0.1491	0.1629	0.1706	0.1543	0.1439	0.1580	0.1573	0.1676	0.1886	0.1858	0.1979	0.1965	0.2002	0.2212	0.2297	0.2439	0.2638	0.2783	0.2939	0.3335	0.3319	0.4519	0.6228	0.6415	0.6188	0.5414	0.3828
0.0210	0.0242	0.0152	0.0296	0.0341	0.0269	0.0300	0.0619	0.0640	0.0393	0.0525	0.0691	0.0738	0.0769	0.0770	0.0894	0.1091	0.1100	0.1081	0.1036	0.1199	0.1083	0.1170	0.1141	0.1171	0.1252	0.1269	0.1442	0.1544	0.1242	0.1371	0.1193	0.1209	0.1204	0.1166	0.1099	0.1104	0.1194	0.1171	0.1058	0.1061	0.1187	0.1161	0.1091	0.1251	0.1344	0.1256	0.1421	0.1386	0.1435	0.1594	0.1531	0.1777	0.1686	0.1841	0.1981	0.2109	0.2148	0.2219	0.2375	0.2650	0.2633	0.2779	0.3469	0.4982	0.5286	0.5286	0.5023	0.3439
0.0000	0.0000	0.0133	0.0262	0.0196	0.0208	0.0490	0.0506	0.0589	0.0520	0.0488	0.0642	0.0772	0.0631	0.0746	0.0737	0.0910	0.0927	0.0872	0.1011	0.0997	0.1022	0.1090	0.1099	0.0978	0.1016	0.1075	0.1028	0.1014	0.1076	0.1008	0.1026	0.1054	0.1017	0.0982	0.0924	0.0949	0.0841	0.0949	0.0954	0.0907	0.0888	0.0876	0.0876	0.1009	0.0998	0.1010	0.1051	0.1108	0.1112	0.1230	0.1194	0.1244	0.1405	0.1486	0.1580	0.1665	0.1698	0.1760	0.2026	0.2110	0.2148	0.2245	0.2444	0.2868	0.2954	0.3183	0.3258	0.3302
0.0000	0.0038	0.0107	0.0220	0.0084	0.0337	0.0541	0.0579	0.0528	0.0397	0.0538	0.0693	0.0615	0.0539	0.0610	0.0779	0.0672	0.0735	0.0811	0.0811	0.0874	0.0984	0.0915	0.0874	0.0864	0.0975	0.1072	0.0873	0.0907	0.1035	0.0915	0.0910	0.0904	0.0902	0.0868	0.0821	0.0855	0.0821	0.0862	0.0899	0.0776	0.0815	0.0925	0.0753	0.0767	0.0808	0.0826	0.0852	0.0796	0.0816	0.0909	0.0949	0.0918	0.0931	0.1010	0.1153	0.1149	0.1199	0.1315	0.1558	0.1674	0.1821	0.1807	0.1904	0.2021	0.1993	0.2273	0.2561	0.2822
0.0000	0.0115	0.0091	0.0001	0.0000	0.0237	0.0380	0.0379	0.0452	0.0439	0.0403	0.0550	0.0641	0.0618	0.0679	0.0734	0.0617	0.0713	0.0745	0.0713	0.0843	0.0826	0.0722	0.0735	0.0800	0.0900	0.0960	0.0901	0.0887	0.0849	0.0851	0.0840	0.0866	0.0843	0.0707	0.0766	0.0777	0.0831	0.0761	0.0751	0.0719	0.0776	0.0760	0.0737	0.0652	0.0712	0.0727	0.0698	0.0776	0.0697	0.0744	0.0694	0.0635	0.0740	0.0783	0.0829	0.0814	0.0804	0.0931	0.1028	0.1131	0.1116	0.1189	0.1276	0.1490	0.1539	0.1631	0.1756	0.2120
0.0000	0.0000	0.0153	0.0178	0.0227	0.0326	0.0394	0.0198	0.0382	0.0476	0.0349	0.0521	0.0618	0.0582	0.0677	0.0667	0.0667	0.0612	0.0653	0.0625	0.0636	0.0786	0.0765	0.0724	0.0680	0.0793	0.0688	0.0826	0.0781	0.0778	0.0726	0.0678	0.0638	0.0755	0.0726	0.0768	0.0777	0.0692	0.0664	0.0610	0.0650	0.0726	0.0682	0.0635	0.0632	0.0617	0.0657	0.0681	0.0673	0.0646	0.0626	0.0608	0.0544	0.0720	0.0752	0.0743	0.0734	0.0752	0.0698	0.0781	0.0877	0.0865	0.0927	0.0940	0.1024	0.1022	0.0902	0.1113	0.1179
0.0033	0.0000	0.0047	0.0198	0.0282	0.0164	0.0302	0.0299	0.0217	0.0258	0.0322	0.0473	0.0415	0.0472	0.0544	0.0447	0.0455	0.0478	0.0552	0.0569	0.0619	0.0611	0.0706	0.0604	0.0717	0.0723	0.0790	0.0756	0.0719	0.0785	0.0699	0.0611	0.0657	0.0738	0.0560	0.0673	0.0664	0.0656	0.0679	0.0601	0.0595	0.0658	0.0576	0.0597	0.0665	0.0682	0.0708	0.0608	0.0552	0.0557	0.0536	0.0634	0.0608	0.0698	0.0627	0.0660	0.0667	0.0655	0.0616	0.0673	0.0757	0.0761	0.0766	0.0876	0.0793	0.0832	0.0702	0.0839	0.0771
0.0000	0.0000	0.0000	0.0039	0.0046	0.0113	0.0189	0.0395	0.0192	0.0065	0.0269	0.0440	0.0364	0.0353	0.0289	0.0536	0.0577	0.0418	0.0407	0.0599	0.0511	0.0511	0.0565	0.0557	0.0700	0.0681	0.0741	0.0624	0.0682	0.0647	0.0646	0.0704	0.0688	0.0621	0.0504	0.0667	0.0484	0.0627	0.0589	0.0572	0.0623	0.0499	0.0565	0.0536	0.0549	0.0534	0.0597	0.0554	0.0514	0.0537	0.0610	0.0624	0.0614	0.0523	0.0564	0.0594	0.0545	0.0714	0.0748	0.0754	0.0712	0.0576	0.0724	0.0685	0.0687	0.0827	0.0844	0.0724	0.0796
0.0000	0.0000	0.0000	0.0071	0.0002	0.0000	0.0044	0.0186	0.0155	0.0011	0.0150	0.0336	0.0382	0.0418	0.0432	0.0452	0.0604	0.0476	0.0390	0.0504	0.0544	0.0529	0.0519	0.0625	0.0618	0.0666	0.0605	0.0601	0.0680	0.0685	0.0561	0.0617	0.0661	0.0650	0.0656	0.0550	0.0491	0.0597	0.0523	0.0499	0.0620	0.0511	0.0506	0.0533	0.0505	0.0523	0.0517	0.0482	0.0440	0.0484	0.0624	0.0593	0.0613	0.0489	0.0544	0.0589	0.0511	0.0557	0.0615	0.0695	0.0749	0.0619	0.0697	0.0622	0.0610	0.0651	0.0743	0.0631	0.0651
0.0000	0.0000	0.0000	0.0078	0.0082	0.0000	0.0012	0.0063	0.0096	0.0155	0.0306	0.0335	0.0309	0.0418	0.0423	0.0327	0.0374	0.0414	0.0332	0.0520	0.0389	0.0396	0.0418	0.0606	0.0586	0.0586	0.0616	0.0476	0.0590	0.0567	0.0623	0.0672	0.0634	0.0623	0.0644	0.0623	0.0520	0.0579	0.0678	0.0544	0.0467	0.0427	0.0506	0.0473	0.0459	0.0531	0.0485	0.0436	0.0469	0.0456	0.0496	0.0535	0.0554	0.0510	0.0517	0.0517	0.0540	0.0501	0.0560	0.0584	0.0513	0.0488	0.0545	0.0602	0.0515	0.0472	0.0533	0.0554	0.0463
0.0000	0.0000	0.0000	0.0000	0.0000	0.0000	0.0012	0.0181	0.0057	0.0162	0.0180	0.0174	0.0360	0.0285	0.0194	0.0424	0.0342	0.0388	0.0355	0.0430	0.0469	0.0388	0.0443	0.0584	0.0582	0.0457	0.0429	0.0496	0.0511	0.0521	0.0530	0.0559	0.0660	0.0565	0.0555	0.0575	0.0499	0.0544	0.0515	0.0485	0.0464	0.0512	0.0498	0.0440	0.0548	0.0540	0.0449	0.0427	0.0483	0.0444	0.0389	0.0366	0.0466	0.0459	0.0489	0.0499	0.0436	0.0403	0.0439	0.0476	0.0403	0.0473	0.0561	0.0523	0.0555	0.0449	0.0391	0.0460	0.0375
0.0000	0.0000	0.0000	0.0000	0.0000	0.0000	0.0125	0.0190	0.0206	0.0000	0.0307	0.0260	0.0466	0.0190	0.0282	0.0402	0.0472	0.0352	0.0279	0.0330	0.0510	0.0586	0.0495	0.0495	0.0534	0.0479	0.0677	0.0612	0.0444	0.0401	0.0475	0.0478	0.0502	0.0494	0.0514	0.0488	0.0523	0.0630	0.0472	0.0396	0.0475	0.0439	0.0415	0.0464	0.0520	0.0429	0.0410	0.0439	0.0388	0.0334	0.0490	0.0408	0.0414	0.0362	0.0488	0.0458	0.0421	0.0346	0.0468	0.0558	0.0501	0.0607	0.0682	0.0627	0.0619	0.0562	0.0507	0.0424	0.0500
