0.0000	0.0000	0.0000	0.0060	0.0000	0.0000	0.0076	0.0268	0.0166	0.0083	0.0084	0.0297	0.0241	0.0188	0.0274	0.0512	0.0504	0.0348	0.0241	0.0463	0.0527	0.0525	0.0600	0.0637	0.0759	0.1013	0.0832	0.0681	0.0850	0.1019	0.0929	0.0866	0.1148	0.0911	0.0876	0.0947	0.1001	0.0978	0.0912	0.0847	0.0846	0.1015	0.1030	0.0871	0.0850	0.0941	0.0996	0.0998	0.0901	0.0916	0.1025	0.0766	0.0629	0.0738	0.0844	0.0821	0.0667	0.0613	0.0699	0.0760	0.0692	0.0660	0.0607	0.0561	0.0539	0.0351	0.0426	0.0543	0.0405
0.0000	0.0000	0.0000	0.0140	0.0018	0.0000	0.0086	0.0153	0.0232	0.0137	0.0249	0.0222	0.0328	0.0395	0.0368	0.0437	0.0324	0.0398	0.0446	0.0572	0.0582	0.0533	0.0649	0.0773	0.0782	0.0865	0.0766	0.0748	0.0927	0.1057	0.0957	0.1051	0.1144	0.1073	0.1100	0.1003	0.1202	0.1217	0.1041	0.1191	0.1192	0.1191	0.0995	0.0941	0.1035	0.0990	0.0955	0.1113	0.0978	0.0856	0.1088	0.0918	0.0643	0.0791	0.0907	0.0935	0.0780	0.0668	0.0700	0.0832	0.0781	0.0701	0.0698	0.0748	0.0609	0.0426	0.0499	0.0441	0.0444
0.0000	0.0000	0.0042	0.0076	0.0163	0.0048	0.0013	0.0153	0.0299	0.0259	0.0354	0.0252	0.0386	0.0393	0.0369	0.0462	0.0379	0.0424	0.0490	0.0633	0.0530	0.0532	0.0644	0.0772	0.0883	0.1014	0.0905	0.0997	0.0880	0.0924	0.0996	0.0971	0.1159	0.1202	0.1126	0.1203	0.1264	0.1162	0.1099	0.1179	0.1290	0.1164	0.1124	0.1152	0.1063	0.1031	0.1003	0.1063	0.1102	0.0969	0.1084	0.1048	0.0970	0.1046	0.0910	0.0911	0.0859	0.0843	0.0769	0.0779	0.0832	0.0819	0.0765	0.0807	0.0607	0.0641	0.0554	0.0534	0.0548
0.0000	0.0000	0.0100	0.0133	0.0233	0.0217	0.0149	0.0274	0.0105	0.0227	0.0299	0.0357	0.0416	0.0329	0.0409	0.0425	0.0407	0.0461	0.0611	0.0716	0.0682	0.0699	0.0723	0.0757	0.0843	0.0882	0.1027	0.1181	0.0873	0.0885	0.0954	0.1030	0.1242	0.1140	0.1246	0.1317	0.1209	0.1073	0.1220	0.1200	0.1140	0.1106	0.1284	0.1187	0.1015	0.0957	0.1069	0.0952	0.1047	0.1127	0.1093	0.1196	0.1031	0.1090	0.0991	0.0988	0.0892	0.0876	0.0993	0.0775	0.0875	0.0940	0.0785	0.0802	0.0743	0.0673	0.0635	0.0587	0.0581
0.0000	0.0157	0.0174	0.0210	0.0238	0.0223	0.0263	0.0194	0.0105	0.0142	0.0298	0.0415	0.0430	0.0541	0.0392	0.0552	0.0466	0.0385	0.0558	0.0682	0.0697	0.0774	0.0674	0.0732	0.0774	0.0888	0.0928	0.0992	0.1105	0.0980	0.1056	0.1241	0.1400	0.1240	0.1374	0.1224	0.1132	0.1106	0.1319	0.1161	0.1015	0.1106	0.1231	0.1135	0.1110	0.1133	0.1347	0.1053	0.1000	0.1184	0.1221	0.1018	0.1036	0.1093	0.1029	0.1152	0.1191	0.0899	0.0984	0.0804	0.0905	0.0882	0.0898	0.0855	0.0854	0.0699	0.0833	0.0706	0.0732
0.0000	0.0041	0.0099	0.0146	0.0164	0.0245	0.0165	0.0323	0.0281	0.0391	0.0326	0.0391	0.0658	0.0562	0.0383	0.0654	0.0561	0.0617	0.0609	0.0758	0.0718	0.0935	0.0779	0.0732	0.0938	0.1021	0.1059	0.1063	0.1202	0.1261	0.1106	0.1117	0.1323	0.1318	0.1214	0.1362	0.1440	0.1428	0.1279	0.1204	0.1148	0.1332	0.1406	0.1315	0.1381	0.1328	0.1238	0.1294	0.1377	0.1360	0.1435	0.1303	0.1246	0.1148	0.1146	0.1213	0.1151	0.0978	0.1063	0.1085	0.1006	0.1168	0.1197	0.1110	0.1056	0.0878	0.0910	0.0964	0.0876
0.0000	0.0049	0.0145	0.0169	0.0147	0.0350	0.0400	0.0202	0.0319	0.0376	0.0387	0.0570	0.0620	0.0541	0.0515	0.0736	0.0710	0.0865	0.0637	0.0706	0.0833	0.0823	0.0749	0.0772	0.1003	0.1236	0.1077	0.1153	0.1226	0.1326	0.1231	0.1262	0.1384	0.1549	0.1451	0.1346	0.1540	0.1475	0.1273	0.1344	0.1383	0.1515	0.1411	0.1347	0.1414	0.1482	0.1331	0.1491	0.1385	0.1381	0.1609	0.1556	0.1342	0.1280	0.1340	0.1439	0.1347	0.1338	0.1415	0.1327	0.1145	0.1248	0.1221	0.1373	0.1203	0.1025	0.1063	0.0947	0.0950
0.0117	0.0074	0.0250	0.0189	0.0226	0.0395	0.0371	0.0376	0.0432	0.0420	0.0396	0.0531	0.0649	0.0690	0.0546	0.0617	0.0743	0.0822	0.0803	0.0623	0.0849	0.0944	0.0932	0.0983	0.1024	0.1179	0.1032	0.0944	0.1268	0.1352	0.1345	0.1357	0.1510	0.1608	0.1490	0.1379	0.1598	0.1678	0.1603	0.1604	0.1504	0.1549	0.1640	0.1403	0.1566	0.1583	0.1695	0.1664	0.1496	0.1649	0.1656	0.1547	0.1511	0.1400	0.1575	0.1693	0.1746	0.1724	0.1633	0.1481	0.1465	0.1464	0.1604	0.1479	0.1423	0.1268	0.1236	0.1227	0.1039
0.0011	0.0059	0.0147	0.0356	0.0278	0.0207	0.0265	0.0421	0.0588	0.0652	0.0516	0.0564	0.0549	0.0571	0.0650	0.0665	0.0626	0.0717	0.0867	0.0923	0.0963	0.0956	0.0931	0.0979	0.1108	0.1286	0.1148	0.1056	0.1418	0.1377	0.1386	0.1556	0.1830	0.1592	0.1797	0.1698	0.1719	0.1741	0.1731	0.1803	0.1753	0.1592	0.1574	0.1555	0.1742	0.1703	0.1762	0.1674	0.1871	0.2024	0.2010	0.2091	0.1948	0.1992	0.2331	0.2767	0.3828	0.2595	0.1910	0.1748	0.1869	0.1762	0.1887	0.1741	0.1642	0.1440	0.1403	0.1412	0.1548
0.0000	0.0130	0.0353	0.0195	0.0266	0.0315	0.0321	0.0455	0.0534	0.0663	0.0606	0.0669	0.0761	0.0838	0.0796	0.0832	0.0772	0.0898	0.0922	0.0997	0.0999	0.0983	0.1010	0.1022	0.1274	0.1255	0.1261	0.1264	0.1277	0.1364	0.1415	0.1608	0.1929	0.1847	0.2031	0.2088	0.2736	0.3064	0.2018	0.1907	0.1828	0.1792	0.1811	0.1838	0.1966	0.2134	0.2106	0.1930	0.1947	0.2088	0.2471	0.2414	0.2757	0.2930	0.3888	0.4729	0.5503	0.3723	0.2182	0.2289	0.3137	0.2303	0.2055	0.2166	0.2135	0.1747	0.1715	0.1891	0.2061
0.0008	0.0108	0.0378	0.0362	0.0508	0.0510	0.0439	0.0652	0.0696	0.0660	0.0628	0.0476	0.0611	0.0746	0.0884	0.0942	0.0937	0.1021	0.1046	0.1055	0.1060	0.1098	0.1137	0.1082	0.1439	0.1407	0.1333	0.1362	0.1550	0.1624	0.1629	0.1856	0.2243	0.2478	0.2681	0.2957	0.5440	0.6212	0.3243	0.2172	0.2339	0.2486	0.2177	0.2109	0.2251	0.2300	0.2360	0.2429	0.2430	0.2507	0.3304	0.4206	0.4693	0.4219	0.4388	0.5444	0.5682	0.4011	0.2706	0.2953	0.4173	0.3198	0.2638	0.2493	0.2378	0.2066	0.1958	0.2249	0.2327
0.0004	0.0076	0.0219	0.0302	0.0342	0.0444	0.0513	0.0583	0.0591	0.0606	0.0776	0.0812	0.0684	0.0736	0.0787	0.0861	0.0908	0.1084	0.1031	0.1012	0.1147	0.1115	0.1336	0.1416	0.1517	0.1435	0.1490	0.1783	0.2012	0.2230	0.2659	0.3763	0.4772	0.3690	0.3457	0.4377	0.7025	0.7441	0.6068	0.4016	0.3936	0.4393	0.3998	0.2719	0.2608	0.2743	0.2942	0.3055	0.3405	0.3848	0.4736	0.6311	0.6867	0.6386	0.5468	0.5723	0.6180	0.5110	0.4602	0.4094	0.4615	0.4410	0.3901	0.4017	0.3425	0.2899	0.2395	0.2446	0.2662
0.0279	0.0143	0.0251	0.0378	0.0448	0.0369	0.0510	0.0809	0.0769	0.0611	0.0841	0.0933	0.0806	0.0770	0.0792	0.0832	0.0955	0.1256	0.0987	0.1158	0.1241	0.1330	0.1537	0.1584	0.1801	0.2052	0.2054	0.2332	0.2910	0.3339	0.4269	0.6870	0.8163	0.7300	0.6472	0.6655	0.7352	0.7911	0.7472	0.6968	0.7665	0.7138	0.6285	0.4347	0.3912	0.4388	0.4669	0.5379	0.6009	0.6026	0.6929	0.7658	0.6895	0.7060	0.6854	0.6807	0.5872	0.5927	0.6453	0.5460	0.5351	0.5201	0.4956	0.5197	0.4709	0.4063	0.3388	0.3275	0.3300
0.0377	0.0328	0.0447	0.0458	0.0394	0.0495	0.0703	0.0827	0.0674	0.0784	0.0870	0.1014	0.0902	0.0993	0.0974	0.0964	0.1223	0.1260	0.1268	0.1484	0.1500	0.1598	0.2054	0.2115	0.2583	0.3157	0.3680	0.4092	0.4083	0.5032	0.6756	0.8788	0.9649	0.9153	0.8700	0.8041	0.7824	0.8347	0.8444	0.8165	0.9094	0.8413	0.8231	0.7170	0.6874	0.7759	0.7774	0.7944	0.7836	0.7522	0.8465	0.8146	0.7219	0.6822	0.6802	0.7353	0.6475	0.6011	0.5940	0.5976	0.5515	0.5166	0.5036	0.4849	0.4764	0.4330	0.4384	0.3867	0.3291
0.0139	0.0190	0.0292	0.0417	0.0631	0.0703	0.0661	0.0906	0.0945	0.0905	0.0868	0.1016	0.0978	0.1132	0.1157	0.1134	0.1424	0.1612	0.1655	0.1743	0.2120	0.2329	0.2773	0.3379	0.4239	0.6146	0.7057	0.6714	0.5996	0.7248	0.8420	0.9235	1.0000	0.9570	0.9323	0.8681	0.8383	0.8739	0.8793	0.8936	0.9023	0.8997	0.8855	0.9030	0.8365	0.8427	0.8040	0.8253	0.7673	0.7815	0.8193	0.7443	0.6752	0.6273	0.6553	0.7041	0.6913	0.6386	0.5636	0.5851	0.5344	0.4716	0.4935	0.4555	0.4727	0.4006	0.4170	0.3885	0.3395
0.0072	0.0159	0.0441	0.0615	0.0662	0.0825	0.0822	0.0963	0.0987	0.0970	0.1111	0.1146	0.1372	0.1526	0.1674	0.1787	0.2313	0.2294	0.2454	0.2681	0.3192	0.3365	0.3694	0.4857	0.6595	0.8278	0.8433	0.7918	0.7937	0.8225	0.8047	0.9642	0.9825	0.9870	0.9233	0.8509	0.8536	0.8848	0.8144	0.7953	0.8606	0.8292	0.8514	0.8865	0.8173	0.8634	0.7957	0.7925	0.7337	0.7549	0.7637	0.7262	0.6547	0.6295	0.6265	0.6734	0.6211	0.5855	0.5437	0.5809	0.5371	0.4506	0.4562	0.4619	0.4218	0.3720	0.4013	0.3801	0.3376
0.0312	0.0422	0.0627	0.0770	0.0845	0.0902	0.1097	0.1331	0.1203	0.1474	0.1641	0.1901	0.2212	0.2176	0.2205	0.2522	0.2678	0.2956	0.3161	0.3569	0.4585	0.5282	0.5364	0.6817	0.8128	0.8075	0.7708	0.7432	0.7369	0.7600	0.7584	0.8308	0.9003	0.8563	0.9353	0.8030	0.7980	0.8340	0.8273	0.7652	0.7837	0.7753	0.8519	0.8540	0.7649	0.7154	0.7390	0.7841	0.6836	0.7124	0.7255	0.7132	0.6519	0.6225	0.6124	0.6106	0.5750	0.5505	0.5355	0.5412	0.5081	0.4610	0.4124	0.4279	0.3950	0.3346	0.3318	0.3405	0.3347
0.0567	0.0778	0.1047	0.1258	0.1397	0.1959	0.2124	0.2284	0.2245	0.2052	0.2487	0.2794	0.2776	0.2791	0.2893	0.3134	0.3279	0.3686	0.4212	0.4715	0.6985	0.8623	0.7617	0.7821	0.7258	0.6507	0.6599	0.6547	0.6017	0.6370	0.6827	0.7114	0.7454	0.7430	0.7830	0.7543	0.7770	0.7698	0.7590	0.7636	0.7355	0.7002	0.7217	0.7366	0.6944	0.6567	0.7103	0.6977	0.6840	0.6492	0.6748	0.6632	0.6221	0.5910	0.5405	0.5301	0.5232	0.4831	0.5003	0.4866	0.4606	0.4666	0.4193	0.4066	0.3818	0.3276	0.3371	0.3554	0.3203
0.1074	0.1420	0.2204	0.3174	0.3772	0.4477	0.4914	0.5040	0.4740	0.3915	0.3610	0.3656	0.3990	0.3985	0.4183	0.4857	0.4980	0.4550	0.5048	0.5780	0.7141	0.8028	0.7787	0.6851	0.6239	0.5556	0.5952	0.5428	0.5094	0.6290	0.5741	0.5964	0.6415	0.6830	0.6824	0.7272	0.7094	0.7350	0.7372	0.6965	0.6908	0.6788	0.6824	0.6636	0.6425	0.6706	0.6303	0.6150	0.6170	0.6471	0.6477	0.6284	0.5757	0.5338	0.5113	0.5067	0.4553	0.4497	0.4784	0.4821	0.4984	0.4298	0.4024	0.3911	0.3672	0.3173	0.3364	0.3292	0.3095
0.2045	0.2794	0.3631	0.4500	0.4992	0.5225	0.5697	0.5901	0.6359	0.5788	0.5834	0.6192	0.6491	0.6317	0.6458	0.6648	0.7436	0.6980	0.6499	0.6913	0.6918	0.6916	0.6262	0.5900	0.5574	0.5214	0.5401	0.5381	0.5413	0.6061	0.6095	0.6195	0.6252	0.6471	0.6554	0.6641	0.6372	0.6797	0.6495	0.6356	0.6261	0.6672	0.6712	0.6179	0.6369	0.6170	0.5750	0.5959	0.6074	0.5778	0.5617	0.5178	0.4991	0.5078	0.4921	0.4749	0.4706	0.4608	0.4479	0.4380	0.4655	0.4155	0.4088	0.3979	0.3670	0.3236	0.3415	0.3459	0.3134
0.2062	0.2758	0.3102	0.2997	0.3382	0.4033	0.4194	0.4539	0.4657	0.5054	0.5956	0.5959	0.6619	0.6235	0.5931	0.6331	0.6864	0.7420	0.6277	0.6140	0.5955	0.5792	0.5388	0.4949	0.4962	0.5259	0.5093	0.5387	0.5398	0.5693	0.6040	0.6166	0.6304	0.6676	0.6483	0.6248	0.6326	0.6687	0.6810	0.6577	0.6073	0.6085	0.6177	0.5904	0.5514	0.5707	0.5899	0.5862	0.5427	0.5134	0.5148	0.4844	0.4504	0.4892	0.4680	0.4497	0.4631	0.4546	0.4716	0.4470	0.4292	0.4175	0.3964	0.3783	0.3709	0.3238	0.3348	0.3197	0.3031
0.2042	0.2396	0.2716	0.2634	0.2707	0.3126	0.3830	0.4157	0.4224	0.4510	0.5087	0.5218	0.5464	0.5551	0.5495	0.5863	0.6503	0.6427	0.5906	0.5239	0.5254	0.5467	0.5241	0.4549	0.4982	0.5132	0.5222	0.5503	0.6171	0.6254	0.5785	0.5848	0.6167	0.6042	0.6327	0.6007	0.5988	0.6551	0.6630	0.6330	0.6462	0.5961	0.5848	0.5858	0.5529	0.5496	0.5447	0.5415	0.4812	0.4995	0.5415	0.5019	0.4598	0.4529	0.4605	0.4765	0.4946	0.4494	0.4386	0.4151	0.4222	0.4202	0.3802	0.3587	0.3520	0.3238	0.3024	0.3103	0.3165
0.1855	0.1879	0.2358	0.2825	0.2897	0.2866	0.3662	0.3858	0.3938	0.4106	0.4680	0.4701	0.5151	0.5165	0.5212	0.5471	0.5757	0.5273	0.5060	0.4753	0.5410	0.5414	0.5225	0.4983	0.5109	0.5133	0.5372	0.5668	0.5704	0.6301	0.5821	0.5658	0.6431	0.6403	0.5840	0.6152	0.6285	0.6588	0.6528	0.6314	0.6137	0.5786	0.5519	0.5601	0.5638	0.5364	0.5553	0.5375	0.5077	0.4986	0.4957	0.5069	0.4959	0.4832	0.4891	0.5087	0.4820	0.4474	0.4381	0.4513	0.4416	0.3988	0.3836	0.3664	0.3316	0.3171	0.3097	0.3052	0.3071
0.1817	0.1966	0.2239	0.2611	0.2819	0.2955	0.3328	0.3388	0.3423	0.3438	0.3794	0.4205	0.4485	0.4246	0.4636	0.4754	0.5056	0.4972	0.5028	0.4981	0.5274	0.5445	0.4902	0.5089	0.5327	0.4848	0.5369	0.5816	0.6019	0.6330	0.5859	0.6132	0.6404	0.6374	0.6138	0.5937	0.6353	0.6303	0.5975	0.5607	0.5677	0.5675	0.5905	0.5696	0.5559	0.5646	0.5889	0.5642	0.5215	0.5274	0.4893	0.4968	0.5218	0.4859	0.4655	0.4994	0.4711	0.4559	0.4524	0.4343	0.4088	0.4060	0.4005	0.3732	0.3348	0.3482	0.3303	0.3048	0.2973
0.2047	0.2160	0.2209	0.2334	0.2557	0.2756	0.3237	0.2968	0.3402	0.3422	0.3516	0.3977	0.3814	0.3670	0.4098	0.4190	0.4717	0.4892	0.4762	0.5003	0.4992	0.4902	0.4942	0.5461	0.5222	0.5245	0.5490	0.5950	0.6437	0.6582	0.6215	0.6319	0.6439	0.6368	0.6362	0.6165	0.6491	0.6063	0.6024	0.5747	0.5570	0.5863	0.5832	0.5405	0.5662	0.5809	0.5573	0.5500	0.5629	0.5674	0.5332	0.4945	0.5184	0.5180	0.4926	0.4726	0.4663	0.4594	0.4343	0.4474	0.4298	0.4021	0.4009	0.3592	0.3411	0.3295	0.3053	0.3060	0.2955
0.2165	0.2024	0.2211	0.2615	0.2355	0.2615	0.3069	0.2920	0.3255	0.3350	0.3539	0.3752	0.3653	0.3942	0.4099	0.4432	0.4724	0.4645	0.4532	0.4972	0.5130	0.4679	0.4599	0.4928	0.5347	0.5450	0.5736	0.6005	0.5920	0.6334	0.6529	0.6454	0.6601	0.6316	0.6550	0.6327	0.6392	0.6120	0.6041	0.6002	0.5870	0.5957	0.5677	0.5992	0.5795	0.5888	0.5598	0.5364	0.5892	0.5833	0.5570	0.5288	0.4965	0.5080	0.5094	0.4984	0.4887	0.4755	0.4600	0.4572	0.4548	0.4289	0.3928	0.3858	0.3628	0.3625	0.3301	0.3165	0.2937
0.1818	0.2196	0.2405	0.2732	0.2728	0.2643	0.2858	0.3266	0.3000	0.2908	0.3495	0.3704	0.3859	0.4205	0.4344	0.4419	0.4453	0.4604	0.4913	0.4915	0.4733	0.4812	0.4621	0.4917	0.5006	0.5045	0.5565	0.5981	0.5843	0.6426	0.6474	0.6687	0.6757	0.6472	0.5979	0.5915	0.6050	0.5862	0.6015	0.5934	0.6029	0.5833	0.5851	0.5866	0.6109	0.5711	0.5239	0.5223	0.5411	0.5689	0.5544	0.5218	0.5112	0.4875	0.4921	0.4909	0.4674	0.4707	0.5069	0.4896	0.4259	0.4161	0.4126	0.3886	0.3756	0.3586	0.3359	0.3146	0.3030
0.1798	0.1995	0.2130	0.2378	0.2331	0.2700	0.2954	0.3126	0.2924	0.3198	0.3548	0.3527	0.3993	0.4127	0.4372	0.4501	0.4557	0.4579	0.4530	0.4795	0.4720	0.4782	0.4855	0.4939	0.4936	0.4977	0.5220	0.5786	0.6241	0.6336	0.6399	0.6287	0.5936	0.5787	0.5511	0.6075	0.5699	0.5899	0.6069	0.5830	0.6165	0.6072	0.5816	0.5519	0.5822	0.5447	0.5323	0.5263	0.5632	0.5380	0.5617	0.5390	0.5534	0.4832	0.4732	0.4582	0.4736	0.4657	0.4651	0.4924	0.4546	0.4496	0.4350	0.3890	0.3648	0.3493	0.3419	0.3540	0.3249
0.1573	0.1861	0.2078	0.2194	0.2430	0.2593	0.2687	0.2701	0.3057	0.3200	0.3460	0.3800	0.3826	0.3943	0.3985	0.4026	0.4265	0.4736	0.4884	0.4944	0.5100	0.4749	0.4687	0.4940	0.5016	0.4957	0.5376	0.5930	0.6266	0.5795	0.5946	0.5997	0.6165	0.5919	0.5935	0.5822	0.6084	0.6011	0.5752	0.5982	0.6117	0.6021	0.5709	0.5600	0.5632	0.5530	0.5583	0.5332	0.5528	0.5444	0.5340	0.5193	0.5047	0.4817	0.4876	0.4873	0.4748	0.4848	0.4583	0.4414	0.4464	0.4304	0.4056	0.3865	0.3817	0.3638	0.3280	0.3146	0.3088
0.1385	0.1735	0.1909	0.2048	0.2263	0.2562	0.2623	0.2632	0.2968	0.2988	0.3342	0.3707	0.4048	0.4055	0.3757	0.4281	0.4671	0.4871	0.4768	0.5022	0.4813	0.4673	0.4611	0.5042	0.4982	0.5066	0.5248	0.5813	0.5887	0.5892	0.5653	0.5988	0.6556	0.6146	0.5860	0.5830	0.6321	0.6254	0.6001	0.6050	0.6179	0.6118	0.5651	0.5737	0.5575	0.5585	0.5486	0.5387	0.5095	0.5435	0.5402	0.5173	0.4940	0.4918	0.4912	0.4870	0.4564	0.4306	0.4405	0.4477	0.4335	0.4275	0.4272	0.3897	0.3770	0.3697	0.3430	0.3298	0.3198
0.1159	0.1546	0.1792	0.2089	0.2008	0.2041	0.2397	0.2983	0.3075	0.3102	0.3266	0.3618	0.3783	0.4031	0.4152	0.4348	0.4805	0.4739	0.4814	0.5061	0.5011	0.5188	0.5020	0.5140	0.4997	0.5094	0.4916	0.5528	0.5452	0.5691	0.5604	0.5832	0.6090	0.5843	0.5905	0.5810	0.6211	0.5784	0.5808	0.5923	0.5574	0.6039	0.5617	0.5474	0.5541	0.5376	0.5784	0.5288	0.5516	0.5751	0.5848	0.5479	0.5630	0.5242	0.4674	0.4822	0.4880	0.4695	0.4354	0.4614	0.4327	0.4209	0.4153	0.3897	0.3789	0.3291	0.3263	0.3203	0.3072
0.1281	0.1380	0.1571	0.1792	0.1994	0.2080	0.2519	0.3144	0.3166	0.3218	0.3195	0.3280	0.3833	0.3976	0.4026	0.4197	0.4480	0.4547	0.4837	0.4849	0.4970	0.5034	0.4819	0.5335	0.5348	0.5204	0.5076	0.5417	0.5680	0.5651	0.5557	0.5913	0.6247	0.5925	0.5942	0.6075	0.6007	0.5739	0.5834	0.5640	0.5404	0.5660	0.5878	0.5468	0.5514	0.5649	0.5665	0.5918	0.5770	0.6125	0.6117	0.5499	0.5488	0.5444	0.5134	0.5035	0.5082	0.4888	0.4456	0.4391	0.4337	0.4319	0.4456	0.4180	0.3646	0.3394	0.3577	0.3500	0.3358
0.1100	0.1387	0.1645	0.1962	0.2098	0.2195	0.2763	0.2688	0.2890	0.3044	0.3156	0.3555	0.3824	0.4017	0.3792	0.4086	0.4556	0.4604	0.4582	0.4683	0.4953	0.4961	0.4818	0.5091	0.5319	0.5164	0.5453	0.5478	0.5699	0.5424	0.5817	0.6192	0.6131	0.6108	0.6116	0.6143	0.6274	0.5994	0.6041	0.5578	0.5866	0.5912	0.5820	0.5779	0.5861	0.5546	0.5679	0.6096	0.6041	0.6187	0.6145	0.5694	0.5558	0.5616	0.5461	0.5071	0.5179	0.4974	0.4660	0.4509	0.4345	0.4489	0.4255	0.3925	0.3806	0.3464	0.3389	0.3378	0.3233
0.1211	0.1349	0.1524	0.1706	0.1838	0.2091	0.2490	0.3088	0.3354	0.3245	0.3352	0.3516	0.4080	0.4344	0.4224	0.4431	0.4592	0.4964	0.4442	0.4777	0.4978	0.4873	0.4760	0.4897	0.4928	0.5280	0.5119	0.5550	0.5804	0.5690	0.5967	0.6299	0.6196	0.6158	0.6385	0.6149	0.6108	0.6090	0.6336	0.5914	0.5946	0.6188	0.5965	0.5990	0.5629	0.5819	0.5727	0.5617	0.6063	0.6527	0.6236	0.5624	0.5611	0.5436	0.5430	0.5423	0.5377	0.5045	0.4922	0.4835	0.4654	0.4423	0.4209	0.4246	0.3761	0.3620	0.3679	0.3570	0.3368
0.1366	0.1485	0.1480	0.1565	0.2035	0.2017	0.2507	0.3036	0.3394	0.3549	0.3806	0.4144	0.4361	0.4750	0.4882	0.4959	0.5273	0.5371	0.4973	0.5327	0.5360	0.5156	0.4950	0.5084	0.5509	0.5257	0.5294	0.5324	0.5611	0.5713	0.5504	0.6049	0.6084	0.5949	0.6377	0.6198	0.6098	0.6215	0.6336	0.5841	0.6230	0.6491	0.6071	0.5589	0.5665	0.5777	0.5595	0.5740	0.5576	0.6460	0.6229	0.6168	0.5770	0.6001	0.5731	0.5538	0.5522	0.5107	0.5290	0.5262	0.4766	0.4497	0.4641	0.4628	0.4491	0.3929	0.3987	0.3812	0.3402
0.1212	0.1530	0.1652	0.1662	0.2250	0.2571	0.3172	0.3349	0.3659	0.4048	0.4475	0.4982	0.4976	0.5490	0.5525	0.5348	0.5655	0.5742	0.5755	0.5923	0.5946	0.5813	0.5223	0.4884	0.5316	0.5235	0.5027	0.5371	0.5665	0.5561	0.5650	0.5549	0.6043	0.6306	0.6262	0.6352	0.6146	0.6246	0.5801	0.6012	0.6122	0.5757	0.6029	0.5915	0.5774	0.5810	0.6039	0.6153	0.6113	0.6699	0.6762	0.6308	0.5947	0.5674	0.5720	0.5518	0.5514	0.5246	0.5239	0.5203	0.4983	0.4914	0.4999	0.4770	0.4365	0.4161	0.4091	0.4217	0.3855
0.1284	0.1459	0.1716	0.2062	0.2330	0.3036	0.3507	0.3619	0.4067	0.4367	0.4741	0.5459	0.5665	0.5944	0.5969	0.6168	0.6152	0.6584	0.6746	0.6512	0.6785	0.6297	0.5725	0.5687	0.4980	0.5101	0.5219	0.5533	0.5586	0.5685	0.5622	0.5917	0.5933	0.6196	0.6235	0.6095	0.6175	0.6220	0.5723	0.5762	0.5791	0.6081	0.5800	0.5782	0.5642	0.5782	0.6092	0.6419	0.6730	0.6929	0.6541	0.6340	0.6522	0.6117	0.5885	0.5960	0.5924	0.5915	0.5841	0.5957	0.5255	0.5065	0.4990	0.4499	0.4371	0.4394	0.4345	0.4053	0.4017
0.1603	0.1821	0.2100	0.2372	0.2719	0.3333	0.3592	0.4279	0.4608	0.5004	0.5768	0.6183	0.6433	0.6534	0.7133	0.6785	0.7079	0.8040	0.7588	0.7274	0.7064	0.7137	0.6752	0.6599	0.6097	0.6116	0.5447	0.5677	0.5486	0.5343	0.5804	0.5833	0.5822	0.5913	0.6472	0.6444	0.6446	0.6614	0.6492	0.6053	0.6027	0.5692	0.5887	0.5860	0.6144	0.6231	0.6574	0.6922	0.6799	0.6887	0.6811	0.6911	0.6894	0.6865	0.6805	0.6858	0.6955	0.6939	0.6734	0.6320	0.6072	0.5637	0.5283	0.4931	0.4783	0.4694	0.4955	0.4588	0.4445
0.1705	0.2390	0.2982	0.3450	0.3800	0.4339	0.4650	0.5782	0.6017	0.6053	0.6669	0.6780	0.6631	0.7091	0.7158	0.7039	0.7518	0.7919	0.8064	0.7864	0.7824	0.8031	0.7919	0.7325	0.6765	0.6661	0.6419	0.5987	0.5966	0.5686	0.6021	0.6248	0.6561	0.6626	0.6722	0.7033	0.7061	0.7446	0.7288	0.6748	0.6563	0.6606	0.6467	0.6687	0.6694	0.6757	0.6916	0.6994	0.7059	0.7183	0.7228	0.7466	0.7283	0.7299	0.6717	0.6184	0.6116	0.6910	0.6766	0.6760	0.6231	0.5996	0.6293	0.5952	0.5381	0.5108	0.4658	0.4402	0.4501
0.1282	0.1844	0.2591	0.3412	0.4274	0.4910	0.5233	0.5803	0.5649	0.4789	0.4271	0.4093	0.3987	0.4176	0.4317	0.4729	0.4527	0.5164	0.5836	0.6359	0.7468	0.7843	0.8276	0.8122	0.7443	0.7111	0.7075	0.6691	0.6701	0.6505	0.6803	0.6770	0.7233	0.7238	0.7136	0.7512	0.7919	0.7519	0.7593	0.7092	0.7108	0.7249	0.7705	0.7531	0.7311	0.7135	0.7767	0.7167	0.7305	0.7666	0.7485	0.7310	0.7249	0.6586	0.4740	0.3837	0.4040	0.5220	0.5295	0.5043	0.4958	0.5537	0.6646	0.6371	0.5620	0.5135	0.5204	0.5140	0.4639
0.0511	0.0790	0.0868	0.1264	0.1740	0.2515	0.2637	0.2582	0.2393	0.2273	0.2445	0.2334	0.2474	0.2601	0.2765	0.3020	0.3043	0.3403	0.3720	0.4157	0.4742	0.5386	0.6520	0.7907	0.8312	0.8107	0.7638	0.7371	0.7656	0.7829	0.7867	0.7916	0.8050	0.8072	0.8195	0.8402	0.8483	0.7657	0.7621	0.7311	0.8006	0.7554	0.8139	0.7581	0.7453	0.7525	0.7951	0.7509	0.7327	0.7610	0.7091	0.7250	0.7010	0.6360	0.3965	0.3399	0.3583	0.3748	0.3793	0.4186	0.4929	0.6437	0.7088	0.6783	0.6106	0.5347	0.5710	0.5399	0.4879
0.0303	0.0320	0.0540	0.0684	0.0718	0.0912	0.0853	0.1080	0.1239	0.1355	0.1651	0.1654	0.1821	0.1983	0.2155	0.2371	0.2378	0.2578	0.2642	0.2931	0.3392	0.3471	0.3896	0.4937	0.5915	0.6825	0.8005	0.8434	0.8511	0.8886	0.8693	0.8478	0.8561	0.8691	0.8802	0.8999	0.8321	0.8461	0.8149	0.7925	0.8008	0.7705	0.7835	0.7959	0.7891	0.7765	0.7861	0.7522	0.7256	0.7384	0.7559	0.7374	0.7235	0.6087	0.3701	0.3369	0.3493	0.3606	0.3670	0.4360	0.5976	0.7271	0.7323	0.6711	0.6333	0.5887	0.5719	0.5066	0.4792
0.0085	0.0296	0.0388	0.0436	0.0448	0.0607	0.0679	0.0753	0.0858	0.0926	0.0952	0.1022	0.1260	0.1269	0.1408	0.1569	0.1801	0.1828	0.1997	0.2055	0.2337	0.2593	0.2650	0.3120	0.3721	0.4089	0.4933	0.6609	0.8642	0.9355	0.8694	0.8306	0.9005	0.9199	0.8873	0.8345	0.8481	0.8991	0.8095	0.8230	0.8867	0.8329	0.8294	0.8677	0.8240	0.7645	0.7896	0.7911	0.7545	0.7485	0.7140	0.6941	0.6808	0.5011	0.3255	0.3311	0.3417	0.3608	0.3866	0.4380	0.6132	0.6974	0.6874	0.6486	0.5875	0.5656	0.5742	0.5116	0.5025
0.0060	0.0310	0.0389	0.0383	0.0383	0.0487	0.0581	0.0700	0.0656	0.0741	0.0808	0.0803	0.0995	0.0940	0.1004	0.1072	0.1288	0.1287	0.1433	0.1455	0.1496	0.1655	0.2003	0.2321	0.2465	0.2562	0.3065	0.3759	0.5129	0.7358	0.8031	0.8805	0.8775	0.8807	0.8296	0.8461	0.9199	0.8632	0.8367	0.7771	0.7482	0.7218	0.7122	0.7665	0.7636	0.7867	0.8108	0.8056	0.7887	0.7028	0.6676	0.6698	0.5699	0.3502	0.2762	0.3096	0.3291	0.3337	0.3445	0.4356	0.6129	0.6693	0.6563	0.6284	0.5660	0.5648	0.5555	0.5240	0.5252
0.0128	0.0244	0.0285	0.0275	0.0330	0.0578	0.0766	0.0594	0.0510	0.0623	0.0706	0.0718	0.0790	0.0772	0.0860	0.0937	0.0957	0.0949	0.1009	0.1159	0.1197	0.1134	0.1292	0.1479	0.1630	0.1731	0.2065	0.2232	0.3038	0.3863	0.5135	0.8353	0.8821	0.8382	0.7601	0.7058	0.8080	0.7371	0.5406	0.4083	0.3487	0.3465	0.3732	0.4121	0.4494	0.5478	0.6523	0.7635	0.7684	0.7495	0.6910	0.6533	0.4737	0.2587	0.2539	0.2586	0.2751	0.3038	0.3443	0.4528	0.6725	0.6807	0.6374	0.5879	0.5521	0.5515	0.5569	0.5484	0.4920
0.0059	0.0164	0.0216	0.0251	0.0311	0.0428	0.0646	0.0715	0.0504	0.0577	0.0606	0.0625	0.0677	0.0601	0.0738	0.0879	0.0842	0.0884	0.0850	0.0969	0.0990	0.1030	0.1067	0.1173	0.1193	0.1228	0.1401	0.1758	0.2224	0.2612	0.3957	0.7229	0.8718	0.7856	0.6789	0.6196	0.7153	0.5977	0.3661	0.1981	0.1895	0.2144	0.2267	0.2545	0.2743	0.2995	0.3701	0.5402	0.7574	0.7299	0.6995	0.6263	0.3749	0.2135	0.2286	0.2250	0.2506	0.2851	0.3221	0.4960	0.7179	0.7232	0.6603	0.5963	0.5707	0.4932	0.4339	0.4222	0.4016
0.0042	0.0152	0.0230	0.0192	0.0310	0.0458	0.0432	0.0527	0.0425	0.0445	0.0548	0.0599	0.0554	0.0499	0.0608	0.0753	0.0839	0.0802	0.0821	0.0816	0.0886	0.0864	0.0878	0.0997	0.1002	0.1033	0.1115	0.1208	0.1417	0.1691	0.2050	0.3387	0.4596	0.5269	0.4042	0.3603	0.5434	0.4366	0.2352	0.1502	0.1478	0.1524	0.1614	0.1822	0.2064	0.2210	0.2520	0.3520	0.6461	0.7453	0.7180	0.5560	0.2439	0.1600	0.1778	0.1963	0.2137	0.2374	0.2558	0.3336	0.4691	0.5770	0.5688	0.4879	0.4002	0.2962	0.2177	0.2182	0.2347
0.0117	0.0223	0.0227	0.0219	0.0220	0.0292	0.0270	0.0350	0.0386	0.0392	0.0497	0.0525	0.0520	0.0630	0.0633	0.0613	0.0851	0.0775	0.0781	0.0803	0.0786	0.0883	0.0816	0.0762	0.0923	0.0882	0.0962	0.1104	0.1087	0.1238	0.1237	0.1225	0.1446	0.1626	0.1521	0.1545	0.2234	0.1876	0.1291	0.1208	0.1217	0.1165	0.1151	0.1169	0.1244	0.1404	0.1646	0.1901	0.3094	0.4288	0.3741	0.2461	0.1423	0.1281	0.1402	0.1577	0.1655	0.1652	0.1825	0.1953	0.2236	0.2828	0.2999	0.2527	0.1940	0.1742	0.1618	0.1816	0.1822
0.0000	0.0128	0.0139	0.0296	0.0318	0.0274	0.0286	0.0391	0.0317	0.0381	0.0499	0.0489	0.0565	0.0595	0.0629	0.0661	0.0748	0.0664	0.0814	0.0761	0.0741	0.0719	0.0774	0.0674	0.0714	0.0829	0.0804	0.0910	0.1002	0.1109	0.0987	0.1038	0.1096	0.1082	0.1126	0.1098	0.1153	0.1093	0.1075	0.1029	0.0984	0.0921	0.0982	0.1048	0.1006	0.1046	0.1058	0.1142	0.1212	0.1340	0.1361	0.1236	0.1133	0.1014	0.1046	0.1076	0.1137	0.1235	0.1377	0.1580	0.1541	0.1440	0.1504	0.1602	0.1458	0.1493	0.1439	0.1548	0.1532
0.0000	0.0005	0.0118	0.0139	0.0116	0.0238	0.0231	0.0302	0.0454	0.0470	0.0440	0.0434	0.0539	0.0452	0.0382	0.0563	0.0656	0.0663	0.0624	0.0625	0.0698	0.0678	0.0754	0.0713	0.0737	0.0795	0.0803	0.0721	0.0806	0.0852	0.0960	0.0958	0.1009	0.0957	0.0895	0.0885	0.0977	0.0902	0.1033	0.0935	0.0840	0.0871	0.0910	0.0818	0.0958	0.0911	0.0925	0.0954	0.1040	0.1044	0.1033	0.1003	0.0933	0.0784	0.0885	0.0909	0.0965	0.0827	0.0962	0.1217	0.1143	0.1107	0.1150	0.1274	0.1250	0.1194	0.1312	0.1297	0.1195
0.0000	0.0035	0.0001	0.0052	0.0011	0.0022	0.0267	0.0283	0.0408	0.0394	0.0365	0.0449	0.0423	0.0456	0.0435	0.0328	0.0462	0.0606	0.0545	0.0641	0.0704	0.0639	0.0708	0.0701	0.0720	0.0790	0.0768	0.0656	0.0740	0.0781	0.0762	0.0826	0.0870	0.0938	0.0871	0.0838	0.0892	0.0922	0.0809	0.0886	0.0862	0.0830	0.0774	0.0819	0.0770	0.0808	0.0891	0.0830	0.0861	0.0924	0.0904	0.0845	0.0774	0.0745	0.0840	0.0802	0.0784	0.0687	0.0820	0.0895	0.0867	0.0828	0.0895	0.1060	0.0957	0.0919	0.0956	0.0964	0.0861
0.0000	0.0019	0.0000	0.0006	0.0170	0.0124	0.0183	0.0370	0.0417	0.0262	0.0315	0.0303	0.0222	0.0325	0.0454	0.0377	0.0485	0.0580	0.0501	0.0432	0.0544	0.0547	0.0694	0.0632	0.0673	0.0704	0.0619	0.0704	0.0811	0.0724	0.0712	0.0709	0.0671	0.0807	0.0736	0.0752	0.0812	0.0815	0.0781	0.0762	0.0823	0.0729	0.0731	0.0708	0.0768	0.0720	0.0741	0.0765	0.0802	0.0737	0.0813	0.0816	0.0720	0.0744	0.0750	0.0659	0.0715	0.0691	0.0656	0.0809	0.0762	0.0671	0.0717	0.0750	0.0810	0.0852	0.0653	0.0667	0.0627
0.0000	0.0000	0.0101	0.0035	0.0161	0.0032	0.0159	0.0354	0.0264	0.0162	0.0272	0.0214	0.0228	0.0366	0.0426	0.0460	0.0373	0.0396	0.0450	0.0437	0.0560	0.0603	0.0603	0.0582	0.0719	0.0670	0.0675	0.0601	0.0697	0.0713	0.0710	0.0750	0.0691	0.0627	0.0615	0.0679	0.0706	0.0696	0.0683	0.0698	0.0668	0.0694	0.0672	0.0700	0.0686	0.0674	0.0660	0.0646	0.0693	0.0716	0.0717	0.0723	0.0705	0.0654	0.0627	0.0656	0.0633	0.0685	0.0657	0.0682	0.0696	0.0569	0.0595	0.0667	0.0583	0.0617	0.0495	0.0507	0.0436
0.0000	0.0000	0.0000	0.0088	0.0003	0.0009	0.0127	0.0238	0.0244	0.0198	0.0187	0.0294	0.0269	0.0244	0.0237	0.0347	0.0353	0.0261	0.0416	0.0534	0.0509	0.0373	0.0425	0.0502	0.0531	0.0533	0.0613	0.0604	0.0645	0.0618	0.0555	0.0630	0.0669	0.0650	0.0643	0.0625	0.0621	0.0660	0.0657	0.0620	0.0639	0.0671	0.0710	0.0629	0.0690	0.0646	0.0689	0.0647	0.0582	0.0701	0.0645	0.0794	0.0611	0.0553	0.0672	0.0591	0.0594	0.0589	0.0647	0.0687	0.0667	0.0557	0.0639	0.0689	0.0630	0.0502	0.0565	0.0626	0.0481
0.0000	0.0000	0.0000	0.0012	0.0000	0.0000	0.0135	0.0074	0.0117	0.0085	0.0188	0.0330	0.0248	0.0253	0.0319	0.0350	0.0420	0.0338	0.0397	0.0536	0.0545	0.0352	0.0424	0.0496	0.0528	0.0500	0.0590	0.0557	0.0652	0.0590	0.0607	0.0625	0.0773	0.0736	0.0722	0.0612	0.0638	0.0643	0.0657	0.0621	0.0594	0.0585	0.0678	0.0676	0.0676	0.0640	0.0688	0.0627	0.0534	0.0645	0.0651	0.0683	0.0593	0.0627	0.0674	0.0591	0.0604	0.0521	0.0593	0.0624	0.0630	0.0508	0.0540	0.0606	0.0523	0.0444	0.0458	0.0537	0.0507
0.0000	0.0000	0.0000	0.0000	0.0000	0.0022	0.0018	0.0139	0.0036	0.0011	0.0159	0.0237	0.0226	0.0272	0.0295	0.0381	0.0371	0.0342	0.0426	0.0416	0.0394	0.0338	0.0384	0.0476	0.0520	0.0502	0.0468	0.0479	0.0604	0.0639	0.0642	0.0530	0.0604	0.0658	0.0702	0.0630	0.0620	0.0708	0.0645	0.0617	0.0596	0.0563	0.0589	0.0620	0.0657	0.0599	0.0601	0.0680	0.0563	0.0594	0.0581	0.0575	0.0581	0.0587	0.0513	0.0577	0.0562	0.0464	0.0521	0.0553	0.0515	0.0468	0.0515	0.0521	0.0500	0.0362	0.0312	0.0406	0.0354
0.0000	0.0000	0.0000	0.0000	0.0000	0.0000	0.0075	0.0101	0.0207	0.0154	0.0265	0.0194	0.0233	0.0262	0.0264	0.0113	0.0190	0.0298	0.0315	0.0248	0.0394	0.0339	0.0321	0.0438	0.0546	0.0505	0.0478	0.0507	0.0492	0.0563	0.0554	0.0516	0.0505	0.0538	0.0582	0.0505	0.0584	0.0601	0.0554	0.0527	0.0482	0.0543	0.0528	0.0527	0.0587	0.0593	0.0548	0.0553	0.0547	0.0531	0.0584	0.0450	0.0520	0.0484	0.0497	0.0536	0.0488	0.0461	0.0430	0.0414	0.0404	0.0481	0.0427	0.0496	0.0447	0.0302	0.0267	0.0328	0.0309
0.0000	0.0000	0.0000	0.0000	0.0000	0.0000	0.0006	0.0156	0.0127	0.0116	0.0233	0.0107	0.0119	0.0126	0.0252	0.0251	0.0239	0.0250	0.0263	0.0329	0.0381	0.0373	0.0357	0.0349	0.0516	0.0503	0.0329	0.0470	0.0475	0.0574	0.0557	0.0562	0.0557	0.0545	0.0573	0.0652	0.0587	0.0484	0.0525	0.0622	0.0521	0.0560	0.0447	0.0511	0.0586	0.0565	0.0503	0.0463	0.0425	0.0481	0.0598	0.0644	0.0611	0.0485	0.0477	0.0477	0.0386	0.0492	0.0453	0.0433	0.0480	0.0516	0.0535	0.0560	0.0433	0.0374	0.0235	0.0373	0.0395
