0.0000	0.0000	0.0000	0.0000	0.0000	0.0000	0.0000	0.0082	0.0024	0.0037	0.0057	0.0152	0.0172	0.0203	0.0216	0.0249	0.0262	0.0299	0.0311	0.0266	0.0307	0.0371	0.0283	0.0441	0.0498	0.0529	0.0582	0.0579	0.0578	0.0655	0.0686	0.0672	0.0837	0.0743	0.0763	0.0696	0.0684	0.0659	0.0711	0.0647	0.0642	0.0736	0.0780	0.0759	0.0556	0.0671	0.0775	0.0826	0.0616	0.0880	0.0785	0.0589	0.0648	0.0583	0.0583	0.0545	0.0566	0.0718	0.0740	0.0472	0.0517	0.0603	0.0534	0.0654	0.0594	0.0521	0.0458	0.0466	0.0487
0.0000	0.0014	0.0000	0.0000	0.0000	0.0038	0.0074	0.0081	0.0061	0.0024	0.0106	0.0183	0.0319	0.0220	0.0172	0.0303	0.0368	0.0339	0.0262	0.0321	0.0491	0.0489	0.0488	0.0593	0.0678	0.0500	0.0598	0.0678	0.0683	0.0729	0.0711	0.0721	0.0971	0.0728	0.0811	0.0855	0.0688	0.0688	0.0797	0.0804	0.0809	0.0833	0.0857	0.0832	0.0847	0.0667	0.0793	0.0875	0.0851	0.0808	0.0831	0.0643	0.0675	0.0745	0.0750	0.0765	0.0730	0.0778	0.0748	0.0810	0.0707	0.0667	0.0738	0.0766	0.0690	0.0613	0.0653	0.0682	0.0584
0.0000	0.0000	0.0000	0.0015	0.0026	0.0155	0.0122	0.0107	0.0043	0.0000	0.0088	0.0214	0.0296	0.0307	0.0175	0.0243	0.0238	0.0323	0.0418	0.0396	0.0380	0.0554	0.0562	0.0589	0.0620	0.0541	0.0648	0.0620	0.0676	0.0772	0.0841	0.0698	0.0913	0.0906	0.0786	0.0795	0.0872	0.0792	0.0735	0.0785	0.0847	0.0887	0.1000	0.0838	0.0755	0.0898	0.0931	0.0895	0.0938	0.0927	0.0931	0.0847	0.0870	0.0853	0.0852	0.0818	0.0811	0.0737	0.0855	0.0921	0.1010	0.0968	0.0892	0.0770	0.0671	0.0574	0.0739	0.0706	0.0734
0.0000	0.0000	0.0000	0.0026	0.0000	0.0008	0.0082	0.0085	0.0103	0.0336	0.0181	0.0210	0.0362	0.0211	0.0200	0.0341	0.0371	0.0493	0.0520	0.0548	0.0507	0.0496	0.0511	0.0598	0.0755	0.0680	0.0678	0.0561	0.0672	0.0679	0.0798	0.0869	0.0996	0.0912	0.0905	0.0928	0.1044	0.0772	0.0773	0.0881	0.0879	0.0899	0.0865	0.0862	0.0806	0.0963	0.0969	0.0862	0.0789	0.0827	0.0976	0.0890	0.0942	0.0943	0.0840	0.0764	0.0766	0.0816	0.0958	0.1001	0.1039	0.0940	0.0936	0.0897	0.0875	0.0858	0.0756	0.0945	0.1623
0.0000	0.0000	0.0053	0.0051	0.0018	0.0120	0.0123	0.0102	0.0118	0.0232	0.0159	0.0146	0.0377	0.0317	0.0243	0.0330	0.0464	0.0517	0.0449	0.0501	0.0554	0.0595	0.0621	0.0677	0.0693	0.0634	0.0661	0.0680	0.0785	0.0842	0.0889	0.0937	0.1088	0.0977	0.1019	0.0854	0.0883	0.0722	0.0856	0.0915	0.0886	0.0965	0.0937	0.0983	0.0837	0.0974	0.0952	0.0881	0.0897	0.0941	0.0966	0.0997	0.1054	0.1054	0.1023	0.0959	0.0925	0.0971	0.0993	0.1137	0.0964	0.0967	0.1051	0.1071	0.1042	0.0939	0.1039	0.1395	0.2241
0.0000	0.0000	0.0011	0.0031	0.0071	0.0135	0.0169	0.0320	0.0246	0.0214	0.0228	0.0384	0.0585	0.0331	0.0302	0.0577	0.0665	0.0597	0.0434	0.0588	0.0641	0.0542	0.0583	0.0735	0.0808	0.0685	0.0583	0.0832	0.0748	0.0823	0.1031	0.0923	0.1161	0.1191	0.1042	0.1021	0.1041	0.0921	0.0922	0.0916	0.0951	0.1119	0.1110	0.1085	0.1109	0.1078	0.0972	0.1064	0.1078	0.1208	0.1135	0.1083	0.1170	0.1151	0.1138	0.1208	0.1125	0.1067	0.1256	0.1269	0.1240	0.1212	0.1284	0.1432	0.1359	0.1212	0.1244	0.1970	0.2512
0.0000	0.0000	0.0143	0.0018	0.0045	0.0188	0.0199	0.0273	0.0227	0.0331	0.0416	0.0530	0.0529	0.0345	0.0312	0.0514	0.0595	0.0614	0.0460	0.0460	0.0712	0.0828	0.0639	0.0530	0.0796	0.0813	0.0719	0.0861	0.0963	0.0985	0.1013	0.0979	0.1070	0.1173	0.0985	0.0990	0.0949	0.1138	0.1152	0.1071	0.1062	0.1173	0.1235	0.1028	0.1095	0.1146	0.1004	0.1172	0.1188	0.1195	0.1225	0.1368	0.1395	0.1256	0.1366	0.1564	0.1426	0.1262	0.1445	0.1490	0.1556	0.1467	0.1587	0.1913	0.1659	0.1367	0.1671	0.2499	0.3009
0.0000	0.0067	0.0266	0.0145	0.0145	0.0098	0.0194	0.0291	0.0254	0.0426	0.0413	0.0497	0.0422	0.0431	0.0382	0.0599	0.0591	0.0495	0.0628	0.0518	0.0666	0.0850	0.0757	0.0551	0.0728	0.0826	0.0750	0.0837	0.1037	0.1121	0.0927	0.0941	0.1098	0.1211	0.1128	0.1019	0.1240	0.1218	0.1154	0.1066	0.1169	0.1289	0.1294	0.1145	0.1176	0.1266	0.1293	0.1390	0.1328	0.1365	0.1374	0.1462	0.1315	0.1346	0.1469	0.1619	0.1640	0.1449	0.1878	0.1761	0.1880	0.1899	0.2518	0.3063	0.1905	0.1611	0.1971	0.2832	0.3050
0.0000	0.0000	0.0053	0.0180	0.0178	0.0235	0.0328	0.0349	0.0238	0.0258	0.0420	0.0495	0.0467	0.0641	0.0513	0.0538	0.0499	0.0584	0.0687	0.0699	0.0777	0.0893	0.0872	0.0766	0.0895	0.0854	0.0882	0.0827	0.1063	0.1114	0.1143	0.1166	0.1193	0.1205	0.1332	0.1216	0.1103	0.1195	0.1212	0.1301	0.1261	0.1311	0.1501	0.1327	0.1387	0.1643	0.1604	0.1620	0.1616	0.1705	0.1709	0.1752	0.1681	0.1890	0.1699	0.1761	0.1799	0.1757	0.1960	0.2141	0.2276	0.3302	0.4215	0.3695	0.2028	0.1756	0.1911	0.2603	0.2805
0.0000	0.0026	0.0133	0.0106	0.0201	0.0240	0.0361	0.0341	0.0312	0.0485	0.0432	0.0533	0.0586	0.0667	0.0632	0.0602	0.0647	0.0857	0.0724	0.0878	0.0851	0.0784	0.0779	0.0949	0.1012	0.0955	0.1015	0.1029	0.1065	0.1113	0.1138	0.1196	0.1299	0.1435	0.1399	0.1480	0.1435	0.1466	0.1483	0.1428	0.1552	0.1494	0.1579	0.1600	0.1686	0.1607	0.1797	0.1741	0.1567	0.1781	0.1802	0.1997	0.1976	0.1989	0.1977	0.1995	0.2031	0.2028	0.2074	0.2168	0.2618	0.4006	0.4491	0.4049	0.2507	0.1921	0.1891	0.2144	0.2177
0.0026	0.0058	0.0190	0.0125	0.0230	0.0338	0.0271	0.0300	0.0447	0.0624	0.0477	0.0418	0.0649	0.0599	0.0621	0.0805	0.0812	0.0787	0.0821	0.0815	0.0863	0.0785	0.0835	0.0974	0.1013	0.1128	0.1066	0.1195	0.1180	0.1293	0.1194	0.1482	0.1309	0.1507	0.1500	0.1693	0.1773	0.1666	0.1663	0.1610	0.1716	0.1809	0.1985	0.1875	0.2056	0.1934	0.1986	0.2164	0.2037	0.2281	0.2376	0.2370	0.2242	0.2216	0.2178	0.2247	0.2664	0.2351	0.2436	0.2763	0.3418	0.4213	0.4364	0.4366	0.3579	0.2292	0.1967	0.2069	0.1959
0.0027	0.0141	0.0194	0.0218	0.0168	0.0305	0.0289	0.0436	0.0471	0.0552	0.0505	0.0621	0.0718	0.0673	0.0569	0.0710	0.0793	0.0777	0.0936	0.0954	0.0953	0.0914	0.1082	0.1011	0.1143	0.1142	0.1164	0.1277	0.1359	0.1495	0.1582	0.1668	0.1788	0.1680	0.1884	0.1785	0.1792	0.1995	0.2280	0.2238	0.2094	0.2254	0.2541	0.2340	0.2323	0.2336	0.2341	0.2381	0.2320	0.2958	0.2828	0.2605	0.2546	0.2730	0.2575	0.2657	0.2824	0.2881	0.3040	0.3929	0.5160	0.4685	0.4268	0.4371	0.4288	0.2884	0.2216	0.2088	0.2375
0.0072	0.0107	0.0234	0.0279	0.0321	0.0237	0.0379	0.0490	0.0640	0.0569	0.0641	0.0670	0.0720	0.0681	0.0666	0.0830	0.0813	0.0916	0.0929	0.1000	0.1059	0.1133	0.1212	0.1209	0.1440	0.1519	0.1533	0.1530	0.1576	0.1713	0.1955	0.2390	0.2867	0.2585	0.2492	0.2764	0.3092	0.3174	0.3755	0.3781	0.3398	0.3906	0.4481	0.3381	0.2824	0.3083	0.2997	0.2759	0.3271	0.5264	0.5598	0.3602	0.2896	0.3560	0.4003	0.3663	0.3133	0.3239	0.4260	0.5323	0.5295	0.5253	0.4759	0.4526	0.4426	0.3741	0.2778	0.2335	0.2450
0.0058	0.0140	0.0309	0.0325	0.0357	0.0369	0.0565	0.0620	0.0568	0.0527	0.0636	0.0782	0.0717	0.0718	0.0853	0.0921	0.0984	0.1112	0.1120	0.1135	0.1253	0.1251	0.1343	0.1409	0.1612	0.1400	0.1605	0.1958	0.1967	0.2220	0.2884	0.5070	0.7270	0.5541	0.4442	0.6557	0.7281	0.6738	0.7162	0.6982	0.6890	0.7448	0.8107	0.6021	0.5773	0.6397	0.4465	0.3360	0.4534	0.7108	0.7941	0.5137	0.4337	0.5905	0.6291	0.5670	0.3703	0.3567	0.5067	0.5832	0.5134	0.4848	0.4812	0.4453	0.4170	0.3937	0.3297	0.2447	0.2545
0.0043	0.0159	0.0343	0.0317	0.0434	0.0444	0.0567	0.0619	0.0617	0.0698	0.0726	0.0896	0.0945	0.0921	0.1115	0.1182	0.1261	0.1339	0.1472	0.1548	0.1426	0.1576	0.1725	0.1815	0.2104	0.1981	0.2146	0.2474	0.2922	0.3853	0.5747	0.8516	1.0000	0.9123	0.8042	0.9342	0.9214	0.8848	0.8198	0.7967	0.8213	0.8416	0.8589	0.8118	0.7890	0.7973	0.6766	0.5820	0.7215	0.7511	0.7894	0.5707	0.6517	0.6928	0.6267	0.6273	0.5002	0.4059	0.4262	0.5053	0.4813	0.4609	0.4497	0.4253	0.3808	0.3497	0.3357	0.2883	0.2666
0.0212	0.0275	0.0302	0.0449	0.0582	0.0557	0.0610	0.0716	0.0848	0.0988	0.0981	0.1179	0.1273	0.1213	0.1580	0.1636	0.1970	0.1905	0.1865	0.1984	0.2288	0.2666	0.2407	0.2536	0.2839	0.2928	0.3377	0.3652	0.4008	0.5403	0.7956	0.9315	0.9271	0.9397	0.8528	0.8978	0.8633	0.7984	0.7631	0.7362	0.8001	0.7922	0.8307	0.8288	0.7818	0.8213	0.8354	0.8157	0.8231	0.8125	0.7978	0.7625	0.7139	0.6626	0.6271	0.6576	0.6040	0.5457	0.4752	0.5070	0.4847	0.4672	0.4787	0.4495	0.3363	0.3209	0.3111	0.2941	0.2768
0.0276	0.0356	0.0473	0.0590	0.0741	0.0775	0.0899	0.1240	0.1552	0.1751	0.1983	0.2409	0.2874	0.2924	0.3298	0.3376	0.3447	0.3709	0.3863	0.4384	0.4997	0.5362	0.4753	0.3554	0.3853	0.3816	0.5485	0.6094	0.5096	0.5764	0.8081	0.8403	0.8354	0.8046	0.8296	0.7658	0.7333	0.7249	0.7218	0.6767	0.7088	0.7202	0.7745	0.7833	0.7567	0.7032	0.7283	0.7770	0.7241	0.7501	0.7352	0.7704	0.7279	0.6697	0.6254	0.6231	0.5660	0.5725	0.5468	0.5548	0.4875	0.4443	0.4594	0.4403	0.3469	0.2913	0.2899	0.2669	0.2546
0.0343	0.0504	0.0763	0.1122	0.1554	0.1917	0.2170	0.2923	0.3717	0.3515	0.4286	0.5088	0.5403	0.5321	0.5539	0.6207	0.6178	0.6872	0.7354	0.7438	0.7397	0.7379	0.6420	0.5357	0.5640	0.5257	0.6524	0.7227	0.6617	0.6922	0.7365	0.7484	0.7150	0.7235	0.7247	0.6714	0.6722	0.6704	0.6397	0.6481	0.6226	0.6439	0.6876	0.6854	0.6543	0.5966	0.6377	0.6467	0.6394	0.6661	0.6686	0.6997	0.6659	0.6222	0.5910	0.5337	0.5417	0.5371	0.5427	0.4883	0.4784	0.4414	0.4152	0.3961	0.3372	0.3011	0.2825	0.2776	0.2459
0.0879	0.1414	0.2128	0.2960	0.3732	0.4266	0.4304	0.4590	0.5326	0.5095	0.4963	0.5198	0.5734	0.5793	0.5835	0.6503	0.6760	0.6868	0.6946	0.6890	0.6561	0.6805	0.6179	0.6142	0.6164	0.6151	0.6811	0.6274	0.6319	0.6876	0.6550	0.6420	0.6559	0.6798	0.6209	0.6146	0.5862	0.5991	0.5831	0.5989	0.5818	0.5955	0.6191	0.6111	0.5928	0.5783	0.5773	0.5927	0.5578	0.5960	0.6300	0.6174	0.5918	0.5695	0.5338	0.4918	0.4726	0.4644	0.4818	0.4639	0.4898	0.4274	0.4203	0.3748	0.3435	0.3121	0.2856	0.2734	0.2625
0.1718	0.2695	0.3133	0.3489	0.3802	0.3915	0.3745	0.3495	0.4162	0.4275	0.4211	0.4460	0.5380	0.5228	0.5035	0.5336	0.5636	0.6146	0.6067	0.5920	0.5599	0.6098	0.5609	0.5781	0.5886	0.5781	0.6365	0.6221	0.6093	0.6377	0.6270	0.5988	0.6581	0.6372	0.6031	0.6121	0.5600	0.5641	0.5512	0.5766	0.5355	0.5453	0.5657	0.5753	0.6090	0.5302	0.5082	0.5477	0.5104	0.5317	0.5461	0.5428	0.5213	0.5297	0.5069	0.4950	0.4762	0.4696	0.4581	0.4219	0.4405	0.4273	0.4197	0.3726	0.3337	0.3217	0.2927	0.2708	0.2577
0.1843	0.2432	0.2329	0.2276	0.2425	0.2689	0.2777	0.2850	0.3284	0.3662	0.3816	0.4222	0.4791	0.4691	0.4311	0.4679	0.4963	0.5318	0.5132	0.4859	0.5252	0.5594	0.5199	0.5486	0.5339	0.5444	0.5225	0.5821	0.6040	0.5559	0.6193	0.6182	0.6076	0.5990	0.6047	0.5999	0.5511	0.5353	0.5249	0.5320	0.4845	0.4946	0.5296	0.5293	0.5252	0.5111	0.5253	0.5110	0.4977	0.4821	0.4948	0.5118	0.4732	0.4782	0.4735	0.4516	0.4416	0.4455	0.4589	0.4132	0.4370	0.4288	0.3972	0.3481	0.3231	0.3250	0.3134	0.2829	0.2669
0.1821	0.2039	0.2113	0.1983	0.2126	0.2158	0.2440	0.2941	0.2989	0.2936	0.3471	0.3889	0.4137	0.4257	0.4263	0.4230	0.4489	0.5010	0.4797	0.4680	0.5042	0.5035	0.5279	0.4897	0.5071	0.4943	0.4960	0.5383	0.5585	0.5413	0.5659	0.5872	0.5825	0.5548	0.5665	0.5629	0.5173	0.5276	0.5031	0.5136	0.5516	0.5038	0.5039	0.5130	0.4948	0.4894	0.4899	0.4706	0.4669	0.4730	0.4670	0.4667	0.4585	0.4551	0.4354	0.4442	0.4350	0.4545	0.4302	0.3876	0.3857	0.3787	0.3659	0.3438	0.3404	0.3304	0.2929	0.2701	0.2682
0.1600	0.1861	0.1762	0.1975	0.2079	0.2255	0.2646	0.2959	0.2978	0.2661	0.3235	0.3443	0.3849	0.3898	0.4227	0.4491	0.4590	0.4967	0.4808	0.4536	0.4746	0.5246	0.4910	0.4781	0.4627	0.4314	0.4862	0.5280	0.5228	0.5499	0.5197	0.5189	0.5495	0.5433	0.4909	0.5167	0.5412	0.5067	0.4941	0.4992	0.5075	0.4905	0.4985	0.4871	0.4970	0.4729	0.4973	0.4753	0.4239	0.4456	0.4536	0.4597	0.4541	0.4474	0.4388	0.4547	0.4286	0.4188	0.3979	0.3761	0.3744	0.3654	0.3443	0.3338	0.3155	0.3012	0.2848	0.2436	0.2699
0.1572	0.1666	0.1777	0.2198	0.2365	0.2579	0.3068	0.2914	0.2873	0.2678	0.3353	0.3341	0.3542	0.3890	0.4004	0.4328	0.4542	0.4590	0.4816	0.4625	0.4700	0.4788	0.4627	0.4428	0.4788	0.4459	0.4861	0.4979	0.5205	0.5520	0.5208	0.5079	0.5257	0.5153	0.5204	0.5057	0.5427	0.5147	0.4944	0.4800	0.4774	0.4946	0.4901	0.4909	0.4956	0.4922	0.5063	0.4676	0.4384	0.4513	0.4377	0.4279	0.4551	0.4543	0.4205	0.4322	0.4295	0.4155	0.4105	0.3777	0.3705	0.3760	0.3491	0.3175	0.2911	0.3055	0.2682	0.2439	0.2556
0.1576	0.1761	0.1965	0.2291	0.2509	0.2579	0.2896	0.2675	0.2956	0.2991	0.3096	0.3319	0.3571	0.3646	0.3816	0.4143	0.4354	0.4617	0.4844	0.4655	0.4478	0.4497	0.4662	0.4663	0.4471	0.4520	0.4609	0.4847	0.5154	0.5100	0.5148	0.5246	0.5391	0.5181	0.5199	0.5299	0.5379	0.4939	0.5113	0.5078	0.4929	0.5026	0.4978	0.4892	0.5030	0.4898	0.4958	0.5063	0.4846	0.4693	0.4589	0.4091	0.4203	0.4570	0.4313	0.4131	0.4409	0.4442	0.4008	0.3904	0.3916	0.3529	0.3460	0.3064	0.3054	0.3024	0.2670	0.2513	0.2604
0.1777	0.1780	0.1871	0.2103	0.2446	0.2801	0.2716	0.2860	0.3217	0.3331	0.3168	0.3326	0.3607	0.3625	0.4072	0.4211	0.4418	0.4485	0.4304	0.4423	0.4401	0.4227	0.4249	0.4095	0.4526	0.4429	0.4574	0.4626	0.5072	0.4788	0.5367	0.5221	0.5223	0.5219	0.5245	0.5184	0.5189	0.4891	0.5073	0.5037	0.4990	0.5114	0.5044	0.5025	0.5055	0.5158	0.5210	0.5201	0.5058	0.4923	0.5101	0.4746	0.4403	0.4455	0.4589	0.4509	0.4417	0.4367	0.4244	0.3849	0.3895	0.3588	0.3533	0.3285	0.3083	0.3034	0.2806	0.2690	0.2561
0.1650	0.1777	0.2010	0.2466	0.2361	0.2750	0.2564	0.2800	0.2999	0.2867	0.3090	0.3287	0.3868	0.3877	0.3920	0.4206	0.3985	0.3965	0.4316	0.4164	0.4323	0.4230	0.4273	0.4467	0.4479	0.4320	0.4309	0.4448	0.4700	0.5015	0.5244	0.5427	0.5329	0.5190	0.5160	0.4833	0.5027	0.5053	0.5078	0.5216	0.5215	0.4776	0.4992	0.5005	0.5156	0.4982	0.4956	0.4857	0.4971	0.5133	0.5376	0.4859	0.4594	0.4569	0.4488	0.4333	0.3999	0.4138	0.4359	0.4102	0.3772	0.3748	0.3600	0.3261	0.3292	0.3113	0.2867	0.2683	0.2592
0.1859	0.1888	0.1980	0.2227	0.2084	0.2424	0.2598	0.2843	0.2895	0.3301	0.3267	0.3495	0.3790	0.3883	0.3573	0.4098	0.4199	0.4141	0.4310	0.4474	0.4226	0.4470	0.4154	0.4622	0.4516	0.4371	0.4403	0.4683	0.5048	0.5020	0.5041	0.5302	0.5122	0.4903	0.5032	0.5148	0.5143	0.5025	0.5039	0.5031	0.5200	0.5097	0.5419	0.4909	0.4922	0.4807	0.5062	0.5265	0.5101	0.5092	0.5281	0.4973	0.5369	0.4834	0.4155	0.4063	0.4328	0.4056	0.4063	0.4135	0.3974	0.4014	0.3738	0.3320	0.3203	0.3148	0.2833	0.2918	0.2563
0.1695	0.1860	0.1793	0.2071	0.2259	0.2477	0.2487	0.2636	0.2776	0.3111	0.3535	0.3318	0.3389	0.3600	0.3720	0.4051	0.4057	0.4395	0.4640	0.4266	0.4428	0.4268	0.4234	0.4354	0.4467	0.4235	0.4704	0.5089	0.5295	0.4944	0.5004	0.5174	0.5567	0.5317	0.5048	0.5282	0.5395	0.5279	0.5125	0.5105	0.5462	0.5242	0.5058	0.4995	0.5097	0.4680	0.5057	0.5078	0.5161	0.5061	0.5249	0.4874	0.5031	0.4927	0.4766	0.4264	0.4233	0.4107	0.4054	0.3983	0.3980	0.3764	0.3521	0.3487	0.3295	0.3137	0.2809	0.2746	0.2617
0.1581	0.1640	0.1670	0.2296	0.2286	0.2192	0.2438	0.2801	0.3148	0.2866	0.3220	0.3307	0.3472	0.3687	0.3784	0.3782	0.4017	0.4172	0.4422	0.4170	0.4164	0.3933	0.4187	0.4407	0.4429	0.4416	0.4912	0.5262	0.5163	0.5370	0.5191	0.5418	0.6113	0.5830	0.5542	0.5370	0.5691	0.5754	0.5574	0.5587	0.5592	0.5391	0.5141	0.5363	0.5431	0.4787	0.5140	0.5258	0.4899	0.4952	0.5308	0.4962	0.4962	0.5175	0.5014	0.4731	0.4172	0.4092	0.4050	0.3919	0.3822	0.3656	0.3455	0.3555	0.3291	0.3152	0.2899	0.2937	0.2754
0.1658	0.1627	0.1890	0.2037	0.2166	0.2285	0.2522	0.2623	0.2836	0.3136	0.3292	0.3427	0.3382	0.3696	0.3696	0.4052	0.4460	0.4121	0.4444	0.4321	0.4169	0.4506	0.4378	0.4513	0.4533	0.4547	0.4724	0.4889	0.5227	0.5348	0.5554	0.5753	0.5866	0.6053	0.5882	0.5650	0.5670	0.5626	0.5498	0.5683	0.5438	0.5532	0.5522	0.5566	0.5206	0.4964	0.5425	0.5204	0.5107	0.5423	0.5395	0.5409	0.5672	0.5553	0.4934	0.4715	0.4431	0.4206	0.4142	0.4014	0.3731	0.3762	0.3670	0.3431	0.3375	0.3164	0.3041	0.2737	0.2493
0.1411	0.1613	0.1749	0.1792	0.2039	0.2199	0.2373	0.2816	0.2913	0.3076	0.3182	0.3120	0.3439	0.3353	0.3677	0.4148	0.4254	0.4425	0.4495	0.4368	0.4413	0.4685	0.4540	0.4865	0.5016	0.4807	0.4790	0.5272	0.5763	0.5560	0.5665	0.6272	0.6133	0.5633	0.5861	0.5933	0.5946	0.5608	0.5675	0.5370	0.5507	0.5416	0.5715	0.5200	0.5236	0.5061	0.5135	0.5318	0.5040	0.5481	0.5633	0.5310	0.5411	0.5537	0.5424	0.4883	0.4569	0.4542	0.4186	0.3966	0.3893	0.3746	0.3857	0.3555	0.3200	0.3156	0.2920	0.2691	0.2646
0.1386	0.1583	0.1669	0.1899	0.2228	0.2339	0.2448	0.2736	0.2987	0.3109	0.3173	0.3240	0.3436	0.3497	0.3541	0.3957	0.4369	0.4301	0.4182	0.4492	0.4752	0.4637	0.4906	0.4929	0.5106	0.4926	0.4926	0.5451	0.5571	0.5611	0.5909	0.6164	0.5947	0.5815	0.6150	0.6035	0.5992	0.5871	0.5742	0.5507	0.5560	0.5633	0.5598	0.5192	0.5342	0.5010	0.5295	0.5532	0.5601	0.5192	0.5301	0.5190	0.5428	0.5305	0.5347	0.5228	0.5126	0.4867	0.4131	0.3943	0.3897	0.3734	0.3662	0.3291	0.3261	0.3101	0.2974	0.2525	0.2529
0.1438	0.1568	0.1980	0.2012	0.2151	0.2230	0.2614	0.3025	0.3245	0.3152	0.3078	0.3168	0.3619	0.3997	0.3750	0.3764	0.4054	0.4086	0.4099	0.4437	0.4607	0.4484	0.4961	0.4903	0.4982	0.5027	0.5032	0.5646	0.5648	0.5743	0.6083	0.6333	0.6527	0.6394	0.6554	0.6204	0.5929	0.5822	0.5970	0.5762	0.5588	0.5562	0.5419	0.5431	0.5139	0.5270	0.5691	0.5257	0.5447	0.5844	0.5591	0.5325	0.5387	0.5336	0.5282	0.5144	0.5082	0.4754	0.4352	0.4105	0.3849	0.3587	0.3530	0.3519	0.3380	0.3164	0.2998	0.2828	0.2688
0.1492	0.1906	0.1921	0.1999	0.2492	0.2355	0.2502	0.2990	0.2857	0.3087	0.3095	0.3141	0.3483	0.3557	0.3529	0.3719	0.4018	0.4123	0.4134	0.4770	0.4820	0.4688	0.4891	0.5012	0.5270	0.5214	0.5150	0.5399	0.5503	0.5717	0.6045	0.6195	0.6242	0.6384	0.6463	0.6372	0.6021	0.5939	0.6045	0.5805	0.5709	0.5700	0.5569	0.5455	0.5241	0.5447	0.5416	0.5569	0.5486	0.5906	0.5738	0.5570	0.5718	0.5842	0.5661	0.5195	0.5281	0.4899	0.4380	0.4305	0.3933	0.3588	0.3575	0.3471	0.3324	0.3261	0.3077	0.2861	0.2612
0.1547	0.1758	0.1780	0.1992	0.2295	0.2721	0.2886	0.2924	0.2978	0.3094	0.3332	0.3476	0.3493	0.4023	0.4180	0.4012	0.4063	0.4253	0.4304	0.4733	0.4757	0.4977	0.4957	0.4920	0.5313	0.5116	0.5244	0.5358	0.5727	0.5423	0.5970	0.6032	0.6199	0.6249	0.6143	0.6243	0.5998	0.5983	0.5586	0.5513	0.5578	0.5602	0.5492	0.5463	0.5571	0.5601	0.5718	0.5977	0.5721	0.5818	0.6105	0.5862	0.5597	0.5831	0.5767	0.5524	0.5204	0.4815	0.4640	0.4345	0.4348	0.3781	0.3800	0.3585	0.3078	0.3218	0.3156	0.2896	0.2519
0.1305	0.1497	0.1886	0.2174	0.2225	0.2370	0.2923	0.3170	0.3111	0.3251	0.3558	0.4148	0.4186	0.4497	0.4807	0.4820	0.4811	0.4828	0.5085	0.5064	0.5322	0.5250	0.5043	0.5417	0.4859	0.4965	0.5179	0.5716	0.5821	0.5864	0.5968	0.6135	0.6150	0.6376	0.5969	0.5960	0.6130	0.5968	0.5584	0.5408	0.5590	0.5720	0.5335	0.5649	0.5824	0.5695	0.5740	0.5967	0.6277	0.6390	0.6004	0.6017	0.5794	0.5473	0.5380	0.5488	0.5405	0.5195	0.5078	0.4382	0.4263	0.3894	0.3773	0.3434	0.3070	0.2882	0.3000	0.2714	0.2755
0.1517	0.1865	0.2087	0.2599	0.2538	0.2627	0.3123	0.3374	0.3631	0.3781	0.3849	0.4557	0.5142	0.5084	0.5582	0.5446	0.5894	0.6197	0.6249	0.5980	0.5680	0.5895	0.5698	0.5632	0.5343	0.5718	0.5773	0.6109	0.6178	0.5704	0.6258	0.6371	0.6381	0.6205	0.6213	0.6056	0.6093	0.5989	0.5753	0.5513	0.5801	0.5757	0.5826	0.6020	0.6454	0.6235	0.6498	0.6804	0.6720	0.6593	0.6449	0.6635	0.6369	0.6139	0.5871	0.5862	0.5934	0.5513	0.5416	0.4769	0.4528	0.4368	0.4166	0.3808	0.3470	0.3177	0.3306	0.2969	0.2976
0.1783	0.2795	0.3130	0.3426	0.3559	0.3699	0.3962	0.4015	0.4132	0.4199	0.4455	0.4894	0.5072	0.5578	0.5727	0.5879	0.6655	0.6581	0.6162	0.6212	0.6132	0.6043	0.6213	0.5822	0.6091	0.6032	0.6033	0.6043	0.6337	0.6094	0.6271	0.6580	0.6587	0.6457	0.6539	0.6151	0.6334	0.6201	0.6154	0.5887	0.6027	0.6251	0.6246	0.6594	0.6844	0.6629	0.6836	0.6893	0.7034	0.6760	0.6430	0.6848	0.6888	0.6541	0.6024	0.5959	0.6000	0.5650	0.5429	0.5156	0.5141	0.4624	0.4335	0.4134	0.3586	0.3305	0.3184	0.2854	0.2745
0.1086	0.2134	0.2879	0.3746	0.4138	0.4776	0.5335	0.5409	0.5296	0.5385	0.5138	0.5465	0.5733	0.6031	0.6400	0.6887	0.6941	0.6943	0.6636	0.6856	0.6379	0.6758	0.6439	0.6760	0.6554	0.6431	0.6281	0.6431	0.6773	0.6551	0.6699	0.6753	0.6530	0.6531	0.6523	0.6497	0.6469	0.6100	0.6356	0.6013	0.6120	0.6599	0.7054	0.7207	0.7234	0.7240	0.6392	0.6247	0.6966	0.5235	0.5147	0.6939	0.7292	0.7012	0.6565	0.6456	0.6710	0.6217	0.6001	0.5809	0.5464	0.5148	0.4556	0.4274	0.3847	0.3321	0.3050	0.2837	0.2824
0.0383	0.0793	0.1118	0.1532	0.1879	0.2337	0.3143	0.3495	0.3221	0.3844	0.4583	0.5273	0.5804	0.6379	0.6997	0.7425	0.7236	0.7336	0.7164	0.7730	0.8029	0.7834	0.7311	0.7266	0.7297	0.6828	0.7054	0.7323	0.7626	0.7175	0.7248	0.7371	0.6952	0.6875	0.6907	0.6758	0.6744	0.6358	0.6375	0.6412	0.6659	0.6713	0.7131	0.6936	0.6924	0.6850	0.4821	0.5438	0.5681	0.3527	0.4427	0.6687	0.6655	0.7035	0.6867	0.6656	0.6434	0.6700	0.6174	0.5959	0.5662	0.5385	0.5061	0.4516	0.3915	0.3535	0.2863	0.2906	0.2800
0.0247	0.0304	0.0533	0.0649	0.0663	0.0820	0.0977	0.1311	0.1359	0.1556	0.1992	0.2365	0.2753	0.3618	0.4808	0.4731	0.4564	0.4641	0.4424	0.4784	0.5756	0.5827	0.5336	0.5670	0.6188	0.6648	0.7098	0.7139	0.7677	0.7548	0.7476	0.7523	0.7523	0.7399	0.6991	0.7095	0.6561	0.6612	0.6328	0.6341	0.6272	0.5627	0.5825	0.5567	0.5694	0.4976	0.3288	0.3876	0.3540	0.2628	0.3311	0.4123	0.4440	0.6520	0.6323	0.4378	0.5101	0.6919	0.6511	0.6246	0.5949	0.5455	0.5508	0.5131	0.4529	0.3880	0.3459	0.3085	0.2953
0.0199	0.0235	0.0493	0.0449	0.0427	0.0495	0.0554	0.0690	0.0925	0.0881	0.0958	0.1040	0.1224	0.1205	0.1359	0.1480	0.1566	0.1613	0.1716	0.1622	0.1907	0.2126	0.2098	0.2376	0.2746	0.3473	0.3953	0.3755	0.4060	0.4625	0.5561	0.6351	0.6814	0.7166	0.6406	0.5639	0.5203	0.5084	0.4077	0.3471	0.3540	0.2818	0.2822	0.2597	0.2736	0.2447	0.2211	0.2444	0.2250	0.2180	0.2374	0.2517	0.2829	0.4796	0.5032	0.3396	0.5026	0.7184	0.6865	0.6534	0.6263	0.5713	0.5198	0.5305	0.4525	0.4416	0.4161	0.3785	0.3520
0.0102	0.0185	0.0301	0.0364	0.0445	0.0511	0.0479	0.0504	0.0704	0.0645	0.0672	0.0749	0.0905	0.0835	0.0729	0.0965	0.1102	0.0957	0.0979	0.1103	0.1104	0.1127	0.1319	0.1471	0.1343	0.1386	0.1374	0.1544	0.1653	0.1820	0.2094	0.2601	0.2856	0.3221	0.2951	0.2281	0.2253	0.2241	0.1944	0.1682	0.1656	0.1830	0.1743	0.1642	0.1741	0.1814	0.1792	0.1856	0.1813	0.1907	0.1929	0.2071	0.2125	0.2521	0.2867	0.2990	0.4258	0.6693	0.6758	0.6785	0.6484	0.5026	0.4171	0.4996	0.4823	0.5025	0.4609	0.4291	0.4004
0.0148	0.0116	0.0275	0.0341	0.0368	0.0534	0.0487	0.0455	0.0446	0.0505	0.0618	0.0675	0.0775	0.0664	0.0651	0.0754	0.0800	0.0866	0.0862	0.0841	0.1010	0.0976	0.1006	0.1116	0.1123	0.1076	0.1099	0.1130	0.1324	0.1453	0.1416	0.1453	0.1531	0.1468	0.1485	0.1465	0.1457	0.1454	0.1405	0.1490	0.1456	0.1526	0.1605	0.1523	0.1505	0.1495	0.1503	0.1576	0.1523	0.1611	0.1685	0.1717	0.1802	0.1801	0.2147	0.2349	0.2696	0.4723	0.6622	0.6399	0.4823	0.3301	0.4011	0.5477	0.5058	0.4645	0.4240	0.4334	0.3738
0.0111	0.0171	0.0235	0.0229	0.0331	0.0347	0.0489	0.0442	0.0564	0.0510	0.0544	0.0564	0.0631	0.0588	0.0553	0.0706	0.0670	0.0819	0.0814	0.0756	0.0827	0.0849	0.0862	0.0823	0.0888	0.0877	0.0913	0.0992	0.1130	0.1091	0.1180	0.1196	0.1231	0.1208	0.1180	0.1285	0.1321	0.1264	0.1209	0.1206	0.1199	0.1254	0.1275	0.1348	0.1315	0.1319	0.1359	0.1398	0.1356	0.1350	0.1425	0.1496	0.1536	0.1523	0.1650	0.1768	0.1980	0.2539	0.3513	0.3426	0.2861	0.2744	0.3889	0.5657	0.5311	0.4818	0.4595	0.4314	0.3826
0.0139	0.0170	0.0186	0.0305	0.0263	0.0330	0.0366	0.0467	0.0495	0.0335	0.0404	0.0563	0.0545	0.0510	0.0633	0.0664	0.0685	0.0673	0.0693	0.0686	0.0697	0.0721	0.0744	0.0796	0.0789	0.0827	0.0801	0.0876	0.0938	0.0843	0.0904	0.0919	0.0874	0.0974	0.1016	0.1031	0.1047	0.1026	0.1004	0.0996	0.1001	0.1064	0.1054	0.1168	0.1205	0.1157	0.1122	0.1154	0.1188	0.1204	0.1350	0.1394	0.1383	0.1340	0.1424	0.1523	0.1626	0.1787	0.1846	0.1850	0.2132	0.2246	0.2755	0.3687	0.4717	0.5288	0.4805	0.4419	0.4101
0.0115	0.0031	0.0258	0.0236	0.0199	0.0285	0.0249	0.0353	0.0405	0.0314	0.0295	0.0455	0.0466	0.0437	0.0530	0.0627	0.0612	0.0650	0.0587	0.0562	0.0572	0.0631	0.0632	0.0697	0.0684	0.0692	0.0661	0.0773	0.0817	0.0817	0.0687	0.0741	0.0772	0.0768	0.0834	0.0830	0.0860	0.0920	0.0846	0.0765	0.0804	0.0806	0.0865	0.0879	0.0945	0.1015	0.0959	0.0993	0.0967	0.1022	0.1096	0.1081	0.1162	0.1164	0.1258	0.1407	0.1462	0.1497	0.1553	0.1648	0.1843	0.1954	0.2140	0.2472	0.3344	0.4777	0.5202	0.5004	0.4254
0.0081	0.0077	0.0184	0.0323	0.0272	0.0221	0.0239	0.0300	0.0294	0.0342	0.0367	0.0352	0.0481	0.0429	0.0484	0.0532	0.0572	0.0506	0.0501	0.0578	0.0597	0.0557	0.0629	0.0608	0.0695	0.0651	0.0678	0.0680	0.0673	0.0733	0.0654	0.0713	0.0686	0.0626	0.0645	0.0640	0.0665	0.0666	0.0617	0.0608	0.0657	0.0659	0.0716	0.0751	0.0798	0.0890	0.0812	0.0788	0.0800	0.0784	0.0832	0.0878	0.0931	0.0958	0.1052	0.1135	0.1206	0.1267	0.1394	0.1540	0.1578	0.1770	0.1809	0.1986	0.2203	0.3822	0.5417	0.5052	0.4489
0.0000	0.0000	0.0022	0.0205	0.0184	0.0194	0.0261	0.0272	0.0234	0.0317	0.0320	0.0302	0.0389	0.0389	0.0420	0.0506	0.0524	0.0499	0.0476	0.0495	0.0568	0.0586	0.0561	0.0550	0.0553	0.0586	0.0617	0.0587	0.0589	0.0544	0.0628	0.0632	0.0603	0.0570	0.0566	0.0552	0.0553	0.0538	0.0598	0.0589	0.0553	0.0567	0.0620	0.0608	0.0719	0.0690	0.0722	0.0705	0.0662	0.0664	0.0669	0.0757	0.0711	0.0729	0.0824	0.0910	0.0969	0.1012	0.1174	0.1270	0.1341	0.1342	0.1461	0.1750	0.1919	0.3655	0.5424	0.4808	0.3109
0.0000	0.0000	0.0105	0.0048	0.0062	0.0067	0.0153	0.0242	0.0265	0.0213	0.0211	0.0320	0.0302	0.0352	0.0418	0.0402	0.0468	0.0546	0.0432	0.0420	0.0561	0.0504	0.0481	0.0466	0.0529	0.0598	0.0585	0.0496	0.0529	0.0484	0.0449	0.0558	0.0596	0.0462	0.0518	0.0531	0.0557	0.0534	0.0517	0.0505	0.0575	0.0553	0.0536	0.0600	0.0600	0.0569	0.0610	0.0513	0.0560	0.0646	0.0633	0.0621	0.0578	0.0639	0.0736	0.0720	0.0761	0.0779	0.0853	0.0924	0.0971	0.0995	0.1068	0.1357	0.1602	0.3391	0.4888	0.3043	0.1578
0.0000	0.0031	0.0014	0.0013	0.0193	0.0077	0.0172	0.0238	0.0242	0.0208	0.0203	0.0277	0.0296	0.0347	0.0353	0.0329	0.0342	0.0356	0.0295	0.0387	0.0441	0.0449	0.0415	0.0419	0.0477	0.0552	0.0489	0.0491	0.0538	0.0459	0.0518	0.0544	0.0445	0.0453	0.0497	0.0529	0.0499	0.0456	0.0456	0.0455	0.0502	0.0494	0.0500	0.0511	0.0545	0.0522	0.0498	0.0459	0.0496	0.0539	0.0550	0.0548	0.0485	0.0630	0.0679	0.0604	0.0649	0.0644	0.0604	0.0778	0.0754	0.0708	0.0788	0.0926	0.1106	0.1830	0.2176	0.1354	0.1051
0.0000	0.0000	0.0000	0.0000	0.0072	0.0004	0.0259	0.0214	0.0175	0.0210	0.0244	0.0236	0.0181	0.0161	0.0249	0.0283	0.0244	0.0287	0.0237	0.0305	0.0343	0.0361	0.0339	0.0369	0.0473	0.0434	0.0425	0.0496	0.0523	0.0458	0.0464	0.0464	0.0424	0.0486	0.0465	0.0409	0.0418	0.0388	0.0455	0.0413	0.0435	0.0454	0.0417	0.0425	0.0477	0.0454	0.0464	0.0418	0.0494	0.0458	0.0458	0.0510	0.0478	0.0544	0.0556	0.0497	0.0573	0.0535	0.0584	0.0576	0.0529	0.0512	0.0584	0.0694	0.0660	0.0749	0.0772	0.0732	0.0760
0.0000	0.0000	0.0000	0.0000	0.0000	0.0041	0.0132	0.0159	0.0122	0.0134	0.0129	0.0198	0.0174	0.0187	0.0187	0.0278	0.0293	0.0233	0.0241	0.0302	0.0307	0.0298	0.0319	0.0327	0.0330	0.0318	0.0368	0.0370	0.0402	0.0377	0.0405	0.0400	0.0431	0.0414	0.0380	0.0369	0.0334	0.0414	0.0432	0.0399	0.0397	0.0425	0.0424	0.0399	0.0344	0.0417	0.0436	0.0443	0.0432	0.0418	0.0416	0.0458	0.0426	0.0383	0.0461	0.0413	0.0426	0.0519	0.0536	0.0519	0.0506	0.0427	0.0489	0.0561	0.0545	0.0536	0.0600	0.0615	0.0605
0.0000	0.0000	0.0000	0.0007	0.0000	0.0000	0.0041	0.0032	0.0090	0.0104	0.0097	0.0213	0.0237	0.0275	0.0237	0.0300	0.0399	0.0276	0.0213	0.0363	0.0373	0.0318	0.0311	0.0240	0.0352	0.0361	0.0363	0.0365	0.0351	0.0366	0.0381	0.0353	0.0412	0.0348	0.0377	0.0336	0.0372	0.0385	0.0395	0.0395	0.0374	0.0376	0.0415	0.0427	0.0442	0.0416	0.0467	0.0407	0.0379	0.0447	0.0457	0.0416	0.0447	0.0429	0.0462	0.0436	0.0427	0.0440	0.0494	0.0474	0.0450	0.0348	0.0464	0.0448	0.0452	0.0450	0.0463	0.0500	0.0454
0.0000	0.0000	0.0000	0.0000	0.0000	0.0000	0.0000	0.0063	0.0050	0.0048	0.0100	0.0122	0.0156	0.0149	0.0216	0.0285	0.0275	0.0265	0.0271	0.0276	0.0234	0.0309	0.0247	0.0301	0.0358	0.0283	0.0300	0.0328	0.0337	0.0319	0.0372	0.0359	0.0349	0.0371	0.0421	0.0376	0.0332	0.0433	0.0357	0.0365	0.0373	0.0344	0.0365	0.0340	0.0329	0.0356	0.0411	0.0398	0.0358	0.0366	0.0395	0.0368	0.0369	0.0409	0.0397	0.0428	0.0422	0.0372	0.0416	0.0436	0.0366	0.0315	0.0390	0.0458	0.0368	0.0416	0.0458	0.0485	0.0348
0.0000	0.0000	0.0000	0.0000	0.0007	0.0000	0.0000	0.0000	0.0062	0.0062	0.0114	0.0118	0.0207	0.0126	0.0168	0.0142	0.0214	0.0152	0.0223	0.0241	0.0248	0.0262	0.0288	0.0322	0.0306	0.0220	0.0289	0.0288	0.0351	0.0336	0.0366	0.0293	0.0299	0.0346	0.0328	0.0311	0.0294	0.0336	0.0329	0.0311	0.0299	0.0347	0.0381	0.0275	0.0279	0.0320	0.0326	0.0346	0.0360	0.0333	0.0320	0.0325	0.0341	0.0376	0.0381	0.0389	0.0379	0.0326	0.0285	0.0346	0.0355	0.0354	0.0341	0.0398	0.0370	0.0383	0.0386	0.0374	0.0365
0.0000	0.0034	0.0000	0.0000	0.0000	0.0000	0.0000	0.0000	0.0033	0.0007	0.0074	0.0131	0.0148	0.0101	0.0229	0.0223	0.0269	0.0207	0.0182	0.0215	0.0186	0.0195	0.0220	0.0365	0.0317	0.0215	0.0256	0.0345	0.0378	0.0309	0.0329	0.0310	0.0288	0.0279	0.0286	0.0258	0.0354	0.0301	0.0281	0.0309	0.0301	0.0366	0.0308	0.0323	0.0322	0.0323	0.0332	0.0277	0.0301	0.0276	0.0328	0.0319	0.0357	0.0322	0.0367	0.0403	0.0310	0.0359	0.0294	0.0392	0.0369	0.0358	0.0357	0.0387	0.0408	0.0434	0.0384	0.0434	0.0400
