0.0000	0.0000	0.0000	0.0167	0.0000	0.0000	0.0000	0.0069	0.0041	0.0068	0.0057	0.0053	0.0173	0.0234	0.0221	0.0390	0.0242	0.0213	0.0302	0.0621	0.0578	0.0304	0.0324	0.0514	0.0683	0.0825	0.0624	0.0589	0.0662	0.0718	0.0659	0.0768	0.0851	0.0756	0.0651	0.0674	0.0815	0.0767	0.0875	0.0949	0.0723	0.0800	0.0763	0.0784	0.0727	0.0887	0.0933	0.0801	0.0854	0.0954	0.0880	0.0943	0.0876	0.0748	0.0864	0.0869	0.0975	0.1063	0.0928	0.0868	0.0818	0.0880	0.0920	0.0749	0.0784	0.0600	0.0623	0.0685	0.0593
0.0000	0.0000	0.0006	0.0025	0.0000	0.0000	0.0064	0.0072	0.0090	0.0114	0.0158	0.0241	0.0248	0.0338	0.0342	0.0474	0.0379	0.0433	0.0456	0.0459	0.0527	0.0411	0.0567	0.0730	0.0637	0.0692	0.0802	0.0694	0.0735	0.0874	0.0881	0.0804	0.0926	0.0755	0.0680	0.0797	0.0868	0.0801	0.0953	0.0936	0.0953	0.0923	0.0909	0.0928	0.0871	0.0779	0.0944	0.0927	0.1027	0.1145	0.1212	0.1072	0.0905	0.0890	0.1079	0.1115	0.1016	0.1065	0.1070	0.1012	0.1057	0.0812	0.0739	0.0849	0.0917	0.0576	0.0675	0.0713	0.0714
0.0000	0.0000	0.0046	0.0000	0.0000	0.0000	0.0000	0.0193	0.0132	0.0126	0.0117	0.0191	0.0417	0.0476	0.0390	0.0448	0.0445	0.0445	0.0439	0.0478	0.0559	0.0613	0.0685	0.0667	0.0628	0.0650	0.0775	0.0555	0.0844	0.0958	0.0906	0.0754	0.0769	0.0892	0.0924	0.0870	0.0997	0.1040	0.0979	0.0910	0.0922	0.1051	0.1105	0.0848	0.0902	0.1029	0.1121	0.1078	0.0933	0.0876	0.1208	0.1306	0.1208	0.1207	0.1133	0.1160	0.1174	0.0998	0.1256	0.1132	0.1237	0.1290	0.1005	0.0974	0.1017	0.0896	0.0955	0.0936	0.0917
0.0000	0.0000	0.0000	0.0005	0.0019	0.0052	0.0151	0.0179	0.0076	0.0176	0.0289	0.0425	0.0527	0.0385	0.0324	0.0369	0.0346	0.0314	0.0462	0.0577	0.0684	0.0615	0.0584	0.0693	0.0873	0.0672	0.0786	0.0790	0.0911	0.0966	0.0927	0.0816	0.0952	0.1013	0.1093	0.0931	0.0913	0.1079	0.0965	0.1051	0.1082	0.1088	0.1219	0.1008	0.1087	0.1051	0.1108	0.1071	0.1086	0.0761	0.1289	0.1372	0.1259	0.1376	0.1292	0.1231	0.1126	0.1235	0.1494	0.1517	0.1578	0.1472	0.1402	0.1258	0.1162	0.1060	0.1222	0.1122	0.1189
0.0000	0.0000	0.0000	0.0102	0.0063	0.0122	0.0178	0.0095	0.0120	0.0164	0.0242	0.0330	0.0449	0.0381	0.0331	0.0452	0.0499	0.0366	0.0491	0.0815	0.0647	0.0549	0.0595	0.0691	0.0823	0.0856	0.0769	0.0838	0.1063	0.0825	0.0890	0.0942	0.1166	0.1165	0.1110	0.1021	0.0911	0.0888	0.0894	0.0888	0.1067	0.0977	0.1127	0.1149	0.1135	0.1025	0.1244	0.1053	0.1190	0.1174	0.1191	0.1171	0.1313	0.1284	0.1287	0.1374	0.1310	0.1518	0.2130	0.2406	0.2550	0.1971	0.1572	0.1357	0.1553	0.1417	0.1330	0.1206	0.1296
0.0000	0.0000	0.0000	0.0123	0.0054	0.0162	0.0160	0.0101	0.0282	0.0260	0.0251	0.0255	0.0420	0.0501	0.0446	0.0630	0.0656	0.0603	0.0604	0.0686	0.0641	0.0569	0.0664	0.0650	0.0844	0.0757	0.0915	0.0990	0.0884	0.1008	0.0931	0.0887	0.1072	0.1090	0.1028	0.0960	0.1077	0.0966	0.1005	0.0946	0.0955	0.1039	0.1226	0.1085	0.1128	0.1111	0.1106	0.1195	0.1217	0.1254	0.1200	0.1299	0.1523	0.1526	0.1653	0.1879	0.2083	0.2785	0.4796	0.5277	0.5214	0.3885	0.2223	0.1892	0.1790	0.1582	0.1446	0.1574	0.1407
0.0000	0.0120	0.0109	0.0119	0.0153	0.0210	0.0286	0.0320	0.0423	0.0259	0.0375	0.0462	0.0391	0.0517	0.0415	0.0626	0.0662	0.0665	0.0685	0.0630	0.0817	0.0757	0.0863	0.0646	0.0823	0.1016	0.1000	0.0819	0.0863	0.1027	0.1013	0.1072	0.1177	0.1137	0.0936	0.0959	0.0971	0.1022	0.1224	0.1165	0.1068	0.1194	0.1291	0.1223	0.1175	0.1205	0.1266	0.1483	0.1451	0.1614	0.1654	0.1921	0.1935	0.1902	0.2255	0.2479	0.2644	0.4932	0.6649	0.6038	0.5425	0.4679	0.3483	0.2880	0.2520	0.1794	0.1517	0.1668	0.1487
0.0000	0.0177	0.0191	0.0166	0.0027	0.0179	0.0404	0.0423	0.0363	0.0570	0.0417	0.0564	0.0550	0.0555	0.0535	0.0603	0.0669	0.0775	0.0751	0.0639	0.0742	0.0884	0.0850	0.0930	0.0987	0.0964	0.0793	0.0942	0.1164	0.1075	0.1149	0.1231	0.1291	0.1213	0.1151	0.1085	0.1089	0.1258	0.1274	0.1192	0.1143	0.1352	0.1455	0.1367	0.1278	0.1423	0.1669	0.1795	0.1713	0.1940	0.1858	0.2167	0.2214	0.2196	0.2455	0.2946	0.3343	0.5755	0.6567	0.5934	0.5733	0.5340	0.5095	0.4700	0.4084	0.2987	0.2057	0.1755	0.1838
0.0000	0.0100	0.0123	0.0158	0.0112	0.0263	0.0310	0.0465	0.0412	0.0446	0.0508	0.0698	0.0571	0.0786	0.0699	0.0801	0.0639	0.0574	0.0825	0.0845	0.0961	0.0902	0.0913	0.0943	0.1122	0.1010	0.0868	0.1105	0.1300	0.1157	0.1133	0.1108	0.1319	0.1285	0.1364	0.1268	0.1185	0.1408	0.1379	0.1360	0.1350	0.1474	0.1739	0.1491	0.1542	0.1864	0.1916	0.1890	0.2000	0.2391	0.2698	0.2635	0.2657	0.2823	0.2665	0.2973	0.3287	0.4582	0.6498	0.6190	0.5815	0.5304	0.4861	0.4851	0.4474	0.3864	0.2765	0.2168	0.2171
0.0084	0.0181	0.0214	0.0225	0.0213	0.0328	0.0341	0.0469	0.0610	0.0430	0.0509	0.0546	0.0792	0.0792	0.0767	0.0821	0.0911	0.0821	0.0869	0.0840	0.1058	0.1006	0.1061	0.1015	0.1223	0.1031	0.1170	0.1196	0.1166	0.1202	0.1085	0.1168	0.1322	0.1401	0.1476	0.1366	0.1431	0.1725	0.1586	0.1554	0.1600	0.1668	0.1759	0.1864	0.1879	0.2070	0.2323	0.2331	0.2345	0.2754	0.3311	0.4614	0.4206	0.3247	0.2892	0.2853	0.3151	0.3833	0.5157	0.6031	0.6385	0.5345	0.4634	0.5152	0.4861	0.4031	0.3207	0.2536	0.3124
0.0240	0.0125	0.0309	0.0291	0.0289	0.0403	0.0465	0.0612	0.0570	0.0559	0.0627	0.0596	0.0623	0.0921	0.0850	0.0834	0.0974	0.0963	0.0901	0.0854	0.1163	0.1120	0.0973	0.1174	0.1390	0.1261	0.1308	0.1247	0.1350	0.1429	0.1335	0.1449	0.1575	0.1704	0.1752	0.1538	0.1710	0.1930	0.1728	0.1727	0.1822	0.2015	0.2196	0.2204	0.2306	0.2456	0.2543	0.2686	0.3046	0.3686	0.5900	0.8478	0.6642	0.4524	0.3181	0.3319	0.3902	0.3953	0.4045	0.5387	0.6669	0.5556	0.4993	0.4789	0.4882	0.4210	0.3568	0.3012	0.3799
0.0018	0.0149	0.0340	0.0286	0.0267	0.0451	0.0560	0.0719	0.0721	0.0606	0.0599	0.0704	0.0797	0.0797	0.0680	0.0851	0.0898	0.0971	0.1056	0.1061	0.1270	0.1147	0.1163	0.1313	0.1472	0.1472	0.1541	0.1439	0.1462	0.1586	0.1658	0.1681	0.1810	0.2016	0.1944	0.1821	0.1959	0.2060	0.2117	0.2189	0.2205	0.2398	0.2501	0.2456	0.2559	0.2653	0.3098	0.3188	0.3938	0.5744	0.8461	0.8784	0.7295	0.6563	0.4254	0.3758	0.4303	0.5024	0.5111	0.4985	0.6086	0.5737	0.4891	0.4998	0.4676	0.3979	0.3849	0.3641	0.4311
0.0100	0.0262	0.0402	0.0309	0.0406	0.0489	0.0488	0.0607	0.0784	0.0711	0.0806	0.0785	0.0746	0.0810	0.0839	0.0850	0.1010	0.1179	0.1095	0.1225	0.1390	0.1362	0.1436	0.1432	0.1619	0.1872	0.1851	0.1829	0.1799	0.1849	0.1866	0.1978	0.2190	0.2398	0.2486	0.2134	0.2340	0.2408	0.2464	0.2807	0.2669	0.2788	0.2974	0.2881	0.2853	0.3130	0.3606	0.3856	0.5644	0.7319	0.8772	0.8459	0.7356	0.7652	0.6390	0.4844	0.4908	0.6653	0.6727	0.5692	0.6014	0.5858	0.5138	0.5404	0.4850	0.4088	0.4344	0.4506	0.4023
0.0062	0.0292	0.0384	0.0369	0.0388	0.0456	0.0700	0.0752	0.0773	0.0661	0.0810	0.0946	0.0870	0.0873	0.0882	0.1000	0.1185	0.1454	0.1451	0.1454	0.1626	0.1579	0.1818	0.1831	0.2177	0.2227	0.2317	0.2495	0.2367	0.2496	0.2469	0.2753	0.2875	0.2993	0.2750	0.2672	0.2906	0.2963	0.3194	0.3189	0.3201	0.3293	0.3950	0.3662	0.3529	0.3511	0.4010	0.4885	0.7664	0.8461	0.8396	0.8208	0.7478	0.7295	0.7663	0.7005	0.5951	0.6746	0.6572	0.6234	0.6262	0.5619	0.5199	0.5085	0.4679	0.3879	0.4131	0.3924	0.3529
0.0165	0.0302	0.0430	0.0468	0.0490	0.0512	0.0782	0.0872	0.0876	0.0860	0.0838	0.0957	0.1061	0.0993	0.1242	0.1272	0.1638	0.1745	0.1924	0.1942	0.2495	0.2675	0.2555	0.2772	0.3442	0.3714	0.4070	0.4559	0.4594	0.5109	0.5438	0.6988	0.6392	0.5394	0.5868	0.4657	0.4659	0.5247	0.5057	0.4720	0.4278	0.5355	0.7194	0.6564	0.4705	0.4691	0.4502	0.4876	0.7632	0.8356	0.8142	0.7457	0.6601	0.6306	0.6899	0.7363	0.7284	0.6171	0.5820	0.5962	0.5893	0.5422	0.5167	0.4632	0.4577	0.3889	0.3804	0.3491	0.3358
0.0309	0.0278	0.0366	0.0608	0.0729	0.0683	0.0880	0.0971	0.1025	0.1276	0.1260	0.1346	0.1447	0.1536	0.1854	0.1925	0.2408	0.2521	0.2753	0.3500	0.5293	0.5546	0.5038	0.5710	0.6755	0.6980	0.7406	0.7337	0.7393	0.7830	0.8465	0.9963	1.0000	0.9668	0.9603	0.8982	0.8903	0.9290	0.8206	0.8393	0.7091	0.7479	0.9739	0.8974	0.6890	0.8075	0.6082	0.4956	0.6350	0.8415	0.7783	0.7741	0.6937	0.6301	0.6588	0.7347	0.7011	0.6103	0.5922	0.5986	0.5629	0.5176	0.4971	0.4918	0.4146	0.3728	0.3603	0.3514	0.3318
0.0291	0.0451	0.0573	0.0769	0.0872	0.0942	0.1140	0.1525	0.1695	0.1843	0.2221	0.2506	0.2762	0.2754	0.2842	0.3513	0.4360	0.5241	0.5843	0.6586	0.8070	0.7498	0.7306	0.7420	0.6980	0.6870	0.6929	0.7166	0.7335	0.7804	0.8086	0.9060	0.9638	0.9408	0.9523	0.9647	0.9652	0.9578	0.9309	0.8840	0.8335	0.8047	0.9289	0.8913	0.8500	0.8692	0.8257	0.6291	0.6715	0.7801	0.7740	0.7990	0.6638	0.6527	0.6374	0.6672	0.6367	0.6197	0.5718	0.5990	0.5439	0.4856	0.4898	0.4642	0.4208	0.3447	0.3636	0.3481	0.3254
0.0396	0.0655	0.0899	0.1284	0.1522	0.2347	0.3076	0.3658	0.4245	0.4298	0.4460	0.4640	0.5227	0.4981	0.4672	0.5450	0.6877	0.7277	0.7405	0.7653	0.7779	0.7407	0.6707	0.6731	0.6264	0.6039	0.6321	0.7042	0.6356	0.6833	0.7781	0.8094	0.8256	0.7895	0.8167	0.8495	0.8188	0.7988	0.8147	0.8419	0.7703	0.7856	0.8331	0.8416	0.7733	0.7724	0.7981	0.7241	0.7825	0.7430	0.6865	0.7405	0.6856	0.6591	0.6057	0.6165	0.5875	0.5738	0.5812	0.5614	0.5456	0.5218	0.4751	0.4383	0.3856	0.3325	0.3491	0.3533	0.3511
0.1007	0.1543	0.2565	0.3590	0.4344	0.5115	0.6111	0.6169	0.6478	0.6389	0.5925	0.6157	0.6520	0.6294	0.6042	0.6906	0.7187	0.6756	0.6777	0.6613	0.6625	0.6448	0.6151	0.6468	0.6267	0.5902	0.6126	0.6121	0.6168	0.6809	0.6690	0.6542	0.7444	0.7642	0.7876	0.7489	0.6810	0.7124	0.7164	0.7729	0.7300	0.6713	0.7290	0.7284	0.7151	0.7384	0.7229	0.7373	0.7491	0.7313	0.6849	0.6662	0.6260	0.6267	0.6146	0.6038	0.5327	0.5005	0.5171	0.5232	0.5483	0.4851	0.4600	0.4246	0.3793	0.3572	0.3421	0.3426	0.3327
0.1985	0.2986	0.3764	0.4416	0.4376	0.5039	0.5278	0.4966	0.5346	0.5731	0.5323	0.5445	0.5757	0.5010	0.5339	0.5961	0.5928	0.6365	0.6123	0.5863	0.5967	0.5973	0.5510	0.6157	0.5969	0.5569	0.5611	0.5707	0.5917	0.6276	0.6134	0.6365	0.6789	0.6706	0.6842	0.6849	0.6340	0.6406	0.6009	0.6465	0.6346	0.6179	0.6496	0.6635	0.7029	0.6995	0.6313	0.6449	0.6400	0.6270	0.6144	0.6084	0.5715	0.6014	0.5939	0.5881	0.5622	0.5392	0.4879	0.4674	0.4953	0.4705	0.4656	0.4567	0.3965	0.3785	0.3242	0.3303	0.3091
0.1967	0.2522	0.2757	0.2861	0.2955	0.3440	0.3586	0.3960	0.4142	0.4213	0.4342	0.4610	0.5152	0.4572	0.4573	0.4989	0.5278	0.5678	0.5314	0.5224	0.5616	0.5577	0.5418	0.5805	0.5646	0.5867	0.5336	0.5450	0.5530	0.5672	0.6457	0.6137	0.6268	0.6626	0.6299	0.6499	0.6159	0.6282	0.6018	0.5783	0.5713	0.5497	0.5915	0.6010	0.5762	0.5808	0.5813	0.6040	0.5752	0.5850	0.5741	0.5663	0.5076	0.5498	0.5405	0.5219	0.5417	0.5185	0.5050	0.4937	0.5059	0.4952	0.4998	0.4533	0.3981	0.3580	0.3391	0.3307	0.3123
0.1998	0.2257	0.2624	0.2536	0.2362	0.2505	0.2982	0.3204	0.3100	0.3501	0.3627	0.3846	0.4617	0.4599	0.4481	0.5064	0.5940	0.5615	0.5378	0.5180	0.5405	0.5744	0.5706	0.5300	0.5312	0.5431	0.5573	0.5072	0.5374	0.5629	0.5902	0.5699	0.5742	0.5917	0.6020	0.5823	0.5771	0.5725	0.5576	0.5598	0.5602	0.5542	0.5255	0.5375	0.5511	0.5382	0.5666	0.5585	0.5250	0.5207	0.5536	0.5324	0.4926	0.5023	0.5012	0.5391	0.5209	0.5111	0.4973	0.4838	0.4927	0.4819	0.4541	0.3997	0.3970	0.3910	0.3467	0.3463	0.3264
0.1800	0.1883	0.2124	0.2102	0.2276	0.2392	0.2874	0.2912	0.2708	0.3211	0.3712	0.4076	0.4231	0.4526	0.4650	0.5502	0.5793	0.5592	0.5370	0.4927	0.5337	0.5662	0.5442	0.5158	0.4934	0.5149	0.5374	0.5420	0.5173	0.5507	0.5093	0.5394	0.5673	0.5820	0.5659	0.5670	0.5554	0.5424	0.5515	0.5194	0.5411	0.5105	0.5045	0.5175	0.5255	0.5192	0.5338	0.5393	0.5079	0.5069	0.5123	0.5336	0.5462	0.5258	0.4924	0.5349	0.5382	0.4998	0.4825	0.4710	0.4944	0.4876	0.4808	0.4424	0.3991	0.3740	0.3423	0.3202	0.3101
0.1562	0.1921	0.1978	0.2242	0.2304	0.2744	0.3184	0.2919	0.2848	0.3292	0.3678	0.3716	0.3934	0.4025	0.4315	0.4974	0.5203	0.5534	0.5432	0.5124	0.5351	0.5141	0.5180	0.4811	0.5224	0.4921	0.4898	0.5263	0.5275	0.5291	0.5095	0.5483	0.5720	0.5965	0.5664	0.5487	0.5385	0.5342	0.5153	0.5133	0.5340	0.5041	0.5149	0.4971	0.5130	0.5405	0.5620	0.5398	0.5128	0.5036	0.4820	0.4830	0.5433	0.5182	0.4984	0.5583	0.5460	0.4989	0.5046	0.4742	0.4668	0.4851	0.4733	0.4203	0.3825	0.3913	0.3211	0.3196	0.3197
0.1928	0.1988	0.2089	0.2008	0.2150	0.2621	0.3247	0.3149	0.3162	0.3483	0.3685	0.3774	0.4046	0.4015	0.3860	0.4500	0.4585	0.4839	0.4910	0.5343	0.4802	0.4893	0.5121	0.5363	0.5109	0.4828	0.4865	0.4992	0.5297	0.5345	0.5430	0.5752	0.5654	0.5575	0.5245	0.5401	0.5567	0.5363	0.5295	0.5201	0.5316	0.5358	0.5243	0.5161	0.5427	0.5442	0.5484	0.5368	0.5340	0.5249	0.5074	0.4875	0.4874	0.5260	0.5532	0.5397	0.5402	0.4891	0.4830	0.4943	0.4995	0.4423	0.4735	0.4105	0.3939	0.3628	0.3045	0.3265	0.3078
0.1925	0.1768	0.1906	0.2196	0.2474	0.2593	0.3097	0.3313	0.3540	0.3537	0.3769	0.3941	0.3844	0.4199	0.4232	0.4414	0.4980	0.4894	0.4740	0.4758	0.4708	0.4778	0.4723	0.4750	0.5088	0.5178	0.5070	0.5227	0.5372	0.5311	0.5802	0.5581	0.5641	0.5328	0.5459	0.5486	0.5458	0.5423	0.5565	0.5495	0.5212	0.5751	0.5024	0.5216	0.5322	0.5398	0.5689	0.5614	0.5514	0.5373	0.5282	0.5115	0.4998	0.5106	0.5297	0.5438	0.5381	0.5089	0.5003	0.4661	0.4867	0.4686	0.4463	0.3975	0.3868	0.3642	0.3262	0.3223	0.3189
0.1875	0.1868	0.2016	0.2425	0.2490	0.2537	0.2828	0.3142	0.3178	0.3313	0.3948	0.4035	0.4181	0.4234	0.4308	0.4614	0.4399	0.4358	0.4833	0.4803	0.4882	0.4786	0.4952	0.4869	0.4805	0.5104	0.5119	0.5080	0.4891	0.5192	0.5576	0.5554	0.5775	0.5675	0.5440	0.5375	0.5399	0.5171	0.5478	0.5468	0.5445	0.5220	0.5044	0.5327	0.5479	0.5374	0.5153	0.5230	0.5403	0.5412	0.5477	0.5100	0.5253	0.5288	0.5124	0.5279	0.5278	0.5049	0.4879	0.4893	0.4735	0.4781	0.4490	0.4156	0.3844	0.3410	0.3310	0.3510	0.3476
0.2006	0.1985	0.1968	0.2167	0.2274	0.2683	0.3004	0.3025	0.3050	0.3561	0.3740	0.3985	0.4137	0.4182	0.4307	0.4484	0.4517	0.4247	0.4432	0.4848	0.4765	0.4683	0.4986	0.4739	0.4877	0.5058	0.5038	0.5059	0.5074	0.5421	0.5524	0.5684	0.5489	0.5684	0.5393	0.5525	0.5376	0.5394	0.5634	0.5571	0.5533	0.5567	0.5295	0.5079	0.5265	0.5051	0.5132	0.5409	0.5541	0.4946	0.5448	0.5374	0.5256	0.5042	0.5215	0.5153	0.5388	0.4821	0.4856	0.5109	0.4841	0.4872	0.4365	0.3924	0.3843	0.3542	0.3330	0.3286	0.3194
0.1978	0.1740	0.1941	0.2053	0.2150	0.2622	0.2931	0.2813	0.3061	0.3289	0.3784	0.4008	0.3824	0.4089	0.4454	0.4565	0.4375	0.4543	0.4726	0.4724	0.5031	0.4659	0.4647	0.5019	0.4944	0.4814	0.5383	0.5201	0.5409	0.5289	0.5452	0.5790	0.5806	0.5510	0.5546	0.5625	0.5863	0.5959	0.5449	0.5463	0.5364	0.5491	0.5225	0.5056	0.5194	0.5107	0.5256	0.5153	0.5282	0.5112	0.5145	0.5083	0.4976	0.5019	0.5148	0.5343	0.5102	0.5052	0.4781	0.4730	0.4717	0.4516	0.4214	0.4370	0.4183	0.3689	0.3448	0.3161	0.3188
0.1952	0.1951	0.2064	0.2316	0.2464	0.2533	0.2963	0.3126	0.3139	0.3110	0.3459	0.3924	0.3969	0.3959	0.3909	0.4455	0.4651	0.5043	0.5081	0.4825	0.4832	0.4659	0.4961	0.5142	0.4950	0.4867	0.5007	0.5658	0.5554	0.5662	0.5816	0.5797	0.5919	0.5887	0.5870	0.5641	0.6116	0.6310	0.5739	0.5684	0.5744	0.5532	0.5381	0.5359	0.5290	0.5161	0.5416	0.5393	0.5184	0.5150	0.5191	0.5051	0.5073	0.4943	0.5404	0.5345	0.4868	0.4708	0.4711	0.4717	0.4744	0.4431	0.4221	0.3946	0.4085	0.3690	0.3415	0.3536	0.3634
0.1716	0.1897	0.2166	0.2258	0.2361	0.2435	0.3010	0.3009	0.3201	0.3199	0.3160	0.3698	0.3762	0.3791	0.3892	0.4416	0.4991	0.4860	0.4753	0.4829	0.4926	0.4935	0.4842	0.4951	0.4991	0.4996	0.4668	0.4989	0.5229	0.5446	0.5735	0.5740	0.6035	0.6199	0.6204	0.6122	0.6051	0.5515	0.5756	0.5972	0.5561	0.6073	0.5618	0.5309	0.5143	0.5091	0.5383	0.5408	0.5443	0.5410	0.5250	0.5447	0.5450	0.5269	0.5157	0.5355	0.5073	0.4982	0.4769	0.4812	0.4522	0.4406	0.4307	0.4229	0.4053	0.3697	0.3597	0.3378	0.3358
0.1682	0.1773	0.2125	0.2274	0.2517	0.2367	0.2916	0.3051	0.3354	0.3561	0.3332	0.3528	0.3719	0.3565	0.4013	0.4513	0.4719	0.4763	0.4657	0.4827	0.5221	0.5021	0.5128	0.5269	0.5311	0.5512	0.5138	0.5327	0.5467	0.5548	0.5771	0.5933	0.6026	0.5655	0.6116	0.5819	0.5672	0.5411	0.5481	0.5837	0.5598	0.5469	0.5780	0.5152	0.5315	0.5184	0.5240	0.5557	0.5176	0.5278	0.5490	0.5065	0.5361	0.5514	0.5367	0.5210	0.4967	0.5046	0.4682	0.4493	0.4735	0.4634	0.4662	0.4513	0.3974	0.3752	0.3459	0.3555	0.3344
0.1668	0.1819	0.2092	0.2233	0.2327	0.2453	0.2822	0.2908	0.3316	0.3697	0.3505	0.3476	0.3800	0.3702	0.3816	0.4282	0.4595	0.4597	0.4790	0.5170	0.5109	0.5171	0.5561	0.5525	0.5770	0.5683	0.5613	0.6012	0.5680	0.5531	0.5908	0.6146	0.5867	0.5965	0.6311	0.5684	0.5879	0.5554	0.5579	0.5537	0.5465	0.5863	0.5720	0.5582	0.5442	0.5068	0.5229	0.5462	0.5559	0.5391	0.5448	0.5271	0.5518	0.5385	0.5221	0.5094	0.4895	0.4777	0.4615	0.4676	0.4704	0.4813	0.4653	0.4331	0.3914	0.3743	0.3722	0.3570	0.3527
0.1598	0.1679	0.2166	0.2149	0.2413	0.2545	0.3071	0.3373	0.3320	0.3404	0.3582	0.3356	0.3715	0.3839	0.3567	0.4156	0.4398	0.4518	0.4592	0.5342	0.5512	0.5385	0.5332	0.5456	0.5629	0.5747	0.5547	0.6152	0.5983	0.5836	0.6101	0.6143	0.6148	0.6437	0.6542	0.5972	0.5607	0.5576	0.5737	0.5538	0.5486	0.5716	0.5622	0.5688	0.5409	0.5581	0.5669	0.5377	0.5332	0.5211	0.5355	0.5057	0.5082	0.5197	0.5152	0.5282	0.5042	0.4646	0.4926	0.4768	0.4841	0.4611	0.4473	0.4462	0.3885	0.3961	0.3711	0.3469	0.3472
0.1584	0.1732	0.1965	0.2055	0.2547	0.2671	0.3001	0.3399	0.3339	0.3287	0.3492	0.3595	0.3767	0.4026	0.3843	0.4339	0.4555	0.4646	0.5003	0.5369	0.5703	0.5532	0.5385	0.5680	0.5931	0.5987	0.5820	0.5942	0.5811	0.5975	0.5942	0.6146	0.6137	0.6232	0.6807	0.6246	0.5718	0.5780	0.6061	0.5823	0.5694	0.5582	0.5816	0.5665	0.5423	0.5885	0.5584	0.5335	0.4935	0.5317	0.5167	0.4974	0.5090	0.5364	0.5019	0.5092	0.5099	0.4969	0.4857	0.4893	0.4591	0.4261	0.4435	0.4338	0.4322	0.4091	0.3751	0.3768	0.3344
0.1672	0.1760	0.1971	0.2219	0.2582	0.3045	0.3026	0.3069	0.3341	0.3416	0.3754	0.4190	0.4367	0.4521	0.4264	0.4436	0.4428	0.4719	0.5052	0.5392	0.5506	0.5428	0.5562	0.5465	0.6003	0.5889	0.5840	0.5953	0.6102	0.5752	0.5895	0.5713	0.5990	0.6679	0.6615	0.6615	0.6397	0.6077	0.5835	0.5873	0.5954	0.5917	0.5891	0.5675	0.5453	0.5892	0.6068	0.6108	0.5686	0.5510	0.5351	0.5013	0.4794	0.5093	0.5208	0.4917	0.4803	0.4733	0.4514	0.4529	0.4529	0.4323	0.4305	0.4181	0.4042	0.3751	0.3861	0.3879	0.3633
0.1454	0.1716	0.2110	0.2271	0.2569	0.3320	0.3114	0.3367	0.3875	0.3782	0.3593	0.4419	0.4480	0.4301	0.4401	0.4844	0.4797	0.4992	0.5131	0.5261	0.5393	0.5609	0.5739	0.5662	0.5590	0.5675	0.5727	0.6228	0.6435	0.6253	0.6018	0.6239	0.6415	0.6604	0.6372	0.6378	0.6530	0.6289	0.5818	0.5930	0.6292	0.6313	0.6287	0.6371	0.5959	0.5858	0.6014	0.6243	0.6176	0.5486	0.5132	0.4568	0.4688	0.5012	0.4744	0.5012	0.4826	0.4575	0.4732	0.4715	0.4323	0.4386	0.4505	0.4180	0.4031	0.3704	0.3644	0.3630	0.3657
0.1768	0.2115	0.2199	0.2714	0.3123	0.3535	0.3780	0.4025	0.4326	0.4584	0.4628	0.4991	0.4867	0.4774	0.5249	0.5068	0.5496	0.5907	0.5733	0.5782	0.5701	0.5932	0.6041	0.5940	0.6057	0.6163	0.5802	0.6135	0.6433	0.6076	0.6462	0.6428	0.6352	0.6567	0.6770	0.6674	0.6823	0.6631	0.6320	0.6572	0.6806	0.6491	0.6648	0.7031	0.6958	0.6762	0.6731	0.6485	0.6455	0.5993	0.5409	0.5110	0.4977	0.5026	0.4777	0.4971	0.4931	0.4938	0.4701	0.4360	0.4761	0.4639	0.4504	0.4284	0.4226	0.4027	0.4081	0.3781	0.3924
0.2044	0.2897	0.3020	0.3751	0.4271	0.4357	0.5144	0.5071	0.5463	0.5779	0.6036	0.5853	0.5804	0.5898	0.5868	0.6178	0.6531	0.6176	0.5966	0.5874	0.6057	0.6307	0.6285	0.6193	0.6460	0.6165	0.6070	0.6110	0.6333	0.6467	0.6606	0.6810	0.7009	0.6970	0.7444	0.7215	0.7335	0.7364	0.7142	0.7140	0.7219	0.7087	0.7011	0.7557	0.7308	0.7110	0.7173	0.6791	0.6846	0.6423	0.5913	0.5455	0.5036	0.4780	0.4748	0.4910	0.4681	0.4742	0.4463	0.4569	0.5004	0.4760	0.4733	0.4761	0.4341	0.4155	0.3769	0.3942	0.3803
0.1196	0.2139	0.2978	0.4163	0.5113	0.6099	0.6504	0.6428	0.6653	0.6968	0.6412	0.6792	0.6312	0.6605	0.6655	0.7284	0.6981	0.7232	0.7035	0.6952	0.6783	0.6983	0.6363	0.6644	0.6248	0.6129	0.6378	0.6277	0.6377	0.6733	0.7211	0.7086	0.7172	0.7601	0.7548	0.7711	0.7459	0.7147	0.6969	0.6320	0.7226	0.7672	0.7915	0.7959	0.7451	0.6257	0.7838	0.7363	0.7305	0.7049	0.6568	0.6164	0.5604	0.5066	0.4860	0.4700	0.4747	0.4773	0.4789	0.5108	0.5148	0.4996	0.4836	0.4846	0.4416	0.4323	0.4237	0.4169	0.3959
0.0545	0.0797	0.1271	0.1943	0.2614	0.3421	0.4309	0.4740	0.4889	0.5333	0.5907	0.5995	0.6391	0.6848	0.7579	0.7782	0.7295	0.7723	0.7974	0.7761	0.7559	0.7105	0.6954	0.6766	0.6665	0.6208	0.6495	0.6379	0.7074	0.7223	0.7411	0.7654	0.7518	0.7600	0.7610	0.6424	0.4750	0.4767	0.4114	0.3741	0.5447	0.6711	0.7195	0.7002	0.6152	0.5408	0.7871	0.7863	0.7721	0.7256	0.7074	0.7105	0.6307	0.5813	0.5206	0.5065	0.5214	0.5049	0.4924	0.4963	0.5108	0.5003	0.4924	0.5016	0.4697	0.4445	0.4541	0.4501	0.4064
0.0281	0.0413	0.0566	0.0664	0.0839	0.1109	0.1191	0.1449	0.1870	0.1937	0.2556	0.2591	0.3125	0.3736	0.4603	0.4833	0.4277	0.4873	0.6106	0.6976	0.7289	0.6982	0.7091	0.6991	0.6934	0.6388	0.6586	0.6548	0.6814	0.7065	0.6990	0.6771	0.6484	0.6087	0.5103	0.3473	0.2410	0.2742	0.2502	0.2567	0.3032	0.3369	0.4261	0.4335	0.3519	0.4558	0.7528	0.7886	0.7548	0.7364	0.7320	0.6825	0.6867	0.6598	0.6066	0.5977	0.5871	0.5418	0.5191	0.5263	0.5349	0.5064	0.5179	0.5035	0.4890	0.4710	0.4465	0.4227	0.4074
0.0146	0.0259	0.0347	0.0561	0.0587	0.0492	0.0694	0.0806	0.0994	0.1074	0.1115	0.1101	0.1378	0.1330	0.1516	0.1852	0.1721	0.1907	0.2458	0.2841	0.3413	0.3975	0.4345	0.4698	0.4488	0.4364	0.4310	0.4147	0.4107	0.3937	0.3257	0.2940	0.2943	0.2832	0.2281	0.1927	0.1931	0.2082	0.1980	0.2060	0.2346	0.2294	0.2520	0.2782	0.3044	0.3865	0.6951	0.7713	0.7432	0.7343	0.5672	0.5752	0.7320	0.6967	0.6892	0.6957	0.6995	0.6747	0.6226	0.6264	0.5914	0.5716	0.5524	0.5333	0.4749	0.4679	0.4561	0.4428	0.4199
0.0165	0.0311	0.0397	0.0471	0.0433	0.0471	0.0646	0.0703	0.0640	0.0785	0.0863	0.0748	0.0922	0.0835	0.0975	0.1170	0.1149	0.1172	0.1241	0.1335	0.1449	0.1420	0.1790	0.2001	0.1763	0.1773	0.1830	0.1684	0.1711	0.1787	0.1792	0.1815	0.1747	0.1832	0.1812	0.1721	0.1762	0.1730	0.1746	0.1778	0.1883	0.2044	0.2041	0.2174	0.2406	0.2810	0.4622	0.6867	0.6497	0.4998	0.3685	0.5101	0.7163	0.7250	0.6673	0.7242	0.7493	0.6916	0.6324	0.6273	0.5942	0.5699	0.5770	0.5433	0.5073	0.5100	0.4696	0.4759	0.4705
0.0217	0.0118	0.0319	0.0373	0.0364	0.0500	0.0566	0.0640	0.0519	0.0652	0.0844	0.0656	0.0787	0.0717	0.0825	0.0881	0.0971	0.0981	0.0999	0.0991	0.1040	0.1013	0.1172	0.1329	0.1252	0.1268	0.1342	0.1275	0.1409	0.1436	0.1399	0.1488	0.1577	0.1543	0.1631	0.1428	0.1478	0.1587	0.1618	0.1643	0.1593	0.1699	0.1903	0.1867	0.1815	0.2043	0.2268	0.3348	0.3287	0.2864	0.2965	0.4368	0.7016	0.6737	0.5572	0.6980	0.7310	0.6891	0.6426	0.6062	0.6234	0.5970	0.5819	0.5478	0.5184	0.5167	0.5130	0.5094	0.4855
0.0165	0.0213	0.0341	0.0201	0.0358	0.0499	0.0486	0.0574	0.0604	0.0566	0.0525	0.0604	0.0670	0.0584	0.0636	0.0728	0.0794	0.0787	0.0888	0.0824	0.0853	0.0998	0.0945	0.0915	0.0981	0.1019	0.1042	0.1055	0.1064	0.1184	0.1112	0.1187	0.1292	0.1226	0.1369	0.1315	0.1349	0.1434	0.1382	0.1357	0.1430	0.1526	0.1626	0.1696	0.1670	0.1840	0.1855	0.2052	0.2121	0.2273	0.2483	0.3003	0.4838	0.4556	0.5921	0.7520	0.7265	0.6984	0.6623	0.6412	0.6468	0.6284	0.5756	0.5416	0.5400	0.4973	0.4317	0.4207	0.3984
0.0172	0.0140	0.0262	0.0229	0.0230	0.0461	0.0412	0.0592	0.0637	0.0528	0.0552	0.0584	0.0603	0.0546	0.0604	0.0674	0.0754	0.0771	0.0772	0.0794	0.0763	0.0781	0.0845	0.0832	0.0755	0.0938	0.0838	0.0895	0.0990	0.0928	0.0982	0.0902	0.0985	0.0993	0.1104	0.1111	0.1062	0.1060	0.1054	0.1166	0.1259	0.1245	0.1328	0.1517	0.1540	0.1549	0.1643	0.1761	0.1855	0.1942	0.2192	0.2315	0.2704	0.3613	0.5936	0.7094	0.7562	0.7028	0.6789	0.6782	0.6371	0.6163	0.5629	0.5441	0.5155	0.4715	0.3158	0.2816	0.2955
0.0063	0.0117	0.0129	0.0184	0.0236	0.0324	0.0343	0.0443	0.0457	0.0429	0.0560	0.0477	0.0563	0.0501	0.0661	0.0730	0.0765	0.0751	0.0658	0.0753	0.0710	0.0640	0.0755	0.0679	0.0705	0.0682	0.0712	0.0887	0.0917	0.0830	0.0803	0.0670	0.0754	0.0769	0.0911	0.0915	0.0899	0.0891	0.0883	0.0895	0.0934	0.1104	0.1057	0.1094	0.1220	0.1238	0.1315	0.1429	0.1485	0.1523	0.1689	0.1747	0.2062	0.2565	0.3361	0.6398	0.7951	0.7496	0.6818	0.5965	0.5572	0.6209	0.6366	0.5767	0.5054	0.4325	0.3311	0.2837	0.3059
0.0085	0.0062	0.0193	0.0334	0.0365	0.0302	0.0328	0.0290	0.0385	0.0373	0.0457	0.0341	0.0568	0.0529	0.0461	0.0585	0.0682	0.0624	0.0566	0.0636	0.0674	0.0540	0.0698	0.0733	0.0640	0.0608	0.0620	0.0690	0.0706	0.0652	0.0706	0.0669	0.0661	0.0683	0.0665	0.0792	0.0741	0.0742	0.0712	0.0747	0.0791	0.0822	0.0901	0.0827	0.0918	0.1070	0.1032	0.1085	0.1178	0.1117	0.1243	0.1329	0.1571	0.1874	0.2303	0.4654	0.7384	0.6548	0.4504	0.3911	0.5010	0.6881	0.6736	0.6216	0.5628	0.5243	0.5078	0.4043	0.3266
0.0061	0.0030	0.0000	0.0175	0.0138	0.0256	0.0231	0.0366	0.0410	0.0359	0.0397	0.0351	0.0397	0.0505	0.0421	0.0484	0.0426	0.0483	0.0507	0.0500	0.0604	0.0601	0.0581	0.0571	0.0577	0.0606	0.0536	0.0585	0.0597	0.0543	0.0533	0.0610	0.0669	0.0619	0.0609	0.0594	0.0542	0.0560	0.0633	0.0665	0.0698	0.0730	0.0771	0.0677	0.0749	0.0832	0.0930	0.0929	0.0908	0.0909	0.0984	0.1061	0.1189	0.1312	0.1563	0.2394	0.4675	0.3240	0.2331	0.3244	0.5864	0.7148	0.6472	0.6097	0.5502	0.5424	0.4930	0.3677	0.2177
0.0017	0.0101	0.0003	0.0059	0.0081	0.0117	0.0218	0.0320	0.0316	0.0358	0.0354	0.0402	0.0407	0.0478	0.0465	0.0405	0.0432	0.0476	0.0461	0.0514	0.0642	0.0472	0.0480	0.0495	0.0557	0.0602	0.0635	0.0532	0.0567	0.0520	0.0485	0.0503	0.0573	0.0593	0.0531	0.0518	0.0582	0.0630	0.0576	0.0625	0.0665	0.0674	0.0612	0.0684	0.0598	0.0669	0.0766	0.0697	0.0747	0.0872	0.0817	0.0805	0.0843	0.0953	0.1201	0.1402	0.1618	0.1566	0.1804	0.2220	0.3633	0.5410	0.6569	0.6156	0.6098	0.5253	0.2709	0.1618	0.1476
0.0000	0.0000	0.0000	0.0005	0.0157	0.0061	0.0209	0.0224	0.0225	0.0293	0.0188	0.0238	0.0360	0.0319	0.0419	0.0378	0.0418	0.0507	0.0503	0.0474	0.0465	0.0448	0.0489	0.0483	0.0503	0.0576	0.0476	0.0603	0.0567	0.0534	0.0501	0.0490	0.0502	0.0539	0.0546	0.0497	0.0520	0.0603	0.0571	0.0623	0.0582	0.0528	0.0602	0.0625	0.0571	0.0622	0.0553	0.0597	0.0646	0.0677	0.0692	0.0623	0.0661	0.0752	0.0903	0.0857	0.1026	0.1169	0.1240	0.1439	0.1672	0.2440	0.4788	0.4955	0.4412	0.2763	0.1126	0.1314	0.1287
0.0043	0.0000	0.0000	0.0122	0.0277	0.0048	0.0041	0.0176	0.0154	0.0161	0.0210	0.0143	0.0170	0.0229	0.0392	0.0425	0.0259	0.0268	0.0292	0.0456	0.0379	0.0390	0.0377	0.0405	0.0436	0.0473	0.0476	0.0460	0.0499	0.0506	0.0480	0.0385	0.0463	0.0552	0.0471	0.0446	0.0471	0.0461	0.0510	0.0528	0.0528	0.0558	0.0620	0.0562	0.0491	0.0579	0.0551	0.0509	0.0587	0.0568	0.0582	0.0629	0.0639	0.0697	0.0696	0.0693	0.0837	0.0887	0.0918	0.1038	0.1063	0.1107	0.1359	0.1581	0.1346	0.1156	0.1026	0.1074	0.1100
0.0000	0.0000	0.0000	0.0000	0.0010	0.0000	0.0071	0.0214	0.0214	0.0056	0.0235	0.0254	0.0198	0.0208	0.0237	0.0325	0.0271	0.0280	0.0330	0.0353	0.0340	0.0348	0.0217	0.0305	0.0398	0.0435	0.0416	0.0360	0.0453	0.0487	0.0398	0.0419	0.0403	0.0471	0.0396	0.0386	0.0377	0.0442	0.0497	0.0439	0.0457	0.0463	0.0518	0.0484	0.0481	0.0521	0.0560	0.0498	0.0495	0.0491	0.0581	0.0681	0.0642	0.0660	0.0691	0.0696	0.0731	0.0653	0.0743	0.0865	0.0825	0.0803	0.0908	0.0992	0.1018	0.0943	0.0912	0.0858	0.0847
0.0000	0.0000	0.0000	0.0000	0.0000	0.0000	0.0062	0.0010	0.0017	0.0029	0.0147	0.0187	0.0152	0.0185	0.0193	0.0264	0.0372	0.0290	0.0248	0.0260	0.0326	0.0390	0.0293	0.0280	0.0306	0.0352	0.0329	0.0381	0.0424	0.0471	0.0380	0.0420	0.0446	0.0456	0.0353	0.0400	0.0459	0.0486	0.0505	0.0432	0.0448	0.0483	0.0520	0.0595	0.0462	0.0542	0.0545	0.0528	0.0512	0.0495	0.0553	0.0537	0.0580	0.0677	0.0585	0.0677	0.0732	0.0644	0.0669	0.0690	0.0759	0.0724	0.0800	0.0758	0.0793	0.0772	0.0703	0.0764	0.0674
0.0000	0.0000	0.0000	0.0000	0.0000	0.0000	0.0039	0.0045	0.0061	0.0192	0.0190	0.0130	0.0245	0.0238	0.0233	0.0247	0.0338	0.0288	0.0195	0.0212	0.0269	0.0325	0.0327	0.0322	0.0245	0.0384	0.0405	0.0345	0.0397	0.0411	0.0404	0.0331	0.0362	0.0387	0.0358	0.0323	0.0349	0.0493	0.0455	0.0364	0.0414	0.0441	0.0463	0.0480	0.0399	0.0454	0.0509	0.0531	0.0552	0.0473	0.0540	0.0591	0.0555	0.0562	0.0565	0.0642	0.0654	0.0577	0.0569	0.0558	0.0574	0.0602	0.0631	0.0767	0.0738	0.0638	0.0712	0.0592	0.0527
0.0000	0.0000	0.0000	0.0000	0.0000	0.0002	0.0005	0.0000	0.0025	0.0181	0.0168	0.0163	0.0148	0.0108	0.0220	0.0198	0.0268	0.0170	0.0219	0.0240	0.0351	0.0328	0.0256	0.0298	0.0336	0.0314	0.0318	0.0324	0.0330	0.0406	0.0313	0.0289	0.0339	0.0319	0.0310	0.0332	0.0329	0.0391	0.0349	0.0422	0.0408	0.0463	0.0471	0.0405	0.0400	0.0416	0.0503	0.0493	0.0490	0.0447	0.0410	0.0494	0.0510	0.0491	0.0548	0.0619	0.0564	0.0500	0.0462	0.0505	0.0526	0.0556	0.0554	0.0624	0.0601	0.0457	0.0512	0.0544	0.0535
0.0000	0.0094	0.0000	0.0045	0.0000	0.0024	0.0000	0.0176	0.0089	0.0004	0.0086	0.0180	0.0170	0.0106	0.0231	0.0179	0.0192	0.0156	0.0365	0.0229	0.0268	0.0264	0.0208	0.0179	0.0383	0.0346	0.0240	0.0284	0.0353	0.0338	0.0338	0.0325	0.0368	0.0316	0.0303	0.0340	0.0356	0.0323	0.0304	0.0407	0.0372	0.0420	0.0452	0.0341	0.0363	0.0452	0.0481	0.0474	0.0453	0.0384	0.0419	0.0519	0.0501	0.0435	0.0585	0.0636	0.0666	0.0638	0.0496	0.0574	0.0570	0.0541	0.0519	0.0631	0.0712	0.0586	0.0592	0.0482	0.0541
