0.0000	0.0000	0.0000	0.0078	0.0000	0.0000	0.0094	0.0149	0.0149	0.0016	0.0101	0.0161	0.0244	0.0156	0.0211	0.0386	0.0279	0.0372	0.0303	0.0493	0.0531	0.0348	0.0336	0.0427	0.0671	0.0635	0.0647	0.0582	0.0665	0.0773	0.0704	0.0718	0.0803	0.0829	0.0795	0.0727	0.0698	0.0800	0.0722	0.0929	0.0842	0.0744	0.0778	0.0817	0.0747	0.0759	0.0854	0.0774	0.0681	0.0777	0.0912	0.0841	0.0643	0.0738	0.0833	0.0761	0.0839	0.0683	0.0729	0.0644	0.0717	0.0728	0.0720	0.0623	0.0580	0.0456	0.0449	0.0440	0.0406
0.0000	0.0000	0.0000	0.0070	0.0000	0.0000	0.0071	0.0164	0.0161	0.0077	0.0252	0.0256	0.0314	0.0315	0.0301	0.0357	0.0320	0.0426	0.0441	0.0580	0.0577	0.0461	0.0414	0.0681	0.0707	0.0723	0.0819	0.0687	0.0598	0.0842	0.0944	0.0875	0.0826	0.0946	0.0802	0.0745	0.0759	0.0913	0.0967	0.0839	0.0930	0.0879	0.0829	0.0959	0.0898	0.0923	0.0872	0.0945	0.0740	0.0882	0.0909	0.0801	0.0618	0.0821	0.0942	0.0871	0.0838	0.0735	0.0709	0.0811	0.0787	0.0716	0.0777	0.0792	0.0709	0.0479	0.0556	0.0544	0.0576
0.0000	0.0000	0.0029	0.0050	0.0017	0.0050	0.0080	0.0171	0.0157	0.0218	0.0246	0.0207	0.0411	0.0502	0.0326	0.0361	0.0475	0.0588	0.0529	0.0509	0.0576	0.0477	0.0496	0.0835	0.0748	0.0703	0.0767	0.0721	0.0803	0.0844	0.0949	0.0927	0.0839	0.0995	0.0963	0.0859	0.0859	0.0877	0.1076	0.0893	0.0724	0.0999	0.0924	0.0860	0.0902	0.0972	0.0907	0.0817	0.0934	0.0857	0.1029	0.1034	0.0844	0.0921	0.0917	0.0976	0.1017	0.0855	0.0804	0.0967	0.0980	0.0906	0.0917	0.0857	0.0833	0.0668	0.0609	0.0671	0.0829
0.0000	0.0000	0.0034	0.0040	0.0000	0.0030	0.0150	0.0281	0.0257	0.0197	0.0215	0.0264	0.0422	0.0293	0.0282	0.0396	0.0453	0.0653	0.0631	0.0557	0.0647	0.0555	0.0654	0.0606	0.0690	0.0663	0.0848	0.0800	0.0807	0.0818	0.0786	0.0797	0.0916	0.0966	0.1034	0.1066	0.0828	0.0883	0.0964	0.1023	0.0881	0.0925	0.0894	0.0925	0.0918	0.0919	0.1018	0.0836	0.0792	0.0864	0.1087	0.0988	0.0866	0.0972	0.1097	0.0992	0.1063	0.0938	0.0863	0.0958	0.1059	0.0936	0.1040	0.1038	0.1036	0.0988	0.0935	0.0766	0.0850
0.0000	0.0000	0.0025	0.0083	0.0096	0.0000	0.0107	0.0162	0.0193	0.0171	0.0243	0.0389	0.0380	0.0364	0.0307	0.0312	0.0440	0.0425	0.0477	0.0582	0.0636	0.0584	0.0601	0.0627	0.0624	0.0720	0.0809	0.0794	0.0830	0.0827	0.0821	0.0867	0.1079	0.1068	0.1135	0.0872	0.0807	0.0863	0.1000	0.0929	0.0904	0.0928	0.0996	0.1031	0.1070	0.1014	0.1106	0.1010	0.0904	0.0875	0.0944	0.0951	0.0902	0.1021	0.1062	0.1032	0.1057	0.1021	0.1147	0.1100	0.1174	0.1188	0.1619	0.1710	0.1720	0.1263	0.1099	0.1057	0.1028
0.0000	0.0000	0.0000	0.0156	0.0154	0.0131	0.0168	0.0290	0.0273	0.0376	0.0344	0.0392	0.0405	0.0569	0.0512	0.0429	0.0432	0.0444	0.0416	0.0558	0.0602	0.0681	0.0595	0.0558	0.0768	0.0684	0.0720	0.0790	0.0857	0.0928	0.0982	0.0996	0.1247	0.1149	0.1169	0.1063	0.0964	0.1064	0.1020	0.0934	0.0993	0.1084	0.1127	0.0965	0.1030	0.1008	0.1012	0.1157	0.1134	0.1081	0.1067	0.1011	0.1015	0.1226	0.1296	0.1443	0.1346	0.1431	0.1838	0.1901	0.1632	0.1742	0.2752	0.3224	0.2739	0.1991	0.1401	0.1223	0.1216
0.0000	0.0000	0.0000	0.0067	0.0082	0.0192	0.0341	0.0263	0.0296	0.0329	0.0397	0.0430	0.0428	0.0481	0.0530	0.0598	0.0521	0.0597	0.0683	0.0625	0.0668	0.0800	0.0651	0.0555	0.0723	0.0846	0.0797	0.0870	0.0985	0.1161	0.0976	0.0987	0.1212	0.1205	0.1145	0.1097	0.1042	0.1114	0.1198	0.0996	0.0968	0.1172	0.1157	0.0991	0.1026	0.1148	0.1089	0.1263	0.1140	0.1162	0.1343	0.1360	0.1407	0.1443	0.1575	0.1787	0.2145	0.3057	0.3966	0.3397	0.2829	0.2465	0.3287	0.3517	0.3306	0.2542	0.2137	0.1441	0.1357
0.0009	0.0018	0.0184	0.0172	0.0149	0.0171	0.0358	0.0360	0.0429	0.0352	0.0229	0.0527	0.0524	0.0526	0.0562	0.0753	0.0597	0.0549	0.0779	0.0719	0.0847	0.0793	0.0773	0.0778	0.0895	0.0934	0.0895	0.0864	0.1111	0.1211	0.1101	0.1098	0.1141	0.1318	0.1304	0.1101	0.1236	0.1328	0.1133	0.1146	0.1163	0.1301	0.1234	0.1231	0.1182	0.1315	0.1348	0.1512	0.1377	0.1381	0.1489	0.1514	0.1628	0.1778	0.2104	0.2759	0.3858	0.4766	0.5195	0.4346	0.4088	0.3299	0.3307	0.3280	0.3197	0.2857	0.2566	0.1954	0.1662
0.0000	0.0000	0.0196	0.0151	0.0266	0.0272	0.0358	0.0374	0.0540	0.0456	0.0355	0.0569	0.0655	0.0552	0.0547	0.0631	0.0625	0.0609	0.0749	0.0893	0.0940	0.0783	0.0785	0.0823	0.0861	0.0944	0.0862	0.0952	0.1181	0.1329	0.1098	0.1035	0.1282	0.1354	0.1381	0.1278	0.1230	0.1433	0.1221	0.1282	0.1296	0.1431	0.1549	0.1307	0.1362	0.1542	0.1535	0.1633	0.1755	0.1917	0.1978	0.1943	0.2163	0.2486	0.2814	0.4741	0.5197	0.5001	0.4973	0.4502	0.4102	0.3582	0.3518	0.3271	0.3077	0.3003	0.2932	0.2536	0.2485
0.0169	0.0306	0.0272	0.0147	0.0340	0.0372	0.0356	0.0380	0.0548	0.0480	0.0410	0.0586	0.0598	0.0578	0.0614	0.0785	0.0797	0.0852	0.0748	0.0967	0.1026	0.0939	0.0789	0.0899	0.0988	0.0978	0.1025	0.1138	0.1104	0.1120	0.1219	0.1292	0.1454	0.1466	0.1431	0.1315	0.1209	0.1482	0.1497	0.1470	0.1487	0.1641	0.1580	0.1660	0.1719	0.1836	0.1896	0.1782	0.1983	0.2144	0.2336	0.2360	0.2784	0.3239	0.3526	0.5598	0.5847	0.5376	0.4606	0.4285	0.4532	0.4082	0.3667	0.3465	0.3289	0.2953	0.2791	0.3048	0.3105
0.0078	0.0051	0.0271	0.0240	0.0304	0.0396	0.0345	0.0464	0.0634	0.0510	0.0518	0.0541	0.0605	0.0631	0.0612	0.0835	0.0876	0.0883	0.0794	0.0905	0.0997	0.0868	0.0906	0.1036	0.1144	0.1173	0.1201	0.1278	0.1298	0.1226	0.1325	0.1355	0.1548	0.1769	0.1768	0.1510	0.1535	0.1729	0.1499	0.1462	0.1730	0.1841	0.2062	0.2015	0.2138	0.2262	0.2468	0.2509	0.2521	0.2595	0.2978	0.3600	0.4576	0.5209	0.4458	0.5623	0.6031	0.5332	0.4601	0.4630	0.4381	0.3846	0.3646	0.3587	0.3542	0.3100	0.2855	0.2798	0.2893
0.0032	0.0142	0.0320	0.0338	0.0247	0.0237	0.0473	0.0567	0.0505	0.0376	0.0613	0.0700	0.0685	0.0670	0.0687	0.0795	0.0886	0.0834	0.1056	0.0926	0.0979	0.1118	0.0972	0.1060	0.1202	0.1210	0.1352	0.1428	0.1500	0.1579	0.1609	0.1840	0.1780	0.1929	0.1922	0.1778	0.1925	0.2070	0.2093	0.2163	0.2033	0.2310	0.2528	0.2394	0.2346	0.2565	0.2864	0.3059	0.3143	0.3529	0.3824	0.4350	0.6765	0.7762	0.6042	0.5780	0.6066	0.5235	0.4944	0.4658	0.4273	0.3958	0.3628	0.3836	0.3565	0.3003	0.3036	0.2958	0.2923
0.0047	0.0128	0.0227	0.0387	0.0445	0.0401	0.0493	0.0587	0.0687	0.0661	0.0682	0.0832	0.0692	0.0696	0.0711	0.0794	0.1047	0.1142	0.1096	0.1126	0.1245	0.1364	0.1342	0.1303	0.1318	0.1539	0.1485	0.1660	0.1998	0.2261	0.2081	0.2301	0.2677	0.2414	0.2417	0.2239	0.2409	0.2477	0.2499	0.2721	0.2622	0.2829	0.3123	0.3058	0.2738	0.2996	0.3533	0.3382	0.3760	0.4191	0.4778	0.5349	0.7291	0.7640	0.6917	0.6482	0.5925	0.5271	0.5192	0.4497	0.4232	0.4350	0.4205	0.4186	0.4035	0.3615	0.3379	0.3152	0.2862
0.0167	0.0204	0.0402	0.0308	0.0321	0.0409	0.0518	0.0642	0.0654	0.0668	0.0904	0.0900	0.0855	0.0747	0.0821	0.0969	0.1293	0.1297	0.1222	0.1304	0.1319	0.1365	0.1611	0.1562	0.1725	0.1934	0.2370	0.3224	0.4089	0.4877	0.4501	0.5031	0.5618	0.5140	0.4355	0.3340	0.3580	0.3601	0.3376	0.3441	0.3536	0.4126	0.6358	0.5580	0.3896	0.3659	0.3930	0.4069	0.4476	0.5659	0.7377	0.7798	0.7521	0.6959	0.6468	0.6235	0.5576	0.5214	0.4716	0.4476	0.4122	0.4204	0.4391	0.3980	0.3805	0.3425	0.3139	0.2865	0.2880
0.0101	0.0234	0.0311	0.0364	0.0576	0.0465	0.0629	0.0770	0.0819	0.0847	0.0941	0.0993	0.0984	0.0857	0.1086	0.1230	0.1498	0.1394	0.1521	0.1762	0.1845	0.1993	0.2074	0.2430	0.2839	0.3311	0.4627	0.6458	0.7483	0.8104	0.8047	0.8356	0.8924	0.8318	0.7136	0.5353	0.5810	0.6495	0.5828	0.5095	0.4598	0.5765	0.8063	0.7763	0.6514	0.5599	0.5304	0.5278	0.5739	0.7474	0.7698	0.7412	0.6977	0.6168	0.6051	0.5771	0.5180	0.4622	0.4080	0.4350	0.4057	0.3901	0.3737	0.3707	0.3528	0.3212	0.3045	0.2754	0.2786
0.0061	0.0286	0.0388	0.0581	0.0625	0.0569	0.0703	0.0921	0.1114	0.0938	0.1084	0.1098	0.1455	0.1360	0.1724	0.1804	0.2041	0.2186	0.2425	0.3180	0.3449	0.3378	0.3356	0.4387	0.5224	0.6110	0.7004	0.7219	0.7997	0.7820	0.8261	0.8266	0.9399	0.9760	0.8867	0.7853	0.8606	0.8453	0.8017	0.6445	0.5998	0.6425	0.8393	0.8616	0.8596	0.8746	0.7726	0.6944	0.6556	0.7411	0.7019	0.7198	0.6749	0.5732	0.5292	0.5338	0.4654	0.4112	0.4039	0.4162	0.3861	0.3748	0.3784	0.3486	0.3050	0.3002	0.2914	0.2913	0.2736
0.0207	0.0353	0.0490	0.0643	0.0930	0.0961	0.1042	0.1274	0.1588	0.1660	0.2025	0.2253	0.2440	0.2281	0.2761	0.2881	0.3021	0.3567	0.4135	0.5817	0.6759	0.5847	0.5277	0.6878	0.6764	0.6617	0.6765	0.6727	0.6774	0.7058	0.8241	0.8824	0.9495	0.9800	1.0000	0.8792	0.8934	0.9311	0.9032	0.7856	0.7920	0.7783	0.8421	0.8392	0.8221	0.7822	0.7425	0.7593	0.6853	0.6959	0.6915	0.6826	0.5997	0.5168	0.4854	0.5106	0.4465	0.4151	0.4064	0.4259	0.3955	0.3624	0.3440	0.3262	0.3042	0.2844	0.2896	0.2708	0.2686
0.0420	0.0621	0.0801	0.1260	0.1701	0.2203	0.2696	0.3350	0.3469	0.3522	0.4018	0.4235	0.4441	0.4320	0.4664	0.4600	0.4706	0.5603	0.6607	0.7365	0.7567	0.6828	0.5961	0.6085	0.5948	0.6035	0.6159	0.6358	0.6435	0.6920	0.7630	0.8359	0.8659	0.8619	0.8733	0.8195	0.8061	0.8105	0.8118	0.7669	0.7481	0.7429	0.7525	0.7494	0.7199	0.6648	0.7083	0.6893	0.6800	0.6525	0.6176	0.6069	0.5451	0.5214	0.4422	0.4541	0.4277	0.3970	0.3942	0.3961	0.3837	0.3498	0.3292	0.3393	0.2924	0.2747	0.2769	0.2703	0.2616
0.0824	0.1464	0.2337	0.3233	0.4138	0.5362	0.5535	0.5359	0.5659	0.5480	0.5558	0.6026	0.6074	0.6259	0.6288	0.6500	0.6702	0.7167	0.6821	0.6257	0.6321	0.6131	0.5586	0.5175	0.4714	0.4972	0.5488	0.5457	0.6404	0.7242	0.6931	0.7296	0.7899	0.8649	0.8149	0.7660	0.7279	0.7353	0.7062	0.7071	0.7192	0.6733	0.7034	0.6501	0.6353	0.6379	0.6382	0.6092	0.6032	0.6342	0.6064	0.5608	0.5189	0.5207	0.4550	0.4217	0.3922	0.3719	0.3798	0.3739	0.3736	0.3404	0.3326	0.3139	0.3029	0.2973	0.2899	0.2707	0.2704
0.1877	0.2957	0.4154	0.4224	0.4461	0.4801	0.4799	0.4722	0.5371	0.5195	0.4998	0.5055	0.5417	0.5712	0.5695	0.6310	0.6660	0.6830	0.5900	0.5444	0.5192	0.4869	0.4699	0.4656	0.4682	0.4835	0.5098	0.5291	0.6072	0.6625	0.6765	0.7185	0.7550	0.7957	0.7802	0.7362	0.6730	0.6778	0.6185	0.6312	0.6437	0.6500	0.6310	0.6223	0.6571	0.5953	0.5608	0.5763	0.5843	0.5793	0.5506	0.5094	0.4703	0.4552	0.4439	0.4483	0.4200	0.3838	0.3810	0.3658	0.3576	0.3264	0.3140	0.3152	0.2939	0.2673	0.2688	0.2934	0.2561
0.2112	0.2644	0.2796	0.3134	0.3442	0.3541	0.3534	0.3747	0.4055	0.4231	0.4633	0.4898	0.5260	0.5022	0.4776	0.5245	0.5539	0.6147	0.4837	0.4336	0.4634	0.4335	0.4390	0.4735	0.4633	0.5073	0.5051	0.5215	0.5679	0.5963	0.6904	0.7278	0.7462	0.7204	0.7194	0.6976	0.6681	0.6476	0.6223	0.6183	0.5991	0.5669	0.5881	0.6194	0.5581	0.5230	0.5774	0.5999	0.5491	0.5612	0.5250	0.4749	0.4301	0.4400	0.4163	0.4217	0.4253	0.4009	0.3778	0.3685	0.3633	0.3435	0.3111	0.3168	0.2796	0.2757	0.2692	0.2646	0.2451
0.1754	0.2313	0.2568	0.2652	0.2662	0.2633	0.2861	0.3443	0.3454	0.3861	0.4134	0.4236	0.4116	0.4472	0.4609	0.4675	0.5006	0.4927	0.4461	0.4310	0.4785	0.4868	0.4951	0.4656	0.4875	0.4935	0.4829	0.5112	0.5525	0.5940	0.6220	0.6509	0.6795	0.6732	0.6777	0.6699	0.6203	0.6443	0.5998	0.6173	0.6184	0.5598	0.5614	0.5810	0.5568	0.5406	0.5462	0.5452	0.5082	0.4979	0.5125	0.4865	0.4314	0.4318	0.4163	0.4121	0.4167	0.4004	0.3801	0.3470	0.3506	0.3386	0.3249	0.2992	0.2918	0.2881	0.2684	0.2540	0.2543
0.1787	0.1903	0.2246	0.2616	0.2623	0.2693	0.2878	0.3283	0.3091	0.3041	0.3642	0.3686	0.3572	0.4044	0.4247	0.4355	0.4705	0.4490	0.4205	0.4295	0.4782	0.5047	0.4580	0.4575	0.4629	0.4565	0.4927	0.5286	0.5555	0.5897	0.5777	0.5995	0.6897	0.6811	0.6383	0.6212	0.6115	0.6166	0.6084	0.5487	0.5752	0.5220	0.5211	0.5133	0.5238	0.5331	0.5377	0.5225	0.4854	0.4829	0.4928	0.4822	0.4849	0.4396	0.4279	0.4303	0.4122	0.3989	0.3794	0.3885	0.3458	0.3422	0.3335	0.3150	0.3002	0.3061	0.2761	0.2607	0.2596
0.1776	0.1885	0.2009	0.2547	0.2712	0.3051	0.3065	0.2955	0.2704	0.2702	0.3125	0.3180	0.3506	0.3905	0.3845	0.4101	0.4379	0.4523	0.4555	0.4410	0.4498	0.4878	0.4539	0.4160	0.4821	0.4496	0.5186	0.5344	0.5588	0.5788	0.5916	0.6366	0.6492	0.6647	0.6466	0.5848	0.6021	0.5842	0.5460	0.5300	0.5248	0.5235	0.5234	0.5391	0.5334	0.5376	0.5364	0.4956	0.4661	0.4532	0.4372	0.4495	0.4856	0.4550	0.4139	0.4649	0.4239	0.4055	0.4003	0.3818	0.3538	0.3640	0.3458	0.3073	0.2844	0.2827	0.2498	0.2402	0.2498
0.1762	0.1811	0.2182	0.2433	0.2628	0.2686	0.2904	0.2747	0.2559	0.2743	0.3102	0.3309	0.3644	0.4030	0.3866	0.3971	0.4227	0.4575	0.4584	0.4409	0.4041	0.4334	0.4534	0.4498	0.4471	0.4822	0.4783	0.5192	0.5752	0.5880	0.6000	0.6323	0.6564	0.6500	0.6199	0.6169	0.6312	0.5841	0.5372	0.5359	0.5264	0.5333	0.5179	0.5046	0.5105	0.5037	0.5022	0.4975	0.4834	0.4966	0.4880	0.4430	0.4487	0.4511	0.4554	0.4731	0.4165	0.4192	0.3927	0.3877	0.3862	0.3558	0.3578	0.3113	0.2881	0.2794	0.2539	0.2693	0.2477
0.1901	0.1764	0.2176	0.2579	0.2728	0.2556	0.2876	0.2757	0.2924	0.2770	0.3004	0.3383	0.3659	0.3848	0.4031	0.4003	0.4250	0.4277	0.4330	0.4351	0.4606	0.4294	0.4291	0.4486	0.4424	0.4447	0.4694	0.4851	0.5260	0.5601	0.6018	0.5974	0.6233	0.6017	0.6068	0.5998	0.5855	0.5562	0.5612	0.5539	0.5568	0.5531	0.5089	0.5058	0.5178	0.5139	0.5149	0.5027	0.5241	0.5236	0.5094	0.4670	0.4492	0.4431	0.4928	0.4636	0.4217	0.4274	0.4146	0.3848	0.3780	0.3440	0.3601	0.3280	0.3136	0.3002	0.2723	0.2698	0.2377
0.1680	0.1917	0.2245	0.2464	0.2501	0.2645	0.2660	0.2643	0.2779	0.2726	0.2933	0.3261	0.3801	0.3735	0.4012	0.4372	0.4337	0.4300	0.4572	0.4176	0.4372	0.4610	0.4428	0.4390	0.4552	0.4404	0.4570	0.4496	0.4687	0.5134	0.5351	0.6009	0.5886	0.6121	0.5838	0.5601	0.5542	0.5621	0.5667	0.5427	0.5519	0.5231	0.5201	0.5087	0.5406	0.5334	0.5117	0.4992	0.5006	0.5113	0.5140	0.4887	0.4658	0.4623	0.4561	0.4490	0.4398	0.4282	0.3889	0.4060	0.3626	0.3617	0.3409	0.3185	0.3019	0.2878	0.2777	0.2771	0.2503
0.1717	0.2052	0.2222	0.2464	0.2631	0.2600	0.2672	0.2740	0.2680	0.2757	0.2997	0.3353	0.3688	0.3745	0.4008	0.4216	0.4103	0.4456	0.4464	0.4400	0.4370	0.4548	0.4371	0.4390	0.4491	0.4647	0.4424	0.4512	0.4882	0.5224	0.5297	0.5774	0.5753	0.5686	0.5467	0.5296	0.5364	0.5478	0.5592	0.5243	0.5209	0.5267	0.5345	0.4959	0.5088	0.5025	0.5090	0.5333	0.5219	0.4799	0.5103	0.5018	0.5012	0.4608	0.4252	0.4556	0.4570	0.4087	0.4030	0.4296	0.4066	0.4019	0.3438	0.3064	0.2894	0.2959	0.2862	0.2787	0.2651
0.1777	0.2176	0.2122	0.2293	0.2637	0.2486	0.2781	0.2728	0.2760	0.2713	0.3138	0.3341	0.3302	0.3760	0.3939	0.4501	0.4424	0.4439	0.4728	0.4504	0.4481	0.4291	0.4434	0.4328	0.4758	0.4433	0.4636	0.5102	0.5363	0.5147	0.5277	0.5639	0.5791	0.5569	0.5380	0.5459	0.5546	0.5750	0.5313	0.5295	0.5318	0.5226	0.5290	0.4995	0.5115	0.4720	0.5109	0.5206	0.5329	0.5065	0.5026	0.4702	0.4654	0.4659	0.4459	0.4226	0.4284	0.4074	0.4104	0.3981	0.3885	0.3833	0.3636	0.3415	0.3129	0.3108	0.2854	0.2560	0.2787
0.1769	0.2016	0.2253	0.2280	0.2468	0.2623	0.3025	0.2658	0.2811	0.2888	0.3097	0.3556	0.3574	0.3835	0.3979	0.4191	0.4556	0.4570	0.4515	0.4508	0.4289	0.4344	0.4478	0.4667	0.4626	0.4460	0.4550	0.4958	0.5157	0.5207	0.5411	0.5631	0.6163	0.5787	0.5423	0.5710	0.5749	0.5819	0.5424	0.5495	0.5427	0.5314	0.5217	0.5095	0.5107	0.4779	0.5402	0.5210	0.4987	0.5158	0.5112	0.4612	0.4650	0.4442	0.4508	0.4669	0.4369	0.3964	0.4119	0.3962	0.3933	0.3842	0.3543	0.3437	0.3235	0.3264	0.3005	0.2727	0.2747
0.1407	0.1604	0.2058	0.2176	0.2471	0.2576	0.3024	0.2844	0.2783	0.2954	0.3336	0.3553	0.3537	0.3535	0.3879	0.4136	0.4433	0.4437	0.4333	0.4560	0.4401	0.4549	0.4418	0.4506	0.4594	0.4446	0.4453	0.4725	0.4983	0.5154	0.5184	0.5462	0.5847	0.5823	0.5538	0.5801	0.5814	0.5553	0.5482	0.5550	0.5208	0.5354	0.5014	0.5222	0.5025	0.4728	0.5257	0.5087	0.5240	0.5214	0.5166	0.4864	0.4919	0.4720	0.4296	0.4487	0.4584	0.4400	0.4221	0.4255	0.3966	0.3905	0.3716	0.3388	0.3168	0.3107	0.3047	0.2815	0.2688
0.1446	0.1510	0.1893	0.2113	0.2205	0.2447	0.2822	0.2791	0.2879	0.3107	0.3384	0.3756	0.3635	0.3610	0.3975	0.4176	0.4416	0.4631	0.4464	0.4755	0.4693	0.4732	0.4685	0.4638	0.4934	0.4920	0.4581	0.4854	0.5355	0.5184	0.5055	0.5568	0.5686	0.5805	0.5681	0.5425	0.5513	0.5467	0.5420	0.5398	0.5366	0.5326	0.5392	0.5069	0.5145	0.5140	0.5106	0.5668	0.5086	0.5261	0.5381	0.4932	0.4811	0.5205	0.4801	0.4434	0.4692	0.4685	0.4212	0.4041	0.4006	0.3831	0.3966	0.3582	0.3308	0.3159	0.3243	0.2841	0.2863
0.1458	0.1805	0.2056	0.2321	0.2361	0.2558	0.2741	0.2611	0.2936	0.3116	0.3152	0.3221	0.3578	0.3819	0.3917	0.4238	0.4692	0.4624	0.4608	0.5072	0.4901	0.5039	0.5009	0.5024	0.5263	0.5018	0.5044	0.5120	0.5532	0.5075	0.5145	0.5502	0.5346	0.5644	0.5737	0.5490	0.5667	0.5403	0.5458	0.5259	0.5325	0.5273	0.5177	0.5199	0.5297	0.5057	0.5216	0.5607	0.5413	0.5086	0.5228	0.5147	0.4993	0.5108	0.4940	0.4960	0.4896	0.4574	0.4121	0.4164	0.4113	0.3939	0.4116	0.3659	0.3460	0.3128	0.3244	0.2710	0.2791
0.1466	0.1794	0.2073	0.2272	0.2407	0.2490	0.2504	0.2769	0.3059	0.2863	0.3070	0.3325	0.3668	0.3777	0.3752	0.4472	0.4480	0.4873	0.4710	0.5434	0.5150	0.5042	0.5005	0.4810	0.4849	0.5094	0.5139	0.5447	0.5538	0.5330	0.5625	0.5691	0.5704	0.5712	0.5668	0.5471	0.5293	0.5225	0.5534	0.5391	0.5535	0.5525	0.5240	0.5250	0.5100	0.5116	0.5569	0.5474	0.5398	0.5387	0.5292	0.5113	0.4802	0.4866	0.4846	0.4825	0.4712	0.4581	0.4562	0.4516	0.4301	0.4160	0.4016	0.3840	0.3449	0.3324	0.3436	0.3254	0.3085
0.1530	0.1996	0.2107	0.1950	0.2271	0.2495	0.2457	0.2998	0.2846	0.2797	0.3109	0.3384	0.3853	0.4041	0.3976	0.4239	0.4754	0.5058	0.4926	0.5499	0.5296	0.4931	0.4938	0.5080	0.5390	0.5257	0.5362	0.5545	0.5413	0.5640	0.5808	0.5562	0.5492	0.5441	0.6088	0.5478	0.5267	0.5221	0.5650	0.5286	0.5560	0.5414	0.5535	0.5117	0.5092	0.5285	0.5094	0.5289	0.5028	0.5700	0.5357	0.5201	0.5045	0.5206	0.4864	0.4837	0.4908	0.4587	0.4599	0.4558	0.4442	0.3986	0.4204	0.3956	0.3740	0.3535	0.3367	0.3372	0.3020
0.1439	0.1833	0.1867	0.2146	0.2442	0.2853	0.2865	0.2905	0.2976	0.3066	0.3194	0.3338	0.3783	0.4402	0.4572	0.4543	0.5006	0.5102	0.5203	0.5424	0.5277	0.5171	0.5050	0.5190	0.5406	0.5058	0.5032	0.5368	0.5604	0.5911	0.5674	0.5449	0.5840	0.5876	0.5658	0.5603	0.5351	0.5251	0.5155	0.5012	0.5187	0.5073	0.5251	0.5264	0.5117	0.5282	0.5489	0.5565	0.5521	0.5694	0.5656	0.5476	0.5211	0.5168	0.4962	0.4906	0.5019	0.4747	0.4623	0.4667	0.4520	0.4349	0.4328	0.4140	0.3691	0.3579	0.3513	0.3249	0.3196
0.1621	0.1863	0.2193	0.2466	0.2594	0.2823	0.2858	0.3195	0.3440	0.3415	0.3265	0.3459	0.3864	0.4118	0.4346	0.4632	0.5005	0.5230	0.5566	0.5394	0.5245	0.5584	0.5122	0.5339	0.4854	0.4922	0.5098	0.5395	0.5978	0.6415	0.5724	0.6006	0.6154	0.6235	0.5645	0.5500	0.5689	0.5431	0.5145	0.4829	0.5271	0.5271	0.4900	0.5175	0.5129	0.5203	0.5580	0.5476	0.5699	0.5723	0.5533	0.5383	0.5119	0.5201	0.5157	0.5323	0.5081	0.5081	0.4957	0.4719	0.4439	0.4463	0.4318	0.4135	0.3951	0.3600	0.3607	0.3397	0.3478
0.1731	0.2398	0.2672	0.2784	0.2962	0.3119	0.3260	0.3549	0.3607	0.3970	0.3954	0.4314	0.4797	0.4541	0.4838	0.5061	0.5317	0.5554	0.5533	0.5687	0.5398	0.5629	0.5631	0.5414	0.4935	0.5568	0.5789	0.5644	0.6434	0.6302	0.6370	0.6227	0.6311	0.6504	0.6210	0.5697	0.5849	0.5897	0.5663	0.5327	0.5329	0.5067	0.5251	0.5345	0.5465	0.5482	0.5826	0.5673	0.5923	0.6071	0.5983	0.5726	0.5677	0.5853	0.5494	0.5410	0.5453	0.5543	0.5207	0.4859	0.4809	0.4704	0.4541	0.4397	0.4162	0.3922	0.3968	0.3795	0.3847
0.2087	0.3261	0.3735	0.4078	0.4139	0.4246	0.4451	0.4606	0.4508	0.4834	0.4973	0.5451	0.5591	0.5310	0.5561	0.5756	0.6290	0.6220	0.5793	0.5960	0.5712	0.5836	0.5935	0.5535	0.5902	0.5931	0.6130	0.6163	0.6284	0.6308	0.6490	0.6744	0.6731	0.6977	0.6850	0.6207	0.6096	0.6353	0.6264	0.6113	0.6165	0.6320	0.6328	0.6280	0.5767	0.6139	0.5960	0.6224	0.6458	0.6531	0.6146	0.6096	0.6369	0.6044	0.5690	0.5751	0.5740	0.5429	0.5207	0.5398	0.5177	0.5096	0.4837	0.4438	0.4218	0.3972	0.3860	0.3642	0.3644
0.1290	0.2290	0.3261	0.4516	0.4928	0.5558	0.6035	0.6152	0.6124	0.6258	0.5592	0.6494	0.6219	0.6428	0.6861	0.7330	0.7288	0.7021	0.7166	0.7130	0.6465	0.6662	0.6626	0.6479	0.6303	0.6232	0.6124	0.6128	0.6754	0.6731	0.7028	0.7108	0.7365	0.7560	0.7132	0.7029	0.6868	0.6793	0.7010	0.6923	0.7095	0.7470	0.7632	0.7539	0.7396	0.7369	0.7206	0.6917	0.6992	0.7199	0.6589	0.6582	0.6900	0.6676	0.6408	0.6081	0.5954	0.5609	0.5637	0.5682	0.5418	0.5238	0.4735	0.4643	0.4471	0.4201	0.3938	0.3737	0.3827
0.0530	0.0770	0.1317	0.1871	0.2339	0.2686	0.3352	0.3940	0.4451	0.4512	0.4873	0.5302	0.5323	0.5943	0.6658	0.7025	0.7498	0.7204	0.7450	0.8299	0.7977	0.7559	0.7424	0.7226	0.7102	0.6658	0.6629	0.6510	0.7382	0.7235	0.7809	0.7724	0.7757	0.7910	0.8025	0.8063	0.7791	0.7598	0.7560	0.7208	0.7080	0.6457	0.6822	0.6332	0.6244	0.7589	0.8236	0.7595	0.7353	0.7457	0.6838	0.7194	0.7017	0.7173	0.6902	0.6614	0.6415	0.5925	0.5684	0.5662	0.5406	0.5373	0.5208	0.4776	0.4547	0.4253	0.4150	0.3878	0.3970
0.0200	0.0263	0.0619	0.0659	0.0759	0.1002	0.1016	0.1292	0.1504	0.1653	0.2047	0.2307	0.2560	0.2577	0.3051	0.3173	0.3913	0.3750	0.3685	0.4989	0.6388	0.6488	0.6321	0.6844	0.7124	0.6498	0.6622	0.7356	0.7894	0.7871	0.8153	0.7912	0.8292	0.8658	0.8527	0.8488	0.7607	0.7226	0.6002	0.4906	0.4646	0.4146	0.4122	0.4216	0.5126	0.7927	0.8933	0.8223	0.7851	0.7598	0.7913	0.7972	0.7839	0.7768	0.7145	0.7151	0.6976	0.6178	0.5703	0.5681	0.5582	0.5140	0.5106	0.4797	0.4723	0.4402	0.4271	0.3878	0.3679
0.0163	0.0348	0.0402	0.0364	0.0570	0.0598	0.0694	0.0731	0.0789	0.0909	0.1058	0.1000	0.1107	0.1123	0.1272	0.1399	0.1603	0.1764	0.1996	0.1974	0.2410	0.2708	0.2881	0.3573	0.4273	0.3981	0.4153	0.5150	0.6300	0.6535	0.6708	0.6869	0.7155	0.7189	0.6817	0.5715	0.4635	0.3935	0.3393	0.3041	0.3387	0.3446	0.3500	0.3806	0.4573	0.7165	0.8943	0.8370	0.7737	0.7924	0.7472	0.6625	0.7007	0.6105	0.5115	0.6722	0.7557	0.6776	0.6418	0.5821	0.5532	0.5239	0.5079	0.4765	0.4559	0.4546	0.4518	0.4072	0.3687
0.0163	0.0241	0.0305	0.0349	0.0427	0.0553	0.0664	0.0731	0.0729	0.0669	0.0735	0.0728	0.0687	0.0737	0.0886	0.1007	0.1228	0.1205	0.1152	0.1259	0.1266	0.1337	0.1560	0.1711	0.1813	0.1898	0.1808	0.2086	0.2534	0.2648	0.2925	0.3139	0.3139	0.3019	0.3012	0.2489	0.2280	0.2283	0.2429	0.2275	0.2398	0.2601	0.2660	0.2788	0.3069	0.4308	0.6156	0.6185	0.4790	0.5133	0.4360	0.3471	0.3623	0.3400	0.3616	0.5628	0.7662	0.6933	0.6157	0.6110	0.5617	0.5407	0.5418	0.4780	0.4505	0.4642	0.4511	0.3982	0.3744
0.0147	0.0119	0.0330	0.0418	0.0557	0.0557	0.0558	0.0650	0.0472	0.0626	0.0690	0.0655	0.0805	0.0713	0.0793	0.0748	0.0904	0.0853	0.0929	0.1007	0.0979	0.0958	0.1016	0.1325	0.1326	0.1272	0.1298	0.1362	0.1614	0.1573	0.1531	0.1730	0.1750	0.1820	0.1833	0.1809	0.1938	0.1991	0.1904	0.1936	0.1825	0.1941	0.2053	0.2035	0.2139	0.2294	0.2635	0.2844	0.2621	0.2750	0.2827	0.2602	0.2881	0.3073	0.3535	0.5275	0.7195	0.6945	0.6377	0.6100	0.5619	0.5525	0.5511	0.5212	0.4882	0.4729	0.4477	0.4062	0.3900
0.0103	0.0149	0.0318	0.0212	0.0427	0.0479	0.0463	0.0505	0.0576	0.0544	0.0583	0.0606	0.0634	0.0652	0.0700	0.0683	0.0764	0.0816	0.0863	0.0865	0.0879	0.0805	0.0861	0.0964	0.1026	0.1030	0.1001	0.1094	0.1234	0.1193	0.1245	0.1333	0.1239	0.1253	0.1399	0.1372	0.1430	0.1473	0.1476	0.1444	0.1395	0.1452	0.1536	0.1750	0.1825	0.1903	0.1992	0.2126	0.2153	0.2246	0.2336	0.2401	0.2672	0.2775	0.3161	0.4910	0.7343	0.6903	0.6343	0.6532	0.6261	0.6018	0.5745	0.5391	0.5203	0.4763	0.4157	0.3926	0.3982
0.0091	0.0131	0.0238	0.0269	0.0235	0.0409	0.0470	0.0480	0.0469	0.0499	0.0510	0.0483	0.0545	0.0511	0.0602	0.0736	0.0828	0.0776	0.0751	0.0804	0.0773	0.0729	0.0784	0.0833	0.0879	0.0919	0.0880	0.1006	0.1072	0.0928	0.0968	0.0997	0.0961	0.0900	0.1064	0.0978	0.1051	0.1059	0.1023	0.1089	0.1204	0.1205	0.1244	0.1473	0.1581	0.1577	0.1738	0.1930	0.1968	0.2046	0.2207	0.2252	0.2527	0.2641	0.2986	0.4475	0.7257	0.7097	0.6422	0.6386	0.5975	0.5369	0.5298	0.5063	0.4991	0.4601	0.4200	0.4070	0.4035
0.0000	0.0038	0.0189	0.0387	0.0333	0.0267	0.0381	0.0457	0.0460	0.0382	0.0513	0.0505	0.0580	0.0541	0.0529	0.0541	0.0774	0.0710	0.0566	0.0611	0.0688	0.0727	0.0715	0.0656	0.0741	0.0760	0.0716	0.0861	0.0946	0.0879	0.0868	0.0828	0.0818	0.0862	0.0906	0.0890	0.0952	0.0857	0.0850	0.0835	0.0888	0.0950	0.0925	0.1007	0.1084	0.1212	0.1374	0.1462	0.1581	0.1689	0.1876	0.1981	0.2189	0.2397	0.2776	0.3791	0.6683	0.7951	0.6891	0.6845	0.6396	0.6022	0.5699	0.5093	0.4620	0.4426	0.4348	0.4376	0.3908
0.0000	0.0050	0.0148	0.0242	0.0228	0.0226	0.0332	0.0418	0.0326	0.0345	0.0433	0.0474	0.0513	0.0524	0.0547	0.0549	0.0626	0.0615	0.0545	0.0520	0.0578	0.0642	0.0597	0.0592	0.0651	0.0594	0.0612	0.0717	0.0741	0.0717	0.0686	0.0688	0.0721	0.0723	0.0723	0.0756	0.0793	0.0749	0.0727	0.0693	0.0757	0.0785	0.0778	0.0764	0.0832	0.0920	0.0962	0.0925	0.1037	0.1084	0.1143	0.1279	0.1326	0.1583	0.1798	0.2349	0.3913	0.6958	0.6658	0.6500	0.5763	0.5653	0.5806	0.4447	0.3701	0.4526	0.4398	0.4209	0.3327
0.0000	0.0016	0.0151	0.0180	0.0116	0.0169	0.0156	0.0335	0.0231	0.0359	0.0380	0.0365	0.0374	0.0425	0.0487	0.0543	0.0611	0.0529	0.0500	0.0531	0.0589	0.0663	0.0573	0.0582	0.0724	0.0583	0.0628	0.0646	0.0641	0.0633	0.0663	0.0666	0.0725	0.0615	0.0643	0.0650	0.0615	0.0689	0.0733	0.0627	0.0633	0.0731	0.0778	0.0679	0.0782	0.0800	0.0825	0.0774	0.0755	0.0858	0.0854	0.0819	0.0854	0.0911	0.1001	0.1200	0.1407	0.2173	0.2536	0.2656	0.2261	0.2485	0.3370	0.2808	0.2343	0.3541	0.4247	0.3364	0.2251
0.0000	0.0061	0.0137	0.0107	0.0013	0.0125	0.0263	0.0345	0.0305	0.0271	0.0299	0.0266	0.0344	0.0402	0.0419	0.0405	0.0472	0.0459	0.0451	0.0576	0.0597	0.0520	0.0517	0.0666	0.0667	0.0624	0.0614	0.0632	0.0562	0.0639	0.0508	0.0628	0.0642	0.0562	0.0626	0.0574	0.0581	0.0603	0.0612	0.0586	0.0622	0.0726	0.0673	0.0708	0.0635	0.0658	0.0678	0.0668	0.0729	0.0810	0.0752	0.0778	0.0728	0.0805	0.0884	0.0889	0.0905	0.0940	0.1037	0.1027	0.1146	0.1027	0.1137	0.1253	0.1237	0.1767	0.2577	0.1889	0.1548
0.0000	0.0000	0.0000	0.0088	0.0196	0.0235	0.0202	0.0238	0.0230	0.0224	0.0255	0.0263	0.0353	0.0378	0.0310	0.0366	0.0430	0.0393	0.0479	0.0522	0.0539	0.0473	0.0422	0.0438	0.0535	0.0532	0.0567	0.0597	0.0562	0.0513	0.0455	0.0537	0.0519	0.0574	0.0541	0.0534	0.0577	0.0554	0.0527	0.0525	0.0595	0.0606	0.0613	0.0604	0.0575	0.0634	0.0625	0.0642	0.0663	0.0658	0.0634	0.0712	0.0651	0.0680	0.0757	0.0652	0.0788	0.0817	0.0835	0.0805	0.0868	0.0868	0.0919	0.0894	0.0880	0.0999	0.0984	0.1063	0.1199
0.0000	0.0007	0.0042	0.0060	0.0065	0.0107	0.0149	0.0254	0.0201	0.0225	0.0196	0.0276	0.0246	0.0267	0.0241	0.0315	0.0305	0.0326	0.0369	0.0383	0.0456	0.0520	0.0463	0.0405	0.0430	0.0419	0.0457	0.0530	0.0535	0.0537	0.0553	0.0540	0.0502	0.0495	0.0435	0.0441	0.0503	0.0461	0.0522	0.0582	0.0550	0.0580	0.0624	0.0527	0.0548	0.0550	0.0639	0.0593	0.0611	0.0566	0.0528	0.0563	0.0589	0.0647	0.0697	0.0715	0.0693	0.0742	0.0745	0.0753	0.0780	0.0706	0.0735	0.0763	0.0749	0.0708	0.0743	0.0724	0.0801
0.0000	0.0000	0.0000	0.0000	0.0000	0.0000	0.0093	0.0218	0.0116	0.0134	0.0073	0.0188	0.0213	0.0247	0.0244	0.0252	0.0278	0.0289	0.0310	0.0369	0.0385	0.0421	0.0285	0.0324	0.0401	0.0465	0.0476	0.0425	0.0560	0.0538	0.0407	0.0437	0.0510	0.0461	0.0475	0.0433	0.0405	0.0443	0.0486	0.0450	0.0451	0.0472	0.0570	0.0504	0.0532	0.0545	0.0584	0.0525	0.0532	0.0492	0.0531	0.0605	0.0591	0.0601	0.0643	0.0672	0.0659	0.0694	0.0663	0.0668	0.0635	0.0578	0.0696	0.0703	0.0719	0.0767	0.0784	0.0731	0.0714
0.0000	0.0000	0.0000	0.0000	0.0000	0.0004	0.0030	0.0169	0.0066	0.0070	0.0091	0.0268	0.0218	0.0207	0.0180	0.0311	0.0320	0.0243	0.0280	0.0375	0.0419	0.0395	0.0243	0.0225	0.0347	0.0328	0.0384	0.0481	0.0520	0.0483	0.0439	0.0386	0.0451	0.0470	0.0428	0.0386	0.0438	0.0484	0.0464	0.0378	0.0517	0.0505	0.0532	0.0460	0.0436	0.0464	0.0522	0.0492	0.0531	0.0589	0.0552	0.0579	0.0524	0.0605	0.0726	0.0695	0.0602	0.0650	0.0597	0.0646	0.0565	0.0567	0.0679	0.0634	0.0545	0.0563	0.0539	0.0670	0.0573
0.0000	0.0000	0.0000	0.0066	0.0000	0.0000	0.0050	0.0033	0.0007	0.0121	0.0164	0.0114	0.0215	0.0208	0.0213	0.0320	0.0340	0.0237	0.0280	0.0303	0.0323	0.0304	0.0335	0.0349	0.0339	0.0327	0.0336	0.0407	0.0492	0.0435	0.0329	0.0384	0.0426	0.0454	0.0357	0.0395	0.0442	0.0432	0.0434	0.0426	0.0456	0.0448	0.0426	0.0356	0.0372	0.0479	0.0478	0.0466	0.0517	0.0566	0.0504	0.0513	0.0533	0.0509	0.0553	0.0577	0.0568	0.0508	0.0551	0.0578	0.0515	0.0498	0.0589	0.0623	0.0497	0.0421	0.0450	0.0492	0.0393
0.0000	0.0000	0.0000	0.0007	0.0092	0.0000	0.0022	0.0068	0.0138	0.0113	0.0112	0.0203	0.0190	0.0139	0.0174	0.0167	0.0294	0.0195	0.0201	0.0285	0.0209	0.0227	0.0330	0.0298	0.0315	0.0338	0.0345	0.0368	0.0387	0.0363	0.0409	0.0376	0.0406	0.0420	0.0384	0.0432	0.0375	0.0368	0.0400	0.0432	0.0436	0.0424	0.0507	0.0418	0.0410	0.0487	0.0459	0.0463	0.0455	0.0469	0.0482	0.0462	0.0479	0.0446	0.0509	0.0555	0.0488	0.0473	0.0516	0.0504	0.0462	0.0509	0.0426	0.0496	0.0438	0.0407	0.0442	0.0446	0.0457
0.0000	0.0000	0.0000	0.0000	0.0047	0.0000	0.0000	0.0039	0.0080	0.0050	0.0188	0.0139	0.0135	0.0093	0.0168	0.0122	0.0176	0.0171	0.0222	0.0211	0.0146	0.0248	0.0227	0.0251	0.0385	0.0410	0.0286	0.0383	0.0439	0.0446	0.0449	0.0407	0.0428	0.0323	0.0388	0.0339	0.0346	0.0415	0.0479	0.0387	0.0371	0.0419	0.0424	0.0443	0.0498	0.0386	0.0428	0.0467	0.0423	0.0399	0.0426	0.0435	0.0512	0.0453	0.0506	0.0530	0.0458	0.0559	0.0536	0.0592	0.0697	0.0550	0.0510	0.0709	0.0584	0.0502	0.0567	0.0498	0.0447
