0.0000	0.0000	0.0000	0.0007	0.0000	0.0000	0.0035	0.0128	0.0140	0.0077	0.0123	0.0277	0.0248	0.0304	0.0250	0.0414	0.0413	0.0223	0.0164	0.0323	0.0538	0.0450	0.0384	0.0513	0.0763	0.0668	0.0732	0.0785	0.0921	0.0949	0.0746	0.0732	0.0717	0.0895	0.0983	0.0908	0.0865	0.0859	0.0947	0.0821	0.0700	0.0807	0.0799	0.0805	0.0711	0.0861	0.0828	0.0724	0.0769	0.0963	0.0906	0.0715	0.0612	0.0697	0.0694	0.0649	0.0557	0.0520	0.0623	0.0451	0.0517	0.0633	0.0511	0.0408	0.0510	0.0477	0.0348	0.0436	0.0417
0.0000	0.0000	0.0000	0.0107	0.0000	0.0041	0.0045	0.0131	0.0196	0.0092	0.0189	0.0197	0.0334	0.0242	0.0248	0.0362	0.0322	0.0472	0.0429	0.0328	0.0580	0.0409	0.0405	0.0591	0.0852	0.0860	0.0702	0.0759	0.0889	0.0929	0.0892	0.0896	0.0871	0.1013	0.1079	0.0941	0.1150	0.1120	0.1116	0.1109	0.0897	0.0978	0.0953	0.0880	0.0830	0.0895	0.0911	0.0909	0.0880	0.0934	0.1024	0.0811	0.0553	0.0733	0.0787	0.0788	0.0708	0.0710	0.0604	0.0759	0.0615	0.0720	0.0537	0.0624	0.0588	0.0525	0.0553	0.0504	0.0576
0.0000	0.0000	0.0003	0.0149	0.0000	0.0000	0.0023	0.0196	0.0106	0.0102	0.0198	0.0263	0.0451	0.0445	0.0275	0.0406	0.0338	0.0538	0.0584	0.0469	0.0522	0.0507	0.0641	0.0756	0.0884	0.1004	0.0766	0.0680	0.0866	0.0913	0.0914	0.0966	0.0889	0.1136	0.1058	0.0974	0.1218	0.1125	0.1265	0.0998	0.0912	0.0939	0.0989	0.0943	0.0828	0.0758	0.0795	0.0870	0.0871	0.0928	0.1127	0.0899	0.0790	0.0882	0.0889	0.0826	0.0906	0.0863	0.0794	0.0894	0.0848	0.0771	0.0791	0.0709	0.0713	0.0584	0.0642	0.0659	0.0653
0.0000	0.0000	0.0029	0.0029	0.0000	0.0000	0.0042	0.0157	0.0126	0.0212	0.0226	0.0352	0.0511	0.0345	0.0377	0.0467	0.0500	0.0448	0.0567	0.0621	0.0776	0.0775	0.0570	0.0618	0.0732	0.0882	0.0813	0.0826	0.0843	0.1004	0.0934	0.0891	0.1052	0.1087	0.1299	0.1332	0.1169	0.1063	0.1148	0.1029	0.1107	0.0954	0.1102	0.1055	0.0887	0.0840	0.1010	0.0745	0.0793	0.0938	0.1055	0.0923	0.0785	0.0842	0.0906	0.0896	0.0859	0.0829	0.0941	0.0815	0.0912	0.0927	0.0983	0.0794	0.0797	0.0865	0.0781	0.0703	0.0922
0.0000	0.0000	0.0233	0.0195	0.0016	0.0159	0.0142	0.0221	0.0142	0.0210	0.0354	0.0272	0.0345	0.0430	0.0558	0.0514	0.0459	0.0464	0.0423	0.0517	0.0643	0.0492	0.0455	0.0589	0.0765	0.0772	0.0837	0.0781	0.0831	0.0813	0.1034	0.0806	0.1148	0.1126	0.1255	0.1170	0.1156	0.1039	0.1124	0.1218	0.1062	0.1070	0.0977	0.0904	0.0886	0.1106	0.0996	0.0864	0.0893	0.0938	0.1012	0.1013	0.0878	0.1102	0.0992	0.0976	0.0958	0.0822	0.0886	0.0989	0.0917	0.0915	0.1109	0.0962	0.0950	0.0964	0.0895	0.0714	0.0855
0.0000	0.0030	0.0186	0.0072	0.0000	0.0124	0.0220	0.0218	0.0299	0.0338	0.0321	0.0176	0.0364	0.0492	0.0461	0.0622	0.0477	0.0568	0.0443	0.0680	0.0590	0.0638	0.0622	0.0619	0.0862	0.0837	0.0906	0.0944	0.0993	0.0941	0.1074	0.1023	0.1166	0.1359	0.1160	0.1324	0.1205	0.1115	0.1130	0.1168	0.1180	0.1165	0.0944	0.0943	0.1083	0.1033	0.0984	0.1058	0.1121	0.0955	0.1039	0.1097	0.0996	0.1134	0.1163	0.1290	0.1123	0.0944	0.1012	0.1204	0.1028	0.1030	0.1238	0.1146	0.1208	0.1016	0.1002	0.1039	0.0888
0.0000	0.0007	0.0130	0.0047	0.0043	0.0184	0.0302	0.0256	0.0375	0.0357	0.0379	0.0375	0.0518	0.0350	0.0381	0.0628	0.0591	0.0725	0.0605	0.0532	0.0628	0.0752	0.0644	0.0635	0.1116	0.1119	0.1011	0.1113	0.1252	0.1160	0.1121	0.1186	0.1436	0.1343	0.1398	0.1363	0.1100	0.1133	0.1248	0.1141	0.1113	0.1193	0.1236	0.1153	0.0980	0.1091	0.1017	0.1335	0.1323	0.1078	0.1265	0.1341	0.1263	0.1379	0.1415	0.1403	0.1185	0.1108	0.1282	0.1278	0.1215	0.1087	0.1272	0.1372	0.1340	0.1309	0.1091	0.1231	0.1276
0.0010	0.0199	0.0125	0.0116	0.0189	0.0242	0.0254	0.0324	0.0445	0.0355	0.0298	0.0558	0.0547	0.0434	0.0644	0.0621	0.0539	0.0694	0.0808	0.0645	0.0859	0.0840	0.0709	0.0843	0.0964	0.1004	0.1115	0.1125	0.1323	0.1313	0.1008	0.1018	0.1339	0.1301	0.1444	0.1272	0.1256	0.1341	0.1363	0.1373	0.1279	0.1276	0.1295	0.1231	0.1081	0.1305	0.1247	0.1402	0.1389	0.1343	0.1208	0.1428	0.1259	0.1310	0.1454	0.1486	0.1332	0.1191	0.1315	0.1445	0.1399	0.1472	0.1427	0.1731	0.2009	0.2090	0.1769	0.1767	0.2120
0.0000	0.0000	0.0185	0.0404	0.0308	0.0261	0.0384	0.0439	0.0566	0.0508	0.0282	0.0447	0.0688	0.0630	0.0705	0.0665	0.0647	0.0779	0.0828	0.1017	0.0965	0.1017	0.0867	0.0976	0.1048	0.1019	0.0959	0.1216	0.1347	0.1257	0.1299	0.1131	0.1420	0.1339	0.1682	0.1760	0.1653	0.1551	0.1428	0.1486	0.1485	0.1476	0.1545	0.1390	0.1432	0.1604	0.1519	0.1514	0.1546	0.1576	0.1587	0.1594	0.1634	0.1665	0.1613	0.1833	0.1593	0.1457	0.1667	0.1761	0.1727	0.1874	0.2059	0.2557	0.3695	0.3677	0.3027	0.3501	0.3297
0.0037	0.0065	0.0219	0.0266	0.0298	0.0350	0.0466	0.0396	0.0470	0.0648	0.0590	0.0535	0.0597	0.0622	0.0611	0.0689	0.0869	0.0998	0.0793	0.0959	0.0976	0.0958	0.0856	0.1026	0.1142	0.1218	0.1145	0.1350	0.1449	0.1274	0.1337	0.1345	0.1623	0.1595	0.1741	0.1797	0.1673	0.1853	0.1591	0.1610	0.1606	0.1568	0.1642	0.1554	0.1473	0.1532	0.1652	0.1781	0.1813	0.1889	0.1672	0.1793	0.1924	0.1825	0.1922	0.2144	0.2173	0.2205	0.2112	0.2158	0.2379	0.2606	0.2816	0.3626	0.4402	0.4078	0.4034	0.3971	0.3786
0.0066	0.0124	0.0266	0.0225	0.0152	0.0438	0.0571	0.0561	0.0552	0.0544	0.0625	0.0727	0.0580	0.0638	0.0702	0.0863	0.0832	0.1000	0.1037	0.0897	0.1140	0.0969	0.1088	0.1196	0.1264	0.1494	0.1566	0.1631	0.1520	0.1529	0.1645	0.1763	0.1739	0.2050	0.2133	0.2086	0.2251	0.2127	0.1866	0.1896	0.1763	0.1824	0.1912	0.1848	0.1829	0.1740	0.1916	0.2102	0.2009	0.2121	0.2156	0.2299	0.2091	0.2211	0.2329	0.2440	0.2534	0.2551	0.2503	0.2705	0.2635	0.2583	0.2910	0.4159	0.4645	0.4078	0.3792	0.3650	0.3463
0.0097	0.0164	0.0273	0.0349	0.0213	0.0445	0.0567	0.0578	0.0605	0.0480	0.0650	0.0858	0.0750	0.0918	0.0793	0.0910	0.0985	0.1031	0.1122	0.0940	0.1019	0.1201	0.1323	0.1419	0.1478	0.1657	0.1719	0.1801	0.1886	0.2103	0.1984	0.2222	0.2329	0.2553	0.2661	0.3542	0.4566	0.2941	0.2197	0.2154	0.2210	0.2133	0.2416	0.2195	0.2181	0.2252	0.2396	0.2296	0.2213	0.2663	0.2594	0.2565	0.2756	0.2881	0.2712	0.2873	0.2986	0.2990	0.2908	0.2913	0.3015	0.2961	0.3324	0.4676	0.4702	0.4088	0.3540	0.3862	0.3674
0.0259	0.0222	0.0211	0.0444	0.0384	0.0379	0.0442	0.0600	0.0562	0.0703	0.0929	0.0877	0.0991	0.0869	0.0816	0.0886	0.0961	0.1176	0.1070	0.1111	0.1241	0.1371	0.1564	0.1546	0.1854	0.2106	0.2212	0.2922	0.3590	0.3653	0.3367	0.3304	0.3457	0.3751	0.4172	0.6143	0.7901	0.5070	0.3401	0.2857	0.2696	0.2861	0.2802	0.2578	0.2618	0.2621	0.2713	0.2704	0.2894	0.3034	0.2955	0.2942	0.3101	0.3406	0.3317	0.3471	0.3592	0.3399	0.3388	0.3111	0.3016	0.3324	0.3707	0.5082	0.5069	0.4590	0.4315	0.4088	0.3641
0.0154	0.0125	0.0249	0.0345	0.0448	0.0389	0.0468	0.0569	0.0741	0.0663	0.0905	0.0911	0.0928	0.0931	0.0988	0.1033	0.1096	0.1276	0.1316	0.1558	0.1486	0.1606	0.2179	0.2331	0.2793	0.3797	0.5258	0.6814	0.7398	0.7513	0.7599	0.7209	0.7184	0.6617	0.7538	0.8351	0.9034	0.7924	0.7149	0.5696	0.4602	0.4282	0.3993	0.3114	0.2926	0.3004	0.2969	0.3035	0.3305	0.3276	0.3556	0.3561	0.3394	0.3555	0.3759	0.4412	0.4067	0.3525	0.3265	0.3498	0.3323	0.3383	0.3754	0.5033	0.4966	0.4624	0.4341	0.3664	0.3560
0.0196	0.0178	0.0323	0.0561	0.0505	0.0496	0.0562	0.0759	0.1014	0.0824	0.1014	0.1037	0.1143	0.1015	0.1222	0.1154	0.1485	0.1648	0.1756	0.1926	0.2130	0.2502	0.3217	0.3915	0.5065	0.6859	0.7662	0.8279	0.8350	0.8834	0.8913	0.9378	1.0000	0.9282	0.8672	0.8827	0.9001	0.8920	0.8983	0.8287	0.8186	0.7952	0.6719	0.4182	0.3278	0.3457	0.3435	0.3612	0.3956	0.3887	0.3961	0.3834	0.3790	0.3831	0.4642	0.6157	0.5759	0.4084	0.3601	0.3756	0.3750	0.3599	0.4070	0.5191	0.5035	0.4324	0.4022	0.3670	0.3700
0.0264	0.0405	0.0455	0.0550	0.0653	0.0550	0.0765	0.0899	0.1052	0.1008	0.1379	0.1653	0.1642	0.1731	0.2047	0.2158	0.2495	0.2628	0.2518	0.2837	0.3153	0.3555	0.4426	0.6004	0.6911	0.7333	0.7102	0.6960	0.7492	0.7683	0.8134	0.8667	0.8966	0.9022	0.8524	0.8864	0.8858	0.8434	0.8270	0.8020	0.8593	0.8484	0.8701	0.6494	0.4762	0.5124	0.4868	0.4473	0.4857	0.6311	0.6372	0.5783	0.4941	0.5721	0.6308	0.7147	0.6892	0.5900	0.5388	0.4810	0.3993	0.3583	0.4481	0.5510	0.4850	0.4412	0.4206	0.4006	0.3458
0.0310	0.0490	0.0450	0.0578	0.0767	0.0969	0.1239	0.1390	0.1476	0.2057	0.2640	0.3150	0.3695	0.3864	0.4435	0.4757	0.4265	0.4105	0.4059	0.4363	0.4736	0.5306	0.6490	0.6823	0.6925	0.6123	0.6212	0.6124	0.6316	0.6699	0.7541	0.8140	0.8767	0.8511	0.9153	0.8236	0.8599	0.8707	0.8177	0.7838	0.8281	0.8499	0.9239	0.9163	0.8518	0.8059	0.8175	0.7284	0.6415	0.8224	0.8550	0.8297	0.7209	0.8336	0.7801	0.7054	0.6788	0.6345	0.6271	0.6252	0.4804	0.4197	0.4956	0.5456	0.4995	0.4253	0.4237	0.3907	0.3479
0.0410	0.0657	0.1027	0.1427	0.1586	0.2224	0.2900	0.3633	0.4063	0.4091	0.4920	0.5773	0.5897	0.6285	0.6643	0.7066	0.7003	0.6818	0.6469	0.6722	0.6925	0.7310	0.6671	0.6264	0.5990	0.5214	0.5278	0.5497	0.5681	0.6022	0.6943	0.7453	0.7768	0.8089	0.8347	0.8210	0.8203	0.8068	0.8011	0.8261	0.8108	0.7793	0.8542	0.8758	0.8733	0.7982	0.8402	0.8418	0.8228	0.8164	0.8232	0.8396	0.8243	0.8218	0.7426	0.6758	0.6498	0.6171	0.6526	0.5968	0.5538	0.5610	0.5544	0.5537	0.4708	0.3934	0.3957	0.3768	0.3361
0.0913	0.1507	0.2509	0.3700	0.4190	0.4869	0.5454	0.5631	0.5842	0.5387	0.5217	0.5917	0.6172	0.6344	0.6515	0.7314	0.7674	0.7489	0.7109	0.7173	0.6868	0.6563	0.5829	0.5565	0.5149	0.4788	0.5224	0.5361	0.5704	0.6506	0.6424	0.6512	0.7285	0.7809	0.7848	0.7729	0.7554	0.7772	0.7732	0.7541	0.7071	0.7122	0.7838	0.7627	0.7591	0.7639	0.7402	0.7211	0.7447	0.7807	0.7788	0.7512	0.7318	0.8025	0.7310	0.6328	0.6004	0.5675	0.5575	0.5813	0.6011	0.5607	0.5140	0.4586	0.4173	0.3850	0.3762	0.3489	0.3606
0.2016	0.3084	0.3653	0.4315	0.4641	0.4777	0.4702	0.4582	0.4783	0.4638	0.4614	0.5218	0.5771	0.5523	0.6005	0.6489	0.6281	0.6813	0.6392	0.5900	0.5785	0.5651	0.5284	0.5107	0.5300	0.5126	0.5569	0.5631	0.5722	0.6199	0.6542	0.6363	0.7018	0.7434	0.7464	0.7622	0.7405	0.7617	0.6624	0.6736	0.6444	0.6620	0.7020	0.6644	0.7113	0.6807	0.6685	0.6949	0.7012	0.6906	0.6881	0.6520	0.6533	0.6731	0.6954	0.6343	0.5670	0.5565	0.5367	0.5170	0.5140	0.5126	0.4863	0.4757	0.4489	0.3998	0.3623	0.3749	0.3304
0.2043	0.2883	0.2770	0.3072	0.3064	0.3403	0.3521	0.3586	0.3840	0.4187	0.4437	0.4538	0.5368	0.5380	0.4997	0.5224	0.5569	0.5809	0.5204	0.4837	0.4904	0.4584	0.4665	0.4932	0.4960	0.5552	0.5086	0.5296	0.5815	0.5865	0.6813	0.6615	0.6947	0.7213	0.7440	0.7632	0.7518	0.7384	0.6675	0.6823	0.6384	0.6106	0.6749	0.6767	0.6287	0.6343	0.6523	0.6449	0.6410	0.6228	0.6307	0.6396	0.5912	0.6159	0.5971	0.5671	0.5244	0.5354	0.5216	0.5211	0.4636	0.4733	0.4503	0.4328	0.4253	0.4002	0.3738	0.3703	0.3172
0.1849	0.2489	0.2835	0.2611	0.2421	0.2625	0.2997	0.3322	0.3701	0.3661	0.4134	0.4001	0.4372	0.4934	0.4354	0.4654	0.5269	0.5226	0.4677	0.4639	0.4620	0.4618	0.4831	0.4694	0.5124	0.5345	0.5363	0.5400	0.5764	0.6039	0.6298	0.6830	0.7005	0.6481	0.7009	0.7177	0.7120	0.7482	0.6756	0.6632	0.6876	0.6608	0.6360	0.7025	0.6540	0.6041	0.5949	0.5988	0.5576	0.5757	0.6363	0.5882	0.5257	0.5553	0.5331	0.5208	0.4979	0.5044	0.5078	0.5033	0.4743	0.4402	0.4002	0.3936	0.3674	0.3697	0.3368	0.3214	0.2837
0.1864	0.2119	0.2641	0.2509	0.2559	0.2537	0.3053	0.3171	0.3221	0.3088	0.3776	0.3867	0.3934	0.4273	0.4354	0.4605	0.4700	0.4826	0.4607	0.4549	0.4786	0.4948	0.4806	0.5082	0.5141	0.5115	0.5559	0.5863	0.5854	0.6194	0.6279	0.6646	0.7065	0.6858	0.6553	0.6886	0.7040	0.6973	0.6769	0.6498	0.6463	0.6248	0.6497	0.6342	0.6098	0.6198	0.5902	0.5748	0.5479	0.5459	0.5689	0.5474	0.5810	0.5488	0.5133	0.4913	0.4877	0.4661	0.4743	0.4783	0.4376	0.4064	0.4129	0.4214	0.3522	0.3521	0.3296	0.2970	0.2933
0.1759	0.2108	0.2377	0.2651	0.2654	0.2554	0.3031	0.3196	0.2995	0.2864	0.2962	0.3544	0.3863	0.4069	0.4331	0.4340	0.4558	0.4663	0.4913	0.4709	0.5086	0.4792	0.4575	0.4715	0.5632	0.5020	0.5399	0.5753	0.6008	0.6155	0.6143	0.6477	0.6499	0.7036	0.6754	0.6244	0.6610	0.6590	0.6303	0.6258	0.6439	0.6213	0.6367	0.6267	0.5722	0.5942	0.6119	0.5800	0.5318	0.5534	0.5361	0.5154	0.5548	0.5429	0.5031	0.5155	0.4811	0.4821	0.4668	0.4346	0.4084	0.4202	0.4095	0.3921	0.3386	0.3380	0.3189	0.3048	0.3143
0.1778	0.2250	0.2282	0.2465	0.2731	0.2716	0.2952	0.3035	0.2890	0.3148	0.3200	0.3442	0.3988	0.3921	0.4250	0.4274	0.4359	0.4824	0.4539	0.4648	0.5068	0.4696	0.4679	0.5256	0.5209	0.5425	0.5550	0.5573	0.6102	0.6245	0.6188	0.6422	0.6809	0.6828	0.6541	0.6568	0.6445	0.6231	0.6199	0.6436	0.6346	0.6409	0.5981	0.5827	0.5628	0.5655	0.5751	0.5948	0.5527	0.5502	0.5379	0.5073	0.5216	0.5034	0.5080	0.5043	0.4749	0.4514	0.4435	0.4768	0.4451	0.4531	0.4222	0.3808	0.3558	0.3436	0.3076	0.3137	0.2907
0.1954	0.2248	0.2366	0.2732	0.2828	0.2759	0.2929	0.3145	0.2984	0.2927	0.3480	0.3650	0.4078	0.4003	0.4409	0.4556	0.4917	0.4756	0.4473	0.4503	0.5103	0.4991	0.4755	0.4790	0.4814	0.5334	0.5500	0.5770	0.5765	0.6214	0.6692	0.6693	0.6806	0.6582	0.6535	0.6352	0.6197	0.6443	0.6281	0.6022	0.6104	0.6098	0.5667	0.5845	0.5922	0.5754	0.5741	0.5701	0.5888	0.5488	0.5531	0.5348	0.5140	0.5252	0.5483	0.5293	0.5141	0.5147	0.5089	0.4763	0.4651	0.4529	0.4047	0.3961	0.3570	0.3480	0.3259	0.3173	0.2808
0.1695	0.2252	0.2258	0.2831	0.2884	0.2908	0.2874	0.3001	0.2842	0.2791	0.3064	0.3624	0.4087	0.4396	0.4379	0.4323	0.4539	0.4441	0.4640	0.4869	0.4892	0.4699	0.4863	0.4835	0.4865	0.5060	0.5281	0.5419	0.5544	0.6267	0.6626	0.7041	0.6750	0.6893	0.6706	0.6482	0.6377	0.6112	0.6433	0.6217	0.6346	0.5750	0.5744	0.5682	0.5774	0.5743	0.5517	0.5644	0.6009	0.5623	0.5499	0.5279	0.5284	0.5481	0.5246	0.5319	0.4934	0.4931	0.4910	0.5011	0.4368	0.4372	0.4553	0.4207	0.3864	0.3579	0.3489	0.3327	0.3130
0.1709	0.2227	0.2123	0.2428	0.2680	0.2808	0.2692	0.2734	0.2888	0.3164	0.3052	0.3562	0.4045	0.4371	0.4416	0.4788	0.4413	0.4638	0.4480	0.4865	0.4980	0.4686	0.4702	0.5029	0.5169	0.4939	0.5329	0.5549	0.5746	0.6030	0.6508	0.6569	0.6405	0.6495	0.6502	0.6658	0.6373	0.6387	0.6616	0.6063	0.6378	0.6137	0.6037	0.5481	0.5805	0.5618	0.5779	0.5815	0.5838	0.5206	0.5679	0.5928	0.5760	0.5651	0.5255	0.5251	0.5199	0.4875	0.4744	0.5141	0.4571	0.4529	0.4653	0.4301	0.3902	0.3721	0.3574	0.3497	0.3240
0.1725	0.1847	0.2112	0.2405	0.2395	0.2585	0.2913	0.2743	0.3097	0.3179	0.3171	0.3550	0.3640	0.3969	0.4125	0.4642	0.4609	0.4588	0.4981	0.4841	0.5155	0.4781	0.4900	0.5190	0.5080	0.4935	0.5545	0.6010	0.6329	0.6034	0.6472	0.6457	0.6836	0.6522	0.6319	0.6413	0.6612	0.6932	0.6595	0.6389	0.6359	0.6178	0.5912	0.5694	0.5830	0.5842	0.6097	0.5953	0.6002	0.5800	0.5965	0.5688	0.5626	0.5625	0.5835	0.5339	0.5134	0.5121	0.4697	0.4921	0.4680	0.4651	0.4418	0.4110	0.4022	0.3675	0.3451	0.3480	0.3105
0.1803	0.1891	0.2346	0.2470	0.2514	0.2627	0.2961	0.3034	0.3407	0.3134	0.3242	0.3595	0.3792	0.3964	0.4007	0.4057	0.4744	0.4918	0.4901	0.4627	0.4999	0.4759	0.4958	0.4937	0.4699	0.4953	0.5310	0.5914	0.6348	0.6302	0.6414	0.6451	0.7054	0.6796	0.6407	0.6244	0.6534	0.6754	0.6551	0.6724	0.6632	0.6618	0.6284	0.6307	0.6229	0.6069	0.6369	0.6350	0.6118	0.5925	0.6080	0.5553	0.5652	0.5571	0.5835	0.5589	0.4978	0.4818	0.4655	0.5014	0.4782	0.4715	0.4458	0.4285	0.4053	0.3958	0.3510	0.3690	0.3466
0.1621	0.1969	0.2291	0.2524	0.2573	0.2688	0.2867	0.3043	0.3136	0.3169	0.3200	0.3504	0.3813	0.3972	0.4107	0.4404	0.4847	0.4612	0.4603	0.4490	0.4650	0.4858	0.4591	0.4823	0.5092	0.4939	0.5036	0.5670	0.6128	0.6011	0.6283	0.6774	0.6847	0.6777	0.6818	0.7005	0.6653	0.6470	0.6463	0.6716	0.6677	0.6945	0.6575	0.6636	0.6416	0.5974	0.6447	0.6548	0.6459	0.6467	0.5979	0.6037	0.6140	0.5906	0.5420	0.5466	0.5396	0.5174	0.4767	0.5022	0.4551	0.4585	0.4474	0.4422	0.4081	0.3668	0.3516	0.3509	0.3286
0.1379	0.1771	0.2016	0.2447	0.2592	0.2678	0.2662	0.2824	0.3093	0.3124	0.3037	0.3166	0.3469	0.3539	0.4065	0.4373	0.4541	0.4511	0.4498	0.4665	0.4816	0.4952	0.4705	0.4862	0.5197	0.5358	0.5184	0.5756	0.6466	0.5998	0.6034	0.6502	0.6788	0.6551	0.6852	0.6548	0.6422	0.6616	0.6490	0.6315	0.6471	0.6702	0.6974	0.6656	0.6577	0.6400	0.6274	0.6822	0.6585	0.6509	0.6703	0.6069	0.5901	0.6579	0.5829	0.5388	0.5115	0.5144	0.4993	0.4775	0.4814	0.4643	0.4844	0.4709	0.4096	0.3625	0.3726	0.4016	0.3607
0.1566	0.2158	0.2102	0.2242	0.2402	0.2713	0.2972	0.2864	0.3080	0.3229	0.3130	0.3386	0.3441	0.3587	0.3955	0.4247	0.4574	0.4737	0.4551	0.5004	0.5150	0.5078	0.4911	0.5043	0.5491	0.5488	0.5158	0.5522	0.6054	0.5757	0.6001	0.6849	0.6413	0.6597	0.7019	0.6773	0.6818	0.6280	0.6430	0.6409	0.6722	0.6986	0.6957	0.6863	0.6540	0.6526	0.6456	0.6677	0.6875	0.6393	0.6498	0.6143	0.6331	0.6297	0.5896	0.5836	0.5469	0.5259	0.4974	0.4672	0.4706	0.4686	0.5020	0.4474	0.3866	0.3656	0.3809	0.3747	0.3444
0.1562	0.1860	0.2244	0.2201	0.2366	0.2494	0.2666	0.3174	0.3192	0.3125	0.2964	0.3250	0.3518	0.3981	0.3873	0.4228	0.4623	0.4617	0.4449	0.4965	0.5065	0.4894	0.4808	0.4687	0.5033	0.5231	0.5279	0.5779	0.5891	0.5896	0.6404	0.6683	0.6863	0.7236	0.7335	0.7234	0.6834	0.6565	0.6720	0.6327	0.6998	0.7197	0.6975	0.6922	0.6477	0.6660	0.6998	0.6650	0.6825	0.6912	0.6556	0.6372	0.6304	0.5941	0.6126	0.5994	0.5591	0.5304	0.5155	0.4951	0.5062	0.4909	0.4598	0.4513	0.4271	0.3998	0.4035	0.3640	0.3565
0.1450	0.1680	0.1982	0.2368	0.2687	0.2599	0.2743	0.3080	0.3034	0.2775	0.3144	0.3396	0.3587	0.3956	0.3945	0.4167	0.4365	0.4463	0.4548	0.4887	0.5020	0.4957	0.4920	0.5170	0.5523	0.5170	0.5483	0.5573	0.5616	0.5984	0.6474	0.6592	0.7267	0.7242	0.7754	0.7498	0.6915	0.7116	0.7037	0.6654	0.7336	0.7069	0.7008	0.6895	0.6774	0.7067	0.6898	0.6889	0.6620	0.7276	0.6808	0.6118	0.6017	0.6213	0.6046	0.5821	0.6005	0.5553	0.5035	0.5412	0.5161	0.4686	0.4602	0.4757	0.4515	0.4149	0.4238	0.3930	0.3461
0.1543	0.1827	0.2171	0.2561	0.2568	0.3017	0.3144	0.3153	0.3135	0.3454	0.3243	0.3574	0.3773	0.4263	0.4381	0.4277	0.4211	0.4336	0.4596	0.4974	0.4743	0.4972	0.4831	0.5220	0.5782	0.5391	0.5511	0.5632	0.6163	0.5965	0.6603	0.6643	0.7418	0.7700	0.7888	0.7661	0.7257	0.7422	0.6791	0.6882	0.7187	0.6859	0.7164	0.7001	0.7114	0.7141	0.7478	0.7531	0.7263	0.7458	0.7124	0.6919	0.6357	0.6086	0.6262	0.6173	0.5871	0.5553	0.5101	0.5107	0.5131	0.4908	0.4934	0.4942	0.4455	0.4207	0.4217	0.4205	0.3804
0.1564	0.1823	0.2435	0.2531	0.2529	0.2920	0.3498	0.3738	0.3546	0.3966	0.3804	0.4520	0.4660	0.4845	0.4807	0.4862	0.4562	0.4773	0.4728	0.4903	0.4929	0.5090	0.4826	0.5286	0.5202	0.5425	0.5456	0.6022	0.6250	0.6637	0.6676	0.7073	0.7509	0.7906	0.7743	0.7597	0.7319	0.7191	0.6810	0.6955	0.7083	0.7332	0.7220	0.7272	0.7217	0.7225	0.7709	0.7798	0.7884	0.7653	0.6978	0.6841	0.6786	0.6533	0.6185	0.6318	0.6086	0.5805	0.5733	0.5345	0.4996	0.5101	0.5159	0.4510	0.4353	0.4235	0.4097	0.4066	0.3883
0.1861	0.2164	0.2670	0.2893	0.2956	0.3018	0.3643	0.3977	0.4245	0.4422	0.4765	0.5164	0.5468	0.5464	0.6048	0.5656	0.5970	0.6388	0.5434	0.5200	0.5036	0.5385	0.5344	0.5362	0.5421	0.5810	0.5775	0.6053	0.6582	0.6261	0.6884	0.7040	0.7257	0.7899	0.7818	0.7486	0.7449	0.7388	0.7284	0.7301	0.7541	0.7118	0.7422	0.7499	0.7859	0.7998	0.8293	0.8404	0.8121	0.8150	0.7639	0.7516	0.7480	0.7366	0.6574	0.6376	0.6167	0.5929	0.6020	0.5356	0.5526	0.5487	0.4993	0.4670	0.4848	0.4504	0.4589	0.4408	0.4175
0.2202	0.2980	0.3352	0.3752	0.3951	0.4172	0.4321	0.4444	0.4776	0.4506	0.5220	0.5711	0.5719	0.5946	0.6651	0.6573	0.6859	0.6672	0.6355	0.6185	0.5346	0.5758	0.5628	0.5368	0.5538	0.5462	0.5959	0.6010	0.6341	0.6543	0.7144	0.7954	0.8204	0.7956	0.8006	0.8228	0.7838	0.8140	0.7751	0.7680	0.8053	0.8167	0.8289	0.8325	0.8267	0.8300	0.7708	0.6820	0.7552	0.8370	0.8541	0.8228	0.7864	0.7636	0.6716	0.6653	0.6621	0.6001	0.6218	0.6027	0.5970	0.5749	0.5481	0.5297	0.5085	0.4847	0.4636	0.4458	0.4398
0.1260	0.2301	0.3443	0.4901	0.5132	0.5732	0.5946	0.5777	0.5807	0.5916	0.5834	0.5924	0.6232	0.6490	0.7007	0.7123	0.7289	0.7839	0.7579	0.7654	0.6894	0.6873	0.6382	0.5924	0.5749	0.5809	0.5823	0.6235	0.6810	0.7212	0.7973	0.7966	0.8220	0.8466	0.8203	0.8209	0.8362	0.7755	0.8255	0.7954	0.8132	0.8471	0.8861	0.8053	0.7452	0.7370	0.5836	0.5684	0.7187	0.8381	0.8781	0.8537	0.8344	0.7788	0.7210	0.6874	0.6796	0.6557	0.6861	0.6991	0.6743	0.6417	0.5858	0.5653	0.5283	0.4920	0.4894	0.4601	0.4299
0.0791	0.1038	0.1370	0.1856	0.2614	0.3332	0.4328	0.4941	0.4815	0.5849	0.6492	0.6163	0.6718	0.6481	0.7362	0.7945	0.7941	0.8451	0.8156	0.8480	0.8006	0.7852	0.7363	0.6935	0.6685	0.6417	0.6593	0.6860	0.7774	0.8085	0.8420	0.8356	0.8280	0.8346	0.8321	0.8521	0.8535	0.8147	0.7998	0.7845	0.8494	0.8173	0.7722	0.5068	0.4605	0.5110	0.6071	0.8487	0.9183	0.8930	0.8744	0.9012	0.8408	0.8208	0.8000	0.7707	0.7526	0.7263	0.7750	0.7728	0.7235	0.6736	0.6312	0.5857	0.5420	0.5322	0.5133	0.4828	0.4303
0.0328	0.0492	0.0619	0.0736	0.1036	0.1313	0.1242	0.1671	0.2041	0.2540	0.3217	0.3545	0.3812	0.3626	0.4047	0.4587	0.4687	0.4834	0.4937	0.6687	0.7697	0.6736	0.7119	0.8009	0.8041	0.7080	0.7153	0.7353	0.8239	0.8270	0.8333	0.8271	0.8601	0.9033	0.8903	0.8988	0.8355	0.8504	0.8197	0.8010	0.8232	0.7958	0.5980	0.3501	0.3630	0.3971	0.5914	0.7654	0.8694	0.8928	0.9066	0.8608	0.6763	0.7901	0.8354	0.8132	0.8156	0.7988	0.7750	0.8105	0.7487	0.6552	0.6453	0.6059	0.5868	0.5619	0.5496	0.4731	0.4263
0.0095	0.0275	0.0465	0.0523	0.0500	0.0671	0.0756	0.0866	0.0917	0.1031	0.1127	0.1300	0.1498	0.1302	0.1556	0.1864	0.1976	0.2152	0.2460	0.2828	0.3464	0.3738	0.4690	0.7129	0.8734	0.8009	0.7489	0.7760	0.8242	0.8466	0.8283	0.7863	0.8121	0.8719	0.8336	0.8132	0.8025	0.8309	0.7194	0.6292	0.7758	0.6210	0.3880	0.2971	0.3028	0.3220	0.3767	0.4509	0.6187	0.7966	0.7656	0.6159	0.4912	0.7033	0.8016	0.8659	0.9050	0.8973	0.8124	0.8276	0.7734	0.6897	0.6932	0.6417	0.5726	0.6233	0.5974	0.5240	0.4630
0.0042	0.0279	0.0394	0.0459	0.0541	0.0535	0.0546	0.0670	0.0812	0.0895	0.0689	0.0847	0.1021	0.1009	0.1075	0.1186	0.1360	0.1525	0.1553	0.1703	0.1914	0.2031	0.2585	0.4115	0.6198	0.6980	0.7185	0.7814	0.8470	0.8624	0.8353	0.8426	0.7983	0.7974	0.7809	0.7824	0.7627	0.5670	0.3595	0.2672	0.3427	0.2901	0.2128	0.2262	0.2439	0.2515	0.2575	0.2799	0.3279	0.3917	0.3821	0.3701	0.3577	0.4932	0.7077	0.8913	0.9031	0.8627	0.6357	0.7506	0.7922	0.7366	0.7162	0.6473	0.5705	0.6382	0.5683	0.5168	0.4834
0.0111	0.0220	0.0274	0.0446	0.0419	0.0467	0.0593	0.0594	0.0539	0.0785	0.0819	0.0695	0.0795	0.0850	0.0845	0.0861	0.0939	0.0998	0.1055	0.1109	0.1313	0.1308	0.1427	0.1855	0.2401	0.2885	0.4217	0.5003	0.6418	0.6591	0.6454	0.7693	0.8638	0.8537	0.8241	0.7789	0.7147	0.3574	0.1718	0.1628	0.1657	0.1686	0.1698	0.1777	0.1803	0.1843	0.1913	0.2122	0.2196	0.2407	0.2616	0.2870	0.3287	0.5537	0.8028	0.8104	0.7862	0.6698	0.4303	0.6042	0.6420	0.6361	0.6777	0.6583	0.6227	0.5518	0.4187	0.5261	0.5027
0.0134	0.0124	0.0196	0.0351	0.0457	0.0476	0.0516	0.0553	0.0560	0.0523	0.0587	0.0568	0.0612	0.0596	0.0675	0.0887	0.0895	0.0935	0.0955	0.1035	0.1066	0.1086	0.1096	0.1255	0.1378	0.1443	0.1484	0.1713	0.2046	0.2198	0.2407	0.3564	0.5991	0.6650	0.7217	0.6526	0.4724	0.1984	0.1412	0.1342	0.1412	0.1456	0.1426	0.1520	0.1570	0.1628	0.1622	0.1740	0.1836	0.1990	0.2259	0.2504	0.3187	0.6101	0.7581	0.7239	0.5785	0.3591	0.2538	0.3525	0.3989	0.5147	0.6752	0.6911	0.5511	0.3263	0.2756	0.3537	0.4890
0.0145	0.0186	0.0308	0.0136	0.0231	0.0355	0.0335	0.0498	0.0550	0.0468	0.0559	0.0669	0.0726	0.0667	0.0596	0.0830	0.0808	0.0833	0.0945	0.0990	0.0844	0.0924	0.0967	0.1008	0.1073	0.1153	0.1136	0.1296	0.1334	0.1359	0.1409	0.1553	0.1916	0.2640	0.3243	0.2724	0.2021	0.1344	0.1253	0.1238	0.1196	0.1240	0.1284	0.1301	0.1413	0.1437	0.1322	0.1386	0.1449	0.1624	0.1858	0.1952	0.2377	0.4530	0.5926	0.4725	0.2346	0.1721	0.1646	0.1969	0.2006	0.2601	0.4363	0.5063	0.3162	0.1861	0.1761	0.2063	0.3195
0.0151	0.0189	0.0245	0.0129	0.0326	0.0334	0.0362	0.0391	0.0472	0.0469	0.0580	0.0729	0.0639	0.0636	0.0644	0.0656	0.0808	0.0759	0.0738	0.0828	0.0749	0.0753	0.0836	0.0829	0.0887	0.0914	0.0871	0.1026	0.1132	0.1206	0.1198	0.1088	0.1185	0.1166	0.1366	0.1341	0.1309	0.1115	0.1023	0.1008	0.0959	0.1019	0.1023	0.1040	0.1118	0.1232	0.1194	0.1244	0.1273	0.1320	0.1436	0.1467	0.1456	0.1824	0.2355	0.2038	0.1636	0.1447	0.1405	0.1543	0.1436	0.1469	0.1716	0.1900	0.1483	0.1435	0.1411	0.1663	0.1607
0.0185	0.0000	0.0077	0.0175	0.0436	0.0356	0.0296	0.0307	0.0375	0.0450	0.0501	0.0539	0.0545	0.0610	0.0524	0.0641	0.0729	0.0647	0.0591	0.0737	0.0677	0.0721	0.0839	0.0847	0.0802	0.0873	0.0818	0.0877	0.0975	0.1008	0.0900	0.1080	0.1127	0.1012	0.1048	0.1002	0.1042	0.0963	0.0892	0.0803	0.0797	0.0841	0.0865	0.0957	0.1035	0.1051	0.0935	0.0995	0.0930	0.1042	0.1065	0.1147	0.1155	0.1201	0.1198	0.1233	0.1382	0.1219	0.1200	0.1246	0.1308	0.1280	0.1296	0.1250	0.1127	0.1159	0.1161	0.1339	0.1262
0.0000	0.0009	0.0247	0.0145	0.0148	0.0155	0.0162	0.0213	0.0356	0.0337	0.0384	0.0450	0.0490	0.0616	0.0514	0.0546	0.0646	0.0655	0.0624	0.0629	0.0741	0.0694	0.0767	0.0757	0.0774	0.0801	0.0766	0.0810	0.0856	0.0845	0.0816	0.0911	0.1038	0.0877	0.0799	0.0821	0.0808	0.0817	0.0842	0.0758	0.0762	0.0750	0.0805	0.0765	0.0797	0.0877	0.0868	0.0869	0.0811	0.0878	0.0854	0.0971	0.0972	0.0878	0.0991	0.1039	0.1065	0.0977	0.0911	0.1081	0.1201	0.1147	0.1026	0.1064	0.0969	0.0933	0.1051	0.1036	0.1007
0.0000	0.0095	0.0188	0.0141	0.0165	0.0170	0.0235	0.0267	0.0290	0.0410	0.0313	0.0273	0.0349	0.0466	0.0404	0.0587	0.0633	0.0500	0.0541	0.0621	0.0670	0.0684	0.0716	0.0640	0.0738	0.0784	0.0666	0.0712	0.0753	0.0719	0.0729	0.0816	0.0813	0.0768	0.0741	0.0826	0.0805	0.0728	0.0673	0.0683	0.0825	0.0770	0.0800	0.0834	0.0741	0.0820	0.0832	0.0755	0.0785	0.0878	0.0813	0.0849	0.0700	0.0783	0.0955	0.0916	0.0882	0.0757	0.0862	0.0858	0.0870	0.0818	0.0846	0.0868	0.0911	0.1014	0.0864	0.0770	0.0811
0.0000	0.0061	0.0097	0.0000	0.0101	0.0211	0.0224	0.0237	0.0288	0.0264	0.0251	0.0275	0.0331	0.0484	0.0393	0.0455	0.0638	0.0561	0.0558	0.0547	0.0621	0.0654	0.0704	0.0574	0.0616	0.0626	0.0632	0.0670	0.0702	0.0675	0.0663	0.0659	0.0675	0.0657	0.0632	0.0815	0.0773	0.0686	0.0614	0.0691	0.0806	0.0692	0.0693	0.0656	0.0664	0.0689	0.0639	0.0642	0.0620	0.0702	0.0754	0.0732	0.0660	0.0792	0.0710	0.0706	0.0839	0.0733	0.0752	0.0789	0.0743	0.0656	0.0800	0.0704	0.0724	0.0737	0.0667	0.0674	0.0659
0.0000	0.0000	0.0000	0.0000	0.0108	0.0165	0.0185	0.0194	0.0239	0.0275	0.0181	0.0250	0.0189	0.0311	0.0401	0.0298	0.0358	0.0415	0.0445	0.0403	0.0552	0.0466	0.0484	0.0537	0.0633	0.0673	0.0584	0.0612	0.0620	0.0615	0.0574	0.0565	0.0650	0.0667	0.0669	0.0744	0.0626	0.0670	0.0680	0.0638	0.0620	0.0684	0.0597	0.0555	0.0602	0.0635	0.0633	0.0566	0.0655	0.0633	0.0591	0.0622	0.0635	0.0676	0.0676	0.0681	0.0686	0.0589	0.0690	0.0757	0.0727	0.0582	0.0599	0.0634	0.0637	0.0660	0.0523	0.0452	0.0484
0.0000	0.0000	0.0000	0.0000	0.0000	0.0000	0.0012	0.0126	0.0056	0.0032	0.0122	0.0363	0.0247	0.0210	0.0223	0.0281	0.0402	0.0388	0.0384	0.0448	0.0418	0.0377	0.0458	0.0514	0.0526	0.0522	0.0535	0.0543	0.0595	0.0571	0.0496	0.0535	0.0586	0.0544	0.0608	0.0606	0.0543	0.0575	0.0633	0.0528	0.0526	0.0578	0.0586	0.0567	0.0586	0.0554	0.0555	0.0541	0.0527	0.0527	0.0588	0.0628	0.0564	0.0564	0.0705	0.0621	0.0598	0.0558	0.0548	0.0675	0.0640	0.0493	0.0618	0.0594	0.0652	0.0554	0.0497	0.0444	0.0480
0.0000	0.0000	0.0031	0.0075	0.0000	0.0000	0.0122	0.0064	0.0058	0.0063	0.0115	0.0215	0.0325	0.0245	0.0241	0.0249	0.0429	0.0374	0.0404	0.0398	0.0474	0.0432	0.0385	0.0351	0.0459	0.0454	0.0455	0.0567	0.0511	0.0545	0.0494	0.0546	0.0594	0.0507	0.0520	0.0574	0.0658	0.0609	0.0558	0.0524	0.0541	0.0540	0.0503	0.0529	0.0526	0.0569	0.0569	0.0555	0.0490	0.0504	0.0570	0.0564	0.0467	0.0533	0.0634	0.0595	0.0536	0.0567	0.0552	0.0559	0.0520	0.0481	0.0491	0.0488	0.0460	0.0439	0.0481	0.0416	0.0369
0.0000	0.0000	0.0000	0.0058	0.0000	0.0000	0.0000	0.0038	0.0087	0.0070	0.0149	0.0229	0.0238	0.0293	0.0173	0.0254	0.0353	0.0250	0.0369	0.0436	0.0374	0.0439	0.0420	0.0467	0.0498	0.0452	0.0449	0.0472	0.0487	0.0469	0.0508	0.0480	0.0462	0.0529	0.0528	0.0501	0.0530	0.0576	0.0541	0.0486	0.0489	0.0469	0.0480	0.0460	0.0448	0.0485	0.0483	0.0574	0.0568	0.0518	0.0526	0.0518	0.0533	0.0589	0.0615	0.0552	0.0566	0.0509	0.0467	0.0498	0.0438	0.0426	0.0387	0.0517	0.0476	0.0467	0.0409	0.0343	0.0295
0.0000	0.0000	0.0000	0.0000	0.0000	0.0124	0.0052	0.0093	0.0049	0.0011	0.0118	0.0195	0.0154	0.0157	0.0197	0.0278	0.0239	0.0191	0.0238	0.0359	0.0384	0.0394	0.0341	0.0427	0.0425	0.0431	0.0422	0.0460	0.0518	0.0526	0.0496	0.0459	0.0490	0.0501	0.0493	0.0566	0.0412	0.0481	0.0454	0.0403	0.0400	0.0438	0.0484	0.0457	0.0403	0.0440	0.0431	0.0447	0.0472	0.0426	0.0435	0.0455	0.0463	0.0521	0.0566	0.0570	0.0493	0.0465	0.0433	0.0497	0.0472	0.0351	0.0361	0.0447	0.0478	0.0404	0.0352	0.0319	0.0373
0.0000	0.0000	0.0000	0.0000	0.0000	0.0000	0.0000	0.0101	0.0000	0.0000	0.0086	0.0028	0.0212	0.0093	0.0169	0.0249	0.0166	0.0209	0.0270	0.0294	0.0265	0.0338	0.0263	0.0329	0.0359	0.0476	0.0482	0.0393	0.0405	0.0580	0.0553	0.0529	0.0524	0.0451	0.0443	0.0461	0.0431	0.0444	0.0439	0.0427	0.0510	0.0425	0.0369	0.0415	0.0464	0.0449	0.0527	0.0478	0.0494	0.0399	0.0469	0.0454	0.0444	0.0404	0.0505	0.0494	0.0401	0.0428	0.0459	0.0442	0.0443	0.0351	0.0364	0.0503	0.0540	0.0364	0.0271	0.0373	0.0343
