0.0000	0.0000	0.0024	0.0066	0.0029	0.0073	0.0046	0.0223	0.0182	0.0070	0.0078	0.0082	0.0275	0.0271	0.0349	0.0437	0.0412	0.0411	0.0311	0.0289	0.0417	0.0341	0.0430	0.0597	0.0594	0.0733	0.0748	0.0649	0.0658	0.0663	0.0596	0.0682	0.0886	0.0719	0.0778	0.1054	0.0938	0.0834	0.0932	0.0813	0.0856	0.0960	0.0894	0.0782	0.0683	0.0760	0.1003	0.0878	0.0860	0.0767	0.0725	0.0699	0.0624	0.0587	0.0641	0.0543	0.0650	0.0545	0.0612	0.0361	0.0387	0.0550	0.0418	0.0290	0.0559	0.0379	0.0299	0.0388	0.0308
0.0000	0.0000	0.0042	0.0000	0.0000	0.0187	0.0213	0.0217	0.0366	0.0162	0.0338	0.0392	0.0433	0.0421	0.0307	0.0415	0.0496	0.0601	0.0543	0.0376	0.0466	0.0444	0.0562	0.0721	0.0698	0.0862	0.0701	0.0725	0.0617	0.0775	0.0866	0.0910	0.0995	0.0887	0.0834	0.0996	0.0886	0.1054	0.0963	0.1023	0.0982	0.0929	0.0905	0.0837	0.0799	0.0794	0.0973	0.1002	0.0921	0.0793	0.0770	0.0787	0.0574	0.0688	0.0765	0.0700	0.0704	0.0677	0.0573	0.0573	0.0590	0.0439	0.0558	0.0491	0.0457	0.0414	0.0320	0.0364	0.0370
0.0000	0.0000	0.0000	0.0000	0.0005	0.0091	0.0058	0.0170	0.0366	0.0209	0.0353	0.0271	0.0340	0.0284	0.0444	0.0577	0.0448	0.0604	0.0646	0.0453	0.0660	0.0605	0.0607	0.0797	0.0755	0.0735	0.0730	0.0631	0.0748	0.0902	0.0904	0.0777	0.0921	0.1044	0.0981	0.0948	0.0935	0.0874	0.0895	0.0915	0.0901	0.1038	0.1181	0.1145	0.0934	0.0921	0.1109	0.1117	0.0995	0.0726	0.0929	0.0906	0.0795	0.0908	0.0903	0.0819	0.0875	0.0738	0.0664	0.0688	0.0765	0.0617	0.0534	0.0510	0.0539	0.0447	0.0290	0.0413	0.0563
0.0000	0.0000	0.0004	0.0000	0.0120	0.0083	0.0186	0.0348	0.0310	0.0323	0.0296	0.0288	0.0448	0.0326	0.0470	0.0603	0.0480	0.0513	0.0425	0.0506	0.0647	0.0673	0.0606	0.0728	0.0891	0.0830	0.0999	0.0785	0.0747	0.0901	0.0657	0.0645	0.0925	0.0998	0.1066	0.1006	0.0904	0.0817	0.0978	0.0897	0.0936	0.1049	0.1148	0.1042	0.0901	0.1005	0.0950	0.0986	0.0898	0.0900	0.0957	0.1014	0.0969	0.0854	0.1001	0.0788	0.0710	0.0895	0.0858	0.0756	0.0734	0.0720	0.0614	0.0688	0.0641	0.0532	0.0549	0.0493	0.0670
0.0034	0.0000	0.0039	0.0152	0.0144	0.0097	0.0076	0.0380	0.0275	0.0387	0.0344	0.0317	0.0626	0.0510	0.0537	0.0637	0.0650	0.0579	0.0582	0.0703	0.0713	0.0565	0.0619	0.0610	0.0826	0.0877	0.0844	0.0765	0.0850	0.0875	0.0875	0.0813	0.1012	0.0914	0.1006	0.1047	0.0989	0.0866	0.0950	0.1080	0.0982	0.0883	0.0900	0.0957	0.1060	0.1112	0.1179	0.1002	0.0870	0.1048	0.0987	0.1027	0.0994	0.0901	0.0975	0.0899	0.0825	0.0777	0.0684	0.0881	0.0777	0.0749	0.0731	0.0702	0.0753	0.0709	0.0719	0.0827	0.0825
0.0051	0.0000	0.0174	0.0141	0.0113	0.0162	0.0250	0.0354	0.0252	0.0404	0.0462	0.0622	0.0739	0.0518	0.0632	0.0788	0.0710	0.0704	0.0544	0.0741	0.0669	0.0758	0.0758	0.0697	0.0904	0.0842	0.0854	0.0784	0.1063	0.0957	0.0834	0.0925	0.1199	0.1083	0.1033	0.1114	0.1213	0.1086	0.0968	0.1088	0.1008	0.1029	0.1127	0.1051	0.1162	0.1242	0.1204	0.1162	0.1124	0.1249	0.1160	0.1184	0.1288	0.1125	0.0917	0.0959	0.0997	0.0814	0.0905	0.1011	0.0851	0.0858	0.0942	0.0911	0.0836	0.0953	0.0857	0.1043	0.0933
0.0093	0.0035	0.0208	0.0152	0.0135	0.0221	0.0363	0.0386	0.0407	0.0483	0.0654	0.0692	0.0760	0.0564	0.0446	0.0514	0.0671	0.0771	0.0621	0.0753	0.0811	0.0993	0.0784	0.0626	0.0808	0.0950	0.0817	0.0843	0.1024	0.1047	0.1114	0.0938	0.1076	0.1192	0.1193	0.1119	0.1021	0.1130	0.1051	0.1171	0.1156	0.1328	0.1242	0.1036	0.1130	0.1355	0.1416	0.1361	0.1279	0.1325	0.1368	0.1389	0.1310	0.1240	0.1317	0.1240	0.1092	0.0983	0.1192	0.1257	0.1135	0.1018	0.1146	0.1333	0.1238	0.1210	0.1169	0.1224	0.1066
0.0232	0.0059	0.0222	0.0256	0.0369	0.0339	0.0317	0.0498	0.0564	0.0586	0.0589	0.0709	0.0653	0.0548	0.0543	0.0572	0.0683	0.0781	0.0738	0.0618	0.0819	0.1006	0.0830	0.0737	0.1023	0.1159	0.0972	0.0982	0.1161	0.1072	0.1143	0.0930	0.1120	0.1176	0.1119	0.1223	0.1366	0.1342	0.1189	0.1307	0.1267	0.1283	0.1323	0.1371	0.1334	0.1531	0.1631	0.1601	0.1283	0.1385	0.1463	0.1415	0.1377	0.1333	0.1392	0.1531	0.1433	0.1378	0.1499	0.1487	0.1481	0.1307	0.1395	0.1569	0.1440	0.1318	0.1513	0.1703	0.1394
0.0124	0.0140	0.0195	0.0399	0.0392	0.0342	0.0333	0.0443	0.0640	0.0578	0.0683	0.0824	0.0911	0.0797	0.0799	0.0767	0.0690	0.0769	0.0863	0.0817	0.1053	0.1068	0.0881	0.0735	0.1048	0.1120	0.0905	0.1009	0.1138	0.1073	0.0993	0.1080	0.1268	0.1246	0.1258	0.1258	0.1386	0.1525	0.1480	0.1415	0.1305	0.1315	0.1612	0.1530	0.1709	0.1826	0.1723	0.1777	0.1650	0.1798	0.1900	0.1826	0.1667	0.1807	0.1759	0.1873	0.1641	0.1664	0.1826	0.1789	0.1608	0.1610	0.1725	0.1816	0.1701	0.1570	0.2015	0.2215	0.1804
0.0051	0.0165	0.0302	0.0403	0.0327	0.0428	0.0573	0.0668	0.0705	0.0690	0.0821	0.0790	0.0791	0.0803	0.0934	0.0755	0.0829	0.0953	0.0983	0.1071	0.1078	0.1041	0.0889	0.0891	0.1164	0.1266	0.1141	0.1013	0.1163	0.1118	0.1250	0.1383	0.1271	0.1383	0.1420	0.1290	0.1429	0.1623	0.1680	0.1601	0.1553	0.1588	0.1994	0.2133	0.2532	0.3362	0.3302	0.2304	0.1979	0.2102	0.2236	0.1981	0.2254	0.2218	0.2175	0.2192	0.2116	0.1979	0.1917	0.1920	0.1941	0.1883	0.1881	0.2135	0.2048	0.1770	0.1960	0.2034	0.1853
0.0055	0.0130	0.0288	0.0395	0.0405	0.0469	0.0530	0.0611	0.0670	0.0836	0.0708	0.0726	0.0738	0.0927	0.0751	0.0914	0.0968	0.1085	0.0982	0.1117	0.1119	0.1015	0.1051	0.1065	0.1457	0.1439	0.1170	0.1202	0.1176	0.1194	0.1273	0.1350	0.1461	0.1560	0.1611	0.1446	0.1529	0.1997	0.1905	0.1984	0.2115	0.2382	0.3064	0.3710	0.5759	0.6199	0.5782	0.4072	0.2515	0.2737	0.3184	0.2871	0.3087	0.2838	0.2702	0.2557	0.2600	0.2370	0.2202	0.2239	0.2059	0.1920	0.2092	0.2281	0.2259	0.2004	0.2004	0.2114	0.1878
0.0278	0.0456	0.0237	0.0250	0.0366	0.0534	0.0609	0.0723	0.0833	0.0629	0.0779	0.0907	0.0878	0.0855	0.0755	0.0950	0.1160	0.1119	0.1077	0.1052	0.1305	0.1312	0.1161	0.1150	0.1295	0.1346	0.1308	0.1354	0.1414	0.1652	0.1584	0.1667	0.1754	0.1720	0.1954	0.1883	0.2175	0.2493	0.2909	0.3182	0.3002	0.3604	0.5862	0.6393	0.6731	0.6435	0.6443	0.5109	0.3776	0.5199	0.5724	0.4840	0.5155	0.5137	0.3826	0.2935	0.2951	0.2767	0.2798	0.2850	0.2349	0.2252	0.2385	0.2656	0.2677	0.2510	0.2551	0.2974	0.2363
0.0263	0.0425	0.0330	0.0470	0.0628	0.0560	0.0637	0.0677	0.0709	0.0803	0.0968	0.0869	0.1058	0.0904	0.0916	0.1060	0.0983	0.1155	0.1276	0.1236	0.1320	0.1435	0.1294	0.1326	0.1509	0.1524	0.1428	0.1463	0.1728	0.1848	0.1837	0.2150	0.2174	0.2347	0.2577	0.2746	0.2962	0.3659	0.5446	0.5912	0.4476	0.4453	0.7196	0.7488	0.6604	0.6171	0.6443	0.6046	0.5467	0.6412	0.6649	0.6197	0.5983	0.6153	0.5361	0.4113	0.3198	0.2913	0.3887	0.3709	0.2837	0.2770	0.2655	0.2888	0.3191	0.3166	0.3335	0.3378	0.2755
0.0341	0.0353	0.0481	0.0451	0.0582	0.0520	0.0601	0.0737	0.0726	0.0914	0.1197	0.1124	0.1236	0.1036	0.0894	0.1159	0.1181	0.1288	0.1292	0.1337	0.1479	0.1428	0.1547	0.1588	0.1659	0.1602	0.1684	0.2006	0.2268	0.2296	0.2425	0.2796	0.3205	0.3379	0.3564	0.3900	0.4564	0.5676	0.7646	0.7742	0.7252	0.5736	0.7230	0.7206	0.6542	0.6526	0.6638	0.6726	0.6192	0.6274	0.6812	0.6479	0.6181	0.5997	0.5708	0.5313	0.4621	0.3727	0.4329	0.4793	0.3642	0.3451	0.3196	0.3381	0.3886	0.3413	0.3519	0.3146	0.2885
0.0150	0.0364	0.0697	0.0708	0.0616	0.0706	0.0831	0.1091	0.1194	0.1076	0.1150	0.1342	0.1282	0.1105	0.1155	0.1425	0.1709	0.1554	0.1524	0.1665	0.1797	0.1889	0.1941	0.2206	0.2158	0.2132	0.2298	0.2436	0.2878	0.3322	0.3510	0.4170	0.4911	0.4767	0.4968	0.5749	0.7329	0.8072	0.8297	0.8121	0.7917	0.7415	0.7356	0.7142	0.6626	0.6750	0.6444	0.7030	0.7255	0.6640	0.6664	0.6483	0.6246	0.5980	0.5968	0.6022	0.6289	0.5221	0.4726	0.4999	0.4641	0.4414	0.4278	0.3852	0.4207	0.3653	0.3006	0.2762	0.2806
0.0320	0.0479	0.0547	0.0735	0.0817	0.0878	0.0851	0.1251	0.1619	0.1330	0.1334	0.1529	0.1384	0.1560	0.1742	0.1837	0.2177	0.2167	0.2084	0.2207	0.2483	0.2645	0.2399	0.2776	0.2805	0.2951	0.3001	0.3119	0.3884	0.4539	0.5297	0.6703	0.7960	0.8290	0.7948	0.8310	0.8732	0.8531	0.7781	0.7462	0.7493	0.7196	0.6963	0.7064	0.6678	0.6769	0.6417	0.6680	0.6547	0.6423	0.6641	0.6714	0.6484	0.6450	0.6038	0.6345	0.6306	0.5479	0.5190	0.5308	0.4874	0.4206	0.4355	0.4137	0.3895	0.3332	0.3179	0.3122	0.2726
0.0511	0.0408	0.0689	0.0785	0.0849	0.1376	0.1427	0.1802	0.1746	0.1918	0.2675	0.2538	0.2533	0.2387	0.2686	0.2786	0.2900	0.3297	0.3101	0.3282	0.3493	0.3231	0.3353	0.3585	0.3650	0.3875	0.3982	0.4311	0.5334	0.7229	0.8405	0.9450	1.0000	0.9486	0.9264	0.8448	0.8030	0.8039	0.7684	0.6626	0.6828	0.7163	0.7074	0.6742	0.6406	0.6236	0.6391	0.6555	0.6182	0.6232	0.6240	0.6819	0.6448	0.6192	0.6141	0.6162	0.6073	0.5399	0.5368	0.5040	0.4557	0.4277	0.3914	0.3860	0.3756	0.2915	0.2854	0.2912	0.2812
0.0681	0.0848	0.1334	0.1685	0.1903	0.2554	0.3433	0.4686	0.5294	0.5194	0.6344	0.6158	0.4732	0.4661	0.5027	0.5344	0.5764	0.5727	0.5200	0.5359	0.6331	0.5887	0.4701	0.4963	0.5119	0.5857	0.6602	0.6522	0.7588	0.8657	0.8844	0.8613	0.8380	0.8805	0.8185	0.7849	0.7636	0.7478	0.7401	0.6897	0.6852	0.6480	0.6705	0.6284	0.5877	0.5640	0.5983	0.6172	0.6277	0.6206	0.6130	0.6389	0.6251	0.5840	0.5652	0.5737	0.5307	0.4800	0.4803	0.4611	0.4474	0.4157	0.3995	0.3760	0.3251	0.2916	0.2823	0.2966	0.2662
0.1062	0.1834	0.2858	0.4194	0.4848	0.5995	0.6742	0.7083	0.7906	0.7337	0.7818	0.8500	0.8180	0.8070	0.8202	0.8966	0.9810	0.9285	0.8742	0.8554	0.8984	0.8983	0.8142	0.7782	0.7645	0.7513	0.7863	0.6836	0.7775	0.7801	0.7190	0.6922	0.7478	0.7943	0.6996	0.6809	0.6747	0.6833	0.6451	0.6444	0.6355	0.5767	0.6259	0.5815	0.5853	0.5963	0.5697	0.5493	0.5738	0.6136	0.5942	0.5794	0.5910	0.5707	0.5371	0.5059	0.4807	0.4267	0.4192	0.4266	0.4114	0.3814	0.3581	0.3218	0.3121	0.2957	0.3050	0.2867	0.2737
0.2117	0.3509	0.4104	0.4678	0.5226	0.5701	0.5730	0.5852	0.6142	0.6538	0.6597	0.7356	0.8153	0.7814	0.7969	0.8345	0.8670	0.9106	0.8805	0.8368	0.7996	0.8511	0.8089	0.7980	0.7285	0.6389	0.6805	0.6609	0.6326	0.6873	0.6509	0.5834	0.6653	0.6857	0.6446	0.6325	0.5905	0.6308	0.6124	0.6037	0.5725	0.5824	0.6281	0.5300	0.5623	0.5552	0.5502	0.5489	0.5786	0.5715	0.5389	0.5417	0.5303	0.5399	0.5124	0.4707	0.4696	0.4404	0.4051	0.3904	0.3699	0.3634	0.3562	0.3314	0.3080	0.3310	0.2885	0.2858	0.2532
0.2864	0.3274	0.3283	0.3575	0.3864	0.4199	0.4497	0.4744	0.5071	0.5498	0.6142	0.6471	0.7441	0.7454	0.6838	0.7382	0.7570	0.8330	0.8073	0.7375	0.7719	0.7428	0.6863	0.6771	0.5992	0.6062	0.6003	0.5859	0.5554	0.5616	0.6015	0.6055	0.6249	0.6171	0.6056	0.5986	0.5925	0.5918	0.5658	0.5881	0.5615	0.5612	0.5841	0.5484	0.5128	0.5323	0.5582	0.5374	0.5408	0.5451	0.5535	0.5186	0.4753	0.5095	0.4916	0.4654	0.4337	0.4122	0.3886	0.3840	0.3720	0.3775	0.3461	0.3317	0.3169	0.2752	0.2896	0.2800	0.2586
0.2774	0.3103	0.3084	0.3660	0.3680	0.3407	0.3682	0.4400	0.4447	0.4904	0.5648	0.5846	0.6290	0.6874	0.6795	0.7471	0.8083	0.7780	0.8021	0.7117	0.6909	0.6884	0.6561	0.5851	0.5698	0.5445	0.5602	0.5268	0.5587	0.5585	0.5563	0.5972	0.6007	0.5959	0.6064	0.6035	0.5432	0.5694	0.5284	0.5782	0.5882	0.5596	0.5447	0.5465	0.5221	0.5336	0.5184	0.5177	0.5058	0.5076	0.5507	0.5224	0.5010	0.4969	0.4653	0.4703	0.4427	0.4242	0.4017	0.3755	0.3606	0.3572	0.3355	0.3065	0.3030	0.2995	0.3014	0.2697	0.2493
0.2538	0.2738	0.2911	0.3416	0.3570	0.3224	0.3585	0.4263	0.4275	0.4449	0.5287	0.5518	0.6213	0.6666	0.6674	0.7325	0.7877	0.6847	0.6700	0.6088	0.6076	0.6311	0.6071	0.5657	0.5479	0.5094	0.5501	0.5433	0.5502	0.5827	0.5496	0.5566	0.5884	0.5961	0.5784	0.5770	0.5670	0.5536	0.5374	0.5211	0.5331	0.5216	0.5404	0.5184	0.5267	0.5297	0.5062	0.5223	0.5102	0.5289	0.5046	0.5170	0.5299	0.4924	0.4613	0.4702	0.4614	0.4097	0.3811	0.3988	0.3682	0.3691	0.3509	0.3179	0.3081	0.2942	0.2765	0.2478	0.2534
0.2359	0.2658	0.2920	0.3285	0.3400	0.3363	0.3848	0.4141	0.3996	0.4201	0.4695	0.5261	0.5924	0.5981	0.6283	0.6530	0.6686	0.6156	0.5949	0.5755	0.6033	0.5741	0.5561	0.5238	0.5654	0.5304	0.5459	0.5596	0.5317	0.5673	0.5666	0.5712	0.5807	0.5984	0.6004	0.5838	0.5713	0.5412	0.5295	0.5177	0.5248	0.5154	0.5304	0.5114	0.5252	0.5223	0.5278	0.5277	0.5180	0.5110	0.4842	0.4723	0.5084	0.4909	0.4385	0.4499	0.4465	0.4071	0.3911	0.3965	0.3651	0.3694	0.3389	0.3172	0.2999	0.2668	0.2626	0.2516	0.2572
0.2459	0.2622	0.2712	0.3259	0.3269	0.3511	0.3688	0.3930	0.4322	0.4032	0.4406	0.4823	0.5296	0.5209	0.5612	0.5464	0.5505	0.5486	0.5438	0.5502	0.5231	0.5076	0.5587	0.6013	0.5947	0.5472	0.5501	0.5452	0.5684	0.5729	0.5813	0.5918	0.6015	0.6187	0.6050	0.6047	0.5827	0.5442	0.5277	0.5368	0.5393	0.5239	0.5327	0.4989	0.4937	0.4966	0.5097	0.5048	0.5082	0.5204	0.5014	0.4799	0.4894	0.4828	0.4448	0.4268	0.4376	0.4246	0.3933	0.4017	0.3640	0.3343	0.3391	0.3048	0.2930	0.2836	0.2542	0.2472	0.2408
0.2690	0.2697	0.2878	0.3270	0.3213	0.3445	0.3794	0.3857	0.3760	0.3947	0.4632	0.4441	0.4877	0.5297	0.5267	0.5158	0.5431	0.5373	0.5022	0.5064	0.5032	0.5007	0.5073	0.5472	0.5639	0.5450	0.5537	0.5614	0.5544	0.5478	0.6130	0.5785	0.5677	0.5759	0.5905	0.5511	0.5432	0.5339	0.5551	0.5472	0.5141	0.5292	0.5258	0.4866	0.5093	0.5018	0.5101	0.5009	0.5168	0.5064	0.5213	0.4912	0.4794	0.4807	0.4832	0.4545	0.4340	0.4421	0.4218	0.3812	0.3873	0.3588	0.3401	0.3224	0.3049	0.2928	0.2813	0.2677	0.2312
0.2401	0.2706	0.3332	0.3156	0.3352	0.3327	0.3572	0.3584	0.3708	0.3818	0.4535	0.4647	0.4876	0.4725	0.5003	0.5011	0.4989	0.4839	0.5006	0.4934	0.4827	0.4872	0.5068	0.5502	0.5521	0.5276	0.5638	0.5341	0.5279	0.5565	0.5679	0.5732	0.5836	0.5896	0.5751	0.5368	0.5444	0.5601	0.5481	0.5314	0.5638	0.5278	0.5035	0.4900	0.5109	0.4883	0.4789	0.4879	0.5024	0.5075	0.5039	0.4934	0.4822	0.4632	0.4611	0.4645	0.4084	0.4090	0.4030	0.4321	0.3841	0.3663	0.3655	0.3133	0.3155	0.2854	0.2719	0.2803	0.2753
0.2478	0.2678	0.2980	0.3254	0.3421	0.3406	0.3540	0.3342	0.3682	0.4042	0.4001	0.4237	0.4800	0.4966	0.4836	0.4752	0.4817	0.4903	0.4750	0.4820	0.4535	0.4811	0.5016	0.5380	0.5297	0.5437	0.5559	0.5408	0.5395	0.5681	0.5730	0.5668	0.5483	0.5338	0.5239	0.5279	0.5295	0.5490	0.5463	0.5129	0.5448	0.5073	0.5042	0.4677	0.4919	0.4754	0.5006	0.4865	0.4894	0.4750	0.5106	0.4910	0.5025	0.4810	0.4254	0.4470	0.4292	0.4187	0.4174	0.4509	0.4058	0.3784	0.3605	0.3187	0.3217	0.2963	0.2868	0.3071	0.2700
0.2231	0.2558	0.2578	0.2985	0.3164	0.3414	0.3566	0.3472	0.3484	0.3797	0.3993	0.4461	0.4620	0.4795	0.4985	0.4917	0.4760	0.5041	0.4998	0.4672	0.4981	0.4718	0.5478	0.5819	0.5652	0.5555	0.5985	0.5920	0.5982	0.5356	0.5737	0.5997	0.5802	0.5475	0.5250	0.5295	0.5437	0.5554	0.5241	0.5189	0.5248	0.5268	0.5114	0.4749	0.4984	0.4801	0.5168	0.5021	0.4945	0.4880	0.5116	0.4750	0.4621	0.4753	0.4707	0.4468	0.4185	0.4336	0.4083	0.3879	0.3699	0.3669	0.3495	0.3232	0.3127	0.3171	0.2864	0.2832	0.2564
0.2011	0.2300	0.2747	0.2988	0.2888	0.3100	0.3362	0.3602	0.3793	0.3938	0.4020	0.4324	0.4652	0.4806	0.4490	0.4710	0.4841	0.5081	0.5070	0.4859	0.4851	0.4983	0.5433	0.6256	0.6004	0.5832	0.5889	0.6253	0.6263	0.6233	0.6088	0.6072	0.6234	0.5882	0.5502	0.5219	0.5676	0.5771	0.5332	0.5364	0.5239	0.5380	0.5267	0.5239	0.4937	0.4722	0.4968	0.5124	0.4768	0.4798	0.4791	0.4871	0.4632	0.4412	0.4645	0.4528	0.4332	0.4118	0.3805	0.3966	0.3729	0.3609	0.3478	0.3373	0.3303	0.3234	0.2904	0.3038	0.3109
0.1863	0.2191	0.2564	0.2722	0.3089	0.3071	0.3660	0.3940	0.3994	0.3786	0.3964	0.4386	0.4894	0.4449	0.4308	0.4737	0.4917	0.5146	0.4600	0.4840	0.5108	0.5414	0.5551	0.6279	0.6164	0.5913	0.5730	0.5971	0.6299	0.6251	0.6367	0.6148	0.5843	0.5734	0.6001	0.5803	0.5667	0.5213	0.5328	0.5545	0.4891	0.5409	0.5171	0.4978	0.4747	0.4442	0.4955	0.4771	0.5057	0.5199	0.5046	0.5011	0.4906	0.4732	0.4483	0.4410	0.4424	0.4289	0.4111	0.4199	0.3844	0.3541	0.3622	0.3387	0.3384	0.3150	0.3096	0.2976	0.3100
0.1861	0.2005	0.2192	0.2507	0.2899	0.2941	0.3508	0.3680	0.3894	0.3771	0.3849	0.4206	0.4761	0.4256	0.4634	0.5085	0.5416	0.4950	0.4871	0.4805	0.5183	0.5593	0.5618	0.6241	0.6274	0.6455	0.5945	0.6222	0.6437	0.6326	0.6643	0.6662	0.6412	0.5885	0.6065	0.5551	0.5507	0.5320	0.5392	0.5025	0.5067	0.5250	0.5502	0.4754	0.4853	0.4851	0.4796	0.5255	0.4992	0.5142	0.5437	0.4975	0.4771	0.5057	0.4787	0.4225	0.4409	0.4389	0.3958	0.4070	0.4010	0.3951	0.3985	0.3535	0.3284	0.3194	0.3122	0.2954	0.2907
0.1782	0.1947	0.2119	0.2587	0.3277	0.3327	0.3664	0.3592	0.3728	0.3763	0.3628	0.3884	0.4177	0.4232	0.4440	0.4987	0.5519	0.5227	0.5343	0.5258	0.5530	0.6051	0.5685	0.6194	0.6259	0.5996	0.6116	0.6469	0.6365	0.6453	0.6742	0.6641	0.6406	0.6340	0.6378	0.5749	0.5739	0.5526	0.5257	0.5116	0.5243	0.5203	0.5205	0.5055	0.4835	0.4845	0.5074	0.5260	0.5072	0.5122	0.5075	0.4650	0.4865	0.4900	0.4872	0.4660	0.4465	0.4387	0.4005	0.3920	0.3949	0.4132	0.3940	0.3382	0.3235	0.3075	0.3218	0.3034	0.3191
0.1728	0.1872	0.2263	0.2496	0.2924	0.3152	0.3465	0.4121	0.4194	0.3974	0.4170	0.4140	0.4359	0.4777	0.4858	0.5315	0.5627	0.6011	0.5630	0.5947	0.6080	0.5887	0.5719	0.5763	0.5978	0.6050	0.5906	0.6487	0.6596	0.6683	0.7106	0.6707	0.6496	0.6699	0.6503	0.5992	0.5671	0.5407	0.5445	0.5184	0.5450	0.5336	0.5245	0.5172	0.4638	0.4908	0.5088	0.4988	0.5235	0.5287	0.4991	0.4764	0.4725	0.4705	0.4646	0.4617	0.4488	0.4171	0.4333	0.4253	0.3989	0.3978	0.3627	0.3585	0.3408	0.3213	0.3425	0.3277	0.3070
0.1541	0.1969	0.2123	0.2522	0.3028	0.2801	0.3245	0.4024	0.4283	0.3851	0.4564	0.4558	0.4756	0.5159	0.5238	0.5492	0.5570	0.6273	0.6055	0.6400	0.6666	0.6447	0.6233	0.6323	0.6680	0.6780	0.6526	0.6383	0.6236	0.6571	0.6825	0.6576	0.6564	0.6929	0.7064	0.6369	0.5987	0.5642	0.5553	0.5023	0.4990	0.5251	0.5195	0.4895	0.4810	0.4998	0.4666	0.4813	0.5036	0.5355	0.5038	0.4889	0.4965	0.4934	0.4716	0.4576	0.4519	0.4363	0.4163	0.4308	0.4052	0.3822	0.3824	0.3776	0.3570	0.3555	0.3489	0.3284	0.3011
0.1765	0.2040	0.2343	0.2720	0.2927	0.3099	0.3545	0.4096	0.4543	0.4329	0.4774	0.4962	0.5038	0.6060	0.5999	0.6092	0.6464	0.6756	0.6898	0.7013	0.6701	0.6641	0.6871	0.6640	0.7124	0.7021	0.6754	0.6652	0.7003	0.6627	0.6446	0.6413	0.6471	0.6768	0.6474	0.6281	0.6002	0.5937	0.5148	0.4908	0.5012	0.4928	0.4934	0.4924	0.4907	0.4788	0.5117	0.5213	0.5049	0.5186	0.5240	0.5276	0.5072	0.4820	0.4670	0.4574	0.4464	0.4344	0.4136	0.4060	0.4036	0.3798	0.3853	0.3898	0.3478	0.3329	0.3374	0.3333	0.3173
0.1769	0.1903	0.2547	0.3101	0.2922	0.3364	0.4138	0.4070	0.4501	0.4832	0.4667	0.5437	0.5788	0.6151	0.6347	0.7142	0.7288	0.7483	0.7899	0.7888	0.7396	0.7662	0.7523	0.7371	0.6981	0.6963	0.6966	0.6785	0.7086	0.6905	0.6823	0.7112	0.6988	0.6821	0.6459	0.6105	0.6176	0.6121	0.5613	0.5228	0.5506	0.5118	0.4914	0.5131	0.4778	0.4851	0.5047	0.5189	0.5230	0.5251	0.4889	0.4761	0.4988	0.4686	0.4562	0.4637	0.4411	0.4289	0.4308	0.4111	0.3830	0.3851	0.3840	0.3678	0.3670	0.3589	0.3401	0.3521	0.3479
0.2240	0.2478	0.2736	0.3053	0.3275	0.3885	0.4497	0.4603	0.4535	0.5116	0.5753	0.6330	0.6666	0.6685	0.7202	0.7850	0.7999	0.9137	0.9001	0.8247	0.8210	0.8586	0.8441	0.8123	0.7643	0.7793	0.7421	0.7253	0.7163	0.6753	0.7507	0.7467	0.7033	0.7218	0.7128	0.6339	0.6373	0.6312	0.6176	0.5477	0.5824	0.5296	0.5615	0.5148	0.5143	0.5074	0.5175	0.5222	0.5422	0.5285	0.5161	0.5095	0.4882	0.4795	0.4597	0.4538	0.4474	0.4373	0.4542	0.4022	0.4063	0.3969	0.4018	0.4015	0.4125	0.3705	0.3771	0.3636	0.3527
0.2346	0.3619	0.4124	0.4389	0.4863	0.5029	0.5633	0.5748	0.5859	0.6519	0.7269	0.7387	0.7381	0.7831	0.8268	0.8863	0.9313	0.9273	0.9130	0.8934	0.8908	0.8746	0.8093	0.7333	0.8385	0.8566	0.8160	0.7411	0.7665	0.7320	0.7621	0.7939	0.7900	0.7656	0.7383	0.6864	0.6663	0.6645	0.6145	0.6079	0.6084	0.6015	0.6083	0.5689	0.5373	0.5136	0.5167	0.5105	0.5150	0.5266	0.5194	0.5212	0.5146	0.5037	0.4533	0.4653	0.4664	0.4354	0.4319	0.4250	0.4405	0.4271	0.4358	0.4322	0.4004	0.3938	0.3791	0.3825	0.3659
0.1342	0.2804	0.3812	0.5165	0.5774	0.6742	0.7472	0.7117	0.7457	0.8093	0.7936	0.8459	0.8196	0.8203	0.8745	0.8952	0.9175	0.8862	0.8641	0.8057	0.6638	0.5451	0.4735	0.4574	0.5590	0.7510	0.7840	0.7580	0.8053	0.8024	0.8374	0.8217	0.7987	0.8208	0.7879	0.7311	0.7378	0.6797	0.6684	0.6288	0.6125	0.6225	0.6596	0.6254	0.5915	0.5629	0.5717	0.5254	0.5248	0.5339	0.5287	0.5166	0.5201	0.5084	0.4857	0.4668	0.4720	0.4478	0.4786	0.4721	0.4625	0.4510	0.4392	0.4165	0.4137	0.3915	0.3843	0.3727	0.3642
0.0804	0.1019	0.1216	0.1947	0.2641	0.3634	0.4524	0.4890	0.5245	0.5406	0.5772	0.5529	0.5334	0.5042	0.5026	0.4829	0.4764	0.4764	0.4516	0.4120	0.3753	0.3405	0.3338	0.3407	0.3313	0.3740	0.4328	0.4453	0.5087	0.5664	0.6884	0.7704	0.6427	0.6613	0.8042	0.8078	0.7921	0.7305	0.6872	0.6703	0.6895	0.6482	0.6786	0.6357	0.6107	0.6035	0.6235	0.5798	0.5828	0.5758	0.5169	0.5254	0.5194	0.4930	0.4802	0.4714	0.4963	0.4821	0.4720	0.4733	0.4631	0.4634	0.4605	0.4389	0.4287	0.4136	0.3977	0.3976	0.3490
0.0278	0.0489	0.0641	0.0730	0.0888	0.1107	0.1339	0.1487	0.1627	0.1683	0.2017	0.1913	0.1977	0.1948	0.2124	0.2280	0.2157	0.2181	0.2313	0.2425	0.2504	0.2325	0.2563	0.2504	0.2422	0.2593	0.2725	0.2828	0.3001	0.3159	0.3905	0.4403	0.4171	0.4409	0.5421	0.6453	0.6938	0.7333	0.7067	0.7506	0.7377	0.6723	0.6772	0.6406	0.6463	0.6543	0.6920	0.6443	0.6112	0.5964	0.5905	0.5586	0.5365	0.5117	0.4973	0.5060	0.5160	0.5034	0.4701	0.4919	0.4787	0.4699	0.4753	0.4650	0.4438	0.4421	0.4313	0.3831	0.3541
0.0257	0.0330	0.0539	0.0484	0.0664	0.0669	0.0707	0.0724	0.0891	0.1056	0.1087	0.1071	0.1179	0.1088	0.1264	0.1425	0.1484	0.1575	0.1574	0.1599	0.1712	0.1717	0.1889	0.2064	0.2088	0.2095	0.2092	0.2230	0.2380	0.2624	0.2580	0.2629	0.2889	0.3164	0.3206	0.3349	0.3927	0.4581	0.5285	0.6351	0.7202	0.7215	0.7177	0.7111	0.6921	0.6660	0.6955	0.6687	0.6537	0.6324	0.5991	0.5852	0.5577	0.5603	0.5476	0.5640	0.5750	0.5432	0.5282	0.5278	0.5130	0.4741	0.4641	0.4401	0.4270	0.4447	0.4463	0.4012	0.3927
0.0170	0.0229	0.0463	0.0464	0.0525	0.0579	0.0718	0.0582	0.0771	0.0879	0.0726	0.0730	0.0872	0.0925	0.0953	0.1055	0.1088	0.1197	0.1154	0.1090	0.1158	0.1127	0.1274	0.1525	0.1440	0.1463	0.1477	0.1576	0.1747	0.1956	0.1905	0.2061	0.2202	0.2394	0.2418	0.2399	0.2726	0.2938	0.3331	0.3842	0.4988	0.6916	0.7637	0.7399	0.7359	0.7281	0.7128	0.7107	0.7039	0.6792	0.6458	0.6244	0.5606	0.5696	0.5714	0.6228	0.6060	0.5611	0.5484	0.5891	0.5277	0.4761	0.5024	0.4525	0.4337	0.4797	0.4484	0.4069	0.4010
0.0107	0.0122	0.0335	0.0448	0.0458	0.0619	0.0609	0.0597	0.0637	0.0571	0.0672	0.0695	0.0830	0.0818	0.0828	0.0794	0.0899	0.0851	0.0906	0.0943	0.0987	0.0945	0.0996	0.1077	0.1116	0.1125	0.1089	0.1105	0.1272	0.1275	0.1361	0.1473	0.1644	0.1739	0.1758	0.1854	0.2126	0.2358	0.2491	0.2754	0.2981	0.4301	0.6206	0.6297	0.6689	0.7157	0.7265	0.7470	0.7075	0.6806	0.6871	0.6732	0.6484	0.6318	0.6233	0.6174	0.5774	0.5918	0.5926	0.5747	0.4991	0.4791	0.4629	0.4529	0.4300	0.4595	0.4382	0.4221	0.3797
0.0278	0.0198	0.0293	0.0409	0.0421	0.0571	0.0595	0.0538	0.0637	0.0580	0.0606	0.0594	0.0712	0.0751	0.0754	0.0718	0.0765	0.0833	0.0857	0.0820	0.0849	0.0850	0.0971	0.0978	0.0909	0.0849	0.0898	0.0962	0.0993	0.1004	0.1115	0.1172	0.1254	0.1245	0.1331	0.1330	0.1455	0.1649	0.1665	0.1757	0.1839	0.2157	0.2616	0.2939	0.3298	0.3700	0.4293	0.5217	0.5562	0.4340	0.4234	0.5428	0.6143	0.6114	0.6575	0.6484	0.6317	0.6279	0.5950	0.5814	0.5331	0.5262	0.4740	0.4469	0.4338	0.4440	0.4141	0.4022	0.4099
0.0112	0.0163	0.0310	0.0372	0.0365	0.0287	0.0368	0.0480	0.0479	0.0533	0.0583	0.0513	0.0690	0.0565	0.0688	0.0746	0.0737	0.0764	0.0797	0.0744	0.0745	0.0809	0.0849	0.0940	0.0812	0.0791	0.0809	0.0854	0.0906	0.0931	0.0918	0.0932	0.0907	0.1001	0.1122	0.1111	0.1104	0.1238	0.1186	0.1302	0.1579	0.1558	0.1651	0.1833	0.1928	0.1981	0.2045	0.2278	0.2514	0.2350	0.2546	0.2830	0.3326	0.3665	0.5052	0.6024	0.5908	0.6237	0.6014	0.5450	0.5064	0.5119	0.4817	0.4465	0.4337	0.4278	0.4193	0.4216	0.4081
0.0112	0.0152	0.0194	0.0186	0.0390	0.0305	0.0417	0.0526	0.0385	0.0457	0.0459	0.0495	0.0555	0.0561	0.0566	0.0652	0.0762	0.0699	0.0737	0.0779	0.0738	0.0727	0.0772	0.0776	0.0753	0.0732	0.0702	0.0855	0.0852	0.0863	0.0764	0.0763	0.0844	0.0834	0.0889	0.0923	0.0900	0.0854	0.0887	0.0980	0.1079	0.1090	0.1229	0.1244	0.1360	0.1449	0.1470	0.1662	0.1725	0.1827	0.2052	0.2099	0.2288	0.2422	0.2867	0.3659	0.4637	0.6248	0.5940	0.5767	0.5336	0.5089	0.4835	0.4677	0.4562	0.4797	0.3987	0.4331	0.4013
0.0000	0.0201	0.0140	0.0228	0.0187	0.0147	0.0358	0.0514	0.0435	0.0427	0.0372	0.0418	0.0550	0.0533	0.0578	0.0643	0.0634	0.0634	0.0565	0.0569	0.0597	0.0616	0.0678	0.0634	0.0666	0.0622	0.0616	0.0711	0.0706	0.0733	0.0709	0.0691	0.0822	0.0691	0.0711	0.0731	0.0713	0.0702	0.0745	0.0722	0.0797	0.0870	0.0910	0.0923	0.1006	0.1060	0.1078	0.1176	0.1212	0.1293	0.1397	0.1555	0.1616	0.1795	0.2050	0.2285	0.3436	0.5931	0.6143	0.6127	0.5713	0.5546	0.5147	0.4752	0.4624	0.4318	0.3075	0.3644	0.3114
0.0033	0.0081	0.0159	0.0146	0.0122	0.0255	0.0247	0.0412	0.0391	0.0351	0.0340	0.0418	0.0494	0.0391	0.0466	0.0622	0.0555	0.0601	0.0548	0.0490	0.0592	0.0569	0.0614	0.0561	0.0611	0.0575	0.0573	0.0598	0.0593	0.0612	0.0586	0.0671	0.0713	0.0596	0.0606	0.0640	0.0629	0.0594	0.0649	0.0733	0.0694	0.0733	0.0765	0.0764	0.0871	0.0885	0.0852	0.0843	0.0879	0.0947	0.0880	0.1012	0.1051	0.1131	0.1265	0.1382	0.1749	0.2585	0.3575	0.5117	0.5635	0.5105	0.4721	0.4191	0.3975	0.3293	0.1771	0.1789	0.1833
0.0000	0.0004	0.0183	0.0113	0.0203	0.0203	0.0239	0.0356	0.0416	0.0451	0.0233	0.0428	0.0443	0.0283	0.0453	0.0527	0.0477	0.0442	0.0525	0.0612	0.0647	0.0489	0.0533	0.0605	0.0624	0.0650	0.0606	0.0614	0.0619	0.0539	0.0533	0.0532	0.0688	0.0705	0.0665	0.0610	0.0610	0.0644	0.0642	0.0723	0.0718	0.0726	0.0675	0.0711	0.0697	0.0695	0.0699	0.0724	0.0776	0.0772	0.0755	0.0893	0.0713	0.0826	0.0940	0.0905	0.1033	0.1060	0.1205	0.2000	0.2855	0.3592	0.3543	0.2084	0.2067	0.1710	0.1108	0.1109	0.1424
0.0000	0.0000	0.0005	0.0000	0.0160	0.0073	0.0212	0.0240	0.0321	0.0316	0.0245	0.0254	0.0377	0.0326	0.0421	0.0458	0.0367	0.0414	0.0403	0.0434	0.0446	0.0440	0.0481	0.0531	0.0660	0.0605	0.0519	0.0548	0.0523	0.0501	0.0451	0.0410	0.0509	0.0589	0.0524	0.0653	0.0626	0.0554	0.0614	0.0604	0.0607	0.0635	0.0608	0.0623	0.0590	0.0625	0.0602	0.0671	0.0690	0.0684	0.0735	0.0759	0.0646	0.0722	0.0850	0.0717	0.0859	0.0889	0.0914	0.0980	0.1046	0.1281	0.1521	0.1001	0.0884	0.0775	0.0718	0.0839	0.0876
0.0000	0.0000	0.0079	0.0144	0.0078	0.0065	0.0151	0.0265	0.0178	0.0107	0.0173	0.0205	0.0340	0.0196	0.0259	0.0361	0.0316	0.0326	0.0322	0.0424	0.0367	0.0427	0.0493	0.0447	0.0550	0.0519	0.0466	0.0497	0.0548	0.0455	0.0424	0.0453	0.0466	0.0558	0.0504	0.0480	0.0503	0.0503	0.0508	0.0527	0.0547	0.0618	0.0660	0.0584	0.0540	0.0577	0.0594	0.0517	0.0606	0.0636	0.0590	0.0617	0.0650	0.0686	0.0691	0.0693	0.0752	0.0769	0.0809	0.0813	0.0786	0.0718	0.0699	0.0775	0.0781	0.0648	0.0604	0.0615	0.0557
0.0000	0.0000	0.0000	0.0044	0.0000	0.0000	0.0125	0.0185	0.0140	0.0001	0.0098	0.0290	0.0235	0.0166	0.0249	0.0323	0.0308	0.0340	0.0258	0.0436	0.0406	0.0345	0.0396	0.0426	0.0438	0.0356	0.0479	0.0437	0.0413	0.0391	0.0432	0.0504	0.0409	0.0443	0.0409	0.0440	0.0429	0.0531	0.0499	0.0437	0.0445	0.0556	0.0576	0.0556	0.0530	0.0538	0.0544	0.0478	0.0499	0.0471	0.0569	0.0650	0.0551	0.0656	0.0652	0.0704	0.0625	0.0650	0.0692	0.0629	0.0687	0.0638	0.0699	0.0740	0.0735	0.0613	0.0576	0.0604	0.0520
0.0000	0.0000	0.0000	0.0000	0.0000	0.0000	0.0054	0.0039	0.0117	0.0118	0.0198	0.0323	0.0165	0.0227	0.0256	0.0278	0.0304	0.0303	0.0248	0.0333	0.0379	0.0362	0.0291	0.0301	0.0391	0.0362	0.0388	0.0330	0.0400	0.0507	0.0434	0.0435	0.0415	0.0483	0.0503	0.0427	0.0535	0.0444	0.0481	0.0423	0.0429	0.0464	0.0558	0.0513	0.0504	0.0573	0.0564	0.0519	0.0451	0.0531	0.0583	0.0598	0.0560	0.0575	0.0562	0.0647	0.0627	0.0566	0.0619	0.0661	0.0600	0.0621	0.0668	0.0566	0.0556	0.0539	0.0473	0.0528	0.0461
0.0000	0.0000	0.0000	0.0000	0.0000	0.0000	0.0092	0.0139	0.0146	0.0098	0.0156	0.0167	0.0130	0.0197	0.0307	0.0338	0.0248	0.0276	0.0230	0.0336	0.0320	0.0351	0.0296	0.0336	0.0330	0.0305	0.0269	0.0302	0.0315	0.0389	0.0354	0.0321	0.0396	0.0461	0.0495	0.0485	0.0428	0.0472	0.0490	0.0439	0.0426	0.0507	0.0467	0.0405	0.0499	0.0579	0.0542	0.0517	0.0480	0.0554	0.0511	0.0509	0.0568	0.0500	0.0501	0.0554	0.0621	0.0616	0.0542	0.0528	0.0564	0.0556	0.0564	0.0535	0.0501	0.0408	0.0394	0.0387	0.0370
0.0000	0.0000	0.0000	0.0000	0.0000	0.0027	0.0040	0.0041	0.0091	0.0127	0.0092	0.0077	0.0157	0.0198	0.0282	0.0234	0.0276	0.0183	0.0184	0.0225	0.0221	0.0297	0.0280	0.0318	0.0301	0.0286	0.0314	0.0293	0.0342	0.0398	0.0246	0.0275	0.0356	0.0405	0.0403	0.0467	0.0341	0.0410	0.0426	0.0389	0.0371	0.0520	0.0532	0.0443	0.0442	0.0502	0.0514	0.0524	0.0483	0.0414	0.0443	0.0514	0.0473	0.0516	0.0533	0.0522	0.0510	0.0494	0.0458	0.0510	0.0541	0.0462	0.0412	0.0550	0.0514	0.0468	0.0372	0.0360	0.0400
0.0000	0.0000	0.0000	0.0000	0.0000	0.0197	0.0036	0.0000	0.0108	0.0000	0.0113	0.0189	0.0067	0.0170	0.0151	0.0300	0.0293	0.0187	0.0175	0.0211	0.0168	0.0293	0.0272	0.0243	0.0382	0.0311	0.0281	0.0346	0.0269	0.0379	0.0348	0.0281	0.0335	0.0287	0.0363	0.0344	0.0362	0.0488	0.0420	0.0363	0.0463	0.0416	0.0462	0.0501	0.0427	0.0409	0.0489	0.0486	0.0442	0.0439	0.0585	0.0502	0.0516	0.0548	0.0603	0.0562	0.0511	0.0524	0.0565	0.0557	0.0606	0.0543	0.0558	0.0541	0.0451	0.0465	0.0514	0.0457	0.0462
