0.0000	0.0000	0.0000	0.0000	0.0000	0.0079	0.0000	0.0124	0.0295	0.0098	0.0061	0.0295	0.0234	0.0198	0.0256	0.0409	0.0516	0.0385	0.0344	0.0460	0.0574	0.0357	0.0440	0.0602	0.0678	0.0680	0.0680	0.0599	0.0800	0.0758	0.0603	0.0667	0.0840	0.0852	0.0629	0.0772	0.0765	0.0773	0.0743	0.0508	0.0533	0.0518	0.0505	0.0585	0.0640	0.0642	0.0820	0.0782	0.0770	0.0663	0.0683	0.0612	0.0539	0.0495	0.0618	0.0582	0.0673	0.0560	0.0553	0.0430	0.0514	0.0675	0.0544	0.0517	0.0612	0.0509	0.0556	0.0623	0.0546
0.0000	0.0000	0.0000	0.0064	0.0038	0.0091	0.0202	0.0162	0.0283	0.0168	0.0234	0.0277	0.0309	0.0380	0.0432	0.0464	0.0443	0.0613	0.0484	0.0502	0.0582	0.0649	0.0569	0.0610	0.0675	0.0866	0.0887	0.0668	0.0751	0.0730	0.0817	0.0753	0.0833	0.0827	0.0777	0.0808	0.0823	0.0760	0.0921	0.0735	0.0596	0.0497	0.0535	0.0595	0.0619	0.0550	0.0737	0.0796	0.0739	0.0658	0.0843	0.0700	0.0567	0.0591	0.0679	0.0757	0.0581	0.0565	0.0642	0.0498	0.0553	0.0604	0.0767	0.0849	0.0714	0.0620	0.0698	0.0669	0.0518
0.0000	0.0000	0.0000	0.0086	0.0012	0.0045	0.0181	0.0185	0.0197	0.0180	0.0343	0.0338	0.0294	0.0381	0.0338	0.0504	0.0476	0.0517	0.0675	0.0508	0.0511	0.0720	0.0639	0.0616	0.0913	0.0917	0.0959	0.0755	0.0721	0.0906	0.0765	0.0840	0.0930	0.0770	0.1008	0.0789	0.0702	0.0786	0.0824	0.0820	0.0712	0.0764	0.0747	0.0731	0.0723	0.0694	0.0849	0.0938	0.0701	0.0727	0.0781	0.0744	0.0664	0.0777	0.0682	0.0761	0.0719	0.0554	0.0672	0.0680	0.0743	0.0754	0.0834	0.0829	0.0884	0.1008	0.1031	0.0804	0.0773
0.0000	0.0000	0.0002	0.0036	0.0000	0.0113	0.0114	0.0192	0.0183	0.0243	0.0273	0.0486	0.0498	0.0368	0.0333	0.0431	0.0549	0.0628	0.0621	0.0518	0.0628	0.0770	0.0750	0.0684	0.0942	0.0813	0.0858	0.0791	0.0757	0.0824	0.0707	0.0836	0.0832	0.0810	0.0949	0.0887	0.0799	0.0888	0.0853	0.0799	0.0867	0.0745	0.0781	0.0727	0.0661	0.0748	0.0884	0.0868	0.0831	0.0770	0.1003	0.0923	0.0859	0.0858	0.0789	0.0861	0.0745	0.0782	0.0759	0.0826	0.0832	0.0861	0.1113	0.1137	0.1659	0.2342	0.2170	0.1698	0.1604
0.0000	0.0000	0.0068	0.0000	0.0070	0.0191	0.0209	0.0199	0.0204	0.0212	0.0255	0.0246	0.0357	0.0450	0.0379	0.0571	0.0586	0.0452	0.0417	0.0595	0.0680	0.0796	0.0715	0.0772	0.0855	0.0769	0.0903	0.0785	0.0864	0.0864	0.0887	0.0931	0.0978	0.0926	0.0984	0.1026	0.0991	0.0950	0.0853	0.0822	0.0914	0.0669	0.0715	0.0778	0.0828	0.0898	0.0805	0.0883	0.1041	0.0951	0.0968	0.0859	0.0955	0.0910	0.0844	0.0892	0.0901	0.0870	0.0843	0.0959	0.0948	0.1030	0.1276	0.1417	0.2382	0.2834	0.2877	0.2574	0.2232
0.0000	0.0000	0.0119	0.0124	0.0157	0.0123	0.0162	0.0242	0.0264	0.0307	0.0526	0.0435	0.0639	0.0563	0.0537	0.0730	0.0626	0.0515	0.0554	0.0831	0.0717	0.0847	0.0753	0.0681	0.0954	0.0743	0.0857	0.0811	0.0896	0.0925	0.1038	0.1019	0.1123	0.1129	0.1040	0.0957	0.1060	0.1024	0.0888	0.0867	0.0830	0.0833	0.0795	0.0731	0.0861	0.1031	0.0847	0.0983	0.1061	0.1023	0.1034	0.0900	0.1009	0.1078	0.0983	0.1029	0.1089	0.0977	0.1122	0.1232	0.1183	0.1372	0.1491	0.1536	0.1676	0.2005	0.2364	0.2812	0.2651
0.0000	0.0009	0.0139	0.0141	0.0057	0.0183	0.0311	0.0324	0.0261	0.0404	0.0515	0.0755	0.0608	0.0401	0.0484	0.0682	0.0634	0.0713	0.0675	0.0751	0.0962	0.0897	0.0761	0.0682	0.0945	0.1005	0.0921	0.0972	0.1047	0.1126	0.0994	0.0954	0.1144	0.1309	0.1119	0.1292	0.1005	0.0954	0.0959	0.0850	0.0778	0.0879	0.0818	0.0833	0.0930	0.0963	0.0993	0.1141	0.1159	0.1181	0.1150	0.1174	0.1147	0.1215	0.1240	0.1401	0.1250	0.1199	0.1229	0.1318	0.1374	0.1571	0.1686	0.2088	0.1906	0.1597	0.1598	0.2181	0.2448
0.0000	0.0000	0.0136	0.0101	0.0191	0.0278	0.0284	0.0362	0.0370	0.0479	0.0456	0.0711	0.0616	0.0507	0.0467	0.0596	0.0682	0.0643	0.0655	0.0636	0.0973	0.1047	0.0899	0.0878	0.1035	0.1064	0.0925	0.1021	0.1304	0.1199	0.0967	0.0876	0.1171	0.1332	0.1217	0.1204	0.1245	0.1215	0.1131	0.1078	0.1049	0.0976	0.0984	0.0914	0.0939	0.1088	0.1209	0.1228	0.1238	0.1334	0.1273	0.1318	0.1213	0.1298	0.1406	0.1588	0.1454	0.1348	0.1300	0.1377	0.1756	0.1793	0.2159	0.2943	0.3079	0.2214	0.2053	0.2139	0.2266
0.0000	0.0136	0.0309	0.0202	0.0199	0.0267	0.0377	0.0494	0.0473	0.0479	0.0396	0.0602	0.0623	0.0723	0.0672	0.0663	0.0624	0.0686	0.0828	0.0833	0.1024	0.1006	0.1184	0.0962	0.1126	0.1329	0.1009	0.1067	0.1228	0.1106	0.1152	0.1219	0.1336	0.1321	0.1362	0.1295	0.1333	0.1237	0.1252	0.1024	0.1128	0.1133	0.1153	0.1074	0.1207	0.1314	0.1343	0.1438	0.1498	0.1594	0.1745	0.1630	0.1664	0.1832	0.1866	0.1871	0.1966	0.1730	0.1660	0.1891	0.2088	0.1974	0.2203	0.3049	0.3566	0.2959	0.2702	0.3025	0.2596
0.0025	0.0000	0.0176	0.0317	0.0239	0.0270	0.0458	0.0571	0.0647	0.0509	0.0456	0.0609	0.0618	0.0834	0.0863	0.0919	0.0953	0.0765	0.0874	0.0990	0.1221	0.1011	0.0976	0.1027	0.1142	0.1449	0.1119	0.1150	0.1323	0.1060	0.1242	0.1301	0.1272	0.1459	0.1453	0.1270	0.1443	0.1335	0.1345	0.1233	0.1019	0.1117	0.1142	0.1245	0.1379	0.1537	0.1708	0.1577	0.1707	0.1759	0.2017	0.1851	0.2012	0.2080	0.2278	0.2171	0.2203	0.2014	0.1991	0.2057	0.2250	0.2227	0.2403	0.3225	0.4007	0.3325	0.2971	0.3220	0.3246
0.0000	0.0056	0.0361	0.0447	0.0316	0.0421	0.0588	0.0578	0.0483	0.0564	0.0600	0.0681	0.0775	0.0939	0.0829	0.0883	0.1117	0.0945	0.1040	0.1018	0.1303	0.1087	0.1018	0.1142	0.1347	0.1475	0.1388	0.1355	0.1395	0.1290	0.1459	0.1249	0.1360	0.1532	0.1574	0.1541	0.1674	0.1734	0.1523	0.1391	0.1396	0.1349	0.1302	0.1404	0.1558	0.1646	0.1871	0.1812	0.1821	0.2023	0.2206	0.2280	0.2207	0.2223	0.2472	0.2858	0.3091	0.2485	0.2194	0.2236	0.2153	0.2249	0.2562	0.3002	0.3774	0.3421	0.3239	0.3207	0.2888
0.0077	0.0257	0.0250	0.0302	0.0264	0.0330	0.0454	0.0662	0.0586	0.0532	0.0892	0.0767	0.0763	0.0851	0.0729	0.1002	0.1171	0.1311	0.1224	0.1184	0.1202	0.1537	0.1323	0.1398	0.1696	0.1593	0.1622	0.1555	0.1744	0.1840	0.1820	0.1598	0.1918	0.1813	0.1905	0.1683	0.1749	0.1819	0.1876	0.1774	0.1571	0.1734	0.1778	0.1655	0.1664	0.1938	0.1932	0.2216	0.2363	0.2553	0.2459	0.2524	0.2687	0.3424	0.4197	0.4403	0.5057	0.3502	0.2426	0.2370	0.2219	0.2375	0.2532	0.3022	0.3397	0.3305	0.3128	0.3096	0.2949
0.0395	0.0381	0.0233	0.0354	0.0471	0.0396	0.0328	0.0621	0.0820	0.0716	0.0894	0.0957	0.0910	0.0870	0.0819	0.1093	0.1317	0.1499	0.1445	0.1384	0.1562	0.1946	0.1970	0.1965	0.2104	0.2175	0.2034	0.1978	0.2390	0.2217	0.1974	0.2056	0.2264	0.2124	0.1996	0.2049	0.2079	0.2151	0.2172	0.2108	0.1818	0.1884	0.1903	0.1937	0.1893	0.2264	0.2426	0.2645	0.2962	0.3013	0.3034	0.3195	0.3566	0.4940	0.5985	0.5734	0.5512	0.4467	0.3536	0.3254	0.3133	0.3078	0.3055	0.4077	0.4385	0.3362	0.3235	0.3310	0.2993
0.0246	0.0195	0.0304	0.0371	0.0473	0.0472	0.0588	0.0688	0.0619	0.0667	0.0850	0.0963	0.1059	0.0993	0.1211	0.1359	0.1569	0.1815	0.2050	0.2138	0.2440	0.2832	0.3853	0.4188	0.3977	0.3708	0.3190	0.3672	0.4095	0.3821	0.3196	0.2794	0.2710	0.2948	0.2817	0.2843	0.2897	0.2647	0.2578	0.2396	0.2267	0.2211	0.2388	0.2200	0.2336	0.2605	0.2746	0.3033	0.3195	0.3502	0.3808	0.3974	0.4011	0.5560	0.6323	0.6136	0.5888	0.5445	0.4967	0.4807	0.4898	0.4022	0.3845	0.4461	0.4418	0.3826	0.3427	0.3037	0.2925
0.0192	0.0293	0.0493	0.0428	0.0552	0.0492	0.0660	0.0843	0.0862	0.0924	0.0940	0.1200	0.1207	0.1330	0.1693	0.2046	0.2611	0.3639	0.3528	0.3610	0.5198	0.5977	0.6389	0.7192	0.6320	0.6059	0.5805	0.6252	0.6726	0.7352	0.6264	0.4990	0.4662	0.4831	0.5198	0.5612	0.5801	0.4830	0.3230	0.2680	0.2584	0.2494	0.2441	0.2387	0.2647	0.2877	0.2993	0.3363	0.3904	0.4205	0.4592	0.4207	0.4100	0.4627	0.5891	0.5707	0.5895	0.5312	0.5099	0.5071	0.4948	0.4620	0.4562	0.4342	0.4170	0.3682	0.3237	0.3111	0.2685
0.0165	0.0322	0.0453	0.0656	0.0693	0.0717	0.0871	0.1073	0.1269	0.1306	0.1477	0.1920	0.2127	0.2911	0.3733	0.3868	0.5464	0.6877	0.6946	0.6433	0.7284	0.7141	0.6354	0.7100	0.6748	0.6471	0.6612	0.6735	0.7131	0.7063	0.7701	0.8346	0.7620	0.7958	0.8110	0.8779	0.9605	0.8070	0.4474	0.2786	0.2828	0.2620	0.2903	0.2861	0.2775	0.3468	0.3646	0.4243	0.4926	0.6156	0.6334	0.6129	0.4905	0.4396	0.5296	0.6077	0.5657	0.4934	0.4960	0.5154	0.4856	0.4390	0.4367	0.4158	0.3758	0.3293	0.3188	0.3287	0.2933
0.0302	0.0446	0.0547	0.0810	0.1058	0.1190	0.1576	0.1723	0.2047	0.2831	0.3809	0.3883	0.4737	0.6043	0.7069	0.7037	0.6781	0.6783	0.6833	0.6733	0.6794	0.6542	0.6182	0.6421	0.6563	0.6455	0.6500	0.6567	0.6521	0.6657	0.7434	0.8183	0.8499	0.8876	0.9253	0.8867	0.8546	0.8294	0.5531	0.3479	0.3182	0.2992	0.3311	0.3269	0.3397	0.3606	0.4061	0.4771	0.6275	0.7192	0.6938	0.7041	0.6520	0.5995	0.5720	0.5641	0.5418	0.4828	0.4714	0.4940	0.4398	0.4148	0.4079	0.3981	0.3729	0.3195	0.3087	0.3055	0.2837
0.0479	0.0797	0.1049	0.1410	0.1621	0.2375	0.3751	0.3677	0.4111	0.5103	0.6857	0.6860	0.7015	0.6546	0.6764	0.6538	0.6032	0.5908	0.5891	0.6156	0.6518	0.6490	0.6025	0.5951	0.5985	0.6187	0.6633	0.6439	0.6181	0.6658	0.7066	0.7846	0.8015	0.8485	0.8560	0.8421	0.8246	0.8086	0.6933	0.5179	0.4155	0.4034	0.3584	0.3410	0.3587	0.4051	0.4562	0.5538	0.6966	0.6667	0.6112	0.6357	0.6401	0.6037	0.5384	0.4881	0.4668	0.4260	0.4574	0.4635	0.4560	0.4153	0.4027	0.3683	0.3495	0.3216	0.3126	0.3013	0.2784
0.0961	0.1733	0.2815	0.3707	0.4228	0.5687	0.6752	0.6036	0.6207	0.6402	0.6845	0.7002	0.6465	0.5849	0.5425	0.5554	0.5378	0.5713	0.5902	0.6243	0.6193	0.6327	0.6281	0.5801	0.5652	0.6000	0.6646	0.6259	0.6252	0.6985	0.7011	0.7408	0.7694	0.8425	0.8314	0.8321	0.7833	0.7983	0.7787	0.7156	0.5944	0.6022	0.4545	0.3648	0.4663	0.5943	0.5855	0.6571	0.6546	0.6262	0.6079	0.5487	0.5401	0.5550	0.5285	0.4472	0.4115	0.4045	0.4350	0.4333	0.4542	0.3923	0.3787	0.3562	0.3402	0.3007	0.3329	0.3058	0.2918
0.2224	0.3301	0.4078	0.4670	0.5215	0.5915	0.5596	0.5599	0.6095	0.5516	0.5125	0.5451	0.5055	0.4399	0.4323	0.4968	0.5273	0.5795	0.5992	0.5972	0.5875	0.6471	0.6123	0.5871	0.5817	0.5871	0.6379	0.6552	0.6640	0.6982	0.6948	0.6611	0.7571	0.7933	0.7482	0.7616	0.7401	0.7421	0.7126	0.7611	0.7227	0.7135	0.5486	0.4273	0.6349	0.6995	0.6253	0.6229	0.6136	0.5828	0.5537	0.5189	0.5052	0.5090	0.5013	0.4619	0.4299	0.4113	0.4197	0.3889	0.4071	0.3962	0.3791	0.3602	0.3268	0.3039	0.3009	0.3112	0.2822
0.2387	0.3072	0.3108	0.3187	0.3324	0.3665	0.3892	0.3788	0.4031	0.4001	0.4115	0.3976	0.4228	0.4227	0.4097	0.4636	0.5136	0.5487	0.5316	0.5546	0.5737	0.5746	0.5762	0.5416	0.5646	0.6158	0.5720	0.6342	0.6475	0.6313	0.7095	0.6961	0.6960	0.7717	0.7524	0.7209	0.7273	0.7048	0.6966	0.7450	0.7131	0.6898	0.6545	0.6010	0.6534	0.6352	0.5747	0.5787	0.5464	0.5370	0.5370	0.5050	0.4567	0.5070	0.4524	0.4486	0.4447	0.4188	0.3971	0.3871	0.3749	0.4005	0.3916	0.3566	0.3541	0.3234	0.3127	0.3123	0.3019
0.2096	0.2368	0.2563	0.2571	0.2856	0.2576	0.2822	0.3276	0.3087	0.3234	0.3393	0.3679	0.3888	0.4141	0.4113	0.4440	0.5155	0.5398	0.5533	0.5466	0.5920	0.6073	0.5602	0.5455	0.5526	0.5745	0.5711	0.6298	0.6668	0.6390	0.6677	0.6586	0.6383	0.6815	0.7188	0.6823	0.6535	0.6497	0.5984	0.6530	0.6725	0.6428	0.6408	0.6171	0.6226	0.6008	0.5421	0.5268	0.4907	0.5008	0.5223	0.4723	0.4550	0.4760	0.4357	0.4521	0.4149	0.4248	0.4136	0.4024	0.3868	0.3807	0.3643	0.3673	0.3521	0.3238	0.2945	0.3058	0.2907
0.1628	0.1914	0.2472	0.2391	0.2611	0.2633	0.3103	0.3110	0.3027	0.3070	0.3243	0.3558	0.3644	0.4104	0.3872	0.4207	0.5052	0.5035	0.5081	0.4830	0.5864	0.6103	0.5953	0.5602	0.5415	0.5402	0.5791	0.6272	0.6312	0.6003	0.5838	0.6148	0.6800	0.6871	0.6121	0.6111	0.6248	0.6092	0.6231	0.5661	0.5656	0.5434	0.5491	0.5411	0.5597	0.5402	0.5121	0.5170	0.4956	0.4485	0.4587	0.4658	0.4870	0.4827	0.4518	0.4559	0.4349	0.4271	0.4087	0.4192	0.3970	0.3661	0.3786	0.3708	0.3277	0.3080	0.3036	0.2981	0.2992
0.1573	0.1984	0.2253	0.2470	0.2455	0.2743	0.3231	0.3079	0.2853	0.2907	0.2934	0.3413	0.3813	0.3801	0.3948	0.4226	0.4842	0.5163	0.5182	0.4648	0.5455	0.5848	0.5826	0.5440	0.6149	0.5374	0.5891	0.5803	0.5828	0.5682	0.6006	0.6404	0.6183	0.6398	0.6248	0.5725	0.5712	0.5639	0.5319	0.5231	0.5139	0.5244	0.5160	0.5116	0.5291	0.4974	0.5316	0.4939	0.4595	0.4850	0.4477	0.4456	0.4541	0.4632	0.4364	0.4550	0.4429	0.4342	0.4176	0.3951	0.3888	0.3749	0.3678	0.3385	0.3119	0.3008	0.2876	0.2902	0.2960
0.1835	0.1983	0.2291	0.2562	0.2658	0.2868	0.2985	0.3074	0.2863	0.3043	0.3340	0.3452	0.3665	0.4011	0.4153	0.4448	0.5045	0.5215	0.5010	0.5243	0.4964	0.5403	0.5240	0.5591	0.5905	0.5534	0.5330	0.5451	0.5933	0.5996	0.6078	0.5901	0.5973	0.6180	0.6130	0.5745	0.5920	0.5554	0.5291	0.5489	0.5129	0.4937	0.4920	0.4807	0.4817	0.4511	0.4770	0.4812	0.5025	0.5048	0.4633	0.4423	0.4409	0.4554	0.4275	0.4173	0.4210	0.4384	0.4002	0.4053	0.3948	0.3631	0.3622	0.3448	0.3325	0.3338	0.2971	0.2900	0.2845
0.1849	0.1824	0.2103	0.2496	0.2555	0.2720	0.2661	0.2904	0.2963	0.3085	0.3421	0.3391	0.3856	0.4068	0.4220	0.4411	0.4993	0.5237	0.4886	0.5140	0.5267	0.5054	0.4894	0.4962	0.5302	0.5269	0.5027	0.5482	0.5906	0.5726	0.6186	0.5818	0.5892	0.5980	0.5957	0.5593	0.5695	0.5607	0.5586	0.5425	0.5421	0.5104	0.4765	0.4791	0.5127	0.5023	0.4758	0.4953	0.5112	0.5163	0.4930	0.4619	0.4464	0.4463	0.4369	0.4419	0.4330	0.4300	0.4187	0.4078	0.3895	0.3603	0.3503	0.3369	0.3334	0.3313	0.3094	0.3025	0.2674
0.1809	0.2131	0.2224	0.2529	0.2573	0.2597	0.2697	0.2958	0.2761	0.2927	0.3424	0.3464	0.3721	0.4026	0.4363	0.4859	0.4865	0.5047	0.5223	0.5176	0.5429	0.5157	0.4840	0.5191	0.5183	0.4943	0.5044	0.5041	0.5295	0.5683	0.5945	0.6098	0.6169	0.6011	0.5526	0.5563	0.5404	0.5667	0.5525	0.5386	0.5315	0.4974	0.4967	0.4775	0.5063	0.4800	0.4646	0.4691	0.4965	0.5083	0.4856	0.4701	0.4544	0.4604	0.4420	0.4310	0.4183	0.4038	0.4204	0.4116	0.3809	0.3562	0.3733	0.3525	0.3244	0.2809	0.2724	0.2691	0.2777
0.1751	0.2077	0.2199	0.2396	0.2525	0.2368	0.2513	0.2696	0.2995	0.3273	0.3415	0.3686	0.3880	0.4079	0.4496	0.4829	0.4529	0.5020	0.5200	0.5162	0.5085	0.5050	0.4892	0.5109	0.5218	0.5097	0.5159	0.5528	0.5344	0.5625	0.5798	0.5854	0.5860	0.5898	0.5635	0.5784	0.5705	0.5487	0.5568	0.5559	0.5345	0.5323	0.5116	0.4811	0.4948	0.4558	0.4923	0.4983	0.5086	0.4986	0.5049	0.4913	0.4812	0.4777	0.4537	0.4334	0.4245	0.3840	0.3996	0.4221	0.4013	0.3919	0.3636	0.3363	0.3111	0.2948	0.2733	0.2795	0.2836
0.1649	0.1840	0.1873	0.2378	0.2539	0.2381	0.2476	0.2873	0.3033	0.3101	0.3584	0.3997	0.4074	0.4273	0.4602	0.4765	0.4921	0.5544	0.5723	0.5389	0.5366	0.5035	0.5082	0.5355	0.5472	0.5142	0.5410	0.5527	0.5876	0.5479	0.5816	0.5931	0.6121	0.6175	0.5942	0.5729	0.5854	0.6121	0.5723	0.5733	0.5580	0.5377	0.5452	0.4739	0.4793	0.4819	0.4929	0.5047	0.5150	0.5164	0.5111	0.4677	0.4643	0.4602	0.4622	0.4309	0.4161	0.4069	0.3889	0.3975	0.3685	0.3804	0.3534	0.3476	0.3377	0.2932	0.2705	0.2934	0.2587
0.1672	0.1672	0.2172	0.2420	0.2454	0.2428	0.2633	0.2931	0.3139	0.3066	0.3717	0.3911	0.4133	0.4236	0.4382	0.4842	0.5291	0.5671	0.5734	0.5814	0.5566	0.5399	0.5228	0.5668	0.5237	0.4984	0.5591	0.5561	0.6057	0.6084	0.6106	0.6193	0.6609	0.6441	0.6134	0.5746	0.6330	0.6330	0.5930	0.5900	0.5788	0.5457	0.5274	0.5005	0.4880	0.4824	0.4994	0.4980	0.5023	0.5260	0.4977	0.4756	0.4652	0.4537	0.4449	0.4380	0.4035	0.3818	0.3794	0.3857	0.3658	0.3650	0.3593	0.3366	0.3343	0.3147	0.2835	0.2987	0.2713
0.1369	0.1673	0.2095	0.2410	0.2702	0.2590	0.2538	0.2905	0.3308	0.3486	0.4029	0.3833	0.4156	0.4186	0.4417	0.4792	0.5299	0.5346	0.5334	0.5549	0.5623	0.5920	0.5526	0.5639	0.5859	0.5488	0.5221	0.5620	0.5893	0.6305	0.6605	0.6943	0.6981	0.6608	0.6833	0.6613	0.6545	0.6194	0.6054	0.5975	0.5347	0.5434	0.5174	0.5147	0.5064	0.5066	0.4982	0.4938	0.5086	0.5464	0.5203	0.4908	0.5024	0.4779	0.4189	0.4246	0.4090	0.3853	0.3747	0.3998	0.3768	0.3417	0.3452	0.3467	0.3230	0.3057	0.2935	0.2941	0.2689
0.1577	0.1811	0.1946	0.2169	0.2201	0.2670	0.2531	0.2988	0.3338	0.3428	0.3687	0.3714	0.3930	0.4101	0.4534	0.5164	0.5271	0.5208	0.5585	0.5403	0.5755	0.5981	0.5540	0.5717	0.6115	0.5625	0.5652	0.6049	0.6472	0.6567	0.6631	0.7123	0.7153	0.6694	0.7038	0.6960	0.6929	0.6557	0.6448	0.6510	0.5876	0.5646	0.5594	0.5003	0.5092	0.4991	0.4810	0.5300	0.5004	0.5194	0.5355	0.4627	0.4645	0.4790	0.4473	0.4203	0.4072	0.4096	0.3876	0.3865	0.3782	0.3610	0.3536	0.3508	0.3199	0.3022	0.2822	0.3249	0.2779
0.1590	0.1926	0.1985	0.2145	0.2166	0.2367	0.2711	0.3134	0.3360	0.3656	0.3547	0.4009	0.4196	0.4214	0.4675	0.4867	0.5675	0.5484	0.5944	0.5759	0.5723	0.5628	0.5666	0.6202	0.6484	0.5908	0.5949	0.6255	0.6712	0.6829	0.7007	0.7467	0.7444	0.7034	0.7512	0.7201	0.7568	0.7132	0.7020	0.7060	0.6826	0.6750	0.6021	0.5356	0.5104	0.4980	0.5031	0.5432	0.5106	0.5283	0.5347	0.4762	0.4693	0.4611	0.4488	0.4426	0.4262	0.4046	0.3723	0.3769	0.3618	0.3672	0.3550	0.3298	0.3168	0.2948	0.3151	0.3032	0.2842
0.1371	0.1685	0.2055	0.2264	0.2285	0.2217	0.2835	0.3297	0.3361	0.3521	0.3358	0.3659	0.4036	0.4477	0.4834	0.5192	0.5513	0.5752	0.5670	0.5738	0.6155	0.5744	0.5750	0.5788	0.6403	0.6531	0.6030	0.6211	0.6479	0.6792	0.7273	0.7215	0.7609	0.7646	0.7643	0.7384	0.7561	0.7005	0.7646	0.7417	0.7424	0.7560	0.6889	0.6181	0.5415	0.5212	0.5237	0.5171	0.5339	0.5309	0.5161	0.4697	0.4836	0.4523	0.4183	0.4303	0.4250	0.3865	0.3849	0.3739	0.3660	0.3645	0.3452	0.3381	0.3122	0.3113	0.3181	0.2904	0.2810
0.1282	0.1561	0.2002	0.2100	0.2289	0.2448	0.2520	0.3196	0.3033	0.2917	0.3329	0.3816	0.4004	0.4098	0.4482	0.4927	0.5030	0.5506	0.5563	0.5470	0.5894	0.5970	0.5735	0.5915	0.6547	0.6570	0.6047	0.6172	0.6479	0.6697	0.6844	0.7192	0.7196	0.7600	0.7893	0.7203	0.7500	0.7796	0.8049	0.7368	0.7909	0.7080	0.6837	0.7169	0.6600	0.5892	0.5244	0.5203	0.5152	0.5435	0.5198	0.4869	0.4749	0.4798	0.4616	0.4270	0.4252	0.3974	0.3781	0.3758	0.3771	0.3645	0.3551	0.3504	0.3417	0.3319	0.3076	0.2787	0.2604
0.1270	0.1660	0.1960	0.2077	0.2334	0.2574	0.2744	0.3220	0.3003	0.3158	0.3468	0.3717	0.3792	0.4443	0.4425	0.4895	0.4923	0.5450	0.5564	0.5855	0.5489	0.5917	0.5746	0.5907	0.6442	0.6406	0.6348	0.6317	0.6362	0.6681	0.7056	0.7297	0.7282	0.7586	0.7679	0.7780	0.7571	0.7693	0.7760	0.7177	0.7785	0.6821	0.5190	0.6786	0.7268	0.7008	0.6806	0.6093	0.5480	0.5259	0.5305	0.5062	0.4811	0.4621	0.4407	0.4179	0.3857	0.3951	0.3920	0.3711	0.3653	0.3595	0.3680	0.3717	0.3479	0.3219	0.3270	0.3039	0.2705
0.1165	0.1454	0.2007	0.2362	0.2709	0.2717	0.2914	0.3248	0.3414	0.3467	0.3374	0.3583	0.3962	0.4128	0.4201	0.5224	0.5297	0.5569	0.5804	0.6014	0.6081	0.6247	0.5953	0.6505	0.6039	0.6043	0.5994	0.5940	0.6884	0.6857	0.6923	0.7440	0.7662	0.7831	0.7520	0.7534	0.7646	0.7910	0.7603	0.7421	0.7417	0.6323	0.3879	0.4831	0.6124	0.7171	0.6950	0.6166	0.6368	0.5857	0.5170	0.4813	0.4670	0.4547	0.4102	0.4201	0.4072	0.3842	0.3895	0.3665	0.3560	0.3852	0.3706	0.3486	0.3525	0.3307	0.3234	0.2989	0.3084
0.1351	0.1821	0.2197	0.2413	0.2389	0.3048	0.3401	0.3632	0.3906	0.3902	0.4215	0.4348	0.4277	0.4356	0.4549	0.4826	0.5154	0.5983	0.6048	0.6403	0.6425	0.6644	0.6685	0.6648	0.6382	0.6478	0.5959	0.6230	0.6958	0.6922	0.7784	0.7806	0.7404	0.7610	0.8038	0.7904	0.7911	0.8162	0.7730	0.7458	0.7278	0.4597	0.3193	0.3620	0.5461	0.7637	0.7229	0.5943	0.6959	0.6427	0.5521	0.4998	0.4685	0.4758	0.4285	0.3946	0.4006	0.3947	0.4045	0.3816	0.3879	0.3765	0.3899	0.3789	0.3822	0.3602	0.3516	0.3103	0.3234
0.1513	0.2239	0.2662	0.3395	0.3823	0.4011	0.4671	0.4476	0.4766	0.5148	0.5376	0.5504	0.5340	0.5522	0.5370	0.5172	0.5502	0.5643	0.5832	0.6150	0.6155	0.6371	0.6544	0.6238	0.6590	0.6272	0.6173	0.6213	0.6501	0.6886	0.7556	0.7813	0.7723	0.7802	0.8320	0.8415	0.8102	0.8329	0.8268	0.8082	0.7287	0.4186	0.3022	0.3466	0.4895	0.7460	0.7559	0.5888	0.7277	0.7067	0.6186	0.5768	0.5193	0.4783	0.4358	0.4422	0.4152	0.4159	0.4034	0.4081	0.4111	0.3964	0.4027	0.3925	0.3773	0.3686	0.3609	0.3432	0.3433
0.0916	0.1644	0.2486	0.3766	0.4577	0.5579	0.6332	0.6018	0.6526	0.6575	0.6523	0.6792	0.6540	0.6901	0.6770	0.6561	0.6437	0.6319	0.6103	0.5910	0.5890	0.6292	0.6535	0.6463	0.6083	0.5974	0.5924	0.6146	0.6770	0.7215	0.7793	0.7787	0.8080	0.8166	0.8399	0.8707	0.8710	0.8544	0.8825	0.8453	0.6855	0.3435	0.3040	0.3338	0.4295	0.7405	0.8390	0.7290	0.7821	0.7464	0.6493	0.5913	0.5671	0.5260	0.4511	0.4477	0.4338	0.4171	0.4313	0.4262	0.4424	0.4380	0.4030	0.3829	0.3836	0.3767	0.3736	0.3665	0.3626
0.0528	0.0841	0.1253	0.1584	0.2062	0.2738	0.3759	0.4395	0.5038	0.5568	0.6267	0.6741	0.7411	0.7485	0.7680	0.8006	0.7755	0.7796	0.7629	0.7079	0.6779	0.6340	0.6106	0.6038	0.5956	0.6058	0.6083	0.6275	0.7500	0.8011	0.8056	0.8449	0.8633	0.8824	0.8900	0.8066	0.7957	0.8957	0.9315	0.8636	0.6381	0.2860	0.2930	0.3155	0.4212	0.7286	0.9066	0.8697	0.8026	0.7573	0.6924	0.6616	0.5960	0.5623	0.4973	0.4793	0.4418	0.4051	0.4046	0.4331	0.4517	0.4248	0.4100	0.4099	0.3726	0.3725	0.3926	0.3823	0.3724
0.0205	0.0449	0.0668	0.0739	0.0937	0.1012	0.1459	0.2054	0.2087	0.2334	0.2872	0.3288	0.3849	0.4502	0.4935	0.5641	0.6524	0.7464	0.7767	0.7601	0.7480	0.6938	0.6815	0.6652	0.6794	0.6565	0.6502	0.6818	0.7611	0.8139	0.8385	0.8645	0.8795	0.9013	0.7468	0.8006	0.9147	0.9546	0.9298	0.8770	0.5366	0.2544	0.2706	0.2967	0.3664	0.5432	0.8661	0.9043	0.8333	0.8007	0.7781	0.6901	0.6250	0.5930	0.5633	0.5257	0.4801	0.4281	0.3989	0.4541	0.4481	0.4123	0.4086	0.4165	0.4071	0.4057	0.4033	0.3857	0.3745
0.0062	0.0352	0.0689	0.0554	0.0573	0.0636	0.0761	0.0941	0.1026	0.1156	0.1292	0.1363	0.1746	0.1769	0.2063	0.2603	0.2944	0.4067	0.4711	0.5272	0.6273	0.7174	0.7291	0.7380	0.7564	0.7025	0.6878	0.7254	0.7894	0.8362	0.8757	0.9034	0.9656	0.9559	0.6788	0.8753	0.9843	0.9519	0.9270	0.8748	0.4533	0.2141	0.2365	0.2658	0.2989	0.3658	0.5726	0.7907	0.8812	0.8812	0.7981	0.7057	0.6582	0.6396	0.6349	0.6212	0.5856	0.5249	0.4598	0.4662	0.4506	0.4027	0.4212	0.4379	0.4379	0.4469	0.4572	0.4325	0.4157
0.0102	0.0295	0.0348	0.0520	0.0667	0.0579	0.0844	0.0692	0.0661	0.0839	0.1017	0.0998	0.1069	0.1005	0.1105	0.1438	0.1641	0.1958	0.2078	0.2500	0.3211	0.4225	0.5263	0.5690	0.6068	0.6578	0.7046	0.7488	0.8135	0.8595	0.9300	0.9914	1.0000	0.9837	0.8345	0.9262	0.8774	0.7909	0.8110	0.6818	0.2971	0.2269	0.2403	0.2602	0.3033	0.3576	0.5171	0.8540	0.9031	0.8726	0.8092	0.7616	0.6820	0.6671	0.6753	0.7070	0.6823	0.6300	0.5510	0.5467	0.5180	0.4917	0.4866	0.4743	0.4683	0.5059	0.4729	0.4399	0.4369
0.0151	0.0183	0.0282	0.0383	0.0583	0.0565	0.0600	0.0563	0.0627	0.0678	0.0777	0.0729	0.0831	0.0800	0.0799	0.0925	0.1163	0.1249	0.1382	0.1552	0.1631	0.1879	0.2000	0.2328	0.2829	0.3202	0.4412	0.5164	0.6701	0.8229	0.9315	0.9835	0.9631	0.8873	0.8074	0.7893	0.4618	0.3129	0.3400	0.2926	0.1971	0.2168	0.2386	0.2507	0.2929	0.3452	0.5332	0.8637	0.8852	0.8689	0.8371	0.7283	0.7080	0.7091	0.7064	0.6891	0.6461	0.6454	0.6070	0.5904	0.5678	0.5442	0.5253	0.5070	0.4894	0.5095	0.4935	0.4735	0.4309
0.0121	0.0166	0.0287	0.0178	0.0333	0.0522	0.0634	0.0562	0.0697	0.0649	0.0685	0.0637	0.0700	0.0763	0.0763	0.0837	0.0962	0.1064	0.1159	0.1085	0.1100	0.1152	0.1301	0.1369	0.1448	0.1499	0.1714	0.1939	0.2402	0.3767	0.5264	0.5648	0.5358	0.4065	0.3538	0.3220	0.1833	0.1731	0.1691	0.1612	0.1631	0.1760	0.1823	0.2150	0.2373	0.2878	0.3968	0.7075	0.8746	0.8466	0.8268	0.7893	0.7761	0.7425	0.7008	0.5785	0.6360	0.6334	0.5595	0.4624	0.6069	0.6379	0.5893	0.5361	0.5363	0.5216	0.4950	0.4469	0.3874
0.0000	0.0117	0.0154	0.0176	0.0341	0.0492	0.0479	0.0584	0.0581	0.0487	0.0516	0.0546	0.0657	0.0719	0.0756	0.0835	0.0954	0.0876	0.1013	0.1051	0.1018	0.0977	0.1026	0.1184	0.1108	0.1191	0.1159	0.1312	0.1417	0.1385	0.1570	0.1553	0.1437	0.1408	0.1504	0.1361	0.1372	0.1345	0.1314	0.1256	0.1357	0.1324	0.1368	0.1657	0.1825	0.2056	0.2506	0.4082	0.7536	0.8377	0.8212	0.6793	0.7117	0.7416	0.6055	0.4109	0.5187	0.5309	0.3684	0.4160	0.5472	0.5225	0.5194	0.5005	0.3976	0.3650	0.3599	0.2834	0.2288
0.0049	0.0157	0.0192	0.0275	0.0302	0.0418	0.0397	0.0578	0.0524	0.0475	0.0414	0.0519	0.0612	0.0714	0.0668	0.0692	0.0874	0.0858	0.0785	0.0956	0.0845	0.0839	0.0874	0.0841	0.0990	0.1048	0.0933	0.1119	0.1192	0.1183	0.1258	0.1222	0.1086	0.1091	0.1263	0.1188	0.1134	0.1142	0.1103	0.0981	0.1013	0.0987	0.1062	0.1180	0.1185	0.1442	0.1674	0.2023	0.4127	0.5975	0.5528	0.2857	0.3199	0.4915	0.3743	0.2149	0.2604	0.2734	0.2075	0.2607	0.2971	0.2959	0.4608	0.4123	0.2036	0.1810	0.1908	0.1792	0.1545
0.0000	0.0063	0.0243	0.0299	0.0242	0.0301	0.0364	0.0447	0.0359	0.0475	0.0411	0.0519	0.0594	0.0601	0.0648	0.0757	0.0703	0.0767	0.0685	0.0690	0.0760	0.0737	0.0772	0.0812	0.0896	0.0837	0.0793	0.0804	0.0970	0.0971	0.1051	0.1061	0.1016	0.0908	0.0968	0.0989	0.0976	0.0951	0.0943	0.0853	0.0831	0.0901	0.0937	0.0860	0.0941	0.1111	0.1179	0.1382	0.1566	0.1980	0.1962	0.1420	0.1201	0.1474	0.1485	0.1369	0.1435	0.1457	0.1538	0.1676	0.1605	0.1862	0.2780	0.2173	0.1381	0.1437	0.1509	0.1452	0.1489
0.0058	0.0034	0.0164	0.0293	0.0164	0.0255	0.0295	0.0305	0.0358	0.0350	0.0398	0.0547	0.0544	0.0438	0.0554	0.0639	0.0707	0.0732	0.0725	0.0722	0.0849	0.0701	0.0723	0.0660	0.0790	0.0777	0.0831	0.0802	0.0840	0.0848	0.0905	0.0914	0.0920	0.0800	0.0821	0.0780	0.0729	0.0800	0.0893	0.0804	0.0712	0.0771	0.0919	0.0753	0.0811	0.0866	0.0892	0.0958	0.1039	0.1139	0.1132	0.0975	0.0985	0.0951	0.0975	0.1040	0.1142	0.1034	0.1151	0.1317	0.1157	0.1235	0.1280	0.1266	0.1134	0.1125	0.1250	0.1213	0.1254
0.0000	0.0000	0.0036	0.0111	0.0171	0.0278	0.0227	0.0249	0.0313	0.0347	0.0390	0.0434	0.0440	0.0504	0.0539	0.0517	0.0743	0.0640	0.0488	0.0639	0.0768	0.0701	0.0587	0.0633	0.0698	0.0776	0.0799	0.0750	0.0831	0.0807	0.0727	0.0778	0.0813	0.0787	0.0759	0.0755	0.0820	0.0767	0.0764	0.0802	0.0752	0.0704	0.0772	0.0777	0.0713	0.0743	0.0775	0.0775	0.0920	0.0970	0.0919	0.0818	0.0749	0.0814	0.0893	0.0794	0.0834	0.0770	0.0864	0.0913	0.0892	0.0930	0.0883	0.0942	0.0996	0.0904	0.0890	0.0965	0.0975
0.0000	0.0000	0.0000	0.0073	0.0131	0.0269	0.0270	0.0191	0.0280	0.0285	0.0405	0.0403	0.0358	0.0455	0.0440	0.0452	0.0567	0.0445	0.0406	0.0595	0.0622	0.0678	0.0663	0.0665	0.0704	0.0731	0.0656	0.0708	0.0687	0.0701	0.0664	0.0705	0.0646	0.0694	0.0709	0.0731	0.0746	0.0668	0.0721	0.0674	0.0762	0.0755	0.0723	0.0691	0.0675	0.0704	0.0663	0.0691	0.0783	0.0793	0.0824	0.0790	0.0609	0.0766	0.0769	0.0653	0.0702	0.0778	0.0764	0.0754	0.0737	0.0734	0.0780	0.0749	0.0793	0.0691	0.0633	0.0750	0.0706
0.0000	0.0000	0.0000	0.0031	0.0129	0.0059	0.0081	0.0287	0.0273	0.0151	0.0212	0.0290	0.0328	0.0325	0.0441	0.0499	0.0410	0.0468	0.0464	0.0495	0.0534	0.0588	0.0548	0.0562	0.0696	0.0693	0.0685	0.0677	0.0618	0.0560	0.0677	0.0748	0.0616	0.0636	0.0705	0.0633	0.0653	0.0611	0.0624	0.0678	0.0654	0.0630	0.0614	0.0606	0.0549	0.0611	0.0607	0.0603	0.0709	0.0698	0.0691	0.0684	0.0653	0.0663	0.0624	0.0664	0.0636	0.0672	0.0705	0.0703	0.0643	0.0654	0.0650	0.0702	0.0702	0.0585	0.0603	0.0606	0.0534
0.0000	0.0000	0.0000	0.0046	0.0000	0.0000	0.0120	0.0205	0.0078	0.0152	0.0191	0.0251	0.0246	0.0223	0.0355	0.0356	0.0331	0.0344	0.0402	0.0419	0.0402	0.0445	0.0442	0.0584	0.0607	0.0529	0.0552	0.0554	0.0603	0.0632	0.0526	0.0555	0.0639	0.0669	0.0606	0.0584	0.0530	0.0631	0.0569	0.0593	0.0552	0.0609	0.0576	0.0574	0.0600	0.0642	0.0588	0.0553	0.0660	0.0619	0.0612	0.0682	0.0642	0.0598	0.0603	0.0631	0.0616	0.0564	0.0606	0.0641	0.0643	0.0636	0.0574	0.0584	0.0601	0.0557	0.0520	0.0563	0.0490
0.0000	0.0000	0.0000	0.0000	0.0000	0.0000	0.0052	0.0048	0.0091	0.0222	0.0277	0.0344	0.0331	0.0266	0.0293	0.0293	0.0434	0.0342	0.0371	0.0374	0.0471	0.0482	0.0442	0.0478	0.0533	0.0475	0.0469	0.0487	0.0525	0.0629	0.0636	0.0567	0.0569	0.0631	0.0578	0.0549	0.0617	0.0611	0.0598	0.0563	0.0610	0.0579	0.0530	0.0538	0.0535	0.0599	0.0555	0.0568	0.0603	0.0634	0.0649	0.0593	0.0600	0.0595	0.0604	0.0559	0.0495	0.0528	0.0573	0.0514	0.0539	0.0514	0.0571	0.0519	0.0477	0.0446	0.0430	0.0473	0.0428
0.0000	0.0000	0.0013	0.0000	0.0000	0.0060	0.0054	0.0218	0.0137	0.0090	0.0173	0.0362	0.0247	0.0292	0.0319	0.0346	0.0275	0.0428	0.0368	0.0386	0.0432	0.0410	0.0406	0.0473	0.0479	0.0534	0.0490	0.0397	0.0489	0.0513	0.0584	0.0487	0.0574	0.0626	0.0544	0.0526	0.0483	0.0504	0.0527	0.0589	0.0577	0.0555	0.0568	0.0512	0.0472	0.0527	0.0479	0.0527	0.0596	0.0598	0.0584	0.0542	0.0568	0.0533	0.0534	0.0566	0.0505	0.0463	0.0460	0.0447	0.0427	0.0438	0.0463	0.0508	0.0424	0.0374	0.0395	0.0387	0.0344
0.0000	0.0000	0.0000	0.0000	0.0000	0.0077	0.0040	0.0093	0.0206	0.0202	0.0147	0.0213	0.0149	0.0249	0.0194	0.0234	0.0267	0.0249	0.0266	0.0411	0.0398	0.0340	0.0315	0.0406	0.0396	0.0400	0.0432	0.0448	0.0492	0.0497	0.0524	0.0434	0.0527	0.0497	0.0505	0.0501	0.0486	0.0543	0.0491	0.0509	0.0509	0.0531	0.0515	0.0427	0.0491	0.0523	0.0492	0.0491	0.0502	0.0470	0.0472	0.0518	0.0536	0.0514	0.0466	0.0582	0.0492	0.0435	0.0401	0.0458	0.0438	0.0400	0.0356	0.0408	0.0433	0.0393	0.0331	0.0304	0.0285
0.0000	0.0000	0.0000	0.0000	0.0000	0.0000	0.0011	0.0089	0.0126	0.0102	0.0136	0.0129	0.0213	0.0160	0.0220	0.0160	0.0110	0.0246	0.0269	0.0299	0.0388	0.0310	0.0351	0.0398	0.0451	0.0375	0.0279	0.0439	0.0491	0.0484	0.0475	0.0519	0.0488	0.0563	0.0506	0.0453	0.0489	0.0547	0.0553	0.0537	0.0497	0.0422	0.0549	0.0471	0.0509	0.0512	0.0532	0.0586	0.0480	0.0475	0.0565	0.0578	0.0500	0.0523	0.0623	0.0518	0.0498	0.0475	0.0470	0.0426	0.0420	0.0343	0.0441	0.0463	0.0415	0.0456	0.0278	0.0259	0.0366
