0.0000	0.0000	0.0000	0.0171	0.0034	0.0000	0.0000	0.0121	0.0144	0.0079	0.0060	0.0289	0.0287	0.0199	0.0263	0.0406	0.0314	0.0371	0.0300	0.0321	0.0433	0.0427	0.0490	0.0516	0.0622	0.0742	0.0958	0.0560	0.0618	0.0892	0.0810	0.0797	0.0932	0.0963	0.0863	0.0816	0.0830	0.0851	0.0980	0.0917	0.0964	0.0986	0.0953	0.0866	0.0946	0.1133	0.1107	0.1187	0.1176	0.1216	0.1221	0.1025	0.0934	0.0950	0.1065	0.0944	0.0878	0.0965	0.0878	0.0860	0.0732	0.0738	0.0646	0.0554	0.0688	0.0503	0.0474	0.0433	0.0470
0.0000	0.0000	0.0000	0.0018	0.0000	0.0103	0.0259	0.0230	0.0218	0.0144	0.0174	0.0317	0.0231	0.0334	0.0313	0.0513	0.0310	0.0380	0.0344	0.0526	0.0575	0.0436	0.0481	0.0616	0.0656	0.0617	0.0591	0.0626	0.0621	0.0838	0.1026	0.0800	0.0924	0.0987	0.0929	0.0942	0.1021	0.1019	0.1145	0.1168	0.1170	0.1210	0.1103	0.1156	0.1332	0.1191	0.1425	0.1455	0.1310	0.1265	0.1276	0.1201	0.0868	0.0999	0.1008	0.0868	0.0958	0.0912	0.0802	0.0983	0.0645	0.0658	0.0756	0.0732	0.0635	0.0552	0.0596	0.0566	0.0532
0.0000	0.0000	0.0000	0.0083	0.0151	0.0009	0.0035	0.0139	0.0144	0.0274	0.0230	0.0221	0.0230	0.0361	0.0346	0.0582	0.0352	0.0390	0.0456	0.0514	0.0473	0.0587	0.0540	0.0713	0.0685	0.0725	0.0758	0.0755	0.0779	0.0889	0.1037	0.0833	0.1060	0.1135	0.1060	0.1019	0.1152	0.1217	0.1275	0.1239	0.1311	0.1302	0.1265	0.1328	0.1327	0.1281	0.1382	0.1320	0.1192	0.1222	0.1360	0.1199	0.1159	0.1095	0.1129	0.1135	0.1147	0.1029	0.0989	0.1109	0.0984	0.0999	0.0982	0.0806	0.0749	0.0669	0.0717	0.0704	0.0559
0.0000	0.0000	0.0001	0.0206	0.0132	0.0041	0.0113	0.0207	0.0151	0.0243	0.0289	0.0366	0.0325	0.0334	0.0356	0.0429	0.0413	0.0513	0.0513	0.0584	0.0640	0.0826	0.0589	0.0652	0.0710	0.0703	0.0711	0.0740	0.0856	0.0880	0.1028	0.0976	0.0962	0.0989	0.1267	0.1273	0.1163	0.1223	0.1289	0.1156	0.1336	0.1279	0.1215	0.1216	0.1236	0.1267	0.1329	0.1328	0.1204	0.1349	0.1601	0.1364	0.1334	0.1443	0.1298	0.1101	0.1195	0.1138	0.1114	0.1006	0.1138	0.1037	0.0962	0.0944	0.0841	0.0737	0.0775	0.0672	0.0671
0.0000	0.0000	0.0082	0.0108	0.0225	0.0246	0.0201	0.0143	0.0273	0.0228	0.0303	0.0567	0.0503	0.0365	0.0354	0.0613	0.0645	0.0540	0.0407	0.0526	0.0544	0.0655	0.0651	0.0700	0.0736	0.0886	0.0723	0.0728	0.0854	0.0924	0.1013	0.1009	0.1040	0.1246	0.1375	0.1225	0.1154	0.1007	0.1236	0.1155	0.1203	0.1213	0.1342	0.1399	0.1462	0.1518	0.1660	0.1381	0.1342	0.1442	0.1532	0.1345	0.1368	0.1459	0.1377	0.1297	0.1219	0.1125	0.1164	0.1183	0.1010	0.1008	0.1150	0.1002	0.1030	0.0845	0.0850	0.0807	0.0807
0.0000	0.0000	0.0100	0.0161	0.0229	0.0226	0.0155	0.0205	0.0386	0.0242	0.0291	0.0385	0.0486	0.0470	0.0419	0.0533	0.0653	0.0590	0.0518	0.0808	0.0691	0.0649	0.0628	0.0730	0.0861	0.0826	0.0859	0.0763	0.0878	0.0949	0.1043	0.0982	0.1211	0.1431	0.1325	0.1253	0.1168	0.1224	0.1286	0.1271	0.1321	0.1536	0.1567	0.1628	0.1504	0.1548	0.1712	0.1755	0.1797	0.1857	0.1638	0.1507	0.1678	0.1579	0.1528	0.1628	0.1450	0.1184	0.1346	0.1419	0.1180	0.1232	0.1419	0.1387	0.1226	0.1330	0.1485	0.1242	0.0947
0.0053	0.0044	0.0156	0.0258	0.0081	0.0160	0.0256	0.0268	0.0314	0.0242	0.0498	0.0604	0.0514	0.0451	0.0481	0.0524	0.0646	0.0576	0.0656	0.0848	0.0834	0.0853	0.0613	0.0531	0.0801	0.1034	0.0900	0.0907	0.1008	0.0942	0.1021	0.1012	0.1298	0.1430	0.1272	0.1232	0.1314	0.1425	0.1507	0.1446	0.1450	0.1727	0.1655	0.1642	0.1706	0.1827	0.2116	0.2212	0.2144	0.2147	0.1990	0.2129	0.1885	0.1794	0.1730	0.1809	0.1705	0.1782	0.1701	0.1614	0.1602	0.1424	0.1560	0.1885	0.2104	0.2467	0.2463	0.1698	0.0989
0.0093	0.0060	0.0036	0.0174	0.0208	0.0183	0.0238	0.0254	0.0471	0.0528	0.0421	0.0599	0.0637	0.0649	0.0495	0.0709	0.0716	0.0758	0.0804	0.0665	0.0754	0.0923	0.0760	0.0802	0.0991	0.0998	0.0840	0.0913	0.1155	0.1088	0.1089	0.1075	0.1279	0.1408	0.1374	0.1327	0.1494	0.1570	0.1549	0.1630	0.1677	0.1824	0.2171	0.1959	0.2227	0.2612	0.4005	0.3989	0.3864	0.3817	0.2857	0.2301	0.2170	0.2391	0.2569	0.3386	0.3274	0.3103	0.2858	0.2029	0.1894	0.2045	0.2793	0.2931	0.3145	0.3365	0.3121	0.2692	0.1780
0.0000	0.0067	0.0151	0.0232	0.0240	0.0295	0.0363	0.0409	0.0466	0.0469	0.0533	0.0485	0.0590	0.0755	0.0596	0.0633	0.0684	0.0766	0.0926	0.0874	0.0930	0.0830	0.0849	0.0872	0.1025	0.0902	0.1010	0.1130	0.1247	0.1164	0.1136	0.1262	0.1451	0.1397	0.1543	0.1522	0.1487	0.1710	0.1793	0.1962	0.1818	0.2040	0.2297	0.2611	0.3922	0.5183	0.6952	0.6801	0.6698	0.6791	0.5520	0.3420	0.3472	0.4583	0.5244	0.5703	0.5768	0.5152	0.4507	0.2936	0.2177	0.3004	0.3976	0.4225	0.3756	0.3901	0.3361	0.3222	0.2467
0.0031	0.0155	0.0172	0.0241	0.0174	0.0299	0.0345	0.0465	0.0509	0.0643	0.0543	0.0587	0.0552	0.0697	0.0643	0.0656	0.0728	0.0875	0.0912	0.0943	0.0920	0.0907	0.0975	0.1050	0.1113	0.1096	0.1166	0.1228	0.1215	0.1422	0.1381	0.1455	0.1524	0.1652	0.1588	0.1686	0.1836	0.2181	0.2251	0.2532	0.2575	0.2616	0.3052	0.3827	0.5898	0.7867	0.8097	0.7702	0.7534	0.7275	0.7233	0.4637	0.5129	0.5999	0.6659	0.6308	0.6140	0.5798	0.5066	0.3589	0.2694	0.3778	0.4584	0.4898	0.4377	0.3504	0.3355	0.3246	0.2595
0.0098	0.0140	0.0336	0.0184	0.0218	0.0492	0.0407	0.0624	0.0614	0.0607	0.0535	0.0670	0.0592	0.0679	0.0777	0.0904	0.0928	0.0816	0.0871	0.0893	0.0904	0.1055	0.1090	0.1036	0.1286	0.1389	0.1277	0.1332	0.1480	0.1610	0.1456	0.1601	0.1724	0.2065	0.2105	0.2335	0.2481	0.2644	0.2695	0.2657	0.2944	0.3161	0.3477	0.3864	0.5118	0.7197	0.8431	0.8277	0.7677	0.7404	0.7471	0.5939	0.6029	0.6531	0.5939	0.6204	0.5988	0.5704	0.5366	0.5125	0.3534	0.4217	0.4774	0.4925	0.4459	0.3603	0.3380	0.3118	0.2390
0.0182	0.0189	0.0263	0.0343	0.0448	0.0481	0.0261	0.0601	0.0631	0.0606	0.0612	0.0736	0.0842	0.0755	0.0798	0.0974	0.1057	0.0935	0.0924	0.0987	0.1131	0.1122	0.1080	0.1234	0.1558	0.1385	0.1513	0.1553	0.1684	0.1830	0.1820	0.2006	0.2301	0.2601	0.2658	0.2689	0.2717	0.3055	0.3557	0.3408	0.3538	0.3673	0.4038	0.4416	0.5154	0.6959	0.8838	0.8513	0.8017	0.8128	0.7801	0.7160	0.6685	0.7056	0.6237	0.6561	0.6422	0.6286	0.5998	0.5948	0.5134	0.5234	0.5070	0.5273	0.4772	0.3992	0.3411	0.3241	0.2532
0.0233	0.0269	0.0311	0.0473	0.0415	0.0352	0.0329	0.0623	0.0657	0.0584	0.0801	0.0898	0.0988	0.0842	0.0754	0.0873	0.1042	0.1092	0.1232	0.1197	0.1239	0.1273	0.1223	0.1544	0.1600	0.1740	0.1915	0.1942	0.1986	0.2176	0.2382	0.2798	0.3051	0.3223	0.3623	0.3251	0.3685	0.4092	0.4810	0.5376	0.6354	0.5125	0.4908	0.5962	0.7843	0.8311	0.8727	0.8481	0.8576	0.8465	0.7890	0.7736	0.7459	0.6781	0.6497	0.6697	0.6508	0.6233	0.6175	0.5842	0.4722	0.5461	0.5351	0.5482	0.5299	0.4583	0.3907	0.3428	0.2637
0.0131	0.0383	0.0442	0.0499	0.0467	0.0464	0.0591	0.0692	0.0647	0.0592	0.0869	0.1048	0.0920	0.0878	0.0988	0.0952	0.1104	0.1225	0.1316	0.1507	0.1483	0.1375	0.1657	0.1873	0.2088	0.2005	0.2334	0.2638	0.2521	0.2991	0.3645	0.4123	0.5030	0.5601	0.5432	0.4912	0.5050	0.5791	0.7713	0.8174	0.8768	0.7367	0.6354	0.6981	0.9192	0.8801	0.8205	0.7958	0.7851	0.7516	0.7671	0.7690	0.7221	0.6682	0.6385	0.6864	0.6161	0.6398	0.6241	0.5817	0.5417	0.5448	0.5634	0.5270	0.4862	0.4296	0.4078	0.3626	0.2965
0.0093	0.0286	0.0387	0.0617	0.0696	0.0566	0.0672	0.0761	0.0892	0.0828	0.0901	0.1138	0.1032	0.1195	0.1425	0.1278	0.1391	0.1496	0.1650	0.1638	0.1752	0.1998	0.2132	0.2397	0.2581	0.2566	0.3082	0.3352	0.4057	0.5318	0.7065	0.7799	0.9183	0.9632	0.8886	0.8750	0.7598	0.7122	0.8685	0.9522	0.9272	0.9168	0.8365	0.8381	0.8876	0.8393	0.7870	0.7734	0.7839	0.7490	0.7828	0.7285	0.6675	0.6350	0.6367	0.6827	0.6905	0.6393	0.5930	0.6185	0.5752	0.5504	0.5935	0.5738	0.5093	0.4613	0.4302	0.3937	0.3654
0.0091	0.0116	0.0327	0.0550	0.0654	0.0743	0.0791	0.0968	0.1277	0.1020	0.1259	0.1188	0.1336	0.1469	0.1745	0.1800	0.2011	0.1917	0.2141	0.2313	0.2295	0.2807	0.2857	0.3145	0.3440	0.3552	0.4417	0.5252	0.6631	0.7690	0.8393	0.9520	0.9542	1.0000	0.9421	0.9999	0.9919	0.8765	0.8300	0.8961	0.9277	0.8331	0.8549	0.8811	0.8061	0.8585	0.7690	0.7529	0.7412	0.7722	0.7611	0.7296	0.6885	0.6400	0.6136	0.6773	0.6808	0.6491	0.6224	0.6331	0.5595	0.5249	0.5714	0.6103	0.4938	0.4442	0.4329	0.4140	0.3819
0.0310	0.0387	0.0571	0.0736	0.1099	0.1229	0.1486	0.1768	0.1929	0.1962	0.2388	0.2404	0.2302	0.2211	0.2336	0.2462	0.2558	0.2689	0.2908	0.2987	0.3308	0.3446	0.3667	0.4244	0.4446	0.4870	0.6445	0.7222	0.7565	0.8137	0.8203	0.9303	0.9087	0.8941	0.9299	0.9369	0.9571	0.9918	0.9697	0.8350	0.8393	0.7820	0.8457	0.8421	0.8319	0.8230	0.7664	0.7710	0.7259	0.7226	0.7647	0.8014	0.7149	0.6848	0.6512	0.6978	0.6457	0.6458	0.6216	0.6195	0.5444	0.5417	0.5436	0.5434	0.5087	0.4385	0.4285	0.4059	0.3817
0.0456	0.0812	0.1354	0.1754	0.2334	0.2896	0.3749	0.4412	0.4681	0.4149	0.4985	0.5326	0.4624	0.4159	0.4486	0.3856	0.3493	0.3612	0.3705	0.4064	0.4520	0.4518	0.5007	0.6105	0.6018	0.6441	0.7158	0.7514	0.7079	0.7647	0.8010	0.8799	0.8216	0.8591	0.8717	0.8311	0.8842	0.9221	0.8885	0.8416	0.7988	0.7648	0.8154	0.8128	0.7726	0.7464	0.7695	0.7444	0.7667	0.7298	0.7356	0.7828	0.7333	0.7002	0.6193	0.6494	0.5858	0.6025	0.6087	0.5720	0.5252	0.5301	0.5305	0.5442	0.4966	0.4231	0.4240	0.4410	0.4005
0.1028	0.1921	0.3286	0.4618	0.5233	0.5808	0.6170	0.5873	0.6011	0.5648	0.5818	0.6238	0.6848	0.6808	0.7072	0.7216	0.6827	0.6422	0.5726	0.5965	0.6182	0.7010	0.7103	0.7211	0.6833	0.6436	0.6683	0.6416	0.6420	0.7646	0.7271	0.7608	0.8280	0.8476	0.8065	0.7905	0.8007	0.8224	0.8127	0.8220	0.7601	0.7433	0.7635	0.7593	0.7562	0.7927	0.7460	0.7466	0.7584	0.7701	0.7745	0.6989	0.7147	0.7127	0.6482	0.5939	0.5253	0.5594	0.5427	0.5331	0.5492	0.5158	0.4934	0.5082	0.4828	0.4381	0.4244	0.4247	0.3868
0.2039	0.3414	0.4074	0.4605	0.4442	0.4960	0.4671	0.4676	0.4772	0.4791	0.4961	0.5480	0.6539	0.6545	0.7161	0.7525	0.7706	0.8272	0.7472	0.7381	0.7253	0.7359	0.7018	0.6508	0.6155	0.5638	0.6034	0.6001	0.6418	0.6756	0.6459	0.6716	0.7241	0.7536	0.7464	0.7510	0.7088	0.7370	0.6982	0.7135	0.7295	0.7577	0.7391	0.7473	0.7908	0.7452	0.7035	0.6915	0.6900	0.6741	0.6783	0.6684	0.6549	0.6625	0.6670	0.6280	0.5753	0.5731	0.5427	0.5002	0.5057	0.4894	0.4703	0.4790	0.4494	0.4257	0.4285	0.3984	0.3799
0.2050	0.2705	0.3091	0.2985	0.3316	0.3661	0.3966	0.3974	0.4349	0.4682	0.5278	0.4946	0.5877	0.6062	0.5887	0.6388	0.6592	0.6852	0.6756	0.6477	0.6115	0.5986	0.5587	0.5798	0.5419	0.5499	0.5112	0.5474	0.5932	0.5645	0.6357	0.6278	0.6666	0.6861	0.7111	0.6754	0.6702	0.7042	0.6411	0.6825	0.6965	0.6560	0.6875	0.7231	0.6843	0.6624	0.6500	0.6377	0.6534	0.6315	0.6585	0.6304	0.6119	0.6304	0.5998	0.5906	0.6095	0.5470	0.5307	0.4810	0.4870	0.4874	0.4561	0.4688	0.4490	0.3999	0.3877	0.3609	0.3416
0.2105	0.2161	0.2651	0.2696	0.2887	0.3177	0.3721	0.3892	0.3898	0.4494	0.4931	0.4909	0.5341	0.5771	0.5837	0.6364	0.6857	0.6555	0.6354	0.6027	0.5961	0.5668	0.5437	0.4808	0.4867	0.4808	0.5154	0.5395	0.5642	0.5489	0.6025	0.6175	0.6313	0.6303	0.6575	0.6724	0.6352	0.6461	0.6266	0.6601	0.7062	0.6591	0.6437	0.6746	0.6853	0.6631	0.6298	0.6251	0.6112	0.6148	0.6684	0.6378	0.6309	0.6111	0.5686	0.5869	0.5889	0.5515	0.5055	0.4649	0.4943	0.4934	0.4505	0.4260	0.4085	0.4020	0.3510	0.3737	0.3650
0.2012	0.2280	0.2607	0.2639	0.2661	0.2996	0.3643	0.3765	0.3445	0.3555	0.4243	0.4425	0.4986	0.5273	0.5552	0.5885	0.6089	0.5899	0.5311	0.5025	0.5523	0.5427	0.5263	0.5186	0.4838	0.4786	0.5112	0.5427	0.5556	0.6001	0.5875	0.6070	0.6460	0.6232	0.6200	0.6422	0.6324	0.6549	0.6646	0.6128	0.6494	0.6268	0.6172	0.6363	0.6501	0.6301	0.6111	0.6122	0.5810	0.5718	0.6170	0.6163	0.6357	0.6074	0.6105	0.5959	0.5425	0.5394	0.4990	0.5057	0.4599	0.4567	0.4482	0.4217	0.4010	0.3902	0.3568	0.3639	0.3536
0.1982	0.2028	0.2440	0.2941	0.2983	0.3259	0.3393	0.3315	0.3048	0.3115	0.3542	0.3684	0.3910	0.4143	0.4537	0.5165	0.5204	0.5040	0.4970	0.4711	0.4764	0.5054	0.5070	0.4812	0.4976	0.5041	0.5351	0.5662	0.5527	0.5751	0.5881	0.5887	0.6225	0.6323	0.6341	0.6119	0.6247	0.6403	0.6109	0.6035	0.6414	0.6217	0.6296	0.6682	0.6485	0.6621	0.6476	0.6206	0.5631	0.5759	0.5831	0.5726	0.6009	0.5711	0.5672	0.5798	0.5195	0.5195	0.5006	0.4872	0.4490	0.4502	0.4315	0.4103	0.3581	0.3516	0.3275	0.3312	0.3364
0.2072	0.2145	0.2405	0.2778	0.2706	0.2847	0.3218	0.2938	0.3024	0.3146	0.3395	0.3611	0.3853	0.3636	0.4031	0.4403	0.4472	0.4500	0.4829	0.4771	0.4801	0.4689	0.5271	0.5381	0.5035	0.4963	0.5272	0.5296	0.5557	0.5874	0.5872	0.6088	0.6447	0.6306	0.6014	0.6390	0.6660	0.6320	0.6151	0.6430	0.6536	0.6337	0.6165	0.6030	0.6327	0.6147	0.6177	0.6173	0.5991	0.5856	0.5917	0.5483	0.5624	0.5760	0.5513	0.5565	0.5162	0.5126	0.5103	0.4822	0.4576	0.4341	0.4401	0.3794	0.3686	0.3660	0.3304	0.3241	0.3110
0.2069	0.2288	0.2467	0.2679	0.2850	0.2770	0.3013	0.2918	0.3006	0.2915	0.3271	0.3522	0.3853	0.3543	0.3797	0.4281	0.4596	0.4717	0.4719	0.5009	0.4828	0.4866	0.4962	0.5100	0.5062	0.4926	0.4862	0.5199	0.5416	0.5942	0.6132	0.6040	0.5999	0.6245	0.6013	0.6173	0.6172	0.6277	0.6550	0.6432	0.6416	0.6250	0.6012	0.6035	0.6323	0.6186	0.6213	0.6324	0.6095	0.6168	0.6132	0.5941	0.5460	0.5538	0.5657	0.5593	0.5516	0.5301	0.5274	0.4657	0.4629	0.4272	0.4235	0.3999	0.3722	0.3673	0.3351	0.3093	0.3063
0.1907	0.2188	0.2587	0.2686	0.2914	0.2685	0.2751	0.2893	0.2739	0.2716	0.3401	0.3385	0.3755	0.4004	0.4026	0.4397	0.4436	0.4236	0.4738	0.4694	0.4902	0.4761	0.4688	0.4959	0.4978	0.4982	0.5212	0.5362	0.5560	0.6036	0.5966	0.5951	0.6229	0.6085	0.5726	0.5974	0.6146	0.6132	0.6805	0.6357	0.6546	0.6410	0.6520	0.6211	0.6399	0.6413	0.6259	0.5977	0.6011	0.6097	0.5890	0.5808	0.5735	0.5661	0.5444	0.5550	0.5240	0.5096	0.4973	0.4836	0.4531	0.4392	0.4318	0.3995	0.3842	0.3384	0.3215	0.3307	0.3176
0.1748	0.2243	0.2383	0.2541	0.2656	0.2604	0.2986	0.2799	0.2633	0.3134	0.3253	0.3335	0.3501	0.3699	0.4016	0.4411	0.4405	0.4306	0.4420	0.4683	0.4675	0.4538	0.4600	0.4666	0.4961	0.5093	0.5271	0.5307	0.5610	0.5782	0.5899	0.6233	0.6138	0.5835	0.5750	0.6136	0.6103	0.6401	0.6685	0.6671	0.6865	0.6588	0.6354	0.6146	0.6274	0.6115	0.6168	0.6305	0.6306	0.5897	0.6390	0.6068	0.6347	0.6129	0.5867	0.5810	0.5854	0.5356	0.5023	0.5286	0.4786	0.4549	0.4489	0.4027	0.3904	0.3647	0.3784	0.3660	0.3113
0.1546	0.1882	0.2095	0.2416	0.2528	0.2309	0.2931	0.2858	0.2773	0.3013	0.3161	0.3325	0.3603	0.3814	0.3867	0.4143	0.4044	0.4545	0.4746	0.4591	0.4800	0.4468	0.4728	0.4922	0.5090	0.4884	0.5399	0.5585	0.5940	0.5848	0.6159	0.6316	0.6649	0.6588	0.6319	0.6474	0.6398	0.6658	0.6608	0.6913	0.6791	0.6695	0.6500	0.6342	0.6311	0.6259	0.6424	0.6248	0.6293	0.6215	0.6051	0.5809	0.5971	0.6003	0.6098	0.5871	0.5436	0.5669	0.5072	0.5191	0.4752	0.4473	0.4641	0.4310	0.3858	0.3949	0.3760	0.3300	0.3032
0.1382	0.1802	0.2362	0.2567	0.2474	0.2310	0.2811	0.2919	0.2854	0.3012	0.3278	0.3527	0.3439	0.3589	0.3722	0.4156	0.4521	0.4609	0.5050	0.4606	0.4514	0.4549	0.4710	0.5130	0.4807	0.4748	0.5075	0.5753	0.5994	0.6046	0.6261	0.6488	0.6878	0.6853	0.6481	0.6330	0.6804	0.6985	0.6599	0.6582	0.6442	0.6655	0.6745	0.6885	0.6325	0.5987	0.6413	0.6451	0.5918	0.6143	0.6099	0.5840	0.6089	0.5961	0.5639	0.5551	0.5213	0.5129	0.4935	0.4974	0.4614	0.4560	0.4273	0.4624	0.4191	0.3878	0.3565	0.3641	0.3348
0.1330	0.1767	0.2412	0.2492	0.2544	0.2748	0.2855	0.3165	0.3001	0.3027	0.3181	0.3386	0.3397	0.3544	0.3903	0.4341	0.4815	0.4448	0.4793	0.4763	0.4781	0.4674	0.4752	0.4815	0.4941	0.5010	0.4876	0.5236	0.5605	0.5701	0.6115	0.6761	0.6741	0.6537	0.6767	0.6922	0.6872	0.6621	0.6708	0.6648	0.6194	0.6802	0.6567	0.6433	0.6244	0.5765	0.6254	0.6122	0.6323	0.6611	0.6384	0.6456	0.6602	0.6210	0.5521	0.5290	0.5589	0.5450	0.4940	0.4952	0.4521	0.4392	0.4332	0.4374	0.4242	0.3777	0.3721	0.3646	0.3252
0.1378	0.1845	0.2139	0.2371	0.2577	0.2673	0.2772	0.2850	0.3135	0.3148	0.3049	0.3033	0.3364	0.3471	0.3950	0.4347	0.4678	0.4611	0.4948	0.4992	0.5358	0.5381	0.5159	0.5126	0.5387	0.5515	0.4898	0.5241	0.5959	0.5823	0.6159	0.6607	0.6772	0.6362	0.6743	0.7009	0.6622	0.6660	0.6780	0.6534	0.6336	0.6510	0.6838	0.6227	0.6433	0.6162	0.6175	0.6701	0.6335	0.6348	0.6808	0.6581	0.6390	0.6356	0.6001	0.5516	0.5480	0.5587	0.5313	0.5071	0.4790	0.4859	0.4779	0.4653	0.4015	0.4013	0.4021	0.3602	0.3285
0.1440	0.1884	0.2108	0.2467	0.2650	0.2640	0.2728	0.2879	0.2987	0.3370	0.2999	0.3482	0.3596	0.3938	0.4068	0.4730	0.5258	0.5035	0.5489	0.5794	0.5560	0.5621	0.5458	0.5484	0.5869	0.5471	0.5256	0.5593	0.6125	0.5742	0.6258	0.6474	0.6741	0.6766	0.6926	0.6986	0.7421	0.6918	0.7022	0.6564	0.6777	0.6789	0.6721	0.6716	0.6625	0.6314	0.6656	0.6746	0.6780	0.6667	0.6573	0.6455	0.6775	0.6203	0.5905	0.5799	0.5557	0.5440	0.4942	0.5160	0.4979	0.4873	0.4737	0.4664	0.4155	0.3813	0.4035	0.3537	0.3378
0.1331	0.1767	0.2228	0.2279	0.2446	0.2509	0.2896	0.3196	0.3300	0.3397	0.3485	0.3644	0.3933	0.4601	0.4384	0.5057	0.5353	0.5507	0.5499	0.6205	0.5970	0.5818	0.5907	0.5634	0.5602	0.5511	0.5399	0.5503	0.5743	0.5837	0.6527	0.6582	0.6651	0.7314	0.7244	0.6876	0.6888	0.7017	0.7084	0.6839	0.6751	0.7045	0.6740	0.6761	0.6412	0.6485	0.7034	0.6587	0.6899	0.7018	0.6864	0.6694	0.6757	0.6434	0.5927	0.5960	0.5552	0.5198	0.5177	0.5345	0.5202	0.4797	0.4632	0.4529	0.4150	0.4085	0.4101	0.3861	0.3795
0.1367	0.1721	0.2096	0.2267	0.2542	0.2669	0.2857	0.3181	0.3380	0.3435	0.3518	0.3769	0.4329	0.4953	0.4985	0.5519	0.5577	0.6056	0.5948	0.6485	0.6321	0.6066	0.5852	0.6109	0.6037	0.6141	0.5936	0.5554	0.5615	0.5708	0.6193	0.6179	0.6553	0.6640	0.7418	0.7133	0.6734	0.7174	0.7326	0.6641	0.7089	0.6853	0.6839	0.6675	0.6646	0.6564	0.6420	0.6482	0.6376	0.7173	0.6892	0.7031	0.7044	0.6786	0.6491	0.6116	0.6138	0.5634	0.5470	0.5686	0.5114	0.4752	0.4718	0.4811	0.4900	0.4553	0.4274	0.4174	0.3673
0.1365	0.1753	0.2218	0.2301	0.2497	0.3011	0.3535	0.3514	0.3532	0.3755	0.4068	0.4328	0.4642	0.5266	0.5593	0.6405	0.6133	0.6086	0.6384	0.6941	0.6511	0.6436	0.6546	0.6418	0.6508	0.6503	0.6266	0.5837	0.6084	0.5742	0.5795	0.6036	0.6420	0.6656	0.6796	0.7038	0.6930	0.6784	0.6819	0.6795	0.6994	0.6812	0.6761	0.6741	0.6881	0.6692	0.6910	0.6871	0.6946	0.6905	0.7258	0.7024	0.6700	0.7007	0.6706	0.6504	0.6191	0.5840	0.5600	0.5500	0.5494	0.5198	0.5021	0.4939	0.4953	0.4426	0.4492	0.4289	0.3892
0.1288	0.1643	0.2079	0.2365	0.2746	0.3044	0.3570	0.3733	0.3696	0.3885	0.4415	0.4984	0.5230	0.5638	0.6062	0.6565	0.6497	0.6868	0.7001	0.7025	0.6811	0.6982	0.6897	0.6546	0.6219	0.6339	0.6156	0.6486	0.6660	0.6137	0.5819	0.5997	0.6368	0.6533	0.6504	0.6691	0.6932	0.6981	0.6537	0.6278	0.6637	0.6943	0.6470	0.6684	0.6727	0.6421	0.6905	0.6711	0.6991	0.7027	0.7030	0.6921	0.6728	0.6931	0.6490	0.6454	0.6253	0.5887	0.6028	0.5564	0.5183	0.5416	0.5198	0.4840	0.4849	0.4557	0.4475	0.4147	0.4121
0.1722	0.2153	0.2536	0.2746	0.3163	0.3034	0.3153	0.3742	0.4051	0.4435	0.4915	0.5551	0.5974	0.5975	0.7010	0.6880	0.7373	0.7977	0.7751	0.7706	0.7277	0.7459	0.7285	0.6968	0.6719	0.6906	0.6583	0.6955	0.6983	0.6559	0.6608	0.6458	0.6317	0.6304	0.6589	0.6433	0.6714	0.6818	0.6580	0.6313	0.6594	0.6407	0.6686	0.6736	0.6581	0.6359	0.6881	0.7029	0.6795	0.7045	0.7308	0.7479	0.7267	0.7266	0.6798	0.6666	0.6555	0.6233	0.6071	0.5765	0.5768	0.5515	0.5185	0.5134	0.5066	0.4692	0.4690	0.4346	0.4408
0.1805	0.2683	0.3303	0.3672	0.3659	0.3792	0.4105	0.4401	0.4568	0.5079	0.5600	0.6103	0.6376	0.6763	0.7686	0.7980	0.8974	0.9022	0.8131	0.7642	0.7564	0.7886	0.7914	0.7373	0.7445	0.7097	0.6851	0.6969	0.7001	0.7098	0.7034	0.6854	0.6594	0.6367	0.6488	0.6364	0.6573	0.6854	0.6735	0.6404	0.6793	0.6887	0.6917	0.7109	0.6621	0.6824	0.6777	0.7015	0.7112	0.7453	0.7514	0.7515	0.7597	0.7646	0.6895	0.6811	0.6673	0.6745	0.6111	0.5954	0.6173	0.5704	0.5805	0.5589	0.5336	0.5185	0.4716	0.4414	0.4585
0.1239	0.2197	0.3251	0.4373	0.4900	0.5746	0.5992	0.6113	0.5974	0.6015	0.6040	0.6678	0.7111	0.7623	0.8301	0.8178	0.8256	0.7092	0.5849	0.5214	0.5042	0.5571	0.5897	0.6748	0.7131	0.7422	0.7370	0.7515	0.7842	0.7571	0.7612	0.7406	0.7072	0.6990	0.6385	0.6265	0.6640	0.6469	0.6516	0.6395	0.7019	0.7663	0.7745	0.7663	0.7314	0.7277	0.7318	0.7420	0.7557	0.7859	0.8241	0.7783	0.7995	0.7906	0.7276	0.6835	0.6908	0.7283	0.6925	0.6867	0.6655	0.6327	0.6252	0.6017	0.5664	0.5353	0.5277	0.4969	0.4641
0.0633	0.0899	0.1411	0.2140	0.3203	0.3936	0.4650	0.4966	0.5262	0.5236	0.6354	0.5657	0.5583	0.5714	0.5093	0.4533	0.3909	0.3431	0.3368	0.3480	0.3598	0.3736	0.3903	0.4349	0.5429	0.7238	0.7959	0.7744	0.8623	0.8730	0.8601	0.8441	0.7888	0.7739	0.7132	0.6897	0.6821	0.6541	0.6931	0.6993	0.7632	0.7698	0.8089	0.7795	0.7669	0.7691	0.8069	0.7760	0.7852	0.7856	0.7656	0.7867	0.7850	0.8256	0.7563	0.7664	0.7594	0.7419	0.7311	0.7154	0.7266	0.6940	0.6711	0.6265	0.5801	0.5561	0.5646	0.5555	0.5121
0.0250	0.0511	0.0790	0.0839	0.1114	0.1309	0.1633	0.1901	0.2016	0.1978	0.2757	0.2543	0.2178	0.2048	0.2166	0.2169	0.2241	0.2240	0.2382	0.2557	0.2759	0.2827	0.3015	0.3314	0.3740	0.4628	0.5731	0.5857	0.6556	0.8033	0.8981	0.8880	0.8930	0.9193	0.8489	0.8253	0.7622	0.7839	0.7915	0.7908	0.8212	0.8267	0.8197	0.7782	0.8199	0.7940	0.8431	0.8169	0.7967	0.7982	0.8209	0.8143	0.8168	0.8050	0.7856	0.7857	0.8000	0.7740	0.7567	0.7664	0.7584	0.7069	0.6906	0.6482	0.5766	0.5785	0.5833	0.5340	0.4885
0.0107	0.0210	0.0503	0.0571	0.0627	0.0606	0.0879	0.0888	0.0853	0.0996	0.1085	0.1182	0.1291	0.1079	0.1219	0.1434	0.1605	0.1677	0.1709	0.1648	0.1914	0.2034	0.2119	0.2347	0.2640	0.2736	0.3086	0.3266	0.3896	0.4605	0.5669	0.6404	0.6433	0.7700	0.8487	0.8603	0.8422	0.8978	0.8678	0.8363	0.8914	0.8645	0.8410	0.8716	0.8416	0.8293	0.8672	0.8654	0.8069	0.8280	0.8232	0.7994	0.8117	0.7966	0.7965	0.8376	0.8365	0.8268	0.7589	0.7968	0.7658	0.7184	0.6588	0.6623	0.6009	0.6009	0.6039	0.5597	0.5244
0.0144	0.0279	0.0396	0.0446	0.0565	0.0605	0.0746	0.0762	0.0668	0.0766	0.0812	0.0775	0.1002	0.0893	0.0943	0.1044	0.1168	0.1194	0.1219	0.1233	0.1342	0.1298	0.1560	0.1795	0.1689	0.1786	0.1914	0.2202	0.2397	0.2658	0.2881	0.3256	0.3479	0.3947	0.4939	0.5794	0.5987	0.6716	0.7412	0.7425	0.7802	0.9143	0.8964	0.9166	0.8811	0.8970	0.9026	0.8799	0.8476	0.8006	0.8117	0.8169	0.8111	0.7952	0.8344	0.8642	0.8466	0.8035	0.7538	0.8161	0.7525	0.7060	0.7016	0.6525	0.6120	0.6185	0.6015	0.5752	0.5282
0.0290	0.0379	0.0411	0.0393	0.0340	0.0490	0.0589	0.0671	0.0659	0.0724	0.0755	0.0732	0.0848	0.0798	0.0907	0.0870	0.0877	0.0877	0.0918	0.1046	0.1058	0.1108	0.1102	0.1249	0.1334	0.1298	0.1460	0.1588	0.1835	0.1950	0.1988	0.2283	0.2392	0.2619	0.2895	0.2920	0.3129	0.3553	0.4015	0.4381	0.5029	0.8051	0.8465	0.7577	0.6524	0.6669	0.8437	0.8779	0.8144	0.8125	0.8590	0.8378	0.8781	0.8303	0.8233	0.8021	0.7729	0.7802	0.7938	0.8375	0.7925	0.7403	0.7269	0.6721	0.6289	0.6310	0.6335	0.6001	0.5352
0.0084	0.0162	0.0217	0.0314	0.0352	0.0335	0.0437	0.0512	0.0755	0.0750	0.0645	0.0555	0.0683	0.0609	0.0632	0.0832	0.0866	0.0939	0.0910	0.0866	0.0886	0.0962	0.1020	0.1001	0.1061	0.1136	0.1137	0.1189	0.1317	0.1509	0.1730	0.1837	0.1969	0.1883	0.2058	0.2256	0.2324	0.2586	0.2585	0.2639	0.3058	0.4261	0.4454	0.4231	0.4166	0.4520	0.7635	0.9373	0.8599	0.8538	0.8616	0.8071	0.8425	0.7906	0.7688	0.7708	0.7712	0.7835	0.7767	0.8200	0.8430	0.7482	0.6987	0.7126	0.6657	0.6369	0.6199	0.5998	0.5412
0.0000	0.0127	0.0170	0.0296	0.0286	0.0285	0.0413	0.0574	0.0490	0.0586	0.0625	0.0601	0.0590	0.0639	0.0539	0.0678	0.0787	0.0743	0.0815	0.0802	0.0805	0.0814	0.0917	0.0927	0.0906	0.0978	0.0994	0.1076	0.1187	0.1182	0.1307	0.1454	0.1353	0.1507	0.1689	0.1675	0.1755	0.1894	0.1960	0.1990	0.2291	0.2358	0.2671	0.3028	0.3394	0.3688	0.5661	0.7821	0.8280	0.8879	0.8855	0.8242	0.7996	0.7708	0.7370	0.7797	0.7962	0.8182	0.7647	0.7338	0.6493	0.4299	0.4163	0.5416	0.6223	0.6440	0.6081	0.5849	0.5294
0.0187	0.0153	0.0230	0.0297	0.0347	0.0320	0.0509	0.0470	0.0449	0.0363	0.0440	0.0586	0.0577	0.0550	0.0649	0.0660	0.0672	0.0787	0.0672	0.0655	0.0671	0.0765	0.0771	0.0705	0.0837	0.0869	0.0898	0.1047	0.1000	0.0947	0.0931	0.1031	0.1060	0.1093	0.1273	0.1312	0.1329	0.1319	0.1326	0.1427	0.1512	0.1659	0.1872	0.1965	0.2206	0.2583	0.2945	0.3627	0.4404	0.5312	0.7461	0.8530	0.8193	0.8398	0.7719	0.7771	0.7004	0.6323	0.6982	0.6767	0.4584	0.2803	0.2878	0.3394	0.5273	0.6339	0.6183	0.5955	0.4647
0.0056	0.0241	0.0211	0.0260	0.0279	0.0303	0.0370	0.0410	0.0391	0.0532	0.0417	0.0459	0.0484	0.0519	0.0644	0.0722	0.0657	0.0767	0.0594	0.0621	0.0684	0.0691	0.0640	0.0673	0.0806	0.0757	0.0753	0.0872	0.0930	0.0930	0.0863	0.0923	0.0947	0.0950	0.0994	0.1017	0.1079	0.0974	0.1025	0.1081	0.1113	0.1167	0.1335	0.1372	0.1564	0.1744	0.1880	0.2049	0.2362	0.2671	0.4194	0.7444	0.7876	0.7727	0.7482	0.7157	0.5453	0.3951	0.6414	0.7381	0.3517	0.1726	0.1927	0.2214	0.3542	0.4653	0.4776	0.3903	0.3321
0.0000	0.0166	0.0139	0.0189	0.0100	0.0140	0.0202	0.0313	0.0242	0.0328	0.0379	0.0339	0.0430	0.0420	0.0462	0.0594	0.0481	0.0564	0.0578	0.0576	0.0659	0.0697	0.0605	0.0654	0.0824	0.0753	0.0701	0.0733	0.0844	0.0791	0.0844	0.0804	0.0826	0.0927	0.0938	0.0884	0.0908	0.0907	0.1030	0.1011	0.0970	0.1012	0.1126	0.1025	0.1162	0.1252	0.1314	0.1357	0.1478	0.1457	0.1680	0.2613	0.3629	0.4071	0.4472	0.4430	0.2818	0.1691	0.3105	0.4088	0.2185	0.1269	0.1274	0.1476	0.1783	0.1870	0.1853	0.1670	0.1517
0.0000	0.0000	0.0100	0.0000	0.0051	0.0097	0.0235	0.0250	0.0259	0.0292	0.0248	0.0392	0.0440	0.0373	0.0435	0.0523	0.0515	0.0480	0.0461	0.0589	0.0638	0.0594	0.0619	0.0619	0.0720	0.0796	0.0756	0.0625	0.0691	0.0698	0.0678	0.0662	0.0754	0.0824	0.0812	0.0824	0.0822	0.0814	0.0858	0.0965	0.1019	0.0958	0.1028	0.1050	0.0980	0.1030	0.1032	0.1039	0.1190	0.1185	0.1189	0.1280	0.1171	0.1356	0.1562	0.1491	0.1311	0.1076	0.1169	0.1272	0.1181	0.1031	0.1094	0.1208	0.1278	0.1258	0.1133	0.1114	0.1086
0.0000	0.0000	0.0070	0.0179	0.0089	0.0176	0.0224	0.0160	0.0272	0.0294	0.0286	0.0298	0.0311	0.0290	0.0415	0.0455	0.0530	0.0437	0.0409	0.0476	0.0554	0.0577	0.0633	0.0511	0.0519	0.0628	0.0574	0.0618	0.0642	0.0595	0.0618	0.0594	0.0646	0.0761	0.0691	0.0852	0.0787	0.0760	0.0812	0.0804	0.0887	0.0836	0.0974	0.0948	0.0829	0.0884	0.0913	0.0955	0.0978	0.0998	0.1025	0.1090	0.0983	0.1111	0.1163	0.1090	0.1039	0.1103	0.1017	0.1091	0.0997	0.0831	0.0905	0.0919	0.1097	0.0931	0.0822	0.0980	0.0800
0.0000	0.0000	0.0000	0.0167	0.0129	0.0185	0.0193	0.0268	0.0179	0.0193	0.0341	0.0220	0.0315	0.0345	0.0273	0.0353	0.0427	0.0414	0.0312	0.0430	0.0466	0.0516	0.0516	0.0535	0.0529	0.0576	0.0570	0.0528	0.0566	0.0631	0.0617	0.0671	0.0639	0.0721	0.0640	0.0634	0.0761	0.0660	0.0776	0.0731	0.0759	0.0776	0.0787	0.0761	0.0799	0.0800	0.0810	0.0794	0.0904	0.0914	0.0951	0.0939	0.0966	0.0991	0.1000	0.0969	0.1005	0.0910	0.0891	0.1113	0.0987	0.0779	0.0773	0.0845	0.0891	0.0735	0.0687	0.0693	0.0702
0.0000	0.0000	0.0000	0.0000	0.0000	0.0000	0.0172	0.0119	0.0104	0.0206	0.0308	0.0247	0.0236	0.0107	0.0167	0.0307	0.0309	0.0347	0.0285	0.0463	0.0402	0.0366	0.0395	0.0474	0.0520	0.0593	0.0495	0.0491	0.0517	0.0503	0.0589	0.0583	0.0584	0.0654	0.0640	0.0541	0.0565	0.0597	0.0734	0.0690	0.0708	0.0780	0.0761	0.0800	0.0797	0.0693	0.0749	0.0831	0.0762	0.0857	0.0890	0.0951	0.0847	0.0870	0.0924	0.0903	0.0861	0.0803	0.0898	0.0946	0.0950	0.0701	0.0682	0.0758	0.0929	0.0787	0.0673	0.0762	0.0696
0.0000	0.0000	0.0000	0.0010	0.0000	0.0000	0.0066	0.0100	0.0063	0.0066	0.0220	0.0326	0.0378	0.0299	0.0277	0.0394	0.0413	0.0361	0.0261	0.0309	0.0330	0.0369	0.0401	0.0419	0.0390	0.0458	0.0516	0.0552	0.0567	0.0562	0.0506	0.0466	0.0604	0.0658	0.0608	0.0544	0.0623	0.0716	0.0673	0.0694	0.0772	0.0681	0.0674	0.0733	0.0737	0.0701	0.0773	0.0750	0.0746	0.0794	0.0895	0.0906	0.0843	0.0843	0.0946	0.0845	0.0756	0.0754	0.0945	0.0831	0.0790	0.0688	0.0673	0.0763	0.0684	0.0646	0.0595	0.0663	0.0659
0.0000	0.0000	0.0000	0.0000	0.0000	0.0000	0.0033	0.0153	0.0052	0.0229	0.0269	0.0160	0.0243	0.0326	0.0247	0.0202	0.0330	0.0294	0.0244	0.0348	0.0298	0.0404	0.0481	0.0433	0.0376	0.0377	0.0420	0.0418	0.0531	0.0550	0.0524	0.0508	0.0541	0.0542	0.0596	0.0543	0.0510	0.0686	0.0651	0.0622	0.0720	0.0595	0.0671	0.0672	0.0651	0.0709	0.0675	0.0745	0.0706	0.0769	0.0756	0.0831	0.0779	0.0817	0.0898	0.0741	0.0826	0.0761	0.0823	0.0697	0.0638	0.0587	0.0572	0.0680	0.0685	0.0517	0.0514	0.0508	0.0491
0.0000	0.0000	0.0000	0.0000	0.0000	0.0000	0.0000	0.0068	0.0140	0.0102	0.0094	0.0101	0.0219	0.0141	0.0218	0.0229	0.0287	0.0200	0.0178	0.0221	0.0218	0.0355	0.0344	0.0333	0.0388	0.0381	0.0338	0.0417	0.0434	0.0463	0.0502	0.0484	0.0486	0.0470	0.0544	0.0547	0.0503	0.0541	0.0561	0.0544	0.0587	0.0589	0.0634	0.0594	0.0620	0.0660	0.0674	0.0697	0.0634	0.0693	0.0654	0.0670	0.0720	0.0759	0.0755	0.0728	0.0694	0.0632	0.0564	0.0591	0.0605	0.0554	0.0482	0.0585	0.0554	0.0560	0.0514	0.0469	0.0393
0.0000	0.0028	0.0000	0.0000	0.0000	0.0000	0.0063	0.0000	0.0022	0.0000	0.0084	0.0132	0.0176	0.0048	0.0138	0.0302	0.0224	0.0144	0.0086	0.0202	0.0335	0.0358	0.0313	0.0323	0.0355	0.0300	0.0284	0.0348	0.0388	0.0521	0.0472	0.0345	0.0456	0.0484	0.0532	0.0534	0.0492	0.0558	0.0540	0.0558	0.0602	0.0637	0.0691	0.0665	0.0699	0.0652	0.0665	0.0718	0.0695	0.0693	0.0764	0.0859	0.0835	0.0814	0.0820	0.0768	0.0742	0.0739	0.0738	0.0674	0.0647	0.0590	0.0603	0.0612	0.0670	0.0597	0.0585	0.0603	0.0488
