0.0000	0.0000	0.0160	0.0113	0.0082	0.0042	0.0099	0.0215	0.0206	0.0000	0.0102	0.0320	0.0257	0.0369	0.0305	0.0383	0.0527	0.0437	0.0329	0.0531	0.0597	0.0522	0.0454	0.0653	0.0772	0.0794	0.0738	0.0591	0.0578	0.0713	0.0789	0.0636	0.0654	0.0940	0.0805	0.0786	0.0763	0.0710	0.0946	0.0611	0.0668	0.0803	0.0724	0.0780	0.0710	0.0706	0.0753	0.0833	0.0780	0.0821	0.0899	0.0676	0.0843	0.0716	0.0809	0.0827	0.0803	0.0581	0.0812	0.0722	0.0503	0.0671	0.0720	0.0733	0.0630	0.0580	0.0542	0.0437	0.0434
0.0000	0.0000	0.0033	0.0073	0.0060	0.0106	0.0209	0.0213	0.0390	0.0093	0.0122	0.0306	0.0443	0.0427	0.0435	0.0507	0.0537	0.0574	0.0571	0.0476	0.0679	0.0808	0.0589	0.0765	0.0845	0.0851	0.0784	0.0781	0.0667	0.0823	0.1010	0.0867	0.0882	0.1006	0.0972	0.1019	0.0929	0.0801	0.0997	0.0629	0.0797	0.1042	0.0809	0.0820	0.0821	0.0612	0.0824	0.0867	0.0850	0.0787	0.0901	0.0772	0.0795	0.0625	0.0661	0.0839	0.0776	0.0785	0.0728	0.0783	0.0711	0.0610	0.0760	0.0774	0.0770	0.0561	0.0760	0.0555	0.0567
0.0000	0.0000	0.0031	0.0108	0.0061	0.0043	0.0213	0.0174	0.0311	0.0267	0.0508	0.0389	0.0405	0.0400	0.0364	0.0324	0.0485	0.0613	0.0634	0.0510	0.0563	0.0808	0.0639	0.0951	0.0874	0.0836	0.1056	0.0710	0.0855	0.1027	0.0913	0.0883	0.0859	0.0938	0.0835	0.0927	0.0975	0.0956	0.0925	0.0760	0.0891	0.0885	0.0910	0.0850	0.0898	0.0815	0.0986	0.1009	0.0839	0.0795	0.0847	0.1021	0.0873	0.0901	0.0857	0.0805	0.0748	0.0951	0.0930	0.0898	0.0851	0.0863	0.0908	0.0815	0.0918	0.0757	0.0766	0.0798	0.0669
0.0000	0.0000	0.0050	0.0292	0.0193	0.0197	0.0220	0.0261	0.0153	0.0376	0.0476	0.0587	0.0576	0.0375	0.0469	0.0572	0.0544	0.0761	0.0590	0.0661	0.0769	0.0693	0.0618	0.0796	0.0972	0.0799	0.0945	0.0919	0.0948	0.0945	0.0855	0.0806	0.1024	0.1077	0.0915	0.0983	0.1045	0.1001	0.0827	0.0836	0.0898	0.0900	0.0930	0.0852	0.0852	0.0930	0.0932	0.0859	0.0689	0.0786	0.1058	0.0812	0.0935	0.0918	0.0943	0.0930	0.0822	0.0959	0.1009	0.0884	0.1079	0.1099	0.0983	0.0866	0.0934	0.0828	0.0829	0.0806	0.0899
0.0000	0.0000	0.0054	0.0156	0.0115	0.0085	0.0198	0.0378	0.0387	0.0244	0.0329	0.0602	0.0667	0.0610	0.0668	0.0839	0.0644	0.0683	0.0512	0.0722	0.0777	0.0839	0.0814	0.0796	0.0808	0.0694	0.0880	0.0891	0.0913	0.0848	0.1028	0.0879	0.1065	0.1150	0.1129	0.0975	0.0898	0.0788	0.0979	0.0954	0.0957	0.0850	0.1017	0.1013	0.1075	0.1013	0.1008	0.0924	0.0853	0.0942	0.0961	0.0940	0.0954	0.0904	0.0884	0.0950	0.0943	0.1026	0.0997	0.0980	0.0991	0.0966	0.1107	0.1060	0.1022	0.0744	0.1011	0.1069	0.1209
0.0061	0.0081	0.0160	0.0108	0.0203	0.0084	0.0253	0.0286	0.0452	0.0363	0.0352	0.0538	0.0672	0.0549	0.0644	0.0879	0.0844	0.0681	0.0621	0.0871	0.0845	0.0859	0.0761	0.0853	0.0849	0.0838	0.0954	0.0941	0.0890	0.1048	0.0958	0.1027	0.1221	0.1249	0.1124	0.1017	0.1076	0.0976	0.1078	0.1016	0.0894	0.0950	0.1116	0.0978	0.1120	0.1051	0.0984	0.1090	0.0968	0.0931	0.1027	0.1150	0.1060	0.0992	0.0995	0.1164	0.1077	0.1188	0.1232	0.1248	0.1113	0.1134	0.1334	0.1455	0.1358	0.1145	0.1165	0.1327	0.1278
0.0002	0.0036	0.0207	0.0154	0.0207	0.0191	0.0257	0.0380	0.0399	0.0349	0.0597	0.0648	0.0642	0.0524	0.0618	0.0844	0.0880	0.0921	0.0772	0.0813	0.0980	0.0953	0.0725	0.0722	0.0927	0.1055	0.0984	0.0940	0.0940	0.1114	0.1034	0.1011	0.1086	0.1279	0.1061	0.1058	0.1222	0.1155	0.1086	0.1084	0.0904	0.1070	0.1126	0.1043	0.0926	0.1041	0.1017	0.1155	0.0959	0.1043	0.1205	0.1291	0.1294	0.1209	0.1223	0.1401	0.1352	0.1191	0.1296	0.1378	0.1181	0.1395	0.1520	0.1622	0.1609	0.1330	0.1387	0.1541	0.1625
0.0088	0.0118	0.0232	0.0298	0.0475	0.0395	0.0261	0.0419	0.0331	0.0377	0.0605	0.0648	0.0770	0.0587	0.0679	0.0910	0.0758	0.0971	0.0753	0.0682	0.0915	0.1121	0.0956	0.0883	0.1140	0.1201	0.1079	0.1051	0.1148	0.1134	0.0993	0.1106	0.1235	0.1386	0.1313	0.1099	0.1150	0.1301	0.1250	0.1232	0.1082	0.1041	0.1275	0.1161	0.1097	0.1338	0.1213	0.1387	0.1207	0.1220	0.1249	0.1271	0.1441	0.1352	0.1346	0.1590	0.1560	0.1396	0.1531	0.1517	0.1566	0.1786	0.2021	0.2254	0.2274	0.2093	0.2195	0.2065	0.2414
0.0126	0.0182	0.0211	0.0176	0.0375	0.0433	0.0439	0.0477	0.0459	0.0409	0.0757	0.0805	0.0734	0.0892	0.0777	0.0910	0.0934	0.0766	0.0831	0.0815	0.1095	0.1140	0.1088	0.1196	0.1319	0.1200	0.1043	0.1056	0.1304	0.1162	0.1229	0.1147	0.1442	0.1358	0.1410	0.1230	0.1250	0.1228	0.1331	0.1421	0.1194	0.1167	0.1475	0.1307	0.1337	0.1438	0.1338	0.1375	0.1454	0.1393	0.1401	0.1482	0.1541	0.1614	0.1661	0.1947	0.1801	0.1895	0.2139	0.2378	0.2501	0.2467	0.2659	0.3175	0.3738	0.3721	0.3393	0.3143	0.3190
0.0183	0.0167	0.0283	0.0266	0.0320	0.0374	0.0696	0.0788	0.0643	0.0562	0.0655	0.0731	0.0786	0.0996	0.1021	0.1087	0.1112	0.1118	0.1121	0.1330	0.1442	0.1244	0.0924	0.1144	0.1285	0.1387	0.1098	0.1066	0.1108	0.1185	0.1234	0.1124	0.1256	0.1361	0.1390	0.1363	0.1360	0.1341	0.1364	0.1359	0.1292	0.1295	0.1485	0.1517	0.1562	0.1645	0.1659	0.1533	0.1561	0.1695	0.1801	0.1717	0.1624	0.1844	0.2027	0.2240	0.2391	0.2448	0.2443	0.2841	0.3643	0.3521	0.3608	0.4360	0.4494	0.4043	0.3844	0.4102	0.3779
0.0172	0.0123	0.0186	0.0343	0.0720	0.0654	0.0807	0.0848	0.0731	0.0636	0.0683	0.0782	0.0950	0.1078	0.1210	0.1021	0.1136	0.1163	0.1121	0.1156	0.1385	0.1194	0.1227	0.1173	0.1372	0.1462	0.1358	0.1160	0.1309	0.1325	0.1191	0.1372	0.1378	0.1563	0.1528	0.1513	0.1603	0.1737	0.1650	0.1413	0.1486	0.1405	0.1566	0.1608	0.1807	0.1726	0.1980	0.1912	0.1838	0.2026	0.2244	0.2381	0.2003	0.2073	0.2316	0.2686	0.2935	0.2967	0.3424	0.3835	0.4971	0.5126	0.4609	0.5267	0.5004	0.4170	0.3801	0.3858	0.3764
0.0205	0.0267	0.0186	0.0543	0.0520	0.0483	0.0668	0.0744	0.0831	0.0813	0.0946	0.0995	0.0843	0.0933	0.0944	0.0986	0.1034	0.1227	0.1291	0.1229	0.1374	0.1293	0.1285	0.1246	0.1403	0.1488	0.1504	0.1325	0.1518	0.1451	0.1603	0.1750	0.1592	0.1611	0.1862	0.1580	0.1806	0.1871	0.1943	0.1776	0.1676	0.1726	0.1994	0.1843	0.1993	0.2218	0.2423	0.2448	0.2156	0.2368	0.2536	0.2747	0.2649	0.2904	0.3113	0.3339	0.3859	0.3675	0.3952	0.4000	0.5125	0.5870	0.5565	0.5524	0.5122	0.4546	0.3997	0.3578	0.3448
0.0260	0.0293	0.0358	0.0609	0.0550	0.0451	0.0538	0.0772	0.0958	0.1001	0.1146	0.0963	0.1164	0.0980	0.1070	0.1204	0.1035	0.1429	0.1274	0.1479	0.1593	0.1647	0.1773	0.1641	0.1653	0.1853	0.1556	0.1596	0.1752	0.1820	0.1720	0.1807	0.2027	0.2026	0.2199	0.1893	0.1948	0.2189	0.2292	0.2354	0.2334	0.2177	0.2271	0.2418	0.2272	0.2502	0.2689	0.2667	0.2767	0.2811	0.2841	0.2961	0.3232	0.3570	0.3550	0.3869	0.4110	0.3746	0.4128	0.4340	0.4348	0.6093	0.6348	0.5819	0.5323	0.4734	0.4146	0.4225	0.3768
0.0156	0.0336	0.0678	0.0704	0.0554	0.0560	0.0928	0.0932	0.0876	0.0951	0.1017	0.1249	0.1414	0.1442	0.1407	0.1610	0.2023	0.2213	0.2272	0.1738	0.1926	0.2102	0.2153	0.1932	0.1999	0.1953	0.2132	0.2469	0.2279	0.2311	0.2314	0.2382	0.2492	0.2696	0.2645	0.2265	0.2506	0.2481	0.2592	0.2479	0.2497	0.2516	0.2695	0.2792	0.2791	0.3048	0.2958	0.2915	0.2965	0.3077	0.3339	0.3573	0.3766	0.3894	0.4146	0.4668	0.4404	0.4259	0.4607	0.4980	0.4207	0.5030	0.6454	0.6032	0.5062	0.4576	0.4199	0.4057	0.3799
0.0140	0.0302	0.0422	0.0592	0.0841	0.0834	0.1048	0.1113	0.1226	0.1103	0.1378	0.2061	0.2412	0.2565	0.3207	0.3730	0.5422	0.4742	0.4434	0.3747	0.2899	0.2669	0.2722	0.3106	0.3009	0.2625	0.2798	0.3057	0.3042	0.3255	0.3191	0.3422	0.3533	0.3251	0.3037	0.2898	0.2985	0.3044	0.3161	0.3226	0.3108	0.3088	0.2941	0.3303	0.3507	0.3471	0.3381	0.3630	0.3699	0.3641	0.4160	0.4326	0.4528	0.5406	0.6363	0.7271	0.7068	0.5883	0.5934	0.6321	0.5265	0.4301	0.5566	0.6032	0.5384	0.4298	0.4157	0.3680	0.3505
0.0192	0.0362	0.0442	0.0603	0.0996	0.1066	0.1332	0.1502	0.2017	0.2217	0.3350	0.4579	0.4650	0.5240	0.6066	0.6361	0.7536	0.7194	0.6997	0.7082	0.6122	0.5409	0.5369	0.6059	0.5286	0.5364	0.5339	0.5453	0.6208	0.5337	0.5256	0.5423	0.5421	0.4822	0.4041	0.3984	0.4178	0.3852	0.3765	0.3922	0.4362	0.3677	0.3701	0.3924	0.4321	0.5286	0.4637	0.4307	0.4465	0.4766	0.5463	0.5935	0.5956	0.7449	0.7717	0.8025	0.7629	0.6472	0.6544	0.6904	0.5995	0.5368	0.6096	0.6139	0.5016	0.4388	0.4126	0.3836	0.3839
0.0369	0.0372	0.0549	0.0904	0.1357	0.1536	0.2154	0.3067	0.4220	0.5478	0.6360	0.6839	0.6722	0.6302	0.6904	0.6996	0.7122	0.7760	0.7299	0.7480	0.7987	0.7833	0.7619	0.8013	0.7337	0.7416	0.7359	0.7520	0.7636	0.8009	0.8686	0.8776	0.9001	0.7920	0.6629	0.6424	0.7733	0.6878	0.5937	0.5374	0.6118	0.4857	0.5155	0.5806	0.6762	0.8114	0.7261	0.7416	0.5831	0.6369	0.8199	0.8690	0.7823	0.7793	0.7346	0.7273	0.6775	0.6215	0.6423	0.6585	0.5641	0.5770	0.5932	0.5294	0.4785	0.4119	0.4019	0.3532	0.3753
0.0649	0.0820	0.1500	0.2315	0.3016	0.3635	0.5552	0.6465	0.6480	0.6046	0.6730	0.6138	0.6117	0.5837	0.5999	0.6873	0.6851	0.7530	0.7272	0.7419	0.7936	0.7976	0.7565	0.7410	0.7601	0.6858	0.7022	0.7416	0.7007	0.8233	0.8878	0.8791	0.9342	0.9375	0.9773	0.9144	0.9263	0.9462	0.9034	0.8580	0.7611	0.5777	0.6994	0.8295	0.8640	0.8922	0.9221	0.8897	0.7643	0.7039	0.8549	0.8576	0.7897	0.7265	0.6903	0.6653	0.6023	0.5819	0.6051	0.5989	0.5746	0.5364	0.5408	0.5102	0.4596	0.3904	0.3644	0.3655	0.3654
0.1362	0.2403	0.3912	0.5349	0.6285	0.6427	0.6820	0.6149	0.6011	0.4984	0.4582	0.5002	0.5243	0.5198	0.5128	0.5892	0.6511	0.6827	0.6991	0.7343	0.7214	0.7411	0.7332	0.6835	0.6737	0.6753	0.7355	0.6687	0.7211	0.8208	0.7905	0.7813	0.8940	1.0000	0.9385	0.8952	0.8521	0.9278	0.9289	0.9355	0.8544	0.7329	0.9093	0.9071	0.8886	0.8897	0.8458	0.7983	0.7261	0.6997	0.8248	0.7539	0.6855	0.6683	0.6717	0.6035	0.5555	0.5499	0.5408	0.5565	0.5633	0.5176	0.4969	0.4670	0.4252	0.3907	0.3669	0.3661	0.3666
0.2643	0.4030	0.4953	0.5497	0.5074	0.5014	0.4712	0.4152	0.4211	0.4196	0.4247	0.4592	0.5180	0.5118	0.5346	0.5725	0.5610	0.5936	0.6038	0.6438	0.6521	0.6675	0.6346	0.6365	0.6527	0.6162	0.7096	0.7274	0.7297	0.7855	0.7378	0.7752	0.7839	0.8726	0.8641	0.8704	0.8276	0.8302	0.8091	0.8519	0.8331	0.8548	0.8558	0.8028	0.8537	0.8001	0.7624	0.8029	0.7295	0.7080	0.7253	0.6774	0.6229	0.6078	0.6349	0.5894	0.5351	0.5274	0.5212	0.5155	0.5088	0.4762	0.4856	0.4702	0.4192	0.4066	0.3823	0.3714	0.3444
0.2369	0.2960	0.3270	0.3496	0.3410	0.3387	0.3730	0.3740	0.3502	0.3702	0.4006	0.4806	0.5405	0.5126	0.4916	0.5315	0.5220	0.5737	0.5575	0.5243	0.5884	0.5708	0.5650	0.6310	0.6178	0.6439	0.6350	0.6764	0.6972	0.6898	0.7527	0.7285	0.7527	0.7739	0.7878	0.7894	0.7959	0.8032	0.7634	0.7633	0.7596	0.7618	0.7702	0.7506	0.7005	0.6975	0.6780	0.6990	0.6409	0.6390	0.6377	0.5993	0.5384	0.5441	0.5351	0.5739	0.5211	0.4954	0.5079	0.4705	0.4663	0.4578	0.4629	0.4216	0.4290	0.4059	0.3877	0.3737	0.3369
0.2135	0.2469	0.2652	0.2909	0.2809	0.3100	0.3304	0.3558	0.3563	0.3790	0.3688	0.4151	0.4816	0.5226	0.5283	0.5242	0.5718	0.5823	0.5830	0.5511	0.5868	0.6172	0.6175	0.5864	0.5762	0.6092	0.6247	0.6299	0.6593	0.6486	0.6628	0.6848	0.7309	0.7206	0.7416	0.7229	0.7147	0.7452	0.7295	0.7484	0.7674	0.6855	0.6572	0.6722	0.6639	0.6438	0.6482	0.5967	0.5287	0.5311	0.6088	0.5453	0.4975	0.5149	0.4801	0.5214	0.4910	0.4878	0.4830	0.4496	0.4765	0.4819	0.4494	0.4174	0.4314	0.3978	0.3519	0.3364	0.3341
0.2087	0.2389	0.2710	0.2674	0.2662	0.2846	0.3673	0.3680	0.3459	0.3437	0.3744	0.3960	0.4356	0.4956	0.5516	0.5484	0.6180	0.6013	0.5828	0.5284	0.5802	0.6294	0.6119	0.5914	0.6148	0.5666	0.5748	0.6037	0.6261	0.6379	0.6268	0.6792	0.7186	0.7037	0.6525	0.6650	0.6953	0.7089	0.6693	0.6534	0.6452	0.6154	0.6201	0.5996	0.6080	0.6048	0.5720	0.5492	0.5338	0.5104	0.5359	0.5409	0.5495	0.5203	0.5072	0.5135	0.5033	0.4829	0.4715	0.4613	0.4473	0.4484	0.4374	0.4244	0.4064	0.3910	0.3611	0.3489	0.3485
0.2202	0.2196	0.2679	0.2794	0.2674	0.3028	0.3657	0.3515	0.3142	0.3205	0.3642	0.3786	0.4130	0.4526	0.5216	0.5442	0.6079	0.6127	0.6106	0.6134	0.5951	0.6034	0.5605	0.5377	0.6288	0.5480	0.5828	0.6118	0.6186	0.6176	0.6174	0.6440	0.6504	0.6915	0.6677	0.6219	0.6366	0.6365	0.5930	0.5737	0.5876	0.5783	0.6079	0.5744	0.5673	0.5974	0.5829	0.5656	0.5215	0.5314	0.5274	0.5405	0.5645	0.5423	0.5225	0.5382	0.5238	0.4975	0.4877	0.4456	0.4358	0.4711	0.4473	0.4087	0.3860	0.3922	0.3631	0.3487	0.3476
0.2396	0.2344	0.2460	0.2553	0.2939	0.3167	0.3414	0.3501	0.3247	0.3229	0.3338	0.3552	0.4055	0.4133	0.4903	0.5236	0.5193	0.5598	0.5970	0.5914	0.5606	0.5514	0.5677	0.5438	0.5534	0.5557	0.5597	0.5777	0.6121	0.6097	0.5887	0.5873	0.5920	0.6482	0.6445	0.6270	0.6347	0.5915	0.6101	0.6332	0.6159	0.6130	0.6414	0.5852	0.5849	0.5974	0.5786	0.5890	0.5548	0.5443	0.5543	0.5375	0.5034	0.5178	0.5148	0.5177	0.4952	0.4933	0.4785	0.4522	0.4601	0.4498	0.4639	0.4046	0.4068	0.3856	0.3600	0.3486	0.3400
0.2196	0.2560	0.2523	0.2818	0.2986	0.3139	0.3223	0.3277	0.3398	0.3505	0.3383	0.3490	0.3908	0.4550	0.4762	0.4779	0.5113	0.4977	0.5090	0.5257	0.5768	0.5481	0.5118	0.5109	0.5424	0.5375	0.5782	0.5776	0.5817	0.5902	0.6317	0.6015	0.6016	0.6223	0.6196	0.6188	0.6303	0.6429	0.6471	0.6424	0.6085	0.5955	0.5802	0.5856	0.5952	0.6136	0.6026	0.5980	0.6149	0.5649	0.5992	0.5388	0.5171	0.5280	0.5394	0.5363	0.5220	0.5164	0.5000	0.4837	0.4813	0.4546	0.4325	0.4042	0.4072	0.4020	0.3719	0.3762	0.3357
0.1882	0.2134	0.2708	0.2866	0.3178	0.2966	0.3001	0.3179	0.3102	0.3263	0.3462	0.3618	0.4320	0.4426	0.4490	0.4876	0.4879	0.4932	0.5394	0.5261	0.5418	0.5096	0.5030	0.5306	0.5168	0.5388	0.5676	0.5821	0.5597	0.6184	0.6354	0.6497	0.6563	0.6285	0.6085	0.6176	0.6200	0.6050	0.6481	0.6628	0.6669	0.5996	0.6006	0.5892	0.6169	0.6087	0.5891	0.5821	0.5622	0.5631	0.5992	0.5634	0.5422	0.5435	0.5324	0.5304	0.4962	0.4844	0.5035	0.5116	0.4693	0.4485	0.4802	0.4293	0.4069	0.3791	0.3714	0.3728	0.3316
0.1808	0.2250	0.2539	0.2727	0.3169	0.3121	0.3233	0.3069	0.2840	0.3286	0.3368	0.3571	0.4007	0.3977	0.4229	0.4571	0.4549	0.4927	0.5290	0.5458	0.5165	0.5159	0.5215	0.5476	0.5578	0.5917	0.6023	0.5918	0.6282	0.6332	0.6645	0.6875	0.6535	0.6467	0.6508	0.6668	0.6385	0.6469	0.6459	0.6342	0.6728	0.6670	0.6491	0.6029	0.6197	0.6288	0.6208	0.6103	0.5746	0.5432	0.5991	0.5715	0.5908	0.5719	0.5197	0.5449	0.5658	0.4956	0.4536	0.5022	0.4797	0.4872	0.4800	0.4129	0.4103	0.3734	0.3834	0.3581	0.3551
0.1763	0.2213	0.2337	0.2584	0.2914	0.3114	0.3160	0.3071	0.3050	0.2935	0.3235	0.3398	0.3476	0.3916	0.4126	0.4331	0.4593	0.4740	0.5434	0.5359	0.5384	0.5245	0.5197	0.5294	0.5614	0.5173	0.5715	0.6287	0.7005	0.6113	0.6370	0.6802	0.6902	0.6613	0.6613	0.6327	0.6406	0.6794	0.6627	0.6557	0.6536	0.6498	0.6453	0.6474	0.6365	0.6209	0.6185	0.6110	0.6150	0.5702	0.5637	0.5568	0.5537	0.5584	0.5322	0.5448	0.5172	0.4978	0.4534	0.4560	0.4653	0.4626	0.4434	0.4418	0.4228	0.4048	0.3559	0.3426	0.3327
0.1540	0.1976	0.2359	0.2720	0.2719	0.3010	0.2970	0.2937	0.3239	0.3338	0.3327	0.3468	0.3562	0.4072	0.3898	0.4041	0.4630	0.5118	0.5384	0.5506	0.5392	0.4998	0.5075	0.5678	0.5577	0.5373	0.5519	0.6260	0.6444	0.6703	0.6414	0.6562	0.7183	0.6972	0.6712	0.6768	0.7035	0.6808	0.6886	0.6520	0.6739	0.6916	0.6506	0.6718	0.6478	0.6311	0.6311	0.6214	0.6075	0.5991	0.5868	0.5791	0.5669	0.5563	0.5620	0.5708	0.4990	0.4825	0.4806	0.4605	0.4576	0.4394	0.4154	0.4204	0.4240	0.3976	0.3575	0.3698	0.3357
0.1439	0.1761	0.2496	0.2797	0.2708	0.2704	0.3295	0.3214	0.3031	0.3215	0.3312	0.3319	0.3379	0.3651	0.3715	0.3938	0.4568	0.4677	0.4878	0.5094	0.5454	0.5402	0.5301	0.5774	0.5781	0.5728	0.5476	0.5885	0.6144	0.6522	0.6605	0.6630	0.6814	0.6997	0.7159	0.7296	0.7286	0.6707	0.6877	0.7142	0.6706	0.7112	0.6948	0.6845	0.6727	0.6378	0.6438	0.6319	0.6081	0.6747	0.6459	0.6272	0.6353	0.5981	0.5482	0.5494	0.5187	0.5116	0.4850	0.4796	0.4526	0.4438	0.4146	0.4185	0.4154	0.3713	0.3337	0.3219	0.3100
0.1496	0.1900	0.1984	0.2386	0.2599	0.2762	0.3225	0.3296	0.3137	0.3035	0.3238	0.3215	0.3180	0.3349	0.3721	0.4065	0.4457	0.4640	0.4865	0.5226	0.5436	0.5513	0.5616	0.5894	0.6340	0.6170	0.5683	0.6357	0.6637	0.6450	0.6816	0.7118	0.6886	0.6782	0.7537	0.7303	0.7275	0.7008	0.7257	0.7322	0.6814	0.6834	0.7272	0.6749	0.6704	0.6802	0.6656	0.6913	0.6366	0.7083	0.7190	0.6141	0.6131	0.6263	0.5958	0.5696	0.5290	0.5401	0.5001	0.4673	0.4638	0.4537	0.4580	0.4330	0.4227	0.3656	0.3469	0.3631	0.3268
0.1617	0.1939	0.2076	0.2654	0.2962	0.3093	0.3262	0.3331	0.3375	0.3442	0.3034	0.3307	0.3438	0.3532	0.3540	0.4006	0.4684	0.4801	0.5147	0.5560	0.5713	0.5962	0.6120	0.6377	0.6559	0.6405	0.6534	0.6584	0.6837	0.6707	0.7020	0.7053	0.7082	0.7525	0.7946	0.7981	0.7689	0.7078	0.7194	0.7185	0.7397	0.7190	0.7140	0.7029	0.6845	0.6876	0.7053	0.7241	0.7482	0.7489	0.7468	0.6729	0.6521	0.6010	0.5954	0.5707	0.5428	0.5308	0.4984	0.4895	0.4718	0.4587	0.4594	0.4316	0.4128	0.3596	0.3575	0.3279	0.3196
0.1585	0.1786	0.2195	0.2503	0.2795	0.2843	0.3062	0.3319	0.3621	0.3244	0.3243	0.3472	0.3557	0.3770	0.3752	0.4077	0.4279	0.4849	0.5047	0.5431	0.6023	0.6070	0.6244	0.6087	0.6450	0.6759	0.6854	0.7011	0.6992	0.6962	0.7548	0.7540	0.7504	0.7972	0.8015	0.7876	0.7393	0.7210	0.7549	0.7336	0.7541	0.7573	0.7261	0.7555	0.7182	0.7320	0.7497	0.7282	0.7772	0.7913	0.7690	0.6894	0.6551	0.6047	0.5909	0.5876	0.5837	0.5439	0.5395	0.5210	0.4937	0.4625	0.4440	0.4494	0.3966	0.3789	0.3688	0.3468	0.3441
0.1577	0.1643	0.2162	0.2419	0.2634	0.2901	0.3095	0.3318	0.3293	0.3060	0.3096	0.3295	0.3678	0.3706	0.3631	0.3935	0.4317	0.4842	0.5162	0.5681	0.6249	0.6359	0.6387	0.6439	0.6855	0.6694	0.6928	0.7057	0.7071	0.6941	0.6915	0.7528	0.7218	0.7313	0.8142	0.8102	0.7560	0.7388	0.7732	0.7629	0.7894	0.7735	0.7998	0.7638	0.7620	0.8050	0.7647	0.8303	0.7341	0.8239	0.8095	0.7449	0.7309	0.6837	0.6055	0.5973	0.6014	0.6018	0.5947	0.5588	0.5156	0.4603	0.4582	0.4310	0.4308	0.4135	0.3792	0.3681	0.3398
0.1594	0.1871	0.2341	0.2417	0.2674	0.3178	0.3422	0.3485	0.3165	0.3517	0.3200	0.3609	0.3673	0.3810	0.3802	0.4299	0.4519	0.4796	0.5301	0.6025	0.6090	0.6474	0.6386	0.6302	0.6631	0.6639	0.6545	0.6659	0.7050	0.7116	0.7027	0.6975	0.7474	0.7680	0.7652	0.7590	0.7622	0.7610	0.7500	0.7710	0.8022	0.7844	0.8332	0.8152	0.7954	0.8054	0.8101	0.7819	0.5561	0.5514	0.6976	0.8051	0.7599	0.7112	0.6679	0.6736	0.5893	0.5794	0.5848	0.5736	0.5509	0.5007	0.4961	0.4792	0.4287	0.4112	0.3904	0.3784	0.3726
0.1575	0.1854	0.2258	0.2446	0.2627	0.3087	0.3322	0.3629	0.3320	0.3622	0.3539	0.3880	0.4012	0.4099	0.4244	0.4659	0.4697	0.5245	0.5440	0.6000	0.6733	0.6458	0.6065	0.6171	0.5985	0.6117	0.6476	0.6663	0.7409	0.7741	0.7149	0.7286	0.7720	0.7934	0.8056	0.7999	0.8003	0.7939	0.7624	0.7976	0.8300	0.8349	0.8281	0.8500	0.8577	0.7872	0.7949	0.6965	0.4573	0.4486	0.5172	0.7451	0.7960	0.7617	0.7192	0.7401	0.6587	0.6172	0.6200	0.5776	0.5431	0.5225	0.5161	0.4881	0.4524	0.4062	0.4043	0.3993	0.3640
0.1951	0.2273	0.2546	0.2704	0.3094	0.3254	0.3256	0.3725	0.3816	0.3533	0.4023	0.4387	0.4400	0.4186	0.4845	0.4982	0.4900	0.5761	0.6066	0.6131	0.6515	0.6807	0.6549	0.6292	0.6320	0.6688	0.6716	0.7132	0.7795	0.7261	0.7829	0.8073	0.8099	0.7993	0.8356	0.8206	0.8460	0.8445	0.8503	0.8435	0.8379	0.7608	0.8098	0.7893	0.8692	0.8173	0.8559	0.6474	0.4134	0.4262	0.4896	0.6732	0.7121	0.7033	0.6769	0.7369	0.7149	0.6887	0.6936	0.5933	0.6065	0.5568	0.5120	0.4988	0.4796	0.4211	0.4032	0.4082	0.3927
0.2416	0.3259	0.3943	0.4144	0.4390	0.4109	0.4385	0.4259	0.4249	0.4257	0.4581	0.4690	0.4494	0.4664	0.4994	0.5220	0.5727	0.5748	0.5746	0.5936	0.6141	0.6553	0.6783	0.6498	0.6780	0.7012	0.7213	0.7647	0.7705	0.7574	0.8313	0.8700	0.8703	0.8547	0.8524	0.8305	0.8446	0.8457	0.8470	0.7396	0.5820	0.4893	0.5119	0.5085	0.6132	0.5839	0.6267	0.4383	0.3632	0.3857	0.4073	0.4510	0.4617	0.4537	0.4557	0.5815	0.7344	0.7037	0.6815	0.6538	0.6861	0.6169	0.5577	0.5711	0.5154	0.4611	0.4136	0.4057	0.3956
0.1540	0.2904	0.4165	0.5275	0.5942	0.6513	0.7065	0.6402	0.5683	0.5594	0.5248	0.5436	0.5136	0.5407	0.5813	0.6377	0.6610	0.6684	0.6939	0.6953	0.6502	0.6811	0.6734	0.7007	0.6989	0.7341	0.7388	0.7707	0.8002	0.8541	0.8550	0.8220	0.8406	0.8560	0.8032	0.7807	0.8306	0.7886	0.7639	0.4813	0.3258	0.3291	0.3499	0.3451	0.3650	0.3582	0.3754	0.3539	0.3337	0.3498	0.3819	0.4097	0.4179	0.4272	0.4495	0.5948	0.7632	0.7299	0.7622	0.7537	0.7329	0.6756	0.6234	0.6205	0.5668	0.4894	0.4677	0.4661	0.4152
0.0641	0.1055	0.1891	0.2497	0.3374	0.4508	0.5788	0.6349	0.6589	0.6512	0.6435	0.6281	0.6277	0.6433	0.6948	0.7489	0.7747	0.7717	0.8177	0.8216	0.8030	0.7676	0.7762	0.7582	0.7852	0.7361	0.7461	0.7551	0.8559	0.9007	0.9136	0.9089	0.8927	0.8850	0.8431	0.8450	0.8206	0.7382	0.5399	0.2981	0.2817	0.2794	0.3083	0.2960	0.2943	0.3103	0.3188	0.3350	0.3292	0.3416	0.3470	0.3805	0.4096	0.4428	0.4730	0.7090	0.8267	0.7554	0.7845	0.7731	0.7421	0.6997	0.6679	0.6086	0.5730	0.5188	0.5067	0.4742	0.4358
0.0156	0.0424	0.0760	0.1053	0.1321	0.1564	0.2059	0.2555	0.3246	0.4185	0.5800	0.6120	0.6559	0.6595	0.7186	0.7170	0.7738	0.7614	0.7709	0.8052	0.8434	0.8137	0.8456	0.7922	0.8345	0.7557	0.7814	0.7821	0.8059	0.7931	0.8278	0.8833	0.8816	0.8460	0.7460	0.8173	0.7593	0.4938	0.2678	0.2235	0.2437	0.2397	0.2460	0.2620	0.2675	0.2746	0.3032	0.3103	0.3072	0.3183	0.3385	0.3598	0.3997	0.4141	0.4289	0.5906	0.8212	0.8031	0.7664	0.7931	0.7378	0.6266	0.6911	0.6249	0.6096	0.5928	0.5383	0.4754	0.4270
0.0184	0.0471	0.0635	0.0529	0.0753	0.0743	0.0994	0.1060	0.1471	0.1727	0.2213	0.2759	0.3478	0.4182	0.4693	0.5422	0.5799	0.6334	0.6581	0.6229	0.5749	0.5427	0.4974	0.5354	0.6126	0.5369	0.4949	0.4676	0.4688	0.4255	0.3815	0.4244	0.4772	0.4185	0.3588	0.4015	0.3904	0.2514	0.2017	0.2017	0.2090	0.2027	0.2132	0.2218	0.2341	0.2407	0.2640	0.2782	0.2726	0.2886	0.2993	0.3164	0.3454	0.3641	0.3896	0.4811	0.7796	0.8795	0.8469	0.8284	0.6899	0.5984	0.6668	0.6089	0.5738	0.5847	0.5560	0.4838	0.4774
0.0197	0.0319	0.0520	0.0423	0.0580	0.0652	0.0804	0.0774	0.0832	0.1009	0.1103	0.1199	0.1700	0.1592	0.1771	0.1970	0.2394	0.2877	0.2719	0.2501	0.2218	0.2014	0.2016	0.2229	0.2168	0.2294	0.1955	0.1970	0.2050	0.2113	0.2037	0.2127	0.2040	0.1989	0.1902	0.1837	0.1859	0.1880	0.1875	0.1692	0.1752	0.1781	0.1843	0.1762	0.1961	0.2192	0.2185	0.2276	0.2350	0.2436	0.2584	0.2771	0.2922	0.3199	0.3670	0.4926	0.8348	0.8731	0.8147	0.7689	0.5463	0.5849	0.6805	0.6109	0.5943	0.6029	0.5644	0.5103	0.4902
0.0184	0.0210	0.0329	0.0444	0.0538	0.0475	0.0546	0.0725	0.0598	0.0822	0.0870	0.0841	0.1086	0.0996	0.1155	0.1172	0.1234	0.1273	0.1327	0.1334	0.1358	0.1268	0.1165	0.1427	0.1469	0.1395	0.1537	0.1311	0.1595	0.1607	0.1557	0.1657	0.1598	0.1586	0.1603	0.1574	0.1518	0.1641	0.1533	0.1557	0.1446	0.1590	0.1683	0.1732	0.1800	0.1886	0.1893	0.2008	0.2074	0.2128	0.2379	0.2306	0.2506	0.2728	0.3186	0.4151	0.6832	0.7647	0.7289	0.5436	0.4091	0.4495	0.6139	0.6712	0.6299	0.5922	0.5655	0.5421	0.4976
0.0104	0.0204	0.0208	0.0273	0.0441	0.0524	0.0557	0.0795	0.0734	0.0632	0.0735	0.0705	0.0803	0.0746	0.0796	0.0976	0.1022	0.1101	0.1320	0.1166	0.1075	0.0985	0.1030	0.1067	0.1239	0.1117	0.1173	0.1129	0.1171	0.1307	0.1249	0.1327	0.1350	0.1229	0.1472	0.1319	0.1333	0.1319	0.1291	0.1233	0.1170	0.1306	0.1260	0.1432	0.1516	0.1487	0.1559	0.1682	0.1648	0.1758	0.2044	0.1903	0.2173	0.2191	0.2380	0.2775	0.3452	0.4109	0.4211	0.3708	0.3816	0.4180	0.5947	0.6631	0.6273	0.6161	0.5689	0.5434	0.5204
0.0019	0.0189	0.0250	0.0287	0.0370	0.0415	0.0606	0.0621	0.0571	0.0595	0.0675	0.0679	0.0770	0.0717	0.0667	0.0913	0.0987	0.0830	0.0978	0.0980	0.0991	0.0975	0.0998	0.1020	0.0943	0.1005	0.1012	0.1015	0.1073	0.0995	0.1011	0.1042	0.0984	0.0948	0.1174	0.1067	0.1150	0.1044	0.1117	0.1059	0.1190	0.1156	0.1112	0.1326	0.1307	0.1252	0.1250	0.1351	0.1384	0.1391	0.1591	0.1582	0.1708	0.1867	0.1932	0.2121	0.2335	0.2462	0.2650	0.2829	0.3021	0.3693	0.5788	0.6391	0.5952	0.5705	0.5367	0.5278	0.5251
0.0032	0.0000	0.0166	0.0294	0.0265	0.0426	0.0521	0.0527	0.0376	0.0440	0.0579	0.0669	0.0628	0.0598	0.0591	0.0772	0.0853	0.0882	0.0783	0.0915	0.0765	0.0770	0.0805	0.0789	0.0785	0.0805	0.0864	0.0940	0.0965	0.0932	0.0846	0.0844	0.0935	0.0756	0.0908	0.0877	0.0935	0.0889	0.0841	0.0809	0.0887	0.0930	0.0937	0.1006	0.1050	0.1087	0.1062	0.1207	0.1158	0.1201	0.1261	0.1262	0.1329	0.1458	0.1586	0.1668	0.1891	0.1921	0.1983	0.2183	0.2426	0.2941	0.4843	0.6492	0.6177	0.5778	0.5385	0.5558	0.4952
0.0210	0.0081	0.0157	0.0306	0.0340	0.0152	0.0305	0.0606	0.0434	0.0446	0.0411	0.0479	0.0593	0.0551	0.0634	0.0671	0.0601	0.0730	0.0687	0.0614	0.0727	0.0733	0.0754	0.0809	0.0775	0.0754	0.0748	0.0780	0.0822	0.0856	0.0759	0.0792	0.0881	0.0757	0.0831	0.0825	0.0816	0.0761	0.0749	0.0656	0.0656	0.0698	0.0740	0.0841	0.0848	0.0857	0.0841	0.0855	0.0899	0.0946	0.1036	0.1038	0.0980	0.0993	0.1134	0.1319	0.1314	0.1312	0.1416	0.1652	0.1748	0.1875	0.2500	0.3855	0.5017	0.5420	0.4658	0.3622	0.3311
0.0094	0.0000	0.0083	0.0328	0.0168	0.0170	0.0254	0.0429	0.0451	0.0402	0.0373	0.0507	0.0577	0.0591	0.0523	0.0624	0.0587	0.0618	0.0620	0.0625	0.0846	0.0888	0.0761	0.0792	0.0696	0.0665	0.0716	0.0742	0.0838	0.0713	0.0712	0.0685	0.0706	0.0729	0.0677	0.0651	0.0681	0.0621	0.0701	0.0663	0.0612	0.0732	0.0717	0.0694	0.0806	0.0787	0.0756	0.0705	0.0754	0.0764	0.0839	0.0828	0.0776	0.0806	0.0896	0.0975	0.0979	0.0936	0.1090	0.1269	0.1265	0.1225	0.1340	0.1732	0.2269	0.3284	0.2570	0.1719	0.1518
0.0000	0.0000	0.0030	0.0067	0.0122	0.0206	0.0414	0.0441	0.0224	0.0397	0.0395	0.0534	0.0478	0.0440	0.0517	0.0507	0.0604	0.0690	0.0616	0.0637	0.0739	0.0583	0.0645	0.0709	0.0739	0.0702	0.0723	0.0660	0.0741	0.0744	0.0663	0.0679	0.0819	0.0797	0.0666	0.0668	0.0663	0.0566	0.0642	0.0613	0.0625	0.0645	0.0708	0.0741	0.0629	0.0682	0.0656	0.0687	0.0649	0.0666	0.0681	0.0685	0.0650	0.0688	0.0770	0.0865	0.0732	0.0720	0.0893	0.0883	0.0951	0.0828	0.0833	0.1043	0.1174	0.1420	0.1293	0.1201	0.1193
0.0000	0.0000	0.0060	0.0279	0.0187	0.0205	0.0356	0.0229	0.0325	0.0297	0.0212	0.0361	0.0399	0.0527	0.0567	0.0419	0.0518	0.0622	0.0553	0.0571	0.0602	0.0646	0.0643	0.0592	0.0719	0.0648	0.0531	0.0653	0.0678	0.0535	0.0528	0.0574	0.0576	0.0599	0.0626	0.0699	0.0612	0.0561	0.0554	0.0562	0.0530	0.0515	0.0585	0.0551	0.0533	0.0628	0.0583	0.0597	0.0631	0.0638	0.0638	0.0645	0.0609	0.0618	0.0696	0.0655	0.0635	0.0690	0.0758	0.0722	0.0828	0.0771	0.0762	0.0963	0.0991	0.0921	0.0820	0.0917	0.0871
0.0000	0.0000	0.0087	0.0034	0.0000	0.0083	0.0151	0.0313	0.0247	0.0208	0.0232	0.0409	0.0427	0.0300	0.0387	0.0405	0.0507	0.0427	0.0346	0.0450	0.0621	0.0567	0.0481	0.0453	0.0578	0.0580	0.0609	0.0546	0.0657	0.0622	0.0603	0.0524	0.0511	0.0515	0.0504	0.0604	0.0596	0.0502	0.0516	0.0482	0.0419	0.0419	0.0511	0.0495	0.0547	0.0528	0.0542	0.0534	0.0504	0.0595	0.0582	0.0555	0.0553	0.0538	0.0579	0.0646	0.0643	0.0581	0.0634	0.0712	0.0757	0.0706	0.0582	0.0812	0.0796	0.0610	0.0606	0.0728	0.0652
0.0000	0.0000	0.0008	0.0000	0.0000	0.0082	0.0095	0.0248	0.0306	0.0119	0.0189	0.0313	0.0323	0.0232	0.0240	0.0326	0.0541	0.0423	0.0456	0.0571	0.0443	0.0378	0.0405	0.0490	0.0447	0.0484	0.0519	0.0444	0.0524	0.0543	0.0500	0.0516	0.0593	0.0469	0.0530	0.0470	0.0461	0.0534	0.0526	0.0447	0.0473	0.0518	0.0491	0.0463	0.0425	0.0434	0.0475	0.0510	0.0482	0.0481	0.0548	0.0624	0.0496	0.0489	0.0580	0.0650	0.0561	0.0594	0.0596	0.0659	0.0611	0.0569	0.0607	0.0768	0.0672	0.0664	0.0568	0.0567	0.0634
0.0000	0.0000	0.0000	0.0000	0.0000	0.0076	0.0103	0.0083	0.0169	0.0118	0.0210	0.0370	0.0416	0.0300	0.0242	0.0417	0.0440	0.0450	0.0432	0.0391	0.0428	0.0395	0.0378	0.0383	0.0428	0.0496	0.0476	0.0508	0.0542	0.0542	0.0535	0.0414	0.0475	0.0526	0.0542	0.0470	0.0431	0.0550	0.0473	0.0491	0.0474	0.0394	0.0480	0.0486	0.0371	0.0467	0.0470	0.0496	0.0425	0.0501	0.0524	0.0577	0.0517	0.0504	0.0508	0.0588	0.0564	0.0538	0.0532	0.0535	0.0537	0.0478	0.0606	0.0624	0.0624	0.0591	0.0474	0.0449	0.0492
0.0000	0.0000	0.0000	0.0015	0.0000	0.0009	0.0010	0.0190	0.0001	0.0033	0.0197	0.0277	0.0323	0.0287	0.0165	0.0307	0.0379	0.0409	0.0384	0.0399	0.0395	0.0441	0.0307	0.0320	0.0426	0.0409	0.0394	0.0385	0.0486	0.0497	0.0500	0.0409	0.0355	0.0481	0.0498	0.0450	0.0405	0.0481	0.0484	0.0425	0.0374	0.0330	0.0443	0.0460	0.0370	0.0451	0.0408	0.0403	0.0468	0.0468	0.0470	0.0518	0.0495	0.0538	0.0500	0.0490	0.0542	0.0501	0.0431	0.0488	0.0469	0.0547	0.0467	0.0602	0.0609	0.0453	0.0404	0.0412	0.0407
0.0000	0.0000	0.0000	0.0000	0.0000	0.0133	0.0076	0.0010	0.0022	0.0065	0.0092	0.0148	0.0207	0.0283	0.0224	0.0305	0.0396	0.0224	0.0232	0.0382	0.0477	0.0366	0.0305	0.0331	0.0353	0.0334	0.0323	0.0383	0.0456	0.0475	0.0511	0.0446	0.0379	0.0447	0.0409	0.0425	0.0357	0.0350	0.0382	0.0459	0.0345	0.0411	0.0472	0.0427	0.0398	0.0403	0.0399	0.0388	0.0409	0.0371	0.0428	0.0409	0.0348	0.0418	0.0464	0.0460	0.0370	0.0338	0.0420	0.0495	0.0476	0.0481	0.0418	0.0509	0.0485	0.0450	0.0443	0.0459	0.0337
0.0000	0.0000	0.0000	0.0000	0.0000	0.0090	0.0027	0.0050	0.0023	0.0112	0.0149	0.0234	0.0212	0.0175	0.0325	0.0149	0.0104	0.0250	0.0272	0.0374	0.0369	0.0349	0.0384	0.0316	0.0411	0.0482	0.0294	0.0372	0.0383	0.0520	0.0454	0.0371	0.0481	0.0464	0.0401	0.0442	0.0427	0.0428	0.0396	0.0409	0.0416	0.0464	0.0462	0.0386	0.0418	0.0389	0.0439	0.0435	0.0407	0.0345	0.0396	0.0398	0.0299	0.0298	0.0504	0.0520	0.0347	0.0432	0.0360	0.0547	0.0659	0.0532	0.0563	0.0571	0.0587	0.0470	0.0484	0.0581	0.0374
