0.0000	0.0000	0.0070	0.0221	0.0031	0.0151	0.0000	0.0058	0.0244	0.0068	0.0225	0.0230	0.0400	0.0389	0.0487	0.0646	0.0778	0.0641	0.0623	0.0702	0.0701	0.0562	0.0543	0.0625	0.0819	0.0810	0.0909	0.1028	0.0888	0.1110	0.0929	0.0917	0.0865	0.0857	0.0872	0.1034	0.0740	0.0694	0.0729	0.0677	0.0769	0.0947	0.0926	0.0687	0.0863	0.0694	0.0930	0.0864	0.0815	0.0707	0.0756	0.0754	0.0707	0.0774	0.0764	0.0674	0.0633	0.0597	0.0684	0.0565	0.0496	0.0614	0.0455	0.0472	0.0501	0.0317	0.0426	0.0423	0.0408
0.0000	0.0000	0.0047	0.0175	0.0148	0.0150	0.0042	0.0105	0.0481	0.0126	0.0209	0.0280	0.0379	0.0538	0.0423	0.0580	0.0567	0.0547	0.0613	0.0599	0.0798	0.0881	0.0895	0.0914	0.0820	0.0952	0.0927	0.1009	0.0943	0.0999	0.1234	0.0979	0.0940	0.0777	0.0960	0.1068	0.0884	0.0858	0.0858	0.0834	0.0846	0.0917	0.0844	0.0815	0.0937	0.0858	0.0921	0.0978	0.0874	0.0838	0.0736	0.0687	0.0615	0.0675	0.0834	0.0646	0.0588	0.0633	0.0604	0.0762	0.0569	0.0601	0.0533	0.0549	0.0524	0.0456	0.0417	0.0391	0.0420
0.0000	0.0000	0.0000	0.0002	0.0044	0.0034	0.0158	0.0287	0.0430	0.0152	0.0437	0.0293	0.0330	0.0547	0.0512	0.0550	0.0574	0.0587	0.0877	0.0767	0.0772	0.0993	0.0918	0.1037	0.0840	0.0992	0.1102	0.0990	0.1226	0.1157	0.1058	0.1027	0.1051	0.0924	0.0968	0.0971	0.0764	0.0929	0.0955	0.1059	0.1060	0.1004	0.1010	0.0888	0.0801	0.0952	0.0896	0.0853	0.0911	0.0785	0.0913	0.0940	0.0761	0.0767	0.0802	0.0847	0.0793	0.0906	0.0757	0.0921	0.0793	0.0732	0.0596	0.0661	0.0465	0.0766	0.0553	0.0548	0.0601
0.0000	0.0000	0.0000	0.0105	0.0000	0.0000	0.0131	0.0332	0.0333	0.0404	0.0658	0.0555	0.0659	0.0625	0.0430	0.0712	0.0811	0.0863	0.0832	0.0937	0.0981	0.0867	0.0786	0.0798	0.1078	0.0950	0.1111	0.0939	0.0900	0.0924	0.0912	0.1097	0.1095	0.0967	0.1100	0.1111	0.0901	0.1014	0.1195	0.1045	0.1197	0.1083	0.1066	0.0896	0.0771	0.0922	0.0889	0.0975	0.0923	0.0753	0.1043	0.0979	0.0831	0.0880	0.0913	0.0836	0.0864	0.0778	0.0799	0.0803	0.0917	0.0853	0.0635	0.0766	0.0692	0.0701	0.0593	0.0660	0.0866
0.0000	0.0047	0.0241	0.0154	0.0089	0.0108	0.0061	0.0330	0.0340	0.0285	0.0485	0.0555	0.0801	0.0775	0.0505	0.0615	0.0906	0.0710	0.0850	0.0919	0.0826	0.0864	0.1039	0.1000	0.1117	0.1240	0.1146	0.0868	0.0788	0.0890	0.0873	0.1020	0.1091	0.1000	0.1175	0.0986	0.1036	0.0852	0.1038	0.1009	0.1046	0.1005	0.1132	0.1005	0.0974	0.0898	0.1022	0.0917	0.0907	0.0866	0.0927	0.0866	0.0891	0.0977	0.0907	0.0857	0.0735	0.0737	0.0808	0.0840	0.0779	0.0726	0.0657	0.0892	0.0963	0.0741	0.0869	0.0718	0.0752
0.0000	0.0052	0.0345	0.0249	0.0230	0.0415	0.0362	0.0454	0.0467	0.0343	0.0475	0.0588	0.0856	0.0818	0.0580	0.0912	0.0755	0.0785	0.0831	0.0956	0.0880	0.1245	0.1236	0.0928	0.1199	0.1053	0.0881	0.1042	0.1082	0.1101	0.0986	0.1005	0.1150	0.1218	0.1209	0.1190	0.1167	0.1094	0.0964	0.0946	0.1014	0.1080	0.1074	0.1020	0.1106	0.0918	0.0951	0.0986	0.1012	0.1030	0.1047	0.0815	0.1025	0.1068	0.1009	0.1038	0.0959	0.0864	0.0928	0.0979	0.1053	0.0897	0.0978	0.1087	0.0990	0.0916	0.1039	0.0884	0.0880
0.0000	0.0079	0.0240	0.0346	0.0256	0.0243	0.0437	0.0415	0.0397	0.0481	0.0567	0.0704	0.0846	0.0607	0.0644	0.0747	0.0909	0.1093	0.0970	0.0829	0.1028	0.1268	0.1106	0.1096	0.1302	0.1188	0.1171	0.1231	0.1172	0.1149	0.1058	0.1088	0.1253	0.1358	0.1245	0.1334	0.1221	0.1094	0.1185	0.1262	0.1249	0.1179	0.1157	0.1091	0.0898	0.0889	0.1106	0.1240	0.1078	0.1045	0.1253	0.1159	0.1119	0.1059	0.1202	0.1133	0.1035	0.1035	0.1124	0.1219	0.1105	0.1170	0.1049	0.1285	0.1161	0.1153	0.1323	0.1353	0.1314
0.0022	0.0110	0.0276	0.0325	0.0400	0.0287	0.0373	0.0646	0.0727	0.0555	0.0726	0.0969	0.0884	0.0788	0.0887	0.0862	0.1089	0.1229	0.1313	0.1083	0.1342	0.1328	0.1234	0.1088	0.1534	0.1533	0.1524	0.1306	0.1404	0.1455	0.1102	0.0954	0.1220	0.1297	0.1278	0.1186	0.1337	0.1352	0.1354	0.1284	0.1309	0.1306	0.1330	0.1169	0.1108	0.1279	0.1192	0.1330	0.1138	0.1225	0.1427	0.1240	0.1139	0.1232	0.1259	0.1346	0.1238	0.1162	0.1403	0.1422	0.1438	0.1427	0.1414	0.1315	0.1402	0.1543	0.1732	0.1893	0.1738
0.0217	0.0289	0.0258	0.0282	0.0414	0.0416	0.0481	0.0841	0.0836	0.0732	0.0802	0.0882	0.0949	0.1011	0.1139	0.1239	0.1196	0.1048	0.1232	0.1183	0.1403	0.1127	0.1280	0.1317	0.1223	0.1268	0.1273	0.1159	0.1694	0.1403	0.1324	0.1261	0.1408	0.1349	0.1549	0.1445	0.1376	0.1378	0.1298	0.1509	0.1306	0.1364	0.1367	0.1333	0.1440	0.1520	0.1389	0.1420	0.1393	0.1510	0.1441	0.1358	0.1503	0.1541	0.1613	0.1609	0.1580	0.1634	0.1733	0.1781	0.1701	0.1516	0.1621	0.1708	0.1843	0.1756	0.2006	0.2364	0.2610
0.0269	0.0158	0.0358	0.0226	0.0314	0.0574	0.0662	0.0698	0.0769	0.0823	0.1142	0.0987	0.1078	0.1057	0.1086	0.1257	0.1442	0.1268	0.1427	0.1332	0.1589	0.1287	0.1318	0.1462	0.1410	0.1427	0.1462	0.1556	0.1586	0.1291	0.1435	0.1505	0.1415	0.1556	0.1547	0.1268	0.1480	0.1485	0.1458	0.1513	0.1349	0.1450	0.1531	0.1553	0.1676	0.1649	0.1777	0.1520	0.1555	0.1642	0.1562	0.1649	0.1860	0.1806	0.1809	0.1776	0.1990	0.2040	0.1904	0.1931	0.2103	0.2097	0.2108	0.2310	0.2503	0.2251	0.2307	0.2953	0.3892
0.0221	0.0244	0.0580	0.0344	0.0688	0.0712	0.0947	0.0905	0.0762	0.0866	0.0933	0.0835	0.1027	0.1120	0.0937	0.1307	0.1267	0.1161	0.1458	0.1585	0.1621	0.1543	0.1462	0.1630	0.1828	0.1672	0.1659	0.1845	0.1938	0.1516	0.1354	0.1344	0.1439	0.1645	0.1624	0.1556	0.1709	0.1603	0.1607	0.1509	0.1628	0.1750	0.1732	0.1752	0.1739	0.1685	0.1923	0.1894	0.1946	0.2015	0.1978	0.2315	0.1951	0.2036	0.2218	0.2360	0.2409	0.2180	0.2243	0.2256	0.2358	0.2316	0.2377	0.2770	0.2951	0.2679	0.2596	0.2927	0.3627
0.0130	0.0355	0.0531	0.0410	0.0649	0.0587	0.0579	0.1155	0.1000	0.0907	0.1244	0.1177	0.1156	0.1259	0.1091	0.1400	0.1661	0.1467	0.1619	0.1944	0.1757	0.1892	0.1698	0.1866	0.2172	0.2113	0.1837	0.1786	0.2014	0.1850	0.1777	0.1897	0.2086	0.1787	0.1750	0.1767	0.1790	0.2054	0.2135	0.1893	0.2072	0.2153	0.2141	0.2226	0.2147	0.2110	0.2278	0.2171	0.2254	0.2488	0.2376	0.2383	0.2534	0.2607	0.2720	0.2921	0.2723	0.2686	0.2780	0.2753	0.3121	0.2828	0.2966	0.3423	0.3083	0.2587	0.2700	0.2828	0.3240
0.0374	0.0235	0.0426	0.0536	0.0742	0.0604	0.0747	0.1080	0.0932	0.0969	0.1316	0.1352	0.1109	0.1159	0.1330	0.1520	0.1947	0.2051	0.2075	0.2313	0.2702	0.2717	0.3276	0.3144	0.3427	0.3520	0.3127	0.2554	0.2245	0.2201	0.2073	0.2131	0.2507	0.2346	0.2223	0.2200	0.2520	0.2533	0.2575	0.2531	0.2518	0.2557	0.2408	0.2397	0.2436	0.2354	0.2565	0.2449	0.2739	0.2675	0.2528	0.2638	0.2917	0.3173	0.3026	0.3142	0.2950	0.3191	0.3395	0.3036	0.3226	0.3534	0.3547	0.3724	0.3437	0.3195	0.3051	0.3243	0.3099
0.0323	0.0294	0.0437	0.0572	0.0605	0.0784	0.0966	0.0955	0.0985	0.1051	0.1179	0.1651	0.1537	0.1610	0.2017	0.2041	0.2374	0.2775	0.3347	0.4295	0.5408	0.5662	0.6355	0.5999	0.6927	0.7119	0.6497	0.5876	0.3901	0.2866	0.2841	0.2863	0.3090	0.3171	0.2955	0.2906	0.3111	0.2989	0.2967	0.2975	0.3043	0.2926	0.3046	0.2807	0.2610	0.2693	0.2920	0.2901	0.3136	0.2927	0.3097	0.3341	0.3406	0.3305	0.3403	0.3302	0.3356	0.3509	0.3531	0.3504	0.3458	0.3820	0.4377	0.4646	0.4215	0.3319	0.3332	0.3066	0.3193
0.0287	0.0486	0.0625	0.0760	0.0937	0.1050	0.0868	0.1152	0.1474	0.1436	0.1625	0.1959	0.1955	0.2529	0.3096	0.3974	0.5575	0.6126	0.7174	0.7761	0.8285	0.8001	0.7921	0.7544	0.7431	0.7628	0.7293	0.7785	0.6921	0.5280	0.4317	0.4586	0.4804	0.4882	0.4554	0.4439	0.4932	0.4837	0.3663	0.3731	0.3622	0.3589	0.3367	0.3262	0.3230	0.3385	0.3319	0.4244	0.6033	0.4805	0.3655	0.3740	0.4259	0.4489	0.4961	0.4036	0.4297	0.4171	0.3885	0.4170	0.4145	0.5033	0.5836	0.5735	0.5513	0.4325	0.4153	0.3858	0.3915
0.0401	0.0515	0.0689	0.1077	0.1251	0.1256	0.1320	0.1803	0.2048	0.2191	0.2526	0.3229	0.3746	0.4898	0.6998	0.8172	1.0000	0.9722	0.9565	0.9081	0.8228	0.8531	0.8097	0.8427	0.7747	0.7292	0.7586	0.7610	0.8198	0.7885	0.7599	0.7881	0.8297	0.8237	0.8080	0.7641	0.8155	0.7345	0.5921	0.5037	0.5457	0.5023	0.4310	0.4129	0.4216	0.4456	0.4497	0.5844	0.8181	0.7109	0.4700	0.4801	0.5839	0.6874	0.6703	0.5925	0.5432	0.5120	0.5178	0.5236	0.4864	0.5539	0.5904	0.5705	0.5017	0.4425	0.4570	0.4492	0.4166
0.0549	0.0674	0.0895	0.1188	0.1674	0.1985	0.2500	0.2900	0.3216	0.4044	0.5970	0.7048	0.8010	0.8843	0.9827	0.9740	0.8978	0.9294	0.9202	0.8938	0.8833	0.8504	0.8172	0.8423	0.8456	0.8187	0.7936	0.7991	0.7956	0.8194	0.8803	0.8804	0.9006	0.9355	0.9539	0.8760	0.8647	0.8654	0.8271	0.7436	0.7948	0.7591	0.7035	0.6446	0.7263	0.6284	0.5889	0.6492	0.8120	0.7776	0.6046	0.6648	0.7886	0.8267	0.7756	0.7363	0.6876	0.6043	0.6701	0.6554	0.5985	0.5634	0.5476	0.5284	0.4951	0.4327	0.4038	0.4011	0.3963
0.0650	0.1303	0.1787	0.2262	0.3210	0.4423	0.5353	0.6563	0.7423	0.7418	0.9120	0.9184	0.9028	0.8491	0.7961	0.8212	0.7518	0.7916	0.8401	0.8229	0.8473	0.8325	0.7355	0.7552	0.8256	0.7684	0.7545	0.7937	0.7534	0.8381	0.8206	0.8386	0.8397	0.8553	0.8918	0.8201	0.8144	0.8081	0.8152	0.8453	0.7898	0.7851	0.8154	0.8310	0.8594	0.8146	0.7915	0.7416	0.8621	0.8133	0.7106	0.8589	0.8424	0.7921	0.7709	0.7211	0.6680	0.6474	0.6944	0.6304	0.5564	0.5358	0.5398	0.5189	0.4874	0.4025	0.3652	0.3990	0.3828
0.1541	0.2808	0.4347	0.5932	0.7242	0.7478	0.8660	0.9067	0.8950	0.8646	0.8331	0.7740	0.7218	0.6596	0.6868	0.6928	0.7100	0.7243	0.7875	0.7302	0.7113	0.7155	0.7139	0.7531	0.7100	0.7102	0.7943	0.7752	0.7405	0.8059	0.7727	0.7807	0.8416	0.8531	0.8466	0.8163	0.7895	0.7683	0.7827	0.8186	0.7679	0.7454	0.7894	0.8082	0.8311	0.8316	0.8013	0.8197	0.8533	0.8137	0.8432	0.8809	0.7906	0.7590	0.7359	0.6795	0.6122	0.6366	0.6210	0.6036	0.5831	0.5125	0.4887	0.4410	0.4370	0.3982	0.3975	0.3665	0.3831
0.2938	0.4804	0.5235	0.5841	0.6232	0.6709	0.6622	0.7149	0.7357	0.6778	0.6342	0.5680	0.6070	0.5497	0.6623	0.6551	0.6605	0.7165	0.7222	0.6639	0.6745	0.6608	0.6726	0.7203	0.6759	0.6459	0.7421	0.7870	0.7641	0.7773	0.8102	0.7994	0.7713	0.7842	0.7943	0.7627	0.7082	0.7120	0.6695	0.7035	0.6927	0.7205	0.7430	0.7332	0.8083	0.7461	0.7684	0.7725	0.8474	0.7867	0.7754	0.7624	0.7310	0.7144	0.6810	0.6519	0.6319	0.6112	0.5951	0.5399	0.5338	0.4896	0.4613	0.4675	0.4370	0.4135	0.3992	0.3630	0.3393
0.3010	0.3952	0.3750	0.3680	0.4542	0.4857	0.5176	0.5445	0.5646	0.4873	0.4638	0.4738	0.5379	0.5929	0.5622	0.6299	0.6703	0.7217	0.6769	0.6359	0.6228	0.6184	0.6011	0.6563	0.6171	0.6383	0.6455	0.7052	0.6908	0.6847	0.7650	0.7961	0.7649	0.7746	0.7650	0.7225	0.6755	0.6708	0.6741	0.6853	0.6520	0.6696	0.7091	0.7349	0.7030	0.6650	0.7049	0.7187	0.7610	0.7544	0.7570	0.7254	0.6237	0.6501	0.6304	0.5993	0.6124	0.5946	0.5437	0.4957	0.4715	0.4619	0.4185	0.4074	0.4114	0.3653	0.3644	0.3638	0.3280
0.2884	0.3557	0.3524	0.3625	0.3795	0.4040	0.4626	0.4519	0.4578	0.4438	0.4541	0.4652	0.5361	0.6382	0.6037	0.6509	0.7353	0.7079	0.6817	0.6513	0.6571	0.6604	0.6960	0.6300	0.6299	0.6349	0.6328	0.6750	0.7140	0.7203	0.7039	0.7324	0.7067	0.6951	0.7127	0.6901	0.6544	0.6524	0.6100	0.6460	0.7002	0.6517	0.6403	0.6826	0.6951	0.6648	0.6585	0.6561	0.6382	0.6510	0.7362	0.6583	0.5892	0.5920	0.5352	0.5765	0.5862	0.5659	0.4977	0.4540	0.4151	0.4519	0.3943	0.3657	0.3848	0.3753	0.3381	0.3456	0.3343
0.2724	0.3321	0.3269	0.3612	0.3601	0.3373	0.4220	0.4176	0.3942	0.4048	0.4861	0.4596	0.5174	0.5703	0.6408	0.6810	0.6915	0.6562	0.6592	0.6145	0.6727	0.6695	0.6690	0.6463	0.6711	0.6237	0.6465	0.6955	0.6863	0.7180	0.6671	0.6389	0.6890	0.6542	0.6683	0.6699	0.6817	0.6450	0.6312	0.6404	0.6656	0.6213	0.6109	0.6175	0.6819	0.6299	0.6347	0.6077	0.6174	0.6125	0.6005	0.5987	0.6254	0.5464	0.5189	0.5293	0.5238	0.5055	0.4758	0.4681	0.4283	0.4287	0.3936	0.3820	0.3799	0.3684	0.3545	0.3541	0.3417
0.2607	0.2815	0.2902	0.3408	0.3532	0.3608	0.4611	0.4415	0.3988	0.3591	0.4190	0.4792	0.5085	0.5575	0.5812	0.6489	0.6390	0.6854	0.7241	0.6977	0.6447	0.6432	0.6533	0.6361	0.7004	0.6069	0.6695	0.6918	0.6389	0.6586	0.6400	0.6387	0.6462	0.6783	0.6950	0.6105	0.6422	0.6313	0.5705	0.5862	0.5916	0.6026	0.5983	0.6102	0.6167	0.6014	0.6469	0.5772	0.5594	0.5623	0.5203	0.5163	0.5632	0.5394	0.5132	0.5395	0.4986	0.4885	0.5166	0.4754	0.4382	0.4268	0.3983	0.3842	0.3795	0.3598	0.3251	0.3212	0.3398
0.2611	0.2784	0.3159	0.3565	0.3757	0.3599	0.3961	0.4050	0.4196	0.4295	0.4524	0.5097	0.5083	0.5040	0.5746	0.6124	0.6257	0.6284	0.6493	0.6565	0.6178	0.6173	0.6443	0.6739	0.6710	0.6140	0.6042	0.6148	0.6487	0.6640	0.6151	0.6288	0.6327	0.6442	0.6350	0.6068	0.6536	0.5893	0.5976	0.6296	0.6126	0.6160	0.6114	0.5701	0.6185	0.5708	0.5751	0.5527	0.5392	0.5339	0.5315	0.5060	0.5190	0.5334	0.5143	0.5057	0.4937	0.4821	0.4867	0.4946	0.4831	0.4382	0.4108	0.3675	0.3768	0.3628	0.3438	0.3296	0.3271
0.2670	0.2677	0.3028	0.3328	0.3569	0.3187	0.3602	0.3821	0.3882	0.3839	0.4376	0.4788	0.5167	0.5251	0.5684	0.6263	0.6309	0.6303	0.5801	0.6174	0.6562	0.6037	0.5699	0.6123	0.6746	0.6531	0.6163	0.6094	0.6328	0.6543	0.6448	0.6535	0.6440	0.6029	0.5941	0.5911	0.6138	0.6010	0.6293	0.6108	0.5929	0.6178	0.5642	0.5716	0.6079	0.5606	0.5889	0.5629	0.5513	0.5498	0.5410	0.5436	0.5215	0.5190	0.5490	0.5293	0.4998	0.5135	0.4904	0.4925	0.4898	0.4380	0.4263	0.4182	0.4075	0.4017	0.3404	0.3487	0.3320
0.2702	0.2696	0.3051	0.3718	0.3896	0.3638	0.3615	0.3624	0.3529	0.3644	0.4261	0.4671	0.5268	0.5143	0.5556	0.5899	0.6042	0.5876	0.6613	0.6229	0.6428	0.6300	0.6064	0.6269	0.6094	0.5984	0.6057	0.6190	0.6100	0.6329	0.6543	0.6566	0.6775	0.6366	0.6245	0.5929	0.5936	0.6076	0.6695	0.6296	0.6197	0.6036	0.5849	0.5798	0.5902	0.5911	0.5798	0.5291	0.5384	0.5663	0.5812	0.5408	0.5470	0.5321	0.5509	0.5271	0.5074	0.4994	0.4947	0.4908	0.4858	0.4431	0.4278	0.3928	0.4056	0.3820	0.3452	0.3599	0.3331
0.2183	0.2861	0.3097	0.3148	0.3563	0.3854	0.3858	0.3735	0.3593	0.3957	0.4192	0.4457	0.4858	0.5274	0.5732	0.5807	0.6065	0.5949	0.6037	0.6539	0.6430	0.6446	0.6102	0.6003	0.6233	0.6231	0.6357	0.6105	0.6421	0.6448	0.6694	0.6805	0.6619	0.6592	0.6363	0.6393	0.6230	0.6185	0.6551	0.6250	0.6500	0.6504	0.6250	0.5779	0.5879	0.5906	0.6118	0.5764	0.5456	0.5486	0.6177	0.5832	0.5867	0.5869	0.5442	0.5234	0.5283	0.5025	0.5056	0.4997	0.4748	0.4902	0.4673	0.3859	0.4282	0.3767	0.3684	0.3940	0.3559
0.2170	0.2500	0.2737	0.2991	0.3284	0.3486	0.3712	0.3653	0.3682	0.3985	0.4148	0.4220	0.4618	0.5235	0.5497	0.5172	0.5837	0.6055	0.6270	0.5971	0.6511	0.6446	0.6320	0.6328	0.6578	0.6219	0.6913	0.6355	0.6734	0.6717	0.6497	0.6983	0.6940	0.6277	0.6353	0.6325	0.6525	0.6555	0.6464	0.6419	0.6477	0.6648	0.6367	0.6311	0.6292	0.6222	0.6260	0.5881	0.5977	0.5814	0.5936	0.5556	0.5788	0.6019	0.5773	0.5726	0.5407	0.5410	0.5211	0.5054	0.4948	0.4860	0.4440	0.4281	0.4414	0.3870	0.3735	0.3704	0.3201
0.1830	0.2232	0.2785	0.3488	0.3845	0.3618	0.3621	0.3617	0.3920	0.3891	0.4081	0.4262	0.4614	0.4957	0.4866	0.5140	0.6025	0.6194	0.6318	0.6277	0.6065	0.6115	0.6109	0.6426	0.6031	0.5978	0.6382	0.6788	0.7013	0.7168	0.6920	0.7289	0.7258	0.6675	0.6474	0.6619	0.6823	0.6863	0.6729	0.6563	0.6583	0.6874	0.6551	0.6547	0.6374	0.6236	0.6609	0.6294	0.5892	0.5958	0.6449	0.6095	0.6233	0.5973	0.5827	0.6029	0.5677	0.5334	0.5094	0.5180	0.5175	0.5099	0.4456	0.4399	0.4450	0.3868	0.3705	0.3848	0.3324
0.1631	0.2221	0.2582	0.3128	0.3609	0.3595	0.3877	0.3871	0.4079	0.4057	0.4109	0.4192	0.4477	0.4571	0.4951	0.5649	0.6087	0.5805	0.6165	0.6040	0.6053	0.6377	0.6239	0.6561	0.6412	0.5960	0.5807	0.6488	0.6715	0.6844	0.7041	0.7196	0.7016	0.6825	0.7115	0.6977	0.7271	0.6731	0.6654	0.6661	0.6144	0.6956	0.6661	0.6662	0.6266	0.6374	0.6601	0.6270	0.6302	0.6740	0.6701	0.6536	0.7058	0.6348	0.6069	0.5996	0.5822	0.5867	0.5684	0.5337	0.4929	0.4714	0.4589	0.4140	0.4493	0.4034	0.3718	0.3801	0.3533
0.1699	0.2154	0.2430	0.2683	0.3061	0.3402	0.3579	0.3805	0.4100	0.4270	0.3845	0.3927	0.4023	0.4502	0.4881	0.5879	0.6167	0.5566	0.6049	0.6373	0.6357	0.6207	0.6398	0.7030	0.7323	0.7014	0.6376	0.7077	0.7317	0.7192	0.7406	0.7617	0.7590	0.7293	0.7529	0.7306	0.7090	0.7073	0.6879	0.6818	0.6425	0.6300	0.7029	0.6513	0.6740	0.6535	0.6505	0.6971	0.6281	0.6914	0.7147	0.6660	0.6614	0.6786	0.6922	0.6608	0.6234	0.6186	0.6133	0.5585	0.5348	0.5104	0.5257	0.4854	0.4296	0.4002	0.4040	0.4005	0.3854
0.1812	0.2432	0.2530	0.2862	0.3189	0.3731	0.3942	0.3819	0.3743	0.3975	0.3744	0.4198	0.4228	0.4700	0.5332	0.5674	0.6056	0.5780	0.6309	0.6431	0.7151	0.6923	0.6821	0.7154	0.7462	0.7374	0.7148	0.7827	0.7815	0.7116	0.7474	0.7998	0.7317	0.7254	0.7471	0.7406	0.7309	0.7139	0.6752	0.6795	0.6896	0.6465	0.6539	0.6671	0.6578	0.6141	0.6608	0.7030	0.7217	0.6949	0.6950	0.6681	0.7070	0.6976	0.7004	0.7031	0.6830	0.6981	0.6263	0.5589	0.5478	0.5521	0.5403	0.5007	0.4532	0.4147	0.4187	0.3856	0.3731
0.1853	0.2378	0.2853	0.2959	0.3313	0.3476	0.3465	0.4148	0.4008	0.3944	0.4056	0.4240	0.4372	0.4720	0.4750	0.5142	0.5732	0.5906	0.6311	0.6671	0.7186	0.6853	0.7221	0.6961	0.7276	0.7485	0.7097	0.7277	0.7419	0.7275	0.7680	0.8051	0.7790	0.7859	0.8067	0.7308	0.6973	0.7006	0.7298	0.6849	0.7163	0.7047	0.6554	0.6781	0.6359	0.6801	0.6965	0.6797	0.6940	0.7300	0.7473	0.7416	0.7310	0.7177	0.7335	0.7568	0.7426	0.7179	0.7060	0.6507	0.5924	0.5839	0.5486	0.5113	0.4692	0.4546	0.4372	0.4153	0.4290
0.1579	0.2161	0.2690	0.2633	0.3259	0.3425	0.3554	0.3969	0.4032	0.3842	0.4085	0.4414	0.4476	0.4398	0.4457	0.4962	0.5858	0.5732	0.5741	0.6836	0.7225	0.6925	0.7218	0.7615	0.7503	0.7468	0.7200	0.7040	0.6842	0.7193	0.7339	0.7403	0.7647	0.7698	0.8002	0.7637	0.7287	0.7109	0.7368	0.6936	0.7281	0.7408	0.7055	0.6633	0.6800	0.7008	0.6907	0.7238	0.7105	0.8170	0.7842	0.7636	0.7506	0.7441	0.7594	0.7421	0.6525	0.6805	0.7411	0.7018	0.6131	0.5899	0.5543	0.5129	0.5463	0.5023	0.4797	0.4562	0.4349
0.1928	0.2143	0.2784	0.2783	0.3315	0.3784	0.4143	0.4182	0.4226	0.4224	0.4261	0.4636	0.4185	0.4667	0.4777	0.4941	0.5227	0.5670	0.5986	0.6761	0.7061	0.7224	0.7249	0.7451	0.7599	0.7257	0.6855	0.6832	0.7278	0.7122	0.7118	0.7165	0.7807	0.7831	0.7798	0.7906	0.7586	0.7484	0.6873	0.7010	0.7060	0.6833	0.7085	0.7064	0.7412	0.7424	0.7612	0.7805	0.7741	0.8286	0.8416	0.8214	0.7810	0.7449	0.7591	0.7128	0.4916	0.5197	0.5927	0.6518	0.6586	0.6493	0.6240	0.5929	0.5418	0.5096	0.4969	0.4795	0.4253
0.1795	0.2149	0.2945	0.3363	0.3409	0.3858	0.4166	0.4274	0.4588	0.4720	0.4369	0.4553	0.4849	0.4914	0.4494	0.5042	0.5427	0.5913	0.6190	0.6793	0.7020	0.7410	0.7345	0.7795	0.6830	0.6772	0.6623	0.6579	0.7270	0.7565	0.7280	0.7415	0.8084	0.8197	0.8062	0.7765	0.7722	0.7598	0.6933	0.7189	0.7155	0.7155	0.6936	0.7193	0.7496	0.7451	0.7656	0.7667	0.8189	0.8257	0.8354	0.8082	0.8211	0.7696	0.7333	0.6222	0.3916	0.4046	0.4345	0.6043	0.6560	0.6464	0.6281	0.5013	0.5224	0.5600	0.5124	0.4597	0.4431
0.2489	0.2693	0.3004	0.3709	0.3748	0.4106	0.4380	0.4924	0.4966	0.4734	0.5137	0.5102	0.5608	0.4898	0.4792	0.5329	0.5561	0.6163	0.6112	0.6896	0.6914	0.7562	0.7802	0.7808	0.7265	0.7381	0.6837	0.6953	0.7350	0.7289	0.8069	0.8264	0.8431	0.8498	0.8727	0.7652	0.7777	0.7892	0.7537	0.7363	0.7484	0.7273	0.7464	0.7768	0.7863	0.7398	0.8022	0.8040	0.6694	0.5627	0.6158	0.7451	0.8415	0.7989	0.6752	0.4990	0.3652	0.3980	0.4106	0.5886	0.7368	0.6606	0.5585	0.4171	0.4906	0.5667	0.5523	0.4851	0.4732
0.3117	0.4143	0.4850	0.5294	0.5673	0.5596	0.6034	0.6692	0.6397	0.6098	0.6319	0.6527	0.5854	0.5843	0.6067	0.5935	0.6111	0.6009	0.6118	0.6003	0.6566	0.6899	0.7290	0.7206	0.7530	0.6915	0.7242	0.7244	0.7695	0.7795	0.8657	0.8946	0.9186	0.8542	0.8629	0.8259	0.8107	0.7933	0.7956	0.7541	0.7422	0.7617	0.7669	0.7920	0.7663	0.7218	0.7430	0.6333	0.3968	0.3781	0.4027	0.4787	0.6512	0.5640	0.4143	0.3798	0.3542	0.3758	0.4098	0.6499	0.8032	0.7503	0.6865	0.4751	0.5623	0.6283	0.5648	0.5217	0.5009
0.1695	0.3152	0.4818	0.6395	0.7075	0.7763	0.8308	0.8716	0.8315	0.8314	0.7897	0.8282	0.7538	0.7643	0.7665	0.7497	0.7487	0.7342	0.6740	0.6807	0.6720	0.7013	0.7467	0.7289	0.7461	0.6921	0.7319	0.7492	0.7935	0.8094	0.8826	0.8931	0.8771	0.8822	0.8993	0.8383	0.8280	0.7829	0.8457	0.7927	0.7880	0.8028	0.8254	0.8072	0.7728	0.7159	0.7378	0.5411	0.3326	0.3215	0.3414	0.3485	0.3969	0.3767	0.3552	0.3523	0.3564	0.3987	0.4840	0.7762	0.8580	0.7590	0.6826	0.4909	0.5473	0.6365	0.5939	0.5511	0.5122
0.1082	0.1400	0.1977	0.3113	0.4366	0.5367	0.6376	0.7072	0.7727	0.8365	0.9042	0.9536	0.9427	0.9294	0.9086	0.9284	0.8418	0.8657	0.8464	0.7975	0.8184	0.8359	0.8085	0.7902	0.7914	0.7654	0.7651	0.7746	0.8877	0.9072	0.9187	0.9497	0.9438	0.9230	0.9623	0.9532	0.9032	0.8289	0.8569	0.8373	0.8675	0.7971	0.8405	0.7925	0.7494	0.7341	0.7196	0.4268	0.3057	0.3059	0.2991	0.3287	0.3134	0.3205	0.3382	0.3538	0.3763	0.4049	0.4639	0.7148	0.8479	0.7568	0.7143	0.5687	0.4931	0.6216	0.6082	0.5843	0.5454
0.0297	0.0607	0.0866	0.1334	0.1690	0.1992	0.2429	0.2711	0.3646	0.4607	0.5136	0.5906	0.6803	0.7690	0.9162	0.9526	0.9480	0.8799	0.8347	0.8490	0.8901	0.8546	0.8604	0.8784	0.8747	0.8490	0.8108	0.8533	0.9187	0.9700	0.9781	0.9626	0.9484	0.9279	0.8627	0.8927	0.7942	0.6864	0.5916	0.5885	0.7032	0.7365	0.7879	0.7033	0.7370	0.7330	0.4806	0.2975	0.2818	0.2850	0.2958	0.2930	0.2967	0.3059	0.3220	0.3449	0.3595	0.3774	0.3890	0.5339	0.7152	0.7272	0.7342	0.5661	0.4719	0.6443	0.6551	0.5586	0.5225
0.0322	0.0358	0.0657	0.0882	0.1048	0.1145	0.1192	0.1251	0.1451	0.1653	0.2028	0.2227	0.2761	0.3169	0.4306	0.5338	0.6452	0.7911	0.8754	0.8852	0.8695	0.8629	0.8616	0.8686	0.9255	0.8904	0.8099	0.8522	0.9228	0.8972	0.7995	0.6056	0.5465	0.5255	0.4516	0.4206	0.3643	0.3287	0.3132	0.3876	0.5048	0.4379	0.4459	0.3889	0.4037	0.4241	0.2977	0.2856	0.2621	0.2692	0.2694	0.2749	0.2883	0.2811	0.2940	0.3262	0.3294	0.3341	0.3509	0.3813	0.4215	0.5128	0.5469	0.4612	0.4992	0.6601	0.6687	0.5868	0.5274
0.0384	0.0471	0.0498	0.0569	0.0677	0.0931	0.0959	0.0951	0.1056	0.1232	0.1109	0.1129	0.1358	0.1480	0.1854	0.2094	0.2582	0.3588	0.5548	0.7310	0.7576	0.7457	0.8147	0.8494	0.7702	0.6842	0.6301	0.6904	0.6701	0.4838	0.3515	0.3046	0.2603	0.2582	0.2368	0.2369	0.2279	0.2483	0.2404	0.3209	0.3527	0.2576	0.2286	0.2201	0.2388	0.2407	0.2215	0.2303	0.2288	0.2372	0.2388	0.2441	0.2358	0.2474	0.2562	0.3057	0.3143	0.3091	0.3057	0.3512	0.3411	0.3598	0.3974	0.4339	0.6141	0.6911	0.6475	0.6112	0.5491
0.0260	0.0261	0.0403	0.0498	0.0639	0.0640	0.0833	0.0833	0.0769	0.1009	0.1017	0.1029	0.1189	0.1187	0.1324	0.1504	0.1750	0.1555	0.2121	0.2946	0.3477	0.4161	0.5319	0.6551	0.4424	0.2870	0.3612	0.3545	0.2924	0.2125	0.1847	0.2205	0.1965	0.2111	0.2237	0.1979	0.2079	0.2062	0.2011	0.2013	0.1893	0.1887	0.2075	0.2086	0.1872	0.1976	0.2059	0.2028	0.2007	0.2045	0.2141	0.2117	0.2090	0.2132	0.2358	0.2577	0.2471	0.2670	0.2841	0.2956	0.3097	0.3389	0.3632	0.4239	0.6427	0.6688	0.6131	0.6185	0.5510
0.0156	0.0111	0.0392	0.0384	0.0322	0.0513	0.0720	0.0718	0.0883	0.1040	0.0939	0.0926	0.0907	0.0872	0.0832	0.1132	0.1312	0.1527	0.1440	0.1422	0.1745	0.1819	0.2575	0.3293	0.2064	0.2148	0.2596	0.2033	0.1648	0.1572	0.1500	0.1499	0.1439	0.1452	0.1580	0.1613	0.1566	0.1621	0.1664	0.1508	0.1444	0.1480	0.1505	0.1609	0.1627	0.1626	0.1637	0.1669	0.1719	0.1677	0.1849	0.1867	0.1911	0.1917	0.2032	0.2112	0.2102	0.2151	0.2374	0.2617	0.2763	0.2876	0.2992	0.3476	0.4954	0.5899	0.5542	0.4701	0.4468
0.0000	0.0024	0.0435	0.0411	0.0463	0.0663	0.0830	0.0680	0.0708	0.0801	0.0758	0.0727	0.0798	0.0727	0.0853	0.1037	0.1297	0.1153	0.1250	0.1223	0.1375	0.1235	0.1407	0.1479	0.1346	0.1370	0.1380	0.1255	0.1277	0.1267	0.1155	0.1187	0.1085	0.1085	0.1231	0.1201	0.1217	0.1262	0.1264	0.1198	0.1285	0.1294	0.1308	0.1398	0.1529	0.1362	0.1280	0.1388	0.1371	0.1324	0.1638	0.1693	0.1657	0.1615	0.1687	0.1852	0.1820	0.1926	0.1913	0.2040	0.2098	0.2001	0.2095	0.2281	0.2433	0.2782	0.3072	0.3078	0.3484
0.0000	0.0062	0.0090	0.0320	0.0409	0.0397	0.0607	0.0739	0.0566	0.0429	0.0536	0.0723	0.0822	0.0683	0.0863	0.0942	0.1029	0.0966	0.1005	0.1154	0.0986	0.1005	0.1142	0.1036	0.1152	0.1091	0.1146	0.1228	0.1230	0.1275	0.1059	0.0948	0.1010	0.0991	0.1010	0.0883	0.1017	0.1046	0.1010	0.0930	0.0956	0.0963	0.1128	0.1059	0.1134	0.1204	0.1129	0.1199	0.1118	0.1123	0.1272	0.1291	0.1354	0.1224	0.1385	0.1569	0.1570	0.1639	0.1568	0.1616	0.1710	0.1715	0.1825	0.1844	0.1847	0.2086	0.2245	0.2596	0.2833
0.0000	0.0140	0.0301	0.0426	0.0278	0.0365	0.0483	0.0567	0.0543	0.0470	0.0575	0.0613	0.0696	0.0636	0.0737	0.0837	0.0877	0.0816	0.0711	0.0897	0.0937	0.0854	0.0935	0.0857	0.0942	0.0987	0.0851	0.1022	0.0981	0.0957	0.0849	0.0928	0.0989	0.0847	0.0927	0.0834	0.0734	0.0802	0.0833	0.0757	0.0774	0.0753	0.0830	0.0783	0.0895	0.0893	0.0842	0.0901	0.0871	0.0928	0.0905	0.1026	0.1006	0.1001	0.1078	0.1162	0.1125	0.1257	0.1329	0.1405	0.1376	0.1374	0.1429	0.1425	0.1501	0.1638	0.1868	0.2157	0.2131
0.0131	0.0112	0.0080	0.0195	0.0073	0.0296	0.0306	0.0314	0.0392	0.0404	0.0451	0.0587	0.0632	0.0530	0.0649	0.0741	0.0772	0.0816	0.0749	0.0724	0.0908	0.0818	0.0753	0.0757	0.0828	0.0884	0.0782	0.0870	0.0890	0.0794	0.0840	0.0758	0.0870	0.0816	0.0764	0.0743	0.0733	0.0778	0.0775	0.0711	0.0707	0.0746	0.0751	0.0729	0.0813	0.0792	0.0762	0.0701	0.0716	0.0769	0.0673	0.0769	0.0744	0.0713	0.0793	0.0829	0.0939	0.0923	0.1037	0.1091	0.1121	0.1049	0.1000	0.1165	0.1195	0.1123	0.1239	0.1386	0.1435
0.0037	0.0003	0.0175	0.0171	0.0207	0.0220	0.0235	0.0341	0.0266	0.0386	0.0477	0.0462	0.0703	0.0652	0.0574	0.0722	0.0826	0.0728	0.0690	0.0746	0.0855	0.0809	0.0655	0.0737	0.0891	0.0875	0.0873	0.0896	0.0716	0.0777	0.0653	0.0691	0.0921	0.0817	0.0660	0.0702	0.0739	0.0730	0.0599	0.0705	0.0743	0.0667	0.0692	0.0716	0.0655	0.0642	0.0694	0.0635	0.0612	0.0715	0.0647	0.0646	0.0581	0.0645	0.0733	0.0694	0.0679	0.0653	0.0764	0.0695	0.0858	0.0865	0.0704	0.0816	0.0976	0.1009	0.0980	0.1053	0.1155
0.0000	0.0000	0.0163	0.0025	0.0379	0.0289	0.0196	0.0360	0.0513	0.0397	0.0384	0.0417	0.0516	0.0597	0.0482	0.0675	0.0736	0.0801	0.0642	0.0720	0.0645	0.0771	0.0744	0.0731	0.0886	0.0893	0.0694	0.0666	0.0657	0.0624	0.0693	0.0674	0.0720	0.0619	0.0670	0.0718	0.0720	0.0637	0.0621	0.0698	0.0650	0.0567	0.0626	0.0660	0.0583	0.0534	0.0575	0.0564	0.0570	0.0593	0.0593	0.0592	0.0594	0.0607	0.0602	0.0568	0.0594	0.0568	0.0560	0.0646	0.0672	0.0733	0.0667	0.0680	0.0788	0.0662	0.0662	0.0733	0.0731
0.0000	0.0000	0.0136	0.0000	0.0116	0.0000	0.0257	0.0302	0.0356	0.0255	0.0171	0.0269	0.0382	0.0377	0.0449	0.0619	0.0527	0.0596	0.0553	0.0528	0.0544	0.0626	0.0686	0.0645	0.0723	0.0557	0.0674	0.0620	0.0609	0.0616	0.0561	0.0650	0.0617	0.0616	0.0580	0.0644	0.0603	0.0545	0.0639	0.0634	0.0519	0.0499	0.0603	0.0542	0.0501	0.0507	0.0647	0.0506	0.0497	0.0576	0.0537	0.0540	0.0553	0.0536	0.0569	0.0566	0.0567	0.0492	0.0514	0.0577	0.0619	0.0535	0.0486	0.0532	0.0573	0.0492	0.0598	0.0480	0.0594
0.0000	0.0000	0.0000	0.0063	0.0027	0.0000	0.0258	0.0395	0.0218	0.0179	0.0227	0.0177	0.0354	0.0449	0.0260	0.0458	0.0418	0.0397	0.0485	0.0520	0.0680	0.0472	0.0393	0.0490	0.0664	0.0568	0.0605	0.0634	0.0592	0.0639	0.0442	0.0532	0.0600	0.0566	0.0489	0.0506	0.0398	0.0491	0.0597	0.0537	0.0515	0.0523	0.0575	0.0485	0.0470	0.0475	0.0591	0.0620	0.0393	0.0473	0.0466	0.0495	0.0472	0.0428	0.0529	0.0547	0.0491	0.0548	0.0572	0.0609	0.0560	0.0405	0.0503	0.0495	0.0501	0.0509	0.0582	0.0566	0.0519
0.0000	0.0000	0.0000	0.0059	0.0000	0.0049	0.0138	0.0171	0.0080	0.0138	0.0356	0.0432	0.0346	0.0423	0.0507	0.0409	0.0449	0.0366	0.0379	0.0540	0.0601	0.0528	0.0450	0.0521	0.0560	0.0571	0.0529	0.0549	0.0655	0.0754	0.0549	0.0454	0.0650	0.0531	0.0463	0.0388	0.0509	0.0562	0.0658	0.0514	0.0560	0.0474	0.0560	0.0459	0.0404	0.0484	0.0566	0.0488	0.0383	0.0477	0.0534	0.0474	0.0451	0.0450	0.0404	0.0401	0.0499	0.0444	0.0483	0.0612	0.0502	0.0295	0.0503	0.0544	0.0374	0.0317	0.0404	0.0483	0.0408
0.0000	0.0000	0.0000	0.0188	0.0000	0.0000	0.0000	0.0149	0.0126	0.0079	0.0311	0.0488	0.0351	0.0268	0.0349	0.0487	0.0414	0.0330	0.0403	0.0441	0.0440	0.0461	0.0443	0.0565	0.0464	0.0539	0.0469	0.0503	0.0505	0.0623	0.0629	0.0514	0.0491	0.0494	0.0515	0.0397	0.0493	0.0554	0.0521	0.0496	0.0483	0.0442	0.0464	0.0410	0.0416	0.0442	0.0495	0.0509	0.0451	0.0436	0.0418	0.0413	0.0411	0.0468	0.0486	0.0404	0.0394	0.0464	0.0405	0.0402	0.0362	0.0382	0.0378	0.0494	0.0414	0.0285	0.0382	0.0426	0.0235
0.0000	0.0000	0.0000	0.0000	0.0000	0.0000	0.0050	0.0113	0.0203	0.0113	0.0098	0.0184	0.0286	0.0270	0.0417	0.0378	0.0376	0.0191	0.0407	0.0267	0.0350	0.0285	0.0352	0.0426	0.0578	0.0443	0.0353	0.0452	0.0417	0.0512	0.0553	0.0402	0.0354	0.0460	0.0491	0.0431	0.0349	0.0364	0.0497	0.0452	0.0377	0.0431	0.0469	0.0424	0.0438	0.0511	0.0441	0.0468	0.0439	0.0377	0.0364	0.0330	0.0359	0.0354	0.0439	0.0421	0.0331	0.0349	0.0305	0.0401	0.0391	0.0329	0.0276	0.0374	0.0374	0.0301	0.0235	0.0330	0.0226
0.0000	0.0000	0.0000	0.0000	0.0000	0.0000	0.0000	0.0112	0.0118	0.0000	0.0148	0.0120	0.0176	0.0003	0.0239	0.0171	0.0213	0.0167	0.0221	0.0327	0.0450	0.0571	0.0339	0.0303	0.0504	0.0544	0.0358	0.0397	0.0473	0.0558	0.0510	0.0397	0.0441	0.0418	0.0502	0.0497	0.0379	0.0358	0.0324	0.0606	0.0526	0.0531	0.0516	0.0356	0.0444	0.0414	0.0423	0.0392	0.0438	0.0291	0.0436	0.0449	0.0409	0.0275	0.0453	0.0418	0.0243	0.0313	0.0286	0.0470	0.0476	0.0353	0.0285	0.0340	0.0338	0.0353	0.0237	0.0295	0.0367
