0.0000	0.0000	0.0044	0.0007	0.0000	0.0000	0.0000	0.0108	0.0292	0.0105	0.0144	0.0200	0.0172	0.0169	0.0312	0.0459	0.0317	0.0346	0.0420	0.0411	0.0386	0.0297	0.0363	0.0505	0.0473	0.0649	0.0555	0.0478	0.0564	0.0642	0.0529	0.0544	0.0723	0.0861	0.0909	0.0693	0.0850	0.0813	0.0909	0.0802	0.0584	0.0768	0.0782	0.0613	0.0672	0.0693	0.0908	0.0854	0.0845	0.0759	0.1024	0.0762	0.0801	0.0743	0.0719	0.0829	0.0665	0.0713	0.0823	0.0525	0.0540	0.0551	0.0549	0.0396	0.0477	0.0546	0.0546	0.0471	0.0418
0.0000	0.0000	0.0113	0.0046	0.0000	0.0081	0.0111	0.0116	0.0230	0.0066	0.0247	0.0364	0.0249	0.0243	0.0253	0.0590	0.0340	0.0398	0.0449	0.0350	0.0588	0.0504	0.0423	0.0506	0.0496	0.0616	0.0622	0.0566	0.0651	0.0650	0.0600	0.0629	0.0712	0.0729	0.0801	0.0863	0.0917	0.0928	0.0930	0.0822	0.0848	0.0858	0.0861	0.0849	0.0823	0.0810	0.0982	0.1007	0.0871	0.0817	0.0937	0.0854	0.0705	0.0884	0.0816	0.0811	0.0897	0.0836	0.0770	0.0628	0.0583	0.0542	0.0613	0.0626	0.0624	0.0569	0.0607	0.0473	0.0436
0.0028	0.0016	0.0115	0.0136	0.0044	0.0068	0.0000	0.0202	0.0201	0.0237	0.0336	0.0240	0.0284	0.0347	0.0357	0.0485	0.0512	0.0546	0.0678	0.0382	0.0584	0.0709	0.0580	0.0662	0.0554	0.0609	0.0634	0.0602	0.0827	0.0940	0.0805	0.0706	0.0710	0.0867	0.0870	0.0871	0.0790	0.0842	0.1044	0.0948	0.0849	0.0941	0.0852	0.1061	0.0974	0.1013	0.0960	0.1078	0.0889	0.0902	0.0922	0.1050	0.0878	0.1075	0.0931	0.0918	0.1090	0.0863	0.0772	0.0728	0.0761	0.0802	0.0906	0.0843	0.0712	0.0820	0.0720	0.0610	0.0670
0.0000	0.0000	0.0000	0.0197	0.0040	0.0000	0.0074	0.0272	0.0313	0.0274	0.0284	0.0312	0.0382	0.0353	0.0333	0.0466	0.0434	0.0540	0.0480	0.0540	0.0603	0.0708	0.0663	0.0704	0.0670	0.0665	0.0613	0.0736	0.0847	0.0801	0.0701	0.0771	0.0852	0.0671	0.0782	0.1009	0.0801	0.0821	0.0930	0.0910	0.0895	0.1087	0.0917	0.0975	0.0863	0.0936	0.1072	0.0943	0.0863	0.0891	0.1070	0.1070	0.0845	0.1046	0.1082	0.0922	0.0763	0.0818	0.0844	0.0877	0.1050	0.0946	0.0872	0.0990	0.0900	0.0797	0.0770	0.0784	0.0771
0.0000	0.0000	0.0000	0.0274	0.0128	0.0043	0.0126	0.0211	0.0147	0.0128	0.0203	0.0308	0.0396	0.0351	0.0380	0.0529	0.0556	0.0620	0.0468	0.0464	0.0729	0.0592	0.0449	0.0632	0.0578	0.0659	0.0730	0.0791	0.0763	0.0659	0.0647	0.0856	0.0937	0.0928	0.0841	0.0944	0.0916	0.0747	0.0907	0.0941	0.1007	0.0911	0.0850	0.1023	0.1076	0.1043	0.1013	0.0842	0.0960	0.1095	0.1160	0.1031	0.0959	0.1093	0.1003	0.0905	0.0931	0.0975	0.0942	0.0932	0.1071	0.0984	0.1042	0.0983	0.1056	0.0963	0.1157	0.0971	0.0846
0.0000	0.0000	0.0086	0.0204	0.0015	0.0056	0.0174	0.0279	0.0266	0.0394	0.0362	0.0351	0.0615	0.0325	0.0302	0.0646	0.0583	0.0555	0.0657	0.0654	0.0549	0.0523	0.0545	0.0589	0.0625	0.0653	0.0746	0.0694	0.0839	0.0853	0.0774	0.0816	0.0998	0.1141	0.1019	0.0966	0.1019	0.0946	0.1005	0.0978	0.0988	0.1103	0.1084	0.0996	0.1132	0.1061	0.1091	0.1149	0.1174	0.1155	0.1111	0.1173	0.1169	0.1143	0.1100	0.1171	0.1207	0.1045	0.1126	0.1136	0.1123	0.1192	0.1271	0.1298	0.1313	0.1255	0.1133	0.1094	0.1223
0.0000	0.0038	0.0082	0.0205	0.0089	0.0145	0.0232	0.0263	0.0246	0.0218	0.0594	0.0551	0.0522	0.0330	0.0390	0.0791	0.0674	0.0636	0.0724	0.0580	0.0653	0.0626	0.0577	0.0696	0.0818	0.0882	0.0796	0.0711	0.0930	0.1091	0.0927	0.0849	0.0989	0.1179	0.1179	0.0979	0.0985	0.1157	0.1094	0.1087	0.1015	0.1172	0.1105	0.1257	0.1163	0.1175	0.1254	0.1378	0.1200	0.1298	0.1308	0.1346	0.1382	0.1397	0.1368	0.1583	0.1378	0.1143	0.1239	0.1383	0.1271	0.1361	0.1400	0.1393	0.1335	0.1223	0.1155	0.1372	0.1431
0.0006	0.0129	0.0046	0.0186	0.0250	0.0237	0.0217	0.0345	0.0330	0.0332	0.0507	0.0601	0.0525	0.0370	0.0428	0.0715	0.0705	0.0757	0.0679	0.0552	0.0705	0.0799	0.0744	0.0660	0.0744	0.0805	0.0736	0.0854	0.0859	0.0999	0.0963	0.0974	0.0994	0.1068	0.1154	0.1144	0.1062	0.1242	0.1206	0.1305	0.1219	0.1285	0.1375	0.1223	0.1350	0.1439	0.1445	0.1620	0.1506	0.1403	0.1453	0.1608	0.1333	0.1435	0.1634	0.1728	0.1475	0.1398	0.1506	0.1422	0.1489	0.1480	0.1704	0.1654	0.1650	0.1429	0.1321	0.1690	0.1599
0.0113	0.0000	0.0104	0.0195	0.0217	0.0382	0.0281	0.0411	0.0512	0.0469	0.0628	0.0542	0.0570	0.0564	0.0508	0.0579	0.0582	0.0645	0.0742	0.0727	0.0744	0.0834	0.0786	0.0953	0.0829	0.0806	0.0799	0.0831	0.0898	0.0939	0.0924	0.0855	0.1085	0.1096	0.1239	0.1198	0.1170	0.1259	0.1454	0.1428	0.1373	0.1448	0.1617	0.1470	0.1484	0.1581	0.1850	0.1816	0.1702	0.1747	0.1810	0.1694	0.1844	0.1934	0.1751	0.1705	0.1874	0.1795	0.1754	0.1669	0.1686	0.1719	0.1894	0.1869	0.1724	0.1784	0.1709	0.1831	0.1778
0.0199	0.0149	0.0255	0.0215	0.0240	0.0298	0.0601	0.0539	0.0409	0.0553	0.0563	0.0547	0.0725	0.0864	0.0626	0.0694	0.0813	0.1002	0.0984	0.0900	0.0909	0.0880	0.0913	0.1012	0.1025	0.1105	0.1065	0.0985	0.1067	0.0971	0.1062	0.0917	0.1080	0.1344	0.1307	0.1250	0.1323	0.1372	0.1486	0.1487	0.1557	0.1599	0.1473	0.1647	0.1719	0.1871	0.2066	0.1904	0.2099	0.2084	0.2430	0.2405	0.2529	0.2210	0.2304	0.2127	0.1935	0.2003	0.1929	0.1932	0.1931	0.2108	0.2453	0.2449	0.2073	0.2036	0.2132	0.2220	0.2269
0.0012	0.0141	0.0251	0.0312	0.0314	0.0345	0.0461	0.0543	0.0635	0.0674	0.0440	0.0438	0.0566	0.0787	0.0660	0.0722	0.0985	0.0852	0.0853	0.0881	0.1141	0.1132	0.0932	0.0828	0.1062	0.1029	0.1029	0.1110	0.1089	0.1123	0.1123	0.1183	0.1225	0.1459	0.1509	0.1550	0.1548	0.1734	0.1662	0.1715	0.1762	0.1889	0.1749	0.2018	0.2273	0.2155	0.2444	0.2545	0.2498	0.2845	0.3862	0.5493	0.4967	0.3730	0.2414	0.2426	0.2407	0.2145	0.2213	0.2339	0.2339	0.2312	0.3115	0.3487	0.2893	0.2556	0.2751	0.2729	0.2905
0.0000	0.0040	0.0267	0.0282	0.0304	0.0376	0.0285	0.0546	0.0534	0.0446	0.0528	0.0623	0.0699	0.0719	0.0829	0.0818	0.1058	0.0962	0.0818	0.0875	0.0984	0.1081	0.0976	0.0975	0.1083	0.1016	0.1204	0.1124	0.1131	0.1355	0.1361	0.1400	0.1550	0.1651	0.1577	0.1489	0.1695	0.1973	0.2002	0.2199	0.1900	0.2162	0.2548	0.2608	0.3033	0.3103	0.3093	0.3004	0.3332	0.4126	0.5777	0.6819	0.6777	0.5682	0.3164	0.3091	0.3478	0.2907	0.2917	0.3031	0.3375	0.4431	0.4905	0.5599	0.4542	0.3737	0.3985	0.3909	0.3966
0.0116	0.0263	0.0290	0.0379	0.0502	0.0611	0.0464	0.0619	0.0752	0.0606	0.0830	0.0846	0.0844	0.0820	0.0894	0.1090	0.1007	0.0952	0.0959	0.1079	0.1117	0.1283	0.1183	0.1200	0.1194	0.1287	0.1385	0.1283	0.1505	0.1409	0.1368	0.1591	0.1851	0.1955	0.1991	0.1919	0.2310	0.2442	0.2758	0.3146	0.2944	0.2903	0.3405	0.4450	0.5945	0.5536	0.4659	0.3823	0.5495	0.6759	0.7473	0.7048	0.7200	0.7008	0.4863	0.5573	0.5945	0.5179	0.4479	0.3660	0.4306	0.6206	0.5908	0.6330	0.6467	0.5305	0.4619	0.4951	0.4305
0.0188	0.0229	0.0410	0.0453	0.0396	0.0597	0.0649	0.0736	0.0699	0.0643	0.0784	0.0994	0.1040	0.0895	0.0949	0.1128	0.1038	0.1235	0.1158	0.1202	0.1337	0.1227	0.1520	0.1466	0.1413	0.1394	0.1469	0.1682	0.1798	0.2030	0.1975	0.2072	0.2385	0.2612	0.2803	0.2916	0.3298	0.3308	0.3833	0.5708	0.5639	0.4565	0.5555	0.7181	0.8655	0.7676	0.6856	0.5789	0.7107	0.8265	0.8037	0.7649	0.7578	0.7378	0.6760	0.7266	0.7602	0.6895	0.5878	0.4243	0.4729	0.5689	0.5985	0.6085	0.5789	0.4889	0.4749	0.4310	0.3864
0.0070	0.0201	0.0499	0.0568	0.0465	0.0656	0.0744	0.0783	0.0734	0.0746	0.0841	0.1097	0.1176	0.1071	0.1119	0.1197	0.1299	0.1424	0.1506	0.1480	0.1562	0.1702	0.1787	0.1985	0.1815	0.1744	0.1838	0.2013	0.2140	0.2682	0.2737	0.3149	0.3366	0.3774	0.4196	0.5490	0.5623	0.5030	0.6568	0.8403	0.8260	0.7784	0.8020	0.8451	0.8527	0.7746	0.7355	0.7334	0.7962	0.8064	0.7565	0.6953	0.7144	0.6948	0.6893	0.7237	0.7641	0.6854	0.6219	0.4682	0.5191	0.5564	0.5589	0.5869	0.5302	0.4425	0.4204	0.3943	0.3739
0.0218	0.0287	0.0487	0.0697	0.0695	0.0786	0.0865	0.0954	0.1065	0.1298	0.1423	0.1339	0.1346	0.1448	0.1789	0.1836	0.1883	0.1948	0.1961	0.1856	0.2103	0.2283	0.2040	0.2330	0.2375	0.2294	0.2465	0.2461	0.2955	0.3240	0.3439	0.4147	0.4586	0.5392	0.7289	0.9141	0.8826	0.8175	0.8353	0.7833	0.8357	0.8025	0.8017	0.8288	0.7845	0.7783	0.7279	0.6928	0.6977	0.7077	0.7112	0.7386	0.7114	0.6855	0.6520	0.7158	0.7062	0.6672	0.6216	0.5363	0.5413	0.5123	0.5505	0.6069	0.4993	0.4083	0.3906	0.4198	0.3902
0.0121	0.0348	0.0514	0.0673	0.1001	0.1111	0.1414	0.1515	0.1659	0.2075	0.2511	0.2652	0.3051	0.3044	0.3205	0.3340	0.3058	0.3144	0.2717	0.2617	0.2777	0.2781	0.2686	0.2823	0.2905	0.2731	0.2828	0.2885	0.3475	0.4060	0.5169	0.5971	0.6490	0.7862	1.0000	0.9098	0.9023	0.9246	0.8805	0.7248	0.7242	0.7364	0.7890	0.7901	0.7150	0.6613	0.6796	0.6602	0.6435	0.6761	0.6701	0.7109	0.6727	0.6938	0.6547	0.6517	0.6049	0.5636	0.6033	0.6103	0.5513	0.5032	0.4861	0.4954	0.4845	0.3820	0.3819	0.4000	0.3587
0.0482	0.0681	0.0919	0.1277	0.1811	0.2454	0.3161	0.3854	0.4611	0.4026	0.4929	0.5292	0.5490	0.5373	0.5816	0.6167	0.5903	0.5385	0.5050	0.4878	0.4437	0.3790	0.3396	0.3331	0.3117	0.3067	0.3524	0.3944	0.4141	0.6293	0.8505	0.8377	0.8652	0.8723	0.8964	0.8300	0.8121	0.7894	0.7981	0.7425	0.6884	0.6892	0.7145	0.6985	0.6785	0.6204	0.6419	0.6220	0.6665	0.6614	0.6200	0.6472	0.6451	0.6118	0.6195	0.5529	0.5376	0.5166	0.5895	0.5624	0.5111	0.5061	0.5006	0.4906	0.4622	0.4038	0.3869	0.3866	0.3419
0.1069	0.1771	0.2733	0.3727	0.4326	0.5384	0.6409	0.6523	0.6806	0.5890	0.5804	0.6194	0.6318	0.5849	0.6236	0.7367	0.7899	0.7934	0.8172	0.7949	0.7437	0.6802	0.5360	0.5072	0.4527	0.3800	0.4176	0.4602	0.5725	0.7848	0.7811	0.7786	0.7958	0.7885	0.7769	0.7597	0.7281	0.7011	0.6981	0.7039	0.6465	0.6364	0.6301	0.6466	0.6673	0.6450	0.5821	0.5868	0.6100	0.6625	0.6487	0.6360	0.5982	0.6107	0.6102	0.5357	0.5145	0.5274	0.5190	0.5263	0.5125	0.4866	0.4646	0.4587	0.4291	0.3973	0.3928	0.3909	0.3460
0.1824	0.2968	0.3674	0.4151	0.4492	0.4886	0.4887	0.4918	0.4843	0.4701	0.4649	0.4528	0.5228	0.5020	0.5709	0.6589	0.7252	0.7935	0.8035	0.7816	0.7885	0.7836	0.7625	0.7336	0.7147	0.6094	0.6109	0.6822	0.7156	0.7129	0.6989	0.6795	0.6867	0.6907	0.6704	0.6747	0.6177	0.6543	0.6389	0.6324	0.6278	0.6316	0.6002	0.6182	0.6360	0.5973	0.5714	0.6283	0.6275	0.6081	0.5552	0.5948	0.5818	0.5738	0.5769	0.5595	0.5324	0.5372	0.5013	0.4801	0.4682	0.4507	0.4552	0.4578	0.4308	0.4313	0.4061	0.3804	0.3338
0.1713	0.2527	0.2640	0.2752	0.3014	0.3127	0.3231	0.3469	0.3674	0.3664	0.3839	0.4116	0.4768	0.4970	0.5183	0.6081	0.6608	0.7350	0.6632	0.6367	0.6967	0.6630	0.6598	0.6697	0.6471	0.6704	0.6525	0.6553	0.6151	0.5608	0.5981	0.6114	0.5918	0.6248	0.6572	0.6584	0.6385	0.6430	0.6406	0.6374	0.5910	0.6124	0.6250	0.5920	0.5751	0.5597	0.5894	0.5775	0.5640	0.5804	0.5853	0.5640	0.5592	0.5639	0.5452	0.5461	0.5276	0.4865	0.5008	0.4850	0.4668	0.4546	0.4364	0.4509	0.4334	0.4012	0.3855	0.3864	0.3463
0.1645	0.1849	0.2381	0.2517	0.2657	0.2701	0.2894	0.3227	0.3084	0.3263	0.3579	0.3946	0.4280	0.5071	0.5181	0.5535	0.6624	0.6868	0.6229	0.5981	0.6311	0.6346	0.6289	0.6022	0.5694	0.5814	0.5623	0.5262	0.5278	0.5393	0.5518	0.5842	0.5809	0.5892	0.6091	0.6584	0.6400	0.6397	0.6197	0.6307	0.6356	0.5852	0.5790	0.6057	0.5716	0.5537	0.5738	0.5716	0.5376	0.5300	0.5912	0.5779	0.5618	0.5303	0.5246	0.5574	0.5709	0.5085	0.5030	0.4910	0.4862	0.4710	0.4480	0.4251	0.4049	0.3966	0.3794	0.3706	0.3332
0.1707	0.1640	0.2202	0.2563	0.2324	0.2934	0.3095	0.2954	0.2873	0.3042	0.3452	0.3418	0.3939	0.4811	0.5152	0.5723	0.6217	0.6252	0.5767	0.5954	0.6332	0.6330	0.5846	0.5476	0.5277	0.5079	0.4988	0.5071	0.5058	0.5315	0.5375	0.5439	0.6130	0.6264	0.5968	0.6124	0.6447	0.6410	0.6032	0.5917	0.5794	0.5452	0.5507	0.5591	0.5535	0.5613	0.5353	0.5498	0.5322	0.5274	0.5687	0.5587	0.5707	0.5559	0.5459	0.5593	0.5666	0.5186	0.4849	0.4891	0.4704	0.4729	0.4677	0.4415	0.3825	0.3797	0.4013	0.3524	0.3353
0.1679	0.1987	0.2475	0.2806	0.2739	0.2972	0.3238	0.2926	0.2881	0.2783	0.3109	0.3226	0.3797	0.4277	0.4487	0.5343	0.5539	0.5934	0.5837	0.5803	0.5621	0.5675	0.5689	0.4747	0.5234	0.4938	0.5040	0.5037	0.5146	0.5145	0.5343	0.5484	0.5746	0.5803	0.5686	0.5706	0.6217	0.5992	0.5804	0.5786	0.5576	0.5501	0.5499	0.5469	0.5477	0.5504	0.5622	0.5374	0.5064	0.5289	0.5295	0.5056	0.5447	0.5579	0.5343	0.5384	0.5478	0.5376	0.5109	0.4750	0.4725	0.4816	0.4659	0.4540	0.3991	0.3710	0.3560	0.3289	0.3325
0.1655	0.2184	0.2301	0.2748	0.2661	0.2803	0.2786	0.2780	0.2869	0.3011	0.3243	0.3344	0.3770	0.3893	0.4132	0.4373	0.4860	0.5141	0.5222	0.5162	0.5043	0.4922	0.5118	0.5163	0.4978	0.5305	0.4841	0.4793	0.5135	0.5351	0.5275	0.5486	0.5755	0.5736	0.5573	0.5945	0.6146	0.5709	0.5712	0.5910	0.5964	0.5745	0.5507	0.5221	0.5348	0.5458	0.5440	0.5459	0.5349	0.5684	0.5282	0.5054	0.5416	0.5254	0.5463	0.5453	0.5645	0.5469	0.4933	0.5109	0.4877	0.4640	0.4415	0.4276	0.4203	0.3906	0.3606	0.3526	0.3443
0.1576	0.1968	0.2128	0.2512	0.2526	0.2715	0.3029	0.2914	0.3003	0.3273	0.3453	0.3359	0.3608	0.3663	0.4027	0.4249	0.4724	0.4958	0.4644	0.4882	0.4854	0.4748	0.4585	0.4976	0.4899	0.4996	0.5003	0.5034	0.5102	0.5252	0.5633	0.5329	0.5483	0.5445	0.5600	0.5596	0.5794	0.5595	0.5778	0.5824	0.5680	0.5645	0.5482	0.5480	0.5425	0.5628	0.5607	0.5655	0.5725	0.5639	0.5520	0.5312	0.5302	0.5250	0.5764	0.5607	0.5480	0.5377	0.5239	0.4815	0.5173	0.4814	0.4448	0.4255	0.4027	0.4046	0.3695	0.3794	0.3259
0.1689	0.1991	0.2510	0.3071	0.2850	0.2642	0.2996	0.2831	0.2871	0.3052	0.3350	0.3296	0.3764	0.3986	0.3939	0.4458	0.4384	0.4369	0.4783	0.4674	0.4617	0.4694	0.4681	0.5077	0.5008	0.4871	0.5017	0.5438	0.5384	0.5512	0.5378	0.5767	0.5916	0.5791	0.5780	0.5428	0.5639	0.5668	0.5785	0.5972	0.5711	0.5406	0.5506	0.5597	0.5727	0.5842	0.5607	0.5390	0.5636	0.5649	0.5651	0.5373	0.5152	0.5122	0.5266	0.5474	0.5312	0.5311	0.5160	0.5221	0.4911	0.4492	0.4730	0.4178	0.4135	0.3781	0.3617	0.3644	0.3319
0.2109	0.2328	0.2411	0.2917	0.2717	0.2664	0.2998	0.2976	0.3067	0.3276	0.3413	0.3613	0.3853	0.4107	0.4162	0.4266	0.4573	0.4330	0.4376	0.4784	0.4546	0.4778	0.5048	0.5269	0.4918	0.5262	0.5114	0.5082	0.5290	0.5477	0.5565	0.5843	0.5731	0.5556	0.5893	0.5830	0.5657	0.5626	0.5864	0.5580	0.5570	0.5595	0.5605	0.5393	0.5569	0.5475	0.5411	0.5843	0.5834	0.5357	0.5772	0.5572	0.5683	0.5475	0.5260	0.5351	0.5393	0.4867	0.4847	0.5071	0.4830	0.4924	0.4791	0.4269	0.4133	0.3875	0.3554	0.3811	0.3370
0.2362	0.2248	0.2324	0.2639	0.2789	0.2795	0.3132	0.3177	0.2933	0.2978	0.3492	0.3588	0.3693	0.3935	0.4010	0.4131	0.4414	0.4479	0.4765	0.4852	0.4822	0.4711	0.5311	0.5126	0.5254	0.4911	0.5230	0.5176	0.5439	0.5162	0.5621	0.5721	0.5991	0.5713	0.5533	0.5854	0.5734	0.5661	0.5825	0.5731	0.5680	0.5817	0.5705	0.5422	0.5155	0.5301	0.5551	0.5811	0.5909	0.5597	0.5382	0.5465	0.5380	0.5586	0.5608	0.5062	0.4876	0.4917	0.5015	0.4919	0.4885	0.4749	0.4632	0.4604	0.4499	0.4032	0.3738	0.3671	0.3293
0.1888	0.2049	0.2759	0.3009	0.2748	0.2803	0.2915	0.3108	0.3229	0.3101	0.3301	0.3883	0.3915	0.4154	0.3994	0.4152	0.4633	0.4788	0.4784	0.5109	0.5079	0.5231	0.5143	0.5341	0.5188	0.4958	0.5172	0.5485	0.5596	0.5786	0.5548	0.5779	0.6419	0.6015	0.5621	0.5824	0.6074	0.6031	0.5760	0.5633	0.5556	0.5605	0.5279	0.5374	0.5364	0.4986	0.5297	0.5444	0.5389	0.5615	0.5378	0.5335	0.5354	0.5273	0.5550	0.5127	0.4941	0.5069	0.5010	0.4782	0.4671	0.4681	0.4370	0.4551	0.4337	0.4248	0.3852	0.3819	0.3390
0.1859	0.1998	0.2364	0.2580	0.2730	0.2796	0.3160	0.3171	0.3720	0.3407	0.3287	0.3749	0.3837	0.3784	0.3867	0.4422	0.4759	0.4691	0.4943	0.5213	0.5453	0.5421	0.5395	0.5372	0.5321	0.5217	0.4876	0.5365	0.5466	0.5727	0.5572	0.5855	0.6199	0.6025	0.5889	0.5848	0.5998	0.5784	0.5697	0.5617	0.5211	0.5684	0.5627	0.5338	0.5052	0.5133	0.5504	0.5475	0.5308	0.5589	0.5766	0.5691	0.5882	0.5758	0.5072	0.5010	0.5219	0.5177	0.4760	0.4818	0.4660	0.4567	0.4287	0.4161	0.4152	0.4018	0.3703	0.3647	0.3291
0.1634	0.1979	0.2021	0.2446	0.2586	0.2894	0.3285	0.3234	0.3625	0.3603	0.3214	0.3634	0.3846	0.3800	0.3963	0.4383	0.4561	0.4918	0.5096	0.4965	0.5152	0.5021	0.5126	0.5009	0.5364	0.5272	0.4862	0.5114	0.5513	0.5387	0.5609	0.5930	0.5784	0.5576	0.6210	0.5930	0.5771	0.5537	0.5654	0.5683	0.5208	0.5511	0.5683	0.4980	0.5280	0.5261	0.5165	0.5546	0.5160	0.5521	0.5881	0.5697	0.5418	0.5717	0.5515	0.5359	0.5205	0.5085	0.4881	0.4612	0.4800	0.4480	0.4505	0.4442	0.4024	0.3681	0.3712	0.3589	0.3349
0.1817	0.1983	0.2346	0.2620	0.2695	0.3391	0.3551	0.3466	0.3332	0.3641	0.3723	0.4159	0.4096	0.4252	0.4203	0.4535	0.4907	0.4934	0.4906	0.5182	0.5041	0.4858	0.5019	0.5256	0.5268	0.4914	0.4896	0.5068	0.5472	0.5407	0.5441	0.5951	0.5680	0.5509	0.5821	0.5734	0.6133	0.5541	0.5784	0.5614	0.5460	0.5741	0.5538	0.5265	0.5330	0.5006	0.5450	0.5619	0.5661	0.5588	0.5548	0.5547	0.5770	0.5345	0.5501	0.5525	0.5275	0.5516	0.4872	0.4572	0.4711	0.4671	0.4667	0.4392	0.4123	0.3708	0.4164	0.3822	0.3413
0.1984	0.2078	0.2369	0.2743	0.2938	0.3155	0.3589	0.3820	0.3784	0.3677	0.3881	0.4196	0.4395	0.4659	0.4686	0.4956	0.4777	0.4773	0.4713	0.5200	0.4800	0.4673	0.4732	0.4960	0.4879	0.4927	0.4808	0.4966	0.5431	0.5499	0.5552	0.5602	0.5792	0.5646	0.5931	0.5869	0.5562	0.5537	0.5854	0.5584	0.5628	0.5499	0.5455	0.5459	0.5105	0.5238	0.5585	0.5546	0.5653	0.5809	0.5649	0.5521	0.5360	0.5374	0.5365	0.5550	0.5477	0.5009	0.5311	0.5207	0.5019	0.4847	0.4766	0.4713	0.4324	0.4150	0.4179	0.4062	0.3755
0.1771	0.2101	0.2333	0.2671	0.3082	0.3197	0.3504	0.3448	0.3512	0.3569	0.3918	0.4445	0.4926	0.5311	0.5300	0.5443	0.5601	0.5385	0.5230	0.5665	0.5311	0.5145	0.4822	0.5205	0.5290	0.5370	0.5286	0.5241	0.5251	0.5488	0.5296	0.5401	0.5528	0.5444	0.6074	0.5715	0.5571	0.5713	0.5953	0.5476	0.5799	0.5549	0.5423	0.5187	0.5084	0.5129	0.5040	0.5549	0.5498	0.6018	0.5532	0.5498	0.5358	0.5651	0.5414	0.5474	0.5328	0.5210	0.5298	0.5407	0.5157	0.5319	0.5199	0.4986	0.4810	0.4689	0.4183	0.4099	0.3798
0.1604	0.2107	0.2427	0.2617	0.2748	0.2994	0.3424	0.3662	0.3478	0.3688	0.4281	0.4672	0.4871	0.5524	0.5515	0.5657	0.5995	0.5719	0.5647	0.6067	0.6109	0.5806	0.5691	0.5619	0.5913	0.5903	0.5632	0.5810	0.5963	0.5800	0.5366	0.5406	0.5693	0.5818	0.6027	0.6035	0.5554	0.5398	0.5420	0.5390	0.5225	0.5506	0.5592	0.5477	0.5148	0.5295	0.5629	0.5691	0.5855	0.5765	0.5820	0.5569	0.5379	0.5315	0.5501	0.5349	0.5395	0.5371	0.5319	0.5513	0.5641	0.5432	0.5793	0.5322	0.4695	0.4429	0.4465	0.4366	0.3994
0.1596	0.2000	0.2341	0.2677	0.2778	0.2922	0.3212	0.3480	0.3491	0.3672	0.4006	0.4687	0.5245	0.5465	0.5427	0.5888	0.6181	0.6409	0.6697	0.6481	0.6696	0.6684	0.6351	0.6722	0.6305	0.6279	0.5950	0.6306	0.6600	0.6327	0.5980	0.6237	0.6058	0.6424	0.5971	0.5805	0.5500	0.5248	0.5236	0.5155	0.5112	0.5343	0.5309	0.5352	0.5233	0.5291	0.5794	0.5758	0.5870	0.5944	0.5814	0.5475	0.5474	0.5313	0.5111	0.5166	0.5440	0.5437	0.5278	0.5575	0.5634	0.5523	0.5873	0.5578	0.4974	0.4759	0.4675	0.4209	0.4077
0.2032	0.2277	0.2470	0.2668	0.3000	0.3302	0.3252	0.3248	0.3563	0.3761	0.4312	0.4678	0.5271	0.5165	0.5647	0.6231	0.6681	0.7733	0.7451	0.7108	0.7321	0.7767	0.7771	0.7322	0.7166	0.7365	0.7203	0.7242	0.7093	0.6416	0.6831	0.7157	0.6694	0.6676	0.6350	0.5679	0.5624	0.5449	0.5538	0.5264	0.5386	0.4957	0.5075	0.5135	0.5620	0.5554	0.5715	0.6099	0.6034	0.6053	0.6159	0.5968	0.5779	0.5749	0.5434	0.5299	0.5649	0.5737	0.5870	0.5844	0.6252	0.6118	0.6224	0.5983	0.5720	0.5096	0.5160	0.4557	0.4383
0.2140	0.3040	0.3380	0.3647	0.3957	0.4395	0.4089	0.4481	0.4439	0.3986	0.4217	0.4958	0.5062	0.5477	0.5764	0.6963	0.7879	0.7650	0.7651	0.7751	0.7913	0.8321	0.8121	0.5882	0.5678	0.6516	0.6862	0.6580	0.6880	0.7202	0.7564	0.7711	0.7391	0.7305	0.6940	0.6323	0.6087	0.5668	0.5558	0.5425	0.5246	0.5440	0.5469	0.5430	0.5496	0.5816	0.6237	0.6293	0.6309	0.6458	0.6459	0.6492	0.6280	0.6143	0.5862	0.5649	0.5672	0.5820	0.6337	0.6589	0.6595	0.6900	0.6891	0.6392	0.5831	0.5480	0.5310	0.4863	0.4637
0.1476	0.2543	0.3321	0.4743	0.5391	0.5987	0.6193	0.6461	0.5957	0.5797	0.5290	0.5699	0.5861	0.6576	0.7180	0.7884	0.8205	0.8497	0.8387	0.7762	0.6888	0.6035	0.4510	0.3447	0.3049	0.3414	0.3777	0.3889	0.4481	0.5183	0.6783	0.8156	0.8455	0.8054	0.7862	0.7376	0.7316	0.6202	0.6241	0.5623	0.5498	0.5746	0.6006	0.5922	0.5907	0.6285	0.6841	0.6749	0.7034	0.7342	0.7026	0.6736	0.7083	0.6835	0.6398	0.6199	0.6273	0.6210	0.6647	0.7067	0.7189	0.7480	0.7211	0.6659	0.6325	0.5750	0.5509	0.5004	0.4385
0.0627	0.1185	0.1517	0.2243	0.2895	0.3804	0.4417	0.4666	0.4582	0.5395	0.5894	0.5853	0.6050	0.6354	0.6831	0.7135	0.7453	0.6725	0.5580	0.4590	0.3688	0.3022	0.2566	0.2560	0.2508	0.2515	0.2639	0.2738	0.3290	0.3525	0.4272	0.5887	0.6896	0.8318	0.8500	0.8450	0.8464	0.7265	0.7222	0.6454	0.6642	0.6017	0.6380	0.6200	0.6395	0.6687	0.7215	0.7060	0.7286	0.7329	0.7124	0.7195	0.7060	0.6852	0.6798	0.6958	0.7150	0.6720	0.6820	0.7318	0.7682	0.6865	0.5695	0.6036	0.6679	0.5884	0.5620	0.5316	0.4994
0.0393	0.0429	0.0877	0.0800	0.1001	0.1265	0.1461	0.1729	0.1881	0.2079	0.2640	0.2785	0.3186	0.2929	0.3320	0.3588	0.3246	0.2761	0.2295	0.2237	0.2471	0.2190	0.2195	0.2193	0.2256	0.2236	0.2221	0.2346	0.2724	0.2848	0.3070	0.3278	0.3756	0.5209	0.5783	0.7215	0.7668	0.7460	0.8022	0.8023	0.7753	0.7225	0.7026	0.7237	0.7533	0.7207	0.7807	0.7652	0.7526	0.7464	0.7757	0.7401	0.7035	0.7233	0.7065	0.7330	0.7606	0.7114	0.6928	0.7288	0.7319	0.6008	0.3868	0.5167	0.6735	0.5995	0.5661	0.5230	0.4983
0.0227	0.0231	0.0458	0.0438	0.0641	0.0817	0.0737	0.0817	0.0940	0.1028	0.0952	0.1111	0.1347	0.1157	0.1097	0.1375	0.1353	0.1538	0.1633	0.1488	0.1572	0.1751	0.1736	0.1751	0.1903	0.1926	0.1931	0.2071	0.2277	0.2414	0.2372	0.2479	0.2655	0.3007	0.2912	0.3319	0.4024	0.4340	0.5319	0.6158	0.6751	0.6458	0.6394	0.6714	0.7390	0.7593	0.8288	0.8498	0.8232	0.8023	0.7704	0.7689	0.7598	0.7648	0.7754	0.7845	0.8207	0.7861	0.7317	0.7642	0.6886	0.4642	0.3315	0.4368	0.6471	0.6552	0.6099	0.5559	0.5562
0.0113	0.0252	0.0316	0.0355	0.0600	0.0625	0.0704	0.0601	0.0627	0.0725	0.0687	0.0736	0.0798	0.0881	0.0860	0.0951	0.1040	0.1086	0.0966	0.0994	0.0992	0.1167	0.1200	0.1359	0.1356	0.1326	0.1318	0.1427	0.1641	0.1749	0.1766	0.1787	0.1866	0.1984	0.2047	0.2154	0.2346	0.2410	0.2771	0.2913	0.3293	0.3543	0.3352	0.3658	0.4627	0.5653	0.6918	0.7733	0.6851	0.7518	0.7922	0.7855	0.7707	0.7777	0.8055	0.8217	0.8283	0.8233	0.7487	0.7397	0.4685	0.3105	0.3160	0.4144	0.6046	0.6732	0.6307	0.5254	0.4178
0.0075	0.0299	0.0333	0.0442	0.0470	0.0528	0.0534	0.0593	0.0578	0.0716	0.0702	0.0794	0.0808	0.0763	0.0759	0.0874	0.0925	0.0809	0.0790	0.0892	0.0925	0.0960	0.0794	0.0992	0.0996	0.0998	0.1016	0.1062	0.1232	0.1202	0.1276	0.1359	0.1344	0.1388	0.1458	0.1489	0.1556	0.1653	0.1861	0.1960	0.1900	0.2222	0.2454	0.2429	0.2525	0.2881	0.3351	0.3964	0.3798	0.5753	0.7794	0.7466	0.7129	0.6624	0.7219	0.5658	0.4350	0.5918	0.5490	0.4312	0.3025	0.2708	0.2888	0.3317	0.5371	0.6532	0.5946	0.4972	0.3022
0.0090	0.0276	0.0390	0.0462	0.0529	0.0500	0.0471	0.0661	0.0590	0.0560	0.0582	0.0700	0.0689	0.0665	0.0653	0.0793	0.0797	0.0769	0.0754	0.0790	0.0868	0.0717	0.0700	0.0764	0.0826	0.0857	0.0933	0.0894	0.0976	0.0948	0.1064	0.1117	0.1121	0.1095	0.1152	0.1070	0.1183	0.1258	0.1313	0.1288	0.1308	0.1498	0.1643	0.1725	0.1666	0.1793	0.1826	0.2009	0.2210	0.2921	0.5144	0.5685	0.4058	0.2854	0.3389	0.2464	0.2098	0.2417	0.2434	0.2370	0.2469	0.2507	0.2636	0.2702	0.4019	0.5440	0.5336	0.4405	0.3076
0.0000	0.0184	0.0256	0.0316	0.0358	0.0438	0.0378	0.0487	0.0499	0.0565	0.0472	0.0532	0.0590	0.0612	0.0496	0.0571	0.0672	0.0725	0.0769	0.0715	0.0773	0.0693	0.0780	0.0725	0.0756	0.0793	0.0928	0.0741	0.0851	0.0774	0.0854	0.0923	0.0872	0.0909	0.1010	0.0909	0.0960	0.0995	0.1023	0.0979	0.1030	0.1091	0.1169	0.1252	0.1355	0.1323	0.1378	0.1549	0.1589	0.1640	0.1989	0.2279	0.1824	0.1539	0.1531	0.1597	0.1609	0.1654	0.1672	0.1950	0.1927	0.1911	0.2004	0.1951	0.2287	0.2589	0.2950	0.3160	0.3332
0.0084	0.0252	0.0172	0.0176	0.0344	0.0444	0.0369	0.0414	0.0369	0.0461	0.0417	0.0402	0.0471	0.0605	0.0572	0.0662	0.0800	0.0893	0.0590	0.0624	0.0600	0.0626	0.0746	0.0596	0.0721	0.0704	0.0618	0.0657	0.0813	0.0766	0.0777	0.0659	0.0728	0.0742	0.0896	0.0770	0.0905	0.0878	0.0865	0.0812	0.0868	0.0864	0.0998	0.0942	0.1022	0.1102	0.1091	0.1262	0.1314	0.1330	0.1329	0.1401	0.1467	0.1417	0.1337	0.1441	0.1429	0.1454	0.1477	0.1599	0.1669	0.1734	0.1766	0.1818	0.1826	0.1921	0.2146	0.3775	0.4460
0.0059	0.0047	0.0144	0.0283	0.0240	0.0428	0.0341	0.0354	0.0305	0.0361	0.0377	0.0452	0.0578	0.0447	0.0432	0.0637	0.0661	0.0659	0.0544	0.0514	0.0560	0.0474	0.0514	0.0608	0.0607	0.0595	0.0519	0.0531	0.0622	0.0701	0.0711	0.0696	0.0737	0.0705	0.0740	0.0614	0.0752	0.0703	0.0754	0.0698	0.0749	0.0779	0.0829	0.0806	0.0906	0.0973	0.0966	0.1049	0.1089	0.1055	0.1125	0.1161	0.1078	0.1161	0.1105	0.1116	0.1094	0.1185	0.1375	0.1569	0.1479	0.1554	0.1467	0.1602	0.1735	0.1842	0.2275	0.4097	0.4872
0.0052	0.0026	0.0232	0.0238	0.0192	0.0271	0.0172	0.0260	0.0309	0.0368	0.0323	0.0404	0.0449	0.0335	0.0425	0.0694	0.0612	0.0550	0.0448	0.0523	0.0685	0.0569	0.0525	0.0601	0.0604	0.0620	0.0579	0.0608	0.0598	0.0533	0.0513	0.0615	0.0596	0.0612	0.0626	0.0573	0.0569	0.0617	0.0711	0.0691	0.0648	0.0696	0.0740	0.0684	0.0784	0.0888	0.0852	0.0779	0.0762	0.0888	0.0876	0.0794	0.0781	0.0786	0.0852	0.0951	0.0968	0.0874	0.1007	0.1224	0.1338	0.1275	0.1292	0.1464	0.1528	0.1773	0.2066	0.3767	0.4381
0.0000	0.0000	0.0084	0.0060	0.0092	0.0066	0.0161	0.0224	0.0364	0.0482	0.0337	0.0366	0.0324	0.0380	0.0447	0.0499	0.0493	0.0375	0.0350	0.0511	0.0659	0.0480	0.0486	0.0519	0.0562	0.0558	0.0520	0.0518	0.0493	0.0561	0.0481	0.0467	0.0556	0.0581	0.0595	0.0567	0.0689	0.0635	0.0684	0.0618	0.0626	0.0656	0.0623	0.0642	0.0639	0.0694	0.0743	0.0676	0.0633	0.0764	0.0795	0.0795	0.0660	0.0699	0.0816	0.0794	0.0795	0.0699	0.0745	0.0905	0.0996	0.0985	0.1005	0.1232	0.1304	0.1659	0.1824	0.3485	0.4599
0.0000	0.0000	0.0000	0.0000	0.0116	0.0116	0.0119	0.0231	0.0110	0.0238	0.0335	0.0318	0.0312	0.0352	0.0433	0.0490	0.0407	0.0440	0.0310	0.0422	0.0437	0.0334	0.0421	0.0339	0.0438	0.0530	0.0472	0.0516	0.0523	0.0501	0.0503	0.0448	0.0432	0.0599	0.0608	0.0671	0.0671	0.0595	0.0603	0.0529	0.0607	0.0585	0.0577	0.0566	0.0581	0.0633	0.0619	0.0620	0.0649	0.0696	0.0653	0.0717	0.0628	0.0589	0.0732	0.0685	0.0711	0.0663	0.0661	0.0814	0.0790	0.0733	0.0833	0.0953	0.1067	0.1206	0.1359	0.2723	0.4429
0.0000	0.0000	0.0000	0.0009	0.0090	0.0000	0.0108	0.0243	0.0043	0.0106	0.0142	0.0214	0.0264	0.0183	0.0233	0.0318	0.0355	0.0327	0.0374	0.0372	0.0374	0.0419	0.0488	0.0407	0.0471	0.0469	0.0579	0.0473	0.0406	0.0541	0.0549	0.0418	0.0421	0.0495	0.0451	0.0466	0.0494	0.0491	0.0547	0.0532	0.0566	0.0573	0.0557	0.0577	0.0606	0.0616	0.0612	0.0551	0.0665	0.0622	0.0469	0.0584	0.0605	0.0563	0.0621	0.0573	0.0657	0.0637	0.0637	0.0702	0.0749	0.0672	0.0647	0.0674	0.0825	0.0891	0.1122	0.2499	0.3868
0.0000	0.0000	0.0000	0.0000	0.0000	0.0049	0.0041	0.0147	0.0036	0.0018	0.0026	0.0226	0.0205	0.0193	0.0286	0.0309	0.0226	0.0146	0.0320	0.0374	0.0377	0.0304	0.0251	0.0388	0.0371	0.0436	0.0461	0.0389	0.0447	0.0471	0.0423	0.0452	0.0417	0.0394	0.0432	0.0406	0.0420	0.0430	0.0494	0.0382	0.0526	0.0557	0.0449	0.0507	0.0531	0.0504	0.0545	0.0593	0.0540	0.0523	0.0542	0.0589	0.0570	0.0525	0.0536	0.0585	0.0635	0.0580	0.0590	0.0697	0.0640	0.0532	0.0612	0.0742	0.0772	0.0794	0.0728	0.1257	0.1810
0.0000	0.0000	0.0000	0.0000	0.0000	0.0000	0.0042	0.0063	0.0102	0.0004	0.0104	0.0315	0.0293	0.0161	0.0214	0.0196	0.0326	0.0319	0.0286	0.0271	0.0260	0.0327	0.0291	0.0301	0.0335	0.0319	0.0340	0.0431	0.0405	0.0385	0.0309	0.0363	0.0469	0.0412	0.0418	0.0432	0.0465	0.0462	0.0522	0.0448	0.0488	0.0438	0.0517	0.0497	0.0477	0.0518	0.0541	0.0529	0.0465	0.0532	0.0660	0.0577	0.0578	0.0582	0.0622	0.0614	0.0594	0.0578	0.0602	0.0599	0.0560	0.0521	0.0579	0.0601	0.0536	0.0470	0.0537	0.0624	0.0565
0.0000	0.0038	0.0009	0.0065	0.0000	0.0000	0.0071	0.0075	0.0088	0.0019	0.0192	0.0195	0.0241	0.0266	0.0174	0.0168	0.0289	0.0368	0.0283	0.0341	0.0277	0.0258	0.0275	0.0304	0.0280	0.0299	0.0273	0.0361	0.0274	0.0300	0.0355	0.0330	0.0406	0.0467	0.0409	0.0344	0.0482	0.0573	0.0463	0.0469	0.0463	0.0429	0.0489	0.0412	0.0451	0.0522	0.0444	0.0489	0.0445	0.0520	0.0561	0.0480	0.0481	0.0479	0.0513	0.0540	0.0462	0.0511	0.0484	0.0475	0.0483	0.0461	0.0462	0.0519	0.0441	0.0421	0.0450	0.0433	0.0371
0.0000	0.0000	0.0000	0.0000	0.0000	0.0041	0.0000	0.0000	0.0038	0.0027	0.0116	0.0076	0.0153	0.0107	0.0196	0.0200	0.0121	0.0133	0.0150	0.0191	0.0218	0.0280	0.0267	0.0241	0.0323	0.0332	0.0259	0.0279	0.0340	0.0342	0.0288	0.0267	0.0370	0.0422	0.0371	0.0372	0.0383	0.0417	0.0451	0.0436	0.0435	0.0439	0.0450	0.0414	0.0460	0.0492	0.0458	0.0482	0.0428	0.0430	0.0426	0.0446	0.0433	0.0438	0.0499	0.0579	0.0489	0.0418	0.0408	0.0484	0.0462	0.0384	0.0387	0.0501	0.0398	0.0334	0.0402	0.0429	0.0405
0.0000	0.0000	0.0000	0.0075	0.0000	0.0053	0.0136	0.0104	0.0069	0.0124	0.0145	0.0000	0.0196	0.0063	0.0085	0.0201	0.0205	0.0189	0.0134	0.0215	0.0150	0.0349	0.0263	0.0171	0.0304	0.0348	0.0262	0.0256	0.0264	0.0377	0.0368	0.0279	0.0353	0.0388	0.0393	0.0385	0.0330	0.0463	0.0505	0.0397	0.0408	0.0494	0.0424	0.0457	0.0390	0.0419	0.0569	0.0444	0.0440	0.0410	0.0526	0.0468	0.0526	0.0610	0.0513	0.0608	0.0473	0.0507	0.0402	0.0488	0.0538	0.0414	0.0327	0.0433	0.0519	0.0374	0.0443	0.0529	0.0464
