0.0000	0.0000	0.0000	0.0000	0.0057	0.0000	0.0054	0.0213	0.0221	0.0157	0.0256	0.0471	0.0642	0.0277	0.0265	0.0383	0.0613	0.0468	0.0495	0.0562	0.0465	0.0632	0.0724	0.0705	0.0920	0.0966	0.0958	0.0784	0.0904	0.0983	0.0894	0.0920	0.1017	0.1177	0.1198	0.1078	0.1141	0.0859	0.0981	0.0928	0.0961	0.1142	0.1122	0.1043	0.0660	0.0899	0.1076	0.1013	0.0823	0.0742	0.0768	0.0828	0.0891	0.0748	0.0818	0.0813	0.0586	0.0902	0.0671	0.0618	0.0547	0.0547	0.0487	0.0413	0.0498	0.0425	0.0313	0.0444	0.0367
0.0000	0.0000	0.0000	0.0024	0.0032	0.0000	0.0000	0.0249	0.0189	0.0164	0.0430	0.0514	0.0406	0.0307	0.0420	0.0467	0.0414	0.0547	0.0562	0.0647	0.0693	0.0537	0.0675	0.0899	0.0930	0.0812	0.0972	0.1086	0.0976	0.1010	0.1170	0.0991	0.1025	0.1131	0.1124	0.1240	0.1134	0.0990	0.0938	0.0955	0.0930	0.1150	0.1141	0.1133	0.1111	0.0929	0.1119	0.0914	0.0740	0.0922	0.0845	0.0643	0.0680	0.0847	0.0832	0.0887	0.0761	0.0684	0.0640	0.0706	0.0605	0.0572	0.0484	0.0546	0.0495	0.0336	0.0249	0.0332	0.0315
0.0000	0.0000	0.0069	0.0073	0.0097	0.0098	0.0169	0.0328	0.0377	0.0390	0.0498	0.0466	0.0503	0.0517	0.0551	0.0508	0.0496	0.0635	0.0507	0.0663	0.0871	0.0761	0.0790	0.1013	0.1133	0.1038	0.1168	0.0927	0.0997	0.1090	0.1207	0.1153	0.1048	0.1220	0.1125	0.1261	0.1152	0.1224	0.1031	0.1129	0.1148	0.1096	0.1195	0.1208	0.1174	0.1050	0.1167	0.0937	0.0807	0.0878	0.0965	0.1004	0.0907	0.0904	0.1040	0.1060	0.0877	0.0652	0.0699	0.0812	0.0857	0.0640	0.0586	0.0560	0.0558	0.0396	0.0289	0.0428	0.0365
0.0000	0.0000	0.0000	0.0017	0.0339	0.0169	0.0236	0.0246	0.0311	0.0315	0.0236	0.0462	0.0628	0.0466	0.0494	0.0577	0.0584	0.0598	0.0861	0.0774	0.1090	0.0849	0.0810	0.0725	0.1069	0.0967	0.1115	0.0920	0.0859	0.1005	0.1052	0.1219	0.1362	0.1300	0.1283	0.1209	0.1088	0.1110	0.1045	0.1109	0.1337	0.1361	0.1137	0.1223	0.1054	0.1057	0.1021	0.1004	0.0811	0.0909	0.1060	0.1057	0.0993	0.0999	0.0959	0.1003	0.0744	0.0853	0.0852	0.0649	0.0874	0.0746	0.0718	0.0674	0.0705	0.0640	0.0572	0.0637	0.0606
0.0000	0.0066	0.0050	0.0040	0.0232	0.0099	0.0128	0.0257	0.0301	0.0234	0.0364	0.0481	0.0681	0.0488	0.0370	0.0657	0.0739	0.0506	0.0645	0.0741	0.0887	0.0894	0.0792	0.0865	0.1116	0.0960	0.0968	0.0976	0.1089	0.1018	0.1148	0.1302	0.1204	0.1301	0.1188	0.1082	0.1138	0.1094	0.1190	0.0987	0.1081	0.1210	0.1193	0.1274	0.1149	0.1020	0.1055	0.0947	0.0935	0.1035	0.1122	0.0904	0.0886	0.0988	0.1024	0.1045	0.0752	0.0784	0.0771	0.0836	0.0914	0.0864	0.0779	0.0849	0.0692	0.0618	0.0671	0.0643	0.0614
0.0000	0.0034	0.0024	0.0254	0.0104	0.0112	0.0403	0.0354	0.0235	0.0365	0.0560	0.0517	0.0709	0.0547	0.0557	0.0725	0.0789	0.0618	0.0640	0.0860	0.0891	0.0946	0.0972	0.0792	0.1073	0.1131	0.1095	0.0951	0.1088	0.1125	0.1349	0.1114	0.1383	0.1398	0.1208	0.1236	0.1261	0.1285	0.1224	0.1116	0.1096	0.1187	0.1331	0.1311	0.1302	0.1242	0.1104	0.1215	0.1252	0.1388	0.1153	0.0897	0.1006	0.1081	0.1183	0.1195	0.1087	0.0919	0.0935	0.1043	0.0924	0.0906	0.0844	0.0953	0.0871	0.0746	0.0766	0.0744	0.0699
0.0000	0.0000	0.0000	0.0245	0.0198	0.0317	0.0465	0.0593	0.0450	0.0415	0.0776	0.0702	0.0569	0.0373	0.0710	0.0923	0.1000	0.1000	0.1063	0.0795	0.0943	0.1114	0.0910	0.0862	0.1067	0.1239	0.1199	0.1151	0.1151	0.1467	0.1340	0.1203	0.1465	0.1402	0.1239	0.1348	0.1302	0.1384	0.1404	0.1488	0.1239	0.1477	0.1533	0.1414	0.1296	0.1397	0.1216	0.1525	0.1257	0.1231	0.1276	0.1327	0.1160	0.1139	0.1175	0.1159	0.1049	0.1050	0.1174	0.1068	0.0928	0.1088	0.0871	0.1153	0.1058	0.0961	0.1002	0.0876	0.0961
0.0046	0.0000	0.0121	0.0220	0.0157	0.0249	0.0376	0.0568	0.0662	0.0627	0.0611	0.0742	0.0728	0.0595	0.0570	0.0705	0.0923	0.1059	0.1049	0.0818	0.0978	0.1179	0.1016	0.1195	0.1355	0.1446	0.1119	0.1263	0.1471	0.1388	0.1375	0.1339	0.1480	0.1847	0.1529	0.1380	0.1456	0.1439	0.1560	0.1610	0.1296	0.1533	0.1677	0.1508	0.1267	0.1543	0.1492	0.1592	0.1302	0.1294	0.1309	0.1245	0.1316	0.1245	0.1204	0.1336	0.1176	0.1204	0.1300	0.1225	0.1338	0.1293	0.1154	0.1187	0.1275	0.1062	0.1058	0.1118	0.1160
0.0025	0.0228	0.0288	0.0087	0.0090	0.0256	0.0434	0.0507	0.0541	0.0614	0.0714	0.0855	0.0830	0.0735	0.0906	0.0801	0.0742	0.0981	0.1288	0.1150	0.1072	0.1106	0.1282	0.1107	0.1537	0.1280	0.1335	0.1288	0.1677	0.1348	0.1542	0.1468	0.1867	0.1765	0.1821	0.1602	0.1596	0.1547	0.1743	0.1855	0.1672	0.1903	0.1717	0.1464	0.1720	0.1727	0.1737	0.1560	0.1700	0.1775	0.1594	0.1621	0.1673	0.1606	0.1420	0.1626	0.1543	0.1382	0.1434	0.1400	0.1375	0.1521	0.1349	0.1410	0.1359	0.1345	0.1314	0.1483	0.1437
0.0000	0.0084	0.0318	0.0410	0.0461	0.0464	0.0520	0.0758	0.0861	0.0671	0.0792	0.0794	0.0882	0.0902	0.0898	0.0764	0.0862	0.1194	0.1104	0.1122	0.1097	0.1170	0.1350	0.1355	0.1719	0.1515	0.1605	0.1551	0.1864	0.1689	0.1857	0.1785	0.1979	0.2133	0.1996	0.2055	0.2184	0.2127	0.2110	0.1998	0.2269	0.1991	0.1865	0.1887	0.2090	0.1805	0.2159	0.1792	0.1818	0.1916	0.1784	0.1908	0.1886	0.1808	0.1834	0.1601	0.1724	0.1718	0.1558	0.1482	0.1798	0.1793	0.1719	0.1759	0.1579	0.1703	0.1504	0.1857	0.2123
0.0006	0.0187	0.0285	0.0441	0.0449	0.0520	0.0428	0.0496	0.0737	0.0780	0.0632	0.0714	0.0737	0.0984	0.0816	0.1041	0.1164	0.1389	0.1263	0.1152	0.1442	0.1575	0.1605	0.1660	0.2037	0.2450	0.2468	0.2467	0.2441	0.2405	0.2552	0.2958	0.2840	0.3043	0.2874	0.3049	0.3582	0.3675	0.3438	0.2618	0.2751	0.2835	0.2758	0.2532	0.2435	0.2311	0.2328	0.2460	0.2104	0.2126	0.2074	0.2171	0.1946	0.1841	0.1943	0.2084	0.1995	0.2003	0.1817	0.1825	0.2128	0.1859	0.1925	0.1955	0.1958	0.1983	0.1932	0.2136	0.2210
0.0146	0.0065	0.0271	0.0309	0.0409	0.0400	0.0573	0.0734	0.0823	0.0706	0.0841	0.0974	0.0972	0.0921	0.1011	0.1298	0.1321	0.1390	0.1590	0.1606	0.1723	0.1950	0.2043	0.2304	0.2643	0.3320	0.4931	0.4574	0.3322	0.4164	0.5188	0.5902	0.6705	0.5713	0.5681	0.6038	0.6729	0.7046	0.7016	0.5497	0.5250	0.5909	0.5833	0.4823	0.3404	0.2986	0.2805	0.2703	0.2454	0.2593	0.2464	0.2543	0.2355	0.2474	0.2439	0.2443	0.2517	0.2386	0.2245	0.2484	0.2487	0.2314	0.2310	0.2518	0.2481	0.2177	0.2075	0.2217	0.2310
0.0258	0.0230	0.0439	0.0319	0.0515	0.0551	0.0615	0.0843	0.0842	0.0705	0.0916	0.0960	0.0930	0.1018	0.1121	0.1322	0.1474	0.1746	0.1889	0.2260	0.2514	0.2650	0.3130	0.3719	0.4441	0.6125	0.7414	0.7007	0.5361	0.5917	0.7283	0.7090	0.8300	0.8290	0.8108	0.7959	0.8035	0.7801	0.7723	0.8014	0.8051	0.8023	0.8529	0.7844	0.5943	0.4875	0.4931	0.3610	0.2842	0.2788	0.2832	0.2858	0.2846	0.3065	0.2972	0.3179	0.3043	0.2907	0.3109	0.2902	0.2923	0.3028	0.2788	0.2948	0.2721	0.2447	0.2540	0.2595	0.2596
0.0169	0.0302	0.0468	0.0420	0.0609	0.0608	0.0802	0.1042	0.1070	0.0865	0.1143	0.1031	0.1111	0.1315	0.1428	0.1735	0.2203	0.2646	0.2497	0.2897	0.3440	0.4059	0.5364	0.5932	0.6661	0.7131	0.7401	0.7542	0.6804	0.6981	0.7599	0.7628	0.8060	0.8836	0.8381	0.7300	0.7784	0.7450	0.7974	0.7813	0.7597	0.7376	0.8361	0.7803	0.7371	0.7253	0.7307	0.5310	0.3404	0.3173	0.3595	0.3630	0.3537	0.3317	0.3534	0.3691	0.4222	0.3694	0.3399	0.3516	0.3431	0.3197	0.3023	0.3036	0.2832	0.2635	0.2744	0.2485	0.2505
0.0189	0.0484	0.0586	0.0535	0.0793	0.0782	0.0881	0.1185	0.1309	0.1080	0.1247	0.1490	0.1655	0.1651	0.2081	0.2400	0.3123	0.3407	0.3538	0.4220	0.5776	0.6435	0.7113	0.7486	0.6805	0.6607	0.6399	0.6750	0.7124	0.7590	0.7387	0.8182	0.8396	0.8122	0.8062	0.7787	0.7604	0.7782	0.7833	0.7052	0.7388	0.7174	0.7362	0.7443	0.7436	0.7358	0.7101	0.6843	0.5436	0.4195	0.4883	0.4399	0.4369	0.4021	0.4200	0.4882	0.6436	0.5038	0.3557	0.3663	0.3894	0.3436	0.3182	0.3208	0.3078	0.2769	0.2673	0.2909	0.3512
0.0214	0.0450	0.0584	0.0685	0.1164	0.0970	0.1100	0.1194	0.1339	0.1474	0.1711	0.2126	0.2264	0.2406	0.3096	0.3746	0.4247	0.4795	0.5905	0.7277	0.8444	0.7968	0.6876	0.6957	0.6635	0.6176	0.6199	0.6821	0.7093	0.7210	0.7049	0.7891	0.8188	0.8048	0.8047	0.7584	0.7623	0.7360	0.6907	0.6881	0.7354	0.7277	0.7474	0.7923	0.7913	0.8339	0.7865	0.8185	0.8099	0.7276	0.7990	0.7367	0.7294	0.6280	0.5955	0.7804	0.7246	0.6130	0.4053	0.4562	0.5285	0.3893	0.3498	0.3671	0.3346	0.3079	0.3050	0.3435	0.4437
0.0454	0.0551	0.0713	0.0984	0.1329	0.1363	0.1605	0.1784	0.2017	0.2146	0.2525	0.3080	0.3381	0.3348	0.3985	0.4447	0.5701	0.7776	0.8295	0.8394	0.8313	0.8019	0.7537	0.6569	0.6286	0.6185	0.6107	0.6216	0.6018	0.6447	0.6692	0.7450	0.7820	0.7635	0.8217	0.7539	0.7764	0.7502	0.7203	0.6949	0.6893	0.7051	0.7863	0.7680	0.7713	0.7451	0.7514	0.7937	0.8056	0.8308	0.9137	0.9733	0.8545	0.8361	0.8068	0.8517	0.7561	0.6601	0.5128	0.4997	0.5712	0.4438	0.3532	0.3705	0.3370	0.3109	0.3219	0.3591	0.4490
0.0873	0.1009	0.1392	0.1783	0.2064	0.2321	0.2764	0.3097	0.3799	0.3087	0.3494	0.4016	0.4222	0.4958	0.6093	0.6330	0.8010	0.8895	0.8522	0.7837	0.7485	0.7327	0.6219	0.5834	0.5476	0.5392	0.5444	0.5392	0.5563	0.6033	0.6693	0.7139	0.7161	0.7008	0.7352	0.7719	0.7407	0.7501	0.7286	0.7243	0.7465	0.7322	0.7208	0.7206	0.7110	0.6581	0.7484	0.7560	0.7832	0.7718	0.8092	0.8714	0.8167	0.7907	0.8004	0.7804	0.6710	0.6211	0.6302	0.5193	0.5544	0.4622	0.3474	0.3583	0.3187	0.3147	0.3196	0.3926	0.4722
0.1347	0.1942	0.2726	0.3613	0.4849	0.5824	0.5893	0.6211	0.6772	0.5645	0.5136	0.5639	0.5768	0.7004	0.8089	0.8779	0.9470	0.8382	0.8180	0.7300	0.6266	0.6411	0.5919	0.5473	0.5202	0.5138	0.5600	0.5026	0.5773	0.6403	0.5910	0.6028	0.6648	0.6952	0.7010	0.6877	0.6605	0.6780	0.6885	0.6847	0.6654	0.6926	0.7248	0.7090	0.6907	0.6840	0.6638	0.6786	0.7148	0.7553	0.7783	0.8176	0.7439	0.7470	0.7342	0.7210	0.6222	0.6030	0.6614	0.6614	0.6142	0.4235	0.3780	0.3654	0.3438	0.3202	0.3369	0.4517	0.5077
0.2327	0.3460	0.4413	0.4901	0.5864	0.6761	0.7098	0.7018	0.7791	0.7380	0.7370	0.7533	0.7566	0.7405	0.7643	0.7614	0.7729	0.7301	0.6654	0.5911	0.5342	0.5576	0.5199	0.5057	0.5499	0.5341	0.5739	0.5926	0.6037	0.6369	0.6260	0.6319	0.6512	0.6625	0.6813	0.6546	0.6245	0.6504	0.6515	0.6397	0.6495	0.6944	0.7200	0.6817	0.7065	0.6275	0.6139	0.6729	0.6957	0.6685	0.6849	0.6998	0.6916	0.7270	0.7052	0.7131	0.6883	0.6444	0.6655	0.6348	0.6123	0.4437	0.4187	0.4974	0.4482	0.3574	0.3485	0.4773	0.4992
0.2298	0.3113	0.3429	0.3541	0.4246	0.4660	0.5343	0.5760	0.5658	0.6054	0.6313	0.6413	0.7210	0.6806	0.6081	0.6175	0.5754	0.5985	0.5365	0.5032	0.5300	0.5042	0.5247	0.5315	0.5411	0.5525	0.5557	0.5879	0.6206	0.6049	0.6665	0.6941	0.6830	0.7064	0.6761	0.6540	0.6633	0.6493	0.6355	0.6066	0.6346	0.6633	0.6916	0.6886	0.6369	0.5949	0.6497	0.6510	0.6441	0.6322	0.6802	0.6354	0.6253	0.7050	0.6880	0.6813	0.6800	0.6031	0.6328	0.6089	0.6404	0.5544	0.5380	0.5959	0.5449	0.4037	0.3648	0.4787	0.4724
0.2080	0.2620	0.3114	0.2942	0.3568	0.3798	0.4623	0.5124	0.5080	0.5262	0.5644	0.5343	0.5572	0.6046	0.5340	0.5193	0.5557	0.5940	0.5454	0.5259	0.5540	0.5738	0.5837	0.5434	0.5529	0.5508	0.5747	0.6073	0.6177	0.6285	0.6271	0.6788	0.6621	0.6615	0.6841	0.6375	0.6171	0.6222	0.6025	0.6258	0.6815	0.6835	0.6371	0.6581	0.6541	0.6383	0.6313	0.6333	0.6256	0.6290	0.6902	0.6438	0.6448	0.6476	0.6327	0.6423	0.6565	0.6105	0.6222	0.6112	0.6404	0.6004	0.5729	0.5543	0.5368	0.4221	0.4295	0.4869	0.4899
0.1943	0.2284	0.2732	0.2828	0.2699	0.3162	0.3947	0.4093	0.4614	0.4421	0.4264	0.4433	0.4869	0.4888	0.4271	0.4670	0.5503	0.5833	0.5329	0.4971	0.5378	0.6231	0.5804	0.5749	0.5534	0.5194	0.5540	0.5799	0.6142	0.6640	0.6194	0.6236	0.7027	0.6768	0.6228	0.6254	0.6395	0.6299	0.6676	0.6148	0.6596	0.6302	0.5993	0.6032	0.6546	0.6212	0.6564	0.6396	0.6186	0.6345	0.6443	0.6774	0.6884	0.6476	0.6166	0.6828	0.6852	0.5956	0.6052	0.6073	0.5826	0.5965	0.5821	0.5675	0.5264	0.4672	0.5186	0.4986	0.4914
0.2115	0.2227	0.2691	0.2971	0.3159	0.3528	0.3700	0.3594	0.3658	0.3688	0.3805	0.3773	0.4163	0.4429	0.4712	0.5004	0.5579	0.5744	0.5891	0.5574	0.5534	0.5957	0.5844	0.5340	0.5885	0.5236	0.5763	0.5870	0.6097	0.6409	0.6322	0.6347	0.6588	0.6412	0.6531	0.6297	0.6644	0.6519	0.6240	0.5995	0.6120	0.6179	0.6515	0.6382	0.6577	0.6172	0.6342	0.6207	0.6304	0.6464	0.6082	0.6449	0.6731	0.6488	0.6355	0.6698	0.6419	0.6246	0.5967	0.5845	0.5650	0.5723	0.5501	0.5222	0.5318	0.5316	0.5157	0.5169	0.4932
0.2627	0.2654	0.2792	0.2596	0.3062	0.3401	0.3573	0.3582	0.3904	0.3723	0.3688	0.3950	0.4035	0.3998	0.4706	0.5113	0.5671	0.5775	0.5872	0.5842	0.5822	0.5478	0.5834	0.5642	0.5630	0.5345	0.5602	0.5931	0.6371	0.6216	0.6186	0.6550	0.6508	0.6431	0.6522	0.6174	0.6569	0.6492	0.6139	0.6264	0.6231	0.6446	0.6573	0.6097	0.6326	0.6144	0.6130	0.6372	0.6255	0.6376	0.6114	0.6043	0.6155	0.6029	0.6081	0.6076	0.6060	0.6096	0.5842	0.5491	0.5675	0.5400	0.5274	0.4973	0.5041	0.4788	0.4645	0.4794	0.4372
0.2518	0.2490	0.2626	0.3014	0.3226	0.3141	0.3422	0.3743	0.3734	0.3708	0.3759	0.4017	0.4599	0.4587	0.4805	0.5462	0.6013	0.5732	0.5430	0.5660	0.5980	0.5842	0.5248	0.5763	0.5558	0.5685	0.5585	0.5938	0.6276	0.6202	0.6255	0.6367	0.6373	0.6101	0.6214	0.6269	0.6317	0.6258	0.6641	0.6082	0.6018	0.6428	0.5988	0.6122	0.6326	0.6698	0.6493	0.6452	0.6627	0.6499	0.6226	0.6137	0.6027	0.5862	0.6020	0.6136	0.5846	0.6001	0.5381	0.5192	0.5699	0.5118	0.4804	0.4962	0.4644	0.4629	0.4289	0.4474	0.3996
0.2685	0.2541	0.3253	0.3048	0.3177	0.3320	0.3717	0.3680	0.3419	0.3333	0.3638	0.3856	0.4547	0.4641	0.4947	0.5241	0.5693	0.5604	0.6049	0.5559	0.5652	0.5475	0.5722	0.5934	0.5341	0.5133	0.5478	0.5897	0.5789	0.6136	0.6296	0.6530	0.6511	0.6094	0.6250	0.6003	0.6104	0.6019	0.6187	0.6478	0.6549	0.5864	0.5790	0.6165	0.6461	0.6202	0.5950	0.6029	0.6412	0.6470	0.6216	0.6073	0.5988	0.5801	0.5817	0.5767	0.5594	0.5503	0.5268	0.5362	0.5069	0.5043	0.5187	0.4730	0.4567	0.4215	0.4076	0.4293	0.4253
0.2403	0.2676	0.2922	0.3099	0.3157	0.3379	0.3905	0.3657	0.3468	0.3605	0.3527	0.4167	0.4411	0.4883	0.4857	0.5293	0.5323	0.5376	0.6036	0.5785	0.5629	0.5705	0.5423	0.5568	0.5628	0.5474	0.5501	0.5789	0.5632	0.5685	0.6052	0.6553	0.6494	0.6246	0.6327	0.6067	0.6077	0.6397	0.6163	0.5984	0.6461	0.6520	0.6186	0.5699	0.6105	0.6127	0.6191	0.6203	0.6370	0.5798	0.6241	0.6377	0.6589	0.6253	0.6034	0.5212	0.5684	0.5211	0.5318	0.5628	0.5317	0.5210	0.4901	0.4610	0.4638	0.4712	0.4329	0.4303	0.4136
0.2227	0.2520	0.2797	0.3075	0.3299	0.3383	0.3803	0.3707	0.3745	0.3640	0.3982	0.4307	0.4500	0.5068	0.4845	0.5347	0.5345	0.5642	0.6085	0.5883	0.5997	0.5689	0.5592	0.5858	0.5643	0.5547	0.5767	0.6122	0.6132	0.5903	0.6207	0.6383	0.6474	0.6264	0.6470	0.6192	0.6206	0.6416	0.6327	0.6144	0.6161	0.6324	0.6176	0.6006	0.6130	0.5949	0.6186	0.6434	0.5978	0.5940	0.6115	0.5987	0.6031	0.6218	0.6155	0.5596	0.5574	0.5545	0.5381	0.5445	0.5336	0.5329	0.4791	0.4656	0.4807	0.4584	0.4337	0.3724	0.3755
0.2079	0.2476	0.3185	0.4015	0.3459	0.3330	0.3479	0.4037	0.4205	0.4030	0.4072	0.4605	0.5145	0.5205	0.4743	0.5085	0.5812	0.5750	0.5994	0.5835	0.5897	0.5822	0.5861	0.5964	0.5319	0.5590	0.5856	0.6207	0.6325	0.6708	0.6695	0.6366	0.7180	0.6793	0.6741	0.6570	0.6293	0.6461	0.6331	0.6280	0.6783	0.6382	0.6105	0.6311	0.6178	0.6073	0.6438	0.6240	0.6222	0.6462	0.6329	0.6384	0.6257	0.5938	0.6325	0.6182	0.5480	0.5267	0.5452	0.5402	0.5307	0.5442	0.4861	0.4817	0.4992	0.4818	0.4245	0.4173	0.4212
0.2158	0.2456	0.3087	0.3260	0.3384	0.3654	0.4056	0.4375	0.4263	0.4330	0.4283	0.4493	0.4654	0.4509	0.4845	0.5422	0.6092	0.5459	0.5717	0.5635	0.6020	0.6387	0.5825	0.5711	0.5640	0.5585	0.5613	0.6004	0.6165	0.6576	0.6662	0.6989	0.7025	0.6642	0.7047	0.6951	0.6808	0.6510	0.6398	0.6541	0.6300	0.6594	0.6291	0.6361	0.6100	0.6165	0.6499	0.6338	0.6412	0.6898	0.6420	0.6492	0.6749	0.6172	0.5823	0.5955	0.6080	0.5588	0.5787	0.6126	0.5717	0.5692	0.5475	0.5364	0.5365	0.5097	0.4454	0.4396	0.4257
0.1898	0.2148	0.2602	0.3038	0.3452	0.3714	0.3908	0.4191	0.4479	0.4359	0.4272	0.4354	0.4597	0.4767	0.5106	0.5450	0.5755	0.5522	0.5564	0.5626	0.5873	0.6049	0.5709	0.5637	0.6157	0.5854	0.5692	0.6181	0.6458	0.6488	0.6580	0.7131	0.7003	0.6800	0.7347	0.7330	0.6978	0.6616	0.6537	0.6575	0.6675	0.6335	0.6490	0.6320	0.6228	0.6153	0.6154	0.6622	0.6233	0.6679	0.6967	0.6558	0.6427	0.6809	0.6504	0.6209	0.6053	0.6255	0.5971	0.6157	0.6613	0.6545	0.6412	0.6228	0.5859	0.5129	0.4689	0.4571	0.4085
0.2041	0.2363	0.2886	0.3170	0.3683	0.3982	0.4214	0.4271	0.4229	0.4551	0.4365	0.4559	0.4995	0.5059	0.5149	0.5308	0.5561	0.5613	0.5754	0.6005	0.5939	0.5951	0.5889	0.5939	0.6396	0.6161	0.6217	0.6424	0.6695	0.6866	0.6616	0.6795	0.6648	0.7016	0.7361	0.7585	0.7196	0.6913	0.7132	0.6778	0.7062	0.6746	0.6808	0.6547	0.6492	0.6091	0.6496	0.6693	0.6583	0.6336	0.6578	0.6504	0.6854	0.6619	0.6425	0.6457	0.6447	0.6520	0.6203	0.6391	0.6597	0.6602	0.5983	0.6503	0.6149	0.5387	0.5242	0.4852	0.4555
0.2334	0.2576	0.3347	0.3519	0.3702	0.3954	0.4144	0.4717	0.4582	0.4403	0.4239	0.4338	0.4942	0.5079	0.5146	0.5583	0.5700	0.5766	0.5375	0.6053	0.6525	0.5837	0.5881	0.5668	0.5890	0.5896	0.6007	0.6682	0.6434	0.6392	0.6847	0.6743	0.6939	0.7335	0.7271	0.7248	0.6975	0.7113	0.7360	0.6982	0.7028	0.7367	0.6928	0.6868	0.6556	0.6563	0.7080	0.6809	0.6865	0.6836	0.6910	0.6678	0.6744	0.6523	0.6613	0.6408	0.6554	0.6267	0.6738	0.6628	0.6851	0.6739	0.5255	0.5709	0.6439	0.6413	0.5981	0.5102	0.4884
0.2663	0.2597	0.3052	0.3230	0.4004	0.3891	0.4156	0.5052	0.5142	0.4607	0.4370	0.4652	0.4961	0.5407	0.5083	0.5334	0.5702	0.5498	0.5291	0.5735	0.6228	0.6170	0.5912	0.6121	0.6066	0.5831	0.6345	0.6309	0.6086	0.6534	0.6856	0.6713	0.6978	0.7409	0.7756	0.7133	0.7119	0.6841	0.7507	0.6689	0.6755	0.7081	0.6859	0.6821	0.6657	0.6914	0.6655	0.6956	0.6685	0.7245	0.6898	0.6708	0.6572	0.7100	0.6456	0.6397	0.6848	0.6860	0.6687	0.7069	0.6900	0.6706	0.5335	0.4386	0.6550	0.6887	0.5854	0.5268	0.4918
0.2466	0.2615	0.3334	0.3329	0.4167	0.4933	0.5457	0.6166	0.5905	0.6080	0.6099	0.5957	0.5443	0.6079	0.5541	0.5015	0.5417	0.5614	0.5546	0.6145	0.6039	0.6136	0.5942	0.5903	0.6099	0.6077	0.6250	0.6445	0.6743	0.6604	0.6551	0.6474	0.6722	0.7277	0.7264	0.7133	0.6846	0.6581	0.6659	0.6540	0.6514	0.6697	0.7193	0.6897	0.6802	0.6842	0.6960	0.7208	0.7414	0.7245	0.6942	0.7266	0.6810	0.6809	0.6867	0.7122	0.6667	0.6622	0.6666	0.7183	0.6899	0.7402	0.6186	0.4141	0.5352	0.6418	0.5956	0.6199	0.5621
0.2303	0.2520	0.3448	0.3831	0.4634	0.5686	0.5932	0.6466	0.6303	0.6768	0.6629	0.6760	0.6985	0.6237	0.6075	0.6062	0.5980	0.6150	0.6036	0.6075	0.6630	0.6474	0.6300	0.6113	0.6050	0.5944	0.6019	0.6321	0.6764	0.6781	0.6749	0.6842	0.6908	0.7091	0.7167	0.6880	0.6805	0.6645	0.6658	0.6503	0.6687	0.7121	0.7038	0.6892	0.6780	0.6420	0.6920	0.7116	0.7371	0.7627	0.7328	0.7079	0.6779	0.6949	0.6926	0.7108	0.6796	0.7051	0.7370	0.7242	0.6857	0.6931	0.6602	0.4666	0.4522	0.6315	0.6696	0.6003	0.6320
0.2457	0.3157	0.3782	0.4319	0.5093	0.5699	0.6564	0.6891	0.7415	0.7002	0.6877	0.7136	0.7473	0.6715	0.7066	0.7132	0.6958	0.7041	0.6284	0.6207	0.6128	0.6457	0.5995	0.5967	0.6119	0.5964	0.6025	0.6261	0.6326	0.6013	0.7059	0.7241	0.6961	0.7020	0.7499	0.7008	0.6818	0.6940	0.6883	0.6702	0.7102	0.6833	0.6861	0.6959	0.7120	0.7053	0.7152	0.7395	0.7230	0.7418	0.7581	0.7308	0.7185	0.7652	0.7441	0.7559	0.7787	0.7748	0.7555	0.7240	0.7142	0.6958	0.7562	0.5312	0.3794	0.5382	0.6058	0.4895	0.6697
0.2711	0.4046	0.5326	0.6087	0.6385	0.6839	0.7434	0.7826	0.8053	0.7619	0.7921	0.8314	0.8031	0.7960	0.8013	0.7758	0.8298	0.7888	0.6957	0.6463	0.6164	0.6371	0.5821	0.5714	0.6239	0.5762	0.6267	0.5840	0.6026	0.6297	0.6661	0.6982	0.7168	0.7034	0.7256	0.6834	0.6580	0.7203	0.6949	0.6660	0.6904	0.6753	0.7141	0.7532	0.7241	0.7161	0.6987	0.7412	0.7441	0.7629	0.7599	0.7820	0.7903	0.8091	0.7425	0.7804	0.7850	0.6246	0.5646	0.7535	0.8104	0.7818	0.7659	0.4793	0.3339	0.3690	0.3881	0.3754	0.4918
0.1792	0.2806	0.3972	0.5603	0.5898	0.7070	0.7180	0.7060	0.6895	0.6371	0.5839	0.6330	0.5860	0.6455	0.8424	0.9084	0.8981	0.9187	0.8010	0.7244	0.6554	0.6182	0.5826	0.5956	0.5860	0.5966	0.5898	0.5870	0.6177	0.6603	0.6367	0.6523	0.6744	0.6872	0.6818	0.6732	0.7002	0.6756	0.6863	0.6655	0.6862	0.7103	0.7398	0.7428	0.7397	0.7406	0.7677	0.7590	0.7764	0.8169	0.7882	0.7866	0.7889	0.8278	0.7968	0.7736	0.7322	0.5113	0.4467	0.6651	0.8066	0.8192	0.6252	0.3555	0.3052	0.3133	0.3166	0.3416	0.3825
0.0923	0.1188	0.1469	0.2097	0.2366	0.2936	0.3523	0.3316	0.3305	0.3404	0.3676	0.3603	0.3629	0.4280	0.5482	0.7012	0.8889	1.0000	0.9125	0.8890	0.8347	0.7367	0.6657	0.6479	0.6082	0.5802	0.5963	0.6039	0.6436	0.6765	0.6702	0.6807	0.6879	0.6730	0.7047	0.7028	0.7351	0.6994	0.6893	0.6737	0.7175	0.7247	0.7692	0.7417	0.7621	0.7427	0.7842	0.8070	0.8138	0.8361	0.8228	0.8494	0.8149	0.8389	0.7489	0.7141	0.5456	0.3832	0.3461	0.4138	0.5633	0.6945	0.4761	0.2983	0.2744	0.2724	0.2956	0.3095	0.3218
0.0366	0.0662	0.0833	0.0922	0.0884	0.1261	0.1592	0.1743	0.1971	0.2346	0.2636	0.2664	0.3002	0.3226	0.3690	0.4206	0.5802	0.6935	0.8458	0.8911	0.8862	0.7983	0.7380	0.7300	0.6902	0.6243	0.6514	0.6374	0.6676	0.7016	0.6788	0.6944	0.7433	0.7598	0.7615	0.7482	0.7253	0.7024	0.6966	0.6974	0.7297	0.7217	0.7304	0.7378	0.7685	0.7391	0.7980	0.8201	0.7711	0.8001	0.8115	0.7681	0.6771	0.7114	0.5875	0.4215	0.3517	0.3155	0.2989	0.3196	0.3452	0.3672	0.3322	0.2783	0.2807	0.2788	0.2707	0.2653	0.2457
0.0123	0.0416	0.0530	0.0616	0.0738	0.0751	0.0949	0.0976	0.1038	0.1419	0.1507	0.1713	0.2065	0.2080	0.2547	0.3159	0.3431	0.4099	0.5769	0.7723	0.8615	0.8438	0.7842	0.7717	0.7534	0.6924	0.6607	0.6746	0.7173	0.7344	0.7424	0.7321	0.7552	0.7717	0.7771	0.7032	0.6899	0.7182	0.6831	0.6578	0.7554	0.7297	0.7319	0.7751	0.7821	0.7475	0.7719	0.8222	0.7683	0.7615	0.6411	0.4358	0.3395	0.3830	0.3930	0.3183	0.3172	0.3146	0.2995	0.2915	0.2823	0.2736	0.2700	0.2624	0.2392	0.2655	0.2691	0.2695	0.2524
0.0061	0.0478	0.0488	0.0595	0.0757	0.0694	0.0771	0.0902	0.0975	0.1003	0.1069	0.1066	0.1326	0.1469	0.1663	0.1901	0.2300	0.2642	0.3087	0.4420	0.5840	0.6756	0.8042	0.8125	0.7207	0.7015	0.6768	0.7249	0.7630	0.7622	0.7764	0.8146	0.7530	0.7684	0.7681	0.7015	0.7502	0.7324	0.7346	0.7147	0.7553	0.7878	0.7727	0.7459	0.8173	0.8166	0.8060	0.7891	0.7733	0.6594	0.3903	0.2546	0.2391	0.2521	0.2619	0.2841	0.3125	0.2687	0.2537	0.2664	0.2581	0.2429	0.2385	0.2275	0.2193	0.2510	0.2430	0.2266	0.2396
0.0128	0.0331	0.0469	0.0474	0.0727	0.0888	0.0693	0.0639	0.0792	0.0793	0.0918	0.0857	0.0860	0.0989	0.1164	0.1349	0.1430	0.1454	0.1720	0.2176	0.2535	0.3255	0.4169	0.4983	0.6252	0.6687	0.7034	0.7028	0.7372	0.7461	0.7515	0.7963	0.7657	0.7599	0.7738	0.7398	0.7358	0.7397	0.7261	0.6402	0.5586	0.5173	0.4836	0.4821	0.5779	0.6603	0.6942	0.8046	0.6522	0.4185	0.2624	0.1971	0.2092	0.2052	0.2250	0.2205	0.2107	0.2126	0.2195	0.2150	0.2143	0.2158	0.2014	0.2031	0.1992	0.2216	0.2236	0.2148	0.2119
0.0101	0.0076	0.0232	0.0272	0.0493	0.0550	0.0661	0.0611	0.0794	0.0681	0.0751	0.0683	0.0737	0.0856	0.0761	0.1047	0.1164	0.1236	0.1408	0.1418	0.1331	0.1602	0.1877	0.2110	0.2967	0.4115	0.4681	0.4184	0.3939	0.4432	0.5449	0.6774	0.7295	0.6957	0.6599	0.5321	0.4355	0.4560	0.4109	0.2960	0.2389	0.2332	0.2193	0.2388	0.2468	0.2690	0.3112	0.3956	0.3372	0.2103	0.1895	0.1699	0.1732	0.1615	0.1698	0.1696	0.1656	0.1759	0.1751	0.1870	0.1866	0.1872	0.1796	0.1796	0.1737	0.1777	0.1740	0.1771	0.1954
0.0130	0.0000	0.0246	0.0410	0.0520	0.0728	0.0674	0.0602	0.0592	0.0531	0.0695	0.0705	0.0843	0.0772	0.0701	0.0846	0.1124	0.1116	0.1174	0.1241	0.0987	0.1184	0.1251	0.1616	0.1678	0.1801	0.2077	0.1933	0.1973	0.2021	0.2346	0.3271	0.4024	0.4482	0.4527	0.2728	0.1994	0.1925	0.1737	0.1681	0.1798	0.1691	0.1706	0.1861	0.1912	0.1740	0.1627	0.1704	0.1648	0.1494	0.1568	0.1426	0.1464	0.1311	0.1328	0.1459	0.1563	0.1608	0.1379	0.1475	0.1482	0.1520	0.1623	0.1599	0.1543	0.1508	0.1490	0.1707	0.1777
0.0015	0.0140	0.0324	0.0248	0.0351	0.0531	0.0529	0.0658	0.0479	0.0489	0.0531	0.0633	0.0769	0.0724	0.0673	0.0859	0.0964	0.1053	0.0963	0.1015	0.0939	0.1061	0.1098	0.1188	0.1310	0.1315	0.1396	0.1602	0.1486	0.1544	0.1527	0.1686	0.1798	0.2320	0.2403	0.1785	0.1482	0.1511	0.1432	0.1287	0.1188	0.1221	0.1200	0.1185	0.1357	0.1408	0.1318	0.1370	0.1269	0.1165	0.1267	0.1260	0.1218	0.1184	0.1221	0.1359	0.1323	0.1286	0.1205	0.1208	0.1324	0.1335	0.1391	0.1289	0.1253	0.1291	0.1340	0.1550	0.1468
0.0159	0.0056	0.0242	0.0378	0.0242	0.0230	0.0303	0.0416	0.0497	0.0560	0.0582	0.0441	0.0771	0.0646	0.0590	0.0789	0.0964	0.0867	0.0780	0.0825	0.0870	0.1014	0.0851	0.0901	0.1019	0.1211	0.1069	0.1146	0.1063	0.1240	0.1309	0.1224	0.1253	0.1159	0.1209	0.1232	0.1165	0.1041	0.1048	0.0990	0.1023	0.1069	0.1053	0.1107	0.1164	0.1049	0.1101	0.1127	0.1040	0.0961	0.1069	0.1037	0.1024	0.0926	0.1010	0.1040	0.0977	0.0983	0.1046	0.1133	0.1079	0.1068	0.1087	0.1041	0.1076	0.1045	0.1115	0.1220	0.1236
0.0000	0.0000	0.0077	0.0271	0.0124	0.0094	0.0304	0.0360	0.0417	0.0427	0.0482	0.0477	0.0638	0.0455	0.0483	0.0723	0.0777	0.0815	0.0761	0.0696	0.0781	0.0764	0.0771	0.0932	0.0966	0.0984	0.0857	0.0808	0.0904	0.0941	0.0985	0.0982	0.1093	0.1004	0.0920	0.0870	0.0846	0.0858	0.0947	0.0884	0.0862	0.0823	0.0887	0.0792	0.1010	0.0985	0.1001	0.0954	0.0867	0.0800	0.0895	0.0911	0.0921	0.0854	0.0881	0.0861	0.0791	0.0757	0.0862	0.0903	0.0926	0.0876	0.0750	0.0949	0.0897	0.0789	0.0921	0.0958	0.0892
0.0000	0.0000	0.0036	0.0000	0.0114	0.0201	0.0338	0.0468	0.0382	0.0543	0.0435	0.0431	0.0415	0.0345	0.0464	0.0513	0.0618	0.0627	0.0659	0.0659	0.0771	0.0634	0.0826	0.0865	0.0844	0.0996	0.0827	0.0746	0.0836	0.0793	0.0817	0.0878	0.0881	0.0880	0.0840	0.0768	0.0890	0.0915	0.0820	0.0837	0.0809	0.0807	0.0760	0.0778	0.0852	0.0871	0.0867	0.0886	0.0842	0.0743	0.0760	0.0791	0.0708	0.0764	0.0776	0.0752	0.0777	0.0641	0.0679	0.0803	0.0813	0.0679	0.0569	0.0676	0.0769	0.0789	0.0806	0.0633	0.0647
0.0000	0.0000	0.0000	0.0028	0.0200	0.0206	0.0344	0.0284	0.0340	0.0389	0.0335	0.0393	0.0396	0.0373	0.0541	0.0547	0.0627	0.0725	0.0667	0.0612	0.0688	0.0709	0.0688	0.0737	0.0745	0.0852	0.0718	0.0712	0.0770	0.0849	0.0733	0.0735	0.0790	0.0852	0.0812	0.0803	0.0913	0.0848	0.0857	0.0774	0.0759	0.0785	0.0733	0.0746	0.0720	0.0770	0.0758	0.0757	0.0725	0.0694	0.0744	0.0697	0.0550	0.0640	0.0638	0.0667	0.0620	0.0581	0.0572	0.0615	0.0636	0.0633	0.0630	0.0578	0.0600	0.0540	0.0439	0.0508	0.0465
0.0000	0.0000	0.0000	0.0000	0.0156	0.0196	0.0200	0.0364	0.0345	0.0245	0.0181	0.0276	0.0220	0.0249	0.0471	0.0599	0.0642	0.0501	0.0415	0.0537	0.0567	0.0641	0.0614	0.0724	0.0813	0.0782	0.0680	0.0660	0.0681	0.0679	0.0660	0.0691	0.0722	0.0738	0.0711	0.0762	0.0779	0.0664	0.0701	0.0638	0.0604	0.0664	0.0708	0.0690	0.0738	0.0660	0.0663	0.0633	0.0610	0.0584	0.0583	0.0546	0.0605	0.0568	0.0519	0.0637	0.0569	0.0463	0.0648	0.0646	0.0561	0.0551	0.0515	0.0483	0.0460	0.0459	0.0376	0.0371	0.0313
0.0000	0.0000	0.0000	0.0040	0.0065	0.0078	0.0163	0.0158	0.0220	0.0159	0.0129	0.0247	0.0306	0.0176	0.0329	0.0375	0.0474	0.0441	0.0442	0.0436	0.0561	0.0567	0.0492	0.0623	0.0619	0.0649	0.0569	0.0526	0.0646	0.0718	0.0672	0.0705	0.0687	0.0628	0.0667	0.0707	0.0598	0.0675	0.0713	0.0596	0.0630	0.0703	0.0672	0.0601	0.0553	0.0559	0.0613	0.0655	0.0669	0.0563	0.0605	0.0621	0.0511	0.0478	0.0555	0.0544	0.0463	0.0498	0.0528	0.0584	0.0574	0.0403	0.0507	0.0491	0.0505	0.0407	0.0391	0.0360	0.0424
0.0000	0.0000	0.0052	0.0045	0.0183	0.0070	0.0059	0.0210	0.0000	0.0000	0.0101	0.0452	0.0333	0.0170	0.0279	0.0296	0.0525	0.0445	0.0344	0.0543	0.0673	0.0455	0.0500	0.0484	0.0561	0.0514	0.0538	0.0639	0.0635	0.0703	0.0662	0.0603	0.0655	0.0678	0.0660	0.0599	0.0650	0.0664	0.0640	0.0596	0.0648	0.0582	0.0614	0.0604	0.0520	0.0549	0.0582	0.0575	0.0550	0.0563	0.0629	0.0529	0.0531	0.0508	0.0509	0.0506	0.0486	0.0454	0.0407	0.0461	0.0584	0.0363	0.0397	0.0437	0.0388	0.0324	0.0328	0.0383	0.0367
0.0000	0.0000	0.0000	0.0000	0.0125	0.0121	0.0100	0.0149	0.0039	0.0000	0.0147	0.0357	0.0391	0.0181	0.0217	0.0304	0.0417	0.0395	0.0444	0.0519	0.0493	0.0366	0.0461	0.0482	0.0522	0.0493	0.0466	0.0499	0.0541	0.0482	0.0615	0.0569	0.0577	0.0631	0.0568	0.0592	0.0559	0.0573	0.0570	0.0564	0.0561	0.0529	0.0591	0.0518	0.0517	0.0582	0.0473	0.0616	0.0544	0.0567	0.0543	0.0482	0.0578	0.0561	0.0451	0.0497	0.0450	0.0459	0.0355	0.0331	0.0366	0.0300	0.0245	0.0390	0.0304	0.0234	0.0272	0.0251	0.0181
0.0000	0.0000	0.0000	0.0000	0.0000	0.0032	0.0045	0.0121	0.0161	0.0174	0.0177	0.0145	0.0237	0.0278	0.0231	0.0240	0.0428	0.0182	0.0348	0.0332	0.0449	0.0410	0.0400	0.0472	0.0607	0.0364	0.0428	0.0426	0.0521	0.0612	0.0459	0.0571	0.0554	0.0585	0.0561	0.0663	0.0633	0.0507	0.0508	0.0537	0.0496	0.0540	0.0572	0.0516	0.0546	0.0648	0.0577	0.0500	0.0508	0.0469	0.0400	0.0533	0.0476	0.0414	0.0479	0.0472	0.0431	0.0337	0.0299	0.0362	0.0350	0.0289	0.0257	0.0223	0.0204	0.0165	0.0312	0.0156	0.0060
0.0000	0.0000	0.0000	0.0000	0.0000	0.0000	0.0113	0.0221	0.0128	0.0135	0.0246	0.0154	0.0171	0.0239	0.0361	0.0418	0.0311	0.0126	0.0351	0.0430	0.0309	0.0360	0.0403	0.0361	0.0518	0.0395	0.0498	0.0586	0.0555	0.0588	0.0593	0.0556	0.0505	0.0490	0.0604	0.0500	0.0547	0.0604	0.0568	0.0531	0.0465	0.0513	0.0643	0.0446	0.0439	0.0404	0.0460	0.0517	0.0392	0.0391	0.0497	0.0687	0.0468	0.0434	0.0464	0.0400	0.0488	0.0321	0.0295	0.0468	0.0471	0.0345	0.0367	0.0487	0.0311	0.0317	0.0381	0.0239	0.0199
