0.0000	0.0000	0.0092	0.0111	0.0000	0.0000	0.0096	0.0182	0.0059	0.0201	0.0162	0.0261	0.0369	0.0377	0.0388	0.0411	0.0636	0.0587	0.0390	0.0653	0.0535	0.0709	0.0659	0.0927	0.0956	0.0811	0.0903	0.0869	0.0807	0.1150	0.0952	0.1131	0.1196	0.1170	0.1105	0.0840	0.1060	0.1140	0.1076	0.1134	0.0857	0.1096	0.0946	0.0897	0.0977	0.0950	0.0821	0.1076	0.1021	0.0833	0.0829	0.0795	0.0694	0.0632	0.0622	0.0676	0.0770	0.0783	0.0817	0.0767	0.0781	0.0735	0.0585	0.0704	0.0788	0.0629	0.0684	0.0745	0.0626
0.0000	0.0018	0.0000	0.0033	0.0000	0.0011	0.0241	0.0205	0.0111	0.0043	0.0126	0.0387	0.0460	0.0430	0.0376	0.0490	0.0603	0.0517	0.0727	0.0631	0.0816	0.0836	0.0800	0.0935	0.0881	0.0786	0.1021	0.0960	0.0898	0.0990	0.1183	0.1127	0.1235	0.1089	0.1127	0.1102	0.0962	0.1098	0.0962	0.1198	0.1189	0.1151	0.0919	0.0928	0.1023	0.1131	0.1033	0.1074	0.1200	0.0962	0.0971	0.0942	0.0693	0.0707	0.0711	0.0720	0.0789	0.0979	0.0665	0.0951	0.0865	0.0697	0.0799	0.0750	0.0706	0.0615	0.0822	0.1043	0.1115
0.0012	0.0000	0.0029	0.0114	0.0049	0.0076	0.0124	0.0383	0.0261	0.0160	0.0335	0.0421	0.0538	0.0662	0.0537	0.0544	0.0599	0.0690	0.0694	0.0696	0.0891	0.1008	0.0907	0.1094	0.1121	0.1129	0.1256	0.0903	0.0916	0.1138	0.1279	0.0974	0.1237	0.1375	0.1267	0.1266	0.1033	0.1139	0.1158	0.1232	0.1267	0.1183	0.1128	0.1176	0.1054	0.1164	0.1334	0.1101	0.1031	0.1050	0.1107	0.0973	0.0859	0.0783	0.0780	0.0872	0.0910	0.0878	0.0889	0.1080	0.1062	0.1154	0.1082	0.0968	0.1055	0.1128	0.1863	0.2437	0.2815
0.0027	0.0111	0.0098	0.0182	0.0119	0.0052	0.0148	0.0495	0.0273	0.0474	0.0336	0.0479	0.0650	0.0511	0.0557	0.0687	0.0641	0.0693	0.0712	0.0851	0.0912	0.0961	0.0868	0.1036	0.1274	0.1107	0.1061	0.0905	0.1107	0.1213	0.1086	0.0969	0.1082	0.1131	0.1160	0.1358	0.0987	0.1179	0.1157	0.1216	0.1328	0.1186	0.1081	0.1240	0.1097	0.1216	0.1185	0.0998	0.1007	0.1131	0.1234	0.0947	0.0759	0.0915	0.0936	0.0875	0.0780	0.0896	0.1095	0.1058	0.1208	0.1157	0.1144	0.1387	0.1461	0.1576	0.3014	0.3581	0.3715
0.0000	0.0122	0.0002	0.0126	0.0152	0.0119	0.0284	0.0474	0.0293	0.0393	0.0223	0.0575	0.0658	0.0627	0.0614	0.0647	0.0668	0.0714	0.0705	0.0944	0.0878	0.0880	0.0834	0.1061	0.1077	0.1059	0.1043	0.0891	0.1092	0.1008	0.1126	0.1214	0.1374	0.1437	0.1440	0.1346	0.1154	0.1053	0.1273	0.1107	0.1171	0.1091	0.1108	0.1172	0.1148	0.1113	0.1274	0.1192	0.1167	0.1301	0.1069	0.0877	0.0803	0.1032	0.0867	0.0905	0.0830	0.0946	0.1182	0.1284	0.1297	0.1230	0.1530	0.1637	0.1774	0.1800	0.3157	0.3362	0.3278
0.0000	0.0000	0.0096	0.0302	0.0155	0.0327	0.0218	0.0423	0.0481	0.0434	0.0602	0.0602	0.0657	0.0662	0.0638	0.0712	0.0808	0.0680	0.0867	0.1084	0.0926	0.0813	0.0992	0.1116	0.1129	0.1106	0.1095	0.1163	0.1168	0.1118	0.1252	0.1264	0.1702	0.1745	0.1463	0.1357	0.1544	0.1241	0.1341	0.1358	0.1291	0.1117	0.1132	0.1140	0.1132	0.1188	0.1255	0.1355	0.1396	0.1248	0.1165	0.1091	0.1119	0.1044	0.0996	0.1238	0.1143	0.1161	0.1371	0.1601	0.1636	0.1648	0.1924	0.2180	0.1909	0.2016	0.2995	0.3473	0.3074
0.0000	0.0000	0.0144	0.0241	0.0073	0.0264	0.0468	0.0532	0.0522	0.0484	0.0676	0.0760	0.0672	0.0530	0.0661	0.0963	0.0965	0.0919	0.0893	0.0958	0.0980	0.1103	0.1011	0.1029	0.1240	0.1427	0.1245	0.1184	0.1309	0.1349	0.1271	0.1282	0.1627	0.1810	0.1640	0.1355	0.1444	0.1597	0.1300	0.1327	0.1441	0.1477	0.1534	0.1237	0.1311	0.1295	0.1259	0.1463	0.1389	0.1180	0.1435	0.1488	0.1246	0.1204	0.1339	0.1480	0.1509	0.1451	0.1550	0.2005	0.1977	0.1976	0.2097	0.2336	0.2114	0.2121	0.3246	0.3499	0.3223
0.0068	0.0127	0.0289	0.0284	0.0107	0.0289	0.0404	0.0540	0.0677	0.0731	0.0465	0.0942	0.0819	0.0700	0.0890	0.1147	0.0907	0.1068	0.0991	0.0967	0.1097	0.1316	0.1155	0.1033	0.1269	0.1474	0.1198	0.1161	0.1446	0.1658	0.1513	0.1473	0.1796	0.1833	0.1642	0.1566	0.1699	0.1768	0.1533	0.1468	0.1497	0.1658	0.1648	0.1594	0.1333	0.1560	0.1713	0.1740	0.1622	0.1645	0.1473	0.1514	0.1433	0.1353	0.1482	0.1609	0.1462	0.1706	0.2271	0.2524	0.2709	0.3203	0.2832	0.2227	0.2337	0.2468	0.3256	0.3866	0.3761
0.0115	0.0195	0.0191	0.0261	0.0291	0.0370	0.0414	0.0467	0.0804	0.0839	0.0747	0.0873	0.0725	0.0900	0.0920	0.0882	0.0788	0.1270	0.1212	0.1084	0.1203	0.1254	0.1376	0.1339	0.1477	0.1316	0.1234	0.1398	0.1531	0.1626	0.1563	0.1653	0.2221	0.1855	0.2010	0.1689	0.1753	0.1799	0.1586	0.1820	0.1463	0.1580	0.1723	0.1726	0.1755	0.1766	0.2147	0.2005	0.2063	0.2198	0.2010	0.1835	0.1793	0.1846	0.1926	0.1960	0.2191	0.2599	0.4327	0.4968	0.4754	0.5017	0.4418	0.2752	0.2559	0.3167	0.3887	0.4135	0.3933
0.0089	0.0209	0.0291	0.0153	0.0487	0.0459	0.0496	0.0642	0.0703	0.0613	0.0813	0.0884	0.0865	0.1025	0.1023	0.0986	0.1067	0.1351	0.1193	0.1262	0.1380	0.1485	0.1509	0.1372	0.1474	0.1392	0.1473	0.1577	0.1722	0.1712	0.1910	0.1860	0.2973	0.3452	0.2417	0.2000	0.2100	0.2257	0.2053	0.1914	0.1705	0.1740	0.1935	0.1897	0.2106	0.2255	0.2448	0.2320	0.2090	0.2313	0.2263	0.2282	0.2061	0.1974	0.2363	0.2583	0.2806	0.3858	0.6107	0.6507	0.5730	0.5530	0.5212	0.4069	0.3402	0.3999	0.4446	0.4301	0.3915
0.0093	0.0117	0.0367	0.0247	0.0403	0.0451	0.0513	0.0617	0.0601	0.0765	0.0748	0.0834	0.1166	0.1028	0.0916	0.1150	0.1214	0.1288	0.1272	0.1267	0.1429	0.1512	0.1578	0.1341	0.1556	0.1852	0.1743	0.1882	0.2162	0.2154	0.2442	0.3273	0.5941	0.7337	0.3821	0.2808	0.2722	0.2872	0.2598	0.2167	0.2427	0.2431	0.2286	0.2331	0.2640	0.2752	0.2629	0.2504	0.2317	0.2608	0.2587	0.2823	0.2372	0.2324	0.2416	0.2819	0.3148	0.3880	0.6105	0.6638	0.5651	0.5083	0.5268	0.5327	0.4668	0.4161	0.3999	0.3627	0.3455
0.0199	0.0157	0.0371	0.0425	0.0442	0.0513	0.0641	0.0933	0.0741	0.0749	0.1003	0.1220	0.1234	0.1032	0.0799	0.1192	0.1132	0.1334	0.1513	0.1321	0.1671	0.1704	0.1678	0.1758	0.2173	0.2261	0.2405	0.2446	0.2878	0.3245	0.3700	0.6813	0.8733	0.8490	0.6654	0.5064	0.5256	0.4766	0.3633	0.3399	0.3225	0.2794	0.2972	0.2868	0.2571	0.2703	0.2937	0.2876	0.2897	0.3154	0.3049	0.2944	0.2904	0.2740	0.2776	0.3142	0.3515	0.3804	0.5964	0.6342	0.6270	0.5290	0.5086	0.5313	0.4839	0.4190	0.3590	0.3614	0.3364
0.0487	0.0367	0.0280	0.0504	0.0601	0.0490	0.0710	0.0907	0.0898	0.0804	0.1062	0.1183	0.1254	0.1055	0.1089	0.1246	0.1447	0.1571	0.1612	0.1816	0.1984	0.2124	0.2349	0.2489	0.2858	0.3425	0.3534	0.3861	0.4384	0.4915	0.6702	0.8825	0.9478	0.9711	0.9525	0.8425	0.8282	0.7737	0.6703	0.7104	0.6460	0.4951	0.4897	0.4683	0.3631	0.3127	0.3269	0.2987	0.3489	0.3573	0.3112	0.3038	0.3109	0.2913	0.3050	0.3279	0.3377	0.3866	0.6090	0.6662	0.6099	0.5566	0.5202	0.5332	0.4952	0.4234	0.4054	0.4047	0.3158
0.0287	0.0268	0.0371	0.0540	0.0546	0.0697	0.0789	0.0730	0.0876	0.0926	0.1228	0.1134	0.1254	0.1319	0.1508	0.1553	0.1885	0.2030	0.2163	0.2474	0.2961	0.3871	0.4087	0.4049	0.4923	0.6053	0.6685	0.7244	0.7557	0.8158	0.8981	0.8742	0.9451	0.9099	0.9428	0.9007	0.8487	0.8369	0.8920	0.8407	0.8537	0.8326	0.8928	0.8254	0.6804	0.4432	0.3843	0.3394	0.3475	0.3398	0.3315	0.3695	0.3280	0.2906	0.3083	0.3305	0.3410	0.3828	0.5827	0.6829	0.5918	0.5177	0.5260	0.5038	0.4487	0.3726	0.4062	0.3504	0.3081
0.0171	0.0181	0.0404	0.0523	0.0813	0.0667	0.0803	0.0998	0.1132	0.1228	0.1281	0.1349	0.1645	0.1510	0.1883	0.2028	0.3099	0.3225	0.3406	0.4121	0.6286	0.8360	0.7498	0.7636	0.7670	0.7799	0.8001	0.7906	0.8317	0.9280	0.8639	0.9091	0.9736	0.9359	0.8903	0.8684	0.8665	0.8333	0.8376	0.8049	0.8221	0.8348	0.8785	0.9254	0.8586	0.8162	0.6537	0.5538	0.5870	0.4559	0.3749	0.3489	0.3335	0.2819	0.2960	0.3323	0.3633	0.4222	0.5716	0.7104	0.6059	0.5083	0.5116	0.4691	0.4340	0.3864	0.3688	0.3154	0.3110
0.0323	0.0455	0.0538	0.0875	0.1095	0.0992	0.1108	0.1367	0.1459	0.1356	0.1746	0.1996	0.2168	0.2392	0.3017	0.3659	0.4762	0.5527	0.6744	0.8227	0.9421	0.9868	0.8066	0.8413	0.7661	0.7206	0.6918	0.7523	0.8148	0.8090	0.8345	0.8960	0.9901	0.9483	0.8997	0.8546	0.8689	0.8296	0.7743	0.7530	0.8283	0.8229	0.8270	0.8882	0.8515	0.9263	0.8983	0.8683	0.8303	0.6972	0.5192	0.4702	0.3458	0.2987	0.3161	0.3577	0.3631	0.4284	0.6296	0.7086	0.6011	0.5252	0.5257	0.4786	0.3973	0.3520	0.3362	0.3112	0.3021
0.0434	0.0621	0.1007	0.1204	0.1205	0.1327	0.1702	0.1844	0.1911	0.2505	0.2891	0.3477	0.3778	0.4213	0.4779	0.6029	0.7650	0.9220	0.9438	0.9622	0.9398	0.8344	0.7825	0.7167	0.7320	0.6654	0.6842	0.7026	0.6989	0.7184	0.8128	0.8966	0.9140	0.8604	0.8844	0.7922	0.8234	0.8361	0.8056	0.7143	0.7975	0.7803	0.8241	0.8678	0.8346	0.7981	0.8518	0.8692	0.8428	0.8250	0.7959	0.7074	0.3800	0.3076	0.3298	0.3620	0.3631	0.4469	0.6323	0.6653	0.5536	0.4930	0.4826	0.4564	0.4223	0.3388	0.3514	0.2942	0.2811
0.0754	0.1095	0.1577	0.1978	0.2508	0.3046	0.3775	0.4292	0.5006	0.5343	0.5833	0.6371	0.6950	0.7874	0.7919	0.8646	1.0000	0.9899	0.9257	0.8706	0.8226	0.7155	0.6698	0.6344	0.6214	0.5928	0.6248	0.6304	0.6271	0.7293	0.7596	0.8098	0.8118	0.7937	0.8250	0.8080	0.8134	0.8215	0.7853	0.7571	0.7367	0.7515	0.8007	0.7929	0.8000	0.7443	0.7969	0.8146	0.8642	0.8384	0.7872	0.7037	0.3926	0.3183	0.3299	0.3731	0.3696	0.4397	0.6182	0.6363	0.5830	0.5201	0.4645	0.4230	0.3579	0.3207	0.3328	0.3126	0.2865
0.1180	0.2088	0.3168	0.4720	0.5683	0.7037	0.7945	0.7699	0.8541	0.7907	0.8037	0.8386	0.9596	0.8903	0.9035	0.9395	0.9678	0.8362	0.7992	0.6909	0.6573	0.6460	0.6213	0.5839	0.5751	0.5962	0.6170	0.6128	0.6081	0.6894	0.6758	0.6981	0.7700	0.8416	0.7888	0.7657	0.7324	0.7638	0.7344	0.7816	0.7180	0.6862	0.7423	0.7158	0.7559	0.7659	0.7503	0.7342	0.7932	0.8294	0.8421	0.6966	0.4070	0.3447	0.3370	0.3366	0.3571	0.4286	0.5663	0.6185	0.6056	0.5246	0.5008	0.4255	0.3553	0.3284	0.3394	0.3400	0.3262
0.1921	0.3322	0.4503	0.5694	0.5972	0.6749	0.6995	0.7450	0.7978	0.7648	0.7440	0.7908	0.8840	0.7978	0.7594	0.8315	0.7951	0.7563	0.6787	0.6110	0.6186	0.6488	0.6237	0.6172	0.5956	0.6095	0.6064	0.6379	0.6267	0.6763	0.6783	0.6663	0.7161	0.7516	0.7286	0.7888	0.7379	0.7191	0.7038	0.6829	0.7136	0.6743	0.7108	0.6337	0.7345	0.6983	0.6974	0.7201	0.8029	0.7642	0.7874	0.7394	0.4769	0.3918	0.3714	0.3705	0.3722	0.4610	0.5397	0.5359	0.5225	0.4874	0.4521	0.4343	0.3852	0.3488	0.3438	0.3443	0.2939
0.2454	0.3194	0.3421	0.4021	0.4320	0.5017	0.5798	0.5813	0.5907	0.6313	0.6448	0.6722	0.7506	0.6886	0.5796	0.6322	0.6474	0.6668	0.6249	0.5942	0.6364	0.6156	0.5907	0.6378	0.6511	0.6407	0.6405	0.6440	0.6468	0.6696	0.7063	0.6941	0.7013	0.7002	0.7242	0.7489	0.7449	0.7190	0.6947	0.7492	0.7052	0.6698	0.6950	0.6898	0.6401	0.6763	0.7583	0.7464	0.7290	0.7414	0.7792	0.8007	0.5713	0.3923	0.3592	0.3871	0.3863	0.4560	0.6092	0.5612	0.5426	0.4999	0.4472	0.4353	0.3889	0.3636	0.3647	0.3246	0.2993
0.2161	0.2555	0.2905	0.3165	0.3132	0.3536	0.4286	0.5053	0.4734	0.4705	0.5165	0.5806	0.6270	0.6088	0.5569	0.5829	0.6916	0.6633	0.6628	0.6317	0.6594	0.6476	0.6615	0.6455	0.6500	0.6283	0.6252	0.6602	0.6683	0.6658	0.6895	0.6741	0.6668	0.6523	0.7160	0.6966	0.6987	0.7216	0.6990	0.7531	0.7761	0.6838	0.7047	0.7080	0.6775	0.6878	0.6926	0.7129	0.7102	0.7242	0.8333	0.7941	0.5320	0.3805	0.3711	0.3879	0.4107	0.5209	0.6227	0.5329	0.5370	0.4904	0.4484	0.4039	0.3922	0.3791	0.3430	0.3241	0.3051
0.2010	0.2282	0.2935	0.2701	0.2946	0.3179	0.3830	0.4224	0.4367	0.4236	0.4633	0.5050	0.5265	0.5314	0.5489	0.6026	0.6244	0.6094	0.5994	0.5921	0.6713	0.7171	0.6764	0.6358	0.6341	0.6195	0.6154	0.6394	0.6833	0.6932	0.6701	0.6819	0.7153	0.6964	0.6863	0.6936	0.7124	0.7264	0.7299	0.7050	0.7278	0.6647	0.6718	0.6676	0.6982	0.7210	0.7006	0.7447	0.7010	0.7126	0.7887	0.7195	0.5018	0.4195	0.4658	0.5089	0.5034	0.5863	0.6518	0.5909	0.5169	0.4442	0.4180	0.4024	0.3852	0.3731	0.3569	0.3196	0.3045
0.1986	0.2288	0.2287	0.2953	0.3155	0.3331	0.3754	0.3998	0.4038	0.3929	0.4493	0.4708	0.4969	0.5188	0.5762	0.6273	0.6309	0.6353	0.6272	0.6164	0.6503	0.6507	0.6299	0.5817	0.6466	0.6271	0.6331	0.6606	0.7058	0.7312	0.6777	0.7015	0.6899	0.7436	0.7700	0.6659	0.7082	0.7099	0.7073	0.6898	0.7046	0.7031	0.6885	0.7071	0.7109	0.7084	0.7441	0.7702	0.7458	0.8001	0.7646	0.7303	0.6033	0.5343	0.6437	0.7326	0.6836	0.6643	0.6523	0.5655	0.5194	0.4554	0.4135	0.3892	0.3649	0.3472	0.3430	0.3042	0.3126
0.2111	0.2196	0.2402	0.2669	0.2984	0.3280	0.3710	0.3858	0.4045	0.4146	0.4529	0.4843	0.5217	0.5179	0.5526	0.5489	0.5569	0.6345	0.6631	0.6372	0.6078	0.6164	0.6274	0.6353	0.6342	0.6322	0.6348	0.6466	0.7080	0.6991	0.6912	0.6902	0.7075	0.7396	0.7233	0.7238	0.7384	0.6909	0.7040	0.7416	0.7226	0.7439	0.7084	0.7213	0.7061	0.7415	0.7226	0.7569	0.8021	0.8208	0.7889	0.7592	0.6298	0.6570	0.7879	0.7811	0.7269	0.7023	0.6196	0.5669	0.5001	0.4596	0.4478	0.3781	0.3824	0.3618	0.3372	0.3097	0.3209
0.2092	0.2217	0.2265	0.2621	0.2893	0.3127	0.3454	0.3911	0.4102	0.4229	0.4681	0.5043	0.5632	0.5487	0.5559	0.5606	0.6047	0.5928	0.5939	0.5939	0.6111	0.5650	0.5805	0.6020	0.6572	0.6536	0.6371	0.6373	0.6988	0.7041	0.7287	0.7172	0.6863	0.7135	0.7491	0.7327	0.7046	0.7219	0.7430	0.7015	0.7411	0.7485	0.6841	0.7261	0.7354	0.7796	0.7664	0.7517	0.8208	0.8445	0.8134	0.7233	0.6642	0.7630	0.7735	0.7449	0.7001	0.7220	0.6252	0.5417	0.4839	0.4558	0.4373	0.4018	0.3845	0.3820	0.3559	0.3253	0.3120
0.1822	0.2291	0.2767	0.2933	0.3321	0.3279	0.3320	0.3705	0.4249	0.4202	0.4856	0.5032	0.5875	0.5555	0.5515	0.6276	0.6375	0.5633	0.5910	0.5837	0.5825	0.5497	0.5907	0.6120	0.6203	0.6196	0.6069	0.6107	0.6385	0.6837	0.7018	0.7410	0.7423	0.7358	0.7186	0.7075	0.7121	0.7438	0.7641	0.7445	0.7809	0.7486	0.6960	0.7245	0.7775	0.7655	0.7692	0.7437	0.7819	0.8497	0.8041	0.7336	0.7483	0.7568	0.7475	0.6819	0.6153	0.5993	0.5821	0.5137	0.4504	0.4548	0.4321	0.3938	0.3704	0.3525	0.3570	0.3351	0.3000
0.2198	0.2294	0.2719	0.2970	0.3320	0.3160	0.3678	0.3922	0.4339	0.4968	0.4594	0.5040	0.5329	0.5745	0.5779	0.5862	0.6172	0.6019	0.5870	0.6327	0.5784	0.5818	0.5872	0.5771	0.6196	0.6089	0.6182	0.6253	0.6394	0.6659	0.6987	0.6990	0.6871	0.6596	0.6704	0.7165	0.6987	0.7181	0.7968	0.7824	0.7774	0.7587	0.7482	0.7146	0.7270	0.7207	0.7460	0.7740	0.8019	0.7496	0.8138	0.8125	0.7847	0.7205	0.6381	0.5946	0.5834	0.5127	0.5018	0.4787	0.4421	0.4624	0.4418	0.4100	0.3847	0.3683	0.3422	0.3503	0.3254
0.2125	0.2278	0.2596	0.2609	0.3090	0.3556	0.4009	0.4017	0.4168	0.4752	0.5134	0.4757	0.5003	0.5634	0.5897	0.5756	0.5910	0.6428	0.6428	0.6417	0.6270	0.6053	0.6024	0.5971	0.6240	0.5991	0.6397	0.6442	0.6682	0.6437	0.7216	0.7107	0.7046	0.6938	0.6856	0.7064	0.7382	0.7654	0.7483	0.7365	0.7452	0.7497	0.7253	0.6786	0.7058	0.7076	0.7052	0.7305	0.7620	0.7111	0.7021	0.6721	0.6580	0.6195	0.5899	0.5567	0.5194	0.5204	0.4892	0.4690	0.4450	0.4299	0.4286	0.4006	0.4022	0.3777	0.3597	0.3711	0.3164
0.1853	0.2159	0.2555	0.2975	0.3307	0.3643	0.4202	0.4352	0.4396	0.4771	0.5076	0.4785	0.5114	0.5428	0.5531	0.5451	0.6298	0.6514	0.6640	0.6767	0.6306	0.5914	0.5886	0.6073	0.5999	0.5896	0.6103	0.6450	0.6699	0.6669	0.6830	0.6888	0.7628	0.7264	0.6999	0.7134	0.7769	0.7806	0.7772	0.7161	0.7400	0.7461	0.6843	0.7024	0.6856	0.6643	0.7068	0.7082	0.6903	0.6856	0.7023	0.6127	0.6325	0.5994	0.5772	0.5383	0.4993	0.5096	0.4719	0.4846	0.4672	0.4415	0.4444	0.4123	0.3701	0.3718	0.3444	0.3914	0.3312
0.1857	0.2176	0.2536	0.3261	0.3429	0.3568	0.4550	0.4845	0.4793	0.4722	0.4879	0.5268	0.5150	0.4939	0.5489	0.5683	0.6249	0.6390	0.6412	0.6396	0.6323	0.6430	0.6183	0.6132	0.6250	0.6092	0.5828	0.5994	0.6420	0.6371	0.6637	0.7059	0.7439	0.7266	0.7333	0.7432	0.7703	0.7201	0.7308	0.7359	0.6816	0.7134	0.6907	0.7050	0.6546	0.6569	0.6897	0.6689	0.7140	0.7191	0.7562	0.7274	0.7473	0.7359	0.6490	0.5809	0.5607	0.5491	0.5053	0.4995	0.4660	0.4499	0.4510	0.4243	0.4078	0.3720	0.3577	0.3557	0.3535
0.1797	0.2147	0.2335	0.2872	0.3396	0.3579	0.4019	0.4240	0.4477	0.5018	0.4873	0.4787	0.5126	0.4866	0.5713	0.6046	0.6466	0.6255	0.6545	0.6132	0.6639	0.6560	0.6201	0.6026	0.6520	0.6422	0.5931	0.6176	0.6542	0.6740	0.6640	0.7153	0.7117	0.7110	0.7471	0.7511	0.7281	0.7412	0.7357	0.6852	0.6639	0.6659	0.6968	0.6574	0.6946	0.6856	0.7124	0.7543	0.7387	0.7992	0.8050	0.6851	0.5820	0.6648	0.7386	0.7243	0.6318	0.6099	0.5163	0.5000	0.4856	0.4946	0.5312	0.4659	0.4202	0.3972	0.3801	0.3924	0.3577
0.1789	0.2192	0.2553	0.2866	0.3367	0.3784	0.4235	0.4370	0.4425	0.4899	0.4869	0.5011	0.5140	0.5155	0.5484	0.5933	0.6612	0.6229	0.6654	0.6509	0.6343	0.6660	0.6311	0.6345	0.6460	0.6454	0.6266	0.6444	0.6818	0.6629	0.6677	0.6947	0.6939	0.7466	0.7423	0.7456	0.7317	0.7281	0.7478	0.7179	0.7141	0.7068	0.7100	0.6920	0.6893	0.6812	0.7457	0.7603	0.8306	0.8050	0.7884	0.7688	0.7754	0.5756	0.5780	0.7607	0.7820	0.7180	0.5703	0.5354	0.4878	0.4932	0.5046	0.4621	0.4222	0.4134	0.3947	0.3631	0.3623
0.1561	0.2290	0.2607	0.2802	0.3083	0.3054	0.3707	0.4440	0.4516	0.4570	0.4754	0.4792	0.5100	0.5660	0.5352	0.5948	0.5809	0.5865	0.6222	0.6703	0.6597	0.6388	0.6355	0.6553	0.6400	0.6292	0.6098	0.6552	0.6771	0.6907	0.6821	0.6720	0.7308	0.7721	0.7923	0.7173	0.7189	0.7154	0.7633	0.7461	0.7510	0.7699	0.7343	0.7143	0.6774	0.7222	0.7617	0.7457	0.7986	0.8504	0.8099	0.8082	0.8152	0.6995	0.4597	0.5561	0.7603	0.7373	0.6850	0.6147	0.5253	0.4947	0.4630	0.4791	0.4096	0.4123	0.4239	0.3848	0.3769
0.1665	0.2133	0.2434	0.2914	0.3347	0.3419	0.4053	0.4758	0.4560	0.4518	0.4624	0.5132	0.5132	0.5433	0.5497	0.5499	0.5752	0.6078	0.6227	0.6710	0.6533	0.6381	0.6454	0.6439	0.6670	0.6670	0.6651	0.6319	0.6683	0.6820	0.6878	0.7277	0.7285	0.7372	0.7904	0.7581	0.7483	0.7477	0.7853	0.7201	0.7383	0.7310	0.7160	0.7264	0.7154	0.7307	0.7424	0.7788	0.7597	0.8837	0.8759	0.8562	0.8135	0.6953	0.4204	0.3759	0.4905	0.6446	0.7450	0.7019	0.6128	0.5307	0.4798	0.4802	0.4467	0.4329	0.4022	0.3764	0.3937
0.2000	0.2289	0.2668	0.2808	0.3681	0.4074	0.4144	0.4620	0.4739	0.4283	0.4544	0.5292	0.5217	0.5424	0.5624	0.5662	0.6101	0.6587	0.6459	0.6651	0.6482	0.6833	0.6774	0.6430	0.6649	0.6586	0.6345	0.6623	0.6928	0.6946	0.7198	0.6890	0.7360	0.7870	0.7706	0.7590	0.7486	0.7431	0.7306	0.7273	0.7458	0.6921	0.7070	0.7175	0.7137	0.7108	0.7763	0.7808	0.8144	0.8560	0.8859	0.8950	0.6759	0.4248	0.3371	0.3239	0.3489	0.4439	0.6360	0.7084	0.6478	0.5804	0.5632	0.5062	0.4613	0.4421	0.4351	0.4081	0.4006
0.2238	0.2423	0.3324	0.3427	0.4152	0.4687	0.5001	0.4925	0.5181	0.5831	0.4985	0.5330	0.5337	0.5471	0.5291	0.5639	0.6171	0.6712	0.6637	0.6639	0.7064	0.7114	0.6559	0.6898	0.6271	0.6371	0.6405	0.6731	0.7117	0.7244	0.6972	0.7138	0.7077	0.7234	0.7452	0.7598	0.7430	0.7547	0.7188	0.7306	0.7466	0.7306	0.6700	0.7051	0.7251	0.7055	0.7666	0.7629	0.8189	0.8562	0.7906	0.6817	0.4027	0.2968	0.3042	0.3206	0.3262	0.3676	0.4371	0.5908	0.6718	0.6262	0.5799	0.5277	0.4943	0.4652	0.4562	0.4075	0.4178
0.2787	0.3752	0.3781	0.3932	0.4983	0.5425	0.6069	0.6469	0.6680	0.6594	0.6446	0.6537	0.6660	0.6084	0.6217	0.5952	0.6390	0.7474	0.7102	0.6707	0.6594	0.6757	0.6908	0.6956	0.6760	0.6864	0.6529	0.6899	0.6845	0.6792	0.7194	0.7314	0.6919	0.7237	0.7862	0.7611	0.7527	0.7493	0.7476	0.7439	0.7166	0.6697	0.6872	0.6835	0.7021	0.7052	0.7732	0.7622	0.7899	0.8130	0.6030	0.4166	0.3334	0.3137	0.2957	0.3060	0.3301	0.3496	0.3866	0.4667	0.6926	0.6642	0.6060	0.5660	0.5271	0.4875	0.5135	0.4498	0.4319
0.2985	0.4718	0.5502	0.6181	0.6468	0.7424	0.8018	0.8040	0.7828	0.7807	0.7794	0.8402	0.7936	0.7838	0.7759	0.7662	0.7539	0.7141	0.6925	0.6494	0.6456	0.6363	0.6532	0.6326	0.6661	0.6372	0.6525	0.6566	0.6745	0.6672	0.6636	0.6788	0.7011	0.7600	0.7843	0.7581	0.7586	0.7576	0.7715	0.7292	0.7131	0.7299	0.7273	0.7413	0.7141	0.7148	0.7651	0.7444	0.7812	0.7677	0.5060	0.4975	0.3641	0.2990	0.2785	0.2876	0.3149	0.3348	0.3536	0.5085	0.7715	0.6854	0.6432	0.6116	0.5785	0.5355	0.4906	0.4533	0.4381
0.1843	0.3424	0.4942	0.6622	0.7433	0.8325	0.8931	0.9589	0.9370	0.9348	0.8789	0.9042	0.8936	0.9121	0.8802	0.9096	0.8716	0.8283	0.7838	0.7251	0.6839	0.6559	0.6238	0.6081	0.6020	0.5820	0.6021	0.6175	0.6534	0.6518	0.6594	0.6680	0.7077	0.7547	0.7519	0.7695	0.7929	0.7725	0.7543	0.7044	0.7112	0.7420	0.7645	0.7597	0.7461	0.7904	0.7991	0.7987	0.8122	0.7814	0.5177	0.3865	0.3475	0.3057	0.2878	0.2988	0.3158	0.3433	0.3954	0.5779	0.7840	0.7369	0.6736	0.6227	0.5743	0.5292	0.5150	0.4766	0.4226
0.0800	0.1227	0.1658	0.2690	0.3396	0.4194	0.5405	0.6075	0.5806	0.5630	0.6984	0.7004	0.6354	0.6635	0.7019	0.7649	0.7419	0.8439	0.9371	0.9178	0.8383	0.7571	0.7036	0.6605	0.6239	0.6035	0.5856	0.5976	0.6828	0.6785	0.7182	0.7292	0.7257	0.7336	0.7706	0.7826	0.7623	0.7437	0.7325	0.7096	0.7527	0.7145	0.7794	0.7592	0.7675	0.8026	0.8505	0.8327	0.8239	0.8887	0.7011	0.3442	0.2818	0.2879	0.2777	0.3019	0.3071	0.3328	0.3763	0.4799	0.5953	0.7146	0.7095	0.6480	0.5694	0.5289	0.5195	0.4936	0.4438
0.0324	0.0463	0.0853	0.0966	0.1093	0.1274	0.1621	0.2008	0.2118	0.2240	0.2803	0.2867	0.3006	0.2966	0.3097	0.3538	0.3812	0.4957	0.6720	0.8328	0.9257	0.8505	0.8010	0.7639	0.7571	0.6831	0.6757	0.6505	0.7083	0.7394	0.7559	0.7590	0.8034	0.8210	0.8372	0.8270	0.7694	0.7767	0.7596	0.7575	0.7447	0.7190	0.7807	0.7586	0.8063	0.8445	0.9140	0.7377	0.6871	0.8528	0.7943	0.3618	0.2477	0.2526	0.2645	0.2811	0.2916	0.2960	0.3197	0.3503	0.4293	0.5951	0.6896	0.6507	0.6006	0.5246	0.4874	0.4552	0.4542
0.0114	0.0332	0.0457	0.0616	0.0582	0.0772	0.0990	0.0995	0.1181	0.1515	0.1578	0.1566	0.1909	0.1872	0.2204	0.2513	0.2735	0.3438	0.3874	0.4604	0.6810	0.8708	0.8875	0.8973	0.8940	0.8224	0.7485	0.7607	0.8131	0.8236	0.8427	0.8019	0.8134	0.8428	0.8287	0.7761	0.7927	0.8225	0.7973	0.7653	0.8260	0.7817	0.7805	0.8244	0.8821	0.8767	0.9331	0.7626	0.5181	0.8278	0.7157	0.2839	0.2431	0.2516	0.2475	0.2691	0.2865	0.3114	0.3125	0.3354	0.3765	0.4505	0.6511	0.6627	0.5944	0.5481	0.5501	0.4756	0.4590
0.0118	0.0347	0.0425	0.0553	0.0718	0.0775	0.0778	0.0800	0.0834	0.1188	0.0973	0.1078	0.1134	0.1228	0.1385	0.1633	0.2006	0.2237	0.2403	0.2944	0.3897	0.5490	0.8552	0.9764	0.9203	0.8760	0.8243	0.8439	0.8650	0.8911	0.8778	0.8999	0.8682	0.8454	0.8268	0.8281	0.8705	0.8693	0.8825	0.8410	0.8417	0.8906	0.8396	0.7535	0.8034	0.8862	0.9233	0.7038	0.3290	0.4670	0.4415	0.2361	0.2143	0.2386	0.2348	0.2564	0.2773	0.2768	0.2775	0.3210	0.3346	0.3777	0.5865	0.6850	0.6155	0.6121	0.5692	0.4827	0.4493
0.0199	0.0249	0.0528	0.0580	0.0691	0.0643	0.0673	0.0679	0.0773	0.1004	0.1040	0.0910	0.1018	0.0985	0.1082	0.1202	0.1245	0.1320	0.1539	0.1735	0.1993	0.2426	0.3819	0.5774	0.7473	0.8068	0.8849	0.8582	0.9535	0.8418	0.8458	0.9394	0.9219	0.8925	0.8983	0.8614	0.8308	0.7927	0.8823	0.8646	0.8021	0.7421	0.4882	0.3620	0.3745	0.5249	0.6265	0.4094	0.2335	0.2272	0.2457	0.2213	0.2153	0.2156	0.2295	0.2316	0.2448	0.2468	0.2672	0.2914	0.3071	0.3506	0.5148	0.7271	0.6677	0.6440	0.6030	0.5646	0.5060
0.0047	0.0130	0.0448	0.0435	0.0431	0.0536	0.0650	0.0744	0.0861	0.0702	0.0868	0.0787	0.0942	0.0866	0.0864	0.1032	0.1045	0.1209	0.1318	0.1198	0.1354	0.1467	0.1605	0.1985	0.2689	0.3572	0.4971	0.6826	0.8478	0.6805	0.4885	0.6139	0.7079	0.6366	0.5996	0.5156	0.4468	0.4539	0.8195	0.8551	0.6814	0.3898	0.2133	0.2045	0.1995	0.2009	0.2181	0.2109	0.1956	0.1893	0.1933	0.1906	0.1858	0.1806	0.1982	0.2053	0.2085	0.2196	0.2484	0.2818	0.2917	0.3353	0.4974	0.7501	0.7012	0.6059	0.5072	0.4749	0.5154
0.0012	0.0060	0.0392	0.0251	0.0340	0.0694	0.0662	0.0751	0.0682	0.0558	0.0698	0.0885	0.0795	0.0807	0.0849	0.0977	0.1048	0.1005	0.1029	0.1088	0.1099	0.1198	0.1345	0.1403	0.1476	0.1620	0.1803	0.2398	0.3460	0.3040	0.1913	0.2056	0.2241	0.2043	0.2052	0.1965	0.2065	0.2388	0.4651	0.6197	0.3404	0.1726	0.1599	0.1611	0.1759	0.1669	0.1596	0.1540	0.1553	0.1575	0.1765	0.1667	0.1631	0.1572	0.1642	0.1749	0.1793	0.1862	0.1944	0.2209	0.2340	0.2589	0.3527	0.5750	0.5323	0.3667	0.2999	0.3046	0.3729
0.0045	0.0066	0.0202	0.0378	0.0358	0.0490	0.0498	0.0620	0.0512	0.0528	0.0541	0.0627	0.0794	0.0720	0.0853	0.0933	0.0992	0.1021	0.0905	0.0913	0.0942	0.1005	0.1201	0.1034	0.1088	0.1265	0.1183	0.1347	0.1441	0.1504	0.1311	0.1207	0.1273	0.1361	0.1414	0.1363	0.1462	0.1397	0.1715	0.2106	0.1653	0.1291	0.1226	0.1265	0.1353	0.1350	0.1264	0.1269	0.1257	0.1290	0.1373	0.1403	0.1374	0.1363	0.1395	0.1562	0.1574	0.1509	0.1603	0.1658	0.1857	0.1964	0.2152	0.2429	0.2530	0.2414	0.2660	0.2834	0.2804
0.0000	0.0066	0.0182	0.0315	0.0319	0.0418	0.0512	0.0521	0.0389	0.0436	0.0607	0.0793	0.0872	0.0612	0.0706	0.0773	0.0780	0.0906	0.0828	0.0817	0.0915	0.0833	0.0997	0.0901	0.0965	0.1089	0.1031	0.0949	0.1135	0.1069	0.1182	0.1192	0.1179	0.1042	0.1100	0.1054	0.1069	0.1131	0.1127	0.1198	0.1191	0.1096	0.1141	0.1006	0.1096	0.1142	0.1115	0.1196	0.1060	0.1066	0.1072	0.1183	0.1123	0.1079	0.1140	0.1252	0.1270	0.1320	0.1433	0.1551	0.1546	0.1489	0.1628	0.1709	0.1834	0.2451	0.3736	0.3345	0.2712
0.0000	0.0000	0.0196	0.0308	0.0181	0.0258	0.0407	0.0556	0.0479	0.0474	0.0641	0.0636	0.0570	0.0539	0.0657	0.0718	0.0698	0.0797	0.0809	0.0722	0.1002	0.0899	0.0858	0.0907	0.0972	0.0999	0.0969	0.0988	0.0980	0.0940	0.0992	0.1006	0.1021	0.0884	0.0932	0.0921	0.0949	0.0926	0.0990	0.1028	0.0963	0.0876	0.0943	0.0845	0.0993	0.0987	0.1040	0.0925	0.0931	0.0840	0.0872	0.0962	0.0877	0.0820	0.0932	0.1011	0.1118	0.0999	0.1050	0.1354	0.1263	0.1215	0.1407	0.1628	0.1751	0.2600	0.5563	0.5073	0.2480
0.0113	0.0000	0.0190	0.0155	0.0133	0.0250	0.0458	0.0473	0.0423	0.0463	0.0513	0.0688	0.0503	0.0528	0.0576	0.0780	0.0744	0.0721	0.0653	0.0607	0.0802	0.0821	0.0868	0.0859	0.0877	0.0931	0.0984	0.0881	0.0854	0.0914	0.0805	0.0851	0.0915	0.0926	0.0883	0.0895	0.0967	0.0897	0.0905	0.0905	0.0898	0.0897	0.0782	0.0841	0.0828	0.0782	0.0847	0.0722	0.0802	0.0824	0.0840	0.0837	0.0680	0.0832	0.0870	0.0841	0.0804	0.0815	0.0921	0.0990	0.0969	0.0980	0.0963	0.1138	0.1337	0.1592	0.3275	0.3499	0.1865
0.0000	0.0000	0.0000	0.0021	0.0242	0.0252	0.0304	0.0413	0.0341	0.0572	0.0505	0.0610	0.0507	0.0512	0.0489	0.0581	0.0593	0.0598	0.0454	0.0525	0.0633	0.0826	0.0720	0.0663	0.0874	0.0863	0.0790	0.0898	0.0861	0.0801	0.0722	0.0762	0.0766	0.0836	0.0745	0.0836	0.0872	0.0786	0.0777	0.0845	0.0755	0.0805	0.0808	0.0785	0.0678	0.0728	0.0704	0.0728	0.0686	0.0740	0.0756	0.0748	0.0591	0.0682	0.0663	0.0641	0.0679	0.0690	0.0756	0.0763	0.0842	0.0819	0.0842	0.0909	0.0947	0.0848	0.1052	0.1161	0.1088
0.0000	0.0000	0.0000	0.0054	0.0139	0.0274	0.0221	0.0349	0.0276	0.0239	0.0323	0.0367	0.0343	0.0411	0.0465	0.0579	0.0603	0.0538	0.0410	0.0535	0.0530	0.0686	0.0650	0.0646	0.0717	0.0679	0.0716	0.0803	0.0736	0.0756	0.0709	0.0797	0.0816	0.0694	0.0697	0.0747	0.0761	0.0743	0.0829	0.0728	0.0646	0.0750	0.0703	0.0698	0.0635	0.0594	0.0624	0.0622	0.0584	0.0542	0.0570	0.0665	0.0580	0.0590	0.0515	0.0536	0.0608	0.0571	0.0632	0.0675	0.0713	0.0612	0.0582	0.0728	0.0844	0.0621	0.0672	0.0754	0.0724
0.0000	0.0000	0.0000	0.0071	0.0000	0.0020	0.0249	0.0246	0.0127	0.0096	0.0256	0.0320	0.0266	0.0266	0.0400	0.0532	0.0532	0.0539	0.0532	0.0590	0.0431	0.0433	0.0503	0.0584	0.0562	0.0598	0.0657	0.0807	0.0713	0.0705	0.0682	0.0657	0.0744	0.0747	0.0659	0.0688	0.0632	0.0741	0.0793	0.0667	0.0666	0.0731	0.0668	0.0700	0.0636	0.0638	0.0641	0.0594	0.0555	0.0545	0.0609	0.0545	0.0485	0.0498	0.0525	0.0529	0.0520	0.0556	0.0610	0.0594	0.0519	0.0405	0.0539	0.0569	0.0673	0.0656	0.0596	0.0646	0.0606
0.0000	0.0000	0.0000	0.0000	0.0000	0.0000	0.0084	0.0182	0.0109	0.0042	0.0217	0.0325	0.0364	0.0302	0.0375	0.0483	0.0542	0.0449	0.0593	0.0508	0.0395	0.0470	0.0437	0.0430	0.0611	0.0717	0.0639	0.0694	0.0724	0.0715	0.0625	0.0644	0.0722	0.0649	0.0595	0.0646	0.0692	0.0745	0.0759	0.0696	0.0674	0.0618	0.0591	0.0586	0.0547	0.0614	0.0742	0.0617	0.0531	0.0584	0.0600	0.0517	0.0481	0.0434	0.0594	0.0550	0.0515	0.0520	0.0583	0.0578	0.0447	0.0443	0.0544	0.0546	0.0495	0.0557	0.0480	0.0558	0.0490
0.0000	0.0000	0.0000	0.0000	0.0000	0.0000	0.0000	0.0169	0.0138	0.0177	0.0224	0.0265	0.0258	0.0325	0.0380	0.0432	0.0446	0.0446	0.0477	0.0602	0.0505	0.0408	0.0363	0.0505	0.0550	0.0540	0.0591	0.0691	0.0701	0.0713	0.0581	0.0507	0.0596	0.0605	0.0587	0.0630	0.0627	0.0690	0.0593	0.0536	0.0602	0.0494	0.0528	0.0489	0.0478	0.0559	0.0588	0.0639	0.0539	0.0470	0.0447	0.0449	0.0399	0.0458	0.0482	0.0559	0.0553	0.0447	0.0485	0.0481	0.0376	0.0334	0.0388	0.0538	0.0511	0.0456	0.0366	0.0379	0.0364
0.0000	0.0000	0.0000	0.0000	0.0000	0.0077	0.0000	0.0115	0.0092	0.0135	0.0093	0.0186	0.0193	0.0342	0.0345	0.0372	0.0406	0.0302	0.0296	0.0367	0.0493	0.0412	0.0445	0.0445	0.0556	0.0392	0.0431	0.0520	0.0550	0.0670	0.0543	0.0542	0.0555	0.0559	0.0579	0.0585	0.0515	0.0520	0.0576	0.0511	0.0485	0.0535	0.0610	0.0539	0.0519	0.0504	0.0473	0.0499	0.0530	0.0440	0.0381	0.0343	0.0462	0.0438	0.0469	0.0478	0.0443	0.0405	0.0348	0.0364	0.0326	0.0308	0.0375	0.0452	0.0475	0.0380	0.0384	0.0422	0.0372
0.0000	0.0000	0.0000	0.0000	0.0000	0.0000	0.0035	0.0170	0.0184	0.0110	0.0216	0.0358	0.0234	0.0386	0.0414	0.0270	0.0315	0.0361	0.0362	0.0249	0.0296	0.0400	0.0430	0.0443	0.0633	0.0531	0.0506	0.0531	0.0508	0.0640	0.0600	0.0501	0.0560	0.0537	0.0522	0.0572	0.0604	0.0541	0.0650	0.0547	0.0539	0.0626	0.0636	0.0444	0.0528	0.0447	0.0483	0.0582	0.0563	0.0394	0.0480	0.0480	0.0425	0.0438	0.0450	0.0484	0.0367	0.0432	0.0369	0.0337	0.0347	0.0470	0.0546	0.0547	0.0531	0.0419	0.0392	0.0371	0.0345
