0.0000	0.0000	0.0000	0.0110	0.0108	0.0166	0.0000	0.0148	0.0081	0.0176	0.0162	0.0251	0.0509	0.0349	0.0432	0.0634	0.0598	0.0448	0.0661	0.0799	0.0624	0.0436	0.0533	0.0670	0.0920	0.1076	0.0996	0.0669	0.0851	0.0845	0.0883	0.0821	0.0981	0.0941	0.0860	0.0936	0.0952	0.0913	0.1009	0.0834	0.0909	0.0935	0.0917	0.1074	0.0917	0.1056	0.1133	0.1205	0.1011	0.0758	0.0928	0.0905	0.1118	0.1125	0.1022	0.0740	0.0994	0.1041	0.0979	0.1042	0.1047	0.0986	0.0904	0.0969	0.1056	0.0857	0.1049	0.1117	0.0828
0.0000	0.0000	0.0111	0.0048	0.0058	0.0051	0.0060	0.0131	0.0331	0.0121	0.0289	0.0537	0.0757	0.0294	0.0534	0.0681	0.0551	0.0485	0.0636	0.0820	0.0837	0.0675	0.0735	0.0985	0.0884	0.0965	0.0782	0.0897	0.1041	0.0935	0.1151	0.1007	0.0970	0.0844	0.1005	0.1090	0.0835	0.0973	0.1025	0.1026	0.1027	0.1211	0.1015	0.1164	0.0983	0.1091	0.0910	0.1257	0.1103	0.0991	0.1036	0.0878	0.0984	0.1076	0.1028	0.1107	0.1199	0.0966	0.0966	0.1241	0.1077	0.0989	0.1058	0.1050	0.1007	0.0898	0.0942	0.0917	0.0971
0.0000	0.0000	0.0099	0.0079	0.0287	0.0189	0.0187	0.0319	0.0407	0.0154	0.0222	0.0364	0.0691	0.0541	0.0456	0.0634	0.0594	0.0708	0.0646	0.0688	0.0855	0.0731	0.0729	0.0937	0.1118	0.1058	0.0885	0.1065	0.0894	0.1034	0.1136	0.0787	0.0878	0.1089	0.1140	0.0900	0.0862	0.1108	0.1104	0.1030	0.1243	0.1256	0.1077	0.0935	0.0871	0.1191	0.1077	0.1065	0.1078	0.0957	0.1080	0.1162	0.1267	0.1275	0.1238	0.1287	0.1241	0.1061	0.1082	0.1263	0.1210	0.1086	0.1173	0.1231	0.1263	0.1044	0.1120	0.1274	0.1178
0.0111	0.0337	0.0000	0.0000	0.0172	0.0241	0.0243	0.0341	0.0284	0.0378	0.0497	0.0596	0.0633	0.0494	0.0480	0.0584	0.0608	0.0701	0.0904	0.0785	0.0793	0.0813	0.0673	0.0844	0.0994	0.0907	0.1076	0.1122	0.0955	0.1058	0.1054	0.0894	0.0912	0.0971	0.1131	0.1103	0.1095	0.1161	0.1075	0.1174	0.1228	0.1193	0.1050	0.1085	0.0931	0.1106	0.1082	0.1044	0.1016	0.0960	0.1267	0.1203	0.1182	0.1099	0.1160	0.1357	0.1246	0.1302	0.1455	0.1471	0.1479	0.1322	0.1411	0.1330	0.1384	0.1309	0.1499	0.1610	0.1547
0.0000	0.0214	0.0326	0.0000	0.0071	0.0129	0.0219	0.0224	0.0180	0.0282	0.0416	0.0589	0.0647	0.0599	0.0528	0.0661	0.0750	0.0555	0.0617	0.0865	0.1030	0.0813	0.0840	0.0987	0.0846	0.0877	0.1011	0.0861	0.1057	0.0994	0.0985	0.0823	0.1051	0.1129	0.1113	0.1046	0.1157	0.1009	0.1040	0.1090	0.1224	0.1243	0.1130	0.1164	0.1056	0.1113	0.1190	0.1196	0.1093	0.1075	0.1212	0.1163	0.1104	0.1145	0.1084	0.1429	0.1287	0.1302	0.1370	0.1565	0.1532	0.1573	0.1813	0.2026	0.2071	0.1657	0.2019	0.1685	0.1661
0.0000	0.0000	0.0161	0.0129	0.0110	0.0135	0.0373	0.0346	0.0231	0.0542	0.0476	0.0541	0.0771	0.0834	0.0733	0.0745	0.0818	0.0700	0.0780	0.0886	0.0865	0.1059	0.1027	0.0945	0.1093	0.1121	0.1110	0.1052	0.1280	0.1205	0.1103	0.1173	0.1145	0.1141	0.1279	0.1188	0.1219	0.1070	0.1150	0.0905	0.1207	0.1367	0.1304	0.1087	0.1137	0.1102	0.1150	0.1168	0.1311	0.1444	0.1302	0.1187	0.1166	0.1270	0.1558	0.1801	0.1594	0.1498	0.1641	0.1719	0.1792	0.1947	0.2649	0.4061	0.4224	0.2640	0.2021	0.2112	0.1749
0.0007	0.0000	0.0196	0.0200	0.0106	0.0161	0.0359	0.0389	0.0510	0.0559	0.0714	0.0723	0.0692	0.0745	0.0540	0.0772	0.0847	0.1104	0.0902	0.0845	0.0992	0.1095	0.0895	0.0928	0.1248	0.1068	0.1102	0.1031	0.1015	0.1304	0.1157	0.1008	0.1408	0.1365	0.1286	0.1163	0.1223	0.1227	0.1410	0.1250	0.1281	0.1357	0.1316	0.1167	0.1309	0.1356	0.1344	0.1454	0.1355	0.1454	0.1599	0.1571	0.1655	0.1657	0.1768	0.2028	0.2094	0.2076	0.2196	0.2333	0.2378	0.2815	0.3602	0.6424	0.5701	0.3754	0.2541	0.2458	0.2190
0.0284	0.0203	0.0242	0.0265	0.0207	0.0141	0.0457	0.0741	0.0697	0.0652	0.0616	0.0790	0.0764	0.0751	0.0582	0.1053	0.1077	0.0904	0.0871	0.0709	0.1094	0.1165	0.1119	0.0834	0.1190	0.1394	0.1200	0.1066	0.1446	0.1335	0.1070	0.1043	0.1371	0.1473	0.1335	0.1349	0.1492	0.1344	0.1360	0.1477	0.1356	0.1536	0.1543	0.1298	0.1378	0.1765	0.1615	0.1681	0.1587	0.1739	0.1857	0.1763	0.1799	0.2063	0.2248	0.2381	0.2615	0.2822	0.3683	0.3449	0.3564	0.3691	0.4582	0.5838	0.5299	0.4533	0.3848	0.3579	0.3283
0.0407	0.0122	0.0208	0.0394	0.0401	0.0335	0.0696	0.0710	0.0634	0.0621	0.0770	0.0694	0.0795	0.0837	0.0840	0.1032	0.0822	0.0730	0.0860	0.1042	0.1137	0.1489	0.1132	0.0964	0.1242	0.1299	0.1151	0.1178	0.1514	0.1205	0.1174	0.1249	0.1541	0.1340	0.1423	0.1363	0.1308	0.1442	0.1407	0.1731	0.1250	0.1489	0.1579	0.1391	0.1678	0.1779	0.1868	0.1963	0.1908	0.1965	0.2294	0.2172	0.2249	0.2698	0.2771	0.2971	0.3406	0.4334	0.6303	0.5821	0.4941	0.4582	0.5541	0.6342	0.5632	0.5072	0.5137	0.5360	0.4631
0.0471	0.0000	0.0094	0.0453	0.0604	0.0463	0.0675	0.0743	0.0921	0.0775	0.0575	0.0797	0.0871	0.0852	0.0824	0.1240	0.1146	0.0858	0.1109	0.1167	0.1134	0.1468	0.1152	0.1270	0.1398	0.1478	0.1326	0.1323	0.1479	0.1562	0.1328	0.1395	0.1428	0.1574	0.1744	0.1465	0.1347	0.1603	0.1634	0.1797	0.1716	0.1631	0.1731	0.1743	0.2009	0.2238	0.2389	0.2255	0.2418	0.2485	0.2664	0.2714	0.2857	0.3142	0.3270	0.3456	0.4161	0.5702	0.7132	0.6715	0.7153	0.6666	0.6254	0.6448	0.6001	0.4860	0.4879	0.5831	0.5375
0.0110	0.0174	0.0249	0.0280	0.0418	0.0441	0.0630	0.0814	0.0678	0.0746	0.0592	0.0951	0.1017	0.0827	0.0860	0.1161	0.1030	0.1099	0.1346	0.1313	0.1455	0.1452	0.1363	0.1235	0.1624	0.1634	0.1535	0.1530	0.1520	0.1685	0.1608	0.1638	0.1641	0.1901	0.1841	0.1609	0.1815	0.1958	0.1944	0.1879	0.1988	0.1888	0.2215	0.2300	0.2555	0.2575	0.2776	0.2764	0.2761	0.2972	0.3204	0.3391	0.3283	0.3365	0.3604	0.3818	0.4760	0.5293	0.6806	0.7423	0.7210	0.6564	0.6616	0.6229	0.5824	0.4881	0.4624	0.5137	0.4751
0.0065	0.0287	0.0547	0.0644	0.0571	0.0517	0.0648	0.0877	0.0544	0.0601	0.0881	0.1151	0.1196	0.0874	0.0899	0.1162	0.1023	0.1518	0.1612	0.1486	0.1513	0.1563	0.1496	0.1288	0.1737	0.1862	0.1919	0.1891	0.2022	0.1965	0.1878	0.1932	0.2182	0.2117	0.2046	0.2031	0.2204	0.2298	0.2347	0.2287	0.2307	0.2356	0.2832	0.2592	0.2659	0.2920	0.2921	0.3109	0.3196	0.3301	0.3440	0.3582	0.3842	0.3958	0.3842	0.4622	0.5114	0.5250	0.5991	0.7001	0.6827	0.6491	0.6045	0.6243	0.5978	0.4880	0.4306	0.4456	0.4530
0.0277	0.0324	0.0643	0.0980	0.0639	0.0433	0.0800	0.1006	0.0845	0.0775	0.0930	0.1311	0.1443	0.1302	0.0995	0.0974	0.1329	0.1493	0.1409	0.1589	0.1667	0.1964	0.1893	0.2139	0.2139	0.2334	0.2311	0.2372	0.2423	0.2567	0.2661	0.2565	0.2698	0.2613	0.2839	0.2454	0.2587	0.2687	0.2647	0.2828	0.2799	0.2801	0.3208	0.3068	0.2921	0.3353	0.3544	0.3628	0.4222	0.4093	0.3874	0.3763	0.4202	0.4754	0.5393	0.6248	0.6740	0.5904	0.5681	0.6566	0.6434	0.6724	0.6286	0.5981	0.5675	0.5172	0.4838	0.4900	0.4655
0.0140	0.0188	0.0445	0.0636	0.0497	0.0602	0.0634	0.1003	0.0935	0.1072	0.1138	0.1348	0.1416	0.1406	0.1400	0.1593	0.1736	0.1719	0.1939	0.2316	0.2245	0.2485	0.2840	0.2826	0.2735	0.2931	0.3195	0.3021	0.3054	0.3529	0.3518	0.3928	0.4792	0.3921	0.3648	0.3176	0.3426	0.3254	0.3376	0.3589	0.3532	0.3444	0.3740	0.3700	0.3578	0.4102	0.4381	0.5591	0.6251	0.5903	0.4946	0.4646	0.5003	0.6001	0.7345	0.7752	0.8128	0.7260	0.6450	0.6695	0.6247	0.6038	0.6338	0.5823	0.5283	0.4959	0.5384	0.4541	0.4208
0.0187	0.0493	0.0590	0.0785	0.0781	0.0633	0.0768	0.1194	0.1238	0.1126	0.1538	0.1603	0.1659	0.1618	0.1914	0.2043	0.2488	0.2357	0.2899	0.3384	0.4017	0.3874	0.3809	0.4308	0.4419	0.4591	0.4393	0.4633	0.5105	0.6161	0.6016	0.7202	0.8829	0.7573	0.5558	0.5006	0.5312	0.5836	0.6143	0.5629	0.4398	0.4114	0.4328	0.4192	0.4356	0.4735	0.5916	0.8120	0.8465	0.7995	0.5998	0.4903	0.5545	0.6775	0.7771	0.7786	0.7743	0.7488	0.7181	0.6829	0.6098	0.5822	0.6318	0.5619	0.5108	0.4283	0.4559	0.4130	0.4048
0.0358	0.0305	0.0701	0.0855	0.1011	0.1361	0.1272	0.1712	0.2051	0.1699	0.2055	0.2559	0.2827	0.2871	0.2963	0.3447	0.3891	0.3847	0.4802	0.6415	0.6960	0.7134	0.5717	0.6790	0.7187	0.6960	0.6651	0.6974	0.7747	0.8197	0.7953	0.8869	0.9536	0.9063	0.8428	0.7986	0.7835	0.8239	0.8142	0.7502	0.6607	0.5445	0.5386	0.5620	0.5793	0.6131	0.6951	0.8335	0.8409	0.8391	0.6640	0.6489	0.6807	0.7410	0.7283	0.7286	0.6960	0.6625	0.7080	0.6952	0.6175	0.5625	0.5568	0.5850	0.5116	0.4280	0.4270	0.4381	0.4342
0.0610	0.0523	0.0728	0.1349	0.1560	0.1701	0.2196	0.2859	0.3019	0.3948	0.4519	0.5584	0.6494	0.5665	0.5515	0.6405	0.6421	0.6633	0.7630	0.8858	0.9404	0.8967	0.7971	0.7710	0.7957	0.7188	0.7258	0.7452	0.7298	0.6955	0.7743	0.9040	0.9140	0.8793	0.9648	0.8789	0.8724	0.8926	0.8774	0.7883	0.8060	0.7497	0.7667	0.8050	0.7797	0.7629	0.7796	0.8541	0.8040	0.8288	0.7739	0.8582	0.8193	0.7461	0.6814	0.7137	0.6687	0.6265	0.6485	0.6414	0.5716	0.5388	0.5703	0.5023	0.4651	0.4011	0.4103	0.4407	0.4140
0.0975	0.1202	0.1510	0.1901	0.2175	0.2710	0.3759	0.5458	0.5852	0.5932	0.6682	0.7344	0.7271	0.7230	0.7702	0.7994	0.7940	0.8099	0.8492	0.8295	0.8728	0.9024	0.7768	0.7546	0.7424	0.6722	0.7215	0.7069	0.6622	0.7363	0.7861	0.8147	0.8187	0.8238	0.8587	0.8495	0.8341	0.8414	0.8087	0.8191	0.7840	0.7986	0.8514	0.8608	0.7729	0.7443	0.7854	0.7719	0.7978	0.7853	0.7382	0.7832	0.7498	0.6865	0.6484	0.6582	0.5787	0.5934	0.6033	0.5709	0.5454	0.5423	0.5306	0.4919	0.4475	0.4304	0.4305	0.4236	0.3563
0.1480	0.1858	0.2573	0.3389	0.4422	0.4870	0.5576	0.5975	0.6365	0.5801	0.5810	0.6153	0.6558	0.6428	0.7141	0.7538	0.7533	0.7727	0.7733	0.7060	0.7309	0.7860	0.7418	0.7147	0.7077	0.6067	0.6806	0.6592	0.6497	0.7512	0.7447	0.7105	0.7559	0.8267	0.7664	0.7660	0.7220	0.7699	0.7261	0.7428	0.7387	0.7408	0.7723	0.7378	0.7463	0.7021	0.7330	0.6558	0.7087	0.7087	0.6928	0.6397	0.6504	0.6793	0.6315	0.5629	0.5203	0.5379	0.5275	0.5220	0.5339	0.5053	0.4954	0.4633	0.4418	0.3890	0.4202	0.4254	0.3923
0.1792	0.2654	0.3499	0.4190	0.4777	0.4727	0.4846	0.4607	0.4952	0.4996	0.5097	0.5388	0.6161	0.5850	0.5786	0.6485	0.6927	0.7112	0.6706	0.6552	0.6731	0.7087	0.6706	0.6697	0.6596	0.5980	0.6474	0.6438	0.6766	0.7111	0.7206	0.7119	0.7106	0.7473	0.7104	0.7170	0.6649	0.7004	0.6614	0.6568	0.6419	0.6617	0.6751	0.6922	0.7113	0.6682	0.6292	0.6009	0.6427	0.6189	0.6059	0.5932	0.5622	0.5861	0.6040	0.5393	0.5450	0.5133	0.5082	0.4741	0.5003	0.5036	0.4801	0.4534	0.4458	0.4232	0.4220	0.4472	0.3738
0.1830	0.2793	0.3165	0.3335	0.3726	0.4188	0.4018	0.3758	0.4032	0.4303	0.4809	0.4651	0.5560	0.5426	0.4754	0.5703	0.5978	0.6515	0.6164	0.6308	0.6628	0.6543	0.5883	0.6250	0.5704	0.6183	0.5958	0.6479	0.6511	0.6598	0.6932	0.6837	0.6738	0.7244	0.6889	0.6597	0.6604	0.6807	0.6388	0.6161	0.6211	0.6076	0.6007	0.6005	0.6094	0.5961	0.5857	0.5853	0.5473	0.5667	0.5683	0.5421	0.5068	0.5595	0.5312	0.5079	0.5199	0.4956	0.4783	0.4915	0.4801	0.4862	0.4489	0.4416	0.4562	0.4357	0.4429	0.4238	0.3917
0.1844	0.2516	0.3053	0.2981	0.2728	0.3080	0.3690	0.4283	0.3761	0.3888	0.4484	0.4987	0.4998	0.5214	0.5045	0.5482	0.6863	0.6300	0.6285	0.5982	0.6343	0.6539	0.6698	0.5796	0.5630	0.5761	0.6163	0.6287	0.6486	0.6302	0.6242	0.6123	0.6510	0.6455	0.6392	0.6362	0.5878	0.6225	0.5854	0.5939	0.6250	0.5697	0.5714	0.5802	0.5634	0.5560	0.5572	0.5619	0.5128	0.5084	0.5706	0.5362	0.5238	0.5455	0.5115	0.5357	0.5680	0.5386	0.5173	0.4632	0.4920	0.4802	0.4520	0.4549	0.4241	0.4339	0.4422	0.4051	0.4153
0.1908	0.2339	0.3331	0.2939	0.2723	0.2914	0.3430	0.3836	0.3853	0.3607	0.4225	0.4703	0.4884	0.4737	0.4899	0.5516	0.6438	0.5912	0.6015	0.5797	0.6014	0.6440	0.6282	0.5873	0.5759	0.5849	0.6163	0.6013	0.6147	0.6280	0.5988	0.5937	0.6510	0.6469	0.5805	0.6032	0.5958	0.6006	0.5712	0.5443	0.5583	0.5258	0.5440	0.5501	0.5554	0.5662	0.5551	0.5609	0.5213	0.5147	0.5572	0.5573	0.5664	0.5519	0.5712	0.5898	0.5942	0.5298	0.5417	0.5276	0.5022	0.4846	0.4952	0.4529	0.4265	0.4310	0.4309	0.4128	0.3762
0.1929	0.1981	0.2384	0.3041	0.2997	0.3044	0.3652	0.3591	0.3461	0.3140	0.3811	0.4261	0.4492	0.4822	0.4857	0.5584	0.5660	0.6076	0.6453	0.5885	0.5990	0.6336	0.5584	0.5679	0.6066	0.5643	0.5701	0.5979	0.6129	0.6253	0.6119	0.5848	0.6203	0.6400	0.5875	0.5380	0.6033	0.6011	0.5524	0.5498	0.5445	0.5482	0.5613	0.5748	0.5447	0.5408	0.5530	0.5249	0.5184	0.5294	0.5215	0.5465	0.5647	0.5534	0.5228	0.5795	0.6034	0.5526	0.5565	0.5408	0.5284	0.4859	0.4816	0.4560	0.4109	0.4149	0.3947	0.3806	0.3740
0.2275	0.2009	0.2258	0.2766	0.2832	0.3023	0.3578	0.3465	0.3675	0.3567	0.3848	0.4339	0.4524	0.4562	0.4747	0.5457	0.5656	0.5741	0.5675	0.5613	0.5611	0.5515	0.5650	0.5874	0.5838	0.5663	0.5265	0.5711	0.6061	0.5952	0.6189	0.5938	0.6126	0.6195	0.5935	0.5767	0.6068	0.5653	0.5632	0.6074	0.5660	0.5827	0.6000	0.5562	0.5458	0.5432	0.5538	0.5743	0.6098	0.5894	0.5687	0.5465	0.5150	0.5214	0.5439	0.5388	0.5683	0.5613	0.5528	0.5260	0.5199	0.4572	0.4494	0.4563	0.4243	0.4052	0.3809	0.3769	0.3509
0.2324	0.2110	0.2401	0.2725	0.2775	0.2864	0.3131	0.3742	0.4243	0.3827	0.4171	0.4501	0.4871	0.4438	0.4855	0.5055	0.5412	0.5389	0.5179	0.5685	0.6209	0.5912	0.5341	0.5479	0.5489	0.5954	0.5685	0.5657	0.6070	0.6097	0.6198	0.5669	0.6461	0.6254	0.6071	0.6100	0.5954	0.5901	0.6339	0.5926	0.5808	0.5717	0.5617	0.5343	0.5731	0.5786	0.5635	0.5893	0.5659	0.5856	0.5887	0.5443	0.5145	0.5423	0.5978	0.5745	0.5790	0.5779	0.5583	0.5180	0.5191	0.5136	0.4763	0.4689	0.4694	0.4587	0.4201	0.3691	0.3482
0.2101	0.2439	0.2660	0.2916	0.2867	0.3164	0.3192	0.3810	0.3603	0.3620	0.4133	0.4321	0.5041	0.4512	0.5041	0.4842	0.5112	0.5104	0.5887	0.5727	0.5844	0.5836	0.5720	0.5745	0.5463	0.5606	0.5894	0.5766	0.5845	0.6191	0.6004	0.6293	0.6720	0.6399	0.6427	0.6048	0.6023	0.6344	0.6685	0.6360	0.6186	0.5920	0.5812	0.5593	0.5779	0.5794	0.5620	0.5534	0.5520	0.5828	0.5920	0.5711	0.5808	0.5539	0.5741	0.5614	0.5561	0.5734	0.5497	0.5527	0.5382	0.4894	0.4971	0.4829	0.4641	0.4095	0.3990	0.3852	0.3607
0.2093	0.2299	0.2446	0.2581	0.2627	0.3084	0.3549	0.3816	0.3654	0.3998	0.4317	0.4619	0.4963	0.4652	0.4807	0.5152	0.5175	0.5135	0.5485	0.5889	0.5434	0.5539	0.5813	0.6083	0.5696	0.5507	0.5895	0.5795	0.5964	0.6078	0.6418	0.6484	0.6335	0.6507	0.6226	0.6067	0.6101	0.6279	0.6920	0.6532	0.6181	0.6267	0.6181	0.5690	0.5921	0.5875	0.5772	0.5600	0.5696	0.5606	0.6106	0.6284	0.5917	0.5709	0.5711	0.5611	0.5742	0.5333	0.5225	0.5682	0.5592	0.5260	0.5315	0.4374	0.4472	0.4397	0.4197	0.4214	0.4019
0.2170	0.2361	0.2220	0.2738	0.2827	0.3235	0.4005	0.4306	0.3842	0.3864	0.4343	0.4477	0.4365	0.4707	0.4947	0.5047	0.4985	0.5387	0.5874	0.5527	0.6082	0.5428	0.5776	0.5834	0.5709	0.5462	0.6072	0.6154	0.6318	0.6110	0.6360	0.6423	0.6758	0.6421	0.6170	0.6184	0.6238	0.6446	0.6736	0.6540	0.6586	0.6430	0.6342	0.6029	0.5985	0.5973	0.5858	0.5913	0.5964	0.5874	0.5632	0.5651	0.5733	0.6040	0.5729	0.5464	0.5716	0.5517	0.5258	0.5320	0.5100	0.5000	0.4942	0.4762	0.4829	0.4528	0.4234	0.4090	0.3721
0.1956	0.1961	0.2390	0.2963	0.2997	0.3137	0.3769	0.4225	0.4067	0.3816	0.4195	0.4538	0.4354	0.4760	0.5201	0.5095	0.5540	0.5767	0.5945	0.6003	0.6003	0.5604	0.5656	0.5840	0.5582	0.5469	0.5878	0.6354	0.6278	0.6523	0.6307	0.6423	0.7087	0.6716	0.6444	0.6608	0.6814	0.6894	0.6660	0.6847	0.7014	0.6376	0.6170	0.6071	0.6156	0.5562	0.5906	0.6093	0.5688	0.5561	0.5664	0.5696	0.5703	0.5727	0.5828	0.5578	0.5547	0.5317	0.5076	0.5260	0.5262	0.5187	0.5030	0.5043	0.4660	0.4243	0.4046	0.4601	0.4193
0.1744	0.1931	0.2702	0.2905	0.3049	0.3327	0.3732	0.3933	0.4500	0.4380	0.4366	0.4590	0.4364	0.4791	0.4650	0.5088	0.5731	0.5734	0.5691	0.5518	0.5673	0.6175	0.5786	0.5791	0.5975	0.5653	0.5601	0.5995	0.6388	0.6301	0.6754	0.6907	0.7303	0.7015	0.7060	0.7067	0.7195	0.6878	0.6881	0.6745	0.6248	0.6743	0.6898	0.6202	0.6202	0.5851	0.5870	0.5751	0.5681	0.6146	0.5796	0.5804	0.6132	0.6091	0.5435	0.5602	0.5416	0.5365	0.5317	0.5461	0.5167	0.5094	0.5136	0.4805	0.4515	0.4018	0.3871	0.4038	0.3874
0.1755	0.2172	0.2546	0.2881	0.3208	0.3138	0.3327	0.3823	0.4126	0.4160	0.4359	0.4469	0.4358	0.4544	0.4431	0.5298	0.5665	0.5820	0.5804	0.5331	0.6057	0.6096	0.5882	0.6143	0.6337	0.6256	0.5516	0.6293	0.6744	0.6406	0.6743	0.6871	0.6948	0.6561	0.7092	0.6729	0.6828	0.6629	0.6662	0.6614	0.6240	0.6606	0.6984	0.6037	0.6203	0.6175	0.6139	0.6439	0.6055	0.6191	0.6118	0.5746	0.5928	0.6031	0.5535	0.5770	0.5984	0.5971	0.5331	0.5307	0.5233	0.5271	0.5721	0.4995	0.4543	0.4448	0.4570	0.4347	0.4102
0.1986	0.2413	0.2632	0.2872	0.3161	0.3353	0.3809	0.3840	0.4011	0.4311	0.4392	0.4496	0.4513	0.4630	0.4624	0.5072	0.5567	0.5485	0.5920	0.5559	0.6058	0.6001	0.6083	0.6303	0.6041	0.5960	0.6017	0.6167	0.6532	0.6300	0.6739	0.6808	0.6578	0.6643	0.7042	0.6963	0.7077	0.6787	0.6825	0.6732	0.6699	0.6825	0.6976	0.6595	0.6621	0.6386	0.6373	0.6361	0.6118	0.5915	0.5715	0.6087	0.6368	0.5790	0.5760	0.5750	0.5725	0.5586	0.5079	0.5065	0.4964	0.5111	0.5150	0.4692	0.4583	0.4474	0.4465	0.4313	0.4061
0.1748	0.2356	0.2972	0.2885	0.3280	0.3081	0.3669	0.4039	0.4155	0.4369	0.4336	0.3907	0.4298	0.5073	0.4724	0.4780	0.5255	0.5531	0.5885	0.6264	0.6936	0.6271	0.6178	0.5901	0.5932	0.6081	0.5840	0.6112	0.6402	0.6222	0.6567	0.6754	0.6788	0.7412	0.6734	0.6537	0.6604	0.6837	0.7134	0.6732	0.6687	0.6946	0.6661	0.7019	0.6494	0.6556	0.6588	0.6396	0.6334	0.6378	0.6272	0.6059	0.6425	0.6103	0.5884	0.5778	0.5806	0.5400	0.5165	0.5137	0.5011	0.5148	0.5109	0.4860	0.4538	0.4602	0.4588	0.4449	0.4056
0.1955	0.2440	0.2789	0.2416	0.2975	0.3357	0.3679	0.3790	0.3925	0.4000	0.4095	0.3964	0.4359	0.4414	0.4555	0.4739	0.5367	0.6145	0.6179	0.6570	0.6373	0.6466	0.6289	0.6229	0.6475	0.6181	0.5930	0.5907	0.6083	0.6292	0.6182	0.6469	0.6402	0.6373	0.7331	0.7109	0.6691	0.7200	0.7255	0.7003	0.6763	0.7113	0.6998	0.7028	0.6793	0.6933	0.6515	0.6532	0.6356	0.6865	0.6533	0.6155	0.6394	0.6478	0.6230	0.5973	0.6079	0.5852	0.5667	0.5665	0.5208	0.5116	0.5105	0.4831	0.4953	0.4664	0.4630	0.4338	0.4308
0.2215	0.2493	0.2557	0.2652	0.2961	0.3614	0.3850	0.3693	0.3886	0.4117	0.4178	0.4387	0.4496	0.4790	0.4641	0.5180	0.5238	0.5791	0.6272	0.6978	0.6475	0.6565	0.6506	0.6532	0.6745	0.6786	0.6703	0.6430	0.6540	0.6335	0.6127	0.6134	0.6339	0.6589	0.6691	0.6646	0.6703	0.7045	0.6912	0.7213	0.7125	0.7370	0.7266	0.7076	0.7026	0.7212	0.7160	0.7188	0.7211	0.7140	0.7260	0.6720	0.6564	0.6551	0.6811	0.6690	0.5894	0.5741	0.5344	0.5186	0.5160	0.5029	0.5230	0.4827	0.4620	0.4489	0.4717	0.4728	0.4593
0.1932	0.2428	0.2988	0.3083	0.3521	0.4022	0.3895	0.4023	0.3941	0.4179	0.4222	0.4582	0.4715	0.4989	0.5150	0.5511	0.5444	0.5987	0.6450	0.6730	0.7044	0.7017	0.6515	0.7220	0.6703	0.6516	0.6519	0.6815	0.7197	0.6739	0.6005	0.6249	0.6383	0.6571	0.6470	0.6543	0.6732	0.6948	0.6947	0.6941	0.7037	0.7302	0.6777	0.7112	0.7010	0.7045	0.7135	0.7025	0.7851	0.7927	0.7311	0.7008	0.6761	0.6874	0.6697	0.6669	0.6311	0.6061	0.6127	0.5553	0.5318	0.5524	0.5297	0.4801	0.4676	0.4456	0.4524	0.4586	0.4590
0.2571	0.2865	0.3341	0.3459	0.3281	0.3593	0.4007	0.4367	0.4004	0.4418	0.4886	0.5709	0.5764	0.5620	0.6121	0.6011	0.5883	0.6653	0.6637	0.6665	0.6750	0.7427	0.6974	0.7330	0.6968	0.6677	0.6776	0.7082	0.7295	0.6857	0.6921	0.7058	0.6516	0.6786	0.7049	0.6780	0.6951	0.7358	0.7583	0.7539	0.7759	0.7200	0.7342	0.7336	0.7466	0.7647	0.8066	0.7620	0.7931	0.8187	0.7691	0.7492	0.7328	0.7438	0.7080	0.6868	0.6859	0.6847	0.6466	0.6058	0.6164	0.5810	0.5457	0.5290	0.5207	0.4630	0.4817	0.4860	0.4738
0.2834	0.3969	0.4819	0.5019	0.4408	0.4551	0.4700	0.4715	0.5187	0.5587	0.6393	0.6641	0.6396	0.6485	0.6420	0.6591	0.6747	0.6636	0.6552	0.6610	0.6725	0.7361	0.7415	0.6906	0.7115	0.7268	0.7201	0.6823	0.7360	0.7157	0.7322	0.7411	0.7227	0.6996	0.7549	0.7147	0.7136	0.7980	0.7890	0.8173	0.8295	0.8204	0.8544	0.8481	0.8339	0.8076	0.8687	0.8199	0.8377	0.8453	0.8619	0.8802	0.8194	0.7663	0.7444	0.7144	0.7251	0.7051	0.6424	0.6599	0.6515	0.6039	0.6434	0.5876	0.5569	0.5009	0.4755	0.4905	0.5032
0.1929	0.3584	0.4861	0.6131	0.6531	0.7215	0.7432	0.6807	0.6964	0.7100	0.7476	0.7424	0.7173	0.7445	0.7500	0.8006	0.8181	0.8097	0.7275	0.7352	0.6896	0.7627	0.7007	0.7464	0.6950	0.6995	0.7498	0.7499	0.7725	0.7554	0.7853	0.7761	0.7570	0.8007	0.7819	0.7866	0.8349	0.8371	0.8744	0.8849	0.8658	0.9381	0.9452	0.9419	0.9437	0.9300	0.9130	0.8107	0.6901	0.6741	0.7805	0.9219	0.9350	0.8953	0.8486	0.7647	0.7519	0.7346	0.7036	0.7256	0.7110	0.6881	0.6462	0.6361	0.5933	0.5599	0.5244	0.5209	0.5169
0.0682	0.1160	0.1503	0.2682	0.3803	0.5035	0.6552	0.6846	0.7468	0.8368	0.8471	0.8216	0.8537	0.8809	0.9169	0.9493	0.9082	0.9070	0.8771	0.8833	0.8002	0.7841	0.7643	0.7481	0.7355	0.7251	0.7632	0.7655	0.8404	0.8670	0.8497	0.8508	0.8630	0.8672	0.8615	0.9054	0.9314	0.8999	0.9279	0.9064	1.0000	0.9357	0.8602	0.7734	0.8855	0.9645	0.9516	0.7212	0.5127	0.5250	0.5599	0.7044	0.8874	0.9676	0.9199	0.8811	0.8514	0.7926	0.7526	0.7409	0.7049	0.7415	0.7036	0.6496	0.6164	0.6012	0.5700	0.5469	0.4977
0.0372	0.0523	0.0565	0.1064	0.1165	0.1578	0.2170	0.3171	0.4549	0.5374	0.6301	0.6598	0.7557	0.7176	0.7172	0.7737	0.7572	0.7599	0.8139	0.8882	0.9162	0.8727	0.8194	0.7939	0.7664	0.7359	0.7546	0.7662	0.8091	0.8242	0.8385	0.8540	0.8665	0.8734	0.9018	0.9822	0.9406	0.9697	0.9564	0.9318	0.9425	0.7586	0.5793	0.4957	0.6117	0.7836	0.7559	0.5699	0.4460	0.4638	0.5327	0.5528	0.6926	0.9696	0.9528	0.9313	0.8811	0.8363	0.7753	0.7856	0.7524	0.7009	0.6925	0.6817	0.6644	0.6301	0.5980	0.5412	0.5100
0.0184	0.0503	0.0782	0.0874	0.0817	0.1012	0.0891	0.1212	0.1535	0.1717	0.1974	0.2270	0.3010	0.2725	0.2703	0.3074	0.3528	0.3938	0.4529	0.5577	0.6703	0.7069	0.7499	0.8209	0.8561	0.8120	0.7405	0.7640	0.8206	0.8236	0.8289	0.8053	0.8674	0.9490	0.8981	0.8575	0.8040	0.8070	0.7670	0.7289	0.6300	0.4332	0.3809	0.3739	0.3759	0.4103	0.4441	0.4296	0.4115	0.4366	0.4627	0.4808	0.5581	0.8270	0.9305	0.8524	0.7213	0.8166	0.8613	0.8666	0.7890	0.7408	0.7569	0.7217	0.6531	0.6414	0.6416	0.5684	0.5633
0.0161	0.0227	0.0448	0.0508	0.0561	0.0901	0.1024	0.0953	0.0867	0.1061	0.1177	0.1163	0.1391	0.1271	0.1356	0.1634	0.1862	0.1930	0.2252	0.2472	0.2881	0.3115	0.4156	0.5516	0.7185	0.8655	0.8238	0.8259	0.8597	0.8470	0.8529	0.8563	0.7878	0.7438	0.6194	0.5025	0.4233	0.3570	0.3796	0.3835	0.3155	0.3021	0.3003	0.2988	0.3198	0.3418	0.3537	0.3527	0.3741	0.3988	0.3980	0.4083	0.4383	0.5535	0.7401	0.7012	0.6400	0.8068	0.9228	0.9307	0.8103	0.7480	0.7305	0.7066	0.6506	0.6368	0.6568	0.6177	0.6214
0.0028	0.0362	0.0416	0.0518	0.0787	0.0781	0.0641	0.0863	0.0821	0.0877	0.1130	0.1143	0.1170	0.0851	0.1116	0.1308	0.1266	0.1244	0.1495	0.1581	0.1751	0.1792	0.2085	0.2751	0.3584	0.6266	0.8917	0.8402	0.8009	0.6975	0.6429	0.6678	0.4994	0.3713	0.3001	0.2522	0.2611	0.2783	0.2595	0.2619	0.2424	0.2790	0.2893	0.2863	0.2913	0.3099	0.3080	0.3320	0.3335	0.3587	0.3827	0.3750	0.4093	0.4410	0.4971	0.5448	0.7032	0.8830	0.9218	0.8511	0.8257	0.7845	0.7629	0.6912	0.6561	0.6998	0.6585	0.6689	0.5859
0.0031	0.0137	0.0365	0.0346	0.0503	0.0810	0.1009	0.1024	0.0856	0.0744	0.1026	0.0959	0.0936	0.1098	0.1109	0.1178	0.1112	0.1240	0.1314	0.1275	0.1345	0.1361	0.1552	0.1593	0.1795	0.2405	0.4394	0.4070	0.3265	0.2648	0.2576	0.2523	0.2234	0.2006	0.2267	0.2239	0.2300	0.2290	0.2202	0.2318	0.2162	0.2399	0.2504	0.2654	0.2697	0.2815	0.2804	0.3017	0.2966	0.3155	0.3444	0.3645	0.3849	0.4016	0.4553	0.5638	0.8877	0.9740	0.8908	0.9091	0.8948	0.8184	0.8100	0.7680	0.6758	0.6648	0.6425	0.6160	0.4936
0.0181	0.0153	0.0313	0.0444	0.0332	0.0520	0.0854	0.0727	0.0720	0.0877	0.0922	0.0835	0.0992	0.0856	0.0995	0.1035	0.1042	0.0917	0.0983	0.1063	0.1030	0.1307	0.1146	0.1333	0.1231	0.1254	0.1447	0.1409	0.1577	0.1423	0.1540	0.1528	0.1406	0.1543	0.1621	0.1697	0.1545	0.1736	0.1614	0.1862	0.1882	0.1849	0.2028	0.2270	0.2405	0.2407	0.2485	0.2595	0.2595	0.2677	0.3121	0.3284	0.3461	0.3791	0.4265	0.5847	0.9614	0.9966	0.9132	0.8855	0.8424	0.8300	0.8031	0.7674	0.7104	0.6739	0.6404	0.6166	0.5523
0.0295	0.0278	0.0304	0.0403	0.0220	0.0341	0.0424	0.0589	0.0665	0.0629	0.0740	0.0633	0.0646	0.0671	0.1027	0.0859	0.0825	0.0865	0.0889	0.0849	0.0838	0.1035	0.0999	0.0936	0.1060	0.1146	0.1083	0.1279	0.1304	0.1300	0.1253	0.1215	0.1187	0.1127	0.1277	0.1281	0.1297	0.1374	0.1368	0.1259	0.1324	0.1380	0.1465	0.1550	0.1650	0.1829	0.1840	0.2046	0.2017	0.2117	0.2455	0.2531	0.2805	0.2955	0.3190	0.4514	0.7008	0.6199	0.6548	0.8206	0.8079	0.7869	0.8108	0.7820	0.6729	0.6684	0.6541	0.6459	0.6302
0.0177	0.0229	0.0132	0.0375	0.0452	0.0304	0.0374	0.0639	0.0523	0.0589	0.0688	0.0642	0.0700	0.0701	0.0878	0.0764	0.0820	0.0904	0.0835	0.1055	0.0992	0.0893	0.1006	0.0987	0.0897	0.0998	0.1049	0.1050	0.1059	0.1081	0.1108	0.1143	0.1062	0.1024	0.0990	0.0919	0.1010	0.1091	0.1117	0.1029	0.1006	0.0993	0.1206	0.1204	0.1284	0.1377	0.1456	0.1480	0.1409	0.1495	0.1709	0.1910	0.1995	0.2048	0.2259	0.2526	0.2903	0.3099	0.3530	0.4787	0.5064	0.5561	0.7458	0.7626	0.6901	0.6361	0.5775	0.6339	0.6494
0.0000	0.0048	0.0173	0.0410	0.0391	0.0322	0.0294	0.0444	0.0391	0.0323	0.0560	0.0685	0.0789	0.0586	0.0821	0.0933	0.0782	0.0928	0.0757	0.0865	0.0912	0.0899	0.0946	0.0888	0.0953	0.0971	0.1045	0.0981	0.1054	0.0918	0.1064	0.1016	0.1013	0.0892	0.0876	0.0875	0.0902	0.0926	0.0997	0.1030	0.0967	0.0908	0.0986	0.1081	0.1116	0.1110	0.1144	0.1037	0.1011	0.1174	0.1294	0.1372	0.1450	0.1407	0.1662	0.1926	0.2005	0.2167	0.2405	0.2853	0.3135	0.3611	0.5234	0.7186	0.6336	0.4590	0.4403	0.6198	0.6727
0.0000	0.0062	0.0081	0.0061	0.0238	0.0205	0.0226	0.0536	0.0370	0.0411	0.0417	0.0579	0.0537	0.0677	0.0814	0.0762	0.0793	0.0762	0.0727	0.0871	0.0930	0.0816	0.0754	0.0894	0.0982	0.0953	0.0952	0.0796	0.0846	0.0894	0.0866	0.0752	0.0963	0.0941	0.0892	0.0839	0.0916	0.0884	0.0873	0.1013	0.0941	0.0889	0.0809	0.0886	0.0922	0.0955	0.0982	0.0899	0.1009	0.1088	0.1030	0.1002	0.0984	0.1130	0.1366	0.1457	0.1503	0.1499	0.1961	0.2082	0.2207	0.2403	0.2889	0.3926	0.3778	0.3398	0.3592	0.5382	0.6570
0.0010	0.0000	0.0056	0.0050	0.0187	0.0040	0.0226	0.0311	0.0393	0.0372	0.0398	0.0393	0.0581	0.0619	0.0672	0.0643	0.0647	0.0755	0.0608	0.0810	0.0810	0.0838	0.0763	0.0749	0.0900	0.0821	0.0807	0.0800	0.0759	0.0889	0.0783	0.0718	0.0695	0.0793	0.0807	0.0855	0.0998	0.0868	0.0752	0.0784	0.0834	0.0828	0.0844	0.0803	0.0846	0.0902	0.0868	0.0875	0.0983	0.0914	0.0962	0.0929	0.0845	0.1031	0.1270	0.1094	0.1200	0.1181	0.1319	0.1597	0.1657	0.1655	0.1895	0.1995	0.2247	0.2341	0.3067	0.5540	0.6040
0.0000	0.0000	0.0151	0.0088	0.0000	0.0133	0.0377	0.0310	0.0181	0.0253	0.0340	0.0366	0.0377	0.0455	0.0543	0.0536	0.0547	0.0632	0.0564	0.0639	0.0583	0.0600	0.0572	0.0612	0.0773	0.0834	0.0799	0.0704	0.0673	0.0833	0.0895	0.0795	0.0755	0.0820	0.0715	0.0759	0.0867	0.0765	0.0742	0.0710	0.0728	0.0765	0.0832	0.0772	0.0827	0.0764	0.0819	0.0856	0.0814	0.0815	0.0881	0.0864	0.0843	0.0852	0.0835	0.0911	0.1058	0.1017	0.0935	0.1104	0.1294	0.1151	0.1119	0.1462	0.1511	0.1554	0.1992	0.3232	0.4348
0.0000	0.0000	0.0092	0.0000	0.0001	0.0075	0.0275	0.0335	0.0094	0.0087	0.0298	0.0351	0.0319	0.0318	0.0574	0.0618	0.0516	0.0468	0.0622	0.0589	0.0628	0.0523	0.0400	0.0605	0.0507	0.0748	0.0818	0.0640	0.0672	0.0616	0.0717	0.0762	0.0683	0.0793	0.0727	0.0599	0.0513	0.0676	0.0799	0.0598	0.0745	0.0677	0.0738	0.0792	0.0771	0.0722	0.0694	0.0793	0.0706	0.0752	0.0824	0.0811	0.0787	0.0787	0.0879	0.0877	0.0905	0.0957	0.0970	0.1109	0.1215	0.0904	0.0913	0.1087	0.1165	0.1164	0.1184	0.1441	0.1759
0.0000	0.0000	0.0000	0.0000	0.0000	0.0071	0.0052	0.0245	0.0162	0.0049	0.0351	0.0459	0.0295	0.0340	0.0418	0.0481	0.0554	0.0549	0.0470	0.0573	0.0868	0.0633	0.0397	0.0524	0.0589	0.0654	0.0699	0.0740	0.0814	0.0712	0.0645	0.0585	0.0603	0.0672	0.0668	0.0513	0.0558	0.0723	0.0682	0.0702	0.0715	0.0598	0.0650	0.0736	0.0785	0.0749	0.0809	0.0814	0.0677	0.0727	0.0822	0.0854	0.0733	0.0860	0.0913	0.0833	0.0786	0.0894	0.0969	0.0950	0.0923	0.0820	0.0893	0.1006	0.1023	0.0966	0.0819	0.0995	0.0907
0.0000	0.0000	0.0000	0.0000	0.0000	0.0190	0.0247	0.0182	0.0236	0.0221	0.0346	0.0286	0.0428	0.0444	0.0358	0.0466	0.0333	0.0389	0.0487	0.0545	0.0524	0.0637	0.0571	0.0571	0.0582	0.0582	0.0573	0.0493	0.0754	0.0704	0.0588	0.0649	0.0602	0.0653	0.0721	0.0644	0.0596	0.0682	0.0574	0.0528	0.0673	0.0652	0.0638	0.0671	0.0634	0.0701	0.0722	0.0786	0.0631	0.0685	0.0764	0.0781	0.0703	0.0715	0.0719	0.0791	0.0816	0.0728	0.0782	0.0850	0.0817	0.0705	0.0878	0.0867	0.0793	0.0785	0.0805	0.0844	0.0634
0.0000	0.0000	0.0000	0.0000	0.0000	0.0027	0.0113	0.0086	0.0305	0.0338	0.0169	0.0228	0.0285	0.0474	0.0311	0.0282	0.0502	0.0220	0.0350	0.0478	0.0496	0.0437	0.0339	0.0354	0.0507	0.0558	0.0530	0.0593	0.0659	0.0622	0.0548	0.0602	0.0660	0.0598	0.0576	0.0533	0.0561	0.0537	0.0582	0.0547	0.0581	0.0704	0.0711	0.0610	0.0665	0.0699	0.0623	0.0594	0.0548	0.0567	0.0596	0.0680	0.0618	0.0609	0.0653	0.0748	0.0785	0.0644	0.0624	0.0717	0.0667	0.0735	0.0774	0.0878	0.0766	0.0750	0.0755	0.0772	0.0663
0.0000	0.0000	0.0000	0.0000	0.0000	0.0000	0.0035	0.0096	0.0027	0.0004	0.0072	0.0506	0.0225	0.0365	0.0325	0.0331	0.0286	0.0414	0.0381	0.0395	0.0342	0.0470	0.0425	0.0423	0.0393	0.0481	0.0377	0.0552	0.0658	0.0652	0.0561	0.0496	0.0691	0.0558	0.0708	0.0600	0.0638	0.0535	0.0493	0.0609	0.0570	0.0574	0.0595	0.0519	0.0641	0.0622	0.0541	0.0536	0.0555	0.0506	0.0621	0.0656	0.0692	0.0633	0.0818	0.0871	0.0733	0.0686	0.0742	0.0773	0.0763	0.0781	0.0768	0.0972	0.1051	0.0943	0.0949	0.0859	0.0777
