0.0000	0.0000	0.0005	0.0081	0.0045	0.0000	0.0055	0.0076	0.0099	0.0047	0.0052	0.0121	0.0289	0.0216	0.0290	0.0398	0.0610	0.0320	0.0316	0.0391	0.0493	0.0404	0.0520	0.0618	0.0695	0.0802	0.0840	0.0650	0.0653	0.0942	0.0882	0.0765	0.0918	0.0891	0.0940	0.0808	0.0901	0.1015	0.1016	0.0693	0.0797	0.0769	0.0777	0.0739	0.0638	0.0714	0.0817	0.0895	0.0585	0.0717	0.0691	0.0803	0.0772	0.0739	0.0659	0.0707	0.0527	0.0528	0.0536	0.0549	0.0417	0.0433	0.0502	0.0504	0.0533	0.0427	0.0340	0.0375	0.0379
0.0000	0.0000	0.0000	0.0091	0.0096	0.0009	0.0087	0.0218	0.0112	0.0102	0.0265	0.0249	0.0243	0.0303	0.0331	0.0354	0.0373	0.0379	0.0477	0.0523	0.0596	0.0620	0.0661	0.0850	0.0949	0.0792	0.0792	0.0819	0.0827	0.1059	0.1227	0.1024	0.0934	0.0905	0.1097	0.1042	0.0983	0.0994	0.0877	0.0844	0.0883	0.0851	0.0737	0.0842	0.0866	0.0747	0.0720	0.0897	0.0865	0.0852	0.0836	0.0687	0.0703	0.0758	0.0807	0.0730	0.0639	0.0578	0.0503	0.0695	0.0539	0.0518	0.0638	0.0590	0.0431	0.0353	0.0274	0.0332	0.0387
0.0000	0.0000	0.0000	0.0000	0.0035	0.0049	0.0027	0.0120	0.0176	0.0216	0.0328	0.0323	0.0402	0.0474	0.0410	0.0480	0.0481	0.0570	0.0536	0.0609	0.0581	0.0604	0.0549	0.0656	0.0843	0.0984	0.0871	0.0820	0.0914	0.0914	0.1113	0.1055	0.1082	0.0944	0.1004	0.1055	0.1180	0.0942	0.1036	0.0996	0.1114	0.1025	0.0870	0.1010	0.0939	0.0880	0.0796	0.0842	0.0769	0.0779	0.0845	0.0887	0.0687	0.0795	0.0871	0.0825	0.0856	0.0625	0.0611	0.0750	0.0729	0.0651	0.0739	0.0677	0.0609	0.0484	0.0406	0.0455	0.0482
0.0000	0.0039	0.0001	0.0000	0.0035	0.0064	0.0148	0.0099	0.0211	0.0245	0.0339	0.0350	0.0421	0.0372	0.0410	0.0598	0.0568	0.0602	0.0499	0.0645	0.0747	0.0749	0.0531	0.0637	0.0858	0.0736	0.0948	0.0945	0.0966	0.0973	0.0964	0.0929	0.1004	0.0958	0.1097	0.1087	0.0993	0.1071	0.1037	0.1079	0.1079	0.1052	0.0964	0.1057	0.0864	0.0933	0.0959	0.0826	0.0849	0.0700	0.0904	0.0969	0.0907	0.0895	0.0902	0.0796	0.0841	0.0792	0.0664	0.0735	0.0783	0.0788	0.0776	0.0673	0.0637	0.0586	0.0562	0.0615	0.0569
0.0000	0.0000	0.0046	0.0134	0.0000	0.0072	0.0242	0.0230	0.0200	0.0258	0.0239	0.0201	0.0309	0.0502	0.0515	0.0536	0.0591	0.0501	0.0567	0.0746	0.0690	0.0661	0.0651	0.0792	0.0861	0.0904	0.0969	0.0886	0.1006	0.0955	0.0804	0.0859	0.1181	0.1111	0.1266	0.1004	0.0971	0.1007	0.0957	0.1078	0.1032	0.0978	0.1097	0.1078	0.0962	0.0908	0.1043	0.1001	0.1013	0.0762	0.0822	0.0886	0.0880	0.0895	0.0929	0.0909	0.0883	0.0910	0.0663	0.0837	0.0935	0.0941	0.0958	0.0828	0.0757	0.0658	0.0692	0.0639	0.0675
0.0000	0.0000	0.0000	0.0086	0.0053	0.0197	0.0231	0.0341	0.0317	0.0372	0.0367	0.0398	0.0445	0.0631	0.0427	0.0496	0.0544	0.0589	0.0724	0.0758	0.0783	0.0842	0.0817	0.0807	0.0851	0.0930	0.0893	0.1006	0.1127	0.1184	0.1102	0.1110	0.1335	0.1405	0.1289	0.1151	0.1069	0.1195	0.1175	0.1124	0.1186	0.1187	0.1199	0.1068	0.1000	0.0946	0.1084	0.1147	0.1048	0.0964	0.0922	0.1016	0.1059	0.1073	0.1077	0.1076	0.1095	0.1033	0.0881	0.0941	0.0919	0.0951	0.0996	0.1235	0.1010	0.0954	0.0831	0.0920	0.0865
0.0000	0.0021	0.0057	0.0000	0.0099	0.0227	0.0246	0.0393	0.0376	0.0276	0.0489	0.0460	0.0527	0.0533	0.0447	0.0636	0.0847	0.0761	0.0680	0.0751	0.0995	0.0991	0.0681	0.0708	0.0939	0.1018	0.1151	0.1102	0.1143	0.1222	0.1174	0.1090	0.1373	0.1567	0.1186	0.1170	0.1117	0.1127	0.1296	0.1302	0.1265	0.1225	0.1380	0.1245	0.1028	0.1224	0.1143	0.1232	0.0985	0.1029	0.1202	0.1256	0.1294	0.1242	0.1171	0.1301	0.1266	0.1094	0.1222	0.1155	0.1132	0.1138	0.1215	0.1355	0.1237	0.1160	0.1134	0.1173	0.1226
0.0000	0.0000	0.0000	0.0000	0.0139	0.0228	0.0239	0.0492	0.0574	0.0402	0.0401	0.0504	0.0559	0.0583	0.0660	0.0788	0.0750	0.0804	0.0741	0.0729	0.1136	0.1011	0.0735	0.0878	0.1184	0.1225	0.1114	0.1047	0.1324	0.1166	0.1290	0.1024	0.1315	0.1415	0.1488	0.1292	0.1242	0.1472	0.1415	0.1426	0.1419	0.1334	0.1311	0.1271	0.1217	0.1324	0.1360	0.1379	0.1328	0.1166	0.1184	0.1248	0.1223	0.1276	0.1422	0.1395	0.1354	0.1299	0.1532	0.1222	0.1303	0.1474	0.1519	0.1546	0.1441	0.1438	0.1500	0.1422	0.1527
0.0000	0.0000	0.0086	0.0182	0.0240	0.0159	0.0290	0.0359	0.0506	0.0496	0.0410	0.0380	0.0646	0.0870	0.0692	0.0712	0.0789	0.0853	0.0765	0.0916	0.1027	0.0973	0.1016	0.0923	0.1188	0.1137	0.1056	0.1087	0.1492	0.1334	0.1299	0.1365	0.1424	0.1463	0.1733	0.1465	0.1410	0.1714	0.1610	0.1540	0.1476	0.1364	0.1453	0.1472	0.1402	0.1480	0.1419	0.1613	0.1519	0.1492	0.1616	0.1481	0.1507	0.1699	0.1758	0.1687	0.1687	0.1527	0.1645	0.1518	0.1671	0.1700	0.1721	0.1665	0.1593	0.1500	0.1614	0.1679	0.1728
0.0000	0.0000	0.0119	0.0227	0.0319	0.0362	0.0551	0.0468	0.0669	0.0606	0.0579	0.0451	0.0756	0.0916	0.0719	0.0827	0.1004	0.0966	0.1038	0.1065	0.1168	0.1063	0.1036	0.1158	0.1200	0.1326	0.1266	0.1257	0.1499	0.1496	0.1536	0.1418	0.1523	0.1603	0.1628	0.1557	0.1641	0.1872	0.1816	0.1784	0.1631	0.1528	0.1517	0.1772	0.1598	0.1733	0.1975	0.1901	0.1620	0.1605	0.1961	0.1815	0.1790	0.1936	0.2475	0.2464	0.2275	0.2064	0.1866	0.1772	0.1853	0.1889	0.1885	0.2022	0.1756	0.1899	0.1836	0.1908	0.2029
0.0106	0.0056	0.0251	0.0231	0.0315	0.0587	0.0694	0.0661	0.0521	0.0575	0.0536	0.0579	0.0783	0.0990	0.0970	0.0963	0.0877	0.1078	0.1104	0.1111	0.1146	0.1076	0.1052	0.1201	0.1381	0.1465	0.1573	0.1606	0.1552	0.1806	0.1795	0.1799	0.1727	0.1906	0.1936	0.1874	0.1928	0.2024	0.2006	0.2017	0.2018	0.1789	0.1999	0.2006	0.1981	0.2011	0.2103	0.2207	0.2061	0.1986	0.2331	0.2402	0.2516	0.3177	0.5025	0.5483	0.4241	0.2745	0.2258	0.2161	0.2055	0.2032	0.2182	0.2326	0.2088	0.1949	0.1966	0.1972	0.2098
0.0076	0.0200	0.0405	0.0286	0.0292	0.0609	0.0599	0.0637	0.0541	0.0592	0.0577	0.0724	0.0941	0.1008	0.0883	0.1152	0.1215	0.1110	0.1210	0.1261	0.1286	0.1345	0.1237	0.1429	0.1728	0.1711	0.1836	0.2035	0.2435	0.2923	0.2881	0.2239	0.2445	0.2468	0.2482	0.2120	0.2471	0.2719	0.2801	0.3632	0.2656	0.2106	0.2408	0.2217	0.2318	0.2263	0.2380	0.2515	0.2460	0.2461	0.2807	0.3042	0.3409	0.5500	0.7574	0.7254	0.6575	0.4602	0.2620	0.2437	0.2369	0.2396	0.2376	0.2494	0.2592	0.2190	0.1914	0.2128	0.2353
0.0294	0.0276	0.0378	0.0332	0.0456	0.0396	0.0533	0.0593	0.0821	0.0867	0.0935	0.0881	0.1015	0.0975	0.0896	0.1210	0.1294	0.1373	0.1415	0.1621	0.1635	0.1586	0.1758	0.1927	0.2241	0.2439	0.2639	0.3813	0.4989	0.6334	0.5817	0.3799	0.4722	0.5149	0.5464	0.4682	0.4799	0.4781	0.5697	0.7382	0.4472	0.2791	0.2833	0.2847	0.2624	0.2688	0.2971	0.2991	0.3073	0.2969	0.3185	0.3570	0.4245	0.6717	0.7518	0.7180	0.6742	0.5354	0.3455	0.3019	0.3128	0.3919	0.4098	0.3714	0.3570	0.2973	0.2323	0.2362	0.2369
0.0254	0.0274	0.0298	0.0445	0.0489	0.0413	0.0689	0.0747	0.0803	0.0709	0.0894	0.1014	0.1113	0.1075	0.1099	0.1412	0.1649	0.1887	0.2087	0.2325	0.2216	0.2273	0.2774	0.3043	0.3347	0.3644	0.4903	0.7726	0.7797	0.8360	0.8914	0.8010	0.8917	0.8904	0.8732	0.7841	0.8187	0.8008	0.8185	0.7984	0.6141	0.3653	0.3695	0.3519	0.3455	0.3616	0.3401	0.3399	0.3431	0.3552	0.3915	0.4399	0.5054	0.7183	0.7258	0.6831	0.6546	0.6036	0.5433	0.4763	0.5329	0.5820	0.5470	0.5137	0.4549	0.3509	0.2617	0.2483	0.2473
0.0174	0.0167	0.0342	0.0657	0.0504	0.0639	0.0700	0.0908	0.0984	0.0912	0.1026	0.1199	0.1487	0.1310	0.1617	0.1842	0.2557	0.2757	0.3107	0.3404	0.3620	0.4452	0.4919	0.5352	0.5736	0.6470	0.7798	0.8818	0.8485	0.8943	0.8693	0.9098	0.9745	0.9193	0.8726	0.8175	0.8386	0.8462	0.8529	0.8602	0.7603	0.5155	0.4884	0.4970	0.4839	0.5943	0.5997	0.5149	0.4555	0.3933	0.4225	0.4375	0.5705	0.7141	0.7037	0.6950	0.7094	0.6491	0.6502	0.6308	0.5972	0.5514	0.5248	0.5118	0.4613	0.3741	0.2768	0.2459	0.2413
0.0051	0.0311	0.0541	0.0606	0.0700	0.0813	0.0800	0.1120	0.1165	0.1141	0.1391	0.1737	0.2077	0.2398	0.3015	0.3750	0.4722	0.4923	0.6419	0.6946	0.6784	0.7384	0.7136	0.7717	0.7848	0.8029	0.7936	0.7844	0.8064	0.8123	0.8117	0.9369	0.9612	0.9505	0.8659	0.8544	0.8750	0.8702	0.8482	0.8804	0.8773	0.7818	0.8248	0.8042	0.7725	0.8942	0.8360	0.7666	0.6677	0.4361	0.4182	0.4876	0.5817	0.6954	0.7167	0.7476	0.6608	0.6124	0.6248	0.6557	0.6052	0.5425	0.5281	0.5108	0.4423	0.3805	0.2820	0.2651	0.3087
0.0305	0.0334	0.0533	0.0669	0.1019	0.1107	0.1218	0.1627	0.1780	0.2204	0.2643	0.3612	0.4607	0.4537	0.5245	0.6804	0.7299	0.7717	0.7964	0.8424	0.7984	0.7609	0.7016	0.6780	0.7034	0.7100	0.7241	0.7180	0.6891	0.7225	0.8181	0.8744	0.8812	0.8603	0.8868	0.8053	0.8170	0.8376	0.8213	0.8134	0.8436	0.8270	0.9307	0.9638	0.9232	0.8826	0.8569	0.8345	0.7328	0.4875	0.4329	0.5123	0.5559	0.6699	0.7336	0.7041	0.6630	0.6472	0.6203	0.6348	0.5792	0.5084	0.5296	0.5146	0.4539	0.3897	0.3208	0.3241	0.3828
0.0552	0.0878	0.1083	0.1379	0.1843	0.2287	0.2554	0.3206	0.3865	0.3876	0.4757	0.6322	0.7502	0.7094	0.7199	0.7839	0.7936	0.8133	0.7756	0.7493	0.7596	0.7090	0.5988	0.6028	0.6239	0.6226	0.6741	0.6771	0.6069	0.7186	0.8044	0.7979	0.8007	0.8378	0.8383	0.7466	0.7885	0.7976	0.8022	0.8209	0.8062	0.7913	0.8295	0.8711	0.8372	0.7960	0.8665	0.8428	0.7736	0.5504	0.5096	0.5931	0.6922	0.6971	0.6826	0.6569	0.6178	0.6242	0.6295	0.5696	0.5165	0.4987	0.4955	0.5077	0.4654	0.4059	0.3203	0.3328	0.3573
0.1256	0.2048	0.2954	0.3904	0.4256	0.5139	0.5887	0.6370	0.6994	0.6203	0.6666	0.7625	0.7898	0.7786	0.7373	0.7744	0.7541	0.7073	0.6764	0.6182	0.6091	0.6248	0.6537	0.5873	0.5588	0.6013	0.6512	0.6133	0.6157	0.7099	0.7311	0.7521	0.7912	0.8417	0.8029	0.7623	0.7551	0.7503	0.7771	0.7975	0.7409	0.7268	0.8023	0.8001	0.8223	0.8679	0.8180	0.7869	0.7691	0.7119	0.6871	0.7252	0.7907	0.7524	0.6829	0.6063	0.5562	0.5379	0.5471	0.5172	0.4908	0.4748	0.4902	0.4492	0.4304	0.4123	0.3637	0.3163	0.3665
0.2331	0.3606	0.4613	0.5480	0.5913	0.6487	0.6660	0.6557	0.6499	0.6217	0.6751	0.6360	0.7010	0.6918	0.6732	0.6680	0.6117	0.6395	0.5806	0.5811	0.5779	0.6316	0.6103	0.5709	0.5694	0.5952	0.6058	0.6185	0.6345	0.6738	0.6798	0.6929	0.7459	0.7559	0.7512	0.7638	0.7164	0.7229	0.7022	0.7127	0.7106	0.7218	0.7467	0.7384	0.7900	0.7696	0.7340	0.7570	0.7820	0.7531	0.7413	0.7358	0.6850	0.6801	0.6453	0.6136	0.5792	0.5386	0.5144	0.4823	0.4848	0.4525	0.4738	0.4349	0.4149	0.4224	0.4139	0.3699	0.3466
0.2494	0.3311	0.3660	0.3921	0.4475	0.5072	0.4965	0.4595	0.4376	0.4483	0.5141	0.5302	0.6073	0.6054	0.5405	0.5576	0.5481	0.5886	0.5679	0.5542	0.5815	0.6010	0.5597	0.5655	0.5458	0.6573	0.6131	0.6229	0.6146	0.6252	0.6728	0.6621	0.6790	0.7248	0.7462	0.7389	0.7571	0.7341	0.6626	0.6595	0.6553	0.6507	0.7000	0.6920	0.6609	0.6592	0.7051	0.7169	0.6759	0.6620	0.6858	0.6648	0.6110	0.6392	0.5870	0.5735	0.5560	0.5219	0.5128	0.4684	0.4640	0.4840	0.4697	0.4187	0.4102	0.4048	0.4124	0.3835	0.3378
0.2696	0.3073	0.3744	0.3345	0.3289	0.3635	0.3681	0.3918	0.3838	0.4005	0.4240	0.4847	0.5225	0.5273	0.4763	0.5080	0.5661	0.5670	0.5896	0.5707	0.5653	0.5831	0.5674	0.5595	0.5912	0.6369	0.6230	0.6260	0.6147	0.6448	0.6616	0.6574	0.6801	0.7094	0.7421	0.6945	0.7074	0.7141	0.6427	0.6482	0.6737	0.6379	0.6632	0.6615	0.6353	0.6675	0.6663	0.6528	0.6066	0.6256	0.6676	0.6508	0.6027	0.5769	0.5519	0.5816	0.5494	0.5175	0.4947	0.4504	0.4407	0.4598	0.4396	0.3790	0.3833	0.3792	0.3395	0.3428	0.3207
0.2174	0.2469	0.3124	0.3036	0.3200	0.3201	0.3659	0.3618	0.3466	0.3486	0.3724	0.4297	0.4545	0.4933	0.4671	0.5298	0.5985	0.5763	0.5454	0.5331	0.5549	0.6255	0.5857	0.5902	0.6077	0.6154	0.6597	0.6449	0.6423	0.6591	0.6622	0.6471	0.7106	0.7167	0.6907	0.6802	0.6971	0.6759	0.6661	0.6355	0.6528	0.6279	0.6168	0.6065	0.6560	0.6582	0.6246	0.6188	0.5883	0.5996	0.5787	0.6078	0.5789	0.5371	0.5610	0.5402	0.5307	0.4803	0.4469	0.4831	0.4428	0.4470	0.4202	0.3921	0.3723	0.3544	0.3193	0.3124	0.3083
0.2218	0.2373	0.2914	0.3155	0.3258	0.3296	0.3595	0.3558	0.3445	0.3296	0.3605	0.4080	0.4359	0.4814	0.4604	0.5282	0.5828	0.5891	0.5719	0.5535	0.5513	0.5805	0.5836	0.5575	0.6288	0.5975	0.6573	0.6766	0.6837	0.6643	0.6675	0.6662	0.7029	0.7395	0.6937	0.6639	0.6792	0.6576	0.6316	0.6147	0.5923	0.6078	0.6038	0.6531	0.6319	0.6143	0.6491	0.6123	0.5792	0.5638	0.5501	0.5636	0.5704	0.5442	0.5156	0.5492	0.5351	0.4910	0.4773	0.4639	0.4427	0.4336	0.4110	0.3671	0.3502	0.3503	0.3166	0.3023	0.3017
0.2294	0.2383	0.2757	0.3211	0.3152	0.3369	0.3566	0.3510	0.3648	0.3555	0.3853	0.3967	0.4423	0.4537	0.4731	0.4853	0.5165	0.5452	0.5749	0.5883	0.5391	0.5547	0.5335	0.5746	0.5853	0.6115	0.6257	0.6209	0.6928	0.6917	0.6663	0.7231	0.7146	0.7330	0.6999	0.7085	0.7216	0.6441	0.6696	0.6284	0.5975	0.6138	0.6247	0.5874	0.5970	0.5776	0.5894	0.5893	0.5849	0.5457	0.5626	0.5176	0.5203	0.5148	0.5351	0.5621	0.5333	0.4906	0.4724	0.4804	0.4766	0.4292	0.4267	0.3698	0.3768	0.3471	0.3185	0.3236	0.3003
0.2281	0.2510	0.2951	0.3373	0.3438	0.3327	0.3567	0.3454	0.3317	0.3488	0.3853	0.3910	0.4467	0.4415	0.4806	0.4967	0.5164	0.5100	0.5152	0.5412	0.5444	0.5276	0.5194	0.5237	0.5738	0.6043	0.5946	0.6071	0.6451	0.6668	0.7069	0.6866	0.7022	0.6969	0.6958	0.6534	0.6457	0.6412	0.6302	0.6124	0.6073	0.6137	0.5897	0.5629	0.5901	0.6040	0.5739	0.5996	0.6091	0.5746	0.5706	0.5325	0.5204	0.5548	0.5363	0.5486	0.5416	0.4969	0.4881	0.4471	0.4677	0.4406	0.4320	0.4027	0.3932	0.3677	0.3291	0.3307	0.3235
0.2089	0.2374	0.2871	0.3276	0.3380	0.3246	0.3229	0.3494	0.3671	0.3549	0.3847	0.4046	0.4454	0.4498	0.4706	0.5086	0.4907	0.4906	0.5589	0.5577	0.5438	0.5196	0.5578	0.5746	0.5635	0.5845	0.5992	0.5789	0.5782	0.6389	0.6465	0.6497	0.6927	0.6700	0.6460	0.6300	0.6065	0.6123	0.6252	0.6249	0.6175	0.5697	0.5881	0.5938	0.6240	0.5955	0.5713	0.5625	0.5436	0.5679	0.5906	0.5424	0.5278	0.5396	0.5138	0.5374	0.4934	0.5018	0.4665	0.4636	0.4562	0.4280	0.4204	0.3824	0.3797	0.3393	0.3265	0.3430	0.3246
0.2132	0.2430	0.2846	0.3054	0.2984	0.3114	0.3283	0.3195	0.3416	0.3642	0.3587	0.4102	0.4433	0.4415	0.4868	0.4980	0.4953	0.4958	0.5106	0.5757	0.5737	0.5168	0.5420	0.6040	0.5899	0.5874	0.5964	0.5995	0.5786	0.5856	0.6167	0.6426	0.6783	0.6353	0.6029	0.6277	0.6166	0.6127	0.6072	0.5922	0.6136	0.6005	0.6045	0.5562	0.5918	0.5536	0.6057	0.5971	0.5922	0.5291	0.5955	0.5623	0.5835	0.5477	0.5364	0.5387	0.5020	0.4579	0.4522	0.4827	0.4891	0.4634	0.4565	0.3773	0.3853	0.3661	0.3462	0.3460	0.3566
0.1961	0.2677	0.2776	0.2908	0.3075	0.3194	0.3281	0.3492	0.3509	0.3462	0.3897	0.4182	0.4068	0.4239	0.4779	0.4634	0.4879	0.5120	0.5336	0.5433	0.5729	0.5323	0.5456	0.5696	0.5723	0.5446	0.6038	0.6216	0.6492	0.6204	0.6124	0.6581	0.6592	0.6312	0.5924	0.6022	0.6147	0.6064	0.6128	0.5907	0.6003	0.6251	0.6204	0.5727	0.5651	0.5797	0.5928	0.5894	0.5895	0.5505	0.5693	0.5539	0.5518	0.5577	0.5190	0.5000	0.4995	0.4818	0.5017	0.4730	0.4792	0.4531	0.4189	0.4019	0.4004	0.3828	0.3545	0.3374	0.3468
0.2012	0.2411	0.2694	0.3009	0.3142	0.3044	0.3347	0.3231	0.3495	0.3375	0.3578	0.4251	0.4353	0.4319	0.4421	0.5002	0.5309	0.5358	0.5757	0.5688	0.5557	0.5406	0.5370	0.5901	0.5821	0.5847	0.6079	0.6629	0.6806	0.6616	0.6590	0.6378	0.6775	0.6563	0.6023	0.5940	0.6453	0.6106	0.6259	0.6140	0.6234	0.6312	0.6030	0.6322	0.6028	0.5570	0.5932	0.5773	0.5457	0.5453	0.5431	0.5519	0.5413	0.5454	0.5412	0.5188	0.4801	0.4825	0.4973	0.4674	0.4811	0.4613	0.4347	0.4130	0.4156	0.3850	0.3538	0.3613	0.3540
0.1874	0.2196	0.2610	0.2756	0.2916	0.3270	0.3283	0.3335	0.3350	0.3573	0.3638	0.4265	0.4546	0.4361	0.4327	0.4885	0.5553	0.5492	0.5602	0.5780	0.5652	0.5842	0.5607	0.5942	0.6166	0.6009	0.5680	0.6207	0.6898	0.6550	0.6605	0.6411	0.6498	0.6748	0.6668	0.6271	0.6326	0.5963	0.5965	0.6206	0.6064	0.6425	0.6077	0.6179	0.5990	0.5587	0.5774	0.5668	0.5707	0.5656	0.5695	0.5885	0.5876	0.5562	0.5281	0.4976	0.5061	0.4971	0.5013	0.4826	0.4698	0.4634	0.4599	0.4152	0.4137	0.3869	0.3478	0.3555	0.3140
0.1743	0.2269	0.2251	0.2555	0.2704	0.2861	0.3119	0.3247	0.3498	0.3441	0.3648	0.3989	0.4443	0.4443	0.4613	0.4979	0.5305	0.5248	0.5468	0.5499	0.5686	0.5903	0.5924	0.6008	0.6563	0.6575	0.6011	0.6390	0.6733	0.6710	0.6650	0.6911	0.6851	0.6413	0.6774	0.6353	0.6153	0.6357	0.6162	0.6000	0.5953	0.5875	0.6494	0.5862	0.5946	0.5711	0.5801	0.5936	0.5652	0.5594	0.5997	0.5684	0.5631	0.5820	0.5426	0.5078	0.5141	0.5264	0.4880	0.4972	0.4913	0.4787	0.4659	0.4619	0.4127	0.3978	0.3733	0.3739	0.3376
0.1738	0.2262	0.2304	0.2519	0.2830	0.2886	0.3033	0.3120	0.3169	0.3191	0.3337	0.3873	0.4123	0.4422	0.4701	0.4750	0.5146	0.5347	0.5607	0.5961	0.5901	0.5922	0.5777	0.6338	0.6549	0.6302	0.6466	0.6596	0.6845	0.6486	0.7121	0.7219	0.7190	0.6667	0.6945	0.6450	0.6574	0.6565	0.6139	0.6123	0.6395	0.6101	0.6189	0.5961	0.6105	0.5621	0.5701	0.6043	0.6092	0.5680	0.5518	0.5702	0.5879	0.5601	0.5417	0.5280	0.5533	0.5462	0.4965	0.4986	0.4891	0.5008	0.5045	0.4659	0.4138	0.3854	0.3944	0.3785	0.3604
0.1918	0.2204	0.2370	0.2563	0.2538	0.2565	0.2721	0.3183	0.3131	0.3239	0.3489	0.3791	0.4149	0.4617	0.4664	0.4990	0.4740	0.5179	0.5242	0.5920	0.6162	0.5606	0.5631	0.5763	0.6160	0.6576	0.6021	0.6570	0.6957	0.6652	0.7002	0.7528	0.7410	0.7343	0.7091	0.6540	0.6104	0.6176	0.6697	0.6345	0.6123	0.6078	0.6336	0.6108	0.5743	0.5886	0.5804	0.5644	0.5934	0.6040	0.5782	0.5527	0.5683	0.5380	0.5453	0.5384	0.5290	0.5062	0.5298	0.5097	0.5186	0.5274	0.4922	0.4737	0.4363	0.4197	0.4143	0.3924	0.4127
0.1893	0.2218	0.2325	0.2231	0.2500	0.2679	0.2809	0.3146	0.3341	0.3256	0.3455	0.3874	0.4270	0.4563	0.4705	0.4805	0.4868	0.5311	0.5261	0.5570	0.5897	0.5789	0.5658	0.5895	0.6273	0.6677	0.6639	0.6424	0.6499	0.6625	0.6498	0.7104	0.7377	0.7495	0.7811	0.7268	0.6648	0.6447	0.6699	0.6152	0.6413	0.6229	0.6374	0.6320	0.6041	0.6044	0.5877	0.5949	0.5572	0.6217	0.5951	0.6006	0.5905	0.5793	0.5774	0.5521	0.5514	0.5445	0.5309	0.5107	0.5204	0.5012	0.4928	0.4710	0.4643	0.4513	0.4312	0.4344	0.3682
0.2056	0.2089	0.2250	0.2372	0.2374	0.2778	0.3272	0.3691	0.3616	0.3658	0.3914	0.4379	0.4284	0.4565	0.4742	0.5097	0.5047	0.5580	0.5679	0.5813	0.5643	0.5746	0.5602	0.5868	0.6323	0.6160	0.6284	0.6299	0.6408	0.6311	0.6360	0.6688	0.7286	0.7748	0.7659	0.7532	0.7295	0.7022	0.6252	0.5991	0.6482	0.6207	0.6547	0.6673	0.6341	0.6292	0.6510	0.6348	0.6242	0.6273	0.6278	0.6592	0.6226	0.6031	0.6093	0.6084	0.5726	0.5777	0.5461	0.5259	0.5290	0.5347	0.5636	0.4981	0.4688	0.4486	0.4453	0.4434	0.4046
0.1949	0.2000	0.2592	0.2589	0.2745	0.3087	0.3793	0.3867	0.3912	0.4341	0.4191	0.4897	0.4906	0.4663	0.4964	0.5355	0.5663	0.6273	0.6351	0.6353	0.6083	0.5865	0.5578	0.6079	0.5857	0.5995	0.5850	0.6380	0.6629	0.6417	0.6422	0.6790	0.7105	0.7653	0.7592	0.7555	0.7710	0.7461	0.6926	0.6220	0.6283	0.6669	0.6432	0.6748	0.6591	0.6516	0.6633	0.6503	0.7003	0.6657	0.6486	0.6559	0.6620	0.6469	0.6354	0.6295	0.6219	0.6246	0.6216	0.5655	0.5247	0.5491	0.5556	0.5070	0.4906	0.4611	0.4409	0.4144	0.4498
0.2303	0.2868	0.3248	0.3304	0.3748	0.4129	0.4731	0.4986	0.4793	0.4613	0.4825	0.5134	0.5563	0.5630	0.5891	0.6459	0.7025	0.7753	0.7219	0.7207	0.6803	0.6450	0.6128	0.5977	0.5916	0.6495	0.6317	0.6452	0.6979	0.6582	0.6823	0.6823	0.7071	0.7789	0.8204	0.7731	0.7893	0.7943	0.7728	0.7011	0.7055	0.6612	0.6738	0.6899	0.7070	0.7007	0.7076	0.7419	0.7560	0.7468	0.7218	0.7204	0.7347	0.7195	0.6889	0.6969	0.7031	0.6827	0.6659	0.5972	0.5790	0.5871	0.5514	0.5365	0.5428	0.5087	0.4998	0.4601	0.4877
0.2811	0.3941	0.4667	0.5184	0.5561	0.6050	0.6251	0.6514	0.6351	0.6113	0.6467	0.6498	0.6316	0.6773	0.6761	0.7168	0.8025	0.8077	0.7603	0.7577	0.6845	0.6862	0.6543	0.5720	0.6130	0.6028	0.6311	0.6324	0.6507	0.6557	0.6944	0.7288	0.7616	0.7950	0.8628	0.8406	0.8119	0.8212	0.7991	0.7553	0.7474	0.7477	0.7711	0.7702	0.7614	0.7867	0.7887	0.8155	0.8135	0.8201	0.7781	0.8091	0.8071	0.8130	0.7597	0.7576	0.7470	0.6991	0.6650	0.6864	0.6865	0.6528	0.6373	0.5801	0.5525	0.5446	0.5039	0.4812	0.4900
0.1654	0.3101	0.4317	0.5730	0.6541	0.6892	0.7593	0.7863	0.7418	0.7760	0.7955	0.7921	0.7413	0.7781	0.8074	0.8565	0.8692	0.8762	0.8174	0.8075	0.7667	0.7592	0.6889	0.6451	0.6109	0.5747	0.5901	0.6204	0.6227	0.6602	0.7004	0.7284	0.8095	0.8465	0.8687	0.8512	0.9004	0.8527	0.8598	0.7821	0.7752	0.8228	0.8513	0.8616	0.8713	0.8833	0.8933	0.9138	0.9221	0.9273	0.8776	0.8497	0.8650	0.8499	0.6934	0.6347	0.7226	0.7358	0.7352	0.7408	0.7669	0.7008	0.6915	0.6422	0.5918	0.5491	0.5565	0.5265	0.5048
0.0468	0.1093	0.1524	0.2105	0.2707	0.3417	0.3738	0.4296	0.4850	0.5809	0.6805	0.7336	0.8194	0.8699	0.8882	0.9013	0.8950	0.8888	0.8819	0.8763	0.8899	0.8227	0.7478	0.7080	0.6661	0.6186	0.6262	0.6177	0.6962	0.7186	0.7570	0.7964	0.8585	0.9155	0.9369	0.9172	0.9192	0.8730	0.8883	0.8766	0.8739	0.8590	0.9260	0.9043	0.9219	0.9132	0.9509	0.9398	0.9396	0.7793	0.6855	0.6948	0.6459	0.5521	0.4613	0.4463	0.4888	0.5990	0.7152	0.8292	0.8034	0.7700	0.7353	0.7125	0.6331	0.5969	0.5698	0.5631	0.5125
0.0211	0.0406	0.0684	0.0712	0.0813	0.1054	0.1186	0.1538	0.2051	0.2543	0.3254	0.3899	0.5226	0.6233	0.7538	0.8129	0.8550	0.8735	0.8562	0.8413	0.9074	0.7866	0.7736	0.7881	0.7399	0.7313	0.7204	0.6923	0.7827	0.8244	0.8536	0.8696	0.9257	0.9465	0.9666	1.0000	0.9422	0.9301	0.8807	0.8838	0.9049	0.8486	0.8628	0.8178	0.8763	0.8596	0.8310	0.8719	0.7367	0.4244	0.3728	0.3896	0.3752	0.3496	0.3495	0.3812	0.3948	0.4162	0.5125	0.7131	0.7215	0.7723	0.7658	0.7131	0.6525	0.6244	0.6008	0.5176	0.4875
0.0162	0.0321	0.0517	0.0662	0.0655	0.0708	0.0875	0.0879	0.1088	0.1300	0.1323	0.1553	0.1963	0.2250	0.2930	0.3890	0.5181	0.6378	0.7364	0.7515	0.7790	0.8293	0.8181	0.8258	0.8113	0.7925	0.7974	0.8066	0.8785	0.9429	0.9043	0.8855	0.9233	0.9780	0.9097	0.8796	0.9336	0.9420	0.8733	0.8572	0.9095	0.8285	0.8054	0.7847	0.7998	0.6725	0.4828	0.5755	0.3941	0.2844	0.2895	0.2825	0.2949	0.2983	0.3178	0.3491	0.3752	0.3823	0.4007	0.4511	0.5615	0.7732	0.7959	0.7001	0.6346	0.6427	0.6000	0.5557	0.5265
0.0138	0.0296	0.0344	0.0572	0.0581	0.0619	0.0600	0.0684	0.0576	0.0873	0.0889	0.1102	0.1154	0.1214	0.1547	0.1811	0.2162	0.2389	0.2774	0.3443	0.4268	0.5569	0.6526	0.7217	0.7024	0.6278	0.5225	0.5046	0.5104	0.5396	0.5808	0.5854	0.5335	0.5368	0.5181	0.6070	0.7845	0.8633	0.8775	0.8767	0.8624	0.8933	0.8270	0.7914	0.7901	0.6176	0.2895	0.2458	0.2434	0.2445	0.2372	0.2339	0.2236	0.2438	0.2750	0.2998	0.3228	0.3280	0.3314	0.3723	0.4168	0.5851	0.6931	0.7345	0.6736	0.6602	0.6340	0.5835	0.5416
0.0195	0.0103	0.0387	0.0571	0.0474	0.0500	0.0660	0.0743	0.0582	0.0909	0.0704	0.0741	0.0946	0.1003	0.1102	0.1296	0.1324	0.1374	0.1478	0.1495	0.1635	0.2036	0.2045	0.2871	0.3570	0.2810	0.2231	0.1961	0.2192	0.2037	0.2096	0.2501	0.2518	0.2394	0.2606	0.2953	0.3989	0.5260	0.6887	0.7318	0.6873	0.7539	0.7469	0.6742	0.6381	0.4695	0.1970	0.1825	0.1848	0.1968	0.1958	0.1824	0.1936	0.2021	0.2221	0.2352	0.2318	0.2544	0.2715	0.2844	0.2955	0.3325	0.3929	0.5207	0.6140	0.6345	0.6039	0.4671	0.3796
0.0198	0.0143	0.0287	0.0317	0.0316	0.0405	0.0520	0.0614	0.0682	0.0682	0.0651	0.0703	0.0912	0.0848	0.0870	0.0931	0.1009	0.1102	0.1126	0.1231	0.1327	0.1279	0.1273	0.1265	0.1427	0.1311	0.1412	0.1462	0.1558	0.1586	0.1648	0.1702	0.1942	0.1777	0.1963	0.1874	0.1976	0.2248	0.2615	0.2642	0.2658	0.3346	0.3249	0.2701	0.2446	0.2233	0.1532	0.1585	0.1507	0.1510	0.1547	0.1422	0.1616	0.1517	0.1702	0.1719	0.1830	0.1922	0.1999	0.2213	0.2338	0.2468	0.2553	0.2820	0.3957	0.4595	0.4110	0.2828	0.2362
0.0000	0.0080	0.0254	0.0256	0.0363	0.0459	0.0611	0.0662	0.0610	0.0562	0.0684	0.0675	0.0782	0.0660	0.0663	0.0862	0.0966	0.0885	0.0989	0.1060	0.1058	0.0993	0.1055	0.1128	0.1084	0.1212	0.1199	0.1162	0.1221	0.1306	0.1235	0.1166	0.1220	0.1262	0.1384	0.1329	0.1435	0.1446	0.1386	0.1340	0.1401	0.1467	0.1496	0.1484	0.1486	0.1412	0.1407	0.1372	0.1301	0.1303	0.1360	0.1334	0.1315	0.1295	0.1307	0.1445	0.1587	0.1588	0.1557	0.1619	0.1725	0.1686	0.1790	0.1805	0.1822	0.1967	0.1945	0.1878	0.1885
0.0036	0.0119	0.0300	0.0223	0.0293	0.0409	0.0443	0.0584	0.0473	0.0377	0.0563	0.0636	0.0623	0.0594	0.0718	0.0757	0.0885	0.0790	0.0861	0.0949	0.0885	0.0813	0.0853	0.0957	0.1056	0.1026	0.0944	0.1084	0.1067	0.1104	0.0995	0.0947	0.0968	0.0970	0.1109	0.1056	0.1116	0.1159	0.1123	0.1121	0.1135	0.1116	0.1224	0.1154	0.1170	0.1174	0.1162	0.1244	0.1133	0.1060	0.1189	0.1246	0.1198	0.1149	0.1144	0.1330	0.1389	0.1291	0.1358	0.1402	0.1496	0.1451	0.1567	0.1545	0.1381	0.1376	0.1419	0.1555	0.1370
0.0000	0.0105	0.0296	0.0128	0.0268	0.0523	0.0327	0.0528	0.0499	0.0494	0.0541	0.0628	0.0592	0.0503	0.0651	0.0692	0.0745	0.0784	0.0802	0.0768	0.0825	0.0788	0.0801	0.0920	0.0863	0.0901	0.0864	0.0928	0.0925	0.1016	0.0871	0.0916	0.0880	0.0900	0.0966	0.0969	0.0962	0.0879	0.0883	0.0806	0.0855	0.0864	0.0989	0.0975	0.0901	0.0957	0.0971	0.1010	0.0853	0.0829	0.0907	0.1019	0.0987	0.0932	0.1024	0.1010	0.1037	0.1122	0.1195	0.1288	0.1194	0.1134	0.1120	0.1116	0.1054	0.1060	0.1169	0.1224	0.1187
0.0041	0.0110	0.0246	0.0177	0.0091	0.0318	0.0369	0.0329	0.0411	0.0376	0.0454	0.0515	0.0466	0.0477	0.0608	0.0641	0.0572	0.0629	0.0665	0.0685	0.0766	0.0734	0.0813	0.0894	0.0813	0.0809	0.0907	0.0752	0.0826	0.0848	0.0827	0.0805	0.0866	0.0857	0.0789	0.0770	0.0707	0.0845	0.0914	0.0799	0.0792	0.0809	0.0845	0.0785	0.0828	0.0832	0.0852	0.0792	0.0742	0.0787	0.0764	0.0790	0.0756	0.0729	0.0817	0.0829	0.0819	0.0864	0.0915	0.1025	0.1026	0.0914	0.0811	0.0851	0.0889	0.0877	0.0978	0.1099	0.1009
0.0051	0.0010	0.0139	0.0163	0.0111	0.0240	0.0271	0.0315	0.0304	0.0335	0.0380	0.0429	0.0380	0.0381	0.0442	0.0614	0.0709	0.0714	0.0637	0.0606	0.0723	0.0645	0.0778	0.0832	0.0804	0.0806	0.0801	0.0729	0.0802	0.0693	0.0737	0.0697	0.0755	0.0764	0.0748	0.0773	0.0877	0.0903	0.0779	0.0811	0.0821	0.0746	0.0728	0.0788	0.0716	0.0643	0.0743	0.0687	0.0713	0.0745	0.0638	0.0658	0.0593	0.0666	0.0752	0.0722	0.0640	0.0608	0.0761	0.0833	0.0775	0.0718	0.0662	0.0695	0.0735	0.0821	0.0828	0.0800	0.0733
0.0000	0.0000	0.0112	0.0113	0.0109	0.0159	0.0176	0.0251	0.0232	0.0442	0.0324	0.0375	0.0418	0.0538	0.0454	0.0525	0.0640	0.0628	0.0579	0.0588	0.0575	0.0602	0.0687	0.0658	0.0591	0.0725	0.0701	0.0770	0.0728	0.0618	0.0659	0.0653	0.0649	0.0788	0.0685	0.0773	0.0770	0.0725	0.0737	0.0667	0.0667	0.0645	0.0698	0.0657	0.0687	0.0666	0.0629	0.0583	0.0636	0.0619	0.0587	0.0641	0.0565	0.0633	0.0738	0.0589	0.0642	0.0607	0.0585	0.0720	0.0751	0.0717	0.0660	0.0641	0.0667	0.0639	0.0538	0.0579	0.0497
0.0000	0.0000	0.0235	0.0164	0.0093	0.0051	0.0140	0.0323	0.0156	0.0208	0.0365	0.0320	0.0356	0.0401	0.0475	0.0455	0.0430	0.0451	0.0445	0.0474	0.0535	0.0592	0.0543	0.0546	0.0572	0.0620	0.0597	0.0573	0.0598	0.0600	0.0610	0.0665	0.0670	0.0710	0.0621	0.0559	0.0595	0.0597	0.0657	0.0603	0.0589	0.0637	0.0676	0.0668	0.0606	0.0630	0.0560	0.0603	0.0581	0.0520	0.0544	0.0592	0.0496	0.0552	0.0554	0.0554	0.0588	0.0480	0.0499	0.0621	0.0589	0.0538	0.0470	0.0590	0.0599	0.0577	0.0519	0.0391	0.0435
0.0000	0.0000	0.0000	0.0053	0.0000	0.0000	0.0073	0.0203	0.0105	0.0060	0.0212	0.0312	0.0183	0.0217	0.0280	0.0346	0.0403	0.0283	0.0371	0.0439	0.0380	0.0401	0.0323	0.0466	0.0499	0.0509	0.0522	0.0488	0.0530	0.0612	0.0606	0.0600	0.0591	0.0587	0.0600	0.0497	0.0494	0.0577	0.0681	0.0584	0.0543	0.0616	0.0598	0.0618	0.0565	0.0554	0.0540	0.0570	0.0475	0.0510	0.0601	0.0578	0.0562	0.0490	0.0487	0.0481	0.0533	0.0459	0.0511	0.0504	0.0524	0.0413	0.0528	0.0460	0.0500	0.0492	0.0495	0.0437	0.0491
0.0000	0.0000	0.0000	0.0004	0.0000	0.0000	0.0000	0.0027	0.0108	0.0056	0.0141	0.0321	0.0203	0.0181	0.0513	0.0398	0.0404	0.0387	0.0379	0.0462	0.0512	0.0408	0.0411	0.0391	0.0444	0.0523	0.0461	0.0574	0.0555	0.0579	0.0546	0.0448	0.0509	0.0543	0.0533	0.0524	0.0536	0.0589	0.0687	0.0561	0.0574	0.0532	0.0547	0.0578	0.0475	0.0550	0.0563	0.0513	0.0478	0.0498	0.0523	0.0453	0.0475	0.0529	0.0526	0.0519	0.0503	0.0476	0.0496	0.0456	0.0441	0.0315	0.0505	0.0422	0.0411	0.0333	0.0360	0.0377	0.0387
0.0000	0.0000	0.0000	0.0000	0.0000	0.0000	0.0000	0.0077	0.0094	0.0094	0.0175	0.0261	0.0372	0.0179	0.0317	0.0430	0.0279	0.0440	0.0430	0.0400	0.0385	0.0340	0.0496	0.0453	0.0367	0.0372	0.0406	0.0446	0.0510	0.0511	0.0539	0.0468	0.0544	0.0661	0.0545	0.0542	0.0473	0.0571	0.0565	0.0526	0.0582	0.0488	0.0577	0.0446	0.0429	0.0524	0.0493	0.0520	0.0488	0.0489	0.0467	0.0456	0.0526	0.0522	0.0541	0.0558	0.0490	0.0419	0.0470	0.0493	0.0376	0.0347	0.0471	0.0449	0.0327	0.0247	0.0381	0.0332	0.0203
0.0000	0.0000	0.0000	0.0000	0.0033	0.0025	0.0000	0.0000	0.0000	0.0054	0.0153	0.0181	0.0262	0.0278	0.0269	0.0348	0.0324	0.0300	0.0339	0.0425	0.0333	0.0310	0.0263	0.0468	0.0424	0.0381	0.0456	0.0458	0.0479	0.0529	0.0523	0.0444	0.0473	0.0513	0.0515	0.0448	0.0448	0.0410	0.0463	0.0518	0.0463	0.0497	0.0508	0.0473	0.0477	0.0537	0.0426	0.0471	0.0420	0.0400	0.0416	0.0363	0.0411	0.0458	0.0475	0.0449	0.0406	0.0325	0.0373	0.0363	0.0375	0.0339	0.0322	0.0360	0.0235	0.0227	0.0340	0.0252	0.0199
0.0000	0.0000	0.0000	0.0000	0.0000	0.0073	0.0059	0.0087	0.0000	0.0000	0.0034	0.0206	0.0182	0.0070	0.0282	0.0214	0.0258	0.0254	0.0385	0.0267	0.0351	0.0395	0.0323	0.0296	0.0490	0.0401	0.0400	0.0469	0.0434	0.0472	0.0352	0.0365	0.0424	0.0381	0.0470	0.0489	0.0470	0.0488	0.0419	0.0434	0.0468	0.0477	0.0489	0.0498	0.0513	0.0400	0.0453	0.0451	0.0371	0.0280	0.0409	0.0457	0.0452	0.0345	0.0412	0.0411	0.0318	0.0269	0.0345	0.0365	0.0381	0.0318	0.0329	0.0357	0.0247	0.0214	0.0273	0.0279	0.0341
