0.0000	0.0000	0.0062	0.0000	0.0014	0.0000	0.0000	0.0151	0.0158	0.0125	0.0173	0.0414	0.0342	0.0091	0.0221	0.0380	0.0389	0.0405	0.0207	0.0367	0.0398	0.0389	0.0448	0.0572	0.0575	0.0575	0.0503	0.0536	0.0619	0.0691	0.0691	0.0566	0.0922	0.0811	0.0769	0.0777	0.0644	0.0581	0.0720	0.0620	0.0864	0.0691	0.0658	0.0702	0.0788	0.0687	0.0643	0.0773	0.0790	0.0898	0.0985	0.0776	0.0754	0.0729	0.0788	0.0698	0.0778	0.0655	0.0648	0.0493	0.0533	0.0537	0.0599	0.0441	0.0499	0.0533	0.0362	0.0395	0.0434
0.0000	0.0000	0.0000	0.0121	0.0048	0.0000	0.0000	0.0043	0.0144	0.0099	0.0273	0.0348	0.0410	0.0335	0.0230	0.0362	0.0349	0.0374	0.0447	0.0327	0.0502	0.0540	0.0400	0.0747	0.0641	0.0744	0.0810	0.0716	0.0620	0.0784	0.0702	0.0770	0.0740	0.0634	0.0890	0.0900	0.0635	0.0707	0.0918	0.0852	0.0838	0.0856	0.0630	0.0663	0.0801	0.0776	0.0695	0.0753	0.0772	0.0757	0.0982	0.0881	0.0666	0.0924	0.0980	0.0821	0.0793	0.0799	0.0698	0.0622	0.0538	0.0508	0.0524	0.0531	0.0589	0.0534	0.0295	0.0449	0.0409
0.0000	0.0000	0.0000	0.0062	0.0000	0.0040	0.0173	0.0183	0.0159	0.0168	0.0336	0.0220	0.0434	0.0451	0.0370	0.0468	0.0484	0.0575	0.0471	0.0475	0.0576	0.0556	0.0507	0.0718	0.0764	0.0691	0.0651	0.0614	0.0694	0.0735	0.0735	0.0843	0.0753	0.0975	0.1022	0.0778	0.0771	0.0863	0.1002	0.0824	0.0949	0.0992	0.0750	0.0738	0.0869	0.0942	0.0884	0.0834	0.0896	0.0939	0.1010	0.0877	0.0885	0.0942	0.1049	0.0939	0.0794	0.0842	0.0868	0.0791	0.0787	0.0686	0.0698	0.0646	0.0811	0.0643	0.0410	0.0628	0.0620
0.0000	0.0000	0.0000	0.0012	0.0011	0.0054	0.0167	0.0248	0.0373	0.0242	0.0294	0.0379	0.0546	0.0410	0.0350	0.0621	0.0563	0.0507	0.0541	0.0658	0.0769	0.0602	0.0435	0.0577	0.0707	0.0668	0.0849	0.0864	0.0903	0.0901	0.0844	0.0765	0.0827	0.0935	0.0967	0.0782	0.0798	0.0826	0.0841	0.0934	0.0991	0.0956	0.0872	0.0864	0.0879	0.0917	0.0908	0.0830	0.0924	0.0871	0.1051	0.1100	0.0981	0.0973	0.1128	0.1027	0.0865	0.0804	0.0826	0.0806	0.0839	0.0750	0.0858	0.0743	0.0741	0.0823	0.0754	0.0642	0.0683
0.0022	0.0016	0.0007	0.0206	0.0118	0.0151	0.0138	0.0155	0.0225	0.0000	0.0258	0.0505	0.0504	0.0400	0.0317	0.0493	0.0593	0.0558	0.0568	0.0639	0.0796	0.0603	0.0634	0.0725	0.0676	0.0644	0.0780	0.0933	0.0710	0.0797	0.0848	0.0803	0.0993	0.0972	0.0935	0.0737	0.0746	0.0760	0.0790	0.0970	0.1075	0.0880	0.0859	0.0959	0.1030	0.0871	0.0966	0.1009	0.0996	0.0935	0.1012	0.1035	0.1013	0.1142	0.1270	0.1079	0.0966	0.0866	0.0852	0.0916	0.0942	0.0828	0.0886	0.0831	0.0896	0.0871	0.1026	0.0817	0.0695
0.0030	0.0067	0.0185	0.0213	0.0131	0.0193	0.0242	0.0271	0.0419	0.0202	0.0333	0.0385	0.0634	0.0533	0.0358	0.0526	0.0542	0.0662	0.0521	0.0707	0.0715	0.0743	0.0722	0.0590	0.0730	0.0806	0.0872	0.0779	0.0910	0.0891	0.0790	0.0806	0.1022	0.1048	0.0876	0.0944	0.0956	0.0874	0.0936	0.0928	0.1006	0.1086	0.0948	0.1025	0.0877	0.0965	0.0966	0.1232	0.1138	0.1205	0.1152	0.1180	0.1288	0.1239	0.1174	0.1367	0.1319	0.0935	0.1140	0.1020	0.1136	0.1094	0.0978	0.0960	0.1162	0.0917	0.0986	0.0921	0.0858
0.0014	0.0014	0.0106	0.0083	0.0017	0.0141	0.0289	0.0314	0.0375	0.0367	0.0527	0.0633	0.0715	0.0507	0.0522	0.0625	0.0563	0.0670	0.0701	0.0581	0.0639	0.0698	0.0627	0.0733	0.0711	0.0950	0.0764	0.0895	0.1150	0.0948	0.0756	0.0916	0.1128	0.1156	0.0954	0.1031	0.1039	0.0968	0.0981	0.0950	0.0935	0.1109	0.1152	0.1045	0.1053	0.1127	0.1062	0.1261	0.1071	0.1225	0.1381	0.1464	0.1393	0.1402	0.1393	0.1481	0.1424	0.1295	0.1322	0.1227	0.1218	0.1259	0.1278	0.1309	0.1281	0.1070	0.1098	0.1228	0.1093
0.0016	0.0139	0.0292	0.0219	0.0137	0.0208	0.0394	0.0357	0.0470	0.0560	0.0453	0.0528	0.0757	0.0559	0.0598	0.0783	0.0802	0.0645	0.0850	0.0473	0.0804	0.0951	0.0770	0.0864	0.0878	0.0910	0.0759	0.0959	0.1150	0.0922	0.0953	0.0997	0.1367	0.1168	0.1078	0.1097	0.1201	0.1285	0.1155	0.1047	0.0958	0.1002	0.1301	0.1220	0.1067	0.1167	0.1219	0.1497	0.1406	0.1111	0.1494	0.1704	0.1658	0.1860	0.1695	0.1750	0.1518	0.1507	0.1595	0.1564	0.1608	0.1653	0.1458	0.1589	0.1651	0.1576	0.1326	0.1396	0.1431
0.0153	0.0000	0.0220	0.0408	0.0309	0.0375	0.0227	0.0393	0.0543	0.0460	0.0376	0.0562	0.0753	0.0771	0.0539	0.0857	0.0760	0.0773	0.0800	0.0814	0.0947	0.0879	0.0922	0.0843	0.0901	0.0969	0.0885	0.0988	0.1262	0.1135	0.1052	0.1205	0.1344	0.1183	0.1319	0.1404	0.1329	0.1449	0.1250	0.1279	0.1257	0.1147	0.1372	0.1256	0.1394	0.1325	0.1377	0.1616	0.1739	0.1709	0.1864	0.1944	0.2987	0.4560	0.4385	0.3018	0.1994	0.1684	0.1664	0.1768	0.1816	0.1686	0.1651	0.1731	0.1868	0.1853	0.1945	0.1688	0.1674
0.0101	0.0076	0.0182	0.0410	0.0301	0.0416	0.0571	0.0720	0.0540	0.0514	0.0648	0.0583	0.0652	0.0838	0.0804	0.0756	0.0771	0.0930	0.0847	0.1012	0.0982	0.0815	0.1064	0.0994	0.1075	0.1318	0.1070	0.1129	0.1117	0.1141	0.1103	0.1181	0.1168	0.1213	0.1313	0.1444	0.1477	0.1416	0.1392	0.1494	0.1367	0.1310	0.1377	0.1520	0.1561	0.1744	0.1837	0.1809	0.1982	0.2233	0.2489	0.3086	0.5833	0.7196	0.6773	0.4932	0.3245	0.2270	0.1965	0.1855	0.2017	0.1928	0.2249	0.2116	0.2052	0.2415	0.2846	0.2435	0.2040
0.0295	0.0333	0.0320	0.0256	0.0354	0.0381	0.0643	0.0688	0.0570	0.0577	0.0630	0.0559	0.0793	0.0806	0.0977	0.0937	0.0876	0.0886	0.1051	0.1159	0.1037	0.0960	0.1191	0.1121	0.1386	0.1438	0.1162	0.1292	0.1328	0.1216	0.1104	0.1206	0.1283	0.1341	0.1479	0.1500	0.1506	0.1631	0.1622	0.1555	0.1628	0.1787	0.1720	0.1770	0.2001	0.1989	0.1979	0.2319	0.2560	0.2568	0.2999	0.4326	0.6938	0.6892	0.6370	0.5787	0.4884	0.2953	0.2458	0.2305	0.2291	0.2450	0.2441	0.2497	0.2790	0.3302	0.3669	0.3262	0.2329
0.0358	0.0293	0.0386	0.0430	0.0411	0.0538	0.0637	0.0787	0.0679	0.0458	0.0670	0.0751	0.0856	0.0832	0.0860	0.0917	0.1022	0.0864	0.1151	0.1237	0.1022	0.1154	0.1176	0.1105	0.1301	0.1202	0.1322	0.1424	0.1485	0.1484	0.1354	0.1421	0.1507	0.1556	0.1598	0.1513	0.1713	0.1894	0.1896	0.1876	0.1781	0.1916	0.2179	0.2225	0.2347	0.2258	0.2438	0.2834	0.2958	0.3276	0.3326	0.4879	0.7023	0.7321	0.6644	0.6118	0.6120	0.5100	0.4008	0.2897	0.2910	0.3340	0.3631	0.3422	0.2968	0.3101	0.3643	0.3318	0.2545
0.0134	0.0298	0.0304	0.0653	0.0536	0.0327	0.0524	0.0790	0.0757	0.0681	0.0928	0.0982	0.0843	0.0751	0.0800	0.1030	0.1220	0.1201	0.1256	0.1234	0.1216	0.1323	0.1392	0.1249	0.1423	0.1599	0.1603	0.1452	0.1637	0.1480	0.1569	0.1708	0.1713	0.1852	0.1972	0.1760	0.1961	0.2015	0.2167	0.2211	0.2215	0.2200	0.2435	0.2543	0.2597	0.2565	0.2866	0.3153	0.3548	0.3848	0.4231	0.6609	0.7816	0.7911	0.7303	0.6761	0.6591	0.6665	0.6040	0.4626	0.4384	0.5226	0.5705	0.5169	0.4619	0.3311	0.3035	0.2810	0.2337
0.0129	0.0137	0.0324	0.0408	0.0484	0.0447	0.0603	0.0799	0.0711	0.0808	0.1069	0.1095	0.1024	0.1015	0.1022	0.1224	0.1361	0.1388	0.1425	0.1330	0.1352	0.1354	0.1651	0.1658	0.1474	0.1725	0.1750	0.1905	0.2009	0.1966	0.2017	0.2150	0.2299	0.2473	0.2432	0.2383	0.2514	0.2616	0.2669	0.2641	0.2683	0.2699	0.3053	0.3019	0.3187	0.3288	0.3456	0.3610	0.4070	0.4329	0.6226	0.8567	0.8118	0.7744	0.7361	0.7313	0.6799	0.6852	0.6468	0.6220	0.6109	0.6175	0.6517	0.5665	0.5423	0.4327	0.3749	0.3279	0.2958
0.0082	0.0252	0.0542	0.0597	0.0694	0.0641	0.0798	0.0881	0.0858	0.1032	0.1159	0.1327	0.1473	0.1342	0.1468	0.1598	0.1770	0.1747	0.1632	0.1634	0.1826	0.1795	0.1990	0.2051	0.1992	0.2233	0.2230	0.2471	0.3919	0.3832	0.2828	0.2886	0.3251	0.3219	0.3010	0.3424	0.3525	0.3306	0.3387	0.3266	0.3123	0.3396	0.3607	0.3561	0.3883	0.3949	0.3885	0.4193	0.4748	0.4896	0.7411	0.8443	0.7880	0.7053	0.7374	0.6909	0.6360	0.6483	0.6080	0.5966	0.5792	0.5637	0.5894	0.5551	0.4974	0.4777	0.4429	0.4069	0.3914
0.0213	0.0402	0.0609	0.0646	0.0809	0.0913	0.1011	0.1234	0.1404	0.1622	0.2084	0.2482	0.2496	0.2569	0.2925	0.3029	0.3041	0.2963	0.2967	0.2824	0.3058	0.2786	0.2557	0.2664	0.2832	0.3198	0.3313	0.4235	0.7312	0.7238	0.4469	0.4566	0.5045	0.5653	0.6174	0.6323	0.4747	0.3669	0.3482	0.3505	0.3728	0.3660	0.4105	0.4428	0.4633	0.5271	0.4577	0.4794	0.5682	0.5977	0.7022	0.8493	0.7848	0.7498	0.7104	0.6693	0.6355	0.6434	0.5853	0.5803	0.5350	0.5268	0.5701	0.5627	0.4803	0.4502	0.4244	0.3982	0.4060
0.0424	0.0554	0.0480	0.0881	0.1415	0.1474	0.1980	0.2453	0.2946	0.3457	0.4260	0.5417	0.5977	0.5556	0.6006	0.6352	0.6105	0.6432	0.6423	0.6046	0.5895	0.4429	0.3761	0.3923	0.4111	0.4217	0.4877	0.6544	0.8057	0.7903	0.7309	0.8166	0.8496	0.8827	0.9252	0.8140	0.7083	0.4621	0.4275	0.3922	0.4264	0.4529	0.5441	0.5741	0.6732	0.6697	0.5517	0.6504	0.7583	0.8427	0.8079	0.8346	0.7383	0.7404	0.6881	0.6484	0.5922	0.6156	0.5744	0.5504	0.5229	0.5028	0.5161	0.4902	0.4445	0.3966	0.3765	0.3575	0.3630
0.0592	0.0960	0.1391	0.2141	0.2571	0.3204	0.4743	0.5443	0.5911	0.5727	0.6509	0.6546	0.6854	0.6545	0.7168	0.7591	0.7807	0.8065	0.7965	0.8138	0.8352	0.7768	0.6274	0.6104	0.5910	0.6473	0.7296	0.7771	0.7084	0.7584	0.8297	0.8844	0.9259	0.9102	0.8603	0.8511	0.8649	0.6334	0.5950	0.5866	0.5813	0.6985	0.7675	0.7153	0.8477	0.7175	0.7110	0.7567	0.7398	0.6853	0.6808	0.6918	0.6215	0.6173	0.6180	0.5787	0.5151	0.5270	0.5454	0.5011	0.4906	0.4971	0.4783	0.4305	0.4068	0.3596	0.3735	0.3627	0.3471
0.1598	0.2433	0.3834	0.5037	0.5271	0.6104	0.6637	0.5972	0.5772	0.5549	0.5514	0.5876	0.6421	0.6235	0.6569	0.7542	0.7868	0.7761	0.7744	0.7410	0.7162	0.7530	0.7076	0.6876	0.7033	0.7089	0.7466	0.7095	0.7254	0.8074	0.7528	0.7895	0.8379	0.9022	0.8704	0.8504	0.8461	0.8223	0.8315	0.8236	0.8066	0.7619	0.7726	0.7519	0.7952	0.7199	0.6356	0.6112	0.5541	0.5468	0.5907	0.5962	0.5508	0.5475	0.5570	0.5327	0.4907	0.5066	0.5129	0.4857	0.4997	0.4590	0.4397	0.4333	0.3961	0.3451	0.3400	0.3266	0.3242
0.2378	0.3790	0.4836	0.5114	0.4691	0.4926	0.4466	0.4582	0.4684	0.4610	0.4636	0.4906	0.5496	0.5569	0.6231	0.6532	0.6561	0.6862	0.7071	0.6605	0.6434	0.7002	0.7072	0.6464	0.6459	0.6078	0.6850	0.7015	0.7179	0.7675	0.7256	0.7465	0.7649	0.8155	0.7987	0.8249	0.7891	0.7693	0.6995	0.7025	0.7359	0.7207	0.6712	0.6434	0.6670	0.6132	0.5470	0.5490	0.5521	0.5346	0.5235	0.5488	0.5130	0.5155	0.5114	0.4977	0.4737	0.5056	0.4818	0.4569	0.4613	0.4721	0.4431	0.4104	0.3930	0.3546	0.3534	0.3306	0.3242
0.2600	0.3288	0.3102	0.3322	0.3669	0.3877	0.3963	0.3677	0.3688	0.3898	0.4137	0.4075	0.4823	0.4958	0.4894	0.5294	0.5883	0.6394	0.6425	0.5918	0.6202	0.6396	0.6138	0.6286	0.6155	0.6093	0.6091	0.6461	0.6661	0.6946	0.7414	0.7133	0.7024	0.7783	0.7667	0.7468	0.7533	0.6762	0.6281	0.6368	0.6133	0.5872	0.5980	0.5916	0.5498	0.5500	0.5406	0.5601	0.5517	0.5404	0.5384	0.4978	0.5001	0.5407	0.4967	0.4540	0.4624	0.4749	0.4650	0.4397	0.4573	0.4534	0.4443	0.4020	0.3895	0.3453	0.3382	0.3224	0.3168
0.2317	0.2823	0.3021	0.2891	0.3108	0.3478	0.3651	0.3661	0.3486	0.3691	0.3902	0.4074	0.4248	0.4857	0.4901	0.5382	0.6216	0.6204	0.6079	0.5759	0.5726	0.5940	0.6247	0.5970	0.5875	0.5962	0.5898	0.6042	0.6261	0.6290	0.6375	0.6672	0.6469	0.7007	0.6731	0.6594	0.6177	0.6259	0.5951	0.5973	0.5900	0.5688	0.5373	0.5964	0.5612	0.5340	0.5404	0.5281	0.5306	0.5226	0.5629	0.5236	0.4790	0.4769	0.4843	0.4819	0.4886	0.4825	0.4662	0.4527	0.4458	0.4247	0.4154	0.3541	0.3737	0.3555	0.3183	0.3173	0.3231
0.2081	0.2044	0.2831	0.2819	0.2866	0.3129	0.3377	0.3724	0.3523	0.3429	0.3860	0.3948	0.4192	0.4597	0.4818	0.5289	0.5947	0.5773	0.5463	0.5399	0.5573	0.6046	0.6263	0.5932	0.6152	0.5970	0.6159	0.6314	0.6180	0.6077	0.5896	0.6089	0.6401	0.6489	0.5888	0.5938	0.5910	0.5802	0.6190	0.5702	0.5511	0.5322	0.5252	0.5583	0.5742	0.5449	0.5454	0.5309	0.5127	0.4994	0.5088	0.5396	0.5498	0.4959	0.4874	0.4892	0.4824	0.4850	0.4619	0.4637	0.4462	0.4409	0.4314	0.3962	0.3666	0.3704	0.3506	0.3046	0.3043
0.2302	0.2428	0.2632	0.2934	0.3194	0.3226	0.3557	0.3708	0.3493	0.3221	0.3784	0.3779	0.4041	0.4521	0.4431	0.4819	0.5282	0.5829	0.5703	0.5663	0.5900	0.5970	0.5869	0.5891	0.6186	0.5824	0.5689	0.5656	0.5925	0.5893	0.5936	0.5928	0.6089	0.6309	0.5898	0.5752	0.5888	0.6008	0.5836	0.5597	0.5510	0.5255	0.5386	0.5534	0.5558	0.5779	0.5766	0.5630	0.5416	0.5372	0.5181	0.5134	0.5459	0.4916	0.4672	0.4921	0.5092	0.5060	0.4817	0.4554	0.4412	0.4415	0.4149	0.4015	0.3667	0.3530	0.3179	0.2741	0.2848
0.1976	0.2454	0.2384	0.2817	0.3159	0.3373	0.3479	0.3634	0.3714	0.3517	0.3740	0.3943	0.4206	0.4303	0.4445	0.4793	0.5126	0.5308	0.5486	0.5394	0.5304	0.5419	0.5405	0.5556	0.5405	0.5447	0.5407	0.5446	0.5730	0.5888	0.5722	0.5964	0.6197	0.6356	0.6269	0.6071	0.6271	0.5998	0.5954	0.5793	0.5660	0.5927	0.5685	0.5324	0.5443	0.5443	0.5323	0.5469	0.5808	0.5445	0.5438	0.5099	0.5228	0.4672	0.5083	0.5049	0.5044	0.4955	0.4829	0.4534	0.4531	0.4180	0.4328	0.3898	0.3779	0.3368	0.3215	0.3067	0.3049
0.2015	0.2124	0.2448	0.2936	0.3126	0.3164	0.3285	0.3483	0.3390	0.3595	0.3528	0.3955	0.4482	0.4442	0.4501	0.4717	0.5085	0.5102	0.5090	0.5060	0.5241	0.5209	0.4923	0.4890	0.5382	0.5077	0.5403	0.5456	0.5610	0.5844	0.6446	0.6200	0.6361	0.6422	0.6407	0.6119	0.6021	0.5917	0.6309	0.5717	0.5785	0.6088	0.5530	0.5288	0.5818	0.5918	0.5860	0.5721	0.5793	0.5506	0.5619	0.5444	0.5167	0.5076	0.5455	0.5137	0.5015	0.4971	0.5151	0.4582	0.4484	0.4325	0.4337	0.3940	0.3632	0.3504	0.3346	0.3129	0.3209
0.2198	0.2446	0.2825	0.2984	0.2845	0.2997	0.3142	0.3638	0.3352	0.3241	0.3536	0.3844	0.4411	0.4277	0.4291	0.4572	0.5185	0.5046	0.5581	0.5072	0.4892	0.5230	0.5221	0.5445	0.5382	0.5172	0.5485	0.5566	0.5560	0.5773	0.6440	0.6268	0.6648	0.6369	0.6089	0.6116	0.5819	0.5964	0.6210	0.5955	0.6023	0.5738	0.5550	0.5423	0.5859	0.5579	0.5432	0.5366	0.5505	0.5512	0.5454	0.5341	0.5040	0.4990	0.5107	0.4969	0.4754	0.4969	0.4859	0.4938	0.4431	0.4297	0.4515	0.3877	0.3721	0.3376	0.3220	0.3238	0.3036
0.2034	0.2339	0.2397	0.2756	0.2863	0.3120	0.3369	0.3262	0.3409	0.3736	0.3700	0.3879	0.4136	0.4390	0.4456	0.4549	0.4884	0.5134	0.5144	0.5241	0.4981	0.5184	0.4967	0.5443	0.5503	0.5428	0.5283	0.5445	0.5571	0.5969	0.6188	0.6288	0.6249	0.6029	0.5991	0.6166	0.6062	0.5951	0.6225	0.5839	0.5866	0.6070	0.5932	0.5430	0.5573	0.5425	0.5426	0.5427	0.5506	0.5148	0.5605	0.5550	0.5351	0.5400	0.4912	0.5056	0.5123	0.4566	0.4744	0.5007	0.4754	0.4692	0.4573	0.3859	0.3823	0.3695	0.3457	0.3244	0.3296
0.1905	0.1886	0.2391	0.2584	0.2838	0.3105	0.3475	0.3248	0.3569	0.3684	0.3862	0.4025	0.4361	0.4271	0.4449	0.4658	0.5049	0.5555	0.5555	0.4968	0.5508	0.5063	0.4993	0.5556	0.5602	0.5179	0.5339	0.5535	0.6156	0.5975	0.5993	0.6122	0.6416	0.6376	0.5985	0.6019	0.6273	0.6277	0.5942	0.6035	0.5908	0.5943	0.5818	0.5742	0.5822	0.5353	0.5473	0.5638	0.5433	0.5484	0.5537	0.5537	0.5605	0.5283	0.5119	0.4976	0.4939	0.4683	0.4465	0.4531	0.4323	0.4473	0.4078	0.3990	0.3886	0.3462	0.3269	0.3140	0.3118
0.1942	0.2237	0.2456	0.2570	0.2708	0.2927	0.3429	0.3305	0.3578	0.3414	0.3609	0.4220	0.4299	0.4206	0.4459	0.4925	0.5515	0.5290	0.5359	0.5214	0.5448	0.5441	0.5074	0.5577	0.5462	0.5327	0.5484	0.5827	0.5690	0.6193	0.6084	0.6082	0.6749	0.6609	0.6386	0.6119	0.6192	0.6401	0.6451	0.6205	0.5999	0.6127	0.5847	0.5833	0.6120	0.5399	0.5696	0.5911	0.5738	0.5877	0.5521	0.5391	0.5180	0.5022	0.5212	0.5134	0.4920	0.4534	0.4127	0.4450	0.4440	0.4133	0.4037	0.3998	0.4245	0.3624	0.3281	0.3481	0.3293
0.1861	0.2121	0.2336	0.2637	0.2736	0.2629	0.3224	0.3504	0.3729	0.3343	0.3723	0.4065	0.4314	0.4044	0.4302	0.4842	0.5214	0.4926	0.5084	0.4893	0.5356	0.5704	0.5322	0.5912	0.5808	0.5441	0.5219	0.5370	0.5496	0.6075	0.6068	0.6372	0.6311	0.6443	0.6640	0.6502	0.6319	0.5933	0.6090	0.6300	0.5708	0.6203	0.6198	0.5919	0.5934	0.5662	0.5792	0.5854	0.6078	0.6010	0.5893	0.5840	0.5899	0.5612	0.4995	0.4994	0.4967	0.4755	0.4435	0.4533	0.4196	0.4271	0.4231	0.3868	0.3834	0.3534	0.3546	0.3258	0.3094
0.1748	0.1979	0.2044	0.2300	0.2766	0.2884	0.2927	0.3247	0.3335	0.3294	0.3641	0.3947	0.4011	0.4121	0.4666	0.5102	0.5202	0.4883	0.4990	0.5616	0.5643	0.5808	0.5574	0.5944	0.6283	0.6180	0.5496	0.5268	0.5497	0.5620	0.5777	0.6188	0.6372	0.6106	0.6145	0.6185	0.6426	0.6199	0.6327	0.6354	0.6398	0.6157	0.6649	0.5575	0.5662	0.5708	0.5631	0.6098	0.5833	0.6153	0.6277	0.5755	0.5767	0.5904	0.5299	0.5110	0.4991	0.4964	0.4650	0.4548	0.4385	0.4369	0.4528	0.4195	0.3685	0.3534	0.3624	0.3446	0.3196
0.1684	0.1978	0.2040	0.2340	0.2561	0.2876	0.2950	0.3015	0.3200	0.3356	0.3471	0.3929	0.4136	0.4465	0.4630	0.4950	0.5358	0.4949	0.5310	0.5954	0.5872	0.5949	0.5793	0.6180	0.6267	0.6027	0.5824	0.5886	0.6211	0.5858	0.5735	0.6094	0.6158	0.6383	0.6487	0.6665	0.6787	0.6490	0.6530	0.6527	0.6599	0.6720	0.6737	0.6143	0.5727	0.5751	0.5985	0.6378	0.6501	0.6082	0.5953	0.6006	0.5837	0.5770	0.5367	0.5466	0.5096	0.5231	0.4678	0.4620	0.4520	0.4423	0.4582	0.4178	0.3903	0.3644	0.3464	0.3368	0.3290
0.1558	0.1918	0.2260	0.2265	0.2429	0.2705	0.2811	0.3187	0.3254	0.3166	0.3737	0.4076	0.4317	0.4609	0.4380	0.4805	0.5185	0.5298	0.5347	0.5821	0.6111	0.5546	0.5430	0.5712	0.5945	0.6137	0.5878	0.6077	0.6094	0.6362	0.6390	0.6103	0.6273	0.6727	0.6923	0.6798	0.6720	0.6921	0.7233	0.6848	0.6816	0.6746	0.6549	0.6423	0.5886	0.5872	0.6090	0.6130	0.6492	0.6640	0.6220	0.5716	0.5432	0.5307	0.5315	0.5258	0.5112	0.4997	0.5104	0.4759	0.4667	0.4379	0.4309	0.4412	0.3843	0.3852	0.3837	0.3485	0.3656
0.1838	0.1954	0.2202	0.2229	0.2628	0.2711	0.2946	0.3359	0.3259	0.3487	0.3749	0.4176	0.4263	0.4493	0.4580	0.4677	0.5167	0.5394	0.5475	0.5982	0.6307	0.6017	0.5939	0.6217	0.6337	0.6297	0.6346	0.6285	0.6355	0.6607	0.6477	0.6567	0.6623	0.6896	0.7410	0.7195	0.7155	0.6955	0.7367	0.6806	0.6808	0.6843	0.6772	0.6992	0.6724	0.6289	0.5989	0.6390	0.5860	0.6427	0.5864	0.5771	0.5497	0.5593	0.5523	0.5281	0.5352	0.5331	0.5052	0.5106	0.4796	0.4340	0.4324	0.4092	0.4124	0.4035	0.3842	0.3504	0.3307
0.1842	0.1970	0.2191	0.2199	0.2523	0.3022	0.3146	0.3315	0.3303	0.3402	0.3733	0.4120	0.4256	0.4668	0.4876	0.4905	0.4815	0.5195	0.5229	0.5878	0.5807	0.6138	0.5936	0.6000	0.5949	0.5993	0.6248	0.6468	0.6787	0.6790	0.6689	0.6552	0.7113	0.7678	0.7490	0.7565	0.7389	0.7415	0.6961	0.7125	0.7245	0.7295	0.7359	0.7062	0.6927	0.6765	0.6801	0.6897	0.6501	0.6402	0.5884	0.6051	0.5771	0.5415	0.5645	0.5382	0.5028	0.5046	0.4873	0.4909	0.4726	0.4625	0.4526	0.4250	0.4384	0.3844	0.3792	0.3662	0.3377
0.1849	0.2016	0.2161	0.2454	0.2449	0.2838	0.3449	0.3599	0.3522	0.3664	0.3594	0.4085	0.4514	0.4795	0.5018	0.5335	0.5234	0.5653	0.5539	0.5657	0.5623	0.6005	0.5586	0.6043	0.5593	0.5889	0.6114	0.6749	0.6741	0.7060	0.6671	0.7371	0.7519	0.7730	0.7516	0.7654	0.7496	0.7575	0.7297	0.7308	0.7320	0.7478	0.7473	0.7258	0.7189	0.6806	0.6946	0.6903	0.7102	0.6909	0.6369	0.6118	0.5970	0.5628	0.5371	0.5576	0.5424	0.5236	0.5412	0.4786	0.4710	0.4890	0.4772	0.4423	0.4324	0.4022	0.3984	0.3702	0.3610
0.2189	0.2483	0.2664	0.2625	0.2951	0.2977	0.3259	0.3591	0.3630	0.3680	0.4073	0.4459	0.4895	0.4928	0.5419	0.5830	0.5992	0.6413	0.6188	0.6056	0.5809	0.6476	0.6235	0.6151	0.6469	0.6537	0.6649	0.6759	0.6639	0.6351	0.7311	0.7810	0.7520	0.7799	0.7849	0.7758	0.8027	0.8220	0.7776	0.7562	0.7898	0.7721	0.7984	0.7747	0.7765	0.7208	0.7307	0.7418	0.7227	0.7102	0.7183	0.6860	0.6406	0.6290	0.5981	0.5779	0.5636	0.5734	0.5717	0.5277	0.5476	0.5330	0.4931	0.4880	0.4684	0.4440	0.4400	0.3921	0.3993
0.2785	0.3523	0.3854	0.3880	0.4163	0.4165	0.4046	0.4273	0.4221	0.4097	0.4788	0.4947	0.5121	0.5390	0.6133	0.6355	0.7428	0.6994	0.6964	0.6636	0.6665	0.6702	0.6760	0.6597	0.7265	0.6994	0.7377	0.6838	0.7200	0.7075	0.7372	0.8030	0.7932	0.8552	0.8731	0.8566	0.8479	0.8681	0.8361	0.8110	0.8511	0.8769	0.8678	0.8726	0.8019	0.7358	0.7431	0.7535	0.7825	0.7768	0.7414	0.7375	0.7132	0.6622	0.6085	0.5925	0.5870	0.5954	0.5651	0.5900	0.5634	0.5451	0.5561	0.5082	0.4783	0.4592	0.4448	0.4041	0.4052
0.1571	0.2781	0.4245	0.5419	0.5838	0.6136	0.6435	0.5852	0.5508	0.5395	0.5320	0.5784	0.5884	0.6273	0.7120	0.7506	0.7845	0.7936	0.7887	0.8038	0.7659	0.7765	0.7695	0.7488	0.7470	0.7697	0.7901	0.7593	0.7888	0.8034	0.8456	0.8253	0.8415	0.9200	0.8847	0.8750	0.9081	0.8825	0.9150	0.8893	0.8534	0.7836	0.8667	0.9597	0.8662	0.8452	0.8369	0.8090	0.8420	0.8572	0.7846	0.7800	0.7778	0.7520	0.6893	0.6411	0.6434	0.6441	0.6402	0.6463	0.6299	0.6090	0.5697	0.5263	0.5004	0.4577	0.4505	0.4431	0.4272
0.0697	0.1027	0.1498	0.2283	0.3475	0.4516	0.5245	0.5306	0.5955	0.6348	0.6583	0.6867	0.6906	0.7647	0.7738	0.8047	0.8197	0.8694	0.9278	0.9047	0.8836	0.8517	0.7977	0.8109	0.8153	0.7135	0.7011	0.7070	0.7986	0.8614	0.8817	0.9137	0.9181	0.9643	0.9043	0.9681	0.9508	0.9081	0.9495	0.8634	0.6505	0.5079	0.8284	1.0000	0.9655	0.9258	0.8871	0.8730	0.8852	0.8637	0.8224	0.8602	0.8134	0.8092	0.7469	0.7413	0.7351	0.6737	0.6707	0.6863	0.6633	0.6284	0.5835	0.5745	0.5241	0.4627	0.4627	0.4665	0.4449
0.0272	0.0444	0.0615	0.0816	0.1073	0.1339	0.1532	0.1940	0.2569	0.3257	0.3939	0.4762	0.5582	0.5971	0.5956	0.5910	0.6198	0.5926	0.5995	0.5994	0.6063	0.5821	0.5682	0.5332	0.4863	0.3540	0.3428	0.3485	0.4237	0.5117	0.5619	0.6152	0.7318	0.8313	0.8720	0.9527	0.7186	0.7674	0.9297	0.8338	0.4900	0.4234	0.6843	0.8643	0.9739	0.9562	0.9511	0.9259	0.9019	0.8731	0.9197	0.8811	0.7966	0.7502	0.7720	0.8204	0.7841	0.7540	0.7002	0.7128	0.6884	0.6112	0.5861	0.5874	0.5672	0.5182	0.4950	0.4669	0.4497
0.0169	0.0443	0.0452	0.0465	0.0616	0.0610	0.0804	0.0925	0.1035	0.1180	0.1406	0.1619	0.2049	0.1993	0.2015	0.2273	0.2225	0.2340	0.2095	0.1931	0.2154	0.2290	0.2358	0.2305	0.2154	0.2070	0.1954	0.2111	0.2447	0.2562	0.2480	0.2669	0.3246	0.3692	0.3811	0.4312	0.3657	0.4574	0.5886	0.5440	0.3735	0.3367	0.4070	0.5693	0.8588	0.9602	0.9649	0.9757	0.9260	0.9100	0.8291	0.8545	0.7653	0.5725	0.6481	0.8180	0.8455	0.8341	0.7848	0.7197	0.6975	0.6358	0.6108	0.6022	0.5483	0.5541	0.5673	0.4924	0.4931
0.0400	0.0361	0.0402	0.0506	0.0514	0.0561	0.0708	0.0706	0.0642	0.0915	0.0860	0.0819	0.0915	0.0984	0.1060	0.1270	0.1239	0.1137	0.1133	0.1344	0.1347	0.1312	0.1484	0.1631	0.1595	0.1551	0.1461	0.1565	0.1738	0.1831	0.1886	0.1953	0.1905	0.2008	0.2053	0.2063	0.2310	0.2305	0.2505	0.2466	0.2388	0.2526	0.2740	0.3235	0.5140	0.7647	0.8109	0.8938	0.8918	0.7878	0.6200	0.7964	0.7288	0.4652	0.4683	0.7785	0.8687	0.8075	0.7147	0.6340	0.7014	0.6889	0.6827	0.6221	0.6015	0.6458	0.5782	0.5602	0.5138
0.0284	0.0145	0.0391	0.0329	0.0461	0.0548	0.0643	0.0601	0.0601	0.0720	0.0716	0.0768	0.0908	0.0872	0.1047	0.0926	0.1021	0.0862	0.1001	0.1039	0.1160	0.1020	0.1061	0.1301	0.1330	0.1141	0.1292	0.1223	0.1343	0.1416	0.1447	0.1566	0.1607	0.1778	0.1744	0.1653	0.1683	0.1795	0.1779	0.1866	0.1768	0.1893	0.2047	0.2217	0.2384	0.2949	0.3503	0.4361	0.4770	0.4482	0.5657	0.7927	0.6860	0.4006	0.4585	0.7126	0.7450	0.7498	0.5869	0.4229	0.5065	0.6448	0.6895	0.6481	0.6149	0.5891	0.5615	0.5273	0.4590
0.0253	0.0188	0.0363	0.0284	0.0324	0.0391	0.0432	0.0570	0.0670	0.0590	0.0638	0.0666	0.0671	0.0706	0.0813	0.0985	0.0818	0.0843	0.0947	0.0888	0.1038	0.0820	0.0927	0.1002	0.1081	0.0898	0.1014	0.1102	0.1184	0.1134	0.1205	0.1284	0.1378	0.1224	0.1355	0.1398	0.1437	0.1558	0.1566	0.1487	0.1441	0.1542	0.1638	0.1783	0.1861	0.1852	0.1908	0.2073	0.2170	0.2319	0.3218	0.4794	0.4241	0.3107	0.5507	0.7210	0.6781	0.5518	0.3641	0.2922	0.3247	0.4305	0.5786	0.5673	0.5973	0.5588	0.5354	0.3886	0.3650
0.0204	0.0164	0.0281	0.0378	0.0314	0.0495	0.0571	0.0472	0.0466	0.0403	0.0659	0.0657	0.0675	0.0663	0.0678	0.0767	0.0716	0.0765	0.0864	0.0872	0.0832	0.0767	0.0803	0.0889	0.0816	0.0864	0.0890	0.0997	0.1093	0.0923	0.1047	0.0983	0.1009	0.1018	0.1140	0.1075	0.1143	0.1110	0.1153	0.1163	0.1219	0.1288	0.1308	0.1510	0.1512	0.1545	0.1632	0.1646	0.1680	0.1779	0.1870	0.2043	0.2223	0.2381	0.4402	0.5849	0.4274	0.2712	0.2144	0.2263	0.2224	0.2508	0.2955	0.3243	0.4818	0.5496	0.4800	0.3099	0.3598
0.0069	0.0101	0.0158	0.0304	0.0355	0.0341	0.0263	0.0495	0.0450	0.0404	0.0601	0.0669	0.0696	0.0617	0.0646	0.0682	0.0680	0.0664	0.0669	0.0761	0.0658	0.0775	0.0724	0.0728	0.0805	0.0836	0.0819	0.0970	0.0989	0.0884	0.0914	0.0864	0.0854	0.0923	0.1005	0.0935	0.1007	0.0915	0.0941	0.0946	0.1014	0.1039	0.1064	0.1051	0.1122	0.1294	0.1369	0.1398	0.1450	0.1402	0.1501	0.1570	0.1730	0.1670	0.1966	0.2552	0.2245	0.1872	0.1847	0.1978	0.1785	0.1904	0.2110	0.1993	0.2829	0.3557	0.2900	0.2414	0.2634
0.0020	0.0189	0.0315	0.0320	0.0341	0.0311	0.0313	0.0416	0.0404	0.0357	0.0435	0.0477	0.0615	0.0621	0.0636	0.0638	0.0713	0.0699	0.0658	0.0660	0.0673	0.0664	0.0679	0.0745	0.0729	0.0733	0.0725	0.0686	0.0797	0.0851	0.0777	0.0807	0.0813	0.0857	0.0815	0.0811	0.0840	0.0795	0.0781	0.0819	0.0839	0.0891	0.0925	0.0943	0.0985	0.0995	0.1110	0.1171	0.1075	0.1055	0.1116	0.1282	0.1306	0.1279	0.1333	0.1489	0.1559	0.1523	0.1631	0.1751	0.1583	0.1541	0.1722	0.1629	0.1639	0.1716	0.1712	0.1658	0.1755
0.0000	0.0101	0.0116	0.0167	0.0257	0.0301	0.0163	0.0276	0.0260	0.0326	0.0327	0.0511	0.0367	0.0379	0.0536	0.0579	0.0652	0.0561	0.0622	0.0581	0.0673	0.0698	0.0550	0.0670	0.0654	0.0676	0.0648	0.0596	0.0654	0.0705	0.0710	0.0668	0.0704	0.0778	0.0732	0.0624	0.0658	0.0692	0.0664	0.0690	0.0697	0.0762	0.0770	0.0814	0.0844	0.0830	0.0881	0.0930	0.0932	0.0896	0.0888	0.0899	0.0988	0.0943	0.0984	0.1203	0.1207	0.1206	0.1288	0.1370	0.1353	0.1318	0.1221	0.1205	0.1312	0.1297	0.1343	0.1441	0.1328
0.0000	0.0035	0.0000	0.0095	0.0145	0.0174	0.0311	0.0243	0.0368	0.0323	0.0237	0.0430	0.0451	0.0397	0.0439	0.0496	0.0555	0.0484	0.0527	0.0668	0.0721	0.0524	0.0452	0.0518	0.0620	0.0706	0.0623	0.0587	0.0607	0.0675	0.0645	0.0672	0.0668	0.0631	0.0665	0.0620	0.0676	0.0695	0.0681	0.0696	0.0783	0.0761	0.0698	0.0774	0.0788	0.0771	0.0800	0.0840	0.0777	0.0837	0.0883	0.0815	0.0706	0.0811	0.0885	0.0931	0.1011	0.0895	0.0966	0.1029	0.0982	0.1070	0.1032	0.1061	0.1031	0.1015	0.0994	0.1088	0.1057
0.0000	0.0000	0.0000	0.0009	0.0143	0.0181	0.0243	0.0262	0.0361	0.0321	0.0266	0.0278	0.0458	0.0476	0.0471	0.0495	0.0448	0.0485	0.0475	0.0525	0.0602	0.0534	0.0498	0.0507	0.0554	0.0606	0.0618	0.0615	0.0552	0.0552	0.0564	0.0573	0.0531	0.0631	0.0703	0.0693	0.0673	0.0674	0.0677	0.0628	0.0683	0.0646	0.0690	0.0676	0.0683	0.0693	0.0759	0.0801	0.0761	0.0770	0.0688	0.0696	0.0683	0.0837	0.0746	0.0670	0.0764	0.0798	0.0930	0.0932	0.0900	0.0776	0.0744	0.0780	0.0976	0.0819	0.0690	0.0766	0.0731
0.0000	0.0000	0.0039	0.0049	0.0205	0.0104	0.0062	0.0300	0.0152	0.0067	0.0179	0.0215	0.0346	0.0293	0.0400	0.0434	0.0420	0.0454	0.0349	0.0407	0.0431	0.0501	0.0491	0.0483	0.0604	0.0564	0.0628	0.0529	0.0459	0.0498	0.0534	0.0543	0.0500	0.0531	0.0519	0.0586	0.0640	0.0534	0.0641	0.0577	0.0589	0.0592	0.0587	0.0604	0.0627	0.0636	0.0651	0.0613	0.0693	0.0649	0.0623	0.0711	0.0625	0.0681	0.0663	0.0687	0.0646	0.0674	0.0735	0.0694	0.0727	0.0580	0.0576	0.0682	0.0672	0.0638	0.0595	0.0565	0.0531
0.0000	0.0000	0.0033	0.0012	0.0143	0.0000	0.0021	0.0073	0.0113	0.0000	0.0090	0.0214	0.0237	0.0212	0.0264	0.0325	0.0338	0.0265	0.0313	0.0439	0.0344	0.0357	0.0315	0.0402	0.0402	0.0443	0.0449	0.0530	0.0486	0.0489	0.0472	0.0491	0.0492	0.0548	0.0473	0.0518	0.0515	0.0478	0.0595	0.0585	0.0562	0.0599	0.0555	0.0573	0.0634	0.0609	0.0637	0.0620	0.0573	0.0549	0.0613	0.0710	0.0554	0.0583	0.0649	0.0635	0.0588	0.0546	0.0610	0.0650	0.0648	0.0564	0.0690	0.0660	0.0644	0.0557	0.0616	0.0559	0.0621
0.0000	0.0000	0.0000	0.0000	0.0000	0.0000	0.0062	0.0013	0.0094	0.0007	0.0088	0.0294	0.0252	0.0267	0.0317	0.0324	0.0266	0.0254	0.0300	0.0422	0.0353	0.0404	0.0291	0.0376	0.0409	0.0366	0.0342	0.0513	0.0573	0.0479	0.0420	0.0378	0.0411	0.0490	0.0546	0.0472	0.0485	0.0502	0.0549	0.0492	0.0510	0.0575	0.0575	0.0584	0.0583	0.0617	0.0601	0.0525	0.0520	0.0617	0.0592	0.0636	0.0586	0.0613	0.0612	0.0553	0.0630	0.0632	0.0619	0.0601	0.0562	0.0529	0.0567	0.0566	0.0444	0.0350	0.0459	0.0459	0.0442
0.0000	0.0000	0.0000	0.0000	0.0000	0.0000	0.0000	0.0022	0.0093	0.0130	0.0156	0.0140	0.0296	0.0309	0.0187	0.0159	0.0208	0.0326	0.0277	0.0285	0.0284	0.0364	0.0326	0.0299	0.0346	0.0373	0.0313	0.0343	0.0420	0.0473	0.0439	0.0382	0.0454	0.0522	0.0497	0.0471	0.0439	0.0493	0.0517	0.0403	0.0415	0.0445	0.0494	0.0528	0.0499	0.0633	0.0577	0.0588	0.0523	0.0590	0.0590	0.0574	0.0496	0.0619	0.0576	0.0582	0.0567	0.0534	0.0485	0.0452	0.0480	0.0544	0.0564	0.0570	0.0443	0.0424	0.0361	0.0361	0.0212
0.0000	0.0000	0.0000	0.0000	0.0000	0.0040	0.0000	0.0000	0.0013	0.0100	0.0150	0.0181	0.0201	0.0127	0.0169	0.0250	0.0283	0.0276	0.0207	0.0184	0.0334	0.0359	0.0306	0.0335	0.0316	0.0322	0.0302	0.0359	0.0395	0.0440	0.0360	0.0318	0.0403	0.0444	0.0437	0.0481	0.0427	0.0444	0.0386	0.0467	0.0444	0.0507	0.0557	0.0444	0.0463	0.0506	0.0556	0.0472	0.0450	0.0457	0.0468	0.0444	0.0474	0.0442	0.0509	0.0575	0.0514	0.0424	0.0369	0.0408	0.0420	0.0425	0.0426	0.0476	0.0442	0.0409	0.0360	0.0323	0.0318
0.0000	0.0000	0.0000	0.0000	0.0000	0.0001	0.0000	0.0000	0.0000	0.0039	0.0053	0.0216	0.0113	0.0032	0.0232	0.0391	0.0230	0.0113	0.0141	0.0200	0.0217	0.0311	0.0343	0.0370	0.0309	0.0268	0.0298	0.0411	0.0417	0.0369	0.0390	0.0423	0.0422	0.0394	0.0524	0.0529	0.0535	0.0504	0.0415	0.0502	0.0486	0.0489	0.0480	0.0456	0.0425	0.0477	0.0444	0.0474	0.0454	0.0439	0.0555	0.0565	0.0600	0.0541	0.0504	0.0518	0.0495	0.0460	0.0411	0.0537	0.0430	0.0443	0.0495	0.0504	0.0580	0.0446	0.0377	0.0324	0.0362
