0.0000	0.0000	0.0048	0.0050	0.0000	0.0000	0.0142	0.0242	0.0153	0.0000	0.0152	0.0239	0.0186	0.0244	0.0291	0.0421	0.0419	0.0460	0.0319	0.0361	0.0388	0.0363	0.0388	0.0479	0.0648	0.0693	0.0539	0.0523	0.0575	0.0616	0.0588	0.0501	0.0655	0.0721	0.0530	0.0720	0.0562	0.0645	0.0768	0.0620	0.0622	0.0749	0.0672	0.0655	0.0646	0.0771	0.0769	0.0702	0.0752	0.0845	0.0692	0.0644	0.0616	0.0686	0.0834	0.0836	0.0760	0.0740	0.0729	0.0595	0.0761	0.0591	0.0519	0.0512	0.0539	0.0490	0.0387	0.0513	0.0433
0.0000	0.0000	0.0000	0.0065	0.0000	0.0007	0.0140	0.0244	0.0264	0.0122	0.0187	0.0286	0.0251	0.0299	0.0273	0.0546	0.0427	0.0428	0.0444	0.0604	0.0602	0.0550	0.0493	0.0560	0.0660	0.0724	0.0575	0.0629	0.0672	0.0658	0.0647	0.0597	0.0733	0.0636	0.0637	0.0800	0.0822	0.0843	0.0767	0.0693	0.0691	0.0860	0.0737	0.0731	0.0699	0.0765	0.0884	0.0814	0.0696	0.0783	0.0827	0.0786	0.0591	0.0782	0.0897	0.0905	0.0851	0.0780	0.0707	0.0758	0.0719	0.0636	0.0675	0.0698	0.0543	0.0443	0.0391	0.0491	0.0531
0.0000	0.0000	0.0084	0.0309	0.0108	0.0000	0.0071	0.0156	0.0316	0.0232	0.0414	0.0313	0.0363	0.0422	0.0407	0.0469	0.0422	0.0424	0.0518	0.0522	0.0463	0.0577	0.0629	0.0638	0.0720	0.0861	0.0770	0.0612	0.0619	0.0772	0.0792	0.0750	0.0713	0.0815	0.0742	0.0679	0.0851	0.0856	0.0725	0.0837	0.0731	0.0803	0.0739	0.0888	0.0822	0.0837	0.1024	0.0895	0.0856	0.0903	0.0965	0.0945	0.0794	0.0839	0.0861	0.0913	0.1032	0.0910	0.0810	0.0732	0.0823	0.0833	0.0743	0.0675	0.0634	0.0678	0.0540	0.0791	0.0790
0.0000	0.0000	0.0000	0.0223	0.0000	0.0000	0.0083	0.0186	0.0202	0.0128	0.0402	0.0400	0.0397	0.0391	0.0378	0.0468	0.0421	0.0553	0.0517	0.0565	0.0570	0.0590	0.0694	0.0532	0.0719	0.0640	0.0773	0.0655	0.0664	0.0629	0.0752	0.0718	0.0701	0.0730	0.0797	0.0883	0.0727	0.0785	0.0759	0.0695	0.0771	0.0854	0.0879	0.0777	0.0828	0.0776	0.0769	0.0765	0.0891	0.0801	0.0994	0.1056	0.0825	0.0989	0.1038	0.0903	0.0845	0.0953	0.0917	0.0886	0.0960	0.1009	0.0918	0.0802	0.0736	0.0753	0.0739	0.0825	0.0878
0.0000	0.0000	0.0134	0.0220	0.0073	0.0082	0.0227	0.0230	0.0212	0.0103	0.0394	0.0530	0.0480	0.0380	0.0401	0.0392	0.0464	0.0481	0.0507	0.0624	0.0524	0.0530	0.0540	0.0602	0.0759	0.0633	0.0634	0.0590	0.0634	0.0682	0.0775	0.0694	0.0867	0.0876	0.0898	0.0766	0.0759	0.0671	0.0800	0.0857	0.0930	0.0814	0.0875	0.0827	0.0904	0.0846	0.0879	0.0933	0.0846	0.0892	0.0896	0.0937	0.0953	0.0963	0.0998	0.0997	0.1017	0.1065	0.1034	0.1026	0.1033	0.0924	0.1062	0.0893	0.0889	0.0854	0.0946	0.0901	0.1052
0.0000	0.0000	0.0107	0.0242	0.0159	0.0261	0.0295	0.0287	0.0320	0.0325	0.0467	0.0412	0.0556	0.0560	0.0421	0.0472	0.0514	0.0533	0.0608	0.0669	0.0532	0.0531	0.0700	0.0597	0.0883	0.0688	0.0634	0.0669	0.0661	0.0832	0.0829	0.0729	0.0910	0.1003	0.0835	0.0901	0.0892	0.0654	0.0686	0.0907	0.0859	0.0887	0.0940	0.0915	0.0921	0.0937	0.0945	0.0868	0.1015	0.1112	0.0931	0.1003	0.1073	0.1011	0.1130	0.1247	0.1216	0.1150	0.1354	0.1155	0.1114	0.1114	0.1249	0.1068	0.1112	0.1046	0.1046	0.1090	0.1163
0.0000	0.0165	0.0224	0.0142	0.0103	0.0169	0.0283	0.0428	0.0426	0.0328	0.0475	0.0445	0.0495	0.0526	0.0454	0.0674	0.0621	0.0725	0.0672	0.0550	0.0615	0.0694	0.0625	0.0517	0.0738	0.0952	0.0812	0.0785	0.0731	0.0995	0.0754	0.0908	0.0969	0.0964	0.1053	0.1034	0.0835	0.0836	0.0852	0.0891	0.0871	0.0907	0.0961	0.0883	0.0932	0.1020	0.0991	0.1060	0.0996	0.1063	0.1213	0.1143	0.1133	0.1202	0.1391	0.1495	0.1538	0.1365	0.1443	0.1475	0.1339	0.1274	0.1266	0.1371	0.1394	0.1225	0.1101	0.1400	0.1298
0.0073	0.0163	0.0225	0.0074	0.0083	0.0225	0.0301	0.0606	0.0584	0.0477	0.0562	0.0549	0.0623	0.0551	0.0648	0.0674	0.0619	0.0755	0.0749	0.0702	0.0781	0.0888	0.0655	0.0595	0.0931	0.1001	0.0803	0.0859	0.0859	0.0875	0.0699	0.0829	0.1034	0.1019	0.1141	0.1023	0.1044	0.1067	0.1080	0.1049	0.1077	0.1059	0.1042	0.0933	0.1006	0.1122	0.1123	0.1225	0.1088	0.1202	0.1291	0.1249	0.1270	0.1183	0.1383	0.1831	0.1936	0.2312	0.2446	0.2073	0.1735	0.1573	0.1638	0.1661	0.1554	0.1361	0.1360	0.1515	0.1773
0.0147	0.0120	0.0093	0.0154	0.0101	0.0366	0.0405	0.0416	0.0466	0.0460	0.0463	0.0546	0.0666	0.0623	0.0594	0.0642	0.0711	0.0823	0.0788	0.0885	0.0924	0.0966	0.0902	0.0706	0.0897	0.0864	0.0807	0.0831	0.0961	0.0950	0.1025	0.0887	0.0992	0.1014	0.1114	0.1053	0.0999	0.1100	0.1180	0.1139	0.1003	0.1066	0.1214	0.1038	0.1119	0.1392	0.1255	0.1320	0.1321	0.1553	0.1543	0.1567	0.1736	0.1937	0.2168	0.3099	0.4255	0.4834	0.5174	0.3579	0.2421	0.1901	0.1817	0.1836	0.1733	0.1647	0.1778	0.1925	0.1929
0.0039	0.0051	0.0141	0.0244	0.0342	0.0435	0.0499	0.0556	0.0682	0.0704	0.0595	0.0422	0.0561	0.0630	0.0632	0.0839	0.0916	0.0715	0.0755	0.0889	0.0825	0.0924	0.0868	0.0837	0.1024	0.0940	0.0895	0.0991	0.1024	0.1079	0.1054	0.0969	0.0993	0.1241	0.1072	0.1048	0.1091	0.1130	0.1177	0.1276	0.1304	0.1282	0.1226	0.1218	0.1362	0.1429	0.1580	0.1506	0.1711	0.1827	0.1969	0.2020	0.2260	0.2501	0.2882	0.4230	0.5928	0.5579	0.5308	0.4538	0.3446	0.2298	0.2174	0.2191	0.1870	0.1865	0.1999	0.2173	0.2392
0.0083	0.0052	0.0150	0.0240	0.0401	0.0627	0.0695	0.0515	0.0480	0.0720	0.0625	0.0668	0.0604	0.0670	0.0668	0.0917	0.1063	0.0869	0.0784	0.0824	0.0973	0.1008	0.0921	0.0900	0.1090	0.1168	0.1051	0.1085	0.1084	0.1056	0.1012	0.1057	0.1147	0.1417	0.1376	0.1205	0.1246	0.1390	0.1398	0.1372	0.1580	0.1412	0.1363	0.1482	0.1500	0.1598	0.1834	0.1937	0.2026	0.2179	0.2511	0.2721	0.2614	0.2578	0.3008	0.4695	0.6142	0.5649	0.5305	0.4992	0.4435	0.3165	0.2649	0.2372	0.2428	0.2186	0.2255	0.2350	0.2339
0.0144	0.0109	0.0222	0.0347	0.0310	0.0473	0.0584	0.0550	0.0561	0.0472	0.0732	0.0852	0.0779	0.0742	0.0699	0.0946	0.0957	0.1015	0.1047	0.0922	0.1125	0.1318	0.1173	0.1021	0.1084	0.1133	0.1254	0.1015	0.1251	0.1248	0.1194	0.1243	0.1473	0.1535	0.1462	0.1275	0.1492	0.1700	0.1648	0.1690	0.1806	0.1804	0.1887	0.1760	0.1822	0.1983	0.2116	0.2265	0.2349	0.2538	0.2617	0.3107	0.3119	0.3085	0.3429	0.5439	0.6498	0.5919	0.5343	0.5178	0.5076	0.4640	0.3757	0.3061	0.2882	0.2811	0.3177	0.3330	0.2865
0.0265	0.0384	0.0478	0.0426	0.0546	0.0431	0.0513	0.0676	0.0810	0.0551	0.0720	0.0901	0.0862	0.0915	0.0712	0.1012	0.1085	0.1227	0.1378	0.1218	0.1151	0.1280	0.1398	0.1324	0.1332	0.1437	0.1235	0.1214	0.1250	0.1326	0.1360	0.1596	0.1771	0.1747	0.1659	0.1658	0.1765	0.1949	0.2015	0.2050	0.2055	0.2151	0.2225	0.2194	0.2287	0.2371	0.2582	0.2646	0.2787	0.3065	0.3137	0.3226	0.3649	0.4113	0.4898	0.6608	0.6590	0.6291	0.6004	0.5547	0.5341	0.5545	0.5384	0.4719	0.4366	0.4102	0.4392	0.4569	0.3751
0.0251	0.0232	0.0398	0.0392	0.0600	0.0480	0.0706	0.0647	0.0771	0.0721	0.0829	0.1101	0.0904	0.1036	0.1020	0.1135	0.1342	0.1614	0.1544	0.1304	0.1320	0.1406	0.1622	0.1508	0.1599	0.1576	0.1509	0.1516	0.1457	0.1674	0.1654	0.2026	0.2536	0.2385	0.2152	0.2068	0.2086	0.2243	0.2565	0.2754	0.2619	0.2525	0.2776	0.2858	0.2720	0.2904	0.2955	0.3201	0.3389	0.3475	0.3736	0.3983	0.4319	0.4897	0.6351	0.7589	0.6753	0.6307	0.6306	0.5878	0.5340	0.5588	0.6001	0.5450	0.5362	0.4888	0.4653	0.4053	0.4091
0.0331	0.0314	0.0326	0.0440	0.0620	0.0602	0.0755	0.0871	0.1038	0.1019	0.0965	0.1255	0.1464	0.1521	0.1829	0.1797	0.2026	0.2208	0.1881	0.1776	0.1939	0.2041	0.1817	0.1936	0.2033	0.2037	0.1987	0.2011	0.2173	0.2525	0.2616	0.3691	0.5625	0.5083	0.3041	0.2846	0.2980	0.3333	0.3469	0.3412	0.3151	0.2945	0.3417	0.3449	0.3352	0.3292	0.3442	0.3481	0.4030	0.3774	0.4026	0.4241	0.4636	0.5379	0.7293	0.7432	0.7184	0.6666	0.5949	0.5653	0.5185	0.5157	0.5546	0.5171	0.5016	0.4802	0.4427	0.4040	0.3796
0.0328	0.0438	0.0535	0.0631	0.0800	0.1047	0.0961	0.1142	0.1451	0.1423	0.1853	0.2065	0.2386	0.2934	0.3569	0.3668	0.4443	0.4011	0.3913	0.3868	0.3545	0.3567	0.3453	0.3255	0.2987	0.2885	0.2836	0.2851	0.3010	0.3274	0.3814	0.5930	0.8200	0.7438	0.4794	0.4560	0.5088	0.6019	0.5959	0.5045	0.3870	0.3168	0.3692	0.3984	0.3780	0.4084	0.3869	0.4106	0.4711	0.4939	0.4586	0.4831	0.5498	0.5867	0.7137	0.7305	0.6779	0.5993	0.5949	0.5730	0.5076	0.5036	0.5272	0.5133	0.4593	0.4130	0.4046	0.4190	0.3945
0.0248	0.0401	0.0694	0.1009	0.1214	0.1608	0.2011	0.2046	0.2628	0.2958	0.4063	0.4439	0.5237	0.5120	0.5852	0.5883	0.6411	0.6369	0.6007	0.6263	0.6608	0.6196	0.5616	0.5485	0.5061	0.4380	0.3722	0.3624	0.3822	0.4547	0.5964	0.7656	0.7887	0.7748	0.7381	0.7018	0.7398	0.7821	0.7441	0.6214	0.5071	0.3652	0.4115	0.4287	0.4389	0.5153	0.5170	0.5673	0.6680	0.6357	0.5655	0.6927	0.7065	0.6928	0.6922	0.6988	0.6377	0.5869	0.5617	0.5611	0.5260	0.4923	0.4624	0.4644	0.4430	0.3844	0.3805	0.3726	0.3853
0.0593	0.0831	0.1327	0.2169	0.2491	0.3403	0.4469	0.4762	0.5154	0.5061	0.6001	0.5870	0.5470	0.5648	0.6071	0.6581	0.6557	0.6593	0.6729	0.6698	0.7066	0.6567	0.6458	0.6423	0.6322	0.5915	0.5453	0.5674	0.5189	0.6617	0.7553	0.7568	0.7158	0.7465	0.7425	0.7373	0.7011	0.6790	0.6640	0.6777	0.6121	0.4814	0.4906	0.5185	0.5762	0.6545	0.6617	0.6669	0.7619	0.6890	0.6567	0.7108	0.6424	0.5897	0.6055	0.5523	0.5277	0.5053	0.5124	0.5108	0.4930	0.4905	0.4675	0.4334	0.4265	0.3605	0.3523	0.3584	0.3628
0.1189	0.2167	0.3288	0.4350	0.4831	0.5568	0.5976	0.5746	0.5647	0.4958	0.4958	0.5047	0.5146	0.5298	0.5307	0.6123	0.6597	0.6346	0.6535	0.6495	0.6346	0.6183	0.5985	0.5826	0.5918	0.6156	0.6442	0.6398	0.6429	0.7011	0.6993	0.6694	0.7008	0.7356	0.6683	0.6718	0.6516	0.6412	0.6492	0.7116	0.6851	0.6493	0.6764	0.6468	0.6959	0.7176	0.6909	0.6760	0.6608	0.6800	0.6387	0.5558	0.4882	0.4952	0.5228	0.4750	0.4534	0.4622	0.4846	0.4688	0.4787	0.4604	0.4600	0.3879	0.3963	0.3740	0.3674	0.3657	0.3717
0.2195	0.3174	0.3786	0.4003	0.4310	0.4572	0.4430	0.4423	0.4427	0.4162	0.4123	0.4227	0.4629	0.4282	0.4630	0.5173	0.5478	0.5800	0.5824	0.5575	0.5774	0.6072	0.5988	0.5933	0.5786	0.5625	0.5754	0.6021	0.5975	0.6258	0.6500	0.6391	0.6588	0.6691	0.6323	0.6197	0.6023	0.6134	0.6079	0.6172	0.6177	0.6014	0.6431	0.6223	0.6689	0.6138	0.5643	0.5876	0.5905	0.5354	0.4977	0.4871	0.4642	0.4731	0.4897	0.4704	0.4570	0.4486	0.4526	0.4300	0.4213	0.4144	0.4133	0.4177	0.3933	0.3839	0.3645	0.3639	0.3455
0.2067	0.2734	0.2736	0.2649	0.3166	0.3457	0.3433	0.3376	0.3584	0.3565	0.3723	0.3781	0.4556	0.4449	0.4171	0.4817	0.4799	0.5465	0.5337	0.5278	0.5445	0.5760	0.5553	0.5435	0.5631	0.5556	0.5370	0.5822	0.5488	0.5551	0.6386	0.5997	0.6084	0.6332	0.6209	0.5942	0.5712	0.5965	0.5849	0.5707	0.5892	0.5407	0.5302	0.5676	0.5124	0.5184	0.5150	0.5011	0.4822	0.4853	0.4790	0.4828	0.4450	0.4501	0.4583	0.4726	0.4433	0.4215	0.4383	0.4287	0.4279	0.4360	0.3923	0.3943	0.4052	0.4011	0.3446	0.3537	0.3333
0.1997	0.2274	0.2491	0.2514	0.2682	0.2863	0.2936	0.3241	0.3259	0.3336	0.3528	0.3649	0.4314	0.4256	0.4206	0.4468	0.5152	0.5246	0.5125	0.5068	0.5278	0.5472	0.5410	0.5207	0.5308	0.5252	0.5391	0.5249	0.5365	0.5334	0.5413	0.5333	0.5373	0.5578	0.5760	0.5404	0.5675	0.5533	0.5203	0.4958	0.5270	0.5112	0.5171	0.5017	0.5002	0.4981	0.4692	0.4656	0.4527	0.4539	0.5067	0.4853	0.4578	0.4602	0.4551	0.4819	0.4504	0.4312	0.4160	0.4062	0.4198	0.4253	0.4057	0.3677	0.3982	0.3878	0.3596	0.3452	0.3282
0.1993	0.2006	0.2284	0.2831	0.2649	0.2655	0.3083	0.3201	0.3348	0.3241	0.3285	0.3644	0.4082	0.3989	0.3899	0.4822	0.5279	0.5367	0.4878	0.4777	0.5333	0.5286	0.5387	0.5549	0.5381	0.4824	0.4960	0.5479	0.5004	0.5563	0.5089	0.5106	0.5471	0.5381	0.5027	0.4971	0.5146	0.5313	0.4975	0.4827	0.4982	0.4575	0.4787	0.4533	0.4877	0.4758	0.4808	0.4937	0.4689	0.4356	0.4652	0.4683	0.5006	0.4876	0.4971	0.4916	0.4649	0.4314	0.4224	0.4313	0.4137	0.4207	0.4155	0.4015	0.3886	0.3966	0.3820	0.3361	0.3220
0.1988	0.1954	0.2449	0.2874	0.2797	0.3262	0.3231	0.3108	0.3060	0.2949	0.2864	0.3103	0.3575	0.3818	0.4117	0.4654	0.4991	0.5237	0.5409	0.5004	0.5168	0.5462	0.5398	0.5152	0.5274	0.5078	0.5087	0.5175	0.4855	0.5483	0.5358	0.5087	0.5332	0.5686	0.5458	0.4861	0.5004	0.5132	0.4985	0.4808	0.4926	0.4850	0.4833	0.4995	0.4971	0.4793	0.5036	0.4849	0.4503	0.4618	0.4511	0.4611	0.5044	0.4861	0.4722	0.5000	0.4837	0.4676	0.4622	0.4661	0.4130	0.4252	0.4115	0.3895	0.3748	0.3895	0.3290	0.3189	0.3237
0.2021	0.2020	0.2339	0.2480	0.2773	0.2932	0.3192	0.3098	0.3179	0.3039	0.3453	0.3263	0.3665	0.3880	0.4054	0.4232	0.4478	0.4656	0.5214	0.4845	0.4818	0.4950	0.4999	0.4949	0.4894	0.5117	0.4869	0.4749	0.5005	0.4925	0.5094	0.4919	0.5266	0.5361	0.5386	0.5101	0.5050	0.5060	0.5054	0.5038	0.5093	0.5220	0.5084	0.4755	0.4941	0.4846	0.4814	0.4912	0.4951	0.5019	0.4992	0.4813	0.4773	0.4692	0.4807	0.4878	0.4594	0.4591	0.4420	0.4604	0.4312	0.4016	0.4290	0.3930	0.3804	0.3666	0.3286	0.3322	0.2973
0.1800	0.1953	0.2072	0.2571	0.2537	0.2818	0.3018	0.3233	0.3368	0.3181	0.3392	0.3431	0.3937	0.3950	0.3945	0.4237	0.4723	0.4642	0.4242	0.4693	0.4896	0.4714	0.4526	0.4433	0.4675	0.4859	0.4608	0.4701	0.4836	0.5118	0.4995	0.4991	0.5401	0.5213	0.5310	0.5037	0.5266	0.5260	0.5237	0.5227	0.5181	0.4895	0.4753	0.4639	0.5302	0.5327	0.5120	0.5022	0.5169	0.5347	0.5174	0.4768	0.4743	0.4765	0.4874	0.4961	0.4722	0.4718	0.4480	0.4249	0.4389	0.4021	0.4014	0.3899	0.3744	0.3625	0.3490	0.3163	0.3081
0.1701	0.2026	0.2241	0.2474	0.2608	0.2598	0.3011	0.3074	0.3002	0.3006	0.3325	0.3487	0.3705	0.3979	0.4174	0.4473	0.4617	0.4493	0.4496	0.4718	0.4665	0.4579	0.4473	0.4679	0.4501	0.4553	0.4817	0.4656	0.4809	0.5208	0.4885	0.5122	0.5409	0.5142	0.5183	0.5082	0.4977	0.5111	0.5372	0.5305	0.5300	0.5065	0.4865	0.4877	0.5318	0.5196	0.4903	0.4829	0.4929	0.5244	0.5009	0.4990	0.4855	0.4962	0.4932	0.4659	0.4361	0.4412	0.4448	0.4560	0.4223	0.4064	0.4385	0.4055	0.3730	0.3299	0.3474	0.3315	0.3201
0.1738	0.1961	0.2135	0.2372	0.2539	0.2656	0.2920	0.3027	0.3002	0.3247	0.3245	0.3466	0.3426	0.3768	0.4009	0.4138	0.4492	0.4206	0.4490	0.4589	0.4665	0.4491	0.4438	0.4669	0.4744	0.4622	0.4478	0.4838	0.4934	0.5003	0.5098	0.5326	0.5284	0.5175	0.4913	0.5101	0.5014	0.5178	0.5399	0.5133	0.5256	0.5272	0.5145	0.4929	0.5114	0.5010	0.5157	0.5039	0.5176	0.4825	0.5111	0.5439	0.5281	0.4982	0.4775	0.4907	0.4639	0.4399	0.4238	0.4643	0.4589	0.4405	0.4372	0.3887	0.3640	0.3548	0.3443	0.3295	0.3233
0.1799	0.2057	0.2125	0.2435	0.2838	0.2622	0.3082	0.2887	0.3100	0.3168	0.3245	0.3532	0.3628	0.3814	0.4034	0.4265	0.4264	0.4734	0.4801	0.4467	0.4682	0.4494	0.4681	0.4724	0.4760	0.4445	0.4711	0.5222	0.5276	0.5073	0.5444	0.5570	0.5712	0.5390	0.5340	0.5406	0.5204	0.5270	0.5208	0.5130	0.5320	0.5409	0.5332	0.5281	0.5263	0.5003	0.5110	0.5072	0.5403	0.5142	0.5104	0.5323	0.5254	0.4958	0.5136	0.5094	0.4830	0.4578	0.4316	0.4227	0.4230	0.4217	0.4065	0.4067	0.4051	0.3567	0.3219	0.3132	0.3165
0.1709	0.1976	0.2274	0.2515	0.2450	0.2432	0.2887	0.2891	0.3013	0.2951	0.3264	0.3409	0.3913	0.3990	0.3749	0.3984	0.4513	0.4557	0.4608	0.4826	0.4778	0.4746	0.4815	0.4940	0.4798	0.4482	0.4715	0.5109	0.5088	0.5562	0.5266	0.5520	0.5843	0.5348	0.5322	0.5412	0.5680	0.5618	0.5272	0.5333	0.5414	0.5393	0.5060	0.5244	0.5490	0.5148	0.5284	0.5077	0.4836	0.5090	0.5268	0.5216	0.5115	0.5159	0.4933	0.5315	0.4775	0.4472	0.4557	0.4262	0.4332	0.4268	0.4120	0.4032	0.3823	0.3698	0.3420	0.3455	0.3427
0.1567	0.1939	0.2209	0.2287	0.2210	0.2560	0.3177	0.2885	0.2956	0.2934	0.3373	0.3730	0.3601	0.3625	0.4074	0.4333	0.4653	0.4230	0.4480	0.4803	0.4680	0.5003	0.4986	0.4931	0.4999	0.4699	0.4240	0.4581	0.4881	0.4871	0.4943	0.5353	0.5591	0.5393	0.5520	0.5484	0.5577	0.5242	0.5123	0.5358	0.5246	0.5737	0.5444	0.5526	0.5358	0.5293	0.5478	0.5348	0.5109	0.5400	0.5635	0.5814	0.6022	0.5386	0.5184	0.5074	0.4911	0.4775	0.4895	0.4684	0.4343	0.4252	0.4111	0.3894	0.3909	0.3658	0.3487	0.3403	0.3176
0.1582	0.1774	0.1815	0.2043	0.2009	0.2381	0.2766	0.2760	0.3083	0.3224	0.3475	0.3442	0.3688	0.3632	0.4249	0.4425	0.4403	0.4318	0.4405	0.4825	0.4870	0.5021	0.4901	0.5268	0.5186	0.5209	0.4751	0.4774	0.4814	0.4822	0.5024	0.5299	0.5554	0.5457	0.5869	0.5412	0.5432	0.5503	0.5703	0.5444	0.5509	0.5594	0.5754	0.5284	0.5510	0.5515	0.5236	0.5498	0.5334	0.5577	0.5808	0.5619	0.5575	0.5565	0.5489	0.4980	0.4679	0.4980	0.4764	0.4528	0.4519	0.4398	0.4569	0.4331	0.4020	0.3672	0.3727	0.3482	0.3189
0.1537	0.1930	0.1868	0.2144	0.2261	0.2394	0.2811	0.2765	0.2968	0.3206	0.3141	0.3395	0.3520	0.3882	0.4046	0.4390	0.4480	0.4666	0.5016	0.5006	0.5125	0.5169	0.4966	0.5533	0.5265	0.5312	0.5391	0.5182	0.5145	0.5137	0.5261	0.5497	0.5370	0.5611	0.5834	0.5738	0.6015	0.5797	0.5890	0.5471	0.5865	0.6153	0.5991	0.5639	0.5637	0.5442	0.5562	0.5551	0.5564	0.5719	0.5476	0.5173	0.5705	0.5199	0.5210	0.5237	0.4881	0.4720	0.4443	0.4346	0.4456	0.4321	0.4772	0.4220	0.3873	0.3538	0.3514	0.3514	0.3386
0.1435	0.1679	0.2024	0.2145	0.2173	0.2330	0.2564	0.3034	0.3330	0.3135	0.3172	0.3446	0.3926	0.4139	0.4191	0.4423	0.4542	0.4953	0.5037	0.5222	0.5393	0.5015	0.5227	0.5182	0.5274	0.5409	0.5488	0.5537	0.5710	0.5747	0.5622	0.5502	0.5593	0.5703	0.5679	0.5877	0.5574	0.5907	0.6464	0.5797	0.5925	0.5903	0.6081	0.5983	0.5691	0.5795	0.5997	0.5752	0.6006	0.5998	0.5589	0.5222	0.5425	0.5294	0.4995	0.5192	0.4827	0.4846	0.4736	0.4499	0.4711	0.4609	0.4361	0.4331	0.3931	0.3898	0.4087	0.3611	0.3417
0.1530	0.1650	0.1868	0.1997	0.2119	0.2092	0.2306	0.2876	0.3070	0.3084	0.3256	0.3452	0.3917	0.4076	0.3978	0.4523	0.4792	0.4949	0.4899	0.5264	0.5261	0.5286	0.5130	0.5388	0.5692	0.5590	0.5538	0.5505	0.5421	0.5684	0.5717	0.5566	0.5784	0.5877	0.6233	0.6224	0.5900	0.6227	0.6595	0.6023	0.6107	0.6060	0.6214	0.6191	0.6303	0.6671	0.6185	0.6171	0.5664	0.5828	0.5541	0.5471	0.5552	0.5568	0.5030	0.5139	0.4903	0.4970	0.5009	0.4908	0.4612	0.4491	0.4652	0.4349	0.4345	0.4221	0.3977	0.3569	0.3265
0.1417	0.1890	0.1942	0.1995	0.2301	0.2673	0.2825	0.2766	0.2911	0.3112	0.3316	0.3530	0.3719	0.4044	0.4243	0.4433	0.4494	0.4702	0.4637	0.5175	0.5349	0.5593	0.5290	0.5238	0.5616	0.5557	0.5352	0.5637	0.5822	0.5603	0.5787	0.5679	0.6058	0.6263	0.6336	0.6236	0.6317	0.6515	0.6238	0.6166	0.6281	0.6522	0.6588	0.6439	0.6598	0.6608	0.6570	0.6704	0.6307	0.6052	0.5777	0.5846	0.5869	0.5427	0.5208	0.5275	0.4903	0.4770	0.5063	0.4750	0.4625	0.4575	0.4879	0.4589	0.4406	0.4260	0.4074	0.3758	0.3499
0.1445	0.1773	0.1926	0.2097	0.2372	0.2640	0.2851	0.3040	0.2945	0.3221	0.3400	0.3463	0.3900	0.4453	0.4257	0.4449	0.4485	0.4810	0.5063	0.5009	0.5203	0.5765	0.5369	0.5411	0.5318	0.5653	0.5536	0.5775	0.6166	0.6050	0.5802	0.6046	0.6179	0.6525	0.6353	0.6177	0.6435	0.6581	0.6507	0.6417	0.6768	0.6834	0.6783	0.6616	0.6794	0.6624	0.6791	0.6742	0.6837	0.6397	0.5793	0.5520	0.5572	0.5624	0.5435	0.5771	0.5480	0.5201	0.5359	0.4732	0.4644	0.4500	0.5016	0.4630	0.4274	0.4230	0.4217	0.4030	0.3594
0.1825	0.1947	0.2240	0.2582	0.2766	0.2831	0.3021	0.3097	0.3137	0.3290	0.3689	0.3788	0.4164	0.4541	0.5045	0.4995	0.5141	0.5773	0.5427	0.5284	0.5557	0.6038	0.5604	0.5586	0.5793	0.6145	0.5750	0.6154	0.6291	0.5951	0.6288	0.6471	0.6498	0.6636	0.6884	0.6484	0.7111	0.7004	0.7178	0.6951	0.7100	0.6644	0.7126	0.7098	0.7576	0.7360	0.7770	0.7518	0.7237	0.6815	0.6791	0.6517	0.6233	0.6368	0.6215	0.5871	0.5937	0.5783	0.5584	0.5094	0.5363	0.5134	0.5063	0.4776	0.4555	0.4344	0.4340	0.4058	0.4010
0.2131	0.3007	0.3566	0.3743	0.3707	0.3826	0.3926	0.4119	0.4019	0.4012	0.4208	0.4188	0.4593	0.5162	0.5400	0.5457	0.6066	0.6085	0.6256	0.6026	0.6023	0.6529	0.6358	0.6214	0.6563	0.6335	0.6344	0.6350	0.6676	0.6494	0.6931	0.6762	0.7037	0.7194	0.7368	0.7305	0.7397	0.7364	0.7492	0.7556	0.7789	0.8038	0.7994	0.8115	0.8251	0.8145	0.8333	0.7731	0.7303	0.7572	0.7213	0.7219	0.7139	0.6982	0.6717	0.6636	0.6182	0.5946	0.5718	0.5428	0.5600	0.5619	0.5440	0.5340	0.4955	0.4658	0.4257	0.4204	0.4223
0.1330	0.2733	0.3908	0.4643	0.5173	0.5745	0.5581	0.5740	0.5754	0.5555	0.5018	0.5099	0.4973	0.5608	0.5890	0.6301	0.6747	0.6882	0.7071	0.7178	0.6956	0.7481	0.7164	0.6845	0.6700	0.6654	0.6504	0.6527	0.7482	0.7757	0.8021	0.7560	0.7647	0.7893	0.7352	0.7762	0.8021	0.7716	0.8007	0.7996	0.8163	0.8404	0.8826	0.8594	0.7669	0.7355	0.9066	0.8255	0.8138	0.8138	0.7611	0.7300	0.7370	0.7430	0.7008	0.6753	0.6832	0.6473	0.6263	0.6372	0.6206	0.5801	0.5804	0.5686	0.5424	0.4980	0.4797	0.4719	0.4188
0.0419	0.1210	0.1644	0.2328	0.3260	0.4108	0.4828	0.5329	0.5840	0.5894	0.6316	0.6190	0.6039	0.6515	0.6900	0.7307	0.7341	0.7473	0.7901	0.8180	0.8024	0.8028	0.7539	0.7777	0.7673	0.7104	0.7539	0.7503	0.8277	0.7585	0.7198	0.7663	0.7448	0.8187	0.8167	0.8406	0.8912	0.8554	0.8616	0.8464	0.8793	0.8455	0.8958	0.7828	0.6029	0.7559	1.0000	0.9209	0.8902	0.8621	0.8043	0.7971	0.7757	0.7833	0.7701	0.7825	0.7516	0.7035	0.7016	0.7270	0.6697	0.6209	0.6307	0.6141	0.5380	0.5367	0.5225	0.4735	0.4240
0.0243	0.0416	0.0665	0.0788	0.1146	0.1340	0.1561	0.2055	0.2355	0.2746	0.3560	0.4032	0.4558	0.5374	0.6108	0.6002	0.6238	0.6451	0.6722	0.6910	0.6745	0.6312	0.6127	0.5823	0.5225	0.5260	0.5288	0.5288	0.5143	0.4068	0.3859	0.4111	0.4419	0.5425	0.5925	0.6786	0.7629	0.7855	0.7596	0.8139	0.7564	0.8636	0.8791	0.7768	0.5296	0.6292	0.9054	0.9564	0.9356	0.8803	0.9064	0.8561	0.8323	0.8364	0.8072	0.8092	0.7788	0.6809	0.6970	0.7610	0.7429	0.6635	0.6710	0.6333	0.5752	0.5529	0.5318	0.4910	0.4528
0.0144	0.0218	0.0606	0.0445	0.0507	0.0596	0.0879	0.0959	0.0984	0.1064	0.1202	0.1505	0.2006	0.1990	0.2272	0.2678	0.3083	0.3649	0.3436	0.3056	0.2668	0.2579	0.2858	0.2706	0.2504	0.2480	0.2259	0.2377	0.2388	0.2327	0.2408	0.2438	0.2602	0.2796	0.2822	0.2885	0.3353	0.3996	0.4486	0.4773	0.4868	0.6710	0.6679	0.6154	0.4402	0.4291	0.5813	0.7757	0.9392	0.9200	0.8802	0.8756	0.8571	0.8717	0.7880	0.8478	0.8110	0.6656	0.6122	0.8010	0.7779	0.6617	0.6735	0.6492	0.5813	0.5776	0.5819	0.5521	0.5073
0.0121	0.0219	0.0433	0.0479	0.0530	0.0608	0.0614	0.0713	0.0784	0.0930	0.0823	0.0737	0.1174	0.1111	0.0950	0.1275	0.1490	0.1584	0.1683	0.1607	0.1505	0.1442	0.1429	0.1675	0.1687	0.1588	0.1539	0.1698	0.1767	0.1845	0.1811	0.1962	0.1968	0.1980	0.1953	0.2040	0.2151	0.2169	0.2496	0.2326	0.2550	0.3121	0.3114	0.3137	0.2940	0.3441	0.3903	0.4860	0.7651	0.8862	0.8712	0.8946	0.8230	0.7546	0.7038	0.8571	0.8360	0.6832	0.5466	0.7524	0.7441	0.6928	0.7021	0.6365	0.6059	0.6218	0.5908	0.5659	0.5158
0.0154	0.0218	0.0254	0.0341	0.0521	0.0692	0.0482	0.0545	0.0609	0.0766	0.0766	0.0759	0.0881	0.0750	0.0809	0.0994	0.1064	0.0958	0.1016	0.0995	0.1104	0.1091	0.1070	0.1211	0.1235	0.1197	0.1231	0.1269	0.1381	0.1414	0.1404	0.1505	0.1565	0.1619	0.1648	0.1598	0.1662	0.1754	0.1917	0.1844	0.1811	0.1992	0.2087	0.2061	0.2042	0.2314	0.2481	0.2837	0.3791	0.4764	0.5663	0.6708	0.6838	0.5600	0.7407	0.8204	0.7317	0.5855	0.5814	0.7076	0.7144	0.6693	0.5861	0.4875	0.4834	0.5317	0.5916	0.5603	0.5342
0.0191	0.0146	0.0206	0.0300	0.0466	0.0452	0.0355	0.0568	0.0645	0.0665	0.0639	0.0593	0.0720	0.0682	0.0796	0.0767	0.0833	0.0866	0.0771	0.0824	0.0979	0.0900	0.1014	0.0949	0.0906	0.0988	0.0931	0.1065	0.1171	0.1139	0.1189	0.1255	0.1281	0.1259	0.1358	0.1395	0.1405	0.1473	0.1467	0.1443	0.1414	0.1532	0.1571	0.1811	0.1671	0.1731	0.1846	0.2046	0.2103	0.2247	0.2531	0.2836	0.3376	0.3345	0.5188	0.6334	0.5418	0.4761	0.6395	0.7082	0.6937	0.5766	0.4040	0.3224	0.3337	0.3726	0.4836	0.5298	0.5310
0.0186	0.0306	0.0259	0.0407	0.0354	0.0424	0.0412	0.0679	0.0669	0.0642	0.0615	0.0541	0.0657	0.0744	0.0667	0.0826	0.0761	0.0822	0.0746	0.0786	0.0830	0.0846	0.0819	0.0890	0.0809	0.0929	0.0879	0.0906	0.1082	0.0980	0.0965	0.0998	0.0933	0.0993	0.1151	0.1112	0.1137	0.1126	0.1105	0.1158	0.1231	0.1292	0.1318	0.1501	0.1513	0.1548	0.1620	0.1639	0.1633	0.1749	0.1902	0.2001	0.2133	0.2162	0.2499	0.3139	0.2955	0.4112	0.6176	0.6271	0.4948	0.3357	0.2647	0.2569	0.2546	0.2720	0.3075	0.3656	0.4766
0.0106	0.0094	0.0107	0.0201	0.0185	0.0337	0.0331	0.0489	0.0457	0.0403	0.0437	0.0620	0.0514	0.0516	0.0579	0.0723	0.0811	0.0862	0.0617	0.0749	0.0724	0.0681	0.0712	0.0683	0.0705	0.0782	0.0716	0.0816	0.0961	0.0966	0.0843	0.0861	0.0922	0.0854	0.0919	0.1016	0.0901	0.0941	0.0952	0.0955	0.0964	0.0989	0.1097	0.1060	0.1150	0.1237	0.1316	0.1370	0.1376	0.1458	0.1580	0.1561	0.1613	0.1649	0.1742	0.1932	0.2060	0.2334	0.3386	0.3698	0.2937	0.2212	0.2209	0.2107	0.1960	0.2077	0.2185	0.2504	0.3315
0.0073	0.0185	0.0208	0.0135	0.0192	0.0329	0.0329	0.0374	0.0366	0.0517	0.0448	0.0591	0.0404	0.0394	0.0443	0.0627	0.0749	0.0829	0.0597	0.0653	0.0725	0.0556	0.0726	0.0701	0.0667	0.0721	0.0724	0.0689	0.0792	0.0902	0.0680	0.0743	0.0758	0.0725	0.0720	0.0765	0.0761	0.0801	0.0859	0.0786	0.0848	0.0831	0.0886	0.0859	0.0908	0.0996	0.1012	0.1164	0.1105	0.1061	0.1246	0.1336	0.1241	0.1214	0.1409	0.1386	0.1542	0.1576	0.1704	0.2051	0.1918	0.1850	0.1802	0.1748	0.1741	0.1763	0.1803	0.1781	0.1970
0.0000	0.0067	0.0167	0.0221	0.0096	0.0149	0.0325	0.0457	0.0352	0.0325	0.0344	0.0374	0.0327	0.0373	0.0494	0.0696	0.0653	0.0562	0.0549	0.0552	0.0632	0.0600	0.0680	0.0596	0.0605	0.0726	0.0790	0.0534	0.0693	0.0766	0.0729	0.0684	0.0668	0.0668	0.0675	0.0625	0.0655	0.0697	0.0807	0.0846	0.0800	0.0779	0.0793	0.0829	0.0840	0.0901	0.0948	0.0894	0.0896	0.0901	0.0883	0.0918	0.0962	0.0951	0.1075	0.1105	0.1025	0.1131	0.1496	0.1581	0.1561	0.1617	0.1446	0.1486	0.1555	0.1496	0.1597	0.1569	0.1523
0.0000	0.0041	0.0213	0.0084	0.0042	0.0126	0.0419	0.0396	0.0199	0.0219	0.0214	0.0462	0.0431	0.0349	0.0419	0.0515	0.0520	0.0529	0.0511	0.0497	0.0537	0.0540	0.0507	0.0608	0.0740	0.0696	0.0590	0.0578	0.0592	0.0573	0.0605	0.0694	0.0718	0.0680	0.0652	0.0623	0.0714	0.0716	0.0741	0.0744	0.0791	0.0729	0.0758	0.0761	0.0752	0.0784	0.0786	0.0767	0.0866	0.0843	0.0799	0.0821	0.0761	0.0802	0.0944	0.0986	0.0914	0.0859	0.1020	0.1176	0.1221	0.1251	0.1180	0.1179	0.1252	0.1312	0.1258	0.1151	0.1055
0.0000	0.0011	0.0090	0.0053	0.0111	0.0096	0.0163	0.0130	0.0111	0.0248	0.0281	0.0308	0.0310	0.0291	0.0337	0.0493	0.0593	0.0395	0.0319	0.0429	0.0465	0.0550	0.0531	0.0566	0.0588	0.0616	0.0505	0.0519	0.0499	0.0454	0.0479	0.0489	0.0497	0.0599	0.0569	0.0683	0.0619	0.0624	0.0666	0.0589	0.0721	0.0667	0.0691	0.0666	0.0710	0.0692	0.0714	0.0742	0.0701	0.0691	0.0743	0.0796	0.0678	0.0765	0.0911	0.0769	0.0806	0.0836	0.0877	0.0905	0.0953	0.0937	0.0986	0.1004	0.0984	0.0890	0.0885	0.0890	0.0797
0.0000	0.0000	0.0006	0.0000	0.0062	0.0000	0.0092	0.0182	0.0156	0.0269	0.0162	0.0200	0.0172	0.0220	0.0346	0.0346	0.0375	0.0457	0.0316	0.0401	0.0406	0.0417	0.0514	0.0537	0.0509	0.0499	0.0494	0.0486	0.0506	0.0520	0.0525	0.0532	0.0500	0.0528	0.0551	0.0587	0.0541	0.0524	0.0560	0.0568	0.0647	0.0579	0.0676	0.0576	0.0576	0.0561	0.0612	0.0586	0.0648	0.0683	0.0663	0.0629	0.0675	0.0722	0.0735	0.0732	0.0697	0.0621	0.0684	0.0801	0.0769	0.0683	0.0743	0.0847	0.0785	0.0746	0.0713	0.0628	0.0588
0.0000	0.0000	0.0118	0.0069	0.0002	0.0000	0.0011	0.0073	0.0016	0.0082	0.0112	0.0209	0.0229	0.0180	0.0235	0.0318	0.0318	0.0309	0.0233	0.0325	0.0396	0.0360	0.0425	0.0437	0.0472	0.0508	0.0539	0.0524	0.0475	0.0470	0.0444	0.0490	0.0448	0.0473	0.0501	0.0503	0.0493	0.0544	0.0532	0.0458	0.0488	0.0531	0.0555	0.0594	0.0576	0.0558	0.0582	0.0561	0.0517	0.0595	0.0693	0.0712	0.0601	0.0643	0.0695	0.0680	0.0616	0.0651	0.0655	0.0709	0.0705	0.0639	0.0621	0.0719	0.0632	0.0658	0.0650	0.0707	0.0647
0.0056	0.0000	0.0000	0.0024	0.0000	0.0003	0.0103	0.0101	0.0000	0.0000	0.0162	0.0357	0.0251	0.0210	0.0174	0.0273	0.0268	0.0281	0.0164	0.0288	0.0327	0.0392	0.0397	0.0331	0.0347	0.0386	0.0499	0.0501	0.0563	0.0437	0.0500	0.0491	0.0457	0.0479	0.0503	0.0430	0.0533	0.0455	0.0512	0.0458	0.0527	0.0522	0.0481	0.0604	0.0524	0.0574	0.0540	0.0594	0.0471	0.0563	0.0637	0.0612	0.0574	0.0649	0.0661	0.0632	0.0638	0.0546	0.0630	0.0709	0.0567	0.0563	0.0564	0.0589	0.0548	0.0550	0.0482	0.0528	0.0501
0.0000	0.0000	0.0000	0.0000	0.0000	0.0000	0.0052	0.0000	0.0043	0.0029	0.0218	0.0232	0.0251	0.0171	0.0274	0.0235	0.0283	0.0388	0.0297	0.0390	0.0304	0.0393	0.0404	0.0446	0.0402	0.0362	0.0468	0.0494	0.0498	0.0495	0.0452	0.0343	0.0376	0.0462	0.0454	0.0489	0.0466	0.0446	0.0463	0.0496	0.0442	0.0464	0.0537	0.0526	0.0490	0.0565	0.0573	0.0586	0.0548	0.0579	0.0595	0.0627	0.0614	0.0614	0.0600	0.0662	0.0615	0.0477	0.0565	0.0574	0.0477	0.0544	0.0538	0.0612	0.0483	0.0472	0.0427	0.0433	0.0379
0.0000	0.0000	0.0000	0.0000	0.0000	0.0000	0.0076	0.0213	0.0075	0.0061	0.0150	0.0137	0.0127	0.0219	0.0252	0.0175	0.0260	0.0377	0.0221	0.0326	0.0363	0.0325	0.0287	0.0330	0.0542	0.0373	0.0363	0.0385	0.0401	0.0410	0.0394	0.0381	0.0488	0.0466	0.0438	0.0427	0.0390	0.0486	0.0442	0.0512	0.0407	0.0466	0.0567	0.0476	0.0472	0.0534	0.0493	0.0527	0.0494	0.0533	0.0588	0.0580	0.0554	0.0488	0.0484	0.0616	0.0538	0.0410	0.0491	0.0525	0.0500	0.0477	0.0484	0.0491	0.0421	0.0443	0.0380	0.0380	0.0409
0.0000	0.0000	0.0010	0.0000	0.0000	0.0000	0.0000	0.0065	0.0004	0.0041	0.0078	0.0210	0.0303	0.0188	0.0376	0.0137	0.0093	0.0250	0.0190	0.0293	0.0308	0.0269	0.0277	0.0287	0.0336	0.0349	0.0340	0.0316	0.0433	0.0383	0.0362	0.0414	0.0408	0.0465	0.0389	0.0299	0.0366	0.0513	0.0400	0.0520	0.0606	0.0513	0.0472	0.0371	0.0437	0.0375	0.0473	0.0551	0.0513	0.0491	0.0535	0.0573	0.0681	0.0570	0.0560	0.0528	0.0455	0.0480	0.0557	0.0551	0.0585	0.0419	0.0487	0.0556	0.0583	0.0551	0.0363	0.0515	0.0395
