0.0000	0.0000	0.0053	0.0059	0.0000	0.0000	0.0119	0.0279	0.0247	0.0000	0.0006	0.0270	0.0428	0.0278	0.0328	0.0360	0.0441	0.0327	0.0461	0.0434	0.0547	0.0473	0.0551	0.0771	0.0700	0.0809	0.0723	0.0717	0.0661	0.0723	0.0672	0.0568	0.0766	0.0787	0.0708	0.0670	0.0788	0.0719	0.0675	0.0521	0.0648	0.0632	0.0718	0.0507	0.0503	0.0543	0.0481	0.0521	0.0687	0.0686	0.0591	0.0444	0.0553	0.0598	0.0631	0.0549	0.0649	0.0514	0.0652	0.0698	0.0589	0.0597	0.0637	0.0542	0.0635	0.0476	0.0521	0.0569	0.0591
0.0000	0.0000	0.0000	0.0069	0.0000	0.0000	0.0217	0.0227	0.0186	0.0094	0.0154	0.0331	0.0325	0.0477	0.0306	0.0394	0.0446	0.0453	0.0647	0.0427	0.0562	0.0667	0.0599	0.0855	0.0810	0.0848	0.0718	0.0657	0.0806	0.0959	0.0759	0.0845	0.1026	0.0760	0.0712	0.0660	0.0854	0.0933	0.0817	0.0676	0.0687	0.0617	0.0780	0.0640	0.0616	0.0591	0.0725	0.0789	0.0663	0.0693	0.0771	0.0620	0.0472	0.0645	0.0702	0.0680	0.0682	0.0594	0.0617	0.0863	0.0738	0.0765	0.0664	0.0791	0.0790	0.0681	0.0746	0.0757	0.0675
0.0000	0.0000	0.0006	0.0097	0.0058	0.0000	0.0224	0.0274	0.0218	0.0153	0.0270	0.0314	0.0324	0.0473	0.0317	0.0459	0.0444	0.0539	0.0503	0.0542	0.0684	0.0784	0.0733	0.0764	0.0714	0.0821	0.0811	0.0779	0.0947	0.0854	0.0966	0.0808	0.0986	0.0804	0.0837	0.0899	0.0969	0.0970	0.0838	0.0735	0.0801	0.0749	0.0792	0.0765	0.0654	0.0693	0.0769	0.0755	0.0602	0.0703	0.0745	0.0875	0.0699	0.0803	0.0696	0.0716	0.0720	0.0569	0.0707	0.0861	0.1024	0.0858	0.1045	0.0958	0.0779	0.0777	0.0810	0.0959	0.1017
0.0000	0.0000	0.0056	0.0151	0.0159	0.0098	0.0103	0.0176	0.0355	0.0257	0.0475	0.0350	0.0415	0.0420	0.0339	0.0459	0.0573	0.0651	0.0496	0.0744	0.0672	0.0700	0.0628	0.0635	0.0981	0.0868	0.0808	0.0798	0.0826	0.0800	0.0816	0.0693	0.0894	0.0829	0.0861	0.0802	0.0950	0.0889	0.0653	0.0835	0.1010	0.0732	0.0764	0.0862	0.0743	0.0775	0.0698	0.0773	0.0513	0.0538	0.0775	0.0908	0.0591	0.0607	0.0788	0.0689	0.0698	0.0881	0.0944	0.0921	0.1059	0.1078	0.0997	0.0890	0.0936	0.1035	0.0981	0.1222	0.1814
0.0000	0.0140	0.0190	0.0091	0.0056	0.0206	0.0133	0.0257	0.0242	0.0306	0.0365	0.0475	0.0827	0.0578	0.0440	0.0530	0.0498	0.0520	0.0526	0.0688	0.0746	0.0613	0.0640	0.0797	0.0981	0.0802	0.0743	0.0756	0.0902	0.0964	0.0851	0.0731	0.0989	0.1003	0.0852	0.0705	0.0882	0.0727	0.0737	0.0918	0.0812	0.0701	0.0736	0.0847	0.0827	0.0735	0.0735	0.0745	0.0690	0.0606	0.0703	0.0699	0.0682	0.0781	0.0842	0.0639	0.0696	0.0793	0.0894	0.0996	0.1193	0.1163	0.1207	0.1217	0.1329	0.1230	0.1323	0.2237	0.2948
0.0000	0.0002	0.0119	0.0000	0.0138	0.0282	0.0204	0.0325	0.0305	0.0272	0.0417	0.0454	0.0705	0.0648	0.0477	0.0466	0.0568	0.0632	0.0551	0.0873	0.0971	0.0934	0.0666	0.0682	0.1061	0.0860	0.0827	0.0850	0.0881	0.1126	0.1066	0.0930	0.0988	0.1137	0.1011	0.1024	0.1019	0.0899	0.0947	0.0904	0.0745	0.0882	0.0812	0.0749	0.0762	0.0754	0.0711	0.0813	0.0924	0.0889	0.0850	0.0720	0.0864	0.0958	0.0857	0.0959	0.1029	0.0885	0.1071	0.1328	0.1371	0.1247	0.1425	0.1624	0.1560	0.1371	0.1824	0.3171	0.3605
0.0000	0.0000	0.0198	0.0158	0.0102	0.0287	0.0179	0.0292	0.0379	0.0306	0.0705	0.0600	0.0513	0.0480	0.0592	0.0667	0.0795	0.0899	0.0636	0.0837	0.1123	0.1074	0.0810	0.0677	0.0962	0.1213	0.0810	0.0814	0.0861	0.1043	0.0978	0.0909	0.1062	0.1184	0.1005	0.1246	0.1002	0.0925	0.0997	0.0995	0.0883	0.1027	0.1039	0.0894	0.0903	0.0848	0.0800	0.0912	0.1011	0.0843	0.1080	0.1109	0.1022	0.1047	0.1065	0.1222	0.1133	0.1181	0.1438	0.1491	0.1504	0.1610	0.1785	0.2020	0.1956	0.1722	0.1986	0.3104	0.3575
0.0012	0.0000	0.0117	0.0202	0.0244	0.0366	0.0330	0.0441	0.0579	0.0556	0.0553	0.0561	0.0614	0.0639	0.0750	0.0765	0.0705	0.0907	0.0882	0.0772	0.0875	0.1091	0.0899	0.0795	0.1034	0.1267	0.0873	0.0898	0.1017	0.1065	0.1011	0.0898	0.1044	0.1276	0.1169	0.1151	0.1211	0.1105	0.1106	0.1080	0.1064	0.1037	0.1188	0.1044	0.0839	0.1129	0.1100	0.1071	0.1132	0.1147	0.1073	0.1173	0.1071	0.1126	0.1334	0.1453	0.1355	0.1514	0.1808	0.1532	0.1936	0.1934	0.1962	0.2195	0.2562	0.2668	0.3150	0.4059	0.3911
0.0117	0.0060	0.0323	0.0520	0.0239	0.0288	0.0406	0.0427	0.0558	0.0447	0.0558	0.0614	0.0727	0.0722	0.0716	0.0734	0.0810	0.0939	0.0938	0.0980	0.1149	0.1111	0.1021	0.0970	0.1227	0.1168	0.1033	0.0993	0.1196	0.1273	0.1101	0.1115	0.1260	0.1188	0.1335	0.1018	0.1225	0.1272	0.1166	0.1300	0.1274	0.1160	0.1262	0.1227	0.1182	0.1214	0.1291	0.1242	0.1326	0.1319	0.1421	0.1415	0.1351	0.1529	0.1647	0.1631	0.1425	0.1660	0.1961	0.2313	0.2700	0.2740	0.2863	0.2828	0.3103	0.4074	0.4474	0.4756	0.4271
0.0018	0.0049	0.0173	0.0336	0.0274	0.0668	0.0630	0.0408	0.0494	0.0692	0.0740	0.0837	0.0819	0.0709	0.0826	0.0955	0.1013	0.0829	0.1010	0.1248	0.1327	0.1067	0.1142	0.1211	0.1486	0.1183	0.1077	0.1140	0.1174	0.1332	0.1227	0.1247	0.1363	0.1253	0.1390	0.1126	0.1204	0.1341	0.1384	0.1509	0.1284	0.1276	0.1402	0.1469	0.1401	0.1357	0.1507	0.1419	0.1393	0.1467	0.1555	0.1614	0.1546	0.1782	0.1901	0.1944	0.2007	0.2161	0.2592	0.2947	0.3850	0.4454	0.4646	0.4674	0.4079	0.4479	0.4341	0.4240	0.4249
0.0066	0.0047	0.0237	0.0265	0.0472	0.0594	0.0540	0.0601	0.0537	0.0690	0.0891	0.0817	0.0749	0.0849	0.0853	0.1127	0.1251	0.1133	0.1046	0.1238	0.1333	0.1418	0.1328	0.1330	0.1634	0.1593	0.1401	0.1286	0.1502	0.1379	0.1315	0.1438	0.1510	0.1701	0.1594	0.1488	0.1604	0.1602	0.1530	0.1443	0.1567	0.1546	0.1749	0.1661	0.1726	0.1619	0.1783	0.1810	0.1936	0.1907	0.2041	0.2049	0.1885	0.2083	0.2210	0.2314	0.2495	0.2709	0.3067	0.3851	0.5867	0.5388	0.5002	0.4976	0.4585	0.4052	0.3889	0.4133	0.3984
0.0176	0.0054	0.0367	0.0401	0.0462	0.0461	0.0541	0.0611	0.0708	0.0635	0.0905	0.1045	0.1019	0.0883	0.0803	0.1040	0.1171	0.1240	0.1397	0.1282	0.1421	0.1576	0.1502	0.1635	0.1983	0.1749	0.1717	0.1528	0.1667	0.1685	0.1616	0.1877	0.1847	0.1873	0.1926	0.1799	0.1896	0.1954	0.2067	0.1836	0.1797	0.1808	0.2008	0.2158	0.1950	0.2067	0.2088	0.2163	0.2141	0.2352	0.2260	0.2362	0.2549	0.2587	0.2745	0.2720	0.3129	0.3383	0.3468	0.4807	0.6675	0.5307	0.4887	0.4868	0.4620	0.3875	0.3709	0.3671	0.3483
0.0195	0.0244	0.0425	0.0581	0.0527	0.0409	0.0636	0.0854	0.0833	0.0780	0.1093	0.1113	0.1253	0.0892	0.0968	0.1125	0.1304	0.1578	0.1635	0.1698	0.1919	0.2163	0.2265	0.2413	0.2373	0.2542	0.2604	0.2159	0.2336	0.2248	0.2141	0.2507	0.2633	0.2606	0.2923	0.2431	0.2409	0.2574	0.2386	0.2347	0.2398	0.2430	0.2494	0.2548	0.2304	0.2403	0.2410	0.2284	0.2161	0.2320	0.2413	0.2279	0.2456	0.2851	0.2995	0.3159	0.3322	0.3523	0.3738	0.5423	0.5804	0.5867	0.5649	0.5405	0.4634	0.3883	0.3886	0.3975	0.3444
0.0241	0.0298	0.0504	0.0497	0.0574	0.0685	0.0727	0.0875	0.0791	0.0995	0.1250	0.1254	0.1329	0.1593	0.1538	0.1617	0.1988	0.2424	0.2620	0.2995	0.3029	0.2999	0.4236	0.5048	0.5008	0.4419	0.3719	0.3509	0.3177	0.3086	0.3107	0.3650	0.3872	0.3826	0.5079	0.4352	0.3605	0.3053	0.2915	0.2738	0.2662	0.2501	0.2748	0.2546	0.2483	0.2423	0.2471	0.2386	0.2398	0.2313	0.2761	0.2615	0.2552	0.2868	0.2906	0.3179	0.3362	0.3566	0.3813	0.5125	0.5991	0.5662	0.5721	0.5325	0.4653	0.3997	0.4052	0.3558	0.3320
0.0280	0.0381	0.0581	0.0614	0.0749	0.0885	0.0764	0.0973	0.1268	0.1193	0.1371	0.1729	0.1666	0.2158	0.2999	0.3393	0.4395	0.4855	0.5156	0.5294	0.5579	0.5812	0.7110	0.8386	0.8159	0.7366	0.6713	0.5942	0.5818	0.6059	0.6192	0.7314	0.7622	0.7150	0.8123	0.8412	0.7370	0.4738	0.3714	0.3705	0.3388	0.3063	0.2847	0.2954	0.2831	0.2740	0.2683	0.2591	0.2764	0.2763	0.3002	0.2861	0.2840	0.2849	0.3205	0.3379	0.3675	0.3914	0.4714	0.6247	0.6260	0.5502	0.5434	0.4919	0.4355	0.3796	0.3784	0.3473	0.3118
0.0279	0.0332	0.0640	0.0768	0.0903	0.1062	0.1023	0.1305	0.1857	0.1873	0.2120	0.3027	0.3873	0.4784	0.6949	0.7507	0.8899	0.8634	0.8577	0.8362	0.8834	0.9151	0.7914	0.8279	0.8089	0.7629	0.7779	0.7768	0.8504	0.8495	0.8541	0.9308	0.9022	0.9008	0.8576	0.8781	0.9298	0.7677	0.6402	0.6145	0.4186	0.3231	0.3487	0.3923	0.4397	0.4485	0.4209	0.3207	0.2878	0.3015	0.3263	0.3333	0.3274	0.3189	0.3480	0.3783	0.4210	0.3995	0.5342	0.6854	0.6200	0.5288	0.5481	0.5140	0.3773	0.3424	0.3430	0.3317	0.2938
0.0626	0.0562	0.0643	0.1043	0.1389	0.1444	0.1626	0.2184	0.2919	0.3721	0.4701	0.6156	0.7733	0.7618	0.8085	0.8295	0.8227	0.8313	0.8021	0.8186	0.8692	0.8374	0.7928	0.8094	0.8010	0.7572	0.7358	0.7362	0.7465	0.7815	0.8440	0.8990	0.8722	0.8755	0.9105	0.8689	0.8955	0.8829	0.8685	0.7626	0.5915	0.4264	0.4527	0.5726	0.7909	0.7168	0.6890	0.4772	0.3213	0.3190	0.3858	0.3935	0.3559	0.3441	0.3876	0.4180	0.4194	0.4253	0.5857	0.6710	0.5734	0.4900	0.4634	0.4446	0.3634	0.3176	0.3286	0.3034	0.2836
0.0924	0.1157	0.1234	0.1733	0.2538	0.3105	0.4086	0.5333	0.6802	0.6178	0.7213	0.6933	0.6999	0.6884	0.6645	0.6796	0.6693	0.6436	0.6874	0.7011	0.7232	0.7572	0.7255	0.7445	0.7421	0.7238	0.7064	0.7657	0.6842	0.7438	0.7956	0.8231	0.8629	0.8748	0.8333	0.8120	0.8109	0.8012	0.8205	0.8237	0.8014	0.5914	0.5450	0.6813	0.8569	0.7639	0.7644	0.5488	0.3830	0.3981	0.5864	0.5451	0.3849	0.3771	0.3953	0.4177	0.4129	0.4671	0.6613	0.6053	0.5324	0.4521	0.4231	0.4163	0.3327	0.2927	0.3163	0.3244	0.2954
0.1312	0.2136	0.2991	0.3964	0.5024	0.6495	0.6636	0.6743	0.7256	0.6385	0.6054	0.5744	0.5746	0.5333	0.5588	0.5950	0.6506	0.6245	0.6537	0.6692	0.6672	0.6878	0.6731	0.6933	0.7115	0.6677	0.7479	0.7039	0.7089	0.7885	0.7602	0.7788	0.8660	0.8560	0.8091	0.7997	0.7673	0.8107	0.7995	0.8122	0.8359	0.8172	0.7971	0.7738	0.8410	0.7818	0.7002	0.5126	0.4402	0.5777	0.8363	0.6832	0.4179	0.4490	0.5287	0.5372	0.5290	0.5761	0.6449	0.5737	0.5198	0.4074	0.3908	0.3938	0.3260	0.2842	0.3079	0.3219	0.3067
0.2375	0.3587	0.4622	0.5532	0.5562	0.5498	0.5503	0.5494	0.5001	0.5095	0.4919	0.4789	0.5262	0.5004	0.5267	0.5678	0.6221	0.6542	0.6710	0.6468	0.6392	0.6794	0.6528	0.6755	0.6844	0.6794	0.7281	0.7256	0.7474	0.7777	0.7550	0.8163	0.8339	0.8187	0.8108	0.8179	0.7432	0.7834	0.7641	0.7671	0.7916	0.8408	0.8738	0.7888	0.8102	0.7490	0.6962	0.5272	0.5531	0.7227	0.8221	0.6851	0.4508	0.6157	0.7436	0.7166	0.6844	0.6229	0.5616	0.5044	0.4555	0.4002	0.3888	0.3798	0.3400	0.3280	0.3145	0.3138	0.3136
0.2308	0.2846	0.3651	0.3596	0.3897	0.3997	0.3726	0.3857	0.4103	0.4103	0.4313	0.4365	0.5306	0.5506	0.5237	0.6124	0.6228	0.6779	0.6610	0.6062	0.6250	0.6363	0.6245	0.6568	0.6456	0.6837	0.6652	0.7134	0.7472	0.7005	0.7773	0.8028	0.7963	0.8368	0.7960	0.8214	0.8041	0.7830	0.7770	0.7538	0.7881	0.7586	0.7824	0.7889	0.7486	0.7159	0.6984	0.5544	0.6311	0.7766	0.7861	0.6474	0.5143	0.7338	0.7947	0.6933	0.6144	0.5692	0.5350	0.4875	0.4467	0.4138	0.3917	0.3691	0.3481	0.3348	0.3433	0.3159	0.3242
0.2133	0.2495	0.2804	0.3156	0.3281	0.3264	0.3777	0.4172	0.3976	0.4178	0.4160	0.4427	0.5001	0.5309	0.5053	0.5827	0.6777	0.6676	0.6574	0.6459	0.6511	0.6905	0.6899	0.6669	0.6525	0.6398	0.6358	0.6360	0.7118	0.7160	0.7274	0.7591	0.7867	0.7819	0.7989	0.7881	0.7468	0.7823	0.7599	0.7424	0.7645	0.7346	0.7444	0.7694	0.7695	0.7361	0.7206	0.6556	0.6958	0.7278	0.7798	0.5621	0.5604	0.7441	0.7037	0.6824	0.6182	0.5520	0.4783	0.4795	0.4501	0.3990	0.3783	0.3691	0.3702	0.3433	0.3348	0.2882	0.2950
0.2140	0.2594	0.2746	0.2998	0.3421	0.3381	0.3832	0.3970	0.4065	0.3887	0.4585	0.4884	0.4965	0.5217	0.5055	0.5601	0.6795	0.6539	0.6343	0.6393	0.6709	0.7081	0.6605	0.6606	0.6307	0.6104	0.6451	0.6837	0.6868	0.7701	0.7141	0.7270	0.7652	0.7614	0.7233	0.7646	0.7296	0.7742	0.7502	0.6971	0.7158	0.6929	0.7362	0.7183	0.7551	0.7378	0.7327	0.7519	0.7295	0.7484	0.6411	0.5479	0.7103	0.7573	0.6606	0.6202	0.5772	0.5240	0.4777	0.5001	0.4542	0.4309	0.4023	0.4008	0.3636	0.3695	0.3679	0.3084	0.2964
0.2111	0.2801	0.3119	0.3362	0.3415	0.3675	0.4377	0.4067	0.3872	0.4073	0.4291	0.4856	0.4782	0.4973	0.4869	0.5548	0.6149	0.6466	0.6504	0.6422	0.6931	0.6821	0.6501	0.6164	0.6797	0.6161	0.6728	0.6854	0.6741	0.7126	0.6976	0.7265	0.7076	0.7228	0.7481	0.7084	0.7322	0.7576	0.7369	0.6813	0.6968	0.7166	0.7359	0.7226	0.7219	0.7190	0.7545	0.7447	0.7079	0.7527	0.5804	0.6516	0.7746	0.7106	0.6028	0.5907	0.5545	0.5098	0.4855	0.4811	0.4534	0.4455	0.4129	0.3741	0.3513	0.3734	0.3512	0.3160	0.3250
0.2346	0.2890	0.3169	0.3709	0.3723	0.3522	0.4021	0.4210	0.4197	0.4058	0.4394	0.4471	0.4922	0.5387	0.5105	0.5388	0.5708	0.5887	0.5756	0.5915	0.6030	0.6486	0.6392	0.6636	0.6889	0.6183	0.6484	0.6673	0.6850	0.6860	0.6623	0.6761	0.6954	0.6925	0.7062	0.7180	0.7406	0.6996	0.7019	0.6935	0.6923	0.7508	0.7459	0.6970	0.7092	0.6859	0.7037	0.7182	0.7229	0.7281	0.7367	0.6851	0.6630	0.6129	0.5774	0.5480	0.5338	0.5275	0.5025	0.4966	0.4969	0.4375	0.4470	0.3758	0.3743	0.3586	0.3141	0.3330	0.3032
0.2304	0.2790	0.3183	0.3720	0.3916	0.3613	0.3641	0.3995	0.4276	0.4394	0.4305	0.4522	0.4832	0.5225	0.5201	0.5335	0.5919	0.5963	0.5751	0.6237	0.6135	0.6028	0.5827	0.6319	0.6483	0.6284	0.6145	0.6430	0.6769	0.6363	0.6722	0.6570	0.6772	0.6546	0.6514	0.6609	0.6712	0.6800	0.6994	0.6599	0.6946	0.6809	0.6825	0.6844	0.6953	0.6851	0.6625	0.6752	0.6772	0.6899	0.7050	0.6274	0.5667	0.5586	0.5962	0.5612	0.5399	0.5450	0.5055	0.4729	0.4976	0.4601	0.4412	0.3996	0.4169	0.3865	0.3329	0.3355	0.3090
0.2205	0.2642	0.3157	0.3953	0.3720	0.3803	0.3792	0.3570	0.3895	0.3972	0.4397	0.4489	0.5155	0.5161	0.5061	0.5419	0.5779	0.5831	0.5934	0.6147	0.6031	0.5797	0.5806	0.6182	0.6118	0.6340	0.6243	0.5727	0.5723	0.6150	0.6678	0.6642	0.7063	0.6846	0.6539	0.6571	0.6498	0.6677	0.6772	0.6640	0.6729	0.6455	0.6545	0.6346	0.6367	0.6341	0.5851	0.5953	0.6213	0.6409	0.6257	0.5900	0.5864	0.5846	0.5735	0.5591	0.5274	0.5414	0.5119	0.5068	0.4967	0.4535	0.4495	0.4159	0.3734	0.3467	0.3547	0.3309	0.3152
0.2308	0.2545	0.2922	0.3659	0.3731	0.3617	0.3962	0.4000	0.3876	0.4493	0.4341	0.4328	0.4705	0.4671	0.4913	0.5292	0.5279	0.5518	0.5731	0.6283	0.5843	0.6085	0.5886	0.6197	0.6246	0.6153	0.6077	0.6008	0.6289	0.6210	0.6356	0.6521	0.6632	0.6625	0.6293	0.6284	0.6234	0.6623	0.6764	0.6390	0.6744	0.6587	0.6444	0.5979	0.6026	0.6038	0.6209	0.6178	0.6336	0.5925	0.6583	0.6634	0.6936	0.6183	0.5629	0.5676	0.5760	0.5268	0.4976	0.5372	0.5262	0.4919	0.4451	0.3856	0.3851	0.3512	0.3466	0.3512	0.3300
0.2147	0.2595	0.3029	0.2980	0.3520	0.3824	0.4084	0.4114	0.3881	0.4421	0.4579	0.4647	0.4575	0.4794	0.5417	0.5576	0.5566	0.6071	0.6420	0.6197	0.5886	0.5760	0.5678	0.6186	0.6380	0.6067	0.6342	0.6248	0.6472	0.6334	0.6700	0.6548	0.6696	0.6283	0.6053	0.6398	0.6771	0.6821	0.6698	0.6338	0.6530	0.6507	0.6267	0.6075	0.6096	0.6066	0.6153	0.6012	0.6106	0.6069	0.6244	0.6268	0.6334	0.6486	0.6517	0.5947	0.5885	0.5454	0.5222	0.5271	0.4750	0.4483	0.4454	0.4099	0.3845	0.3943	0.3616	0.3426	0.3298
0.1710	0.2458	0.2979	0.3138	0.3250	0.3597	0.3742	0.4067	0.4486	0.4217	0.4588	0.4801	0.5060	0.5074	0.5152	0.5697	0.5993	0.6299	0.6213	0.6056	0.5969	0.6146	0.5933	0.6341	0.6194	0.5920	0.6068	0.6301	0.6431	0.6728	0.6498	0.6390	0.6986	0.6763	0.6471	0.6510	0.6881	0.6907	0.6573	0.6307	0.6283	0.6471	0.6392	0.6603	0.6465	0.5737	0.5846	0.5833	0.5668	0.5993	0.6166	0.5933	0.5927	0.5983	0.6208	0.6001	0.5629	0.5416	0.5253	0.5402	0.4920	0.4601	0.4375	0.4395	0.4051	0.3767	0.3691	0.3554	0.3453
0.1811	0.2149	0.2816	0.2941	0.2997	0.3376	0.3856	0.4175	0.4528	0.4297	0.4530	0.5005	0.4974	0.5123	0.5013	0.4916	0.5550	0.5948	0.5702	0.6118	0.6366	0.6255	0.6123	0.6239	0.6330	0.6124	0.5674	0.5999	0.6411	0.6346	0.6305	0.6835	0.6865	0.6788	0.6708	0.6662	0.6948	0.6397	0.6367	0.6432	0.6093	0.6589	0.6634	0.6550	0.6172	0.5889	0.6105	0.6091	0.6264	0.6214	0.6031	0.6081	0.6302	0.5932	0.5461	0.5478	0.5707	0.5323	0.5082	0.5211	0.5048	0.4723	0.4561	0.4400	0.3933	0.3654	0.3472	0.3323	0.3203
0.2114	0.2184	0.2352	0.2777	0.3010	0.3593	0.3621	0.3879	0.4123	0.4538	0.4640	0.4547	0.4955	0.4746	0.5004	0.5327	0.5800	0.6060	0.6097	0.6262	0.6711	0.6485	0.6614	0.6807	0.6853	0.6471	0.5995	0.6549	0.7003	0.6608	0.6456	0.6922	0.7178	0.6667	0.6772	0.6817	0.6835	0.6688	0.6787	0.6364	0.6139	0.6639	0.6941	0.6357	0.6546	0.6585	0.6696	0.7475	0.6920	0.6633	0.6777	0.6078	0.6116	0.5974	0.5679	0.5501	0.5594	0.5178	0.4962	0.4695	0.5108	0.4688	0.4700	0.4335	0.3869	0.3718	0.3725	0.3478	0.3308
0.2218	0.2484	0.2334	0.2669	0.3075	0.3438	0.3924	0.3806	0.4083	0.4532	0.4166	0.4453	0.4612	0.4675	0.4979	0.5370	0.6046	0.6169	0.6294	0.6547	0.6997	0.6945	0.6751	0.7317	0.7181	0.6625	0.6698	0.7085	0.7152	0.7066	0.7068	0.7022	0.6833	0.6926	0.6857	0.7256	0.7447	0.7018	0.7139	0.6666	0.6949	0.6992	0.7279	0.6886	0.7483	0.6984	0.7450	0.8189	0.8226	0.7849	0.7815	0.7084	0.6626	0.5931	0.5507	0.5535	0.5455	0.5262	0.4835	0.4954	0.4861	0.4554	0.4611	0.4327	0.4005	0.3847	0.3837	0.3330	0.3387
0.1706	0.2107	0.2672	0.2690	0.3261	0.3382	0.3490	0.3980	0.4505	0.4199	0.4049	0.4241	0.4516	0.4758	0.4897	0.5318	0.5856	0.5952	0.6244	0.6832	0.7184	0.6829	0.6638	0.6628	0.6566	0.6639	0.6476	0.7238	0.7532	0.7198	0.7781	0.7474	0.7197	0.7431	0.7498	0.7446	0.6990	0.7133	0.7519	0.7155	0.7197	0.7457	0.7607	0.7749	0.7306	0.7485	0.7820	0.7739	0.9151	0.9786	0.8982	0.8190	0.7387	0.6398	0.5900	0.5469	0.5341	0.5052	0.5018	0.5047	0.4794	0.4678	0.4431	0.4437	0.4024	0.4009	0.3892	0.3419	0.3420
0.1685	0.1992	0.2478	0.2624	0.3024	0.3128	0.3428	0.3965	0.4054	0.3785	0.3999	0.4304	0.4392	0.4619	0.5055	0.5533	0.5626	0.6265	0.6336	0.7038	0.6943	0.7204	0.6826	0.6808	0.7028	0.6884	0.6791	0.6953	0.7240	0.7331	0.7303	0.7602	0.7449	0.7668	0.7948	0.7647	0.7452	0.7442	0.7826	0.7371	0.7375	0.7867	0.7903	0.7694	0.7701	0.8040	0.7264	0.7108	0.6969	0.8921	0.8877	0.8853	0.8092	0.7706	0.6613	0.6006	0.5776	0.5309	0.5093	0.5125	0.4819	0.4462	0.4369	0.4259	0.4059	0.3877	0.3946	0.3820	0.3354
0.1562	0.1906	0.2428	0.2701	0.2955	0.3200	0.3605	0.3996	0.4050	0.3958	0.4221	0.4376	0.4455	0.4772	0.4937	0.5379	0.5690	0.6178	0.6242	0.6774	0.6714	0.7263	0.6659	0.6790	0.7162	0.6697	0.6687	0.7159	0.7476	0.7348	0.7277	0.7219	0.7735	0.8093	0.7861	0.7695	0.7796	0.7725	0.7394	0.7403	0.7648	0.7617	0.8127	0.7821	0.8104	0.8232	0.6468	0.6782	0.5412	0.5151	0.6126	0.8729	0.8910	0.8485	0.7600	0.6831	0.6323	0.6078	0.5552	0.5376	0.5125	0.4792	0.4697	0.4615	0.4206	0.4024	0.3997	0.3919	0.3745
0.1626	0.1870	0.2620	0.3008	0.3181	0.3508	0.3627	0.3722	0.4259	0.4392	0.4334	0.4567	0.4625	0.4889	0.5081	0.5778	0.5631	0.6371	0.6676	0.7069	0.7037	0.6961	0.6575	0.7020	0.6732	0.6579	0.6680	0.7013	0.7618	0.7728	0.7331	0.7741	0.7654	0.8021	0.7623	0.7312	0.8046	0.7788	0.7192	0.7298	0.7426	0.7597	0.7623	0.8054	0.8409	0.8152	0.5717	0.5373	0.5436	0.4377	0.4710	0.7818	0.9430	0.8708	0.8171	0.7766	0.6772	0.6589	0.6273	0.5606	0.5194	0.5141	0.4883	0.4513	0.4252	0.4039	0.4011	0.3815	0.3356
0.1846	0.2452	0.2945	0.2985	0.3348	0.3536	0.3943	0.4006	0.4250	0.4018	0.4247	0.4531	0.4909	0.5018	0.5192	0.5575	0.6032	0.6917	0.7291	0.7619	0.7359	0.7435	0.7079	0.7261	0.7016	0.6907	0.7211	0.7573	0.7967	0.7544	0.7861	0.8052	0.7818	0.8062	0.8061	0.7593	0.8098	0.7996	0.7734	0.7749	0.7862	0.7489	0.7916	0.8097	0.8403	0.7986	0.5189	0.4122	0.4809	0.4267	0.4747	0.7773	0.9752	0.9366	0.8576	0.7892	0.7395	0.7224	0.6765	0.5918	0.5901	0.5577	0.5071	0.4802	0.4619	0.4215	0.4269	0.4222	0.3897
0.2069	0.3449	0.4573	0.4794	0.5310	0.5542	0.5302	0.5624	0.5275	0.4743	0.5063	0.5115	0.4932	0.5073	0.5126	0.5345	0.6547	0.6607	0.7314	0.7279	0.7067	0.7541	0.6912	0.6898	0.7272	0.7212	0.7797	0.7598	0.7814	0.7917	0.8302	0.8471	0.8226	0.8171	0.8285	0.7991	0.8055	0.8509	0.8036	0.8048	0.7869	0.7672	0.8087	0.8254	0.6923	0.4688	0.3817	0.3479	0.3967	0.4045	0.4363	0.6353	0.9583	0.9393	0.8501	0.8032	0.7570	0.7269	0.7085	0.6571	0.6630	0.5922	0.5342	0.5207	0.4946	0.4805	0.4286	0.4450	0.4428
0.1399	0.2180	0.3555	0.5349	0.6669	0.7208	0.7950	0.7873	0.7755	0.6902	0.6506	0.6296	0.6048	0.5823	0.5593	0.5610	0.6020	0.6369	0.6800	0.6825	0.6774	0.6739	0.6621	0.6856	0.7155	0.7440	0.7669	0.7634	0.8210	0.8673	0.8732	0.8322	0.8659	0.8540	0.8002	0.7967	0.8331	0.8140	0.8630	0.8472	0.8074	0.8120	0.9014	0.8664	0.5864	0.3216	0.3223	0.3103	0.3502	0.3743	0.3980	0.4653	0.7169	0.9181	0.9057	0.8427	0.8044	0.7567	0.7376	0.7179	0.7044	0.6718	0.6160	0.5801	0.5544	0.5205	0.4860	0.4619	0.4192
0.0610	0.1057	0.1509	0.2255	0.3286	0.4265	0.5724	0.7058	0.7864	0.8075	0.8608	0.7879	0.7801	0.7573	0.7243	0.7009	0.6481	0.6842	0.6922	0.7018	0.7427	0.7365	0.7445	0.7900	0.8041	0.7639	0.7599	0.7883	0.8921	0.9133	0.9225	0.9261	0.8806	0.8870	0.8727	0.8769	0.9154	0.8974	0.8964	0.8964	0.9086	0.8643	0.9181	0.8057	0.4454	0.2833	0.2762	0.2840	0.3121	0.3343	0.3491	0.3870	0.4442	0.6452	0.8336	0.9265	0.9065	0.8134	0.7544	0.7515	0.7829	0.6967	0.6547	0.6074	0.5450	0.5093	0.5195	0.4949	0.4616
0.0312	0.0537	0.0775	0.1135	0.1220	0.1217	0.1850	0.2890	0.3705	0.4383	0.6605	0.7578	0.8462	0.8534	0.8788	0.8440	0.8112	0.8364	0.8004	0.8248	0.8992	0.8279	0.8095	0.8497	0.8880	0.8539	0.8501	0.8926	0.9451	0.9548	0.9644	0.9501	0.9056	0.9025	0.9498	0.9598	0.8697	0.7694	0.6564	0.7383	0.8555	0.7612	0.8695	0.7861	0.3910	0.2548	0.2588	0.2660	0.2753	0.2852	0.3259	0.3434	0.3737	0.4192	0.5822	0.9015	0.9692	0.8903	0.7911	0.8048	0.7641	0.6740	0.6761	0.6232	0.6158	0.5736	0.5432	0.4916	0.4578
0.0267	0.0299	0.0429	0.0673	0.0683	0.0847	0.1078	0.1141	0.1439	0.1512	0.2380	0.3085	0.4460	0.5242	0.6810	0.7831	0.8000	0.8555	0.9297	0.9041	0.8998	0.8824	0.8945	0.9537	0.8640	0.7614	0.7542	0.7426	0.7945	0.6743	0.6522	0.7396	0.6222	0.7422	0.8926	0.7463	0.5058	0.3586	0.3083	0.3616	0.4774	0.4723	0.7685	0.7370	0.2963	0.2053	0.2355	0.2520	0.2491	0.2701	0.2871	0.3058	0.3428	0.3773	0.4139	0.6945	0.9818	1.0000	0.9114	0.8737	0.8068	0.7539	0.7024	0.6460	0.5981	0.5982	0.5723	0.5073	0.4605
0.0075	0.0109	0.0479	0.0534	0.0545	0.0625	0.0805	0.0889	0.1003	0.1045	0.1157	0.1090	0.1399	0.1716	0.2338	0.2930	0.3983	0.4802	0.6037	0.7736	0.7158	0.6876	0.7664	0.7564	0.5052	0.3034	0.3189	0.3128	0.3121	0.3031	0.3114	0.3546	0.2933	0.3775	0.5610	0.4550	0.2582	0.2197	0.2181	0.2258	0.2297	0.2510	0.3806	0.3808	0.2221	0.2027	0.2070	0.2038	0.2250	0.2222	0.2362	0.2585	0.2718	0.3000	0.3383	0.4311	0.6377	0.8584	0.9236	0.9584	0.9014	0.8617	0.7707	0.6754	0.6360	0.6362	0.5876	0.5154	0.4754
0.0187	0.0162	0.0347	0.0469	0.0515	0.0456	0.0747	0.0719	0.0682	0.0866	0.1020	0.1010	0.1191	0.1020	0.1048	0.1358	0.1593	0.1603	0.2144	0.2843	0.2596	0.2448	0.2672	0.3284	0.2327	0.1876	0.1959	0.1891	0.1933	0.1885	0.1910	0.2146	0.1938	0.2061	0.2470	0.2148	0.1955	0.1930	0.1920	0.1963	0.1865	0.1803	0.1977	0.1952	0.1855	0.1869	0.1902	0.1971	0.2012	0.2069	0.2282	0.2290	0.2439	0.2456	0.2774	0.2987	0.3398	0.4312	0.6283	0.8375	0.9313	0.8770	0.7980	0.7217	0.6314	0.6386	0.6048	0.5412	0.4912
0.0095	0.0175	0.0239	0.0341	0.0336	0.0457	0.0683	0.0605	0.0712	0.0654	0.0810	0.0872	0.0871	0.0792	0.1000	0.1132	0.1234	0.1209	0.1319	0.1242	0.1233	0.1250	0.1267	0.1376	0.1465	0.1368	0.1266	0.1445	0.1655	0.1436	0.1412	0.1596	0.1609	0.1490	0.1530	0.1608	0.1548	0.1510	0.1606	0.1474	0.1439	0.1528	0.1625	0.1765	0.1755	0.1678	0.1713	0.1893	0.1879	0.1941	0.2022	0.2129	0.2314	0.2267	0.2506	0.2599	0.2963	0.3097	0.3629	0.5106	0.8175	0.9217	0.8364	0.7332	0.6558	0.5926	0.5525	0.5475	0.4985
0.0108	0.0196	0.0246	0.0338	0.0393	0.0429	0.0510	0.0529	0.0580	0.0507	0.0739	0.0786	0.0755	0.0791	0.0881	0.0950	0.1105	0.0872	0.0948	0.0976	0.0996	0.1035	0.1070	0.1185	0.1051	0.1128	0.0983	0.1083	0.1231	0.1088	0.1090	0.1094	0.1113	0.1101	0.1199	0.1236	0.1112	0.1143	0.1143	0.1171	0.1282	0.1212	0.1346	0.1471	0.1539	0.1416	0.1452	0.1547	0.1624	0.1660	0.1830	0.1912	0.2021	0.2170	0.2246	0.2476	0.2803	0.3096	0.3364	0.4289	0.8053	0.8978	0.7722	0.7214	0.6509	0.5947	0.5890	0.5950	0.5486
0.0138	0.0153	0.0195	0.0342	0.0301	0.0474	0.0574	0.0546	0.0575	0.0454	0.0560	0.0687	0.0846	0.0756	0.0730	0.0887	0.1001	0.0953	0.0815	0.0834	0.0905	0.0953	0.0862	0.0917	0.0978	0.0898	0.0751	0.0952	0.1028	0.1008	0.0951	0.0953	0.0958	0.0908	0.1007	0.0954	0.1051	0.0972	0.0892	0.0878	0.0916	0.0898	0.0994	0.1027	0.1146	0.1129	0.1113	0.1256	0.1259	0.1169	0.1343	0.1438	0.1584	0.1678	0.1915	0.2181	0.2412	0.2688	0.2920	0.3986	0.8017	0.8831	0.8113	0.7680	0.6852	0.6936	0.6559	0.6486	0.5611
0.0000	0.0118	0.0070	0.0271	0.0214	0.0370	0.0362	0.0456	0.0368	0.0425	0.0545	0.0424	0.0625	0.0632	0.0761	0.0809	0.0751	0.0696	0.0557	0.0670	0.0867	0.0775	0.0920	0.0855	0.0817	0.0833	0.0786	0.0823	0.0848	0.0870	0.0838	0.0821	0.0948	0.0840	0.0852	0.0758	0.0885	0.0845	0.0823	0.0771	0.0782	0.0776	0.0829	0.0780	0.0885	0.0934	0.0842	0.0916	0.0978	0.0995	0.1015	0.1098	0.1218	0.1246	0.1299	0.1496	0.1547	0.1829	0.2179	0.2864	0.4442	0.6212	0.7456	0.7088	0.6067	0.5060	0.4231	0.4159	0.4873
0.0000	0.0048	0.0125	0.0291	0.0043	0.0280	0.0328	0.0342	0.0329	0.0433	0.0464	0.0488	0.0598	0.0513	0.0586	0.0541	0.0684	0.0643	0.0630	0.0669	0.0716	0.0775	0.0794	0.0865	0.0794	0.0710	0.0760	0.0687	0.0743	0.0701	0.0640	0.0625	0.0745	0.0808	0.0766	0.0646	0.0637	0.0740	0.0777	0.0781	0.0736	0.0721	0.0792	0.0756	0.0820	0.0778	0.0797	0.0736	0.0803	0.0816	0.0853	0.0829	0.0967	0.0902	0.0973	0.1157	0.1279	0.1235	0.1497	0.1850	0.2049	0.2541	0.4651	0.5957	0.4083	0.2614	0.2769	0.3328	0.3803
0.0000	0.0000	0.0217	0.0165	0.0141	0.0215	0.0329	0.0320	0.0444	0.0386	0.0344	0.0499	0.0520	0.0430	0.0581	0.0548	0.0600	0.0583	0.0606	0.0698	0.0666	0.0657	0.0745	0.0770	0.0739	0.0690	0.0658	0.0650	0.0671	0.0653	0.0596	0.0695	0.0672	0.0722	0.0718	0.0612	0.0715	0.0755	0.0660	0.0706	0.0640	0.0668	0.0692	0.0712	0.0748	0.0638	0.0710	0.0731	0.0668	0.0692	0.0739	0.0723	0.0759	0.0819	0.0911	0.0945	0.0994	0.0976	0.1196	0.1355	0.1580	0.1674	0.2123	0.2854	0.2345	0.2279	0.3316	0.5077	0.5298
0.0000	0.0003	0.0183	0.0088	0.0103	0.0057	0.0255	0.0324	0.0210	0.0334	0.0279	0.0388	0.0331	0.0376	0.0538	0.0548	0.0435	0.0552	0.0595	0.0497	0.0501	0.0616	0.0528	0.0532	0.0605	0.0625	0.0625	0.0708	0.0617	0.0621	0.0539	0.0574	0.0627	0.0671	0.0588	0.0680	0.0699	0.0632	0.0614	0.0585	0.0556	0.0610	0.0595	0.0623	0.0641	0.0574	0.0625	0.0556	0.0591	0.0601	0.0681	0.0660	0.0588	0.0762	0.0775	0.0745	0.0779	0.0924	0.0957	0.1016	0.1231	0.1274	0.1488	0.1746	0.1822	0.1972	0.3057	0.5415	0.5221
0.0000	0.0000	0.0000	0.0093	0.0099	0.0121	0.0092	0.0263	0.0153	0.0191	0.0275	0.0309	0.0266	0.0404	0.0445	0.0460	0.0414	0.0452	0.0368	0.0396	0.0507	0.0469	0.0535	0.0491	0.0609	0.0516	0.0608	0.0548	0.0526	0.0637	0.0565	0.0482	0.0558	0.0570	0.0431	0.0511	0.0495	0.0531	0.0542	0.0567	0.0508	0.0566	0.0550	0.0527	0.0535	0.0547	0.0498	0.0523	0.0529	0.0511	0.0558	0.0633	0.0600	0.0618	0.0644	0.0656	0.0703	0.0746	0.0793	0.0823	0.0990	0.0970	0.0981	0.1265	0.1385	0.1597	0.1921	0.3218	0.4718
0.0000	0.0000	0.0000	0.0073	0.0000	0.0030	0.0259	0.0235	0.0098	0.0155	0.0095	0.0351	0.0295	0.0243	0.0220	0.0436	0.0453	0.0392	0.0324	0.0417	0.0479	0.0443	0.0456	0.0527	0.0507	0.0427	0.0560	0.0466	0.0512	0.0564	0.0517	0.0447	0.0475	0.0421	0.0426	0.0475	0.0405	0.0435	0.0532	0.0491	0.0469	0.0481	0.0535	0.0521	0.0444	0.0501	0.0437	0.0483	0.0510	0.0497	0.0591	0.0579	0.0502	0.0471	0.0579	0.0578	0.0637	0.0575	0.0684	0.0788	0.0787	0.0686	0.0793	0.0959	0.1037	0.1251	0.1457	0.1850	0.3400
0.0000	0.0000	0.0000	0.0000	0.0000	0.0000	0.0133	0.0150	0.0163	0.0104	0.0054	0.0308	0.0267	0.0164	0.0255	0.0349	0.0483	0.0461	0.0373	0.0436	0.0493	0.0407	0.0445	0.0415	0.0416	0.0472	0.0435	0.0406	0.0542	0.0585	0.0483	0.0482	0.0489	0.0348	0.0469	0.0416	0.0445	0.0486	0.0514	0.0471	0.0507	0.0360	0.0427	0.0548	0.0469	0.0505	0.0546	0.0412	0.0497	0.0565	0.0597	0.0477	0.0462	0.0557	0.0569	0.0557	0.0709	0.0599	0.0588	0.0692	0.0718	0.0639	0.0741	0.0879	0.0768	0.0782	0.0877	0.1062	0.1324
0.0000	0.0012	0.0000	0.0060	0.0037	0.0000	0.0004	0.0054	0.0103	0.0109	0.0208	0.0353	0.0200	0.0196	0.0222	0.0362	0.0359	0.0292	0.0270	0.0370	0.0398	0.0376	0.0284	0.0330	0.0379	0.0391	0.0349	0.0482	0.0481	0.0479	0.0456	0.0472	0.0412	0.0397	0.0443	0.0433	0.0390	0.0473	0.0453	0.0390	0.0463	0.0389	0.0413	0.0365	0.0400	0.0486	0.0495	0.0469	0.0491	0.0449	0.0447	0.0432	0.0399	0.0512	0.0545	0.0519	0.0599	0.0647	0.0589	0.0600	0.0573	0.0543	0.0614	0.0786	0.0788	0.0764	0.0697	0.0813	0.0717
0.0000	0.0000	0.0000	0.0003	0.0000	0.0000	0.0000	0.0027	0.0215	0.0090	0.0120	0.0159	0.0127	0.0107	0.0201	0.0256	0.0219	0.0190	0.0285	0.0335	0.0309	0.0397	0.0319	0.0347	0.0450	0.0324	0.0397	0.0450	0.0392	0.0344	0.0357	0.0344	0.0312	0.0386	0.0469	0.0480	0.0382	0.0469	0.0374	0.0400	0.0347	0.0448	0.0413	0.0318	0.0359	0.0450	0.0319	0.0427	0.0441	0.0360	0.0328	0.0371	0.0419	0.0466	0.0522	0.0553	0.0485	0.0506	0.0448	0.0470	0.0561	0.0602	0.0612	0.0704	0.0753	0.0710	0.0649	0.0755	0.0727
0.0000	0.0000	0.0000	0.0000	0.0000	0.0089	0.0000	0.0028	0.0055	0.0124	0.0188	0.0224	0.0138	0.0035	0.0191	0.0164	0.0141	0.0140	0.0196	0.0279	0.0234	0.0334	0.0304	0.0401	0.0556	0.0369	0.0352	0.0408	0.0353	0.0404	0.0355	0.0283	0.0411	0.0378	0.0447	0.0354	0.0341	0.0459	0.0416	0.0429	0.0406	0.0426	0.0413	0.0359	0.0350	0.0376	0.0348	0.0412	0.0510	0.0331	0.0326	0.0332	0.0374	0.0475	0.0554	0.0519	0.0408	0.0441	0.0431	0.0587	0.0697	0.0686	0.0634	0.0672	0.0533	0.0668	0.0652	0.0698	0.0811
