0.0000	0.0000	0.0000	0.0033	0.0000	0.0000	0.0079	0.0203	0.0190	0.0219	0.0125	0.0207	0.0262	0.0220	0.0182	0.0379	0.0517	0.0332	0.0429	0.0529	0.0566	0.0609	0.0540	0.0427	0.0814	0.0816	0.0732	0.0558	0.0603	0.0736	0.0599	0.0692	0.0793	0.0890	0.0661	0.0614	0.0609	0.0577	0.0638	0.0636	0.0528	0.0619	0.0518	0.0636	0.0717	0.0659	0.0831	0.0760	0.0640	0.0870	0.0842	0.0708	0.0834	0.0819	0.0927	0.0900	0.0871	0.0952	0.0868	0.0762	0.0973	0.0949	0.0874	0.0823	0.0931	0.0671	0.0521	0.0727	0.0628
0.0000	0.0000	0.0000	0.0007	0.0000	0.0000	0.0029	0.0150	0.0273	0.0122	0.0158	0.0405	0.0375	0.0486	0.0336	0.0338	0.0379	0.0476	0.0585	0.0428	0.0652	0.0577	0.0466	0.0735	0.0762	0.0639	0.0698	0.0704	0.0677	0.0834	0.0938	0.0882	0.0818	0.0794	0.0744	0.0824	0.0706	0.0662	0.0790	0.0803	0.0718	0.0814	0.0707	0.0694	0.0711	0.0625	0.0715	0.0737	0.0754	0.0855	0.0934	0.0919	0.0726	0.0852	0.0929	0.1066	0.1105	0.1033	0.0868	0.0982	0.1056	0.1352	0.1566	0.1354	0.1106	0.0776	0.0743	0.0562	0.0687
0.0000	0.0000	0.0000	0.0049	0.0000	0.0000	0.0034	0.0235	0.0156	0.0198	0.0202	0.0331	0.0416	0.0399	0.0334	0.0406	0.0464	0.0528	0.0594	0.0630	0.0616	0.0749	0.0695	0.0606	0.0743	0.0653	0.0918	0.0805	0.0774	0.0961	0.0880	0.0791	0.0846	0.1058	0.0872	0.0758	0.0887	0.0711	0.0906	0.0824	0.0835	0.0803	0.0836	0.0710	0.0748	0.0781	0.0741	0.0790	0.0827	0.0899	0.1031	0.1092	0.1129	0.1165	0.1033	0.1042	0.1071	0.1007	0.1048	0.1199	0.1596	0.2608	0.3335	0.2792	0.2068	0.1128	0.0893	0.1016	0.1064
0.0031	0.0000	0.0000	0.0035	0.0000	0.0053	0.0120	0.0211	0.0184	0.0274	0.0305	0.0423	0.0465	0.0344	0.0340	0.0546	0.0545	0.0622	0.0619	0.0802	0.0696	0.0725	0.0748	0.0665	0.0938	0.0719	0.0830	0.0835	0.0810	0.0978	0.0823	0.0780	0.0852	0.0936	0.1011	0.0846	0.0911	0.0794	0.0795	0.0803	0.0796	0.0926	0.0812	0.0737	0.0716	0.0864	0.0929	0.0832	0.0902	0.0858	0.1205	0.1180	0.1165	0.1200	0.1311	0.1179	0.0984	0.1178	0.1200	0.1595	0.2157	0.3952	0.4059	0.3494	0.2983	0.1966	0.1649	0.1915	0.1733
0.0000	0.0000	0.0000	0.0183	0.0182	0.0065	0.0249	0.0339	0.0235	0.0225	0.0341	0.0436	0.0416	0.0490	0.0309	0.0470	0.0503	0.0464	0.0516	0.0637	0.0634	0.0590	0.0754	0.0771	0.0884	0.0770	0.0780	0.0765	0.0785	0.0642	0.0796	0.0742	0.0984	0.0897	0.1000	0.0831	0.0884	0.0752	0.0727	0.0827	0.0767	0.0811	0.0841	0.0853	0.0774	0.0936	0.0926	0.0881	0.0973	0.1009	0.1137	0.1241	0.1190	0.1210	0.1356	0.1485	0.1244	0.1327	0.1364	0.1759	0.2045	0.3501	0.3831	0.3460	0.3308	0.2682	0.3236	0.2689	0.2414
0.0000	0.0000	0.0069	0.0088	0.0127	0.0019	0.0137	0.0260	0.0334	0.0251	0.0364	0.0470	0.0518	0.0492	0.0397	0.0553	0.0649	0.0542	0.0548	0.0953	0.0710	0.0773	0.0717	0.0735	0.0895	0.0904	0.0865	0.0683	0.0824	0.0810	0.0858	0.0845	0.0828	0.0998	0.0984	0.0881	0.0881	0.0966	0.0885	0.0820	0.0884	0.1042	0.1085	0.0991	0.0935	0.0934	0.0886	0.0987	0.1016	0.1193	0.1256	0.1334	0.1582	0.1613	0.1505	0.1778	0.1666	0.1562	0.1718	0.1815	0.2195	0.2734	0.3559	0.3606	0.3517	0.3214	0.2958	0.2911	0.2685
0.0000	0.0000	0.0146	0.0069	0.0016	0.0096	0.0229	0.0259	0.0345	0.0282	0.0457	0.0419	0.0552	0.0733	0.0535	0.0611	0.0649	0.0629	0.0789	0.0695	0.0772	0.1035	0.0841	0.0717	0.0875	0.1150	0.0989	0.0970	0.1007	0.1058	0.1054	0.0998	0.1009	0.1275	0.1182	0.1081	0.1007	0.0860	0.0991	0.1003	0.0978	0.1055	0.1060	0.1037	0.1008	0.0834	0.0967	0.1108	0.1112	0.1353	0.1657	0.1768	0.2046	0.2088	0.2253	0.2368	0.2392	0.2252	0.2203	0.2109	0.2221	0.2821	0.3739	0.4229	0.3805	0.3162	0.2890	0.2969	0.2861
0.0105	0.0087	0.0226	0.0116	0.0187	0.0194	0.0306	0.0433	0.0385	0.0381	0.0406	0.0574	0.0586	0.0666	0.0645	0.0744	0.0674	0.0709	0.0752	0.0664	0.0864	0.0993	0.0882	0.0847	0.0987	0.0997	0.0933	0.1163	0.1140	0.1203	0.1101	0.1065	0.1149	0.1177	0.1164	0.1177	0.1192	0.1128	0.1009	0.1139	0.1064	0.1066	0.1110	0.1021	0.0963	0.1110	0.1139	0.1265	0.1418	0.1546	0.2304	0.2780	0.3471	0.3740	0.4064	0.4760	0.5364	0.4228	0.3008	0.2998	0.3918	0.3675	0.4234	0.4140	0.3875	0.3818	0.3568	0.3512	0.3610
0.0035	0.0060	0.0220	0.0339	0.0349	0.0259	0.0445	0.0550	0.0615	0.0637	0.0590	0.0672	0.0661	0.0559	0.0687	0.0846	0.0756	0.0922	0.0927	0.0976	0.1053	0.1089	0.1236	0.1078	0.1054	0.1006	0.1028	0.1080	0.1176	0.1208	0.1138	0.1123	0.1420	0.1247	0.1279	0.1329	0.1258	0.1169	0.1263	0.1344	0.1185	0.1168	0.1335	0.1241	0.1095	0.1344	0.1433	0.1776	0.2218	0.3578	0.6859	0.7181	0.7381	0.7286	0.6272	0.6535	0.7090	0.6099	0.5135	0.4677	0.5277	0.4715	0.4615	0.4052	0.3847	0.3661	0.3564	0.3984	0.3657
0.0000	0.0134	0.0314	0.0270	0.0274	0.0284	0.0473	0.0490	0.0561	0.0703	0.0620	0.0639	0.0698	0.0671	0.0811	0.0928	0.1014	0.1061	0.1147	0.1162	0.1101	0.1024	0.1233	0.1083	0.1302	0.1296	0.1250	0.1159	0.1471	0.1268	0.1175	0.1126	0.1260	0.1408	0.1240	0.1131	0.1417	0.1495	0.1324	0.1412	0.1188	0.1178	0.1386	0.1438	0.1518	0.1806	0.2255	0.2499	0.2962	0.4824	0.9213	0.8866	0.7777	0.6812	0.6544	0.6414	0.6613	0.6506	0.6030	0.5534	0.5007	0.4627	0.4529	0.4444	0.3993	0.3891	0.3922	0.4049	0.3813
0.0000	0.0000	0.0252	0.0354	0.0293	0.0469	0.0444	0.0626	0.0611	0.0739	0.0627	0.0745	0.0831	0.0763	0.0785	0.1017	0.1038	0.1088	0.1187	0.1235	0.1378	0.1262	0.1379	0.1170	0.1458	0.1385	0.1270	0.1382	0.1282	0.1306	0.1267	0.1385	0.1520	0.1523	0.1410	0.1363	0.1393	0.1629	0.1440	0.1486	0.1504	0.1535	0.1677	0.1859	0.1987	0.2120	0.2542	0.2872	0.3206	0.4516	0.8013	0.8957	0.7497	0.6455	0.6191	0.6292	0.6634	0.6365	0.5683	0.5805	0.5018	0.4521	0.4467	0.4497	0.4310	0.4104	0.3892	0.3835	0.3624
0.0043	0.0147	0.0228	0.0439	0.0350	0.0371	0.0382	0.0667	0.0739	0.0768	0.0809	0.0786	0.0861	0.0940	0.0913	0.1050	0.1186	0.1087	0.1447	0.1308	0.1362	0.1468	0.1470	0.1364	0.1573	0.1552	0.1745	0.1601	0.1443	0.1594	0.1518	0.1521	0.1582	0.1640	0.1634	0.1596	0.1538	0.1735	0.1966	0.1814	0.1694	0.1833	0.1972	0.2061	0.2203	0.2290	0.2685	0.3077	0.4113	0.6362	0.8266	0.8373	0.7551	0.7085	0.6398	0.6374	0.6910	0.6514	0.5852	0.5832	0.5437	0.4826	0.4697	0.4704	0.4403	0.4142	0.3739	0.3828	0.3621
0.0183	0.0286	0.0162	0.0387	0.0463	0.0474	0.0394	0.0714	0.0824	0.0768	0.0930	0.1023	0.1157	0.1069	0.1077	0.1050	0.1307	0.1429	0.1493	0.1701	0.1663	0.1663	0.1985	0.1869	0.1804	0.1870	0.1805	0.1814	0.1883	0.1728	0.1785	0.1874	0.2003	0.2116	0.2005	0.1707	0.1932	0.2011	0.2025	0.2199	0.2117	0.2260	0.2447	0.2404	0.2421	0.2628	0.3208	0.3551	0.6234	0.9342	0.8888	0.7812	0.7540	0.7165	0.6656	0.6970	0.7274	0.6105	0.5779	0.5304	0.4960	0.5014	0.4964	0.5135	0.4942	0.4427	0.4002	0.4107	0.3804
0.0235	0.0170	0.0268	0.0452	0.0549	0.0402	0.0715	0.0829	0.0853	0.0877	0.0903	0.1015	0.1204	0.1203	0.1211	0.1353	0.1773	0.2003	0.1993	0.2184	0.2523	0.2654	0.3396	0.3215	0.3381	0.3214	0.2781	0.2533	0.2348	0.2128	0.2204	0.2488	0.2748	0.2535	0.2521	0.2250	0.2365	0.2507	0.2394	0.2416	0.2641	0.2639	0.2976	0.2858	0.2930	0.3098	0.3498	0.3779	0.6148	0.8843	0.8937	0.8562	0.7434	0.6593	0.6672	0.6759	0.6556	0.6129	0.5799	0.5282	0.5051	0.4777	0.4877	0.4785	0.4731	0.4504	0.4329	0.4042	0.3786
0.0222	0.0283	0.0463	0.0732	0.0692	0.0545	0.0920	0.0986	0.1216	0.1088	0.1196	0.1590	0.1458	0.1455	0.1912	0.1945	0.2906	0.3484	0.4330	0.4973	0.5620	0.6340	0.6522	0.7158	0.6937	0.6304	0.5531	0.5041	0.4450	0.4091	0.4054	0.4077	0.4163	0.3197	0.2926	0.3000	0.2847	0.2838	0.2791	0.2709	0.2830	0.2839	0.3177	0.3189	0.3198	0.3349	0.3757	0.4364	0.6545	0.8462	0.8599	0.7833	0.7351	0.6561	0.6353	0.6523	0.6647	0.5832	0.5124	0.5387	0.5258	0.4652	0.4865	0.4437	0.4500	0.4027	0.3997	0.3826	0.3513
0.0227	0.0333	0.0475	0.0708	0.0907	0.0933	0.0936	0.1351	0.1670	0.1676	0.2053	0.2482	0.2461	0.2605	0.3617	0.4953	0.6825	0.7404	0.8137	0.8246	0.8322	0.8377	0.7898	0.8034	0.7891	0.7588	0.7432	0.7397	0.8050	0.7580	0.8145	0.8375	0.7985	0.6388	0.4630	0.3723	0.3404	0.3312	0.2889	0.2871	0.3126	0.2833	0.3062	0.3267	0.3234	0.3696	0.3887	0.4609	0.6962	0.8360	0.8140	0.7637	0.7098	0.6517	0.6180	0.6563	0.6341	0.5672	0.5251	0.5361	0.4790	0.4541	0.4652	0.4511	0.3791	0.3356	0.3671	0.3755	0.3511
0.0265	0.0378	0.0568	0.0751	0.1261	0.1800	0.2040	0.2692	0.3452	0.4130	0.4859	0.5442	0.5817	0.6041	0.7048	0.8064	0.8111	0.8645	0.7958	0.8189	0.8266	0.7856	0.7728	0.7168	0.7955	0.7483	0.7089	0.7205	0.7766	0.7806	0.8951	0.9748	1.0000	0.9510	0.8504	0.6164	0.4191	0.3693	0.3245	0.2965	0.3068	0.3096	0.3591	0.3561	0.3434	0.3530	0.3955	0.4573	0.6470	0.7782	0.7523	0.6709	0.6102	0.6135	0.6099	0.5917	0.5443	0.5192	0.5155	0.5012	0.4343	0.4312	0.4421	0.4109	0.3632	0.3258	0.3467	0.3339	0.3253
0.0690	0.0668	0.1206	0.1988	0.2876	0.4247	0.5290	0.6528	0.6951	0.6644	0.7333	0.7426	0.7254	0.6599	0.6887	0.7308	0.7017	0.7244	0.7117	0.7484	0.7573	0.7766	0.7230	0.6962	0.7111	0.7077	0.7112	0.7163	0.6999	0.7260	0.7940	0.8608	0.8912	0.8926	0.8949	0.8687	0.7295	0.5578	0.4332	0.4039	0.3839	0.3597	0.3688	0.3742	0.3776	0.3588	0.3956	0.4320	0.6109	0.7474	0.6427	0.6063	0.5632	0.5207	0.5187	0.4950	0.4814	0.4794	0.4845	0.4363	0.4259	0.4284	0.4085	0.4069	0.3660	0.3266	0.3388	0.3307	0.3086
0.1320	0.2253	0.3541	0.4803	0.5825	0.6516	0.6671	0.6748	0.6808	0.5904	0.6021	0.5765	0.5952	0.5868	0.5721	0.6251	0.6335	0.6398	0.6739	0.6522	0.6757	0.6971	0.7165	0.6658	0.6752	0.6742	0.7760	0.7164	0.7317	0.7784	0.7389	0.7445	0.8465	0.8586	0.8433	0.7901	0.8099	0.7961	0.6900	0.6500	0.6573	0.4811	0.3765	0.3653	0.3783	0.3805	0.3915	0.4596	0.6382	0.6970	0.6044	0.5300	0.4953	0.5136	0.4870	0.4772	0.4293	0.4221	0.4240	0.4130	0.4309	0.4061	0.4102	0.3848	0.3573	0.3474	0.3294	0.3058	0.3065
0.2497	0.4271	0.4840	0.5150	0.4983	0.4889	0.4782	0.4758	0.5031	0.4727	0.4736	0.4614	0.5404	0.4881	0.5057	0.5583	0.5960	0.6493	0.6595	0.6396	0.6573	0.6827	0.6693	0.6674	0.6650	0.6472	0.7308	0.7500	0.7428	0.8066	0.7690	0.7385	0.7758	0.7778	0.7911	0.7595	0.7301	0.8183	0.7860	0.7683	0.7682	0.6742	0.4650	0.3832	0.3936	0.3776	0.4675	0.5994	0.6452	0.5820	0.4975	0.4773	0.4785	0.4864	0.4648	0.4501	0.4533	0.4148	0.4154	0.4033	0.4010	0.3914	0.3938	0.3655	0.3713	0.3507	0.3437	0.3328	0.3016
0.2352	0.3100	0.3161	0.3130	0.3427	0.3475	0.3652	0.3430	0.3804	0.4174	0.4467	0.4441	0.5257	0.4990	0.4660	0.5705	0.6205	0.6778	0.6159	0.6073	0.6483	0.6302	0.6213	0.6055	0.6088	0.6746	0.6730	0.7273	0.7437	0.7518	0.7320	0.7393	0.7593	0.7789	0.7631	0.7577	0.7762	0.7960	0.7633	0.7493	0.7482	0.6930	0.6171	0.4908	0.4190	0.4341	0.5838	0.6527	0.5644	0.5034	0.4957	0.4803	0.4400	0.4752	0.4412	0.4365	0.4313	0.4179	0.4300	0.4040	0.3997	0.3826	0.3908	0.3644	0.3575	0.3391	0.3358	0.3279	0.3006
0.2212	0.2667	0.2947	0.3013	0.2803	0.2937	0.3210	0.3587	0.3613	0.3996	0.4402	0.4661	0.5055	0.4918	0.5068	0.5839	0.6641	0.6459	0.6354	0.6366	0.6177	0.6464	0.6503	0.6165	0.6241	0.6366	0.6453	0.6761	0.6803	0.7055	0.6913	0.7218	0.6856	0.7276	0.7607	0.7690	0.7401	0.7482	0.7229	0.7338	0.7655	0.6984	0.7028	0.6727	0.5919	0.5573	0.5958	0.5715	0.4845	0.4522	0.4779	0.4719	0.4437	0.4461	0.4508	0.4690	0.4585	0.4499	0.4054	0.3988	0.3809	0.3940	0.3695	0.3616	0.3571	0.3420	0.3227	0.3075	0.3106
0.2003	0.2569	0.2654	0.2766	0.2713	0.2910	0.3473	0.3786	0.3507	0.4051	0.4209	0.4217	0.4773	0.4972	0.5211	0.5812	0.6413	0.6270	0.6234	0.6019	0.6583	0.7080	0.6719	0.6636	0.6413	0.5957	0.6464	0.6933	0.6905	0.6615	0.6510	0.6793	0.7318	0.7327	0.6654	0.7041	0.7131	0.7121	0.7068	0.6864	0.6662	0.6650	0.6881	0.6867	0.7024	0.6263	0.5535	0.5110	0.4553	0.4536	0.4725	0.4844	0.4937	0.4786	0.4741	0.4891	0.4924	0.4408	0.4189	0.4230	0.3952	0.3868	0.3747	0.3767	0.3521	0.3569	0.3521	0.3048	0.3028
0.2181	0.2449	0.2611	0.2994	0.2945	0.3054	0.3606	0.3691	0.3830	0.3726	0.3815	0.4149	0.4531	0.4888	0.5209	0.5751	0.6511	0.6674	0.6848	0.6262	0.6459	0.6727	0.6559	0.6078	0.6716	0.6095	0.6436	0.6738	0.6719	0.6617	0.6674	0.6832	0.6774	0.6926	0.6832	0.6509	0.6575	0.6567	0.6351	0.6135	0.6025	0.6278	0.6233	0.6149	0.6056	0.5703	0.5426	0.5029	0.4837	0.4601	0.4449	0.4668	0.4938	0.4839	0.4600	0.4650	0.4637	0.4635	0.4472	0.4259	0.4095	0.3983	0.4064	0.3833	0.3438	0.3256	0.3083	0.3113	0.3040
0.2250	0.2398	0.2626	0.2853	0.2856	0.2968	0.3547	0.3520	0.3615	0.3767	0.4039	0.4257	0.4584	0.4806	0.5263	0.5375	0.6325	0.6261	0.6567	0.6536	0.6190	0.6375	0.6638	0.6884	0.6442	0.6015	0.5905	0.6142	0.6924	0.6685	0.6447	0.6683	0.6594	0.6657	0.6360	0.6340	0.6406	0.5923	0.5834	0.5776	0.5616	0.5791	0.5552	0.5221	0.5295	0.5099	0.5123	0.5088	0.5123	0.4683	0.4648	0.4593	0.4436	0.4738	0.4772	0.4995	0.4723	0.4609	0.4548	0.4507	0.4158	0.3740	0.3915	0.3621	0.3305	0.3340	0.3235	0.3005	0.2847
0.2266	0.2393	0.2486	0.2878	0.2969	0.3044	0.3332	0.3462	0.3304	0.3839	0.3809	0.4124	0.4499	0.4615	0.4995	0.5372	0.6015	0.5873	0.6041	0.6041	0.6404	0.6101	0.6352	0.6210	0.6165	0.5862	0.6015	0.6279	0.6756	0.6096	0.6539	0.6495	0.6895	0.6321	0.6438	0.6473	0.6261	0.5778	0.5978	0.5564	0.5818	0.5925	0.4991	0.5224	0.5211	0.5142	0.5044	0.5046	0.5049	0.4845	0.4922	0.4958	0.4611	0.4818	0.5168	0.5116	0.4891	0.4705	0.4640	0.4193	0.4292	0.3959	0.4021	0.3617	0.3439	0.3469	0.3106	0.3174	0.2895
0.2154	0.2532	0.2906	0.2986	0.2753	0.2955	0.3190	0.3477	0.3367	0.3559	0.3701	0.3920	0.4232	0.4469	0.4737	0.4979	0.5518	0.5423	0.6126	0.6127	0.6192	0.6093	0.6112	0.6279	0.6037	0.5766	0.6187	0.5888	0.5921	0.6103	0.6344	0.6351	0.6796	0.6470	0.6227	0.6018	0.5940	0.6002	0.5937	0.5576	0.5835	0.5440	0.5182	0.5047	0.5216	0.5137	0.4918	0.4560	0.4873	0.4842	0.4991	0.4992	0.4780	0.4743	0.4858	0.5015	0.4715	0.4704	0.4615	0.4504	0.4170	0.3927	0.4244	0.3663	0.3556	0.3381	0.3154	0.3074	0.3195
0.2334	0.2525	0.2611	0.2791	0.2709	0.3157	0.3040	0.3159	0.3261	0.3603	0.3520	0.3814	0.4144	0.4353	0.4554	0.5058	0.4703	0.5099	0.5744	0.6100	0.5959	0.6117	0.5822	0.5824	0.5874	0.5725	0.5805	0.5651	0.5996	0.6208	0.6165	0.6561	0.6825	0.6504	0.5950	0.6237	0.5986	0.6076	0.5852	0.5649	0.5702	0.5420	0.5364	0.5035	0.5117	0.4809	0.4908	0.4901	0.4962	0.4731	0.5193	0.5159	0.5294	0.4992	0.4592	0.4742	0.5007	0.4700	0.4269	0.4645	0.4427	0.4277	0.3985	0.3558	0.3543	0.3499	0.3307	0.3176	0.3109
0.2096	0.2514	0.2776	0.2807	0.2912	0.3164	0.3349	0.2990	0.3133	0.3241	0.3641	0.3915	0.4248	0.4354	0.4542	0.4965	0.5161	0.5331	0.5793	0.5552	0.5897	0.5475	0.5651	0.5766	0.5753	0.5598	0.5970	0.6087	0.6498	0.6501	0.6515	0.6584	0.6818	0.6286	0.6204	0.6333	0.6266	0.6395	0.5756	0.5646	0.5659	0.5444	0.5410	0.5196	0.4954	0.4555	0.4960	0.5013	0.4780	0.4941	0.5018	0.4721	0.4917	0.5015	0.4856	0.4731	0.4723	0.4724	0.4314	0.4315	0.4371	0.4126	0.3842	0.3636	0.3817	0.3583	0.3172	0.2968	0.2836
0.2135	0.2505	0.2703	0.2916	0.2685	0.2840	0.2996	0.3110	0.3497	0.3520	0.3780	0.4264	0.4479	0.4448	0.4543	0.5077	0.5398	0.5785	0.5798	0.5560	0.5532	0.5594	0.5518	0.5802	0.5668	0.5297	0.5782	0.6583	0.6542	0.6695	0.6478	0.6731	0.7242	0.6604	0.6354	0.6322	0.6670	0.6719	0.6050	0.6071	0.5970	0.5816	0.5243	0.5325	0.5380	0.4716	0.4915	0.5159	0.4848	0.4971	0.4927	0.4852	0.4814	0.4797	0.4721	0.4804	0.4583	0.4462	0.4273	0.4299	0.4165	0.3886	0.3811	0.3723	0.3667	0.3681	0.3444	0.3223	0.3068
0.2028	0.2413	0.2767	0.2668	0.2575	0.2802	0.2958	0.3111	0.3601	0.3912	0.3940	0.4221	0.4008	0.4290	0.4543	0.5096	0.5063	0.5547	0.5734	0.5635	0.5742	0.5771	0.5497	0.5754	0.5229	0.5356	0.5475	0.5969	0.6026	0.5959	0.6568	0.6885	0.7065	0.6856	0.6751	0.6753	0.6828	0.6559	0.6115	0.6379	0.5641	0.5973	0.5692	0.5303	0.5082	0.4944	0.5211	0.5151	0.5023	0.5302	0.5127	0.5202	0.5270	0.4975	0.4502	0.4619	0.4833	0.4707	0.4479	0.4542	0.4096	0.3941	0.3606	0.3685	0.3776	0.3446	0.3257	0.3202	0.3190
0.2104	0.2434	0.2666	0.2767	0.2540	0.2670	0.2943	0.3082	0.3484	0.3916	0.3695	0.3903	0.4032	0.3976	0.4753	0.5156	0.5141	0.5473	0.5601	0.5703	0.5864	0.5617	0.5848	0.5614	0.5938	0.5838	0.5623	0.5754	0.6110	0.6203	0.6572	0.7084	0.6907	0.6420	0.6884	0.6855	0.6559	0.6323	0.6352	0.6254	0.5584	0.5698	0.5999	0.5357	0.5283	0.5347	0.5062	0.5142	0.4905	0.5216	0.5539	0.5278	0.5207	0.5258	0.4849	0.4884	0.4935	0.4874	0.4420	0.4200	0.4116	0.4139	0.4053	0.3649	0.3496	0.3295	0.3402	0.3530	0.3319
0.2147	0.2335	0.2518	0.2557	0.2923	0.3000	0.3294	0.3451	0.3727	0.3992	0.3713	0.3957	0.4213	0.4159	0.4430	0.4952	0.5171	0.5220	0.5397	0.5679	0.5679	0.5605	0.5893	0.6033	0.5710	0.5566	0.5520	0.5837	0.6039	0.6089	0.6480	0.6633	0.6741	0.6925	0.7061	0.6963	0.7198	0.6414	0.6245	0.6170	0.6209	0.6096	0.5869	0.5867	0.5673	0.5298	0.5550	0.5749	0.5854	0.5557	0.5458	0.5120	0.5160	0.4969	0.4777	0.4809	0.4886	0.4889	0.4420	0.4349	0.3939	0.3994	0.3985	0.3858	0.3362	0.3221	0.3244	0.3229	0.3255
0.1958	0.2388	0.2685	0.2620	0.2972	0.3008	0.3264	0.3682	0.3632	0.3915	0.3992	0.3855	0.4171	0.4625	0.4156	0.4629	0.4778	0.5500	0.5340	0.5634	0.5463	0.5162	0.5485	0.5615	0.5540	0.5315	0.5025	0.5715	0.6075	0.5808	0.6226	0.6203	0.6634	0.7548	0.7471	0.6935	0.6708	0.6735	0.6666	0.6345	0.6228	0.6280	0.6082	0.5908	0.5705	0.5742	0.6011	0.5951	0.6294	0.6239	0.6028	0.5641	0.5279	0.4927	0.4635	0.4512	0.4488	0.4617	0.4440	0.4380	0.4229	0.4193	0.4051	0.4002	0.3617	0.3686	0.3748	0.3466	0.3367
0.1774	0.2102	0.2501	0.2308	0.2465	0.2782	0.2837	0.3588	0.3595	0.3504	0.3977	0.4260	0.4425	0.4445	0.4295	0.4523	0.5049	0.5365	0.5407	0.5591	0.5594	0.5511	0.5452	0.5805	0.5708	0.5612	0.5539	0.5411	0.5626	0.5921	0.5798	0.6241	0.7027	0.6827	0.7499	0.7284	0.6928	0.6972	0.7358	0.6578	0.6479	0.6216	0.6633	0.6289	0.6021	0.6075	0.5988	0.6184	0.6291	0.7012	0.6801	0.6460	0.5762	0.5275	0.4856	0.4504	0.4633	0.4694	0.4437	0.4330	0.4350	0.4106	0.4097	0.3929	0.3915	0.3748	0.3685	0.3702	0.3303
0.1933	0.2059	0.2332	0.2470	0.2493	0.2590	0.3217	0.3523	0.3807	0.3757	0.3896	0.4230	0.4432	0.4455	0.4609	0.4586	0.4907	0.5470	0.5404	0.5783	0.5935	0.5987	0.6002	0.6367	0.6179	0.5750	0.5417	0.5419	0.5906	0.5965	0.6104	0.6300	0.6962	0.7208	0.7038	0.7519	0.7345	0.7277	0.7102	0.6596	0.6851	0.6503	0.7085	0.6710	0.6670	0.6547	0.6716	0.7001	0.6972	0.6574	0.6099	0.6393	0.6048	0.5230	0.4780	0.4837	0.4634	0.4609	0.4568	0.4250	0.4457	0.4330	0.4283	0.4030	0.3852	0.3533	0.3568	0.3625	0.3501
0.1761	0.2118	0.2537	0.2584	0.2572	0.2785	0.3361	0.3629	0.3688	0.4335	0.4145	0.4248	0.4502	0.4406	0.4617	0.4947	0.5116	0.6265	0.6351	0.6570	0.6752	0.6909	0.7007	0.7112	0.6297	0.6136	0.5842	0.5852	0.6342	0.6190	0.6349	0.6898	0.7174	0.7485	0.7249	0.7395	0.7444	0.7660	0.7235	0.6896	0.7495	0.7257	0.7050	0.7148	0.7054	0.6475	0.6915	0.6979	0.5863	0.4182	0.3878	0.5613	0.6718	0.5767	0.4980	0.4880	0.4590	0.4647	0.4672	0.4433	0.4100	0.4185	0.4217	0.3967	0.3704	0.3614	0.3475	0.3461	0.3635
0.2189	0.2406	0.2571	0.2669	0.2996	0.3227	0.3291	0.3988	0.4197	0.4387	0.4599	0.4582	0.4748	0.4523	0.4889	0.5330	0.6169	0.7140	0.7515	0.7336	0.7173	0.7281	0.7194	0.7153	0.6901	0.7061	0.6899	0.6693	0.6882	0.6238	0.6923	0.7267	0.7644	0.7841	0.8024	0.7561	0.8203	0.8039	0.7976	0.7523	0.7756	0.7487	0.7521	0.7290	0.7398	0.7138	0.7341	0.6304	0.4095	0.3309	0.3608	0.5229	0.7365	0.6720	0.5800	0.5213	0.4876	0.4742	0.4770	0.4491	0.4435	0.4213	0.4238	0.4142	0.3868	0.3676	0.3764	0.3752	0.3736
0.2703	0.3405	0.3665	0.3946	0.3805	0.4367	0.4435	0.4584	0.4865	0.4812	0.5385	0.5070	0.4851	0.5019	0.5130	0.5605	0.6583	0.6578	0.7327	0.7460	0.6855	0.6920	0.7246	0.6907	0.7352	0.7330	0.7243	0.7260	0.7229	0.6964	0.7183	0.7505	0.8004	0.8144	0.8446	0.8460	0.8540	0.8666	0.8616	0.7853	0.7235	0.7693	0.8205	0.8205	0.7515	0.7001	0.6421	0.3931	0.3099	0.3216	0.3467	0.4700	0.7148	0.7219	0.6166	0.5689	0.5644	0.5061	0.4670	0.4890	0.4557	0.4482	0.4550	0.4470	0.3943	0.3870	0.3742	0.3594	0.3585
0.1502	0.3116	0.4594	0.5681	0.5792	0.6245	0.6649	0.6606	0.6562	0.6496	0.6392	0.6472	0.5865	0.5350	0.5478	0.6162	0.6281	0.6581	0.6950	0.7261	0.7117	0.7145	0.7305	0.7183	0.7210	0.7411	0.7311	0.6939	0.7308	0.7399	0.7568	0.7580	0.8475	0.8407	0.8532	0.8686	0.8904	0.8363	0.8010	0.6526	0.4341	0.4687	0.6552	0.6958	0.5299	0.4439	0.3862	0.2946	0.2892	0.3186	0.3505	0.4022	0.6618	0.7455	0.6455	0.6200	0.5927	0.5423	0.5158	0.5329	0.5113	0.4912	0.4613	0.4399	0.4009	0.3890	0.3777	0.3690	0.3670
0.0597	0.1063	0.1946	0.2919	0.4385	0.5885	0.7338	0.7255	0.7025	0.7278	0.7588	0.7305	0.6990	0.6810	0.7175	0.7301	0.6890	0.6994	0.7245	0.7317	0.7221	0.7272	0.7563	0.7797	0.7703	0.7381	0.7192	0.6564	0.7376	0.7698	0.7938	0.8324	0.8372	0.8582	0.8417	0.8241	0.7937	0.5761	0.3980	0.3106	0.2492	0.2558	0.3076	0.3253	0.2833	0.2649	0.2789	0.2897	0.2946	0.3235	0.3427	0.3967	0.5875	0.7757	0.6997	0.6533	0.6180	0.5747	0.5555	0.5704	0.5611	0.5131	0.4919	0.4468	0.4198	0.4166	0.4177	0.4030	0.3778
0.0461	0.0588	0.0729	0.0914	0.1512	0.2242	0.2921	0.4012	0.4856	0.5752	0.6816	0.6883	0.7490	0.7230	0.7647	0.7652	0.7393	0.7391	0.7460	0.7673	0.7895	0.7549	0.8021	0.7843	0.7901	0.7186	0.7261	0.7181	0.7688	0.7785	0.8005	0.7923	0.8216	0.7946	0.6299	0.4788	0.3622	0.2549	0.2164	0.2201	0.2230	0.2231	0.2270	0.2272	0.2552	0.2496	0.2659	0.2690	0.2834	0.3114	0.3516	0.4117	0.5269	0.7490	0.7159	0.6664	0.6441	0.6355	0.5952	0.5991	0.5890	0.5101	0.5021	0.4870	0.4605	0.4348	0.4540	0.4340	0.3835
0.0282	0.0429	0.0540	0.0671	0.0762	0.0949	0.1073	0.1310	0.1643	0.2327	0.3145	0.3194	0.3973	0.4243	0.5340	0.5546	0.5954	0.7007	0.7441	0.6824	0.6788	0.6697	0.7180	0.7727	0.8113	0.7552	0.7109	0.7230	0.7385	0.6545	0.5061	0.3778	0.4173	0.3848	0.2494	0.1924	0.1897	0.1973	0.1957	0.2038	0.2186	0.2154	0.2044	0.2215	0.2323	0.2298	0.2534	0.2676	0.2741	0.2924	0.3232	0.3907	0.4960	0.7583	0.7327	0.7159	0.7212	0.6875	0.6654	0.6303	0.6121	0.5484	0.5053	0.4838	0.4303	0.4407	0.4378	0.4123	0.4152
0.0234	0.0308	0.0476	0.0532	0.0546	0.0777	0.0764	0.0801	0.1007	0.1028	0.1084	0.1227	0.1366	0.1785	0.2084	0.2128	0.2463	0.3049	0.3381	0.3339	0.3287	0.2865	0.3425	0.4178	0.4752	0.5127	0.4667	0.4225	0.3720	0.2734	0.2005	0.1774	0.1678	0.1706	0.1591	0.1617	0.1710	0.1769	0.1763	0.1699	0.1774	0.1877	0.1849	0.1967	0.2067	0.2155	0.2195	0.2408	0.2531	0.2799	0.3016	0.3472	0.5031	0.7383	0.7303	0.7447	0.7488	0.7368	0.6811	0.6884	0.6512	0.5983	0.5667	0.5112	0.4680	0.4926	0.4682	0.4334	0.4383
0.0228	0.0231	0.0329	0.0395	0.0477	0.0504	0.0632	0.0750	0.0702	0.0748	0.0790	0.0924	0.0947	0.1110	0.1088	0.1230	0.1269	0.1227	0.1394	0.1564	0.1777	0.1517	0.1476	0.1585	0.1679	0.1580	0.1728	0.1490	0.1516	0.1459	0.1368	0.1525	0.1467	0.1459	0.1380	0.1384	0.1339	0.1518	0.1505	0.1382	0.1306	0.1504	0.1682	0.1570	0.1613	0.1701	0.1747	0.1962	0.1965	0.2326	0.2599	0.2783	0.4049	0.6631	0.7365	0.5919	0.4913	0.6313	0.6539	0.6917	0.6670	0.6223	0.5866	0.5255	0.5095	0.5035	0.4721	0.4685	0.4255
0.0159	0.0213	0.0347	0.0334	0.0396	0.0520	0.0601	0.0656	0.0732	0.0706	0.0632	0.0693	0.0900	0.0816	0.0774	0.0870	0.0956	0.1066	0.0968	0.1063	0.1327	0.1159	0.1077	0.1046	0.1255	0.1102	0.1062	0.1145	0.1174	0.1148	0.1125	0.1169	0.1222	0.1116	0.1114	0.1127	0.1075	0.1175	0.1199	0.1119	0.1158	0.1208	0.1254	0.1324	0.1313	0.1276	0.1380	0.1517	0.1529	0.1668	0.1800	0.1969	0.2428	0.3528	0.4567	0.3638	0.3061	0.3704	0.4294	0.5497	0.6973	0.6909	0.6366	0.5587	0.5420	0.5081	0.4792	0.4601	0.4317
0.0180	0.0192	0.0311	0.0323	0.0433	0.0461	0.0389	0.0548	0.0655	0.0568	0.0671	0.0636	0.0696	0.0686	0.0593	0.0708	0.0800	0.0941	0.0794	0.0857	0.0960	0.0945	0.0882	0.0894	0.0965	0.0923	0.0926	0.1028	0.0988	0.0966	0.0918	0.0898	0.0938	0.0907	0.0938	0.0905	0.0978	0.0941	0.0912	0.0874	0.1056	0.0974	0.0974	0.1152	0.1155	0.1162	0.1198	0.1298	0.1335	0.1438	0.1643	0.1918	0.2042	0.2060	0.2381	0.2632	0.2881	0.3534	0.4125	0.6073	0.6941	0.6599	0.6157	0.5330	0.5104	0.5173	0.5160	0.4981	0.4788
0.0000	0.0078	0.0248	0.0219	0.0366	0.0364	0.0375	0.0558	0.0457	0.0430	0.0515	0.0580	0.0608	0.0673	0.0663	0.0707	0.0855	0.0886	0.0746	0.0776	0.0770	0.0713	0.0748	0.0690	0.0880	0.0796	0.0815	0.0965	0.0915	0.0987	0.0844	0.0758	0.0793	0.0750	0.0820	0.0785	0.0838	0.0782	0.0770	0.0776	0.0839	0.0788	0.0791	0.0820	0.0944	0.0986	0.1008	0.1142	0.1186	0.1258	0.1463	0.1630	0.1802	0.1960	0.2219	0.2570	0.3189	0.4615	0.5888	0.6787	0.7071	0.6657	0.6118	0.5557	0.5210	0.5250	0.5389	0.5381	0.4881
0.0000	0.0079	0.0214	0.0171	0.0237	0.0407	0.0352	0.0420	0.0399	0.0464	0.0423	0.0494	0.0610	0.0551	0.0519	0.0716	0.0706	0.0786	0.0736	0.0690	0.0673	0.0735	0.0712	0.0670	0.0748	0.0753	0.0707	0.0691	0.0765	0.0844	0.0737	0.0694	0.0726	0.0670	0.0652	0.0655	0.0620	0.0662	0.0649	0.0628	0.0651	0.0648	0.0721	0.0698	0.0774	0.0802	0.0800	0.0859	0.0849	0.0923	0.1040	0.1226	0.1301	0.1481	0.1880	0.2330	0.3475	0.6320	0.7043	0.7521	0.7174	0.6401	0.5716	0.5354	0.5067	0.5473	0.5478	0.5556	0.5241
0.0000	0.0000	0.0247	0.0273	0.0129	0.0175	0.0236	0.0285	0.0210	0.0429	0.0456	0.0445	0.0533	0.0468	0.0536	0.0631	0.0609	0.0607	0.0584	0.0569	0.0608	0.0656	0.0652	0.0540	0.0696	0.0718	0.0619	0.0606	0.0643	0.0640	0.0625	0.0549	0.0625	0.0556	0.0560	0.0508	0.0491	0.0598	0.0642	0.0595	0.0612	0.0588	0.0608	0.0596	0.0622	0.0684	0.0698	0.0661	0.0634	0.0704	0.0755	0.0812	0.0903	0.1050	0.1289	0.1700	0.3150	0.5981	0.6255	0.6533	0.6564	0.6101	0.5739	0.5270	0.4907	0.5494	0.5687	0.5430	0.4428
0.0000	0.0039	0.0176	0.0113	0.0178	0.0118	0.0264	0.0310	0.0309	0.0400	0.0305	0.0444	0.0462	0.0389	0.0498	0.0503	0.0517	0.0585	0.0525	0.0517	0.0603	0.0551	0.0533	0.0575	0.0585	0.0657	0.0625	0.0640	0.0594	0.0580	0.0536	0.0550	0.0654	0.0631	0.0590	0.0547	0.0546	0.0523	0.0549	0.0574	0.0617	0.0622	0.0622	0.0545	0.0593	0.0627	0.0559	0.0601	0.0621	0.0695	0.0677	0.0637	0.0617	0.0784	0.0905	0.1016	0.1782	0.3169	0.2746	0.2652	0.3685	0.4987	0.5562	0.5268	0.4733	0.4417	0.3953	0.3338	0.3886
0.0000	0.0000	0.0093	0.0000	0.0092	0.0129	0.0235	0.0234	0.0313	0.0313	0.0235	0.0333	0.0410	0.0418	0.0434	0.0441	0.0392	0.0455	0.0500	0.0560	0.0575	0.0540	0.0537	0.0562	0.0501	0.0554	0.0541	0.0577	0.0555	0.0538	0.0463	0.0469	0.0491	0.0584	0.0531	0.0523	0.0523	0.0490	0.0504	0.0412	0.0473	0.0513	0.0543	0.0535	0.0603	0.0585	0.0518	0.0537	0.0592	0.0485	0.0513	0.0604	0.0613	0.0714	0.0782	0.0754	0.0898	0.1039	0.1004	0.1177	0.1274	0.1891	0.3533	0.3747	0.2560	0.1615	0.1346	0.1325	0.2042
0.0000	0.0000	0.0094	0.0184	0.0044	0.0143	0.0149	0.0250	0.0270	0.0107	0.0184	0.0294	0.0337	0.0239	0.0357	0.0488	0.0402	0.0329	0.0331	0.0433	0.0482	0.0461	0.0456	0.0453	0.0460	0.0516	0.0455	0.0396	0.0480	0.0524	0.0527	0.0486	0.0496	0.0469	0.0400	0.0458	0.0448	0.0442	0.0481	0.0455	0.0476	0.0454	0.0496	0.0490	0.0538	0.0547	0.0503	0.0462	0.0551	0.0461	0.0465	0.0550	0.0572	0.0607	0.0633	0.0615	0.0703	0.0767	0.0782	0.0841	0.0893	0.0807	0.0907	0.1168	0.1004	0.0936	0.0875	0.0854	0.0893
0.0000	0.0000	0.0000	0.0132	0.0014	0.0022	0.0174	0.0194	0.0123	0.0042	0.0155	0.0247	0.0345	0.0223	0.0284	0.0419	0.0493	0.0297	0.0275	0.0339	0.0386	0.0286	0.0364	0.0354	0.0376	0.0427	0.0399	0.0379	0.0448	0.0442	0.0459	0.0458	0.0466	0.0382	0.0398	0.0437	0.0381	0.0382	0.0443	0.0412	0.0390	0.0431	0.0468	0.0440	0.0464	0.0426	0.0457	0.0398	0.0446	0.0475	0.0549	0.0573	0.0541	0.0537	0.0547	0.0598	0.0565	0.0626	0.0670	0.0656	0.0814	0.0755	0.0765	0.0744	0.0755	0.0694	0.0741	0.0792	0.0773
0.0000	0.0000	0.0000	0.0000	0.0000	0.0042	0.0093	0.0090	0.0102	0.0062	0.0111	0.0284	0.0248	0.0195	0.0356	0.0333	0.0488	0.0356	0.0261	0.0370	0.0383	0.0356	0.0341	0.0279	0.0380	0.0321	0.0369	0.0519	0.0471	0.0423	0.0384	0.0444	0.0394	0.0421	0.0409	0.0366	0.0399	0.0469	0.0450	0.0389	0.0366	0.0342	0.0401	0.0416	0.0404	0.0414	0.0477	0.0365	0.0424	0.0451	0.0486	0.0546	0.0495	0.0489	0.0566	0.0534	0.0544	0.0575	0.0667	0.0675	0.0707	0.0599	0.0592	0.0597	0.0630	0.0592	0.0672	0.0693	0.0700
0.0000	0.0000	0.0000	0.0046	0.0030	0.0000	0.0000	0.0078	0.0032	0.0073	0.0221	0.0224	0.0257	0.0193	0.0185	0.0178	0.0313	0.0237	0.0175	0.0318	0.0371	0.0305	0.0383	0.0392	0.0371	0.0380	0.0360	0.0411	0.0418	0.0440	0.0455	0.0435	0.0362	0.0410	0.0343	0.0346	0.0312	0.0418	0.0393	0.0397	0.0395	0.0329	0.0389	0.0356	0.0366	0.0422	0.0395	0.0399	0.0396	0.0437	0.0426	0.0482	0.0461	0.0514	0.0510	0.0491	0.0461	0.0500	0.0688	0.0565	0.0510	0.0539	0.0592	0.0596	0.0625	0.0555	0.0544	0.0494	0.0386
0.0000	0.0000	0.0000	0.0000	0.0000	0.0000	0.0000	0.0037	0.0010	0.0192	0.0245	0.0182	0.0083	0.0160	0.0169	0.0259	0.0223	0.0142	0.0203	0.0271	0.0273	0.0322	0.0299	0.0335	0.0401	0.0343	0.0276	0.0304	0.0424	0.0363	0.0384	0.0368	0.0348	0.0323	0.0312	0.0365	0.0333	0.0371	0.0349	0.0352	0.0265	0.0379	0.0432	0.0386	0.0368	0.0348	0.0368	0.0381	0.0368	0.0313	0.0311	0.0371	0.0460	0.0471	0.0510	0.0566	0.0474	0.0443	0.0469	0.0524	0.0511	0.0529	0.0532	0.0566	0.0563	0.0537	0.0434	0.0445	0.0431
0.0000	0.0000	0.0000	0.0000	0.0000	0.0000	0.0119	0.0005	0.0003	0.0010	0.0150	0.0148	0.0010	0.0098	0.0203	0.0170	0.0219	0.0153	0.0199	0.0266	0.0191	0.0324	0.0243	0.0345	0.0313	0.0287	0.0283	0.0418	0.0428	0.0429	0.0358	0.0197	0.0344	0.0287	0.0347	0.0413	0.0347	0.0378	0.0332	0.0345	0.0321	0.0424	0.0420	0.0391	0.0352	0.0299	0.0333	0.0419	0.0346	0.0360	0.0422	0.0417	0.0501	0.0408	0.0484	0.0584	0.0467	0.0508	0.0441	0.0525	0.0620	0.0566	0.0554	0.0627	0.0661	0.0659	0.0496	0.0530	0.0540
