0.0000	0.0000	0.0000	0.0040	0.0000	0.0027	0.0000	0.0063	0.0109	0.0178	0.0071	0.0214	0.0138	0.0131	0.0338	0.0432	0.0445	0.0398	0.0269	0.0313	0.0439	0.0343	0.0463	0.0567	0.0570	0.0457	0.0435	0.0634	0.0653	0.0729	0.0618	0.0618	0.0763	0.0660	0.0588	0.0631	0.0596	0.0592	0.0659	0.0490	0.0570	0.0763	0.0772	0.0557	0.0540	0.0673	0.0736	0.0768	0.0630	0.0724	0.0692	0.0636	0.0657	0.0644	0.0754	0.0632	0.0579	0.0596	0.0675	0.0577	0.0677	0.0549	0.0446	0.0390	0.0483	0.0344	0.0328	0.0331	0.0261
0.0000	0.0000	0.0000	0.0000	0.0025	0.0000	0.0000	0.0045	0.0148	0.0112	0.0130	0.0225	0.0259	0.0269	0.0232	0.0396	0.0484	0.0480	0.0349	0.0316	0.0473	0.0430	0.0561	0.0697	0.0839	0.0491	0.0652	0.0814	0.0667	0.0647	0.0720	0.0737	0.0821	0.0708	0.0734	0.0674	0.0711	0.0870	0.0781	0.0624	0.0681	0.0736	0.0793	0.0773	0.0748	0.0721	0.0767	0.0619	0.0663	0.0827	0.0729	0.0665	0.0580	0.0651	0.0712	0.0693	0.0865	0.0595	0.0541	0.0733	0.0747	0.0666	0.0640	0.0584	0.0631	0.0462	0.0393	0.0464	0.0396
0.0000	0.0000	0.0000	0.0009	0.0097	0.0000	0.0047	0.0115	0.0114	0.0113	0.0138	0.0131	0.0166	0.0390	0.0290	0.0390	0.0348	0.0532	0.0585	0.0528	0.0603	0.0623	0.0573	0.0746	0.0674	0.0582	0.0778	0.0625	0.0569	0.0640	0.0775	0.0681	0.0761	0.0789	0.0816	0.0649	0.0688	0.0760	0.0878	0.0709	0.0712	0.0762	0.0676	0.0698	0.0824	0.0840	0.0808	0.0799	0.0790	0.0840	0.0970	0.0895	0.0779	0.0876	0.0757	0.0775	0.0929	0.0668	0.0742	0.0763	0.0812	0.0766	0.0731	0.0666	0.0540	0.0516	0.0443	0.0529	0.0591
0.0000	0.0000	0.0009	0.0105	0.0178	0.0103	0.0070	0.0229	0.0189	0.0122	0.0206	0.0287	0.0340	0.0443	0.0459	0.0531	0.0527	0.0431	0.0661	0.0711	0.0795	0.0607	0.0592	0.0700	0.0696	0.0683	0.0832	0.0856	0.0732	0.0817	0.0699	0.0669	0.0924	0.0846	0.0948	0.0856	0.0714	0.0785	0.0927	0.0661	0.0673	0.0721	0.0640	0.0681	0.0732	0.0811	0.0970	0.0886	0.0696	0.0721	0.0916	0.0868	0.0830	0.0881	0.0945	0.0944	0.0763	0.0814	0.0803	0.0755	0.0855	0.0826	0.0860	0.0640	0.0803	0.0675	0.0582	0.0522	0.0662
0.0000	0.0000	0.0000	0.0132	0.0068	0.0082	0.0057	0.0126	0.0185	0.0196	0.0320	0.0351	0.0373	0.0363	0.0315	0.0616	0.0717	0.0509	0.0468	0.0550	0.0500	0.0667	0.0772	0.0788	0.0757	0.0758	0.0767	0.0703	0.0847	0.0792	0.0746	0.0853	0.0886	0.0849	0.0907	0.0908	0.0825	0.0644	0.0818	0.0728	0.0744	0.0822	0.0868	0.0911	0.0744	0.0728	0.0897	0.0908	0.0803	0.0863	0.0951	0.0959	0.0946	0.0964	0.1035	0.1163	0.0896	0.0878	0.0754	0.0902	0.1055	0.0989	0.0766	0.0802	0.0887	0.0713	0.0739	0.0674	0.0884
0.0000	0.0000	0.0136	0.0254	0.0031	0.0136	0.0110	0.0192	0.0320	0.0337	0.0392	0.0424	0.0485	0.0456	0.0386	0.0543	0.0703	0.0541	0.0468	0.0710	0.0606	0.0661	0.0732	0.0828	0.0775	0.0712	0.0657	0.0886	0.0949	0.0814	0.0737	0.0813	0.0891	0.0999	0.0937	0.0952	0.0954	0.0726	0.0885	0.0789	0.0728	0.0903	0.0776	0.0893	0.0872	0.0813	0.0853	0.0995	0.0910	0.1004	0.1036	0.0999	0.1169	0.1108	0.1157	0.1271	0.1183	0.1010	0.1003	0.1011	0.1107	0.1054	0.1018	0.0992	0.1050	0.0919	0.0860	0.0908	0.0885
0.0000	0.0032	0.0152	0.0150	0.0077	0.0192	0.0207	0.0199	0.0222	0.0382	0.0563	0.0474	0.0500	0.0583	0.0495	0.0644	0.0806	0.0761	0.0610	0.0535	0.0664	0.0732	0.0667	0.0808	0.0881	0.0835	0.0801	0.0884	0.0861	0.0872	0.0829	0.0887	0.0934	0.1120	0.0941	0.0988	0.0933	0.0987	0.0992	0.0948	0.0903	0.0970	0.0937	0.0935	0.0926	0.0986	0.0926	0.1190	0.1000	0.0930	0.1155	0.1323	0.1356	0.1246	0.1305	0.1460	0.1356	0.1218	0.1148	0.1214	0.1322	0.1199	0.1319	0.1358	0.1381	0.1114	0.1113	0.1049	0.1039
0.0000	0.0045	0.0039	0.0197	0.0279	0.0170	0.0237	0.0372	0.0417	0.0395	0.0389	0.0464	0.0515	0.0519	0.0590	0.0731	0.0724	0.0836	0.0787	0.0623	0.0672	0.0920	0.0743	0.0881	0.1036	0.0921	0.0879	0.0845	0.0918	0.1139	0.0958	0.0913	0.1041	0.1080	0.1124	0.1108	0.1195	0.1219	0.1092	0.1023	0.0992	0.0911	0.1091	0.0883	0.0892	0.1145	0.1239	0.1278	0.1227	0.1174	0.1190	0.1306	0.1385	0.1239	0.1544	0.1635	0.1496	0.1484	0.1503	0.1598	0.1811	0.1716	0.1715	0.1630	0.1607	0.1371	0.1439	0.1426	0.1406
0.0016	0.0090	0.0000	0.0161	0.0322	0.0347	0.0264	0.0400	0.0531	0.0404	0.0490	0.0572	0.0561	0.0566	0.0837	0.0775	0.0716	0.0791	0.0852	0.0896	0.0861	0.0909	0.0782	0.0780	0.0986	0.0967	0.1058	0.0904	0.1056	0.1164	0.1048	0.1011	0.1095	0.1014	0.1132	0.1216	0.1066	0.1115	0.1073	0.1067	0.0985	0.1002	0.1226	0.0973	0.1042	0.1241	0.1361	0.1291	0.1452	0.1681	0.1744	0.1715	0.1785	0.1773	0.1940	0.2016	0.2047	0.2011	0.2486	0.3431	0.3681	0.2970	0.2731	0.2410	0.2360	0.2035	0.1701	0.1692	0.1618
0.0001	0.0000	0.0069	0.0243	0.0320	0.0270	0.0438	0.0529	0.0562	0.0561	0.0625	0.0666	0.0618	0.0752	0.0756	0.0761	0.0831	0.0991	0.1068	0.0978	0.0920	0.0994	0.0954	0.0992	0.1083	0.1187	0.1125	0.1032	0.1087	0.1089	0.1016	0.1072	0.1103	0.1148	0.1205	0.1213	0.1124	0.1220	0.1245	0.1155	0.1134	0.1205	0.1229	0.1179	0.1291	0.1565	0.1768	0.1639	0.1781	0.1933	0.2131	0.2187	0.2256	0.2453	0.2642	0.2413	0.2659	0.3321	0.4061	0.4637	0.4997	0.4291	0.3652	0.3357	0.3202	0.2204	0.1643	0.1862	0.1851
0.0025	0.0004	0.0221	0.0389	0.0426	0.0394	0.0498	0.0666	0.0773	0.0644	0.0669	0.0635	0.0680	0.0835	0.0757	0.0812	0.0896	0.0919	0.0943	0.1072	0.1229	0.0986	0.1078	0.1116	0.1285	0.1340	0.1193	0.1105	0.1162	0.1094	0.1102	0.1337	0.1377	0.1440	0.1446	0.1256	0.1357	0.1406	0.1381	0.1389	0.1358	0.1404	0.1602	0.1429	0.1615	0.1903	0.2160	0.2354	0.2345	0.2560	0.3044	0.3186	0.3119	0.3925	0.4220	0.3888	0.4296	0.4658	0.4717	0.4715	0.4668	0.3968	0.3842	0.3560	0.3516	0.2685	0.2049	0.1806	0.1759
0.0140	0.0066	0.0168	0.0287	0.0419	0.0450	0.0584	0.0602	0.0598	0.0575	0.0783	0.0886	0.0848	0.0810	0.0859	0.0904	0.0989	0.1061	0.1265	0.1259	0.1197	0.1223	0.1120	0.1205	0.1345	0.1083	0.1136	0.1174	0.1260	0.1394	0.1317	0.1344	0.1424	0.1545	0.1635	0.1360	0.1525	0.1743	0.1611	0.1517	0.1554	0.1553	0.1883	0.1878	0.1962	0.2211	0.2741	0.2722	0.2981	0.4673	0.5230	0.4321	0.4297	0.6010	0.5885	0.5839	0.6063	0.5050	0.4513	0.4749	0.4807	0.4112	0.4148	0.4190	0.3671	0.3071	0.2620	0.1943	0.1850
0.0147	0.0101	0.0303	0.0442	0.0526	0.0447	0.0516	0.0651	0.0651	0.0700	0.0933	0.0882	0.0932	0.0986	0.0936	0.1017	0.1116	0.1263	0.1260	0.1360	0.1356	0.1366	0.1440	0.1486	0.1553	0.1386	0.1429	0.1482	0.1529	0.1668	0.1543	0.1554	0.1579	0.1755	0.1844	0.1702	0.1814	0.1855	0.2129	0.2125	0.2007	0.2060	0.2350	0.2511	0.2603	0.3071	0.4845	0.4414	0.3968	0.6004	0.6662	0.5594	0.5570	0.6390	0.5983	0.6021	0.5662	0.5079	0.4877	0.4585	0.5033	0.4289	0.4315	0.4418	0.3954	0.3386	0.3027	0.2911	0.2481
0.0186	0.0245	0.0371	0.0462	0.0468	0.0414	0.0641	0.0906	0.0721	0.0719	0.1076	0.1341	0.1208	0.1260	0.1210	0.1281	0.1409	0.1535	0.1490	0.1553	0.1561	0.1593	0.1774	0.1847	0.1857	0.1778	0.1725	0.1783	0.1822	0.2034	0.1903	0.2156	0.2125	0.2093	0.2363	0.2388	0.2335	0.2316	0.2466	0.2532	0.2566	0.2712	0.2891	0.2969	0.3266	0.4327	0.7290	0.6870	0.5922	0.6607	0.7292	0.6934	0.6313	0.6072	0.6092	0.5832	0.5519	0.5240	0.4898	0.4844	0.4619	0.4202	0.4227	0.4021	0.3778	0.3274	0.3061	0.2919	0.2729
0.0123	0.0357	0.0431	0.0665	0.0618	0.0591	0.0721	0.1044	0.1075	0.1074	0.1862	0.2309	0.2313	0.1880	0.2321	0.2746	0.3021	0.2668	0.2414	0.2162	0.2179	0.2288	0.2249	0.2361	0.2149	0.2103	0.2020	0.2193	0.2445	0.2487	0.2257	0.2527	0.2728	0.2866	0.3056	0.2934	0.3077	0.2992	0.2983	0.2991	0.2917	0.3106	0.3409	0.3550	0.3826	0.4996	0.7267	0.7668	0.7598	0.7051	0.7161	0.6205	0.5996	0.5397	0.5558	0.5569	0.5646	0.5233	0.4450	0.4663	0.4539	0.4069	0.4445	0.4218	0.3874	0.3164	0.2973	0.2650	0.2730
0.0249	0.0347	0.0568	0.0790	0.0964	0.1095	0.1012	0.1200	0.1480	0.2038	0.3967	0.5189	0.4454	0.3824	0.5138	0.6314	0.6928	0.6327	0.5808	0.5164	0.4629	0.4725	0.3899	0.3117	0.2989	0.2847	0.3196	0.3279	0.3719	0.3339	0.3056	0.3371	0.3396	0.3589	0.4063	0.5500	0.4904	0.3612	0.3298	0.3108	0.3360	0.3397	0.3816	0.4168	0.5096	0.6663	0.7488	0.7135	0.6949	0.6627	0.6438	0.6332	0.5991	0.5584	0.5315	0.5888	0.5387	0.4932	0.4735	0.4803	0.4664	0.4012	0.4298	0.4171	0.3368	0.3103	0.3022	0.2988	0.2963
0.0246	0.0240	0.0544	0.0893	0.1363	0.1515	0.1764	0.1972	0.2913	0.4481	0.6076	0.6241	0.6233	0.5853	0.6191	0.6796	0.7099	0.7433	0.7698	0.7981	0.8492	0.8248	0.7669	0.6711	0.6030	0.6044	0.6104	0.6702	0.6405	0.7225	0.6653	0.5355	0.4220	0.4858	0.7184	0.9417	0.8737	0.5646	0.4133	0.3546	0.3790	0.3762	0.4577	0.5287	0.7124	0.7641	0.6848	0.6505	0.6079	0.6173	0.6073	0.6467	0.5816	0.5602	0.5571	0.5554	0.5174	0.4777	0.4392	0.4665	0.4463	0.4119	0.4064	0.3823	0.3338	0.3002	0.2861	0.2831	0.3078
0.0515	0.0864	0.1157	0.1882	0.2862	0.3796	0.4701	0.4847	0.5466	0.5246	0.5754	0.5648	0.5502	0.5337	0.5442	0.6133	0.6499	0.7375	0.8184	0.7983	0.8268	0.8292	0.7604	0.8387	0.7827	0.7968	0.8403	0.8823	0.7933	0.9248	0.9591	0.8501	0.6107	0.7132	1.0000	0.9685	0.9274	0.7820	0.5920	0.5273	0.4577	0.4574	0.5895	0.7178	0.7279	0.6577	0.6541	0.5904	0.6346	0.6124	0.5823	0.5739	0.5497	0.5250	0.5099	0.5127	0.4654	0.4456	0.4407	0.4393	0.4242	0.3902	0.3719	0.3620	0.3198	0.2733	0.2786	0.2865	0.2725
0.0993	0.2003	0.3151	0.4125	0.5069	0.5422	0.5469	0.5455	0.5387	0.4558	0.4723	0.4944	0.5121	0.4942	0.5220	0.6041	0.6575	0.6942	0.7597	0.7401	0.7430	0.8266	0.7357	0.7622	0.7315	0.7380	0.7990	0.7908	0.7997	0.9124	0.8839	0.9065	0.9352	0.9700	0.9939	0.9242	0.8185	0.8136	0.7867	0.7182	0.6221	0.6485	0.7514	0.7148	0.6699	0.6290	0.5644	0.5492	0.5590	0.5949	0.5533	0.5434	0.5272	0.4963	0.5145	0.4757	0.4172	0.4027	0.4022	0.4409	0.4153	0.3458	0.3378	0.3228	0.3052	0.2776	0.2892	0.2608	0.2602
0.1845	0.3014	0.3480	0.3606	0.3871	0.4074	0.3769	0.3549	0.3651	0.3543	0.4139	0.4340	0.4905	0.4843	0.5215	0.5504	0.5990	0.6564	0.6947	0.7052	0.6846	0.7233	0.7076	0.7357	0.7349	0.7120	0.7390	0.7266	0.7520	0.8163	0.8274	0.8626	0.9303	0.9360	0.8985	0.8506	0.8019	0.7592	0.7382	0.7472	0.7358	0.6879	0.6554	0.5966	0.6087	0.5452	0.5140	0.5139	0.5480	0.5138	0.4920	0.5054	0.4903	0.4806	0.4755	0.4703	0.4362	0.4141	0.3831	0.3684	0.3777	0.3563	0.3425	0.3315	0.3049	0.2908	0.2810	0.2803	0.2497
0.1773	0.2481	0.2706	0.2505	0.2278	0.2613	0.2795	0.2623	0.2905	0.3510	0.3951	0.4225	0.5196	0.5064	0.4783	0.5480	0.5982	0.6265	0.6154	0.6159	0.6599	0.6729	0.6581	0.7085	0.6888	0.7045	0.6589	0.6980	0.6821	0.6991	0.7951	0.8391	0.8311	0.8788	0.8366	0.8041	0.7506	0.7399	0.6786	0.6848	0.6191	0.5998	0.5885	0.5445	0.5018	0.4831	0.4924	0.4960	0.5000	0.4896	0.4708	0.4847	0.4627	0.4854	0.4419	0.4293	0.4224	0.3869	0.3780	0.3652	0.3750	0.3636	0.3445	0.3269	0.2999	0.2788	0.2647	0.2751	0.2417
0.1716	0.2122	0.2103	0.2293	0.2088	0.2219	0.2603	0.3091	0.3269	0.3531	0.3868	0.4125	0.4970	0.5361	0.5265	0.5527	0.6596	0.6615	0.6128	0.6086	0.7003	0.7114	0.6993	0.6826	0.6408	0.6693	0.6549	0.6579	0.6554	0.6922	0.7376	0.7393	0.7547	0.7450	0.7465	0.7136	0.6698	0.6706	0.5939	0.6198	0.5981	0.5744	0.5450	0.5338	0.5062	0.4728	0.4634	0.4789	0.4680	0.4793	0.5040	0.5145	0.4609	0.4534	0.4186	0.4434	0.4172	0.4135	0.3879	0.3552	0.3772	0.3577	0.3278	0.3051	0.3005	0.2894	0.2690	0.2487	0.2285
0.1412	0.1682	0.2008	0.2076	0.2239	0.2370	0.2705	0.3170	0.3320	0.3360	0.3867	0.4469	0.4871	0.5176	0.5307	0.6157	0.6501	0.6334	0.5957	0.5949	0.6710	0.7332	0.6931	0.6331	0.5973	0.5580	0.5975	0.5938	0.6216	0.6654	0.6672	0.6406	0.6874	0.6893	0.6557	0.6400	0.6527	0.6437	0.5849	0.5579	0.5403	0.5268	0.5120	0.4959	0.5157	0.4984	0.4668	0.4451	0.4626	0.4668	0.4886	0.5165	0.4921	0.4556	0.4425	0.4398	0.4380	0.4061	0.3772	0.3938	0.3645	0.3607	0.3438	0.3133	0.2823	0.2933	0.2659	0.2527	0.2376
0.1520	0.1606	0.1886	0.2379	0.2266	0.2489	0.3020	0.3279	0.3673	0.3281	0.3767	0.4480	0.4792	0.5241	0.5275	0.5979	0.6319	0.6650	0.6743	0.6439	0.6617	0.6722	0.6286	0.5552	0.5853	0.5297	0.5537	0.5611	0.5476	0.5878	0.6231	0.6121	0.6276	0.6439	0.6314	0.6063	0.5823	0.5929	0.5541	0.5501	0.5299	0.4956	0.5105	0.5105	0.5113	0.5028	0.5015	0.4696	0.4690	0.4546	0.4388	0.4512	0.4733	0.4645	0.4248	0.4432	0.4231	0.4041	0.3956	0.3760	0.3659	0.3538	0.3283	0.2955	0.2636	0.2775	0.2547	0.2382	0.2376
0.1727	0.1864	0.1904	0.2185	0.2349	0.2455	0.3002	0.3240	0.3423	0.3648	0.4134	0.4543	0.4684	0.4952	0.5281	0.5623	0.5895	0.6131	0.5779	0.6159	0.5808	0.5624	0.5641	0.5848	0.5325	0.5138	0.5247	0.5312	0.5673	0.5689	0.5594	0.5890	0.5833	0.5858	0.5706	0.5819	0.5981	0.5457	0.5318	0.5459	0.5335	0.5436	0.5272	0.4982	0.4978	0.4913	0.4961	0.4840	0.4976	0.4721	0.4503	0.4540	0.4408	0.4389	0.4481	0.4338	0.4103	0.4154	0.3851	0.3930	0.3771	0.3248	0.3487	0.2932	0.2847	0.2745	0.2678	0.2570	0.2168
0.1836	0.1994	0.1942	0.2097	0.2402	0.2542	0.2603	0.2999	0.3366	0.3825	0.4002	0.4412	0.4590	0.4717	0.4962	0.5178	0.5572	0.5463	0.5216	0.5405	0.5528	0.5265	0.5349	0.5211	0.5282	0.5260	0.5376	0.5447	0.5743	0.5831	0.6123	0.6002	0.5965	0.5717	0.5731	0.5693	0.5494	0.5298	0.5535	0.5373	0.5223	0.5421	0.5160	0.5028	0.5211	0.5018	0.4906	0.4767	0.5066	0.4893	0.4750	0.4554	0.4303	0.4363	0.4626	0.4321	0.4306	0.4281	0.3874	0.3899	0.3924	0.3336	0.3389	0.3116	0.2846	0.2806	0.2552	0.2545	0.2355
0.1882	0.1959	0.2147	0.2309	0.2391	0.2769	0.2595	0.2723	0.3157	0.3588	0.3589	0.3987	0.4652	0.4687	0.4825	0.4726	0.4720	0.4676	0.5188	0.5138	0.5447	0.5413	0.5367	0.5312	0.5296	0.5091	0.5426	0.5316	0.5488	0.5890	0.6041	0.6158	0.6047	0.5792	0.5812	0.5625	0.5281	0.5441	0.5538	0.5449	0.5471	0.5142	0.5125	0.5115	0.5274	0.4658	0.4563	0.4686	0.4720	0.4783	0.4804	0.4522	0.4512	0.4420	0.4360	0.4316	0.4018	0.3939	0.3880	0.3787	0.3600	0.3560	0.3297	0.3119	0.2761	0.2702	0.2580	0.2528	0.2463
0.2147	0.2157	0.2087	0.2374	0.2445	0.2569	0.2688	0.2929	0.3101	0.3560	0.3873	0.4069	0.4127	0.4303	0.4351	0.4192	0.4472	0.4736	0.5009	0.5565	0.5232	0.5217	0.5309	0.5126	0.5219	0.5206	0.4956	0.5330	0.5612	0.5729	0.6085	0.6124	0.5884	0.5735	0.5566	0.5560	0.5220	0.5551	0.5322	0.5148	0.5293	0.5241	0.4971	0.4690	0.4960	0.4678	0.4801	0.4913	0.4688	0.4359	0.4704	0.4923	0.4729	0.4406	0.4030	0.4354	0.3999	0.3852	0.3804	0.4056	0.3857	0.3584	0.3208	0.2910	0.2858	0.2786	0.2692	0.2681	0.2558
0.1949	0.2126	0.2054	0.2413	0.2533	0.2653	0.2990	0.3048	0.3104	0.3530	0.3732	0.3840	0.3831	0.4079	0.4028	0.4220	0.4453	0.5074	0.5311	0.5217	0.5446	0.5250	0.5049	0.5260	0.5335	0.5269	0.5360	0.5424	0.5835	0.5617	0.6073	0.6041	0.6077	0.5952	0.5559	0.5573	0.5399	0.5438	0.5283	0.5111	0.5240	0.5286	0.4855	0.4771	0.4973	0.4661	0.4849	0.4817	0.4554	0.4762	0.4668	0.4583	0.4460	0.4381	0.4314	0.4373	0.4065	0.3814	0.3594	0.3770	0.3632	0.3403	0.3386	0.3297	0.3191	0.2860	0.2802	0.2622	0.2447
0.1981	0.1927	0.2154	0.2405	0.2526	0.2819	0.3131	0.3320	0.3384	0.3538	0.3584	0.3632	0.4117	0.4184	0.3793	0.4751	0.5193	0.5533	0.5576	0.5609	0.5219	0.5229	0.5341	0.5591	0.5427	0.5379	0.5609	0.5839	0.5882	0.5980	0.5934	0.5796	0.6321	0.5969	0.5604	0.5555	0.5674	0.5702	0.5322	0.5185	0.5407	0.5216	0.4836	0.4716	0.4868	0.4702	0.4680	0.4708	0.4478	0.4789	0.4851	0.4517	0.4344	0.4297	0.4202	0.4230	0.3895	0.3755	0.3566	0.3703	0.3660	0.3417	0.3368	0.3284	0.3171	0.3052	0.2763	0.2881	0.2675
0.1789	0.2032	0.2193	0.2429	0.2626	0.2667	0.3144	0.3125	0.3594	0.3627	0.3507	0.3693	0.3799	0.4176	0.4560	0.4898	0.4975	0.5022	0.5332	0.5592	0.5336	0.5613	0.5679	0.5779	0.6095	0.5630	0.5536	0.5962	0.5873	0.6076	0.6143	0.5849	0.6007	0.5784	0.5796	0.5619	0.5666	0.5496	0.5205	0.5134	0.5010	0.5109	0.4786	0.4832	0.4654	0.4667	0.4931	0.4706	0.4956	0.5054	0.4942	0.4794	0.4718	0.4378	0.4148	0.3957	0.3948	0.3947	0.3722	0.3915	0.3761	0.3497	0.3444	0.3257	0.3098	0.2981	0.2637	0.2651	0.2632
0.1619	0.1904	0.2050	0.2408	0.2578	0.2600	0.2988	0.3008	0.3420	0.3721	0.3358	0.3533	0.3890	0.4134	0.4603	0.4974	0.4992	0.5128	0.5450	0.5323	0.5501	0.5636	0.5441	0.5665	0.5849	0.5767	0.5866	0.6325	0.6407	0.5997	0.6124	0.6420	0.6218	0.5867	0.5980	0.5855	0.5589	0.5302	0.5105	0.4882	0.4815	0.4813	0.4935	0.4734	0.4864	0.4831	0.4894	0.5133	0.4723	0.4908	0.4934	0.4609	0.4515	0.4715	0.4520	0.4319	0.3908	0.4027	0.3754	0.3700	0.3901	0.3678	0.3583	0.3277	0.3113	0.2696	0.2857	0.2763	0.2623
0.1812	0.1835	0.1994	0.2476	0.2581	0.2640	0.2995	0.3037	0.3195	0.3428	0.3131	0.3429	0.4149	0.4518	0.4564	0.4778	0.5482	0.5221	0.5359	0.5346	0.5597	0.5534	0.5517	0.5616	0.5723	0.5823	0.6107	0.6297	0.6500	0.6598	0.6311	0.6582	0.6166	0.6263	0.6225	0.6247	0.6264	0.5719	0.5696	0.4998	0.4985	0.5108	0.4757	0.4571	0.4768	0.4407	0.4640	0.4867	0.4897	0.4944	0.4669	0.4429	0.4714	0.4547	0.4357	0.4362	0.4151	0.3990	0.3591	0.3689	0.3837	0.3619	0.3696	0.3397	0.3187	0.2829	0.3158	0.2684	0.2616
0.1524	0.1578	0.2201	0.2325	0.2484	0.2773	0.2906	0.3352	0.3309	0.3358	0.3289	0.3301	0.4213	0.4806	0.4971	0.5280	0.5554	0.5584	0.5456	0.5892	0.5784	0.5401	0.5693	0.5907	0.5898	0.6053	0.6172	0.6535	0.6532	0.6644	0.6714	0.6896	0.6999	0.7118	0.6874	0.6456	0.6081	0.5945	0.6086	0.5808	0.5340	0.5318	0.4933	0.4584	0.4363	0.4506	0.4828	0.4661	0.4889	0.4825	0.4678	0.4454	0.4581	0.4558	0.4361	0.4357	0.4118	0.3917	0.3795	0.3606	0.3634	0.3610	0.3588	0.3642	0.3139	0.3110	0.3136	0.2833	0.2616
0.1531	0.1899	0.2238	0.2292	0.2660	0.2914	0.2905	0.3508	0.3264	0.3138	0.3245	0.3402	0.4256	0.5214	0.5175	0.5483	0.5833	0.5935	0.5978	0.6094	0.6459	0.6077	0.6209	0.6491	0.6737	0.6550	0.6471	0.6436	0.6405	0.6913	0.6758	0.6779	0.6877	0.6745	0.7171	0.6983	0.6559	0.6412	0.6739	0.6145	0.6018	0.5862	0.5701	0.4949	0.4394	0.4668	0.4543	0.4672	0.4520	0.4980	0.4812	0.4400	0.4497	0.4535	0.4372	0.4245	0.4245	0.4010	0.3864	0.3834	0.3913	0.3615	0.3640	0.3407	0.3221	0.3120	0.2890	0.2954	0.2662
0.1800	0.2107	0.2090	0.2316	0.2781	0.2823	0.3343	0.3539	0.3333	0.3237	0.3353	0.3828	0.4210	0.5312	0.5363	0.5324	0.5684	0.5815	0.6074	0.6198	0.6286	0.6734	0.6279	0.6663	0.7146	0.7070	0.6621	0.6727	0.6826	0.6773	0.6685	0.6584	0.6909	0.7170	0.7189	0.7204	0.6960	0.7016	0.6815	0.6473	0.6609	0.6330	0.6422	0.5906	0.5102	0.4698	0.4707	0.4732	0.4626	0.4806	0.4882	0.4458	0.4409	0.4397	0.4226	0.4189	0.3878	0.3873	0.3940	0.3938	0.3861	0.3719	0.3795	0.3607	0.3226	0.3228	0.3143	0.2996	0.2966
0.1792	0.1916	0.2331	0.2564	0.2551	0.2848	0.3090	0.3313	0.3284	0.3379	0.3301	0.3997	0.4103	0.4496	0.5170	0.5542	0.5935	0.6347	0.6618	0.6398	0.6682	0.6698	0.6748	0.7021	0.6612	0.6819	0.6821	0.6721	0.7050	0.7378	0.7080	0.7304	0.7262	0.7790	0.7617	0.7726	0.7347	0.7706	0.7243	0.6930	0.7158	0.6845	0.6692	0.6792	0.6233	0.5240	0.4857	0.4677	0.4875	0.5111	0.4622	0.4531	0.4503	0.4259	0.4137	0.4111	0.4021	0.4029	0.3839	0.3861	0.3817	0.3640	0.3700	0.3575	0.3391	0.3229	0.3312	0.3154	0.2993
0.1939	0.2295	0.2522	0.2745	0.2614	0.2977	0.2995	0.3253	0.3255	0.3472	0.3393	0.3863	0.4133	0.4303	0.5105	0.5806	0.6425	0.7185	0.7233	0.6816	0.6701	0.7115	0.7504	0.7590	0.7496	0.7686	0.7367	0.7416	0.7670	0.7381	0.7942	0.8188	0.8044	0.8437	0.8637	0.8365	0.8347	0.8324	0.7822	0.7559	0.7594	0.7106	0.7149	0.6185	0.6221	0.6250	0.5853	0.5132	0.4921	0.5044	0.4686	0.4901	0.4718	0.4586	0.4289	0.4262	0.4347	0.4496	0.4245	0.4036	0.4138	0.3758	0.3946	0.4033	0.3777	0.3227	0.3474	0.3279	0.3222
0.1760	0.2581	0.2908	0.3231	0.3404	0.3486	0.3511	0.3312	0.3459	0.3596	0.3948	0.4212	0.4161	0.4688	0.5437	0.5815	0.6583	0.6657	0.6616	0.6855	0.7063	0.7678	0.7655	0.7206	0.7721	0.7731	0.7838	0.7706	0.7966	0.8020	0.8579	0.8957	0.8808	0.8695	0.8624	0.7563	0.8245	0.8772	0.8379	0.7987	0.6837	0.7494	0.7634	0.5599	0.5129	0.6859	0.6990	0.6212	0.5633	0.5255	0.4842	0.5040	0.4856	0.4748	0.4287	0.4389	0.4359	0.4520	0.4289	0.4431	0.4406	0.4326	0.4422	0.4260	0.3695	0.3506	0.3374	0.3397	0.3147
0.1147	0.1957	0.3578	0.4864	0.4832	0.5112	0.5238	0.4566	0.4320	0.4394	0.4559	0.4940	0.4858	0.5561	0.6369	0.6744	0.7309	0.7765	0.7954	0.7721	0.7889	0.8450	0.8025	0.7989	0.7896	0.8059	0.8138	0.8075	0.8614	0.8661	0.8586	0.8130	0.7657	0.5884	0.5594	0.5871	0.6482	0.7940	0.8582	0.7154	0.4468	0.6068	0.6568	0.4386	0.4240	0.6335	0.7313	0.7072	0.6592	0.5923	0.5244	0.5113	0.5119	0.4750	0.4525	0.4486	0.4581	0.4605	0.4635	0.4773	0.4832	0.4632	0.4513	0.4188	0.3767	0.3667	0.3647	0.3406	0.3246
0.0613	0.0740	0.1730	0.2802	0.4091	0.5121	0.5444	0.5759	0.5587	0.5595	0.5628	0.5782	0.5877	0.6294	0.7085	0.7463	0.7781	0.8041	0.8665	0.8734	0.8902	0.8952	0.8585	0.8422	0.8361	0.7732	0.6876	0.6549	0.6856	0.5843	0.4889	0.6039	0.4626	0.3094	0.3341	0.3456	0.3672	0.4567	0.7278	0.6371	0.3463	0.3233	0.3721	0.3261	0.3422	0.3949	0.5529	0.7597	0.7286	0.6812	0.6282	0.5861	0.5459	0.5217	0.4889	0.4790	0.4855	0.4788	0.4941	0.5143	0.4971	0.4528	0.4475	0.4274	0.3918	0.3577	0.3703	0.3536	0.3262
0.0271	0.0359	0.0725	0.0912	0.1286	0.1829	0.2455	0.3763	0.4694	0.5278	0.5516	0.6130	0.6474	0.6275	0.6905	0.7367	0.7670	0.7371	0.6497	0.6169	0.6605	0.6181	0.6127	0.6946	0.5953	0.4941	0.3315	0.2663	0.2816	0.2650	0.2722	0.3408	0.2822	0.2397	0.2417	0.2369	0.2342	0.2740	0.3951	0.3834	0.2513	0.2392	0.2508	0.2690	0.2971	0.3063	0.4055	0.6403	0.7254	0.7253	0.7290	0.6503	0.6056	0.5740	0.5364	0.5389	0.5262	0.4907	0.4770	0.5166	0.4790	0.4458	0.4773	0.4474	0.4106	0.3804	0.3756	0.3334	0.3286
0.0198	0.0228	0.0413	0.0512	0.0688	0.0820	0.0850	0.1064	0.1433	0.2124	0.2872	0.3296	0.3361	0.2967	0.3325	0.4287	0.4313	0.3761	0.2835	0.2109	0.2244	0.2198	0.2581	0.3218	0.2691	0.2158	0.1834	0.1830	0.1884	0.1988	0.2014	0.2000	0.1987	0.2025	0.1936	0.1796	0.1898	0.2126	0.2048	0.2136	0.2216	0.2234	0.2345	0.2395	0.2486	0.2737	0.3213	0.4091	0.5211	0.7354	0.7417	0.7096	0.6259	0.6037	0.5685	0.5849	0.5642	0.5491	0.5007	0.5131	0.5135	0.4796	0.4748	0.4394	0.3811	0.3931	0.3676	0.3414	0.3173
0.0181	0.0287	0.0331	0.0463	0.0447	0.0571	0.0711	0.0794	0.0780	0.0878	0.1067	0.1012	0.1168	0.1182	0.1315	0.1521	0.1405	0.1376	0.1347	0.1332	0.1376	0.1283	0.1540	0.1739	0.1611	0.1390	0.1461	0.1509	0.1640	0.1662	0.1715	0.1754	0.1669	0.1695	0.1633	0.1622	0.1689	0.1755	0.1887	0.1799	0.1834	0.1970	0.1979	0.2119	0.2301	0.2589	0.2863	0.3257	0.4367	0.7283	0.7693	0.7359	0.6333	0.6075	0.5973	0.5984	0.5848	0.5719	0.5324	0.5585	0.5354	0.4932	0.4891	0.4300	0.3990	0.4167	0.3824	0.3488	0.3399
0.0148	0.0328	0.0415	0.0456	0.0472	0.0498	0.0586	0.0653	0.0603	0.0759	0.0753	0.0709	0.0964	0.0857	0.0963	0.1038	0.1047	0.0979	0.0975	0.1037	0.1111	0.1101	0.1151	0.1324	0.1372	0.1242	0.1361	0.1243	0.1412	0.1382	0.1388	0.1530	0.1396	0.1482	0.1501	0.1418	0.1501	0.1628	0.1665	0.1588	0.1580	0.1602	0.1679	0.1783	0.1894	0.2128	0.2346	0.2726	0.3654	0.6606	0.7455	0.7171	0.7015	0.6559	0.6500	0.5986	0.5549	0.5904	0.5602	0.5887	0.5664	0.5355	0.4972	0.4468	0.4236	0.4208	0.4096	0.3583	0.3430
0.0057	0.0148	0.0337	0.0400	0.0555	0.0603	0.0488	0.0571	0.0598	0.0597	0.0685	0.0630	0.0706	0.0701	0.0643	0.0809	0.0898	0.0942	0.0923	0.0843	0.0800	0.0881	0.0985	0.1086	0.1087	0.0905	0.0977	0.1012	0.1164	0.1226	0.1178	0.1222	0.1258	0.1305	0.1258	0.1239	0.1321	0.1318	0.1279	0.1254	0.1256	0.1411	0.1426	0.1542	0.1660	0.1754	0.1812	0.2098	0.2260	0.3365	0.4206	0.5713	0.7136	0.6400	0.6015	0.4925	0.5441	0.5929	0.4559	0.4669	0.5586	0.5854	0.5289	0.4827	0.4264	0.4203	0.4046	0.3600	0.3646
0.0011	0.0025	0.0295	0.0303	0.0343	0.0398	0.0460	0.0506	0.0442	0.0496	0.0684	0.0685	0.0633	0.0645	0.0608	0.0742	0.0769	0.0741	0.0815	0.0768	0.0836	0.0811	0.0825	0.0917	0.0853	0.0884	0.0813	0.0885	0.0975	0.0916	0.0931	0.0974	0.0969	0.0985	0.1036	0.1023	0.1104	0.1162	0.1075	0.1111	0.1176	0.1197	0.1213	0.1404	0.1524	0.1430	0.1488	0.1691	0.1771	0.2028	0.2464	0.3960	0.6609	0.6611	0.5248	0.3704	0.5065	0.5762	0.3701	0.3153	0.4988	0.5559	0.5132	0.4889	0.4091	0.3980	0.3862	0.3688	0.3928
0.0040	0.0091	0.0235	0.0203	0.0302	0.0344	0.0344	0.0453	0.0387	0.0360	0.0469	0.0562	0.0493	0.0611	0.0654	0.0688	0.0749	0.0757	0.0662	0.0752	0.0653	0.0726	0.0686	0.0738	0.0747	0.0713	0.0693	0.0811	0.0837	0.0858	0.0752	0.0759	0.0818	0.0786	0.0814	0.0872	0.0943	0.1005	0.0946	0.0951	0.0932	0.0983	0.1024	0.1109	0.1169	0.1245	0.1275	0.1373	0.1496	0.1704	0.1894	0.2266	0.4403	0.5121	0.3493	0.2635	0.3605	0.4217	0.2860	0.3014	0.5241	0.5672	0.5364	0.4844	0.4099	0.4075	0.3917	0.4107	0.3800
0.0056	0.0066	0.0149	0.0148	0.0197	0.0249	0.0281	0.0367	0.0365	0.0403	0.0433	0.0418	0.0532	0.0539	0.0623	0.0637	0.0716	0.0589	0.0555	0.0593	0.0580	0.0513	0.0653	0.0699	0.0710	0.0710	0.0632	0.0593	0.0685	0.0647	0.0623	0.0660	0.0693	0.0610	0.0655	0.0692	0.0716	0.0663	0.0657	0.0703	0.0737	0.0744	0.0758	0.0862	0.0909	0.0948	0.1007	0.1113	0.1187	0.1238	0.1339	0.1545	0.1877	0.2067	0.1839	0.1903	0.2062	0.2423	0.2494	0.3039	0.5151	0.6050	0.5601	0.4804	0.4141	0.4222	0.4097	0.3987	0.3884
0.0011	0.0000	0.0085	0.0192	0.0199	0.0219	0.0203	0.0312	0.0445	0.0507	0.0366	0.0397	0.0409	0.0489	0.0530	0.0487	0.0489	0.0572	0.0564	0.0452	0.0586	0.0627	0.0534	0.0581	0.0636	0.0633	0.0581	0.0568	0.0665	0.0576	0.0574	0.0551	0.0587	0.0536	0.0566	0.0565	0.0582	0.0548	0.0548	0.0578	0.0589	0.0645	0.0628	0.0579	0.0688	0.0728	0.0821	0.0806	0.0844	0.0904	0.0961	0.1097	0.1163	0.1158	0.1299	0.1391	0.1489	0.1599	0.1882	0.2390	0.3858	0.5039	0.4326	0.4117	0.4614	0.4175	0.4358	0.3834	0.3544
0.0016	0.0000	0.0118	0.0100	0.0138	0.0252	0.0184	0.0204	0.0294	0.0414	0.0333	0.0326	0.0363	0.0398	0.0444	0.0512	0.0540	0.0513	0.0466	0.0497	0.0482	0.0517	0.0521	0.0520	0.0559	0.0552	0.0591	0.0560	0.0572	0.0567	0.0566	0.0517	0.0513	0.0561	0.0506	0.0520	0.0553	0.0475	0.0508	0.0608	0.0604	0.0554	0.0544	0.0526	0.0559	0.0616	0.0673	0.0648	0.0673	0.0696	0.0744	0.0767	0.0818	0.0864	0.1037	0.0960	0.1049	0.1054	0.1232	0.1537	0.1902	0.2434	0.2560	0.4062	0.4776	0.4396	0.4482	0.3901	0.3556
0.0000	0.0000	0.0000	0.0094	0.0094	0.0093	0.0162	0.0202	0.0180	0.0284	0.0220	0.0396	0.0344	0.0409	0.0450	0.0490	0.0526	0.0377	0.0402	0.0453	0.0483	0.0480	0.0478	0.0448	0.0547	0.0505	0.0529	0.0469	0.0447	0.0456	0.0449	0.0508	0.0431	0.0467	0.0424	0.0571	0.0500	0.0501	0.0504	0.0511	0.0521	0.0518	0.0544	0.0528	0.0534	0.0552	0.0560	0.0555	0.0584	0.0636	0.0639	0.0667	0.0674	0.0703	0.0754	0.0796	0.0717	0.0840	0.0843	0.0993	0.1181	0.1382	0.2106	0.3753	0.3734	0.3162	0.3661	0.3701	0.3257
0.0000	0.0021	0.0000	0.0081	0.0045	0.0000	0.0174	0.0271	0.0154	0.0210	0.0192	0.0199	0.0256	0.0278	0.0508	0.0362	0.0382	0.0312	0.0455	0.0463	0.0442	0.0448	0.0443	0.0418	0.0478	0.0523	0.0471	0.0462	0.0442	0.0482	0.0454	0.0474	0.0407	0.0477	0.0368	0.0451	0.0502	0.0460	0.0486	0.0461	0.0446	0.0498	0.0489	0.0520	0.0516	0.0481	0.0527	0.0505	0.0516	0.0528	0.0553	0.0626	0.0605	0.0578	0.0619	0.0689	0.0682	0.0681	0.0727	0.0768	0.0830	0.0874	0.0967	0.1483	0.1427	0.1824	0.3332	0.2813	0.2005
0.0000	0.0000	0.0000	0.0000	0.0000	0.0000	0.0037	0.0113	0.0080	0.0082	0.0244	0.0178	0.0220	0.0134	0.0218	0.0315	0.0367	0.0371	0.0320	0.0424	0.0408	0.0330	0.0324	0.0394	0.0380	0.0363	0.0391	0.0424	0.0425	0.0470	0.0353	0.0390	0.0439	0.0423	0.0383	0.0393	0.0331	0.0396	0.0402	0.0371	0.0400	0.0477	0.0439	0.0459	0.0462	0.0460	0.0485	0.0464	0.0493	0.0453	0.0542	0.0603	0.0509	0.0531	0.0607	0.0621	0.0577	0.0561	0.0642	0.0640	0.0698	0.0621	0.0678	0.0722	0.0832	0.0952	0.1422	0.1196	0.0881
0.0000	0.0000	0.0000	0.0021	0.0000	0.0060	0.0120	0.0111	0.0087	0.0044	0.0185	0.0392	0.0297	0.0216	0.0294	0.0320	0.0353	0.0349	0.0244	0.0360	0.0397	0.0387	0.0351	0.0303	0.0303	0.0333	0.0311	0.0346	0.0390	0.0449	0.0354	0.0398	0.0385	0.0397	0.0435	0.0357	0.0404	0.0392	0.0418	0.0353	0.0383	0.0372	0.0423	0.0403	0.0447	0.0457	0.0515	0.0510	0.0480	0.0507	0.0495	0.0518	0.0487	0.0566	0.0540	0.0566	0.0555	0.0524	0.0494	0.0557	0.0569	0.0540	0.0600	0.0620	0.0645	0.0595	0.0668	0.0618	0.0521
0.0058	0.0000	0.0000	0.0000	0.0004	0.0000	0.0020	0.0043	0.0112	0.0067	0.0169	0.0207	0.0217	0.0187	0.0209	0.0293	0.0298	0.0277	0.0259	0.0367	0.0296	0.0248	0.0259	0.0320	0.0275	0.0330	0.0282	0.0343	0.0304	0.0373	0.0353	0.0370	0.0362	0.0407	0.0381	0.0323	0.0391	0.0374	0.0408	0.0357	0.0374	0.0367	0.0420	0.0417	0.0445	0.0413	0.0466	0.0451	0.0461	0.0469	0.0410	0.0480	0.0550	0.0500	0.0465	0.0520	0.0540	0.0509	0.0484	0.0474	0.0502	0.0538	0.0537	0.0588	0.0519	0.0496	0.0625	0.0489	0.0394
0.0000	0.0000	0.0000	0.0000	0.0060	0.0091	0.0000	0.0000	0.0100	0.0052	0.0089	0.0032	0.0113	0.0171	0.0119	0.0178	0.0249	0.0184	0.0155	0.0157	0.0232	0.0205	0.0264	0.0342	0.0381	0.0371	0.0296	0.0271	0.0314	0.0301	0.0259	0.0313	0.0350	0.0353	0.0284	0.0270	0.0302	0.0314	0.0314	0.0337	0.0362	0.0414	0.0339	0.0356	0.0380	0.0387	0.0405	0.0382	0.0407	0.0369	0.0383	0.0467	0.0456	0.0453	0.0431	0.0488	0.0484	0.0444	0.0433	0.0477	0.0430	0.0466	0.0524	0.0538	0.0525	0.0437	0.0438	0.0404	0.0361
0.0000	0.0000	0.0000	0.0000	0.0000	0.0000	0.0066	0.0000	0.0096	0.0042	0.0147	0.0110	0.0049	0.0037	0.0225	0.0112	0.0100	0.0065	0.0168	0.0221	0.0263	0.0198	0.0231	0.0292	0.0436	0.0247	0.0305	0.0298	0.0378	0.0304	0.0366	0.0304	0.0257	0.0276	0.0321	0.0250	0.0343	0.0358	0.0345	0.0387	0.0365	0.0397	0.0345	0.0371	0.0380	0.0381	0.0437	0.0387	0.0434	0.0390	0.0439	0.0424	0.0445	0.0491	0.0511	0.0512	0.0395	0.0448	0.0408	0.0518	0.0491	0.0529	0.0479	0.0525	0.0528	0.0566	0.0539	0.0405	0.0420
