0.0000	0.0000	0.0000	0.0079	0.0112	0.0026	0.0072	0.0179	0.0157	0.0119	0.0152	0.0217	0.0270	0.0246	0.0253	0.0327	0.0309	0.0338	0.0262	0.0417	0.0461	0.0345	0.0426	0.0671	0.0687	0.0661	0.0658	0.0599	0.0459	0.0546	0.0599	0.0636	0.0683	0.0777	0.0679	0.0755	0.0811	0.0760	0.0975	0.0668	0.0694	0.0895	0.1033	0.0827	0.0848	0.0935	0.0903	0.0809	0.0787	0.1181	0.0982	0.0926	0.0919	0.0823	0.0828	0.0836	0.0914	0.0759	0.0773	0.0779	0.0709	0.0545	0.0499	0.0521	0.0566	0.0468	0.0557	0.0504	0.0402
0.0000	0.0000	0.0057	0.0187	0.0003	0.0000	0.0123	0.0257	0.0238	0.0152	0.0297	0.0365	0.0309	0.0414	0.0298	0.0368	0.0450	0.0512	0.0423	0.0400	0.0502	0.0521	0.0549	0.0571	0.0642	0.0546	0.0443	0.0558	0.0580	0.0615	0.0836	0.0742	0.0712	0.0673	0.0802	0.0758	0.0879	0.0731	0.1009	0.0963	0.0925	0.1007	0.1073	0.1009	0.0897	0.0920	0.0961	0.0992	0.0965	0.1035	0.1266	0.1097	0.0807	0.0970	0.1031	0.0984	0.0909	0.0922	0.0846	0.0892	0.0847	0.0789	0.0731	0.0681	0.0654	0.0579	0.0631	0.0544	0.0542
0.0000	0.0000	0.0000	0.0120	0.0113	0.0000	0.0100	0.0207	0.0202	0.0124	0.0394	0.0339	0.0442	0.0583	0.0376	0.0456	0.0456	0.0467	0.0716	0.0470	0.0548	0.0591	0.0484	0.0564	0.0609	0.0694	0.0675	0.0561	0.0556	0.0681	0.0817	0.0662	0.0806	0.0998	0.0832	0.0929	0.0972	0.0924	0.1212	0.0947	0.0876	0.0914	0.0887	0.0977	0.0956	0.1005	0.1001	0.1135	0.1168	0.1067	0.1291	0.1181	0.1122	0.1231	0.1139	0.1113	0.1051	0.1060	0.0897	0.0939	0.1050	0.0927	0.0738	0.0739	0.0760	0.0686	0.0636	0.0648	0.0619
0.0000	0.0073	0.0012	0.0045	0.0000	0.0131	0.0190	0.0276	0.0140	0.0236	0.0419	0.0578	0.0480	0.0463	0.0318	0.0467	0.0518	0.0577	0.0550	0.0497	0.0662	0.0623	0.0472	0.0535	0.0695	0.0802	0.0739	0.0659	0.0674	0.0655	0.0734	0.0785	0.0733	0.1016	0.1064	0.0873	0.0842	0.0899	0.1094	0.0969	0.1048	0.0949	0.0940	0.0985	0.1043	0.1013	0.0978	0.1065	0.1187	0.1204	0.1399	0.1314	0.1309	0.1181	0.1315	0.1164	0.1106	0.1204	0.1028	0.0840	0.1036	0.1025	0.0918	0.0932	0.0831	0.0808	0.0663	0.0691	0.0694
0.0000	0.0029	0.0134	0.0041	0.0105	0.0253	0.0190	0.0164	0.0247	0.0278	0.0311	0.0407	0.0379	0.0392	0.0298	0.0492	0.0459	0.0523	0.0558	0.0605	0.0563	0.0528	0.0591	0.0683	0.0676	0.0661	0.0647	0.0618	0.0693	0.0657	0.0851	0.0829	0.0891	0.0898	0.0968	0.0861	0.0945	0.0986	0.1046	0.0949	0.1008	0.1028	0.0986	0.1061	0.1015	0.1238	0.1313	0.1277	0.1054	0.1296	0.1382	0.1288	0.1451	0.1324	0.1269	0.1355	0.1166	0.1194	0.1205	0.1141	0.1166	0.1271	0.1335	0.1028	0.0927	0.0894	0.0880	0.0825	0.0781
0.0000	0.0000	0.0099	0.0179	0.0153	0.0083	0.0156	0.0186	0.0324	0.0324	0.0330	0.0408	0.0477	0.0470	0.0539	0.0788	0.0642	0.0556	0.0461	0.0657	0.0773	0.0790	0.0700	0.0767	0.0848	0.0784	0.0696	0.0589	0.0794	0.0852	0.0846	0.0760	0.0955	0.1060	0.1177	0.0876	0.0995	0.1037	0.1004	0.0965	0.1016	0.1178	0.1125	0.1059	0.1213	0.1292	0.1307	0.1424	0.1266	0.1447	0.1526	0.1438	0.1403	0.1471	0.1388	0.1678	0.1427	0.1371	0.1603	0.1848	0.1709	0.1838	0.1697	0.1469	0.1119	0.0985	0.1128	0.1104	0.0945
0.0000	0.0000	0.0014	0.0118	0.0038	0.0190	0.0249	0.0379	0.0433	0.0360	0.0353	0.0401	0.0487	0.0424	0.0526	0.0579	0.0716	0.0631	0.0547	0.0542	0.0869	0.0903	0.0721	0.0598	0.0849	0.1045	0.0764	0.0804	0.0977	0.0868	0.0825	0.0749	0.0937	0.1203	0.1088	0.1009	0.1044	0.1136	0.1216	0.1180	0.1074	0.1215	0.1269	0.1242	0.1283	0.1370	0.1330	0.1630	0.1447	0.1617	0.1764	0.1741	0.1661	0.1577	0.1846	0.2123	0.2331	0.2837	0.3198	0.3411	0.3232	0.3553	0.3126	0.2536	0.2193	0.1421	0.1359	0.1289	0.1371
0.0066	0.0124	0.0249	0.0270	0.0219	0.0177	0.0349	0.0524	0.0413	0.0428	0.0450	0.0517	0.0550	0.0407	0.0567	0.0701	0.0724	0.0656	0.0801	0.0703	0.0877	0.0931	0.0768	0.0735	0.0862	0.1021	0.0915	0.0866	0.1021	0.0881	0.0847	0.0762	0.1052	0.1126	0.1162	0.1042	0.1364	0.1413	0.1366	0.1232	0.1196	0.1369	0.1414	0.1407	0.1497	0.1621	0.1725	0.1735	0.1732	0.1854	0.1966	0.2003	0.2063	0.1946	0.2214	0.2635	0.3028	0.4513	0.4804	0.4723	0.4434	0.4206	0.4239	0.3719	0.3755	0.2288	0.2252	0.2116	0.2214
0.0000	0.0137	0.0212	0.0153	0.0367	0.0282	0.0361	0.0369	0.0521	0.0496	0.0526	0.0514	0.0677	0.0664	0.0563	0.0728	0.0793	0.0933	0.1006	0.0934	0.0994	0.0950	0.0910	0.0903	0.0970	0.0901	0.0908	0.0769	0.1060	0.0990	0.1071	0.0980	0.1186	0.1155	0.1276	0.1163	0.1296	0.1463	0.1431	0.1617	0.1297	0.1330	0.1715	0.1808	0.1918	0.1874	0.2057	0.2055	0.2368	0.2490	0.2783	0.2942	0.3298	0.3234	0.3121	0.3376	0.3828	0.4996	0.5101	0.4533	0.4630	0.4124	0.3894	0.3915	0.3926	0.3132	0.3394	0.3370	0.2929
0.0025	0.0129	0.0215	0.0228	0.0341	0.0311	0.0419	0.0555	0.0586	0.0458	0.0539	0.0584	0.0642	0.0520	0.0692	0.0816	0.0790	0.0851	0.1009	0.0972	0.1161	0.1013	0.0867	0.1062	0.0970	0.0802	0.0887	0.0916	0.0938	0.1029	0.1132	0.1161	0.1066	0.1275	0.1353	0.1316	0.1437	0.1569	0.1747	0.1844	0.1666	0.1582	0.1906	0.2021	0.2169	0.2498	0.2884	0.2823	0.2896	0.3338	0.3809	0.4545	0.5959	0.4976	0.4834	0.4603	0.5036	0.5348	0.4769	0.4295	0.4482	0.4524	0.4077	0.4238	0.4195	0.3629	0.3399	0.3821	0.3552
0.0059	0.0241	0.0276	0.0337	0.0272	0.0446	0.0498	0.0554	0.0525	0.0556	0.0553	0.0575	0.0757	0.0811	0.0782	0.1015	0.0987	0.1050	0.1017	0.1060	0.1097	0.1022	0.1056	0.1014	0.1237	0.1135	0.1161	0.1099	0.1097	0.1196	0.1191	0.1292	0.1226	0.1429	0.1682	0.1540	0.1821	0.1897	0.2100	0.2138	0.2217	0.2437	0.2559	0.2741	0.3100	0.4317	0.5168	0.4131	0.3918	0.5312	0.6411	0.7192	0.6653	0.5734	0.5551	0.5870	0.5762	0.5373	0.4691	0.4523	0.4440	0.3852	0.3979	0.4385	0.4198	0.3256	0.3348	0.3394	0.3284
0.0000	0.0275	0.0294	0.0421	0.0338	0.0422	0.0464	0.0784	0.0643	0.0644	0.0614	0.0702	0.0675	0.0676	0.0738	0.0826	0.1091	0.1130	0.1136	0.1089	0.1091	0.1022	0.1147	0.1229	0.1312	0.1247	0.1311	0.1430	0.1382	0.1347	0.1372	0.1489	0.1550	0.1612	0.1869	0.1666	0.2186	0.2546	0.2700	0.2868	0.2943	0.3093	0.3427	0.3739	0.4602	0.7226	0.7650	0.6298	0.5143	0.7051	0.7560	0.7209	0.6777	0.6447	0.5661	0.6242	0.5786	0.5352	0.4934	0.4710	0.4621	0.4085	0.3712	0.4148	0.4306	0.3709	0.3245	0.3245	0.3220
0.0210	0.0281	0.0421	0.0394	0.0399	0.0253	0.0365	0.0838	0.0822	0.0707	0.0806	0.0862	0.0897	0.0703	0.0797	0.0959	0.1060	0.1177	0.1061	0.1230	0.1262	0.1224	0.1362	0.1529	0.1519	0.1467	0.1455	0.1469	0.1592	0.1569	0.1647	0.1849	0.1926	0.2139	0.2550	0.2560	0.2883	0.3257	0.3615	0.3720	0.3695	0.3794	0.4546	0.5465	0.6048	0.7210	0.8171	0.7559	0.7048	0.7689	0.7459	0.7012	0.6549	0.6555	0.6153	0.5886	0.5789	0.5228	0.5073	0.4526	0.4494	0.4446	0.4091	0.4445	0.4477	0.3953	0.3482	0.3858	0.3439
0.0273	0.0257	0.0345	0.0434	0.0465	0.0540	0.0508	0.0661	0.0803	0.0850	0.0860	0.0894	0.1011	0.1000	0.0900	0.1132	0.1294	0.1279	0.1267	0.1466	0.1579	0.1574	0.1671	0.1709	0.1924	0.1843	0.1785	0.1941	0.2038	0.2039	0.2220	0.2400	0.2594	0.2799	0.3219	0.3450	0.4621	0.6091	0.6820	0.5932	0.4839	0.4923	0.6865	0.8118	0.8093	0.7837	0.7882	0.7652	0.7355	0.7402	0.7570	0.7233	0.6453	0.5967	0.5979	0.5755	0.5465	0.5173	0.4869	0.4642	0.4260	0.4242	0.4284	0.4195	0.4143	0.3788	0.3817	0.3521	0.3459
0.0209	0.0321	0.0517	0.0525	0.0477	0.0498	0.0743	0.1013	0.1213	0.0922	0.0973	0.1152	0.1238	0.1112	0.1237	0.1346	0.1704	0.1688	0.1686	0.1597	0.1780	0.1956	0.2009	0.2267	0.2271	0.2246	0.2217	0.2273	0.2323	0.2617	0.2728	0.3004	0.3355	0.3752	0.3992	0.5023	0.7896	0.9003	0.8959	0.8144	0.7394	0.7136	0.8259	0.7984	0.7608	0.7322	0.6809	0.7394	0.7723	0.7087	0.7078	0.6656	0.6471	0.5205	0.5463	0.5524	0.5767	0.5370	0.4660	0.5089	0.4516	0.4152	0.4414	0.4090	0.3957	0.3737	0.3819	0.3616	0.3704
0.0197	0.0349	0.0572	0.0709	0.0688	0.0889	0.0887	0.1209	0.1575	0.1440	0.1580	0.1734	0.1801	0.1971	0.2365	0.2211	0.2259	0.2195	0.2209	0.2333	0.2250	0.2444	0.2334	0.2578	0.2541	0.2611	0.2518	0.2453	0.2807	0.2896	0.2903	0.3364	0.3843	0.4301	0.5135	0.6425	0.8975	0.9320	0.8593	0.8130	0.8138	0.7604	0.7810	0.7610	0.7292	0.7446	0.6801	0.6752	0.7053	0.7056	0.6652	0.6808	0.6265	0.5284	0.5432	0.5881	0.5468	0.5230	0.4982	0.5178	0.4661	0.4342	0.4351	0.4176	0.3843	0.3737	0.3605	0.3693	0.3592
0.0448	0.0516	0.0701	0.0918	0.0898	0.1375	0.1815	0.1892	0.2526	0.3183	0.3679	0.4321	0.4564	0.4208	0.4704	0.4461	0.3798	0.3722	0.3686	0.3251	0.3387	0.3638	0.4097	0.3459	0.3091	0.2746	0.2826	0.2959	0.2976	0.3169	0.3431	0.4006	0.4414	0.5522	0.7958	0.9137	0.9221	0.9171	0.8698	0.7523	0.7257	0.7248	0.7741	0.7709	0.6776	0.6580	0.6786	0.6853	0.6628	0.7181	0.7009	0.6900	0.6082	0.5651	0.5743	0.5794	0.5068	0.5017	0.4994	0.4882	0.4691	0.4203	0.4296	0.4415	0.4111	0.3503	0.3566	0.3651	0.3355
0.0732	0.1011	0.1199	0.1581	0.2036	0.2893	0.3809	0.4555	0.5146	0.4615	0.5832	0.5783	0.6010	0.5901	0.6102	0.6597	0.6480	0.6182	0.6430	0.5716	0.5794	0.7339	0.7802	0.6447	0.4829	0.2964	0.3046	0.3226	0.3093	0.3612	0.4121	0.4480	0.5066	0.7851	1.0000	0.9266	0.8798	0.7882	0.7263	0.7042	0.6560	0.6165	0.6682	0.6706	0.6285	0.5877	0.6503	0.6697	0.7121	0.6881	0.6498	0.6738	0.6435	0.5553	0.5542	0.5314	0.4912	0.4930	0.4915	0.4820	0.4571	0.4269	0.4219	0.4103	0.3858	0.3131	0.3275	0.3570	0.3223
0.1021	0.1391	0.2054	0.3107	0.3869	0.4397	0.5050	0.4777	0.5378	0.4736	0.4533	0.5110	0.5501	0.5584	0.6144	0.7279	0.7563	0.7667	0.7610	0.7591	0.7901	0.8252	0.8300	0.8139	0.7091	0.4208	0.4076	0.3671	0.3788	0.4355	0.4969	0.5586	0.5713	0.8794	0.9414	0.8629	0.7450	0.6864	0.6445	0.6555	0.5987	0.5604	0.6189	0.6140	0.5955	0.5923	0.5892	0.6173	0.6566	0.7094	0.6650	0.6467	0.6268	0.5760	0.5743	0.5084	0.4592	0.4626	0.4544	0.4545	0.4661	0.4240	0.4144	0.3786	0.3450	0.3155	0.3443	0.3330	0.3227
0.1600	0.2182	0.2684	0.3108	0.3658	0.3542	0.3733	0.3727	0.3872	0.3917	0.4187	0.4671	0.5206	0.5197	0.5566	0.6030	0.6743	0.7604	0.7260	0.7392	0.7630	0.7962	0.7887	0.8276	0.7993	0.7021	0.7009	0.6223	0.5580	0.6091	0.7547	0.7740	0.6003	0.8266	0.8577	0.7855	0.6649	0.6073	0.5697	0.5767	0.5807	0.5739	0.5947	0.5735	0.5740	0.5567	0.5633	0.5920	0.6249	0.6361	0.6132	0.6126	0.5648	0.5632	0.5818	0.5363	0.4842	0.4610	0.4313	0.4271	0.4250	0.4199	0.4055	0.3768	0.3751	0.3340	0.3379	0.3392	0.3176
0.1583	0.2262	0.2448	0.2602	0.2763	0.2996	0.2942	0.3177	0.3414	0.3656	0.3902	0.4310	0.4999	0.5182	0.5103	0.5550	0.6090	0.6973	0.6835	0.6648	0.6943	0.6988	0.6990	0.7554	0.6965	0.7586	0.7794	0.8445	0.8023	0.7437	0.8535	0.8480	0.7652	0.8124	0.7246	0.6550	0.5858	0.5831	0.5773	0.5673	0.5639	0.5424	0.5467	0.5687	0.5540	0.5298	0.5468	0.5799	0.5895	0.6040	0.6339	0.5880	0.5126	0.5425	0.5412	0.5093	0.4883	0.4524	0.4462	0.4430	0.4115	0.3999	0.3816	0.3631	0.3972	0.3438	0.3501	0.3693	0.3201
0.1492	0.2047	0.2319	0.2237	0.2256	0.2497	0.2730	0.2883	0.3340	0.3808	0.3633	0.3877	0.4745	0.5502	0.5338	0.5390	0.6466	0.6708	0.6692	0.6815	0.6784	0.6768	0.6716	0.6423	0.6501	0.6426	0.6678	0.7216	0.7472	0.7132	0.7074	0.7247	0.7144	0.6641	0.6332	0.5962	0.5484	0.5666	0.5878	0.5640	0.6029	0.5843	0.5571	0.5585	0.5689	0.5695	0.5511	0.5715	0.5425	0.5784	0.6114	0.5798	0.5259	0.5116	0.5201	0.5002	0.4986	0.4758	0.4418	0.4549	0.4267	0.3996	0.3851	0.3500	0.3668	0.3416	0.3212	0.3588	0.3134
0.1253	0.1668	0.2000	0.2188	0.2113	0.2096	0.2653	0.3078	0.3278	0.3453	0.3724	0.4248	0.4811	0.5717	0.5469	0.5972	0.6808	0.6348	0.6413	0.6130	0.6378	0.7070	0.6552	0.6126	0.6058	0.5861	0.6323	0.6705	0.6343	0.6242	0.6372	0.6080	0.6192	0.5907	0.5724	0.5735	0.5975	0.5914	0.5949	0.5683	0.5881	0.5474	0.5681	0.5714	0.5860	0.5947	0.5559	0.5733	0.5650	0.5833	0.5939	0.5749	0.5571	0.5250	0.5203	0.5255	0.4909	0.4624	0.4251	0.4536	0.4057	0.3895	0.3951	0.3577	0.3566	0.3455	0.3360	0.3181	0.3123
0.1317	0.1779	0.1923	0.2084	0.2262	0.2230	0.2793	0.3109	0.3238	0.3037	0.3432	0.4216	0.4480	0.5211	0.5284	0.6050	0.6223	0.6220	0.6509	0.6206	0.6143	0.6436	0.5633	0.5507	0.5982	0.5317	0.5556	0.5853	0.5946	0.5597	0.5566	0.5882	0.5761	0.5755	0.5756	0.5564	0.5793	0.5667	0.5825	0.5663	0.5638	0.5609	0.5538	0.5729	0.5910	0.5755	0.5932	0.5546	0.5558	0.5922	0.5539	0.5391	0.5619	0.5143	0.5144	0.5207	0.4961	0.4789	0.4477	0.4650	0.4151	0.3859	0.3801	0.3649	0.3348	0.3367	0.3123	0.3111	0.3043
0.1528	0.1668	0.1821	0.1989	0.2175	0.2370	0.2588	0.3022	0.3277	0.3149	0.3652	0.3988	0.4437	0.4622	0.5018	0.5235	0.5732	0.5865	0.6049	0.5977	0.5416	0.5569	0.5182	0.5338	0.5289	0.5012	0.5308	0.5512	0.5629	0.5587	0.5621	0.5726	0.5687	0.5831	0.5745	0.5609	0.5713	0.5518	0.5924	0.5640	0.5871	0.5941	0.5658	0.5449	0.5871	0.5764	0.5565	0.5434	0.5681	0.5905	0.5608	0.5276	0.5443	0.4835	0.4816	0.4756	0.4861	0.4802	0.4531	0.4431	0.4199	0.3615	0.3926	0.3526	0.3766	0.3455	0.2932	0.3053	0.2918
0.1521	0.1656	0.1965	0.2202	0.2302	0.2499	0.2783	0.2970	0.3101	0.3306	0.3597	0.3839	0.4433	0.4462	0.4679	0.4879	0.5088	0.5420	0.5174	0.5273	0.5576	0.5030	0.4707	0.5101	0.5369	0.5335	0.5491	0.5821	0.5684	0.5631	0.6103	0.5715	0.5797	0.5674	0.5557	0.5890	0.5951	0.5558	0.6141	0.5755	0.5867	0.6019	0.5747	0.5662	0.5442	0.5705	0.5774	0.5774	0.6077	0.5609	0.5697	0.5293	0.5133	0.4800	0.5031	0.4828	0.4961	0.4719	0.4485	0.4178	0.4305	0.3805	0.3753	0.3471	0.3591	0.3316	0.3152	0.3126	0.3022
0.1560	0.1733	0.2170	0.2328	0.2317	0.2450	0.2762	0.2955	0.2966	0.3140	0.3563	0.3707	0.3741	0.4342	0.4762	0.4635	0.4531	0.4566	0.5210	0.5265	0.5083	0.4953	0.4958	0.5172	0.5192	0.5179	0.5338	0.5283	0.5553	0.5854	0.6175	0.5677	0.5945	0.5873	0.5447	0.5852	0.5629	0.5620	0.6098	0.6072	0.6018	0.5629	0.5608	0.5728	0.5579	0.5421	0.5423	0.5441	0.5683	0.5776	0.5530	0.5637	0.5217	0.4909	0.4825	0.4803	0.4456	0.4641	0.4335	0.4326	0.4105	0.3875	0.3896	0.3486	0.3528	0.3372	0.3266	0.3147	0.3106
0.1584	0.1841	0.2005	0.2142	0.2144	0.2514	0.2984	0.2787	0.2965	0.3206	0.3547	0.3756	0.3918	0.4015	0.4428	0.4572	0.4345	0.4514	0.4709	0.5334	0.4947	0.4961	0.5045	0.5181	0.5034	0.5098	0.5297	0.5575	0.5591	0.5550	0.5752	0.5903	0.5701	0.5654	0.5399	0.5858	0.5638	0.5505	0.5784	0.6017	0.5809	0.5751	0.5572	0.5472	0.5707	0.5528	0.5478	0.5655	0.5616	0.5247	0.5853	0.5697	0.5838	0.5278	0.4863	0.4969	0.4900	0.4465	0.4232	0.4494	0.4372	0.4284	0.4137	0.3752	0.3743	0.3314	0.3062	0.3128	0.3205
0.1758	0.1722	0.1704	0.1892	0.2242	0.2474	0.3020	0.2993	0.3052	0.3062	0.3350	0.3618	0.3804	0.3996	0.4126	0.4335	0.4383	0.4820	0.5126	0.5144	0.5332	0.4831	0.4929	0.5472	0.5408	0.5113	0.5426	0.5796	0.5673	0.5538	0.5772	0.5941	0.6103	0.5797	0.5675	0.5866	0.5918	0.5842	0.5690	0.5869	0.5815	0.5733	0.5608	0.5615	0.5734	0.5391	0.5454	0.5510	0.5508	0.5439	0.5681	0.5524	0.5434	0.5219	0.5347	0.4872	0.4830	0.4715	0.4441	0.4512	0.4236	0.4022	0.3984	0.3871	0.3903	0.3603	0.3132	0.3042	0.2883
0.1592	0.1727	0.1912	0.2273	0.2529	0.2642	0.2766	0.2903	0.3086	0.3101	0.3330	0.3688	0.3688	0.3778	0.3939	0.4012	0.4470	0.5025	0.5421	0.5174	0.4839	0.4838	0.4948	0.5299	0.5092	0.5106	0.5014	0.5679	0.6081	0.5891	0.5594	0.5809	0.6365	0.5727	0.5704	0.5821	0.5900	0.6007	0.5996	0.5849	0.5850	0.6077	0.5660	0.5747	0.5881	0.5403	0.5441	0.5517	0.5379	0.5583	0.5618	0.5705	0.5365	0.4898	0.5092	0.5330	0.4747	0.4642	0.4413	0.4603	0.4358	0.4108	0.3918	0.3797	0.3882	0.3577	0.3253	0.3418	0.3149
0.1518	0.1797	0.2020	0.2337	0.2448	0.2868	0.2881	0.3047	0.3338	0.3413	0.3325	0.3742	0.3598	0.3611	0.3898	0.4099	0.4834	0.4772	0.4804	0.4888	0.4836	0.5146	0.5053	0.5157	0.5064	0.4903	0.4912	0.5399	0.5523	0.5493	0.5506	0.6009	0.6212	0.5826	0.6273	0.6183	0.6050	0.5783	0.5605	0.5830	0.5635	0.6132	0.6065	0.6035	0.5467	0.5324	0.5770	0.5581	0.5493	0.6007	0.5952	0.5873	0.5893	0.5590	0.5246	0.5075	0.5323	0.5295	0.4560	0.4762	0.4484	0.4272	0.4066	0.3762	0.3951	0.3635	0.3349	0.3253	0.3043
0.1507	0.1611	0.1769	0.2182	0.2421	0.2723	0.2944	0.2993	0.3315	0.3338	0.3335	0.3388	0.3306	0.3605	0.3937	0.4678	0.4874	0.4937	0.4910	0.4877	0.5123	0.5084	0.4732	0.5126	0.5379	0.5509	0.5065	0.5743	0.6074	0.5583	0.5745	0.5989	0.6079	0.5774	0.6291	0.6172	0.5853	0.5868	0.5945	0.5848	0.5721	0.5805	0.6149	0.5634	0.5690	0.5658	0.5629	0.6053	0.5565	0.6032	0.6361	0.5789	0.5789	0.5562	0.5459	0.5313	0.5170	0.5308	0.4838	0.4677	0.4667	0.4340	0.4716	0.4295	0.3873	0.3722	0.3613	0.3584	0.3315
0.1582	0.1651	0.1977	0.2193	0.2428	0.2887	0.2705	0.2820	0.2958	0.3257	0.3011	0.3685	0.3722	0.3925	0.4361	0.4799	0.5226	0.5063	0.4980	0.5205	0.5080	0.5047	0.5171	0.5432	0.5618	0.5542	0.5454	0.6054	0.6328	0.5780	0.5901	0.6118	0.6001	0.6137	0.6452	0.6395	0.6285	0.6099	0.6088	0.5568	0.6047	0.6084	0.6167	0.5909	0.5865	0.5627	0.5838	0.6095	0.6298	0.6125	0.6139	0.5886	0.5972	0.5599	0.5304	0.5262	0.5430	0.5335	0.4679	0.4588	0.4644	0.4514	0.4541	0.3917	0.3876	0.3741	0.3632	0.3453	0.3361
0.1508	0.1552	0.2157	0.2393	0.2390	0.2667	0.2858	0.3113	0.3174	0.3401	0.3406	0.3640	0.3900	0.4127	0.4773	0.5591	0.5528	0.5539	0.5557	0.5757	0.5700	0.5227	0.5598	0.5456	0.5772	0.5930	0.5727	0.6259	0.6557	0.6549	0.6824	0.6348	0.6348	0.6426	0.6278	0.6211	0.6279	0.6296	0.6388	0.6070	0.6185	0.6159	0.6202	0.6012	0.5833	0.5849	0.6181	0.5927	0.6133	0.6382	0.6199	0.5877	0.5598	0.5407	0.5622	0.5506	0.5521	0.5332	0.4851	0.4830	0.5070	0.4466	0.4402	0.4564	0.4026	0.3851	0.3972	0.3805	0.3771
0.1508	0.1637	0.1920	0.2307	0.2439	0.2542	0.2880	0.3089	0.3049	0.3181	0.3515	0.3816	0.4501	0.5001	0.5329	0.5960	0.5935	0.6199	0.6079	0.6316	0.6355	0.5873	0.5832	0.5939	0.6393	0.6553	0.6318	0.6552	0.6928	0.7234	0.6927	0.6966	0.7040	0.6438	0.6818	0.6131	0.6031	0.6190	0.6268	0.6075	0.6055	0.6065	0.5721	0.5671	0.5834	0.5895	0.5690	0.6008	0.5631	0.6341	0.6230	0.5908	0.5844	0.5787	0.5756	0.5492	0.5685	0.5331	0.5147	0.5183	0.5105	0.4462	0.4532	0.4460	0.4418	0.4008	0.3945	0.4033	0.3681
0.1564	0.1888	0.2072	0.2222	0.2389	0.2765	0.3142	0.3166	0.3252	0.3420	0.3828	0.4280	0.4854	0.5524	0.5792	0.5957	0.5876	0.6431	0.6410	0.6740	0.6437	0.6726	0.6144	0.6230	0.6626	0.6579	0.6471	0.7029	0.7824	0.7760	0.7737	0.7932	0.8017	0.7575	0.7072	0.6369	0.6052	0.6096	0.5815	0.5724	0.6027	0.5899	0.5981	0.5738	0.5528	0.5851	0.6200	0.6286	0.6223	0.6379	0.6372	0.5992	0.5739	0.5620	0.5591	0.5741	0.5570	0.5386	0.5223	0.5153	0.5179	0.4830	0.4869	0.4829	0.4480	0.4322	0.4186	0.4316	0.3919
0.1733	0.2097	0.2311	0.2291	0.2514	0.2823	0.3006	0.3408	0.3623	0.3878	0.3949	0.4419	0.5010	0.5437	0.5602	0.5891	0.5951	0.6559	0.6843	0.7079	0.7166	0.7228	0.6734	0.7061	0.6781	0.7222	0.6806	0.7450	0.8174	0.8691	0.8572	0.8484	0.7340	0.7862	0.7657	0.6674	0.6223	0.6162	0.5721	0.5706	0.5935	0.5982	0.5768	0.5981	0.5849	0.5493	0.5772	0.5868	0.6429	0.6386	0.6089	0.6113	0.5667	0.5481	0.5549	0.5739	0.5799	0.5597	0.5545	0.5216	0.5105	0.4962	0.4975	0.4934	0.4873	0.4531	0.4460	0.4367	0.4214
0.1987	0.2342	0.2538	0.2587	0.2783	0.2956	0.3357	0.3681	0.3770	0.3792	0.4242	0.4673	0.5034	0.5374	0.5928	0.5962	0.6498	0.7518	0.7772	0.7704	0.7421	0.7804	0.7835	0.7952	0.8127	0.8573	0.8139	0.8082	0.8123	0.7613	0.6745	0.5998	0.5113	0.5824	0.8098	0.7924	0.7099	0.6375	0.6200	0.5886	0.5901	0.5555	0.5773	0.5863	0.5822	0.5693	0.5870	0.6054	0.6174	0.6095	0.6085	0.6465	0.6212	0.6437	0.5920	0.5907	0.6191	0.5913	0.5900	0.5455	0.5596	0.5489	0.5462	0.5361	0.5265	0.4718	0.5124	0.4940	0.4878
0.2170	0.3100	0.3402	0.3695	0.3556	0.3699	0.3710	0.4124	0.4122	0.4335	0.4896	0.5058	0.5421	0.5934	0.6296	0.6748	0.7778	0.7994	0.8133	0.8346	0.7957	0.8173	0.8373	0.8183	0.8298	0.7526	0.6643	0.6079	0.5062	0.4099	0.3629	0.3637	0.3945	0.4270	0.6197	0.8516	0.8202	0.7108	0.6642	0.6236	0.6078	0.6003	0.5923	0.6195	0.5989	0.5765	0.5658	0.5750	0.6085	0.6311	0.6611	0.6722	0.6693	0.6584	0.6052	0.6075	0.6168	0.5904	0.5548	0.5758	0.6267	0.6088	0.6302	0.5904	0.5312	0.5090	0.4838	0.5087	0.4891
0.1276	0.2525	0.3837	0.5003	0.5095	0.5344	0.5399	0.5473	0.5387	0.5505	0.5538	0.5806	0.6264	0.6766	0.7549	0.7766	0.8037	0.8782	0.8562	0.8682	0.8045	0.8316	0.8058	0.7263	0.5765	0.3792	0.3083	0.2869	0.2899	0.2958	0.3074	0.3163	0.3481	0.4038	0.4506	0.6710	0.8832	0.7943	0.7393	0.6597	0.6053	0.6475	0.6471	0.6527	0.6270	0.5953	0.6130	0.6404	0.6446	0.6675	0.7080	0.6824	0.7098	0.7134	0.6359	0.6191	0.6000	0.6048	0.6388	0.6462	0.6610	0.6459	0.6411	0.6058	0.5767	0.5270	0.5299	0.5420	0.4799
0.0515	0.0952	0.1724	0.2840	0.3531	0.4503	0.5446	0.5473	0.5662	0.6345	0.6605	0.6322	0.6635	0.6657	0.7431	0.8197	0.7601	0.7846	0.7388	0.7088	0.6430	0.5479	0.4363	0.3775	0.2976	0.2371	0.2424	0.2367	0.2784	0.2874	0.2900	0.3050	0.3120	0.3472	0.4081	0.4874	0.7178	0.8784	0.7924	0.7008	0.6996	0.6396	0.6875	0.6657	0.6326	0.6079	0.6457	0.6608	0.6773	0.7099	0.6790	0.7022	0.7090	0.6847	0.6415	0.6539	0.6835	0.6516	0.6371	0.6461	0.6570	0.6532	0.6539	0.6132	0.6145	0.5646	0.5444	0.5547	0.5235
0.0203	0.0428	0.0622	0.0790	0.1115	0.1674	0.2119	0.2902	0.3471	0.3786	0.4109	0.4297	0.4485	0.4140	0.4263	0.4293	0.3528	0.3463	0.3241	0.2609	0.2464	0.2123	0.2067	0.2127	0.2291	0.2073	0.2237	0.2310	0.2532	0.2591	0.2653	0.2755	0.2866	0.3211	0.3657	0.4426	0.5434	0.8222	0.9097	0.8480	0.8134	0.7412	0.7424	0.7168	0.6984	0.7043	0.7344	0.7445	0.6932	0.7096	0.7463	0.7397	0.7245	0.7023	0.6578	0.6570	0.6872	0.6729	0.6176	0.6272	0.6322	0.6040	0.6391	0.6277	0.6391	0.6160	0.5780	0.5494	0.5291
0.0149	0.0292	0.0567	0.0662	0.0540	0.0546	0.0772	0.0987	0.1126	0.1364	0.1508	0.1445	0.1645	0.1527	0.1582	0.1675	0.1711	0.1762	0.1639	0.1638	0.1824	0.1790	0.1796	0.1918	0.2059	0.1909	0.1905	0.2002	0.2243	0.2336	0.2326	0.2364	0.2530	0.2920	0.3116	0.3422	0.4110	0.6234	0.8423	0.8739	0.9149	0.8221	0.8146	0.7962	0.7618	0.7521	0.7526	0.7789	0.7184	0.7462	0.7298	0.7196	0.7036	0.6883	0.6876	0.6900	0.6853	0.7133	0.6650	0.6660	0.6411	0.5841	0.6371	0.6327	0.5993	0.6321	0.6267	0.5682	0.4719
0.0162	0.0297	0.0318	0.0431	0.0588	0.0577	0.0690	0.0847	0.0793	0.0833	0.0909	0.0869	0.1042	0.1003	0.1026	0.1116	0.1273	0.1320	0.1212	0.1275	0.1457	0.1324	0.1457	0.1598	0.1691	0.1582	0.1558	0.1681	0.1805	0.1913	0.1837	0.2031	0.2060	0.2197	0.2374	0.2587	0.2906	0.3382	0.4553	0.5458	0.6687	0.6587	0.7945	0.8762	0.8397	0.8005	0.7928	0.8154	0.7798	0.7572	0.7504	0.7218	0.6783	0.7091	0.6740	0.7367	0.7038	0.6733	0.6132	0.6211	0.6247	0.6210	0.6237	0.6115	0.5828	0.5736	0.4921	0.3915	0.3527
0.0067	0.0135	0.0258	0.0474	0.0524	0.0563	0.0608	0.0639	0.0606	0.0682	0.0713	0.0811	0.0766	0.0775	0.0862	0.0875	0.0890	0.0939	0.0989	0.0920	0.1046	0.1062	0.1132	0.1262	0.1276	0.1167	0.1262	0.1233	0.1550	0.1650	0.1589	0.1680	0.1743	0.1770	0.1877	0.1976	0.2117	0.2328	0.2592	0.2866	0.3084	0.3762	0.5188	0.6430	0.6222	0.5730	0.6200	0.7984	0.7950	0.8141	0.7736	0.7158	0.7418	0.7044	0.6878	0.7004	0.6574	0.6520	0.6057	0.6000	0.5806	0.5714	0.5460	0.4262	0.3976	0.4178	0.3055	0.2468	0.2192
0.0179	0.0133	0.0222	0.0323	0.0471	0.0520	0.0519	0.0693	0.0629	0.0576	0.0666	0.0701	0.0674	0.0663	0.0576	0.0744	0.0828	0.0916	0.0871	0.0818	0.0856	0.0926	0.0918	0.0829	0.0902	0.0953	0.0969	0.1008	0.1158	0.1242	0.1327	0.1510	0.1505	0.1428	0.1612	0.1694	0.1760	0.1887	0.1982	0.2050	0.2130	0.2450	0.2638	0.2970	0.3158	0.3402	0.3783	0.4832	0.5303	0.7409	0.7968	0.7445	0.7569	0.6405	0.5765	0.6819	0.6529	0.6386	0.6040	0.6124	0.5736	0.5418	0.4137	0.2574	0.2350	0.2437	0.2153	0.1943	0.1962
0.0047	0.0173	0.0347	0.0256	0.0245	0.0460	0.0479	0.0591	0.0607	0.0567	0.0643	0.0570	0.0721	0.0661	0.0571	0.0764	0.0784	0.0724	0.0805	0.0810	0.0738	0.0774	0.0757	0.0783	0.0829	0.0905	0.0905	0.0929	0.0993	0.0951	0.1054	0.1110	0.1058	0.1176	0.1324	0.1377	0.1469	0.1559	0.1527	0.1658	0.1831	0.1899	0.2049	0.2453	0.2641	0.2641	0.2866	0.3270	0.3695	0.6320	0.8399	0.7963	0.7964	0.6399	0.5092	0.6692	0.6873	0.6777	0.6344	0.6193	0.5857	0.5488	0.4541	0.2383	0.1953	0.1953	0.1903	0.1840	0.1856
0.0000	0.0164	0.0140	0.0163	0.0268	0.0225	0.0402	0.0492	0.0488	0.0408	0.0510	0.0660	0.0595	0.0584	0.0619	0.0733	0.0692	0.0727	0.0668	0.0752	0.0631	0.0700	0.0681	0.0681	0.0690	0.0793	0.0806	0.0841	0.0861	0.0842	0.0899	0.0868	0.0840	0.0875	0.0993	0.1018	0.1186	0.1200	0.1220	0.1321	0.1346	0.1429	0.1513	0.1741	0.2003	0.2241	0.2557	0.2920	0.3344	0.6059	0.8868	0.8053	0.7649	0.6954	0.5614	0.7404	0.7328	0.6956	0.5411	0.4430	0.5199	0.5304	0.4095	0.2112	0.1680	0.1895	0.1849	0.1858	0.1668
0.0000	0.0103	0.0155	0.0147	0.0236	0.0321	0.0247	0.0371	0.0394	0.0504	0.0624	0.0543	0.0532	0.0438	0.0619	0.0626	0.0619	0.0681	0.0601	0.0703	0.0568	0.0552	0.0593	0.0617	0.0634	0.0682	0.0601	0.0668	0.0630	0.0699	0.0732	0.0767	0.0742	0.0758	0.0798	0.0809	0.0848	0.0867	0.0924	0.0935	0.1003	0.1075	0.1134	0.1297	0.1468	0.1717	0.2016	0.2411	0.3154	0.6155	0.8891	0.7977	0.7252	0.5967	0.4621	0.6958	0.6968	0.6550	0.4469	0.2176	0.2534	0.2892	0.2026	0.1494	0.1526	0.1641	0.1640	0.1645	0.1582
0.0032	0.0003	0.0011	0.0056	0.0130	0.0184	0.0202	0.0273	0.0297	0.0347	0.0413	0.0394	0.0455	0.0395	0.0447	0.0677	0.0595	0.0577	0.0543	0.0628	0.0676	0.0535	0.0547	0.0507	0.0598	0.0711	0.0579	0.0582	0.0636	0.0665	0.0619	0.0636	0.0705	0.0671	0.0628	0.0653	0.0756	0.0748	0.0823	0.0705	0.0762	0.0869	0.0868	0.0882	0.0955	0.1094	0.1315	0.1557	0.2097	0.4081	0.6810	0.7851	0.6803	0.3427	0.2404	0.4599	0.4318	0.3459	0.2592	0.1596	0.1378	0.1375	0.1309	0.1377	0.1310	0.1267	0.1307	0.1204	0.1174
0.0000	0.0000	0.0127	0.0092	0.0062	0.0176	0.0317	0.0366	0.0294	0.0328	0.0241	0.0409	0.0471	0.0438	0.0389	0.0466	0.0577	0.0474	0.0458	0.0636	0.0582	0.0527	0.0497	0.0525	0.0578	0.0647	0.0519	0.0516	0.0602	0.0555	0.0451	0.0600	0.0610	0.0703	0.0634	0.0581	0.0692	0.0689	0.0721	0.0723	0.0738	0.0785	0.0756	0.0856	0.0786	0.0845	0.0900	0.0930	0.1097	0.1481	0.2448	0.3734	0.3159	0.1524	0.1211	0.1452	0.1348	0.1185	0.1212	0.1243	0.1180	0.1084	0.1060	0.1085	0.1051	0.1013	0.0956	0.0871	0.0912
0.0000	0.0000	0.0117	0.0098	0.0121	0.0061	0.0129	0.0287	0.0350	0.0330	0.0294	0.0279	0.0389	0.0359	0.0376	0.0333	0.0399	0.0577	0.0418	0.0507	0.0500	0.0457	0.0401	0.0453	0.0496	0.0509	0.0480	0.0543	0.0560	0.0556	0.0560	0.0539	0.0484	0.0626	0.0581	0.0598	0.0689	0.0684	0.0618	0.0677	0.0695	0.0674	0.0760	0.0684	0.0747	0.0778	0.0774	0.0799	0.0854	0.1013	0.1089	0.1131	0.1004	0.1076	0.0939	0.0877	0.1029	0.1079	0.1004	0.0986	0.0983	0.0828	0.0918	0.0903	0.0882	0.0811	0.0742	0.0774	0.0706
0.0000	0.0000	0.0000	0.0047	0.0065	0.0031	0.0082	0.0254	0.0272	0.0174	0.0258	0.0274	0.0260	0.0285	0.0341	0.0305	0.0384	0.0430	0.0333	0.0411	0.0408	0.0399	0.0367	0.0431	0.0510	0.0452	0.0517	0.0468	0.0524	0.0537	0.0528	0.0454	0.0436	0.0408	0.0501	0.0599	0.0577	0.0594	0.0624	0.0663	0.0716	0.0702	0.0745	0.0674	0.0676	0.0695	0.0698	0.0744	0.0767	0.0804	0.0893	0.0947	0.0915	0.0918	0.0828	0.0865	0.0870	0.0857	0.0864	0.0952	0.0942	0.0871	0.0752	0.0748	0.0745	0.0677	0.0641	0.0577	0.0544
0.0000	0.0000	0.0000	0.0000	0.0000	0.0025	0.0078	0.0151	0.0149	0.0124	0.0204	0.0263	0.0293	0.0210	0.0249	0.0304	0.0339	0.0298	0.0259	0.0280	0.0405	0.0364	0.0326	0.0393	0.0401	0.0459	0.0511	0.0460	0.0440	0.0519	0.0486	0.0414	0.0406	0.0421	0.0503	0.0466	0.0495	0.0567	0.0606	0.0581	0.0572	0.0620	0.0578	0.0614	0.0631	0.0692	0.0665	0.0628	0.0680	0.0720	0.0806	0.0795	0.0790	0.0810	0.0781	0.0740	0.0731	0.0734	0.0768	0.0834	0.0822	0.0792	0.0706	0.0741	0.0777	0.0668	0.0623	0.0562	0.0570
0.0000	0.0000	0.0000	0.0039	0.0024	0.0019	0.0160	0.0151	0.0097	0.0021	0.0132	0.0244	0.0370	0.0262	0.0264	0.0262	0.0282	0.0305	0.0289	0.0436	0.0440	0.0275	0.0320	0.0375	0.0352	0.0409	0.0459	0.0470	0.0437	0.0492	0.0451	0.0474	0.0418	0.0518	0.0542	0.0419	0.0497	0.0585	0.0570	0.0538	0.0594	0.0547	0.0626	0.0635	0.0531	0.0638	0.0657	0.0708	0.0652	0.0730	0.0753	0.0749	0.0750	0.0723	0.0766	0.0775	0.0778	0.0692	0.0678	0.0679	0.0701	0.0578	0.0662	0.0613	0.0628	0.0519	0.0523	0.0535	0.0494
0.0000	0.0000	0.0000	0.0000	0.0014	0.0000	0.0013	0.0174	0.0108	0.0000	0.0165	0.0204	0.0290	0.0233	0.0194	0.0230	0.0335	0.0312	0.0327	0.0408	0.0381	0.0366	0.0297	0.0330	0.0372	0.0325	0.0321	0.0306	0.0429	0.0435	0.0384	0.0364	0.0394	0.0514	0.0443	0.0425	0.0476	0.0629	0.0569	0.0518	0.0644	0.0512	0.0513	0.0549	0.0561	0.0624	0.0574	0.0664	0.0691	0.0644	0.0695	0.0761	0.0681	0.0645	0.0734	0.0596	0.0735	0.0665	0.0638	0.0570	0.0540	0.0451	0.0520	0.0590	0.0557	0.0453	0.0398	0.0416	0.0372
0.0000	0.0000	0.0000	0.0000	0.0000	0.0053	0.0028	0.0000	0.0122	0.0013	0.0159	0.0116	0.0079	0.0137	0.0160	0.0181	0.0278	0.0265	0.0284	0.0278	0.0286	0.0296	0.0282	0.0293	0.0351	0.0269	0.0268	0.0307	0.0433	0.0464	0.0395	0.0309	0.0388	0.0405	0.0446	0.0382	0.0396	0.0492	0.0525	0.0457	0.0451	0.0517	0.0541	0.0495	0.0574	0.0589	0.0553	0.0588	0.0646	0.0577	0.0549	0.0610	0.0598	0.0633	0.0697	0.0651	0.0651	0.0536	0.0545	0.0563	0.0521	0.0474	0.0494	0.0499	0.0446	0.0398	0.0307	0.0383	0.0358
0.0000	0.0000	0.0000	0.0027	0.0000	0.0000	0.0000	0.0009	0.0000	0.0000	0.0157	0.0047	0.0148	0.0202	0.0186	0.0150	0.0204	0.0118	0.0060	0.0208	0.0348	0.0307	0.0334	0.0316	0.0360	0.0276	0.0235	0.0311	0.0348	0.0342	0.0396	0.0380	0.0346	0.0458	0.0498	0.0391	0.0423	0.0492	0.0442	0.0543	0.0523	0.0568	0.0593	0.0559	0.0620	0.0502	0.0599	0.0643	0.0609	0.0583	0.0638	0.0629	0.0685	0.0664	0.0683	0.0667	0.0552	0.0577	0.0630	0.0622	0.0591	0.0508	0.0469	0.0520	0.0567	0.0412	0.0428	0.0368	0.0353
