0.0000	0.0000	0.0051	0.0079	0.0000	0.0000	0.0024	0.0060	0.0195	0.0058	0.0011	0.0300	0.0204	0.0156	0.0190	0.0293	0.0337	0.0357	0.0354	0.0340	0.0444	0.0269	0.0428	0.0497	0.0522	0.0587	0.0557	0.0574	0.0590	0.0688	0.0518	0.0669	0.0766	0.0676	0.0714	0.0745	0.0784	0.0814	0.0932	0.0694	0.0872	0.1050	0.0887	0.0995	0.0755	0.0739	0.1010	0.1040	0.0891	0.0935	0.0889	0.0733	0.0894	0.0759	0.0839	0.0755	0.0763	0.0635	0.0667	0.0694	0.0812	0.0687	0.0584	0.0610	0.0706	0.0597	0.0420	0.0469	0.0587
0.0000	0.0008	0.0000	0.0000	0.0041	0.0049	0.0125	0.0094	0.0206	0.0179	0.0132	0.0229	0.0225	0.0154	0.0211	0.0320	0.0358	0.0439	0.0474	0.0298	0.0511	0.0485	0.0503	0.0601	0.0622	0.0647	0.0495	0.0512	0.0636	0.0639	0.0753	0.0768	0.0859	0.0687	0.0727	0.0781	0.0881	0.0966	0.1024	0.0838	0.0950	0.1076	0.0879	0.0986	0.0950	0.0783	0.0942	0.1146	0.0865	0.0937	0.1035	0.0847	0.0644	0.0870	0.0990	0.0928	0.0824	0.0776	0.0783	0.0802	0.0775	0.0635	0.0579	0.0701	0.0617	0.0579	0.0669	0.0516	0.0516
0.0000	0.0060	0.0000	0.0092	0.0092	0.0018	0.0059	0.0104	0.0166	0.0202	0.0210	0.0241	0.0365	0.0313	0.0281	0.0348	0.0283	0.0407	0.0363	0.0325	0.0499	0.0631	0.0546	0.0606	0.0669	0.0651	0.0661	0.0595	0.0779	0.0802	0.0887	0.0724	0.0803	0.0875	0.0749	0.0800	0.0915	0.1028	0.1056	0.0790	0.0959	0.1062	0.1062	0.0953	0.1106	0.0986	0.1079	0.1064	0.0957	0.0888	0.1097	0.1037	0.0948	0.0957	0.1052	0.0948	0.0853	0.0820	0.0945	0.0891	0.0957	0.0859	0.0807	0.0749	0.0681	0.0705	0.0691	0.0657	0.0754
0.0000	0.0000	0.0025	0.0086	0.0035	0.0033	0.0070	0.0159	0.0285	0.0212	0.0191	0.0230	0.0339	0.0330	0.0367	0.0411	0.0423	0.0530	0.0471	0.0561	0.0549	0.0526	0.0535	0.0456	0.0634	0.0637	0.0809	0.0695	0.0645	0.0879	0.0767	0.0741	0.0787	0.0895	0.0992	0.1021	0.0985	0.0976	0.1007	0.0925	0.1143	0.1122	0.1110	0.1077	0.0975	0.0997	0.1069	0.0942	0.0937	0.0956	0.1178	0.1004	0.1043	0.1041	0.1139	0.1038	0.0971	0.1007	0.0973	0.0914	0.1083	0.0967	0.0994	0.1002	0.0880	0.0724	0.0783	0.0847	0.0959
0.0000	0.0008	0.0138	0.0131	0.0054	0.0042	0.0082	0.0198	0.0119	0.0140	0.0347	0.0440	0.0404	0.0296	0.0294	0.0458	0.0473	0.0594	0.0522	0.0524	0.0448	0.0495	0.0725	0.0676	0.0696	0.0704	0.0759	0.0607	0.0771	0.0822	0.0861	0.0776	0.0970	0.1059	0.0918	0.0830	0.0956	0.0879	0.0967	0.1003	0.1084	0.1051	0.1125	0.1178	0.1140	0.1070	0.1162	0.1228	0.1169	0.1045	0.1190	0.1052	0.1192	0.0993	0.1062	0.0953	0.0889	0.0945	0.0994	0.1186	0.1139	0.1042	0.1239	0.1075	0.1121	0.0863	0.0977	0.1097	0.0973
0.0000	0.0000	0.0019	0.0193	0.0151	0.0158	0.0177	0.0289	0.0257	0.0291	0.0295	0.0339	0.0467	0.0491	0.0352	0.0438	0.0460	0.0582	0.0579	0.0712	0.0643	0.0784	0.0660	0.0538	0.0663	0.0733	0.0764	0.0672	0.0769	0.0868	0.0798	0.0809	0.1052	0.1052	0.0967	0.1018	0.1039	0.1044	0.1051	0.1002	0.1111	0.1108	0.1125	0.1221	0.1206	0.1196	0.1249	0.1344	0.1265	0.1232	0.1179	0.1096	0.1315	0.1267	0.1273	0.1160	0.1164	0.1227	0.1372	0.1477	0.1293	0.1364	0.1497	0.1374	0.1409	0.1099	0.1076	0.1930	0.2271
0.0000	0.0000	0.0061	0.0110	0.0122	0.0115	0.0200	0.0267	0.0388	0.0327	0.0328	0.0457	0.0372	0.0470	0.0485	0.0540	0.0487	0.0566	0.0645	0.0777	0.0861	0.0661	0.0546	0.0549	0.0702	0.0850	0.0831	0.0746	0.0886	0.0951	0.0772	0.0762	0.1106	0.1133	0.1192	0.1125	0.1211	0.1117	0.1117	0.1020	0.1200	0.1403	0.1341	0.1156	0.1188	0.1287	0.1452	0.1590	0.1360	0.1343	0.1444	0.1490	0.1409	0.1463	0.1449	0.1540	0.1451	0.1443	0.1735	0.1570	0.1504	0.1657	0.1798	0.2166	0.1944	0.1794	0.2483	0.3606	0.3583
0.0055	0.0013	0.0160	0.0107	0.0064	0.0041	0.0211	0.0424	0.0301	0.0427	0.0341	0.0468	0.0502	0.0449	0.0361	0.0647	0.0645	0.0661	0.0756	0.0621	0.0758	0.0706	0.0777	0.0790	0.0849	0.0866	0.0915	0.0813	0.0857	0.1026	0.0974	0.0838	0.1097	0.1116	0.1177	0.1082	0.1214	0.1258	0.1191	0.1213	0.1248	0.1387	0.1547	0.1340	0.1381	0.1431	0.1680	0.1821	0.1559	0.1488	0.1498	0.1519	0.1603	0.1582	0.1670	0.1790	0.1823	0.1846	0.2101	0.2076	0.2175	0.2224	0.2898	0.4005	0.3569	0.3244	0.3654	0.3492	0.3741
0.0128	0.0000	0.0044	0.0138	0.0224	0.0208	0.0233	0.0407	0.0379	0.0408	0.0362	0.0517	0.0539	0.0456	0.0563	0.0599	0.0656	0.0582	0.0679	0.0732	0.0819	0.0846	0.0825	0.0865	0.0962	0.0902	0.0923	0.0945	0.1016	0.1038	0.1054	0.1100	0.1239	0.1096	0.1288	0.1281	0.1237	0.1443	0.1355	0.1473	0.1434	0.1506	0.1697	0.1625	0.1708	0.1777	0.1954	0.1990	0.2022	0.2117	0.1998	0.1901	0.2091	0.2236	0.2207	0.2354	0.2300	0.2526	0.3127	0.3454	0.3312	0.3092	0.4292	0.5077	0.4526	0.3994	0.3586	0.3575	0.3627
0.0078	0.0029	0.0154	0.0257	0.0296	0.0373	0.0251	0.0387	0.0556	0.0461	0.0564	0.0605	0.0493	0.0581	0.0718	0.0637	0.0822	0.0747	0.0766	0.0926	0.0871	0.0770	0.0748	0.0820	0.0839	0.0899	0.0923	0.0973	0.1137	0.1083	0.1202	0.1082	0.1381	0.1311	0.1353	0.1207	0.1303	0.1516	0.1442	0.1728	0.1738	0.1929	0.1951	0.2106	0.2165	0.2333	0.2631	0.2492	0.2520	0.2498	0.2380	0.2425	0.2791	0.2624	0.2830	0.2852	0.2976	0.3736	0.4914	0.5048	0.4527	0.3989	0.4904	0.4929	0.4313	0.3805	0.3271	0.3724	0.3408
0.0094	0.0044	0.0187	0.0262	0.0345	0.0396	0.0326	0.0441	0.0408	0.0459	0.0503	0.0499	0.0650	0.0644	0.0607	0.0721	0.0736	0.0946	0.0812	0.0953	0.0987	0.0936	0.0927	0.0832	0.0920	0.1033	0.1098	0.1055	0.0968	0.1125	0.1108	0.1208	0.1299	0.1456	0.1537	0.1397	0.1608	0.1844	0.1943	0.2046	0.2295	0.2347	0.2689	0.2881	0.3296	0.4346	0.4918	0.4200	0.3170	0.2990	0.3026	0.2956	0.2830	0.2690	0.2956	0.3304	0.3413	0.3613	0.4895	0.6037	0.4379	0.3745	0.5176	0.4885	0.4536	0.3897	0.3384	0.3619	0.3565
0.0203	0.0097	0.0154	0.0251	0.0264	0.0529	0.0394	0.0461	0.0532	0.0466	0.0539	0.0634	0.0676	0.0768	0.0609	0.0707	0.0999	0.0978	0.0991	0.0987	0.1028	0.0972	0.1015	0.1018	0.1114	0.1124	0.1167	0.1177	0.1278	0.1314	0.1330	0.1455	0.1561	0.1814	0.1758	0.1807	0.2016	0.2317	0.2748	0.2955	0.3545	0.3817	0.4474	0.5296	0.6534	0.7159	0.7195	0.5831	0.3548	0.3412	0.3315	0.3176	0.3206	0.3252	0.3206	0.3404	0.3626	0.3641	0.4247	0.5617	0.4005	0.4016	0.5230	0.5045	0.4603	0.3939	0.3788	0.3656	0.3599
0.0147	0.0144	0.0245	0.0275	0.0304	0.0350	0.0341	0.0499	0.0659	0.0713	0.0638	0.0624	0.0762	0.0644	0.0697	0.0681	0.0951	0.1137	0.1099	0.1160	0.1113	0.1089	0.1123	0.1213	0.1190	0.1312	0.1263	0.1295	0.1543	0.1402	0.1540	0.1744	0.1952	0.2203	0.2301	0.2493	0.2810	0.3619	0.4769	0.5546	0.7567	0.7947	0.8422	0.8449	0.7611	0.7310	0.7764	0.6602	0.4443	0.3716	0.3799	0.3758	0.3832	0.3662	0.3676	0.3528	0.3478	0.3528	0.3880	0.4130	0.3596	0.4388	0.5545	0.5558	0.5258	0.4465	0.4051	0.3889	0.3828
0.0163	0.0193	0.0284	0.0354	0.0332	0.0448	0.0485	0.0580	0.0564	0.0629	0.0780	0.0935	0.0988	0.0776	0.0836	0.1023	0.1021	0.1063	0.1100	0.1162	0.1247	0.1085	0.1363	0.1502	0.1457	0.1504	0.1605	0.1749	0.1677	0.1888	0.2227	0.2495	0.2806	0.3036	0.3485	0.3679	0.4162	0.5914	0.8663	0.8772	0.9005	0.8590	0.8997	0.8661	0.7759	0.7551	0.7275	0.6970	0.5493	0.4704	0.5257	0.5082	0.4463	0.4407	0.4218	0.4070	0.3822	0.4084	0.4256	0.4005	0.4036	0.4258	0.6002	0.5945	0.4950	0.4450	0.3912	0.3613	0.4031
0.0079	0.0174	0.0394	0.0432	0.0444	0.0541	0.0764	0.0801	0.0916	0.0774	0.0846	0.0897	0.1012	0.0994	0.1101	0.1335	0.1396	0.1339	0.1354	0.1451	0.1565	0.1501	0.1664	0.1956	0.1993	0.1897	0.2001	0.2218	0.2318	0.2460	0.2875	0.3335	0.3671	0.4631	0.5539	0.6041	0.6477	0.8163	0.9656	0.8884	0.8843	0.8783	0.8545	0.7760	0.7434	0.7789	0.7515	0.7266	0.8010	0.7302	0.7416	0.6658	0.5552	0.5731	0.5946	0.5533	0.5772	0.6043	0.5731	0.5579	0.5686	0.4831	0.5591	0.5495	0.4854	0.4393	0.3960	0.3426	0.3738
0.0181	0.0365	0.0495	0.0470	0.0595	0.0719	0.0749	0.0970	0.1069	0.0875	0.1184	0.1201	0.1242	0.1376	0.1553	0.1604	0.1837	0.1822	0.1941	0.2045	0.2187	0.2235	0.2083	0.2335	0.2436	0.2257	0.2521	0.2611	0.2999	0.3162	0.3550	0.4216	0.5382	0.8076	0.9127	0.9217	0.8962	0.8839	0.8625	0.8059	0.8631	0.8339	0.8465	0.8072	0.7376	0.7975	0.7380	0.7380	0.7659	0.7406	0.7312	0.7830	0.7570	0.6767	0.7142	0.7254	0.7125	0.6979	0.6783	0.6901	0.6145	0.5764	0.5854	0.5783	0.4796	0.4336	0.4284	0.3629	0.3277
0.0358	0.0336	0.0571	0.0744	0.0834	0.0896	0.1179	0.1519	0.1430	0.1681	0.2093	0.2384	0.2879	0.2869	0.2944	0.3193	0.3128	0.3117	0.2975	0.2791	0.2940	0.2712	0.2736	0.3030	0.3031	0.2933	0.3046	0.3185	0.3276	0.3635	0.4363	0.5354	0.7238	0.9549	1.0000	0.9027	0.8952	0.8580	0.8558	0.7345	0.7649	0.7592	0.8201	0.7893	0.7635	0.6934	0.6696	0.7212	0.6842	0.6863	0.7061	0.7419	0.7140	0.7073	0.7041	0.6772	0.6735	0.6534	0.6217	0.6167	0.5703	0.5328	0.5426	0.5713	0.4950	0.4376	0.4372	0.4256	0.4084
0.0497	0.0490	0.0911	0.1331	0.1862	0.2549	0.3314	0.4001	0.3979	0.4203	0.4536	0.4715	0.5339	0.5541	0.5590	0.5926	0.5876	0.6452	0.5451	0.5048	0.4637	0.3758	0.3658	0.3905	0.3994	0.4013	0.5132	0.4719	0.4472	0.5078	0.6965	0.8233	0.8995	0.8879	0.8563	0.7864	0.7969	0.7881	0.7871	0.7351	0.7191	0.7019	0.7220	0.7243	0.6817	0.6383	0.6782	0.6583	0.6999	0.6998	0.6525	0.6839	0.6817	0.6623	0.6224	0.5706	0.6125	0.5726	0.5775	0.5402	0.5601	0.5207	0.5051	0.4935	0.4807	0.4447	0.4200	0.4111	0.3957
0.0884	0.1649	0.2506	0.3530	0.4479	0.5463	0.5839	0.5832	0.6320	0.6082	0.6006	0.6060	0.6014	0.6146	0.6333	0.6504	0.7549	0.7369	0.7211	0.6804	0.6700	0.6482	0.5798	0.5785	0.5904	0.6060	0.7761	0.7035	0.7111	0.7726	0.8179	0.8275	0.8774	0.8308	0.7849	0.7115	0.7016	0.6852	0.7175	0.7206	0.6575	0.6544	0.7000	0.6618	0.6543	0.6573	0.6212	0.6103	0.6401	0.6516	0.6714	0.6488	0.6556	0.6304	0.6141	0.5535	0.5361	0.5041	0.5149	0.5302	0.5373	0.4796	0.4691	0.4563	0.4596	0.4350	0.4033	0.3814	0.3883
0.1829	0.2815	0.3506	0.3867	0.3997	0.4521	0.4592	0.3898	0.4324	0.4575	0.4650	0.4431	0.4979	0.5349	0.5508	0.5642	0.6451	0.6697	0.6630	0.6251	0.6517	0.7091	0.7009	0.6782	0.6536	0.6427	0.7053	0.6882	0.7126	0.7717	0.7543	0.6956	0.7156	0.7306	0.7070	0.6979	0.6523	0.6348	0.6353	0.6424	0.6322	0.6364	0.6350	0.6200	0.6543	0.6238	0.5865	0.6044	0.5958	0.6130	0.6111	0.6029	0.6144	0.6078	0.5822	0.5425	0.5349	0.4948	0.4828	0.4701	0.4811	0.4688	0.4651	0.4494	0.4246	0.4003	0.3811	0.3665	0.3389
0.1865	0.2253	0.2576	0.2486	0.2665	0.3022	0.2925	0.3054	0.3168	0.3513	0.4129	0.4042	0.4825	0.4575	0.4771	0.5513	0.5961	0.6268	0.6144	0.5826	0.6033	0.5863	0.5794	0.5985	0.5799	0.5968	0.5966	0.6156	0.6325	0.6545	0.6668	0.6415	0.6657	0.7213	0.6878	0.6615	0.6111	0.6104	0.5992	0.6146	0.6037	0.5890	0.6046	0.6060	0.5705	0.5690	0.5841	0.5749	0.5857	0.5697	0.5911	0.5799	0.5574	0.5714	0.5422	0.5351	0.5107	0.5168	0.4995	0.4388	0.4782	0.4545	0.4303	0.3897	0.3893	0.3639	0.3648	0.3780	0.3332
0.1662	0.1847	0.2079	0.1997	0.2188	0.2510	0.2590	0.2809	0.2936	0.3330	0.3503	0.4020	0.4335	0.4767	0.4702	0.5249	0.6117	0.6392	0.6179	0.5967	0.6033	0.5729	0.5604	0.5416	0.5240	0.5455	0.5402	0.5443	0.5875	0.5856	0.5883	0.5789	0.6105	0.6221	0.6171	0.5874	0.5923	0.5980	0.5752	0.6103	0.6101	0.5946	0.5882	0.5861	0.5907	0.5688	0.5694	0.5737	0.5380	0.5430	0.5959	0.5720	0.5430	0.5432	0.5315	0.5508	0.5357	0.5251	0.4768	0.4520	0.4737	0.4478	0.4205	0.3749	0.3827	0.3588	0.3434	0.3141	0.3137
0.1600	0.1793	0.1953	0.1995	0.1880	0.2153	0.2688	0.2849	0.2889	0.3185	0.3839	0.4131	0.4548	0.4858	0.4870	0.5362	0.6133	0.6132	0.5650	0.5389	0.5601	0.5820	0.5196	0.4896	0.4735	0.4681	0.4924	0.5476	0.5570	0.5614	0.5574	0.5447	0.5966	0.5951	0.5575	0.5689	0.5839	0.6004	0.5816	0.5752	0.5992	0.5924	0.5939	0.5737	0.5730	0.5702	0.5563	0.5769	0.5706	0.5488	0.5781	0.5861	0.5902	0.5553	0.5335	0.5302	0.5252	0.4921	0.4901	0.4907	0.4602	0.4552	0.4340	0.3839	0.3682	0.3594	0.3566	0.3316	0.3217
0.1585	0.1721	0.1769	0.1953	0.2159	0.2328	0.2583	0.2851	0.2939	0.3032	0.3530	0.3932	0.4337	0.4576	0.4796	0.5559	0.5855	0.5719	0.5947	0.5383	0.5129	0.5443	0.4923	0.4660	0.5184	0.4647	0.4951	0.5388	0.5080	0.5358	0.5565	0.5653	0.5863	0.6033	0.5855	0.5548	0.5705	0.5775	0.5696	0.5468	0.5753	0.6200	0.6131	0.6115	0.5746	0.5595	0.6008	0.5680	0.5662	0.5370	0.5131	0.5224	0.5565	0.5330	0.5043	0.5003	0.5062	0.5279	0.4894	0.4613	0.4162	0.4295	0.4036	0.3636	0.3546	0.3775	0.3425	0.3123	0.3102
0.1658	0.1864	0.1832	0.2025	0.2242	0.2351	0.2603	0.2772	0.3100	0.3359	0.3537	0.3656	0.3906	0.4140	0.4584	0.4912	0.5049	0.5070	0.5203	0.5422	0.4666	0.4615	0.4487	0.4882	0.5073	0.4780	0.4848	0.4916	0.5270	0.5673	0.5580	0.5211	0.5990	0.5938	0.5823	0.5792	0.5936	0.5760	0.5946	0.5725	0.5899	0.6273	0.6197	0.5866	0.5867	0.5532	0.5381	0.5715	0.5847	0.5569	0.5236	0.5238	0.5348	0.5336	0.5135	0.4983	0.5084	0.5034	0.4730	0.4572	0.4311	0.4044	0.4285	0.3797	0.3576	0.3564	0.3346	0.3173	0.2930
0.1771	0.1849	0.1945	0.2312	0.2155	0.2288	0.2734	0.2802	0.2998	0.3396	0.3351	0.3423	0.3795	0.4007	0.4131	0.4442	0.4762	0.4522	0.4294	0.4789	0.4622	0.4301	0.4531	0.4475	0.4849	0.4743	0.4782	0.4739	0.5157	0.5288	0.5783	0.5442	0.5652	0.5542	0.5752	0.5804	0.5635	0.5671	0.6018	0.5455	0.5590	0.6099	0.5793	0.5820	0.5934	0.5817	0.5501	0.5760	0.5738	0.5688	0.5877	0.5522	0.5330	0.5226	0.5426	0.5343	0.5035	0.4897	0.4868	0.4551	0.4806	0.4284	0.4211	0.3883	0.3538	0.3504	0.3316	0.3192	0.2813
0.1795	0.1958	0.2433	0.2582	0.2375	0.2572	0.2570	0.2892	0.2844	0.2872	0.3210	0.3641	0.3862	0.4133	0.4358	0.4382	0.4194	0.3897	0.4337	0.4290	0.4281	0.4347	0.4410	0.4583	0.4846	0.4809	0.4956	0.5044	0.4876	0.5163	0.5593	0.5536	0.5574	0.5674	0.5658	0.5742	0.5731	0.5743	0.5870	0.5643	0.5684	0.5843	0.5392	0.5399	0.5862	0.5818	0.5479	0.5346	0.5576	0.5680	0.5746	0.5251	0.5129	0.5194	0.5252	0.5346	0.5033	0.5001	0.4819	0.5025	0.4579	0.4110	0.4195	0.3706	0.3812	0.3379	0.3361	0.3250	0.2958
0.1646	0.2126	0.2317	0.2323	0.2688	0.2462	0.2664	0.2934	0.2875	0.2969	0.3036	0.3481	0.3529	0.3725	0.3938	0.3873	0.3874	0.4096	0.4121	0.4195	0.4210	0.4424	0.4543	0.4665	0.4840	0.4749	0.4624	0.5064	0.5188	0.5050	0.5340	0.5595	0.5605	0.5460	0.5334	0.5357	0.5667	0.5559	0.5765	0.5843	0.5887	0.5730	0.5512	0.5410	0.5860	0.5636	0.5597	0.5716	0.5694	0.5233	0.5686	0.5736	0.5741	0.5406	0.5124	0.5000	0.4981	0.4776	0.4736	0.5133	0.4545	0.4448	0.4469	0.3951	0.3941	0.3427	0.3344	0.3387	0.3089
0.1585	0.1908	0.2126	0.2478	0.2484	0.2289	0.2777	0.2908	0.2846	0.3237	0.3370	0.3629	0.3416	0.3789	0.3866	0.3824	0.3931	0.4226	0.4281	0.3959	0.4352	0.4547	0.4529	0.4651	0.4808	0.4631	0.5101	0.5175	0.5537	0.5128	0.5524	0.5602	0.5933	0.5610	0.5410	0.5550	0.5538	0.5770	0.5551	0.5589	0.6020	0.5996	0.5542	0.5467	0.5573	0.5406	0.5770	0.5525	0.5679	0.5730	0.5853	0.5552	0.5633	0.5349	0.5088	0.5094	0.4974	0.4954	0.5050	0.4922	0.4556	0.4452	0.4546	0.4319	0.3926	0.3645	0.3310	0.3137	0.3049
0.1768	0.1870	0.2202	0.2478	0.2529	0.2612	0.2919	0.2725	0.3328	0.3264	0.3253	0.3741	0.3550	0.3591	0.3510	0.3845	0.3990	0.4056	0.4109	0.4430	0.4265	0.4533	0.4515	0.4826	0.4650	0.4477	0.4887	0.5233	0.5129	0.5530	0.5425	0.5349	0.5659	0.5637	0.5635	0.5656	0.6205	0.6299	0.5947	0.5745	0.6092	0.6034	0.5584	0.5788	0.5620	0.5427	0.5682	0.5824	0.5511	0.5528	0.5977	0.5779	0.5519	0.5190	0.5220	0.5309	0.4812	0.4713	0.4981	0.4806	0.4493	0.4401	0.4103	0.4178	0.3923	0.3504	0.3321	0.3483	0.3263
0.1560	0.1695	0.2151	0.2207	0.2513	0.2610	0.2961	0.2857	0.3254	0.3104	0.3157	0.3451	0.3483	0.3338	0.3455	0.3654	0.3880	0.3890	0.3918	0.4160	0.4525	0.4496	0.4227	0.4645	0.4687	0.4375	0.4449	0.4721	0.4936	0.5317	0.5466	0.5513	0.5375	0.5435	0.5862	0.5921	0.6178	0.5835	0.5634	0.5869	0.5847	0.6038	0.5574	0.5695	0.5619	0.5567	0.5842	0.5691	0.5841	0.5933	0.5746	0.5912	0.6034	0.5559	0.5053	0.4957	0.4958	0.4750	0.4679	0.4876	0.4598	0.4420	0.4142	0.3784	0.4027	0.3667	0.3314	0.3458	0.3304
0.1486	0.1858	0.1965	0.2395	0.2310	0.2563	0.2792	0.2843	0.3139	0.3140	0.3297	0.3388	0.3190	0.3126	0.3260	0.3768	0.3977	0.4083	0.4333	0.4476	0.4539	0.4425	0.4630	0.4801	0.4949	0.4858	0.4711	0.4904	0.5198	0.5162	0.5473	0.5666	0.5434	0.5434	0.5752	0.5692	0.5654	0.5661	0.5635	0.5623	0.5559	0.5575	0.5909	0.5675	0.5772	0.5626	0.5636	0.6015	0.5891	0.5923	0.6057	0.5533	0.5883	0.5804	0.5390	0.5099	0.5134	0.5116	0.4696	0.4457	0.4563	0.4400	0.4473	0.4023	0.3912	0.3692	0.3772	0.3731	0.3439
0.1649	0.1736	0.1860	0.2251	0.2241	0.2425	0.2751	0.2984	0.3062	0.3370	0.3204	0.3298	0.3319	0.3332	0.3417	0.3826	0.4339	0.4522	0.4911	0.5106	0.4800	0.5032	0.4926	0.5225	0.5411	0.5318	0.5280	0.5200	0.5576	0.5310	0.5472	0.5474	0.5523	0.5508	0.5561	0.5426	0.5649	0.5524	0.5706	0.5514	0.5747	0.5942	0.5861	0.5684	0.5709	0.5503	0.5657	0.5800	0.5919	0.5773	0.5931	0.5730	0.6060	0.5757	0.5605	0.5637	0.5271	0.4868	0.4552	0.4456	0.4648	0.4639	0.4463	0.4068	0.3959	0.3604	0.3829	0.3617	0.3413
0.1347	0.1590	0.2030	0.2113	0.2494	0.2656	0.2566	0.2941	0.3053	0.3345	0.3099	0.3224	0.3259	0.3318	0.3627	0.4275	0.4542	0.5125	0.5029	0.5361	0.5495	0.5026	0.5110	0.5341	0.5444	0.5592	0.5491	0.5568	0.5881	0.5642	0.5901	0.5594	0.5538	0.5677	0.5556	0.5433	0.5268	0.5508	0.5840	0.5907	0.5711	0.5947	0.5681	0.5779	0.5294	0.5617	0.5971	0.5826	0.6071	0.6054	0.5851	0.5888	0.5992	0.5801	0.5854	0.5621	0.5441	0.5333	0.5086	0.5020	0.4738	0.4411	0.4372	0.4265	0.4061	0.4127	0.3996	0.3786	0.3575
0.1335	0.1603	0.2130	0.1958	0.2570	0.2598	0.2474	0.2906	0.2794	0.2995	0.3081	0.3300	0.3321	0.3654	0.4173	0.4624	0.4925	0.5494	0.5572	0.5864	0.5956	0.5598	0.5602	0.6039	0.5936	0.6038	0.5732	0.5739	0.5839	0.6059	0.5826	0.5817	0.5628	0.5298	0.5621	0.5462	0.5286	0.5347	0.5940	0.5944	0.5801	0.5569	0.5676	0.5546	0.5437	0.5748	0.5677	0.5966	0.5742	0.6355	0.6360	0.5956	0.6152	0.6218	0.5920	0.5754	0.5725	0.5443	0.5252	0.5242	0.4812	0.4421	0.4540	0.4186	0.4169	0.4363	0.3713	0.3605	0.3327
0.1457	0.1832	0.1868	0.1913	0.2316	0.2720	0.2718	0.2863	0.2837	0.2937	0.2889	0.3548	0.3630	0.4180	0.4501	0.5140	0.5314	0.5585	0.6003	0.6340	0.5760	0.5961	0.5762	0.5821	0.5807	0.6031	0.6197	0.6154	0.6114	0.6148	0.5990	0.5873	0.6289	0.6118	0.5633	0.5428	0.5184	0.5506	0.5576	0.5598	0.5739	0.5553	0.5783	0.5620	0.5548	0.5961	0.5905	0.6253	0.6126	0.6109	0.6570	0.6214	0.6032	0.6140	0.5795	0.5849	0.5616	0.5459	0.5082	0.5056	0.4908	0.4680	0.4923	0.4643	0.4267	0.3994	0.3717	0.3638	0.3307
0.1599	0.1941	0.2011	0.2225	0.2470	0.2793	0.2797	0.2969	0.3092	0.3154	0.2992	0.3767	0.3976	0.4392	0.4612	0.5185	0.5653	0.5928	0.6302	0.6123	0.6485	0.6407	0.5842	0.6266	0.5987	0.5987	0.6189	0.6191	0.6691	0.6737	0.6539	0.6584	0.6446	0.6629	0.5907	0.5314	0.5351	0.5199	0.5276	0.5287	0.5566	0.5648	0.5306	0.5729	0.5654	0.5677	0.5943	0.5969	0.6527	0.6515	0.6443	0.6320	0.6162	0.5750	0.5758	0.6192	0.5755	0.5645	0.5437	0.5269	0.4719	0.4555	0.4551	0.4470	0.4283	0.3807	0.3818	0.3661	0.3582
0.1588	0.2115	0.2272	0.2372	0.2583	0.2663	0.3041	0.3156	0.3045	0.3186	0.3507	0.3801	0.4599	0.4504	0.5194	0.5344	0.6028	0.6871	0.7052	0.6735	0.7054	0.7060	0.6629	0.7047	0.6770	0.6602	0.6646	0.6865	0.7327	0.6916	0.7813	0.7412	0.7072	0.6713	0.6531	0.5988	0.5814	0.5278	0.5310	0.5155	0.5478	0.5329	0.5466	0.5612	0.5869	0.5895	0.5959	0.6061	0.6483	0.6491	0.6374	0.6306	0.6560	0.6409	0.6044	0.6130	0.5944	0.5950	0.5820	0.5358	0.5072	0.4763	0.4444	0.4625	0.4592	0.4067	0.4031	0.3985	0.3815
0.1713	0.2509	0.2886	0.3435	0.3447	0.3322	0.3605	0.3969	0.3879	0.3953	0.4452	0.4560	0.5063	0.5368	0.5798	0.6199	0.7348	0.7172	0.7304	0.6976	0.7138	0.7331	0.7466	0.7057	0.7428	0.7347	0.7549	0.7412	0.7890	0.7688	0.8100	0.8580	0.8238	0.7605	0.7474	0.6836	0.6460	0.5830	0.5337	0.5187	0.5545	0.5640	0.5715	0.6006	0.5808	0.5997	0.6024	0.6181	0.6352	0.6762	0.6562	0.6598	0.6766	0.6429	0.6180	0.6007	0.6037	0.5836	0.5576	0.5765	0.5619	0.5199	0.4905	0.4598	0.4522	0.4329	0.4078	0.3952	0.3899
0.0998	0.1814	0.3033	0.4223	0.4495	0.4892	0.5525	0.5870	0.5817	0.5629	0.5923	0.6257	0.6007	0.6463	0.6933	0.7304	0.7641	0.7976	0.8222	0.7865	0.7380	0.7675	0.7183	0.6858	0.6786	0.6982	0.6913	0.6184	0.6593	0.5644	0.6075	0.7428	0.8409	0.8333	0.8039	0.7425	0.7253	0.6435	0.6016	0.5236	0.5460	0.5658	0.6035	0.6208	0.6269	0.6191	0.6429	0.6520	0.6617	0.6763	0.6822	0.6869	0.6804	0.6770	0.6613	0.6246	0.5994	0.5635	0.5820	0.5753	0.5644	0.5387	0.5305	0.4995	0.4619	0.4328	0.4276	0.4045	0.3751
0.0483	0.0815	0.1224	0.2020	0.2351	0.3155	0.4233	0.4309	0.4264	0.4649	0.4931	0.4644	0.4994	0.5583	0.5938	0.6099	0.6241	0.6065	0.5749	0.5136	0.4238	0.3965	0.3553	0.3489	0.3604	0.3826	0.3504	0.3278	0.3553	0.3433	0.3723	0.4273	0.5262	0.5667	0.7104	0.7849	0.7738	0.7529	0.6965	0.6069	0.6247	0.5922	0.6381	0.6507	0.6651	0.6696	0.6861	0.7132	0.7109	0.6814	0.6832	0.7097	0.7048	0.6934	0.6298	0.6473	0.6174	0.5964	0.6181	0.5808	0.5640	0.5544	0.5308	0.5072	0.4844	0.4526	0.4294	0.4322	0.3858
0.0202	0.0385	0.0578	0.0709	0.0673	0.0976	0.1175	0.1437	0.1487	0.1522	0.1867	0.1827	0.2018	0.2311	0.2503	0.2347	0.2456	0.2368	0.2259	0.2176	0.2237	0.2068	0.2028	0.2109	0.2134	0.2235	0.2179	0.2235	0.2510	0.2590	0.2669	0.2720	0.2883	0.3321	0.3966	0.4947	0.5789	0.8206	0.8208	0.7686	0.7350	0.7004	0.7190	0.7205	0.7293	0.7126	0.7449	0.7418	0.7186	0.7036	0.7111	0.7231	0.7041	0.6579	0.6313	0.6373	0.6236	0.6110	0.6046	0.5980	0.5994	0.5655	0.5242	0.5039	0.4916	0.4704	0.4610	0.4231	0.3912
0.0066	0.0153	0.0356	0.0450	0.0538	0.0549	0.0645	0.0768	0.0885	0.0834	0.0881	0.0969	0.1163	0.1263	0.1202	0.1357	0.1391	0.1595	0.1684	0.1591	0.1640	0.1616	0.1692	0.1773	0.1864	0.1742	0.1788	0.1963	0.2082	0.2231	0.2202	0.2177	0.2400	0.2748	0.2812	0.3031	0.3988	0.7117	0.7373	0.6726	0.7903	0.7637	0.7829	0.7943	0.7999	0.7458	0.7587	0.7813	0.7550	0.7145	0.6659	0.6781	0.7106	0.6515	0.6609	0.6775	0.6790	0.6658	0.6218	0.5986	0.5849	0.5473	0.5375	0.5039	0.4769	0.4769	0.4769	0.4490	0.4350
0.0136	0.0241	0.0288	0.0330	0.0456	0.0477	0.0687	0.0678	0.0617	0.0670	0.0677	0.0718	0.0871	0.0881	0.0874	0.0953	0.1050	0.1076	0.1062	0.1164	0.1201	0.1125	0.1401	0.1502	0.1484	0.1462	0.1442	0.1707	0.1712	0.1784	0.1827	0.1966	0.1956	0.2146	0.2248	0.2330	0.2663	0.3607	0.3949	0.4066	0.5220	0.5545	0.7038	0.8278	0.8535	0.8221	0.7745	0.7810	0.7853	0.7252	0.6933	0.6978	0.6426	0.6531	0.7067	0.7462	0.7366	0.6636	0.6179	0.6479	0.5827	0.5754	0.5476	0.5385	0.5020	0.5102	0.4609	0.4640	0.4491
0.0053	0.0081	0.0315	0.0410	0.0330	0.0482	0.0508	0.0512	0.0409	0.0514	0.0571	0.0642	0.0738	0.0695	0.0685	0.0699	0.0839	0.0824	0.0862	0.0945	0.0976	0.0945	0.1024	0.1192	0.1171	0.1195	0.1309	0.1359	0.1515	0.1510	0.1547	0.1756	0.1770	0.1796	0.1816	0.1937	0.2150	0.2418	0.2643	0.2903	0.3092	0.3705	0.5254	0.6996	0.7806	0.8252	0.7817	0.7811	0.7652	0.7788	0.7705	0.6951	0.6853	0.6818	0.7009	0.7068	0.6856	0.6748	0.6532	0.6445	0.6016	0.5701	0.5438	0.5136	0.4830	0.5051	0.4723	0.4785	0.4154
0.0185	0.0114	0.0283	0.0323	0.0255	0.0427	0.0529	0.0476	0.0519	0.0532	0.0541	0.0484	0.0602	0.0629	0.0537	0.0633	0.0736	0.0869	0.0739	0.0817	0.0922	0.0870	0.0865	0.1036	0.0940	0.0897	0.0961	0.1116	0.1320	0.1250	0.1432	0.1490	0.1475	0.1556	0.1612	0.1755	0.1872	0.1930	0.2054	0.2117	0.2257	0.2642	0.3013	0.3972	0.4923	0.6186	0.7565	0.8202	0.7882	0.7671	0.7688	0.7207	0.7185	0.6859	0.7227	0.7111	0.7126	0.7122	0.6830	0.6883	0.6542	0.6204	0.5857	0.5242	0.5203	0.4965	0.4750	0.4553	0.4408
0.0117	0.0163	0.0227	0.0233	0.0259	0.0408	0.0420	0.0531	0.0518	0.0530	0.0528	0.0496	0.0555	0.0607	0.0614	0.0591	0.0721	0.0711	0.0663	0.0774	0.0779	0.0720	0.0792	0.0818	0.0747	0.0794	0.0811	0.1004	0.0980	0.0985	0.1120	0.1184	0.1200	0.1293	0.1392	0.1430	0.1526	0.1573	0.1650	0.1806	0.1991	0.2115	0.2274	0.2801	0.3360	0.3780	0.5980	0.8414	0.8222	0.7748	0.7782	0.7205	0.7397	0.7308	0.7382	0.7225	0.7504	0.7235	0.6960	0.6743	0.6328	0.5865	0.5587	0.5273	0.5243	0.4913	0.4789	0.4908	0.4716
0.0083	0.0135	0.0176	0.0268	0.0144	0.0277	0.0366	0.0506	0.0395	0.0335	0.0299	0.0364	0.0476	0.0446	0.0587	0.0588	0.0651	0.0641	0.0587	0.0642	0.0649	0.0636	0.0736	0.0661	0.0714	0.0731	0.0719	0.0810	0.0889	0.0812	0.0801	0.0833	0.0832	0.0917	0.0995	0.1040	0.1166	0.1290	0.1337	0.1367	0.1435	0.1653	0.1794	0.2111	0.2639	0.3096	0.4579	0.7955	0.8123	0.7905	0.7767	0.7208	0.7248	0.7119	0.7328	0.5971	0.7330	0.6476	0.6696	0.7024	0.6652	0.6374	0.5902	0.5592	0.5147	0.5450	0.5130	0.5485	0.4677
0.0016	0.0000	0.0149	0.0284	0.0144	0.0236	0.0232	0.0360	0.0346	0.0367	0.0438	0.0470	0.0475	0.0384	0.0488	0.0605	0.0545	0.0529	0.0536	0.0532	0.0636	0.0591	0.0571	0.0663	0.0604	0.0587	0.0640	0.0732	0.0732	0.0727	0.0682	0.0684	0.0726	0.0748	0.0761	0.0698	0.0854	0.0867	0.0942	0.0951	0.0974	0.1126	0.1290	0.1422	0.1747	0.2108	0.2834	0.5421	0.5823	0.6475	0.7629	0.7371	0.6764	0.6852	0.6502	0.4116	0.4485	0.5227	0.7119	0.7303	0.6698	0.6382	0.6013	0.5485	0.5166	0.4597	0.4295	0.4586	0.4350
0.0000	0.0000	0.0043	0.0148	0.0126	0.0108	0.0157	0.0366	0.0425	0.0297	0.0418	0.0320	0.0360	0.0337	0.0407	0.0459	0.0435	0.0490	0.0538	0.0540	0.0557	0.0549	0.0540	0.0616	0.0578	0.0526	0.0554	0.0575	0.0645	0.0650	0.0661	0.0701	0.0676	0.0700	0.0696	0.0635	0.0683	0.0708	0.0785	0.0814	0.0784	0.0867	0.0881	0.0900	0.1214	0.1286	0.1524	0.1853	0.2177	0.3371	0.5892	0.5252	0.6496	0.6234	0.4945	0.2238	0.1892	0.3222	0.5216	0.5308	0.5796	0.5495	0.5400	0.4941	0.3678	0.2026	0.1749	0.1809	0.1893
0.0000	0.0000	0.0115	0.0037	0.0135	0.0133	0.0208	0.0260	0.0349	0.0348	0.0296	0.0274	0.0331	0.0363	0.0383	0.0436	0.0497	0.0515	0.0409	0.0438	0.0531	0.0499	0.0429	0.0502	0.0552	0.0608	0.0584	0.0590	0.0601	0.0549	0.0571	0.0637	0.0601	0.0593	0.0636	0.0654	0.0729	0.0751	0.0696	0.0701	0.0793	0.0799	0.0856	0.0845	0.0891	0.0974	0.1106	0.1129	0.1276	0.1621	0.2277	0.2038	0.3457	0.3774	0.2362	0.1308	0.1140	0.1224	0.1616	0.1816	0.2342	0.2416	0.2555	0.2673	0.1807	0.1231	0.1071	0.1110	0.1006
0.0000	0.0000	0.0019	0.0098	0.0169	0.0186	0.0212	0.0223	0.0211	0.0317	0.0269	0.0186	0.0279	0.0291	0.0378	0.0376	0.0426	0.0395	0.0432	0.0458	0.0451	0.0432	0.0490	0.0437	0.0553	0.0526	0.0465	0.0461	0.0564	0.0557	0.0539	0.0489	0.0501	0.0611	0.0594	0.0604	0.0680	0.0638	0.0649	0.0651	0.0698	0.0711	0.0783	0.0796	0.0816	0.0862	0.0862	0.0953	0.1005	0.1050	0.1149	0.1116	0.1151	0.1425	0.1247	0.1060	0.1152	0.1076	0.1020	0.1141	0.1081	0.1048	0.1153	0.1180	0.1059	0.1032	0.0882	0.0961	0.0920
0.0000	0.0025	0.0068	0.0177	0.0070	0.0105	0.0080	0.0180	0.0175	0.0136	0.0136	0.0240	0.0237	0.0196	0.0336	0.0307	0.0339	0.0295	0.0301	0.0429	0.0441	0.0406	0.0472	0.0441	0.0500	0.0425	0.0405	0.0475	0.0502	0.0543	0.0524	0.0535	0.0524	0.0544	0.0486	0.0532	0.0596	0.0557	0.0621	0.0576	0.0665	0.0683	0.0779	0.0706	0.0682	0.0769	0.0764	0.0817	0.0888	0.0853	0.0856	0.0814	0.0979	0.0985	0.0878	0.0921	0.0938	0.0832	0.0940	0.0998	0.0914	0.0933	0.0910	0.0910	0.0914	0.0813	0.0769	0.0707	0.0725
0.0000	0.0000	0.0038	0.0074	0.0000	0.0000	0.0000	0.0063	0.0030	0.0032	0.0198	0.0247	0.0200	0.0094	0.0191	0.0314	0.0331	0.0207	0.0213	0.0330	0.0401	0.0277	0.0291	0.0351	0.0452	0.0385	0.0369	0.0481	0.0512	0.0488	0.0450	0.0485	0.0397	0.0421	0.0484	0.0492	0.0497	0.0560	0.0585	0.0565	0.0644	0.0638	0.0687	0.0708	0.0726	0.0674	0.0746	0.0767	0.0759	0.0713	0.0840	0.0802	0.0807	0.0821	0.0780	0.0775	0.0824	0.0832	0.0872	0.0842	0.0854	0.0836	0.0827	0.0784	0.0833	0.0780	0.0741	0.0689	0.0613
0.0000	0.0000	0.0058	0.0013	0.0000	0.0000	0.0000	0.0076	0.0091	0.0051	0.0142	0.0223	0.0245	0.0189	0.0286	0.0295	0.0263	0.0320	0.0283	0.0346	0.0398	0.0276	0.0291	0.0338	0.0330	0.0358	0.0350	0.0404	0.0437	0.0475	0.0482	0.0433	0.0418	0.0503	0.0484	0.0439	0.0520	0.0598	0.0580	0.0576	0.0608	0.0578	0.0649	0.0709	0.0620	0.0678	0.0785	0.0743	0.0664	0.0713	0.0805	0.0815	0.0751	0.0812	0.0795	0.0731	0.0776	0.0712	0.0728	0.0745	0.0678	0.0704	0.0750	0.0737	0.0736	0.0660	0.0610	0.0598	0.0579
0.0000	0.0000	0.0000	0.0000	0.0000	0.0000	0.0000	0.0071	0.0140	0.0067	0.0177	0.0154	0.0214	0.0247	0.0195	0.0179	0.0288	0.0332	0.0250	0.0267	0.0263	0.0259	0.0309	0.0302	0.0277	0.0283	0.0292	0.0328	0.0386	0.0455	0.0452	0.0410	0.0419	0.0494	0.0448	0.0405	0.0500	0.0538	0.0509	0.0564	0.0538	0.0543	0.0594	0.0580	0.0616	0.0639	0.0649	0.0669	0.0680	0.0634	0.0685	0.0700	0.0686	0.0724	0.0773	0.0756	0.0697	0.0721	0.0730	0.0702	0.0530	0.0586	0.0631	0.0668	0.0671	0.0583	0.0586	0.0580	0.0404
0.0000	0.0000	0.0000	0.0000	0.0000	0.0000	0.0000	0.0027	0.0089	0.0028	0.0080	0.0089	0.0126	0.0101	0.0177	0.0206	0.0226	0.0213	0.0164	0.0133	0.0231	0.0253	0.0263	0.0260	0.0367	0.0314	0.0312	0.0332	0.0448	0.0392	0.0438	0.0374	0.0387	0.0448	0.0404	0.0453	0.0461	0.0421	0.0538	0.0512	0.0493	0.0556	0.0603	0.0571	0.0616	0.0621	0.0609	0.0633	0.0614	0.0661	0.0685	0.0633	0.0693	0.0643	0.0650	0.0663	0.0670	0.0663	0.0653	0.0612	0.0542	0.0508	0.0533	0.0652	0.0608	0.0496	0.0454	0.0577	0.0429
0.0000	0.0000	0.0000	0.0000	0.0000	0.0031	0.0240	0.0229	0.0178	0.0029	0.0128	0.0137	0.0108	0.0129	0.0266	0.0185	0.0103	0.0172	0.0132	0.0168	0.0267	0.0287	0.0171	0.0179	0.0308	0.0325	0.0254	0.0386	0.0420	0.0329	0.0338	0.0317	0.0415	0.0484	0.0416	0.0435	0.0420	0.0510	0.0548	0.0480	0.0468	0.0594	0.0617	0.0620	0.0583	0.0533	0.0641	0.0670	0.0629	0.0687	0.0761	0.0766	0.0770	0.0763	0.0709	0.0693	0.0648	0.0691	0.0684	0.0698	0.0650	0.0591	0.0744	0.0666	0.0596	0.0529	0.0577	0.0551	0.0534
