0.0000	0.0000	0.0077	0.0089	0.0000	0.0000	0.0108	0.0111	0.0311	0.0192	0.0067	0.0263	0.0337	0.0203	0.0271	0.0527	0.0685	0.0469	0.0573	0.0523	0.0450	0.0417	0.0427	0.0547	0.0717	0.0587	0.0593	0.0647	0.0581	0.0695	0.0548	0.0575	0.0810	0.0748	0.0621	0.0633	0.0741	0.0685	0.0728	0.0728	0.0601	0.0673	0.0774	0.0780	0.0699	0.0708	0.0697	0.0761	0.0675	0.0783	0.0794	0.0492	0.0498	0.0603	0.0670	0.0721	0.0800	0.0701	0.0627	0.0634	0.0635	0.0553	0.0505	0.0513	0.0559	0.0324	0.0406	0.0434	0.0354
0.0000	0.0016	0.0123	0.0082	0.0076	0.0087	0.0228	0.0175	0.0378	0.0133	0.0279	0.0296	0.0236	0.0445	0.0228	0.0531	0.0500	0.0392	0.0498	0.0397	0.0533	0.0458	0.0605	0.0703	0.0865	0.0730	0.0571	0.0741	0.0802	0.0697	0.0882	0.0901	0.0837	0.0722	0.0865	0.0767	0.0758	0.0914	0.0982	0.0902	0.0838	0.0912	0.0697	0.0716	0.0731	0.0821	0.0825	0.0857	0.0813	0.0745	0.0774	0.0681	0.0599	0.0679	0.0726	0.0809	0.0802	0.0649	0.0608	0.0774	0.0716	0.0726	0.0524	0.0733	0.0663	0.0463	0.0588	0.0562	0.0441
0.0000	0.0000	0.0031	0.0036	0.0172	0.0091	0.0134	0.0326	0.0277	0.0250	0.0322	0.0418	0.0402	0.0467	0.0529	0.0579	0.0372	0.0504	0.0514	0.0614	0.0699	0.0692	0.0615	0.0727	0.0850	0.0834	0.0943	0.0676	0.0656	0.0760	0.0922	0.0882	0.0747	0.0916	0.0934	0.0838	0.0794	0.0923	0.0860	0.0865	0.0844	0.0778	0.0825	0.0808	0.0833	0.0989	0.0839	0.0938	0.0853	0.0854	0.0917	0.0938	0.0866	0.0704	0.0817	0.0856	0.0878	0.0791	0.0801	0.0893	0.0862	0.0845	0.0674	0.0729	0.0898	0.0713	0.0763	0.0668	0.0532
0.0000	0.0052	0.0000	0.0055	0.0262	0.0055	0.0166	0.0353	0.0345	0.0382	0.0507	0.0449	0.0573	0.0431	0.0599	0.0648	0.0524	0.0665	0.0540	0.0617	0.0819	0.0735	0.0595	0.0741	0.0737	0.0721	0.0933	0.0670	0.0703	0.1011	0.0732	0.0754	0.0873	0.0929	0.0958	0.0921	0.0834	0.0904	0.0880	0.0840	0.0883	0.0736	0.0809	0.0869	0.0709	0.0848	0.0884	0.0732	0.0664	0.0661	0.0853	0.0887	0.0936	0.0730	0.0962	0.0904	0.0911	0.0916	0.0844	0.0906	0.1004	0.0967	0.0903	0.0918	0.0832	0.0819	0.0741	0.0801	0.0771
0.0002	0.0184	0.0009	0.0084	0.0229	0.0113	0.0239	0.0417	0.0323	0.0388	0.0455	0.0400	0.0567	0.0519	0.0620	0.0647	0.0699	0.0403	0.0552	0.0740	0.0660	0.0524	0.0701	0.0779	0.0754	0.0823	0.0671	0.0733	0.0753	0.0829	0.0842	0.0866	0.0988	0.0927	0.0999	0.0738	0.0792	0.0711	0.0768	0.0861	0.0817	0.0800	0.0777	0.0821	0.0834	0.0960	0.0970	0.0757	0.0757	0.0853	0.0913	0.0800	0.0989	0.0839	0.0931	0.0989	0.0898	0.1004	0.1115	0.1112	0.0990	0.1031	0.1022	0.1141	0.1057	0.0873	0.1061	0.0854	0.0768
0.0000	0.0067	0.0273	0.0272	0.0332	0.0294	0.0203	0.0283	0.0369	0.0350	0.0299	0.0542	0.0697	0.0573	0.0592	0.0715	0.0757	0.0741	0.0604	0.0960	0.0897	0.0803	0.0769	0.0805	0.1059	0.0818	0.0908	0.0802	0.0833	0.0960	0.0832	0.0961	0.0916	0.0978	0.1124	0.0911	0.0875	0.0799	0.0802	0.0788	0.1026	0.0965	0.0947	0.1025	0.1013	0.0897	0.0819	0.0871	0.0945	0.1049	0.0855	0.0965	0.1150	0.1130	0.1050	0.1148	0.0981	0.0910	0.1154	0.1198	0.1292	0.1262	0.1161	0.1209	0.1345	0.1120	0.1062	0.1127	0.1162
0.0000	0.0037	0.0252	0.0195	0.0255	0.0294	0.0234	0.0204	0.0304	0.0432	0.0609	0.0557	0.0589	0.0511	0.0436	0.0649	0.0748	0.0903	0.0966	0.0846	0.0910	0.1072	0.0932	0.0875	0.0969	0.1026	0.0897	0.0876	0.0961	0.0990	0.0961	0.0957	0.1134	0.1114	0.1131	0.1051	0.1037	0.1011	0.0999	0.0876	0.0926	0.1068	0.1069	0.0983	0.0927	0.0967	0.0912	0.1149	0.1033	0.1033	0.1073	0.1258	0.1253	0.1252	0.1309	0.1300	0.1244	0.1063	0.1322	0.1460	0.1470	0.1501	0.1285	0.1451	0.1793	0.1469	0.1350	0.1484	0.1527
0.0000	0.0103	0.0198	0.0353	0.0199	0.0104	0.0350	0.0472	0.0534	0.0483	0.0676	0.0695	0.0518	0.0516	0.0586	0.0814	0.0871	0.0981	0.0878	0.0831	0.1033	0.1078	0.0884	0.0935	0.0908	0.0994	0.0898	0.0914	0.1062	0.1168	0.0969	0.0808	0.1102	0.1084	0.1215	0.1026	0.1018	0.1207	0.1272	0.1065	0.1101	0.1037	0.1096	0.0939	0.0944	0.1030	0.1038	0.1173	0.1120	0.1152	0.1242	0.1517	0.1256	0.1250	0.1431	0.1657	0.1660	0.1469	0.1623	0.1766	0.1954	0.1964	0.1955	0.1690	0.1846	0.2193	0.2416	0.2317	0.2282
0.0016	0.0108	0.0329	0.0269	0.0259	0.0207	0.0433	0.0609	0.0758	0.0576	0.0557	0.0698	0.0768	0.0872	0.0897	0.1032	0.0888	0.0924	0.1090	0.1130	0.1237	0.1221	0.0968	0.0951	0.1074	0.1098	0.0937	0.0936	0.1088	0.1066	0.1111	0.0951	0.1077	0.1148	0.1245	0.1205	0.1065	0.1245	0.1221	0.1256	0.1190	0.1112	0.1233	0.1137	0.1197	0.1322	0.1330	0.1220	0.1321	0.1463	0.1486	0.1626	0.1698	0.1722	0.1805	0.2012	0.1967	0.1897	0.2213	0.2390	0.2644	0.2515	0.2293	0.2278	0.2722	0.3450	0.3526	0.3459	0.2937
0.0253	0.0141	0.0373	0.0557	0.0296	0.0433	0.0498	0.0547	0.0641	0.0629	0.0749	0.0847	0.0870	0.1121	0.1005	0.0947	0.1019	0.1097	0.1178	0.1149	0.1015	0.1150	0.1201	0.1173	0.1269	0.1112	0.0964	0.1093	0.1140	0.1151	0.1240	0.1203	0.1130	0.1388	0.1285	0.1139	0.1335	0.1416	0.1405	0.1317	0.1168	0.1324	0.1442	0.1370	0.1368	0.1503	0.1590	0.1518	0.1611	0.1583	0.1733	0.1858	0.1988	0.2128	0.2308	0.2461	0.2667	0.2609	0.2823	0.3105	0.3349	0.3027	0.3070	0.3217	0.3481	0.3389	0.3491	0.3773	0.3469
0.0271	0.0189	0.0294	0.0419	0.0387	0.0567	0.0666	0.0684	0.0545	0.0647	0.0670	0.0883	0.0897	0.0922	0.0917	0.0973	0.1210	0.1135	0.1346	0.1300	0.1197	0.1141	0.1357	0.1279	0.1381	0.1298	0.1274	0.1209	0.1308	0.1254	0.1123	0.1381	0.1420	0.1530	0.1411	0.1384	0.1547	0.1497	0.1482	0.1396	0.1470	0.1602	0.1715	0.1719	0.1722	0.1712	0.1844	0.1936	0.1853	0.1939	0.2221	0.2713	0.2493	0.2487	0.3288	0.4405	0.4041	0.3445	0.4197	0.4797	0.4305	0.3894	0.4167	0.4047	0.3695	0.3607	0.3459	0.3365	0.3283
0.0190	0.0213	0.0427	0.0426	0.0513	0.0508	0.0649	0.0801	0.0753	0.0749	0.0804	0.0919	0.1118	0.0975	0.1054	0.1133	0.1290	0.1551	0.1548	0.1365	0.1411	0.1386	0.1190	0.1262	0.1566	0.1422	0.1434	0.1274	0.1427	0.1424	0.1401	0.1447	0.1441	0.1601	0.1658	0.1554	0.1687	0.1694	0.1733	0.1668	0.1916	0.1971	0.1962	0.1969	0.1854	0.1984	0.2343	0.2266	0.2199	0.2489	0.2731	0.3558	0.4106	0.3839	0.4912	0.6328	0.5902	0.4802	0.4738	0.5144	0.4815	0.4746	0.4398	0.4440	0.3896	0.3334	0.3386	0.3501	0.3282
0.0277	0.0286	0.0436	0.0445	0.0631	0.0765	0.0769	0.0740	0.0861	0.0867	0.0911	0.1006	0.1296	0.1125	0.1167	0.1431	0.1664	0.2028	0.1830	0.1830	0.1716	0.1582	0.1604	0.1566	0.1565	0.1677	0.1747	0.1525	0.1538	0.1617	0.1552	0.1773	0.1773	0.1905	0.1877	0.1757	0.1898	0.1986	0.2077	0.2188	0.2285	0.2202	0.2491	0.2539	0.2339	0.2397	0.2740	0.2901	0.3047	0.3119	0.3628	0.5686	0.7093	0.5672	0.5472	0.6549	0.6155	0.5569	0.4997	0.4666	0.4739	0.4780	0.4312	0.4318	0.4158	0.3538	0.3509	0.3698	0.3305
0.0376	0.0395	0.0676	0.0444	0.0410	0.0534	0.0737	0.0735	0.0861	0.1032	0.1141	0.1484	0.1450	0.1429	0.1735	0.2409	0.3548	0.4333	0.4517	0.3167	0.2466	0.2749	0.3253	0.2667	0.2389	0.2037	0.1884	0.2125	0.2065	0.2274	0.1975	0.2257	0.2258	0.2343	0.2483	0.2323	0.2582	0.2466	0.2476	0.2533	0.2764	0.2870	0.3157	0.3075	0.3065	0.2865	0.3069	0.3229	0.3291	0.3511	0.4331	0.6711	0.7699	0.6664	0.6238	0.6254	0.5770	0.5414	0.5160	0.5112	0.4900	0.4566	0.4819	0.4379	0.4383	0.3641	0.3571	0.3425	0.3210
0.0206	0.0247	0.0481	0.0680	0.0670	0.0807	0.0844	0.0911	0.1265	0.1415	0.1656	0.2078	0.2243	0.2266	0.2848	0.4279	0.6594	0.7334	0.7051	0.5961	0.5185	0.5870	0.6092	0.5453	0.4298	0.3733	0.3361	0.2836	0.2756	0.2970	0.2621	0.2761	0.2930	0.2842	0.2807	0.3151	0.3065	0.3004	0.3118	0.3114	0.3348	0.3775	0.3599	0.3290	0.3343	0.3319	0.3334	0.3757	0.4095	0.4121	0.4431	0.5966	0.6983	0.6185	0.6271	0.6094	0.5927	0.5576	0.5097	0.5075	0.4738	0.4311	0.4517	0.4490	0.4087	0.3568	0.3394	0.3248	0.3391
0.0204	0.0325	0.0620	0.0819	0.0981	0.1182	0.1256	0.1527	0.1932	0.2564	0.3405	0.4011	0.4050	0.3810	0.4993	0.6557	0.8081	0.7738	0.7231	0.7483	0.7307	0.6873	0.6697	0.7078	0.6524	0.6225	0.5857	0.5047	0.5492	0.4543	0.3548	0.4079	0.4082	0.4531	0.4293	0.4255	0.4112	0.3960	0.3688	0.3871	0.5248	0.6159	0.5395	0.3897	0.3383	0.3875	0.4058	0.4968	0.5181	0.5254	0.6019	0.6996	0.6881	0.6235	0.5861	0.6033	0.5903	0.5515	0.5071	0.5049	0.4687	0.4399	0.4813	0.4528	0.3700	0.3267	0.3402	0.3513	0.3251
0.0476	0.0572	0.1076	0.1403	0.1267	0.2080	0.3086	0.3416	0.4324	0.5464	0.6577	0.6891	0.7128	0.5923	0.7075	0.7723	0.7096	0.7198	0.7137	0.7064	0.7396	0.6874	0.7190	0.6743	0.6815	0.6861	0.6963	0.7298	0.7460	0.7550	0.6835	0.7656	0.7660	0.7806	0.8173	0.7494	0.7094	0.5695	0.5027	0.6060	0.8163	0.8353	0.7856	0.5670	0.4145	0.4151	0.4333	0.6071	0.6266	0.6009	0.7659	0.7609	0.6506	0.6335	0.5898	0.5559	0.5303	0.5053	0.4720	0.5117	0.4616	0.4206	0.4314	0.4196	0.3706	0.3361	0.3497	0.3200	0.3073
0.0755	0.1016	0.1552	0.2311	0.2803	0.4695	0.6074	0.6642	0.6703	0.6452	0.7425	0.7409	0.7395	0.6377	0.6022	0.6715	0.6529	0.6394	0.6580	0.6362	0.6907	0.7270	0.6823	0.6606	0.6666	0.6556	0.7045	0.7468	0.6943	0.7955	0.8547	0.9107	0.9389	0.9228	0.9045	0.8895	0.8709	0.7021	0.6366	0.8763	0.8955	0.8018	0.8313	0.7332	0.5536	0.4878	0.4781	0.5730	0.7192	0.6981	0.7004	0.6869	0.6204	0.5909	0.5541	0.5119	0.4861	0.4776	0.4786	0.4802	0.4412	0.4231	0.3870	0.3872	0.3503	0.3059	0.3132	0.3138	0.2903
0.1295	0.2345	0.3693	0.5369	0.5687	0.6041	0.6587	0.6274	0.6077	0.5491	0.5823	0.5721	0.5946	0.5656	0.5146	0.5964	0.6668	0.6515	0.6228	0.6036	0.5946	0.6659	0.6626	0.6698	0.6701	0.6770	0.7003	0.6895	0.6687	0.7529	0.7809	0.8160	0.8406	0.9244	0.8984	0.8691	0.8317	0.8141	0.8158	0.9234	0.8340	0.7716	0.7929	0.7697	0.7338	0.6948	0.6320	0.6417	0.6737	0.7025	0.6752	0.5974	0.5608	0.5502	0.5159	0.4883	0.4367	0.4594	0.4583	0.4338	0.4405	0.3800	0.3632	0.3625	0.3540	0.2928	0.3030	0.3222	0.2938
0.2076	0.3248	0.4088	0.4932	0.4343	0.4286	0.4653	0.4063	0.4438	0.4290	0.4342	0.4574	0.5281	0.5028	0.5374	0.5778	0.5801	0.6339	0.6072	0.6011	0.5539	0.6243	0.6365	0.6529	0.6309	0.6474	0.6605	0.6952	0.6895	0.7136	0.7369	0.7392	0.7608	0.8187	0.8046	0.8122	0.8079	0.8375	0.8056	0.8008	0.7656	0.7533	0.7461	0.7228	0.7724	0.6617	0.6432	0.6481	0.6228	0.5702	0.5673	0.5268	0.5152	0.4979	0.4990	0.4636	0.4464	0.4530	0.4181	0.3950	0.3919	0.3750	0.3698	0.3777	0.3440	0.3101	0.3077	0.2999	0.2712
0.2019	0.2564	0.2916	0.2885	0.2746	0.3131	0.3343	0.3007	0.3337	0.3841	0.4266	0.4491	0.5357	0.5095	0.5040	0.5835	0.6027	0.6377	0.6243	0.5830	0.5825	0.5683	0.5854	0.6564	0.6046	0.6279	0.6118	0.6757	0.6556	0.6541	0.7198	0.7430	0.7735	0.7644	0.7695	0.7857	0.8238	0.7998	0.7415	0.7135	0.7165	0.6952	0.6983	0.7023	0.6343	0.5960	0.6157	0.5666	0.5102	0.5061	0.5285	0.4993	0.4671	0.4756	0.4688	0.4577	0.4363	0.4395	0.4264	0.4072	0.3857	0.3987	0.3622	0.3652	0.3334	0.3028	0.3144	0.3118	0.2853
0.1861	0.2276	0.2413	0.2599	0.2549	0.2607	0.2971	0.3233	0.3308	0.3690	0.4533	0.4573	0.4829	0.5490	0.5400	0.5878	0.6900	0.6591	0.5924	0.5733	0.5917	0.6166	0.6212	0.6064	0.5977	0.6089	0.6173	0.6165	0.5923	0.6434	0.6436	0.6827	0.6981	0.7005	0.7495	0.7628	0.7538	0.7967	0.7179	0.7058	0.7239	0.6399	0.6591	0.6423	0.6047	0.5620	0.5360	0.5120	0.4583	0.4635	0.5007	0.4876	0.4808	0.4728	0.4447	0.4689	0.4492	0.4683	0.4228	0.3760	0.3723	0.3846	0.3456	0.3183	0.3225	0.3031	0.2836	0.2902	0.2832
0.1877	0.2005	0.2151	0.2273	0.2649	0.2783	0.3135	0.3384	0.3675	0.3659	0.4259	0.4323	0.4738	0.5577	0.5607	0.6139	0.6799	0.6697	0.6187	0.5616	0.6238	0.6578	0.6706	0.6277	0.6082	0.5521	0.5618	0.5575	0.5762	0.6397	0.6167	0.6347	0.7095	0.7164	0.7169	0.7100	0.7155	0.7089	0.6663	0.6553	0.6544	0.6191	0.5980	0.5765	0.5601	0.5342	0.5072	0.5141	0.4804	0.4701	0.4688	0.5008	0.4967	0.4623	0.4523	0.4602	0.4575	0.4461	0.3981	0.4217	0.3835	0.3593	0.3835	0.3261	0.3298	0.3073	0.2981	0.2806	0.2930
0.1895	0.1939	0.2233	0.2213	0.2478	0.2782	0.3081	0.3589	0.3540	0.3863	0.3968	0.4732	0.4982	0.5456	0.5425	0.5961	0.6368	0.6801	0.7206	0.6362	0.6858	0.6433	0.6042	0.5432	0.5807	0.5187	0.5408	0.5238	0.5567	0.5916	0.5914	0.5987	0.6228	0.6703	0.6866	0.6647	0.6732	0.6343	0.6153	0.6216	0.5975	0.5845	0.5860	0.5492	0.5474	0.5318	0.5510	0.4917	0.4706	0.4755	0.4461	0.4550	0.4924	0.4668	0.4483	0.4692	0.4661	0.4233	0.4089	0.3954	0.3777	0.3838	0.3932	0.3362	0.3234	0.3024	0.2643	0.2723	0.2757
0.1987	0.1836	0.2148	0.2234	0.2279	0.2859	0.3262	0.3403	0.3952	0.3864	0.4223	0.4682	0.5090	0.5164	0.5217	0.5287	0.5595	0.6342	0.6488	0.6328	0.5711	0.5584	0.5676	0.5939	0.5396	0.5212	0.5191	0.5433	0.5914	0.5868	0.5792	0.5692	0.5932	0.6158	0.6181	0.6283	0.6597	0.6042	0.6109	0.5745	0.5704	0.5680	0.5550	0.5398	0.5535	0.5057	0.5275	0.5264	0.4917	0.4904	0.4766	0.4566	0.4699	0.4710	0.4800	0.4539	0.4485	0.4422	0.4166	0.4100	0.3851	0.3695	0.3997	0.3298	0.3543	0.3046	0.2720	0.2726	0.2549
0.1943	0.2110	0.2578	0.2589	0.2379	0.2755	0.3146	0.3469	0.3758	0.3786	0.4424	0.4334	0.5122	0.5274	0.5061	0.5105	0.5617	0.5685	0.5590	0.5887	0.5716	0.5377	0.5349	0.5320	0.5328	0.5255	0.5353	0.5904	0.5873	0.5881	0.6246	0.6061	0.6177	0.6116	0.6038	0.6286	0.6067	0.5981	0.6044	0.5700	0.5689	0.5671	0.5493	0.5340	0.5386	0.5162	0.5425	0.5256	0.5038	0.5006	0.5172	0.4844	0.4643	0.4695	0.4988	0.4704	0.4296	0.4493	0.4206	0.4148	0.3804	0.3705	0.3615	0.3274	0.3146	0.3097	0.2817	0.2677	0.2507
0.2185	0.2411	0.2654	0.2746	0.2734	0.2604	0.3060	0.3450	0.3589	0.3600	0.4018	0.4094	0.4798	0.4813	0.4922	0.5073	0.5007	0.4966	0.5838	0.5518	0.5028	0.5002	0.5179	0.5509	0.5057	0.5033	0.5075	0.5444	0.5409	0.5910	0.6025	0.6241	0.6337	0.6123	0.5955	0.5935	0.5889	0.5837	0.6361	0.5839	0.5612	0.5376	0.5549	0.5266	0.5386	0.5100	0.5134	0.4983	0.5185	0.4788	0.4716	0.4796	0.4514	0.4546	0.4707	0.4593	0.4265	0.4293	0.4269	0.4561	0.3903	0.3871	0.3675	0.3146	0.3287	0.2950	0.2800	0.2820	0.2638
0.2457	0.2841	0.2510	0.2730	0.2931	0.3008	0.2995	0.3358	0.3496	0.3775	0.3854	0.4196	0.4435	0.4594	0.4493	0.4697	0.4882	0.5041	0.5380	0.5750	0.5087	0.5137	0.4939	0.5249	0.5455	0.5264	0.5139	0.5582	0.5785	0.6231	0.6163	0.6404	0.6040	0.5595	0.5571	0.5744	0.5743	0.5560	0.5824	0.5562	0.5630	0.5652	0.5444	0.5069	0.5276	0.4931	0.5105	0.5287	0.5210	0.4531	0.5003	0.4914	0.4842	0.4727	0.4648	0.4627	0.4713	0.4196	0.4055	0.4438	0.4111	0.3954	0.3563	0.3238	0.3234	0.3057	0.3105	0.3111	0.2820
0.2382	0.2258	0.2303	0.2542	0.2715	0.3218	0.3283	0.3441	0.3549	0.3712	0.3872	0.4064	0.4119	0.4756	0.4354	0.4656	0.4829	0.5096	0.5285	0.5402	0.5326	0.5472	0.5320	0.5857	0.5704	0.5197	0.5386	0.5950	0.5855	0.5779	0.5987	0.6105	0.6079	0.5973	0.5911	0.5699	0.6128	0.6028	0.5752	0.5357	0.5441	0.5570	0.5325	0.5229	0.4990	0.5005	0.5229	0.5087	0.4942	0.4813	0.4730	0.4633	0.4921	0.4705	0.4663	0.4392	0.4287	0.4236	0.3965	0.3971	0.4140	0.3657	0.3510	0.3385	0.3367	0.3112	0.2880	0.2871	0.2532
0.2222	0.2445	0.2473	0.2772	0.2819	0.2933	0.3424	0.3568	0.3798	0.3947	0.3720	0.3792	0.4272	0.4672	0.4620	0.4775	0.5259	0.5480	0.5305	0.5780	0.5765	0.5505	0.5395	0.5919	0.5670	0.5437	0.5543	0.6255	0.6088	0.6151	0.5922	0.5837	0.6247	0.6291	0.6006	0.5806	0.6320	0.5922	0.5404	0.5510	0.5483	0.5560	0.5370	0.5336	0.4977	0.4876	0.4997	0.4943	0.4758	0.4997	0.4906	0.4869	0.4853	0.4513	0.4525	0.4746	0.4333	0.4075	0.3973	0.3936	0.3718	0.3673	0.3504	0.3520	0.3285	0.3032	0.2971	0.3137	0.2797
0.2032	0.2509	0.2486	0.2654	0.3056	0.3111	0.3355	0.3767	0.4138	0.3895	0.3591	0.3789	0.4269	0.4665	0.4888	0.5096	0.5512	0.5460	0.5294	0.5630	0.5750	0.5773	0.5404	0.5822	0.5739	0.5649	0.5396	0.5715	0.6179	0.6081	0.6018	0.5863	0.6375	0.6267	0.6413	0.6227	0.6282	0.5592	0.5701	0.5599	0.5421	0.5632	0.5769	0.5430	0.5039	0.4641	0.4841	0.4878	0.4993	0.4798	0.4920	0.5079	0.5294	0.4786	0.4420	0.4473	0.4708	0.4301	0.3863	0.4048	0.3948	0.3557	0.3462	0.3328	0.3340	0.3053	0.3020	0.3115	0.2876
0.1915	0.2078	0.2251	0.2963	0.3064	0.3220	0.3534	0.3514	0.3867	0.3651	0.3456	0.3837	0.4677	0.4165	0.4606	0.5167	0.5164	0.5256	0.5463	0.5662	0.5584	0.5688	0.5584	0.5993	0.5763	0.5970	0.5652	0.6217	0.6461	0.6146	0.6247	0.6481	0.6589	0.6228	0.6423	0.6202	0.6105	0.5824	0.5804	0.5850	0.5255	0.5359	0.5759	0.5281	0.5105	0.5109	0.4887	0.5161	0.4903	0.4914	0.5012	0.5044	0.5087	0.5137	0.4957	0.4597	0.4378	0.4371	0.4068	0.3952	0.3810	0.3644	0.3882	0.3657	0.3310	0.3133	0.3198	0.3052	0.2871
0.1983	0.2230	0.2475	0.3074	0.3101	0.3287	0.3686	0.3443	0.4077	0.3630	0.3512	0.4166	0.4691	0.4642	0.4655	0.4850	0.5556	0.5491	0.5544	0.5662	0.5599	0.5690	0.5584	0.5859	0.6249	0.6106	0.5914	0.6457	0.6481	0.6267	0.6348	0.6724	0.6749	0.6702	0.6789	0.6681	0.6753	0.6437	0.6441	0.6055	0.5935	0.6030	0.5814	0.5557	0.5558	0.5255	0.5187	0.5233	0.5157	0.4961	0.4923	0.4781	0.4979	0.4805	0.5004	0.4806	0.4292	0.4198	0.3849	0.3898	0.3660	0.3764	0.3695	0.3530	0.3184	0.3132	0.3335	0.2890	0.2904
0.1925	0.2211	0.2923	0.2848	0.3072	0.3288	0.3699	0.3647	0.3547	0.3624	0.3775	0.3924	0.4461	0.5134	0.5101	0.5311	0.5271	0.5300	0.5238	0.5896	0.5946	0.5764	0.5768	0.5818	0.6040	0.6140	0.6101	0.6859	0.6866	0.6585	0.7003	0.6884	0.6872	0.7246	0.7224	0.6684	0.6815	0.7051	0.7339	0.6758	0.6503	0.6445	0.6178	0.6246	0.5793	0.5745	0.6046	0.5809	0.5483	0.5202	0.5127	0.4829	0.4784	0.4724	0.4643	0.4563	0.4466	0.4181	0.4019	0.3931	0.3828	0.3763	0.3524	0.3744	0.3253	0.3079	0.3133	0.3079	0.2928
0.1651	0.1884	0.2544	0.2559	0.3111	0.3312	0.3367	0.3791	0.3470	0.3346	0.4023	0.3912	0.4586	0.5198	0.4968	0.5296	0.5341	0.5146	0.5369	0.6002	0.6181	0.6063	0.6074	0.6338	0.6343	0.6681	0.6589	0.6816	0.6802	0.6909	0.6601	0.7137	0.7252	0.7378	0.7737	0.7425	0.7133	0.7162	0.7691	0.7140	0.7032	0.6914	0.6872	0.6697	0.6219	0.6563	0.6369	0.6145	0.5592	0.5976	0.5448	0.4900	0.4774	0.4980	0.4577	0.4496	0.4452	0.4347	0.4195	0.4313	0.4030	0.3964	0.3727	0.3451	0.3550	0.3223	0.3271	0.3101	0.2809
0.2015	0.2071	0.2303	0.2758	0.3109	0.3588	0.3836	0.3745	0.3645	0.3729	0.3830	0.4150	0.4752	0.5095	0.5309	0.5901	0.5950	0.5506	0.5608	0.6274	0.6338	0.6457	0.6124	0.6467	0.6722	0.6701	0.6622	0.7149	0.7200	0.6845	0.7107	0.7110	0.7467	0.7914	0.7982	0.7769	0.7385	0.7474	0.7354	0.7163	0.7141	0.7144	0.7793	0.7344	0.6931	0.6688	0.7268	0.7050	0.6921	0.6669	0.6458	0.5783	0.5176	0.4763	0.4517	0.4567	0.4453	0.4374	0.4257	0.4240	0.4063	0.3710	0.3723	0.3701	0.3577	0.3241	0.3375	0.3337	0.3073
0.1876	0.1956	0.2645	0.2852	0.2927	0.3428	0.3672	0.3825	0.3704	0.4012	0.3785	0.4216	0.4952	0.5219	0.5299	0.6193	0.6092	0.6268	0.6392	0.6436	0.6431	0.6664	0.6316	0.6582	0.6347	0.6723	0.6903	0.7213	0.7380	0.7237	0.7191	0.7669	0.7847	0.7989	0.7955	0.8291	0.8391	0.8100	0.7581	0.7295	0.7848	0.8209	0.7898	0.7860	0.7885	0.7253	0.7405	0.7197	0.7766	0.7571	0.6667	0.6556	0.5638	0.5047	0.4699	0.4667	0.4371	0.4375	0.4502	0.4217	0.3894	0.3779	0.4002	0.3611	0.3690	0.3308	0.3451	0.3377	0.3146
0.2126	0.2487	0.3020	0.3356	0.3207	0.3271	0.3685	0.3816	0.3864	0.3903	0.3854	0.4310	0.4695	0.5087	0.5849	0.6290	0.6593	0.7186	0.7267	0.6729	0.6709	0.7098	0.6912	0.6927	0.7020	0.7533	0.7581	0.7347	0.7663	0.7435	0.8007	0.8286	0.8325	0.8609	0.9032	0.9046	0.9146	0.8828	0.8549	0.8572	0.9024	0.8248	0.8714	0.8424	0.8442	0.7329	0.7547	0.8105	0.7913	0.7990	0.6222	0.6893	0.6571	0.6179	0.5231	0.4783	0.4505	0.4483	0.4643	0.4308	0.4265	0.4141	0.4016	0.3982	0.3996	0.3392	0.3628	0.3445	0.3774
0.2304	0.3318	0.3883	0.4362	0.3991	0.3905	0.4355	0.4353	0.4245	0.4283	0.4729	0.4600	0.4663	0.4685	0.5181	0.5862	0.6593	0.6803	0.7079	0.6870	0.6882	0.7776	0.7464	0.7562	0.8103	0.7904	0.7810	0.7790	0.7838	0.7955	0.8588	0.9170	0.9451	0.9695	0.9961	1.0000	0.9569	0.9579	0.9139	0.8126	0.7829	0.8108	0.8874	0.9247	0.8434	0.6800	0.5814	0.7795	0.8338	0.7099	0.4792	0.6543	0.7606	0.6853	0.5792	0.5328	0.4818	0.4572	0.4240	0.4353	0.4477	0.4253	0.4206	0.4301	0.3900	0.3665	0.3843	0.3684	0.3626
0.1407	0.2831	0.4230	0.5475	0.5929	0.6073	0.6835	0.6188	0.5759	0.5506	0.5375	0.5306	0.4839	0.5082	0.5593	0.5842	0.6380	0.6778	0.7086	0.7303	0.7794	0.8279	0.7949	0.7985	0.8120	0.7826	0.7891	0.8401	0.8499	0.8642	0.9020	0.9356	0.9438	0.9293	0.9199	0.8708	0.9360	0.9175	0.8327	0.5686	0.5103	0.6185	0.8174	0.8675	0.8617	0.7413	0.5067	0.6415	0.7339	0.5193	0.4173	0.5268	0.7408	0.7549	0.6780	0.6216	0.5285	0.4740	0.4709	0.4768	0.4622	0.4347	0.4381	0.4141	0.3944	0.3703	0.3851	0.3637	0.3427
0.0660	0.1000	0.1881	0.3124	0.4637	0.5742	0.6860	0.7156	0.7140	0.7134	0.6985	0.6915	0.6443	0.6336	0.6637	0.6495	0.6601	0.7238	0.7627	0.8185	0.8216	0.8243	0.8095	0.8078	0.8229	0.8053	0.8080	0.8174	0.8852	0.8926	0.8918	0.8921	0.7513	0.5702	0.5550	0.5379	0.7988	0.8512	0.6711	0.3761	0.3539	0.3814	0.5280	0.6577	0.8572	0.7360	0.4394	0.4120	0.4579	0.3769	0.3858	0.4250	0.5806	0.7837	0.7406	0.6982	0.6258	0.5701	0.5296	0.5228	0.4915	0.4468	0.4650	0.4356	0.4015	0.4063	0.4015	0.3827	0.3403
0.0201	0.0488	0.0900	0.1314	0.1377	0.2043	0.2865	0.4290	0.5102	0.6207	0.6906	0.7065	0.7696	0.7411	0.7637	0.7466	0.6971	0.7843	0.7656	0.7933	0.8523	0.8168	0.7713	0.7512	0.7466	0.6403	0.5590	0.5163	0.6206	0.7650	0.7467	0.6469	0.5170	0.3155	0.3114	0.3542	0.5549	0.6363	0.4494	0.2903	0.2821	0.2950	0.3414	0.4459	0.6854	0.5601	0.3539	0.3341	0.3272	0.3323	0.3896	0.4090	0.4701	0.7221	0.7875	0.7484	0.6724	0.6052	0.5466	0.5499	0.5062	0.4617	0.4828	0.4635	0.4546	0.4412	0.4039	0.3695	0.3451
0.0114	0.0396	0.0764	0.0715	0.0754	0.1015	0.1175	0.1270	0.1627	0.2628	0.3037	0.3535	0.5092	0.5651	0.6762	0.7199	0.7197	0.7506	0.7174	0.6333	0.6207	0.6433	0.5886	0.5465	0.4644	0.3188	0.2555	0.2795	0.3154	0.4334	0.3861	0.2689	0.2575	0.2360	0.2299	0.2271	0.2662	0.3129	0.2618	0.2358	0.2574	0.2499	0.2616	0.2791	0.3287	0.3021	0.2868	0.3145	0.2998	0.3125	0.3172	0.3460	0.3849	0.5115	0.6480	0.7848	0.7585	0.6824	0.6060	0.5842	0.5378	0.4901	0.4701	0.4781	0.4449	0.4390	0.4007	0.3770	0.3653
0.0193	0.0243	0.0465	0.0538	0.0653	0.0664	0.0862	0.0859	0.0920	0.1272	0.1252	0.1290	0.1550	0.2309	0.3180	0.4286	0.4641	0.3894	0.3038	0.2742	0.2620	0.2542	0.2614	0.2791	0.2153	0.1956	0.2027	0.2034	0.1988	0.1986	0.1964	0.2050	0.1914	0.1857	0.1905	0.1960	0.2011	0.2105	0.2084	0.2010	0.2200	0.2262	0.2274	0.2306	0.2365	0.2552	0.2512	0.2665	0.2831	0.2803	0.2868	0.3227	0.3384	0.3806	0.5544	0.8405	0.8084	0.7287	0.6327	0.6103	0.5835	0.5438	0.5242	0.4861	0.4588	0.4858	0.4533	0.4007	0.4001
0.0171	0.0236	0.0258	0.0415	0.0480	0.0616	0.0670	0.0759	0.0834	0.0923	0.0973	0.1069	0.1011	0.1053	0.1246	0.1463	0.1545	0.1488	0.1443	0.1462	0.1374	0.1443	0.1414	0.1663	0.1645	0.1448	0.1447	0.1546	0.1607	0.1725	0.1767	0.1750	0.1780	0.1716	0.1741	0.1656	0.1721	0.1878	0.1968	0.1817	0.1763	0.1923	0.1991	0.1999	0.1976	0.2169	0.2167	0.2332	0.2490	0.2666	0.2756	0.2879	0.3336	0.3795	0.5858	0.8344	0.7504	0.7523	0.6900	0.6127	0.5513	0.5330	0.5316	0.4920	0.4919	0.5102	0.4621	0.4433	0.4151
0.0242	0.0162	0.0213	0.0312	0.0463	0.0680	0.0629	0.0625	0.0713	0.0672	0.0736	0.0826	0.0855	0.0813	0.0903	0.1100	0.1031	0.1128	0.1135	0.1040	0.1085	0.1184	0.1110	0.1231	0.1192	0.1030	0.1154	0.1231	0.1304	0.1483	0.1461	0.1431	0.1415	0.1416	0.1545	0.1529	0.1578	0.1617	0.1617	0.1495	0.1534	0.1553	0.1596	0.1659	0.1842	0.1753	0.1823	0.2030	0.2027	0.2094	0.2236	0.2405	0.2785	0.3048	0.4566	0.7125	0.6741	0.7414	0.7086	0.6618	0.6239	0.5855	0.5711	0.5418	0.5163	0.4540	0.3443	0.4213	0.4334
0.0213	0.0237	0.0246	0.0520	0.0358	0.0532	0.0589	0.0606	0.0579	0.0636	0.0699	0.0775	0.0774	0.0744	0.0754	0.0880	0.0940	0.0759	0.0892	0.0892	0.0872	0.1039	0.0905	0.1023	0.0980	0.0930	0.0914	0.1053	0.1124	0.1071	0.1087	0.1189	0.1051	0.1195	0.1340	0.1264	0.1241	0.1300	0.1230	0.1249	0.1362	0.1257	0.1322	0.1552	0.1714	0.1621	0.1590	0.1696	0.1642	0.1746	0.1985	0.2127	0.2361	0.2497	0.2849	0.3709	0.4211	0.6686	0.7036	0.6587	0.6258	0.6073	0.5964	0.5555	0.5241	0.4467	0.3639	0.4666	0.4664
0.0156	0.0130	0.0267	0.0355	0.0400	0.0452	0.0459	0.0600	0.0499	0.0618	0.0635	0.0578	0.0666	0.0481	0.0629	0.0779	0.0859	0.0797	0.0822	0.0795	0.0815	0.0848	0.0879	0.0738	0.0864	0.0881	0.0770	0.0866	0.0944	0.0954	0.0915	0.0900	0.0890	0.0867	0.0984	0.0966	0.1028	0.1062	0.1023	0.0981	0.1012	0.1071	0.1138	0.1158	0.1289	0.1399	0.1385	0.1435	0.1436	0.1445	0.1624	0.1702	0.1899	0.2106	0.2340	0.2884	0.3359	0.5600	0.6902	0.6573	0.5668	0.4987	0.5390	0.5888	0.5112	0.4177	0.3886	0.4931	0.4503
0.0002	0.0028	0.0154	0.0223	0.0139	0.0307	0.0452	0.0572	0.0451	0.0381	0.0469	0.0440	0.0582	0.0507	0.0627	0.0773	0.0743	0.0793	0.0706	0.0758	0.0744	0.0702	0.0763	0.0708	0.0750	0.0776	0.0736	0.0764	0.0762	0.0813	0.0741	0.0771	0.0798	0.0688	0.0800	0.0714	0.0779	0.0791	0.0783	0.0779	0.0816	0.0824	0.0888	0.0917	0.0939	0.1075	0.1074	0.1159	0.1143	0.1167	0.1283	0.1395	0.1381	0.1496	0.1775	0.2145	0.2326	0.3898	0.5995	0.5382	0.3433	0.2716	0.3047	0.3833	0.3586	0.2886	0.3712	0.5049	0.4761
0.0084	0.0000	0.0145	0.0333	0.0131	0.0141	0.0299	0.0434	0.0463	0.0390	0.0531	0.0392	0.0634	0.0669	0.0641	0.0627	0.0593	0.0678	0.0589	0.0640	0.0704	0.0670	0.0672	0.0724	0.0751	0.0689	0.0774	0.0692	0.0650	0.0676	0.0699	0.0684	0.0696	0.0653	0.0695	0.0612	0.0667	0.0719	0.0680	0.0720	0.0670	0.0674	0.0768	0.0773	0.0837	0.0832	0.0873	0.0830	0.0848	0.0867	0.0913	0.1025	0.1063	0.1052	0.1256	0.1432	0.1533	0.1650	0.2454	0.2589	0.2213	0.1982	0.2016	0.2170	0.2186	0.2456	0.3344	0.4574	0.4536
0.0000	0.0052	0.0132	0.0165	0.0177	0.0179	0.0232	0.0289	0.0374	0.0396	0.0331	0.0400	0.0501	0.0540	0.0560	0.0529	0.0630	0.0568	0.0467	0.0573	0.0679	0.0571	0.0652	0.0774	0.0760	0.0760	0.0716	0.0572	0.0593	0.0568	0.0645	0.0676	0.0616	0.0636	0.0614	0.0634	0.0676	0.0694	0.0583	0.0611	0.0692	0.0749	0.0672	0.0738	0.0669	0.0638	0.0710	0.0678	0.0708	0.0758	0.0710	0.0721	0.0723	0.0848	0.0992	0.0986	0.1160	0.1078	0.1298	0.1403	0.1452	0.1386	0.1490	0.1562	0.1732	0.2031	0.2113	0.3062	0.3389
0.0000	0.0000	0.0052	0.0109	0.0150	0.0113	0.0117	0.0223	0.0245	0.0485	0.0394	0.0358	0.0432	0.0397	0.0533	0.0487	0.0538	0.0563	0.0490	0.0544	0.0509	0.0582	0.0682	0.0604	0.0669	0.0707	0.0602	0.0573	0.0573	0.0578	0.0537	0.0548	0.0560	0.0646	0.0570	0.0581	0.0670	0.0565	0.0555	0.0530	0.0710	0.0662	0.0611	0.0631	0.0602	0.0624	0.0649	0.0621	0.0665	0.0695	0.0717	0.0660	0.0667	0.0750	0.0831	0.0684	0.0732	0.0745	0.0836	0.0916	0.1021	0.1039	0.1096	0.1128	0.1397	0.1425	0.1453	0.1751	0.2062
0.0000	0.0000	0.0000	0.0043	0.0098	0.0027	0.0143	0.0337	0.0239	0.0307	0.0281	0.0277	0.0304	0.0235	0.0366	0.0411	0.0470	0.0411	0.0363	0.0493	0.0479	0.0455	0.0484	0.0498	0.0574	0.0545	0.0512	0.0467	0.0453	0.0511	0.0561	0.0542	0.0493	0.0569	0.0513	0.0539	0.0519	0.0456	0.0567	0.0601	0.0485	0.0512	0.0545	0.0538	0.0515	0.0568	0.0585	0.0580	0.0573	0.0540	0.0532	0.0626	0.0648	0.0626	0.0637	0.0622	0.0628	0.0731	0.0769	0.0845	0.0752	0.0696	0.0678	0.0831	0.0960	0.0938	0.1001	0.1208	0.1737
0.0000	0.0000	0.0000	0.0000	0.0000	0.0000	0.0170	0.0203	0.0193	0.0217	0.0188	0.0197	0.0156	0.0275	0.0306	0.0457	0.0337	0.0280	0.0356	0.0466	0.0412	0.0367	0.0381	0.0532	0.0504	0.0482	0.0519	0.0482	0.0460	0.0500	0.0462	0.0468	0.0553	0.0509	0.0459	0.0458	0.0417	0.0463	0.0468	0.0462	0.0486	0.0536	0.0536	0.0511	0.0529	0.0439	0.0553	0.0572	0.0515	0.0526	0.0570	0.0665	0.0586	0.0510	0.0605	0.0664	0.0692	0.0658	0.0716	0.0738	0.0652	0.0592	0.0684	0.0750	0.0767	0.0680	0.0750	0.0842	0.0914
0.0000	0.0000	0.0000	0.0000	0.0000	0.0000	0.0191	0.0190	0.0077	0.0091	0.0151	0.0304	0.0343	0.0328	0.0382	0.0375	0.0386	0.0352	0.0323	0.0339	0.0481	0.0474	0.0374	0.0448	0.0450	0.0405	0.0402	0.0470	0.0516	0.0472	0.0430	0.0448	0.0512	0.0498	0.0489	0.0430	0.0479	0.0474	0.0434	0.0456	0.0591	0.0465	0.0553	0.0591	0.0485	0.0463	0.0509	0.0526	0.0444	0.0497	0.0598	0.0560	0.0502	0.0530	0.0611	0.0594	0.0616	0.0586	0.0626	0.0623	0.0604	0.0613	0.0669	0.0595	0.0577	0.0568	0.0655	0.0671	0.0595
0.0000	0.0000	0.0000	0.0063	0.0000	0.0000	0.0000	0.0174	0.0036	0.0139	0.0327	0.0331	0.0332	0.0268	0.0301	0.0246	0.0328	0.0265	0.0296	0.0389	0.0373	0.0356	0.0405	0.0441	0.0451	0.0305	0.0405	0.0390	0.0440	0.0474	0.0402	0.0343	0.0380	0.0438	0.0391	0.0325	0.0448	0.0465	0.0411	0.0437	0.0552	0.0447	0.0454	0.0446	0.0425	0.0456	0.0530	0.0543	0.0532	0.0518	0.0546	0.0541	0.0496	0.0482	0.0546	0.0556	0.0553	0.0534	0.0576	0.0579	0.0472	0.0512	0.0519	0.0590	0.0553	0.0525	0.0506	0.0508	0.0500
0.0000	0.0000	0.0000	0.0000	0.0008	0.0005	0.0000	0.0053	0.0096	0.0171	0.0168	0.0093	0.0169	0.0142	0.0201	0.0254	0.0289	0.0260	0.0340	0.0460	0.0385	0.0330	0.0271	0.0279	0.0342	0.0349	0.0379	0.0371	0.0483	0.0464	0.0443	0.0375	0.0376	0.0364	0.0378	0.0443	0.0431	0.0457	0.0333	0.0317	0.0430	0.0407	0.0401	0.0401	0.0412	0.0439	0.0542	0.0457	0.0470	0.0443	0.0475	0.0416	0.0507	0.0471	0.0496	0.0555	0.0443	0.0433	0.0452	0.0487	0.0458	0.0452	0.0495	0.0488	0.0501	0.0504	0.0456	0.0417	0.0355
0.0000	0.0000	0.0000	0.0000	0.0000	0.0000	0.0000	0.0112	0.0059	0.0000	0.0163	0.0108	0.0185	0.0070	0.0185	0.0333	0.0342	0.0210	0.0254	0.0347	0.0370	0.0440	0.0285	0.0354	0.0292	0.0302	0.0169	0.0291	0.0395	0.0424	0.0564	0.0360	0.0378	0.0298	0.0398	0.0377	0.0349	0.0383	0.0320	0.0240	0.0347	0.0429	0.0373	0.0478	0.0494	0.0432	0.0485	0.0456	0.0365	0.0500	0.0504	0.0480	0.0437	0.0490	0.0498	0.0499	0.0485	0.0438	0.0517	0.0581	0.0617	0.0554	0.0560	0.0564	0.0557	0.0538	0.0499	0.0536	0.0483
