0.0000	0.0000	0.0000	0.0000	0.0000	0.0000	0.0074	0.0263	0.0127	0.0000	0.0108	0.0167	0.0162	0.0214	0.0128	0.0314	0.0285	0.0251	0.0267	0.0289	0.0346	0.0441	0.0425	0.0396	0.0453	0.0580	0.0676	0.0517	0.0409	0.0644	0.0605	0.0587	0.0632	0.0727	0.0846	0.0803	0.0639	0.0634	0.0706	0.0740	0.0878	0.0748	0.0649	0.0606	0.0595	0.0674	0.0744	0.0656	0.0771	0.0998	0.0800	0.0714	0.0723	0.0687	0.0791	0.0837	0.0637	0.0593	0.0660	0.0552	0.0542	0.0657	0.0402	0.0454	0.0464	0.0513	0.0425	0.0462	0.0354
0.0000	0.0000	0.0000	0.0000	0.0003	0.0063	0.0036	0.0168	0.0228	0.0000	0.0126	0.0167	0.0214	0.0388	0.0252	0.0256	0.0201	0.0304	0.0380	0.0308	0.0424	0.0425	0.0510	0.0602	0.0723	0.0686	0.0749	0.0605	0.0519	0.0825	0.0719	0.0776	0.0813	0.0745	0.0817	0.0712	0.0776	0.0720	0.0972	0.0789	0.0870	0.0639	0.0662	0.0643	0.0639	0.0734	0.0838	0.0799	0.0842	0.0945	0.0988	0.0740	0.0723	0.0804	0.0848	0.0693	0.0790	0.0633	0.0554	0.0724	0.0808	0.0749	0.0597	0.0607	0.0493	0.0473	0.0527	0.0442	0.0345
0.0000	0.0000	0.0000	0.0159	0.0154	0.0010	0.0049	0.0115	0.0130	0.0111	0.0289	0.0183	0.0201	0.0402	0.0374	0.0328	0.0337	0.0298	0.0303	0.0546	0.0556	0.0496	0.0439	0.0590	0.0746	0.0636	0.0695	0.0717	0.0659	0.0640	0.0783	0.0783	0.0685	0.0893	0.0810	0.0744	0.0939	0.0799	0.0849	0.0863	0.0859	0.0860	0.0727	0.0731	0.0685	0.0832	0.0990	0.0961	0.0898	0.0988	0.1120	0.1104	0.1031	0.0962	0.0837	0.0911	0.0968	0.0832	0.0699	0.0816	0.0941	0.0764	0.0850	0.0677	0.0640	0.0532	0.0555	0.0503	0.0544
0.0000	0.0000	0.0011	0.0196	0.0000	0.0133	0.0191	0.0175	0.0130	0.0057	0.0198	0.0502	0.0351	0.0256	0.0382	0.0456	0.0438	0.0412	0.0537	0.0804	0.0626	0.0622	0.0612	0.0520	0.0606	0.0667	0.0890	0.0752	0.0647	0.0691	0.0752	0.0696	0.0791	0.0858	0.0874	0.0760	0.0673	0.0894	0.0738	0.0758	0.0926	0.0906	0.0825	0.0711	0.0779	0.0924	0.0874	0.0839	0.0882	0.1035	0.1231	0.1102	0.1129	0.1020	0.1055	0.0986	0.0876	0.0904	0.0861	0.0823	0.1038	0.0957	0.0851	0.0730	0.0722	0.0619	0.0750	0.0650	0.0716
0.0000	0.0000	0.0155	0.0040	0.0044	0.0149	0.0257	0.0255	0.0283	0.0210	0.0210	0.0389	0.0461	0.0302	0.0329	0.0452	0.0490	0.0394	0.0446	0.0687	0.0586	0.0558	0.0722	0.0830	0.0691	0.0639	0.0818	0.0667	0.0670	0.0899	0.0905	0.0810	0.0915	0.0866	0.0860	0.0813	0.0731	0.0916	0.0781	0.0727	0.0915	0.0861	0.0827	0.0876	0.0896	0.0995	0.1014	0.0886	0.0957	0.1137	0.1044	0.1145	0.1093	0.1108	0.0999	0.0912	0.0963	0.1006	0.1057	0.0909	0.1045	0.1102	0.1050	0.0914	0.0831	0.0739	0.0945	0.0840	0.0778
0.0000	0.0070	0.0002	0.0162	0.0091	0.0070	0.0117	0.0269	0.0166	0.0242	0.0446	0.0426	0.0588	0.0473	0.0476	0.0480	0.0579	0.0534	0.0476	0.0600	0.0696	0.0639	0.0647	0.0852	0.0822	0.0755	0.0613	0.0667	0.0818	0.0898	0.0805	0.0778	0.1133	0.1083	0.1020	0.1035	0.1020	0.0985	0.0871	0.0743	0.0840	0.1052	0.0995	0.0871	0.0817	0.1073	0.0951	0.1149	0.1181	0.1182	0.1184	0.1241	0.1351	0.1321	0.1147	0.1160	0.1039	0.0895	0.1120	0.1048	0.1109	0.1129	0.1133	0.1250	0.0995	0.0914	0.0951	0.0956	0.0853
0.0000	0.0000	0.0091	0.0197	0.0199	0.0153	0.0187	0.0287	0.0263	0.0300	0.0546	0.0503	0.0443	0.0443	0.0579	0.0531	0.0672	0.0594	0.0594	0.0803	0.0810	0.0714	0.0624	0.0689	0.0770	0.0895	0.0893	0.0915	0.0954	0.0857	0.0824	0.0905	0.1056	0.1172	0.0975	0.0937	0.1071	0.1051	0.0994	0.0987	0.0925	0.1142	0.1056	0.0884	0.0990	0.0995	0.1094	0.1309	0.1281	0.1252	0.1376	0.1473	0.1436	0.1375	0.1426	0.1412	0.1276	0.1124	0.1306	0.1301	0.1155	0.1306	0.1338	0.1541	0.1262	0.0981	0.1026	0.1098	0.1195
0.0128	0.0135	0.0285	0.0236	0.0207	0.0241	0.0242	0.0477	0.0391	0.0401	0.0456	0.0436	0.0433	0.0487	0.0573	0.0575	0.0624	0.0634	0.0660	0.0690	0.0746	0.0988	0.0848	0.0706	0.0995	0.0828	0.0947	0.0955	0.0947	0.0970	0.1068	0.0984	0.1108	0.1214	0.1289	0.1097	0.1236	0.1136	0.1110	0.1130	0.1053	0.1194	0.1247	0.0992	0.0960	0.1211	0.1300	0.1312	0.1369	0.1493	0.1721	0.1733	0.1476	0.1463	0.1499	0.1675	0.1342	0.1355	0.1470	0.1357	0.1468	0.1470	0.1944	0.1739	0.1714	0.1371	0.1423	0.1400	0.1347
0.0160	0.0174	0.0313	0.0218	0.0225	0.0460	0.0291	0.0369	0.0418	0.0429	0.0535	0.0518	0.0549	0.0549	0.0702	0.0661	0.0590	0.0721	0.0772	0.0978	0.0897	0.0820	0.0956	0.0806	0.1021	0.0970	0.0900	0.0947	0.1109	0.1083	0.1074	0.1016	0.1356	0.1313	0.1283	0.1271	0.1142	0.1149	0.1293	0.1304	0.1061	0.1108	0.1399	0.1193	0.1216	0.1351	0.1505	0.1540	0.1925	0.2307	0.2682	0.2837	0.2577	0.2126	0.1722	0.1811	0.1606	0.1537	0.1681	0.1840	0.2101	0.3126	0.3158	0.2223	0.1777	0.1826	0.1839	0.1657	0.1676
0.0037	0.0072	0.0279	0.0252	0.0275	0.0335	0.0408	0.0458	0.0374	0.0439	0.0578	0.0623	0.0723	0.0752	0.0853	0.0688	0.0769	0.0850	0.0998	0.0974	0.0970	0.1070	0.1017	0.1002	0.1124	0.1047	0.1248	0.1254	0.1204	0.1058	0.1202	0.1119	0.1296	0.1338	0.1300	0.1199	0.1255	0.1386	0.1356	0.1321	0.1276	0.1267	0.1346	0.1340	0.1451	0.1686	0.2016	0.1964	0.2824	0.4564	0.5390	0.6000	0.4855	0.2866	0.2185	0.2157	0.2139	0.2045	0.2123	0.2245	0.2924	0.4607	0.3876	0.3354	0.3067	0.2656	0.2366	0.2148	0.1906
0.0033	0.0074	0.0324	0.0297	0.0367	0.0374	0.0395	0.0427	0.0499	0.0539	0.0749	0.0579	0.0631	0.0696	0.0777	0.0898	0.0833	0.0874	0.0886	0.0919	0.1043	0.1045	0.1037	0.0995	0.1138	0.1254	0.1146	0.1327	0.1265	0.1076	0.1156	0.1242	0.1316	0.1312	0.1464	0.1362	0.1553	0.1602	0.1438	0.1599	0.1529	0.1394	0.1607	0.1707	0.1821	0.2081	0.2356	0.2896	0.4851	0.7596	0.7298	0.7385	0.6302	0.4168	0.3529	0.4074	0.3482	0.2500	0.2649	0.2825	0.3455	0.4602	0.4184	0.4152	0.4143	0.3135	0.3241	0.2627	0.2154
0.0136	0.0164	0.0258	0.0374	0.0298	0.0407	0.0444	0.0531	0.0743	0.0626	0.0792	0.0751	0.0778	0.0859	0.0771	0.0833	0.0898	0.0963	0.1038	0.0909	0.1211	0.1249	0.1066	0.1056	0.1195	0.1269	0.1244	0.1180	0.1384	0.1234	0.1274	0.1504	0.1628	0.1575	0.1644	0.1512	0.1714	0.1881	0.1896	0.1972	0.1830	0.1868	0.2236	0.2135	0.2245	0.2571	0.3002	0.3657	0.6332	0.8127	0.7207	0.7286	0.6704	0.5695	0.5448	0.6454	0.5047	0.3419	0.3240	0.3179	0.4756	0.5462	0.4316	0.4553	0.4250	0.3453	0.3204	0.2778	0.2585
0.0168	0.0278	0.0318	0.0347	0.0368	0.0393	0.0404	0.0622	0.0806	0.0599	0.0782	0.0914	0.1072	0.0668	0.0715	0.0856	0.1219	0.1151	0.1130	0.1198	0.1308	0.1455	0.1326	0.1393	0.1373	0.1528	0.1386	0.1273	0.1452	0.1444	0.1578	0.1687	0.1824	0.2132	0.2045	0.1890	0.2102	0.2365	0.2404	0.2490	0.2466	0.2353	0.2602	0.2497	0.2748	0.2974	0.3604	0.4650	0.7630	0.7936	0.7506	0.7062	0.6886	0.7055	0.6340	0.6732	0.5922	0.4654	0.3971	0.3619	0.4635	0.5779	0.4833	0.4810	0.4612	0.4064	0.3700	0.3541	0.3307
0.0263	0.0224	0.0470	0.0458	0.0369	0.0348	0.0591	0.0672	0.0683	0.0732	0.0908	0.1130	0.1165	0.0986	0.0944	0.1034	0.1382	0.1302	0.1240	0.1312	0.1385	0.1490	0.1514	0.1546	0.1695	0.1728	0.1693	0.1890	0.1818	0.1926	0.2068	0.2103	0.2306	0.2524	0.2789	0.2667	0.2931	0.3281	0.3399	0.3056	0.2956	0.2902	0.3303	0.3123	0.3424	0.3648	0.4001	0.5561	0.7840	0.7214	0.7576	0.7263	0.7090	0.7001	0.6580	0.6818	0.5988	0.5717	0.5364	0.4520	0.4409	0.5548	0.5105	0.4619	0.4285	0.3792	0.3984	0.3499	0.3473
0.0214	0.0264	0.0598	0.0672	0.0621	0.0659	0.0868	0.1109	0.1109	0.1128	0.1284	0.1374	0.1478	0.1482	0.1754	0.1596	0.1971	0.2122	0.1761	0.1761	0.2077	0.2112	0.1975	0.2034	0.1990	0.2147	0.2220	0.2308	0.2328	0.2961	0.2783	0.3051	0.3649	0.4579	0.4484	0.4191	0.6211	0.7307	0.7047	0.5003	0.3485	0.3793	0.4101	0.3799	0.3907	0.4599	0.4829	0.6359	0.8200	0.7388	0.7283	0.7206	0.6845	0.5904	0.6023	0.6401	0.6183	0.5935	0.5382	0.5446	0.4429	0.4694	0.4650	0.4582	0.4052	0.3461	0.3657	0.3278	0.3245
0.0144	0.0382	0.0656	0.0731	0.0914	0.1071	0.1151	0.1427	0.1831	0.2125	0.2271	0.2566	0.2815	0.2801	0.3124	0.3544	0.4129	0.3744	0.3696	0.3574	0.3262	0.3099	0.2847	0.3037	0.2900	0.3275	0.3421	0.3262	0.3969	0.5645	0.5574	0.5174	0.6463	0.8672	0.8710	0.6954	0.8492	0.9083	0.8669	0.6944	0.5197	0.6151	0.6413	0.5030	0.4597	0.6908	0.7736	0.7612	0.7960	0.7784	0.7183	0.7090	0.6987	0.6142	0.6007	0.6319	0.6013	0.5802	0.5451	0.5946	0.4975	0.4102	0.4648	0.4596	0.3883	0.3415	0.3547	0.3374	0.3131
0.0346	0.0541	0.0849	0.0923	0.1390	0.2165	0.2497	0.3353	0.3938	0.4563	0.5201	0.5457	0.6140	0.5641	0.5899	0.6305	0.6447	0.6562	0.6559	0.6652	0.7073	0.6558	0.6040	0.6093	0.6229	0.6284	0.5840	0.5902	0.6630	0.8165	0.8726	0.8971	0.9480	1.0000	0.9876	0.9447	0.9383	0.8832	0.8667	0.7602	0.7178	0.8138	0.8334	0.6751	0.6172	0.7640	0.7964	0.7601	0.7208	0.7214	0.7106	0.7511	0.6875	0.6565	0.6187	0.6092	0.5969	0.5671	0.5698	0.5618	0.5133	0.4136	0.4671	0.4390	0.3818	0.3346	0.3339	0.3084	0.3184
0.0709	0.0864	0.1413	0.2239	0.2916	0.4374	0.5077	0.6093	0.6308	0.5525	0.5695	0.5796	0.5536	0.5571	0.5736	0.6425	0.6630	0.6954	0.7576	0.7825	0.8205	0.8463	0.7472	0.7350	0.7304	0.6990	0.7015	0.7291	0.6824	0.7698	0.8079	0.8941	0.9112	0.8940	0.8621	0.8631	0.8349	0.8019	0.7930	0.7822	0.7483	0.7374	0.7600	0.7078	0.7208	0.6981	0.7382	0.7276	0.7139	0.6853	0.6725	0.7101	0.6556	0.6516	0.5926	0.5726	0.5244	0.5133	0.5614	0.5085	0.5300	0.5216	0.4589	0.4227	0.3575	0.3057	0.3197	0.3144	0.3039
0.0981	0.1908	0.3173	0.4197	0.5137	0.5607	0.5602	0.5259	0.5506	0.4889	0.4649	0.4792	0.4833	0.4744	0.4937	0.5463	0.5902	0.6365	0.6807	0.6619	0.7041	0.7560	0.7049	0.6475	0.6330	0.6529	0.6756	0.6218	0.6535	0.7217	0.7364	0.7384	0.8045	0.8437	0.7654	0.7253	0.7176	0.7175	0.7026	0.6951	0.6695	0.6331	0.6869	0.6878	0.7097	0.6932	0.6569	0.6726	0.6547	0.6420	0.6578	0.6095	0.6342	0.5973	0.5645	0.5290	0.4851	0.4730	0.5088	0.5020	0.5185	0.4607	0.4528	0.3952	0.3521	0.3103	0.3202	0.2992	0.3114
0.2023	0.3028	0.3522	0.3812	0.3662	0.3772	0.4008	0.4044	0.4247	0.4011	0.3833	0.4042	0.4819	0.4378	0.4388	0.4987	0.5200	0.5956	0.5792	0.6267	0.6439	0.6738	0.6674	0.6468	0.6363	0.6395	0.6280	0.6172	0.6524	0.6919	0.6965	0.6857	0.6892	0.7231	0.6887	0.6496	0.6393	0.6267	0.6236	0.5845	0.6078	0.6203	0.6092	0.6147	0.6308	0.6124	0.6149	0.6168	0.6226	0.6260	0.5987	0.5839	0.5911	0.5727	0.5357	0.5333	0.5173	0.4852	0.4818	0.4647	0.4548	0.4554	0.4166	0.3910	0.3439	0.3397	0.3260	0.3161	0.3123
0.2218	0.2703	0.2686	0.2659	0.2864	0.3079	0.3455	0.3295	0.3179	0.3390	0.3866	0.3976	0.4843	0.4466	0.4273	0.4883	0.5103	0.5682	0.5410	0.5548	0.6238	0.6254	0.6403	0.6106	0.5687	0.5890	0.5940	0.5788	0.6088	0.5971	0.6492	0.6394	0.6287	0.6725	0.6350	0.6150	0.6494	0.6303	0.5821	0.5876	0.5971	0.5765	0.5486	0.5714	0.5361	0.5260	0.5864	0.6061	0.5994	0.6103	0.6022	0.5497	0.5326	0.6021	0.5683	0.5200	0.5064	0.4743	0.4730	0.4487	0.4562	0.4477	0.3931	0.3607	0.3504	0.3248	0.3265	0.3057	0.2992
0.1973	0.2124	0.2553	0.2424	0.2544	0.2781	0.3156	0.3222	0.2991	0.3574	0.3769	0.3810	0.4395	0.4799	0.5036	0.4960	0.5437	0.5789	0.5617	0.5803	0.5893	0.6266	0.6665	0.5894	0.5775	0.5902	0.5682	0.5391	0.5447	0.5760	0.5815	0.5574	0.5729	0.5832	0.5994	0.5689	0.6048	0.6103	0.5781	0.5694	0.6249	0.5581	0.5448	0.5401	0.5341	0.5326	0.5605	0.5750	0.5526	0.5536	0.6229	0.5831	0.5436	0.5746	0.5248	0.5345	0.5219	0.4999	0.4628	0.4259	0.4368	0.4181	0.3704	0.3540	0.3535	0.3499	0.3381	0.3105	0.3175
0.1700	0.2013	0.2112	0.2274	0.2424	0.2689	0.3009	0.3129	0.3197	0.3201	0.3571	0.4117	0.4186	0.4539	0.4930	0.5441	0.5796	0.5691	0.5647	0.5648	0.6078	0.6818	0.6240	0.5997	0.5979	0.5185	0.5341	0.5480	0.5424	0.5741	0.5580	0.5394	0.5605	0.5916	0.5545	0.5474	0.5651	0.5877	0.5904	0.5367	0.5422	0.5164	0.4995	0.5219	0.5340	0.5488	0.5471	0.5432	0.5539	0.5487	0.5902	0.5809	0.6201	0.5621	0.5497	0.5702	0.5435	0.4848	0.4481	0.4576	0.4436	0.4258	0.3777	0.3870	0.3555	0.3469	0.3318	0.3205	0.2865
0.1726	0.1918	0.2112	0.2313	0.2556	0.2749	0.3052	0.3171	0.3197	0.3150	0.3382	0.3659	0.3870	0.4296	0.4379	0.5417	0.5852	0.6009	0.6279	0.6213	0.5923	0.6372	0.5950	0.5058	0.5407	0.4992	0.5051	0.5112	0.5266	0.5419	0.5422	0.5489	0.5648	0.6269	0.5981	0.5503	0.5858	0.5906	0.5513	0.5239	0.5308	0.5293	0.5576	0.5335	0.5287	0.5566	0.5576	0.5299	0.5350	0.5471	0.5478	0.5282	0.5892	0.5729	0.5133	0.5814	0.5376	0.4838	0.4727	0.4423	0.4659	0.4317	0.3898	0.3775	0.3416	0.3193	0.3167	0.3176	0.3104
0.1794	0.1984	0.2248	0.2106	0.2357	0.2667	0.2810	0.2785	0.3165	0.3677	0.3640	0.3923	0.4094	0.4277	0.4202	0.4617	0.5310	0.5760	0.5799	0.6141	0.5556	0.5698	0.5717	0.5416	0.5017	0.5059	0.4780	0.5147	0.5406	0.5460	0.5460	0.5544	0.5820	0.6094	0.5880	0.5825	0.5995	0.5565	0.5730	0.5381	0.5502	0.5707	0.5731	0.5307	0.5348	0.5208	0.5311	0.5488	0.5598	0.5583	0.5469	0.5406	0.5609	0.5415	0.5204	0.5464	0.5272	0.4731	0.4560	0.4560	0.4414	0.3809	0.4074	0.3607	0.3431	0.3115	0.2879	0.2894	0.2742
0.1846	0.1888	0.1989	0.2206	0.2443	0.2554	0.2747	0.2879	0.3386	0.3702	0.3821	0.3725	0.4093	0.4262	0.4186	0.4806	0.5261	0.4942	0.4898	0.5549	0.5629	0.5208	0.4960	0.4789	0.4946	0.5360	0.5293	0.5268	0.5403	0.5707	0.6054	0.5811	0.6266	0.6091	0.5834	0.5851	0.5868	0.5919	0.6037	0.5682	0.5541	0.5792	0.5389	0.5317	0.5656	0.5597	0.5461	0.5627	0.5602	0.5441	0.5566	0.5692	0.5262	0.5231	0.5380	0.5245	0.5047	0.4883	0.4709	0.4459	0.4268	0.3978	0.3912	0.3551	0.3393	0.3030	0.3027	0.2866	0.2685
0.1623	0.1741	0.1950	0.2340	0.2241	0.2328	0.2607	0.3062	0.3237	0.3675	0.3866	0.3876	0.3970	0.4285	0.4363	0.4572	0.4779	0.4623	0.5115	0.5248	0.5120	0.4754	0.4870	0.5123	0.5308	0.5335	0.5258	0.5200	0.5383	0.5938	0.6248	0.6312	0.6480	0.6405	0.6090	0.5674	0.5888	0.5710	0.6159	0.6012	0.5841	0.5517	0.5474	0.5249	0.5666	0.5392	0.5163	0.5194	0.5468	0.5491	0.5367	0.5352	0.5268	0.5355	0.5046	0.5034	0.4856	0.4550	0.4465	0.4769	0.4237	0.4071	0.3985	0.3538	0.3337	0.3060	0.3152	0.3011	0.3091
0.1559	0.1822	0.2201	0.2604	0.2391	0.2557	0.2693	0.3158	0.3139	0.3742	0.3829	0.3973	0.3801	0.4327	0.4599	0.4574	0.4701	0.4636	0.4877	0.5320	0.4983	0.4890	0.4672	0.5212	0.5343	0.5785	0.5600	0.5485	0.5486	0.5774	0.6137	0.6406	0.5995	0.6204	0.5789	0.5974	0.6170	0.5953	0.6156	0.5929	0.6108	0.5671	0.5584	0.5039	0.5218	0.5370	0.5314	0.5187	0.5277	0.5244	0.5672	0.5767	0.5602	0.5514	0.4914	0.4885	0.5195	0.4621	0.4448	0.4990	0.4783	0.4156	0.3967	0.3596	0.3469	0.3414	0.3230	0.3235	0.3124
0.1603	0.1518	0.1897	0.2243	0.2324	0.2651	0.2598	0.2719	0.3333	0.3628	0.3608	0.3501	0.3758	0.4155	0.4205	0.4367	0.4407	0.4659	0.4907	0.4879	0.5195	0.5064	0.5132	0.5429	0.5403	0.5403	0.5911	0.5938	0.6157	0.5767	0.6383	0.6601	0.6477	0.6321	0.5803	0.6191	0.6348	0.6622	0.6307	0.6242	0.6008	0.5722	0.5588	0.5204	0.5219	0.5184	0.5505	0.5501	0.5595	0.5632	0.5720	0.5471	0.5332	0.5534	0.5196	0.4986	0.4911	0.4741	0.4663	0.4567	0.4640	0.4268	0.4021	0.3942	0.3662	0.3408	0.3244	0.3111	0.3078
0.1560	0.1836	0.2153	0.2333	0.2295	0.2599	0.2635	0.2822	0.3188	0.3599	0.4075	0.3987	0.4130	0.4175	0.3802	0.4182	0.4663	0.5070	0.5022	0.5041	0.4912	0.5030	0.5153	0.5342	0.5324	0.5621	0.5692	0.6259	0.6340	0.6177	0.6268	0.6667	0.6788	0.6565	0.6132	0.6325	0.6550	0.6741	0.6087	0.5898	0.6165	0.6082	0.5867	0.5898	0.5490	0.5243	0.5740	0.5700	0.5506	0.5688	0.5728	0.5744	0.5619	0.5461	0.5176	0.5231	0.4769	0.4612	0.4691	0.4541	0.4324	0.4352	0.4262	0.4050	0.3811	0.3598	0.3407	0.3610	0.3448
0.1348	0.1762	0.2151	0.2192	0.2301	0.2522	0.2694	0.3104	0.3504	0.3739	0.3945	0.4127	0.4060	0.4001	0.4027	0.4149	0.4534	0.4706	0.4905	0.5208	0.5066	0.5482	0.5298	0.5540	0.5748	0.5531	0.5354	0.6047	0.6072	0.6244	0.6266	0.6604	0.6762	0.6577	0.6527	0.6527	0.6768	0.6198	0.6250	0.6117	0.5589	0.6265	0.6088	0.5702	0.5790	0.5469	0.5881	0.5397	0.5811	0.6085	0.5862	0.6190	0.6147	0.5800	0.5295	0.5297	0.4956	0.4810	0.4749	0.4740	0.4363	0.4412	0.4249	0.3878	0.3693	0.3553	0.3571	0.3297	0.3353
0.1436	0.1517	0.2013	0.2464	0.2390	0.2620	0.2688	0.3082	0.3596	0.3815	0.3788	0.3534	0.3666	0.3852	0.4098	0.4413	0.4642	0.4545	0.4881	0.5019	0.5106	0.5425	0.5442	0.5566	0.5661	0.5985	0.5857	0.6066	0.6498	0.6092	0.6415	0.6601	0.6762	0.6191	0.6576	0.6377	0.6601	0.6501	0.6414	0.6229	0.5803	0.5891	0.6108	0.5487	0.5729	0.5762	0.5578	0.5947	0.5837	0.6118	0.6399	0.6008	0.5983	0.6152	0.5835	0.5421	0.5168	0.5099	0.4707	0.4622	0.4603	0.4656	0.4462	0.3955	0.3726	0.3578	0.3629	0.3286	0.3228
0.1470	0.1594	0.2013	0.2347	0.2362	0.2762	0.2883	0.2914	0.3473	0.3575	0.3479	0.3545	0.3723	0.3940	0.4193	0.4351	0.4665	0.4676	0.4814	0.5168	0.5487	0.5271	0.5237	0.5641	0.5978	0.5853	0.5809	0.5991	0.6472	0.6134	0.6465	0.6419	0.6515	0.6601	0.6769	0.6532	0.6765	0.6577	0.6547	0.6253	0.6241	0.6137	0.5951	0.5958	0.5803	0.5299	0.5794	0.5954	0.6300	0.6071	0.6280	0.6235	0.6607	0.6183	0.5967	0.5748	0.5522	0.5354	0.4902	0.4656	0.4863	0.4731	0.4359	0.3965	0.3881	0.3540	0.3621	0.3478	0.3503
0.1391	0.1748	0.2064	0.2277	0.2506	0.2611	0.2968	0.3137	0.3433	0.3403	0.3522	0.3773	0.3787	0.4167	0.3954	0.4452	0.4559	0.4680	0.4580	0.4997	0.5418	0.5083	0.5135	0.5542	0.5663	0.5676	0.5489	0.6031	0.6360	0.6466	0.6795	0.6986	0.6527	0.6669	0.6769	0.6585	0.6398	0.6412	0.6653	0.5990	0.6079	0.6036	0.5780	0.5874	0.5607	0.5714	0.6164	0.5988	0.6379	0.6731	0.6762	0.6317	0.6489	0.6037	0.5830	0.5888	0.5795	0.5461	0.5253	0.5114	0.4857	0.4867	0.4564	0.4534	0.3873	0.3893	0.3892	0.3733	0.3667
0.1481	0.1856	0.2210	0.2227	0.2636	0.2645	0.2812	0.3455	0.3513	0.3304	0.3585	0.3767	0.4105	0.4310	0.4210	0.4512	0.4870	0.4721	0.5054	0.5386	0.5213	0.5264	0.5245	0.5613	0.6135	0.5835	0.5624	0.5889	0.6116	0.6486	0.6704	0.6663	0.6430	0.6931	0.6967	0.6782	0.6508	0.6464	0.6719	0.6151	0.6531	0.6033	0.6306	0.5952	0.5864	0.5867	0.6052	0.6335	0.6220	0.6855	0.6754	0.6399	0.6641	0.6888	0.6180	0.6109	0.5974	0.5926	0.5608	0.5548	0.4951	0.4664	0.4605	0.4715	0.4475	0.4468	0.4109	0.3910	0.3562
0.1440	0.1800	0.2032	0.2090	0.2360	0.2939	0.3157	0.3192	0.3373	0.3285	0.3560	0.4071	0.4157	0.4428	0.4342	0.4540	0.4700	0.4872	0.5141	0.5698	0.5436	0.5682	0.5401	0.5577	0.6027	0.5848	0.6003	0.6174	0.6564	0.6186	0.6505	0.6417	0.6677	0.7082	0.6709	0.6598	0.6673	0.6458	0.6187	0.6439	0.6449	0.6138	0.6422	0.6075	0.6104	0.6366	0.6622	0.6566	0.6818	0.7006	0.6914	0.6807	0.6727	0.6531	0.6132	0.6066	0.5542	0.5834	0.5463	0.5375	0.5356	0.4787	0.4820	0.4713	0.4356	0.4359	0.4211	0.4089	0.3973
0.1318	0.1628	0.2094	0.2232	0.2608	0.3134	0.3306	0.3412	0.3369	0.3622	0.3501	0.4291	0.4315	0.4469	0.4551	0.4709	0.4978	0.5193	0.5449	0.5827	0.6178	0.6261	0.5726	0.5924	0.5440	0.5685	0.6154	0.6118	0.6795	0.6446	0.6370	0.6777	0.6944	0.7071	0.6637	0.6731	0.6876	0.6550	0.6173	0.6482	0.6557	0.6518	0.6277	0.6390	0.6202	0.6374	0.6579	0.6753	0.7407	0.7417	0.7237	0.6963	0.6864	0.6398	0.5995	0.6105	0.5529	0.5791	0.5888	0.5371	0.5079	0.5014	0.4994	0.4471	0.4200	0.4165	0.3959	0.3666	0.3919
0.1545	0.1902	0.2262	0.2331	0.2586	0.3109	0.3468	0.3596	0.3596	0.3438	0.3643	0.4041	0.4130	0.4135	0.5052	0.5363	0.5940	0.6554	0.6153	0.6314	0.6539	0.7190	0.6821	0.6577	0.6331	0.6644	0.6075	0.6220	0.6931	0.6635	0.7285	0.7094	0.7116	0.7231	0.7397	0.7187	0.7256	0.7140	0.6951	0.6763	0.6720	0.6494	0.6669	0.6884	0.6983	0.6823	0.7311	0.7533	0.7835	0.8026	0.7909	0.7551	0.7266	0.7160	0.6394	0.6341	0.6330	0.6137	0.5995	0.5487	0.5498	0.5121	0.4776	0.4808	0.4914	0.4507	0.4553	0.3973	0.4126
0.1783	0.2563	0.2925	0.3230	0.3336	0.3625	0.3812	0.3852	0.3920	0.4063	0.4237	0.4319	0.4589	0.4854	0.5059	0.5399	0.6566	0.6533	0.6640	0.6861	0.7017	0.7354	0.7561	0.6948	0.7196	0.7080	0.6926	0.6856	0.7150	0.7130	0.7565	0.7927	0.8325	0.8050	0.8087	0.7838	0.7913	0.8079	0.7691	0.7400	0.7487	0.7229	0.7761	0.7933	0.7656	0.7378	0.7747	0.7756	0.7207	0.7514	0.8105	0.8012	0.7465	0.6995	0.6245	0.6438	0.6469	0.6561	0.6343	0.6121	0.5886	0.5751	0.5297	0.5394	0.4862	0.4690	0.4544	0.4382	0.4195
0.1216	0.2105	0.3399	0.4212	0.4632	0.4840	0.5245	0.5127	0.5178	0.5243	0.4902	0.5139	0.5241	0.5370	0.5820	0.6029	0.6615	0.6821	0.7354	0.7696	0.7690	0.7675	0.7552	0.7656	0.7662	0.7529	0.7438	0.7391	0.7790	0.8077	0.8550	0.8394	0.8910	0.9133	0.9027	0.8744	0.8855	0.8476	0.8485	0.7900	0.7848	0.7574	0.7178	0.6937	0.6534	0.6565	0.7337	0.6371	0.6152	0.7984	0.8552	0.7970	0.7821	0.7229	0.6609	0.6420	0.6575	0.6804	0.7056	0.6818	0.6611	0.6321	0.5664	0.5589	0.5102	0.4963	0.4728	0.4501	0.4135
0.0582	0.0884	0.1552	0.2466	0.3748	0.4897	0.5630	0.5734	0.5990	0.6561	0.6735	0.6176	0.6100	0.6276	0.6687	0.6859	0.7018	0.7626	0.8067	0.8326	0.8807	0.8872	0.8265	0.8211	0.8098	0.7971	0.8060	0.8291	0.8844	0.8298	0.7970	0.8067	0.7275	0.6146	0.6913	0.8046	0.7919	0.7332	0.8549	0.7839	0.6392	0.4270	0.3633	0.3551	0.3749	0.3863	0.4557	0.4630	0.6728	0.8658	0.8017	0.7939	0.7580	0.7422	0.6798	0.6709	0.6727	0.7050	0.7047	0.7199	0.6990	0.6639	0.6181	0.5562	0.5447	0.5202	0.5048	0.4834	0.4259
0.0436	0.0551	0.0880	0.0955	0.1550	0.2044	0.2308	0.3086	0.3839	0.4122	0.4882	0.5125	0.5405	0.5958	0.6778	0.6934	0.7201	0.7251	0.7139	0.7517	0.7806	0.7035	0.6844	0.6492	0.5484	0.5161	0.5537	0.5515	0.5116	0.4077	0.3575	0.3675	0.3464	0.2912	0.3193	0.3864	0.3666	0.3652	0.5073	0.5319	0.3422	0.2579	0.2824	0.2759	0.3135	0.3344	0.3878	0.4528	0.7492	0.8396	0.8207	0.7508	0.7563	0.7352	0.6821	0.7207	0.7284	0.7295	0.7274	0.7513	0.7199	0.6622	0.6379	0.5929	0.5667	0.5430	0.5359	0.4955	0.4490
0.0248	0.0305	0.0571	0.0819	0.0944	0.0921	0.0879	0.1223	0.1441	0.1565	0.1829	0.1816	0.2245	0.2711	0.3091	0.3976	0.4667	0.4657	0.4492	0.3962	0.3190	0.2831	0.2688	0.2611	0.2406	0.2315	0.2260	0.2365	0.2346	0.2310	0.2268	0.2089	0.2322	0.2462	0.2230	0.2250	0.2297	0.2387	0.2458	0.2531	0.2714	0.2654	0.2726	0.2722	0.2932	0.3227	0.3607	0.5412	0.8431	0.8401	0.7907	0.7658	0.7291	0.7396	0.6989	0.7575	0.7599	0.7830	0.7916	0.7660	0.7610	0.6846	0.6519	0.6128	0.5491	0.5651	0.5605	0.5130	0.4773
0.0030	0.0274	0.0331	0.0409	0.0503	0.0634	0.0687	0.0863	0.0984	0.1083	0.0984	0.0994	0.1207	0.1228	0.1366	0.1600	0.1695	0.1658	0.1543	0.1608	0.1423	0.1316	0.1422	0.1536	0.1482	0.1468	0.1682	0.1696	0.1840	0.1870	0.1844	0.1874	0.1922	0.1890	0.1855	0.2013	0.1970	0.2053	0.2187	0.2156	0.2340	0.2392	0.2455	0.2503	0.2752	0.3131	0.3450	0.5565	0.8836	0.8718	0.8296	0.8037	0.7445	0.7464	0.7272	0.7562	0.7769	0.7518	0.5825	0.5945	0.6243	0.6469	0.6949	0.6101	0.5654	0.4821	0.5186	0.5381	0.4987
0.0113	0.0157	0.0283	0.0313	0.0412	0.0490	0.0624	0.0688	0.0768	0.0739	0.0797	0.0695	0.0725	0.0786	0.0840	0.1038	0.0989	0.0854	0.0988	0.1071	0.1206	0.1097	0.1075	0.1176	0.1247	0.1119	0.1258	0.1327	0.1364	0.1282	0.1318	0.1494	0.1569	0.1497	0.1470	0.1488	0.1591	0.1773	0.1736	0.1758	0.1813	0.1997	0.2040	0.2180	0.2350	0.2623	0.3101	0.4444	0.7812	0.9251	0.8748	0.8061	0.7873	0.7610	0.7542	0.7359	0.7105	0.6086	0.3717	0.3493	0.4171	0.5985	0.6691	0.6240	0.5414	0.4323	0.5454	0.5351	0.4917
0.0072	0.0137	0.0325	0.0260	0.0328	0.0454	0.0569	0.0575	0.0588	0.0476	0.0563	0.0559	0.0754	0.0782	0.0690	0.0816	0.0885	0.0930	0.1014	0.0876	0.0923	0.0952	0.0937	0.0977	0.0903	0.0941	0.1029	0.1051	0.1103	0.1067	0.1116	0.1182	0.1246	0.1199	0.1213	0.1172	0.1234	0.1341	0.1371	0.1378	0.1339	0.1472	0.1470	0.1726	0.1757	0.1961	0.2184	0.2735	0.4225	0.6117	0.7824	0.8123	0.7803	0.7209	0.6594	0.6114	0.5797	0.3958	0.2949	0.3003	0.3766	0.5956	0.6744	0.6398	0.6018	0.4944	0.5018	0.5064	0.4779
0.0153	0.0111	0.0204	0.0296	0.0352	0.0370	0.0432	0.0338	0.0401	0.0402	0.0505	0.0702	0.0633	0.0557	0.0644	0.0782	0.0806	0.0783	0.0758	0.0879	0.0797	0.0810	0.0784	0.0860	0.0856	0.0840	0.0921	0.0956	0.0983	0.0947	0.0922	0.0968	0.0914	0.0952	0.0972	0.0964	0.1019	0.1027	0.1055	0.1124	0.1055	0.1085	0.1161	0.1263	0.1416	0.1382	0.1528	0.1971	0.2267	0.2762	0.5351	0.7493	0.7654	0.7097	0.5683	0.3026	0.2513	0.2328	0.2353	0.2589	0.2818	0.4107	0.6143	0.6161	0.5658	0.4639	0.4612	0.4778	0.5040
0.0072	0.0084	0.0120	0.0255	0.0239	0.0351	0.0294	0.0377	0.0451	0.0245	0.0472	0.0565	0.0539	0.0568	0.0615	0.0662	0.0746	0.0693	0.0617	0.0721	0.0696	0.0694	0.0675	0.0675	0.0705	0.0713	0.0739	0.0840	0.0856	0.0816	0.0764	0.0672	0.0860	0.0833	0.0845	0.0869	0.0937	0.0930	0.0862	0.0809	0.0850	0.0912	0.0958	0.0970	0.0977	0.1081	0.1182	0.1352	0.1536	0.1774	0.2440	0.3620	0.5801	0.6986	0.5320	0.2211	0.1713	0.1832	0.2004	0.2378	0.2893	0.4891	0.6490	0.6003	0.5484	0.4824	0.3519	0.3515	0.4704
0.0038	0.0093	0.0218	0.0185	0.0213	0.0296	0.0272	0.0273	0.0276	0.0335	0.0340	0.0417	0.0530	0.0547	0.0562	0.0566	0.0642	0.0547	0.0492	0.0530	0.0668	0.0578	0.0625	0.0650	0.0623	0.0689	0.0662	0.0619	0.0673	0.0718	0.0705	0.0716	0.0765	0.0751	0.0705	0.0735	0.0775	0.0727	0.0712	0.0704	0.0750	0.0739	0.0899	0.0890	0.0946	0.0969	0.0964	0.1120	0.1149	0.1299	0.1484	0.1676	0.2413	0.3862	0.2904	0.1565	0.1392	0.1501	0.1804	0.2154	0.2672	0.5199	0.6335	0.5944	0.5282	0.4156	0.2855	0.2706	0.4259
0.0041	0.0059	0.0164	0.0160	0.0271	0.0188	0.0195	0.0211	0.0290	0.0265	0.0343	0.0501	0.0469	0.0470	0.0461	0.0528	0.0553	0.0476	0.0510	0.0528	0.0567	0.0568	0.0572	0.0610	0.0618	0.0716	0.0705	0.0633	0.0620	0.0622	0.0680	0.0662	0.0674	0.0623	0.0622	0.0600	0.0566	0.0650	0.0752	0.0656	0.0617	0.0726	0.0769	0.0672	0.0795	0.0802	0.0781	0.0859	0.0942	0.1104	0.1104	0.1205	0.1178	0.1189	0.1234	0.1297	0.1216	0.1040	0.1224	0.1433	0.1618	0.2354	0.3442	0.4186	0.3265	0.2254	0.1876	0.1857	0.3165
0.0000	0.0106	0.0096	0.0050	0.0230	0.0268	0.0286	0.0192	0.0245	0.0234	0.0242	0.0426	0.0404	0.0398	0.0390	0.0418	0.0494	0.0500	0.0486	0.0529	0.0542	0.0539	0.0555	0.0574	0.0532	0.0557	0.0604	0.0613	0.0547	0.0556	0.0536	0.0541	0.0626	0.0640	0.0643	0.0583	0.0566	0.0581	0.0559	0.0632	0.0672	0.0690	0.0696	0.0698	0.0636	0.0683	0.0732	0.0765	0.0767	0.0984	0.0888	0.0877	0.0928	0.0960	0.0972	0.0959	0.0964	0.0870	0.0970	0.1142	0.1126	0.1174	0.1311	0.1302	0.1468	0.1310	0.1304	0.1298	0.1467
0.0000	0.0000	0.0023	0.0054	0.0112	0.0169	0.0227	0.0172	0.0191	0.0316	0.0362	0.0394	0.0289	0.0391	0.0412	0.0413	0.0446	0.0595	0.0410	0.0407	0.0492	0.0437	0.0448	0.0547	0.0533	0.0556	0.0536	0.0510	0.0620	0.0534	0.0454	0.0470	0.0506	0.0573	0.0554	0.0598	0.0580	0.0566	0.0540	0.0553	0.0557	0.0584	0.0686	0.0634	0.0582	0.0610	0.0599	0.0673	0.0783	0.0729	0.0713	0.0844	0.0840	0.0853	0.0865	0.0723	0.0752	0.0859	0.0864	0.0899	0.0937	0.0994	0.1042	0.0936	0.1023	0.1002	0.0951	0.0951	0.0923
0.0000	0.0000	0.0000	0.0000	0.0152	0.0000	0.0131	0.0290	0.0232	0.0202	0.0191	0.0382	0.0359	0.0314	0.0296	0.0323	0.0369	0.0408	0.0342	0.0444	0.0430	0.0440	0.0477	0.0492	0.0478	0.0514	0.0425	0.0461	0.0511	0.0518	0.0507	0.0420	0.0487	0.0536	0.0466	0.0444	0.0544	0.0545	0.0571	0.0548	0.0550	0.0570	0.0551	0.0526	0.0588	0.0550	0.0634	0.0583	0.0633	0.0660	0.0635	0.0702	0.0657	0.0684	0.0716	0.0713	0.0728	0.0727	0.0774	0.0835	0.0826	0.0763	0.0761	0.0799	0.0782	0.0785	0.0766	0.0775	0.0740
0.0000	0.0000	0.0000	0.0008	0.0088	0.0000	0.0195	0.0164	0.0098	0.0046	0.0075	0.0222	0.0236	0.0283	0.0180	0.0271	0.0303	0.0284	0.0230	0.0336	0.0372	0.0314	0.0275	0.0374	0.0396	0.0383	0.0434	0.0430	0.0426	0.0442	0.0435	0.0408	0.0422	0.0507	0.0484	0.0393	0.0427	0.0500	0.0524	0.0497	0.0556	0.0542	0.0467	0.0478	0.0457	0.0553	0.0626	0.0584	0.0527	0.0593	0.0638	0.0725	0.0655	0.0613	0.0610	0.0666	0.0646	0.0647	0.0668	0.0729	0.0666	0.0611	0.0656	0.0732	0.0676	0.0630	0.0688	0.0692	0.0720
0.0000	0.0000	0.0000	0.0000	0.0000	0.0000	0.0111	0.0136	0.0157	0.0022	0.0102	0.0240	0.0253	0.0176	0.0220	0.0290	0.0273	0.0386	0.0231	0.0330	0.0417	0.0280	0.0214	0.0391	0.0406	0.0396	0.0360	0.0442	0.0462	0.0378	0.0358	0.0415	0.0484	0.0492	0.0450	0.0381	0.0438	0.0471	0.0481	0.0458	0.0493	0.0500	0.0454	0.0474	0.0468	0.0519	0.0547	0.0554	0.0537	0.0616	0.0628	0.0670	0.0676	0.0593	0.0616	0.0580	0.0609	0.0556	0.0614	0.0676	0.0582	0.0571	0.0568	0.0609	0.0603	0.0570	0.0641	0.0569	0.0514
0.0000	0.0000	0.0031	0.0000	0.0000	0.0096	0.0102	0.0160	0.0189	0.0154	0.0173	0.0171	0.0279	0.0260	0.0223	0.0192	0.0324	0.0403	0.0299	0.0270	0.0203	0.0200	0.0239	0.0486	0.0406	0.0373	0.0328	0.0378	0.0400	0.0446	0.0365	0.0397	0.0393	0.0416	0.0380	0.0336	0.0347	0.0454	0.0445	0.0353	0.0471	0.0441	0.0480	0.0416	0.0434	0.0486	0.0485	0.0509	0.0516	0.0511	0.0497	0.0641	0.0538	0.0539	0.0612	0.0591	0.0638	0.0489	0.0574	0.0565	0.0525	0.0548	0.0546	0.0541	0.0530	0.0390	0.0421	0.0422	0.0348
0.0000	0.0000	0.0000	0.0000	0.0000	0.0000	0.0000	0.0033	0.0035	0.0063	0.0050	0.0181	0.0143	0.0170	0.0298	0.0195	0.0211	0.0180	0.0235	0.0157	0.0258	0.0277	0.0268	0.0308	0.0379	0.0264	0.0321	0.0378	0.0361	0.0433	0.0454	0.0360	0.0352	0.0348	0.0388	0.0322	0.0296	0.0322	0.0392	0.0393	0.0357	0.0400	0.0464	0.0414	0.0442	0.0472	0.0390	0.0428	0.0441	0.0462	0.0469	0.0489	0.0541	0.0570	0.0535	0.0589	0.0557	0.0389	0.0412	0.0503	0.0449	0.0523	0.0577	0.0512	0.0468	0.0448	0.0374	0.0407	0.0345
0.0000	0.0000	0.0000	0.0000	0.0000	0.0027	0.0069	0.0000	0.0048	0.0040	0.0152	0.0074	0.0085	0.0095	0.0165	0.0089	0.0152	0.0105	0.0203	0.0243	0.0212	0.0323	0.0334	0.0325	0.0292	0.0247	0.0356	0.0388	0.0378	0.0381	0.0431	0.0332	0.0347	0.0359	0.0332	0.0325	0.0303	0.0428	0.0318	0.0341	0.0389	0.0419	0.0362	0.0376	0.0396	0.0420	0.0370	0.0449	0.0459	0.0495	0.0485	0.0466	0.0610	0.0546	0.0570	0.0637	0.0610	0.0483	0.0558	0.0589	0.0543	0.0483	0.0601	0.0539	0.0576	0.0570	0.0473	0.0519	0.0481
