0.0000	0.0000	0.0000	0.0000	0.0000	0.0000	0.0000	0.0057	0.0118	0.0190	0.0212	0.0184	0.0262	0.0298	0.0396	0.0543	0.0439	0.0396	0.0427	0.0537	0.0472	0.0412	0.0465	0.0674	0.0856	0.0667	0.0613	0.0609	0.0743	0.0678	0.0577	0.0654	0.0694	0.0839	0.0688	0.0592	0.0647	0.0685	0.0689	0.0706	0.0798	0.0839	0.0718	0.0742	0.0604	0.0756	0.0906	0.0821	0.0642	0.0789	0.0739	0.0707	0.0719	0.0692	0.0783	0.0607	0.0547	0.0517	0.0693	0.0583	0.0510	0.0501	0.0515	0.0479	0.0448	0.0343	0.0412	0.0501	0.0449
0.0000	0.0000	0.0000	0.0000	0.0000	0.0000	0.0000	0.0180	0.0120	0.0092	0.0349	0.0277	0.0237	0.0265	0.0260	0.0405	0.0366	0.0569	0.0564	0.0509	0.0470	0.0703	0.0698	0.0775	0.0837	0.0769	0.0603	0.0730	0.0686	0.0766	0.0757	0.0840	0.0853	0.0683	0.0857	0.0723	0.0808	0.0966	0.0770	0.0710	0.0863	0.0871	0.0692	0.0756	0.0834	0.0830	0.0794	0.0901	0.0793	0.0762	0.0820	0.0665	0.0653	0.0648	0.0672	0.0640	0.0637	0.0591	0.0633	0.0739	0.0625	0.0519	0.0561	0.0489	0.0483	0.0452	0.0425	0.0516	0.0466
0.0000	0.0000	0.0006	0.0080	0.0091	0.0000	0.0014	0.0126	0.0105	0.0279	0.0345	0.0177	0.0371	0.0456	0.0353	0.0446	0.0525	0.0560	0.0683	0.0663	0.0523	0.0543	0.0625	0.0824	0.0788	0.0567	0.0805	0.0756	0.0870	0.0822	0.0814	0.0782	0.0897	0.0972	0.1060	0.0840	0.0776	0.0895	0.1025	0.0733	0.0873	0.0851	0.1071	0.0939	0.0839	0.0824	0.1045	0.0918	0.0838	0.0719	0.0982	0.0922	0.0919	0.0978	0.0813	0.0689	0.0694	0.0729	0.0805	0.0740	0.0728	0.0650	0.0726	0.0611	0.0682	0.0596	0.0466	0.0455	0.0575
0.0000	0.0000	0.0000	0.0153	0.0035	0.0106	0.0101	0.0158	0.0058	0.0495	0.0426	0.0280	0.0417	0.0425	0.0264	0.0449	0.0528	0.0633	0.0610	0.0709	0.0733	0.0718	0.0702	0.0705	0.0832	0.0741	0.0989	0.0830	0.0914	0.0895	0.0839	0.0805	0.0968	0.1107	0.0977	0.0796	0.0701	0.0844	0.0793	0.0810	0.0899	0.0934	0.1054	0.0979	0.0839	0.0794	0.1007	0.0862	0.0772	0.0772	0.0960	0.1018	0.0870	0.0838	0.0874	0.0763	0.0764	0.0846	0.0722	0.0635	0.0720	0.0799	0.0807	0.0798	0.0803	0.0724	0.0714	0.0598	0.0596
0.0000	0.0000	0.0049	0.0158	0.0060	0.0209	0.0224	0.0219	0.0149	0.0257	0.0282	0.0417	0.0589	0.0411	0.0375	0.0500	0.0589	0.0494	0.0557	0.0637	0.0642	0.0645	0.0882	0.0864	0.0728	0.0926	0.1030	0.0799	0.0704	0.0917	0.0889	0.0912	0.1036	0.1147	0.0960	0.0865	0.0850	0.0877	0.0920	0.0847	0.0862	0.0997	0.0996	0.1013	0.1034	0.0927	0.1075	0.1051	0.0978	0.1036	0.0964	0.0930	0.0877	0.0993	0.0930	0.0831	0.0789	0.0786	0.0738	0.0784	0.0751	0.0748	0.0889	0.0877	0.0888	0.0858	0.1063	0.1026	0.0804
0.0000	0.0000	0.0000	0.0077	0.0094	0.0121	0.0139	0.0362	0.0283	0.0448	0.0366	0.0376	0.0554	0.0532	0.0522	0.0624	0.0594	0.0478	0.0548	0.0820	0.0707	0.0631	0.0701	0.0710	0.0907	0.1016	0.0895	0.0828	0.0741	0.1021	0.0977	0.0987	0.0967	0.1094	0.1245	0.1120	0.0949	0.1016	0.1014	0.1038	0.0992	0.1008	0.0979	0.1076	0.1015	0.0952	0.1118	0.1187	0.1058	0.1123	0.1040	0.0979	0.1149	0.1059	0.0990	0.1142	0.0811	0.0795	0.0860	0.0994	0.0924	0.0987	0.1044	0.1112	0.1209	0.1093	0.1712	0.1868	0.1414
0.0000	0.0000	0.0066	0.0136	0.0131	0.0196	0.0157	0.0320	0.0478	0.0452	0.0385	0.0486	0.0451	0.0474	0.0548	0.0568	0.0637	0.0838	0.0726	0.0756	0.0877	0.0856	0.0800	0.0745	0.0892	0.1128	0.1008	0.0938	0.1113	0.1114	0.0857	0.0986	0.1062	0.1221	0.1331	0.1143	0.0994	0.1244	0.1105	0.1100	0.1126	0.1090	0.1141	0.1041	0.1014	0.1093	0.1114	0.1181	0.1131	0.1101	0.1198	0.1296	0.1332	0.1155	0.1182	0.1357	0.1162	0.1019	0.1017	0.1125	0.1053	0.1123	0.1280	0.1566	0.1734	0.1765	0.2505	0.2588	0.2184
0.0027	0.0000	0.0130	0.0165	0.0222	0.0230	0.0343	0.0589	0.0507	0.0460	0.0451	0.0566	0.0473	0.0477	0.0553	0.0647	0.0928	0.0891	0.0824	0.0726	0.1076	0.1020	0.0850	0.0964	0.1127	0.1154	0.1074	0.1106	0.1287	0.1189	0.1022	0.0933	0.1255	0.1423	0.1341	0.1327	0.1286	0.1297	0.1209	0.1112	0.1279	0.1270	0.1394	0.1222	0.1143	0.1309	0.1200	0.1359	0.1283	0.1285	0.1271	0.1437	0.1324	0.1130	0.1239	0.1483	0.1239	0.1211	0.1330	0.1281	0.1440	0.1525	0.1986	0.2451	0.3075	0.2981	0.3101	0.2786	0.2731
0.0062	0.0000	0.0154	0.0154	0.0270	0.0247	0.0457	0.0506	0.0456	0.0566	0.0582	0.0771	0.0563	0.0756	0.0837	0.0774	0.0865	0.0781	0.1042	0.1042	0.1021	0.1042	0.1057	0.1111	0.1223	0.1160	0.1162	0.1117	0.1324	0.1263	0.1188	0.1129	0.1269	0.1480	0.1398	0.1336	0.1294	0.1282	0.1225	0.1312	0.1205	0.1305	0.1369	0.1298	0.1354	0.1375	0.1483	0.1457	0.1594	0.1494	0.1559	0.1531	0.1378	0.1624	0.1653	0.1731	0.1587	0.1553	0.1857	0.1803	0.1996	0.2043	0.2386	0.3392	0.3745	0.3299	0.3193	0.3079	0.2971
0.0000	0.0000	0.0127	0.0337	0.0378	0.0302	0.0389	0.0553	0.0639	0.0752	0.0676	0.0658	0.0735	0.0717	0.0923	0.0857	0.0925	0.1032	0.1028	0.1130	0.1127	0.0981	0.1051	0.1100	0.1227	0.1267	0.1335	0.1133	0.1277	0.1232	0.1206	0.1157	0.1265	0.1601	0.1492	0.1257	0.1354	0.1410	0.1525	0.1385	0.1291	0.1376	0.1458	0.1545	0.1447	0.1501	0.1766	0.1664	0.1679	0.1755	0.1814	0.1970	0.1921	0.1950	0.1998	0.1867	0.1925	0.2008	0.2037	0.2152	0.2289	0.2540	0.2791	0.4066	0.3615	0.3511	0.3271	0.3354	0.3076
0.0000	0.0003	0.0193	0.0176	0.0240	0.0407	0.0399	0.0554	0.0619	0.0835	0.0654	0.0669	0.0788	0.0808	0.0896	0.1035	0.0994	0.1247	0.1276	0.1140	0.1300	0.1283	0.1331	0.1314	0.1528	0.1589	0.1468	0.1360	0.1344	0.1378	0.1248	0.1385	0.1462	0.1677	0.1719	0.1498	0.1600	0.1572	0.1588	0.1631	0.1538	0.1681	0.1891	0.1799	0.1957	0.1835	0.1913	0.2079	0.2179	0.2222	0.2247	0.2487	0.2668	0.2446	0.2268	0.2441	0.2628	0.2356	0.2608	0.3245	0.3433	0.2744	0.2878	0.4085	0.4048	0.3413	0.3194	0.3200	0.2956
0.0054	0.0212	0.0233	0.0185	0.0342	0.0419	0.0356	0.0598	0.0746	0.0714	0.0894	0.0854	0.0827	0.0914	0.0785	0.1020	0.1167	0.1361	0.1409	0.1394	0.1504	0.1678	0.1761	0.1794	0.1999	0.1654	0.1778	0.1644	0.1672	0.1726	0.1774	0.1767	0.1797	0.1810	0.1899	0.1744	0.1809	0.1828	0.1940	0.2047	0.1931	0.1960	0.2351	0.2179	0.2083	0.2381	0.2341	0.2449	0.2687	0.3125	0.3154	0.3936	0.5260	0.5028	0.3356	0.3160	0.3254	0.3455	0.4394	0.5519	0.5058	0.3169	0.2886	0.4171	0.4350	0.3199	0.2929	0.3141	0.3029
0.0166	0.0211	0.0387	0.0366	0.0485	0.0354	0.0568	0.0760	0.0824	0.0792	0.0878	0.1067	0.1209	0.1102	0.1073	0.1154	0.1403	0.1654	0.1947	0.1944	0.2097	0.2339	0.2951	0.2678	0.2505	0.2944	0.2520	0.2189	0.2210	0.2182	0.2247	0.2238	0.2357	0.2313	0.2240	0.2187	0.2309	0.2511	0.2513	0.2418	0.2365	0.2546	0.2940	0.2891	0.2674	0.3049	0.3541	0.3521	0.5113	0.6311	0.5032	0.6347	0.7648	0.7399	0.5569	0.3857	0.3273	0.3812	0.5520	0.5935	0.4874	0.3763	0.3462	0.4587	0.4868	0.3682	0.3405	0.3562	0.3200
0.0246	0.0155	0.0439	0.0443	0.0537	0.0521	0.0630	0.0874	0.0959	0.0838	0.1154	0.1237	0.1302	0.1440	0.1367	0.1610	0.2004	0.2459	0.2920	0.3188	0.3778	0.4331	0.5781	0.5138	0.5102	0.5603	0.5326	0.5116	0.4369	0.4188	0.4008	0.3416	0.3563	0.2988	0.3275	0.2965	0.2779	0.2938	0.3015	0.2977	0.3037	0.3335	0.5562	0.4995	0.4457	0.6485	0.6729	0.5442	0.7327	0.8215	0.7386	0.7600	0.7971	0.7189	0.6324	0.4716	0.3492	0.3591	0.4559	0.5173	0.4697	0.3861	0.3840	0.4559	0.4539	0.3688	0.3787	0.3222	0.3066
0.0061	0.0155	0.0552	0.0707	0.0716	0.0593	0.0777	0.1028	0.1150	0.1046	0.1415	0.1638	0.1668	0.1935	0.2198	0.2716	0.4253	0.4907	0.5785	0.6390	0.6674	0.7145	0.7453	0.7423	0.7372	0.6943	0.7029	0.7160	0.7137	0.7144	0.6883	0.6713	0.6527	0.5547	0.5920	0.5251	0.3974	0.3777	0.3777	0.4380	0.4514	0.4866	0.7787	0.7008	0.6204	0.8755	0.8807	0.8066	0.8515	0.8168	0.8049	0.7416	0.7621	0.6467	0.6550	0.5114	0.5005	0.4952	0.3880	0.3716	0.3565	0.3847	0.4229	0.4504	0.4188	0.3756	0.3663	0.3342	0.3280
0.0342	0.0380	0.0381	0.0750	0.0872	0.0909	0.0951	0.1307	0.1495	0.1666	0.2044	0.2583	0.2853	0.3548	0.4827	0.5807	0.7328	0.7521	0.7333	0.7364	0.7479	0.7477	0.6837	0.7238	0.7635	0.7017	0.6993	0.7208	0.7405	0.7105	0.7367	0.8340	0.9223	0.9689	0.9343	0.8812	0.6942	0.5724	0.5748	0.6884	0.7648	0.6296	0.6817	0.7035	0.7556	0.9598	0.8875	0.8499	0.8645	0.8408	0.8017	0.7955	0.7529	0.6842	0.7012	0.6575	0.6718	0.6821	0.5349	0.4206	0.4068	0.4796	0.5296	0.5338	0.4151	0.3573	0.3464	0.3482	0.3308
0.0569	0.0641	0.0527	0.0714	0.1259	0.1477	0.1516	0.1950	0.2264	0.2992	0.4326	0.5580	0.5903	0.6656	0.6921	0.7534	0.7565	0.7765	0.7321	0.7350	0.7546	0.7172	0.6985	0.7142	0.7501	0.6795	0.6626	0.6998	0.7176	0.7298	0.7989	0.8437	0.9259	0.9707	1.0000	0.9848	0.9701	0.9589	0.9429	0.8704	0.8731	0.8173	0.8088	0.8090	0.8863	0.8122	0.8175	0.8187	0.7892	0.7955	0.8020	0.7519	0.7337	0.7360	0.6894	0.6786	0.6866	0.6450	0.6274	0.5666	0.5099	0.5199	0.4917	0.4596	0.4151	0.3457	0.3238	0.3150	0.3128
0.0531	0.0946	0.1227	0.1512	0.2039	0.2630	0.3260	0.4055	0.4912	0.5502	0.6765	0.6993	0.6973	0.6595	0.6597	0.7230	0.6593	0.6420	0.6730	0.6710	0.7157	0.6940	0.6495	0.6527	0.6265	0.6094	0.6980	0.7111	0.6603	0.7103	0.7787	0.7882	0.8333	0.8979	0.8787	0.8879	0.8845	0.8964	0.8746	0.8598	0.8337	0.8013	0.8299	0.8199	0.8145	0.7452	0.7550	0.7430	0.7841	0.7595	0.7336	0.7230	0.7006	0.7063	0.6525	0.6041	0.6154	0.6176	0.6216	0.5820	0.5383	0.5319	0.4817	0.4421	0.4079	0.3322	0.3187	0.3017	0.3014
0.0935	0.1745	0.2796	0.3899	0.5050	0.6079	0.6542	0.6711	0.7166	0.6688	0.6092	0.6142	0.6024	0.5406	0.5396	0.5788	0.6130	0.5633	0.5845	0.6048	0.6312	0.6361	0.5945	0.5927	0.5367	0.5594	0.6559	0.6284	0.6336	0.7219	0.7114	0.7099	0.7796	0.8167	0.8079	0.7977	0.7669	0.7862	0.7700	0.7865	0.7463	0.7108	0.7530	0.7155	0.7370	0.7244	0.7154	0.7075	0.7045	0.7452	0.7237	0.6858	0.6521	0.6681	0.6342	0.5764	0.5304	0.5512	0.5266	0.5167	0.5449	0.5020	0.4502	0.4057	0.3910	0.3488	0.3222	0.2996	0.2915
0.2015	0.3506	0.4580	0.5800	0.6204	0.6332	0.6401	0.5933	0.5790	0.5401	0.5198	0.4927	0.4918	0.4925	0.4933	0.5312	0.5675	0.5607	0.5500	0.5817	0.5995	0.5771	0.5614	0.5657	0.5568	0.5502	0.5945	0.6078	0.5869	0.6960	0.7082	0.7052	0.7157	0.7654	0.7449	0.7355	0.7024	0.7404	0.7107	0.6836	0.6703	0.6622	0.7034	0.6590	0.6963	0.6540	0.6261	0.6529	0.6658	0.6585	0.6314	0.6277	0.6018	0.6324	0.6080	0.5704	0.5346	0.5346	0.5133	0.4710	0.4713	0.4554	0.4464	0.4211	0.3824	0.3603	0.3358	0.3273	0.2820
0.2702	0.3326	0.3710	0.4202	0.3994	0.4480	0.4437	0.3935	0.3984	0.4226	0.4503	0.4203	0.4699	0.4796	0.4678	0.5300	0.5646	0.5660	0.5447	0.5141	0.5404	0.5180	0.5257	0.5591	0.5466	0.5664	0.5528	0.5853	0.5930	0.6243	0.6966	0.7308	0.7275	0.7554	0.7559	0.7126	0.6977	0.6722	0.6531	0.6296	0.6018	0.5816	0.6045	0.6290	0.5933	0.6037	0.5903	0.5948	0.5894	0.6055	0.5966	0.5746	0.5513	0.5927	0.5562	0.5104	0.5139	0.4914	0.4925	0.4628	0.4429	0.4470	0.4057	0.3697	0.3691	0.3355	0.3481	0.3338	0.2745
0.2452	0.2861	0.2847	0.3001	0.3069	0.3144	0.3385	0.3495	0.3422	0.3657	0.4135	0.4380	0.4841	0.4685	0.5079	0.5481	0.6147	0.6052	0.5630	0.5544	0.5592	0.5911	0.5660	0.5699	0.5435	0.5764	0.5600	0.5690	0.6054	0.6290	0.6288	0.6385	0.6632	0.6761	0.7002	0.6691	0.6836	0.6932	0.6360	0.6234	0.6106	0.5786	0.5651	0.6078	0.5874	0.5844	0.5767	0.5565	0.5322	0.5488	0.6144	0.5603	0.5230	0.5251	0.5309	0.5198	0.5043	0.4946	0.4416	0.4629	0.4460	0.4152	0.4263	0.3704	0.3591	0.3443	0.3335	0.3182	0.2914
0.2019	0.2346	0.2499	0.2446	0.2794	0.2875	0.3200	0.3393	0.3473	0.3480	0.3800	0.4366	0.4421	0.4594	0.4851	0.5659	0.6069	0.6161	0.5564	0.5302	0.6012	0.6256	0.5906	0.5981	0.5587	0.5227	0.6079	0.6422	0.6148	0.6534	0.6170	0.6033	0.6437	0.6364	0.6202	0.6103	0.6349	0.6235	0.5968	0.5760	0.5807	0.5621	0.5658	0.5756	0.6056	0.5704	0.5150	0.5550	0.5273	0.5167	0.5477	0.5407	0.5470	0.5298	0.5101	0.5294	0.5032	0.4855	0.4620	0.4775	0.4331	0.4298	0.4305	0.4010	0.3885	0.3718	0.3432	0.3082	0.3197
0.1808	0.2100	0.2367	0.2552	0.2988	0.3133	0.2987	0.3233	0.3337	0.3182	0.3445	0.4401	0.4284	0.4538	0.4596	0.5620	0.5753	0.5948	0.5831	0.5687	0.6181	0.5973	0.5732	0.5657	0.5930	0.5502	0.5943	0.6105	0.5785	0.5954	0.6063	0.5977	0.6043	0.6461	0.6678	0.6123	0.6149	0.5906	0.5757	0.5860	0.5687	0.5740	0.5948	0.5663	0.5784	0.5801	0.5395	0.5534	0.5085	0.5162	0.5110	0.5126	0.5411	0.5287	0.4946	0.5213	0.5114	0.4884	0.4732	0.4407	0.4642	0.4589	0.4368	0.4003	0.3510	0.3585	0.3262	0.3050	0.3059
0.1933	0.2077	0.2089	0.2395	0.2787	0.2895	0.2869	0.3036	0.3321	0.3372	0.3639	0.3888	0.4253	0.4404	0.4400	0.4780	0.5292	0.5873	0.5803	0.5877	0.5492	0.5648	0.5720	0.6052	0.6063	0.5659	0.5738	0.5732	0.5891	0.5951	0.5860	0.5991	0.6169	0.6389	0.6500	0.6218	0.6312	0.5830	0.5882	0.6006	0.6137	0.6218	0.5933	0.5352	0.5869	0.5472	0.5476	0.5719	0.5374	0.5555	0.5345	0.5156	0.5195	0.5233	0.5064	0.4970	0.4972	0.4753	0.4740	0.4591	0.4722	0.4504	0.4417	0.3779	0.3484	0.3462	0.3095	0.2997	0.2841
0.1917	0.1873	0.2259	0.2540	0.2530	0.2623	0.2884	0.3226	0.3777	0.3796	0.4044	0.4206	0.4365	0.4568	0.4752	0.4692	0.5075	0.5442	0.5332	0.5599	0.5942	0.5603	0.5439	0.5334	0.5630	0.5529	0.5740	0.5791	0.5995	0.5981	0.6494	0.6089	0.6220	0.6176	0.6598	0.6343	0.6165	0.6099	0.6255	0.5890	0.6025	0.6047	0.5499	0.5478	0.5827	0.5835	0.5533	0.5658	0.5677	0.5561	0.5421	0.5381	0.5224	0.5196	0.5447	0.5122	0.4991	0.4987	0.4722	0.4358	0.4477	0.4272	0.4276	0.4096	0.3648	0.3416	0.3362	0.3136	0.2855
0.1940	0.1915	0.2229	0.2614	0.2727	0.2889	0.3214	0.3297	0.3514	0.3593	0.4149	0.4296	0.4470	0.4486	0.4817	0.4918	0.5123	0.4840	0.5435	0.5216	0.5591	0.5523	0.5416	0.5564	0.5685	0.5358	0.5567	0.5787	0.5648	0.5966	0.6366	0.6353	0.6648	0.6373	0.6177	0.6292	0.6485	0.6115	0.6271	0.6138	0.6242	0.5772	0.5736	0.5664	0.5820	0.5901	0.5561	0.5283	0.5524	0.5491	0.5394	0.5300	0.5174	0.5207	0.5240	0.5146	0.4852	0.4700	0.4811	0.4793	0.4593	0.4269	0.4393	0.4009	0.3811	0.3289	0.3236	0.3241	0.3222
0.2059	0.2420	0.2409	0.2776	0.2875	0.3009	0.3257	0.3279	0.3344	0.3615	0.3797	0.4232	0.4253	0.4583	0.4965	0.4915	0.5145	0.4988	0.5117	0.5601	0.5453	0.5486	0.5266	0.5612	0.5794	0.5470	0.5265	0.5625	0.5827	0.5815	0.6124	0.6325	0.6494	0.6451	0.6522	0.6261	0.6173	0.6488	0.6350	0.6033	0.5974	0.6129	0.6058	0.5560	0.5717	0.5440	0.5616	0.5495	0.5588	0.5158	0.5460	0.5429	0.5558	0.5357	0.5099	0.4941	0.4902	0.4537	0.4473	0.5034	0.4667	0.4342	0.4122	0.3857	0.3634	0.3280	0.3107	0.3322	0.3066
0.1824	0.2302	0.2508	0.2825	0.2913	0.2986	0.3242	0.3353	0.3420	0.3601	0.4080	0.4235	0.4010	0.4719	0.4754	0.5044	0.5047	0.5324	0.5722	0.5632	0.5863	0.5447	0.5402	0.5554	0.5879	0.5517	0.5674	0.6028	0.6115	0.6311	0.6639	0.6622	0.6600	0.6608	0.6593	0.6353	0.6476	0.6586	0.6119	0.6162	0.6239	0.6374	0.6056	0.5911	0.5764	0.5281	0.5499	0.5532	0.5702	0.5604	0.5485	0.5087	0.5420	0.5135	0.4927	0.4918	0.4821	0.4800	0.4400	0.4430	0.4579	0.4311	0.4261	0.3914	0.3992	0.3641	0.3333	0.3100	0.2883
0.2081	0.2222	0.2612	0.2910	0.3032	0.3160	0.3649	0.3786	0.3682	0.3540	0.3987	0.4139	0.4304	0.4407	0.4440	0.4780	0.4916	0.5406	0.5603	0.5597	0.5679	0.5724	0.5661	0.5764	0.5407	0.5316	0.5857	0.6552	0.6203	0.6491	0.6796	0.6693	0.7161	0.7041	0.6828	0.6391	0.6965	0.7058	0.6156	0.6272	0.6612	0.6389	0.6017	0.6018	0.5833	0.5345	0.5503	0.5772	0.5563	0.5575	0.5467	0.5450	0.5311	0.5053	0.5226	0.5098	0.4621	0.4680	0.4386	0.4279	0.4476	0.4458	0.4067	0.3929	0.3871	0.3539	0.3335	0.3387	0.3156
0.2098	0.2598	0.2659	0.2955	0.3076	0.3018	0.3471	0.3616	0.4039	0.4114	0.4343	0.4049	0.4324	0.4336	0.4608	0.4743	0.5020	0.5264	0.5679	0.5628	0.5609	0.5739	0.5462	0.5812	0.5872	0.5508	0.5373	0.5878	0.6237	0.6366	0.6703	0.7217	0.7277	0.7103	0.7240	0.6995	0.6973	0.6617	0.6405	0.6391	0.6382	0.6557	0.5915	0.5869	0.5769	0.5721	0.5766	0.5547	0.5552	0.5847	0.5803	0.5813	0.5652	0.5355	0.4883	0.4702	0.4833	0.4824	0.4761	0.4792	0.4506	0.4306	0.4227	0.4004	0.3902	0.3633	0.3310	0.3143	0.3146
0.2105	0.2554	0.2623	0.2716	0.2989	0.2953	0.3357	0.3580	0.4023	0.3895	0.3993	0.4231	0.3948	0.4150	0.4478	0.4835	0.4949	0.4939	0.5508	0.5667	0.5642	0.5839	0.5349	0.5688	0.5901	0.5826	0.5596	0.6224	0.6948	0.6544	0.6678	0.7340	0.7147	0.6825	0.7278	0.7080	0.6764	0.6616	0.6682	0.6335	0.6144	0.6051	0.6623	0.5978	0.5845	0.5896	0.5655	0.5887	0.5436	0.5723	0.5961	0.5736	0.5682	0.5756	0.5256	0.4927	0.5060	0.5000	0.4618	0.4682	0.4554	0.4628	0.4736	0.4347	0.4028	0.3617	0.3530	0.3414	0.3148
0.2052	0.2539	0.2500	0.2675	0.2917	0.3254	0.3574	0.3524	0.3899	0.4384	0.4185	0.4498	0.4471	0.4352	0.4277	0.4835	0.5015	0.4840	0.5315	0.5894	0.5967	0.5601	0.5663	0.5867	0.6025	0.5576	0.6116	0.6433	0.6939	0.6450	0.6782	0.7180	0.7011	0.7429	0.7401	0.7142	0.7543	0.6684	0.6599	0.6228	0.6344	0.6453	0.6188	0.6068	0.5936	0.5552	0.5833	0.6098	0.5772	0.5631	0.5665	0.5338	0.5891	0.5797	0.5569	0.5260	0.5074	0.5326	0.4716	0.4449	0.4447	0.4857	0.4773	0.4350	0.4007	0.3849	0.3781	0.3353	0.3104
0.1954	0.2165	0.2483	0.2534	0.2751	0.3158	0.3362	0.3777	0.3817	0.4247	0.4344	0.4285	0.4364	0.4467	0.4359	0.4997	0.4659	0.4995	0.4899	0.5644	0.5836	0.5273	0.5391	0.5495	0.5613	0.5942	0.6038	0.6457	0.6569	0.6539	0.6993	0.7080	0.7503	0.8215	0.7381	0.7107	0.6928	0.6610	0.7031	0.6755	0.6413	0.6515	0.6252	0.6278	0.5868	0.5883	0.6407	0.6078	0.5884	0.6230	0.6265	0.5574	0.5941	0.5471	0.5327	0.5375	0.5085	0.4748	0.4694	0.4784	0.4793	0.4660	0.4531	0.4631	0.4195	0.4115	0.3923	0.3660	0.3766
0.1803	0.1975	0.2313	0.2718	0.3132	0.3357	0.3320	0.3953	0.3861	0.3904	0.4106	0.4148	0.4502	0.4722	0.4647	0.4619	0.4752	0.5194	0.4952	0.5643	0.5750	0.5560	0.5432	0.5764	0.6107	0.6256	0.6247	0.6312	0.6253	0.6726	0.6723	0.7184	0.7313	0.7520	0.8047	0.7580	0.7132	0.6866	0.7158	0.6741	0.6630	0.6703	0.6386	0.6285	0.6386	0.6625	0.6119	0.6396	0.5954	0.6487	0.6236	0.5849	0.6038	0.6120	0.5528	0.5250	0.5247	0.5534	0.5161	0.5076	0.4818	0.4624	0.4805	0.4696	0.4815	0.4464	0.3792	0.3695	0.3526
0.1673	0.1985	0.2602	0.3095	0.3186	0.3539	0.3865	0.4057	0.3999	0.3735	0.4180	0.4296	0.4482	0.4880	0.4700	0.5027	0.5338	0.5328	0.5377	0.5441	0.5435	0.5597	0.5599	0.5884	0.6307	0.6045	0.6089	0.6069	0.6503	0.6385	0.6609	0.6757	0.7208	0.7822	0.7908	0.7569	0.7387	0.7428	0.7054	0.6816	0.6655	0.6560	0.6711	0.6437	0.6538	0.6532	0.6817	0.6862	0.6851	0.6811	0.6873	0.6260	0.6258	0.6178	0.6080	0.5640	0.5347	0.5638	0.5393	0.5251	0.5009	0.4930	0.5141	0.4936	0.4396	0.4176	0.3965	0.3778	0.3684
0.1717	0.1945	0.2499	0.3169	0.3499	0.3418	0.3828	0.4057	0.4271	0.4103	0.4208	0.4545	0.4560	0.4899	0.4658	0.5306	0.5365	0.5596	0.5456	0.5422	0.5480	0.5501	0.5313	0.5869	0.5897	0.5950	0.5974	0.6443	0.6442	0.6350	0.6437	0.7110	0.7457	0.8121	0.7979	0.7431	0.7425	0.7425	0.7116	0.6790	0.6941	0.6890	0.7005	0.6831	0.6787	0.6641	0.7188	0.6989	0.7392	0.7709	0.7114	0.6761	0.6854	0.6549	0.6393	0.6122	0.6063	0.6184	0.5985	0.5775	0.5554	0.5395	0.5340	0.4913	0.4701	0.4372	0.4168	0.4033	0.3670
0.1964	0.2402	0.2797	0.3240	0.3737	0.3912	0.4052	0.4316	0.4321	0.4533	0.4657	0.5210	0.5234	0.5041	0.5193	0.5404	0.5673	0.6369	0.6145	0.6140	0.6040	0.5964	0.5983	0.5887	0.6193	0.6211	0.6173	0.6458	0.6439	0.6232	0.6738	0.7180	0.7774	0.7845	0.8268	0.7578	0.7739	0.7573	0.7271	0.7182	0.7369	0.7040	0.7485	0.7140	0.7090	0.7394	0.7772	0.8046	0.8200	0.8295	0.8240	0.7864	0.7572	0.7519	0.7030	0.6876	0.7013	0.6834	0.6497	0.5701	0.5871	0.5738	0.5532	0.5261	0.4986	0.4581	0.4315	0.4098	0.4252
0.2033	0.3333	0.3848	0.4708	0.5175	0.5493	0.5666	0.5900	0.5251	0.5418	0.5546	0.5769	0.5709	0.5724	0.6307	0.6367	0.6623	0.6740	0.6567	0.6449	0.6000	0.6293	0.6448	0.5780	0.6104	0.6053	0.6364	0.6150	0.6316	0.6497	0.6915	0.7716	0.8612	0.8297	0.8431	0.8240	0.8114	0.7965	0.7828	0.7841	0.7888	0.8054	0.8360	0.8212	0.8149	0.8288	0.8456	0.8451	0.8749	0.8865	0.8776	0.8089	0.7568	0.7784	0.7181	0.6982	0.6501	0.5349	0.4370	0.4207	0.4895	0.6453	0.6670	0.6088	0.5088	0.4735	0.4237	0.4268	0.4348
0.1291	0.2276	0.3285	0.4956	0.6300	0.7222	0.7666	0.7097	0.7120	0.7034	0.6606	0.6985	0.6602	0.6739	0.7151	0.7550	0.7431	0.7417	0.7288	0.7331	0.6994	0.6512	0.6580	0.6565	0.6303	0.6180	0.6099	0.6058	0.6365	0.6906	0.7621	0.7882	0.8447	0.8711	0.8395	0.8453	0.8578	0.8469	0.8503	0.8545	0.8553	0.9206	0.9336	0.9231	0.9268	0.8532	0.7891	0.7736	0.6658	0.6579	0.6795	0.5448	0.4967	0.6348	0.7278	0.6193	0.3957	0.3035	0.3106	0.3714	0.3930	0.4983	0.6019	0.6495	0.5419	0.5020	0.4664	0.4386	0.4179
0.0602	0.0869	0.1445	0.2022	0.2916	0.3904	0.4489	0.4809	0.5124	0.5889	0.6947	0.7526	0.7701	0.7815	0.8039	0.8122	0.8062	0.8298	0.8278	0.8007	0.8266	0.7505	0.7223	0.7114	0.6926	0.6563	0.6606	0.6729	0.7600	0.8067	0.8288	0.8808	0.8827	0.8845	0.9021	0.8907	0.8977	0.8774	0.8784	0.8539	0.8524	0.7020	0.7804	0.7553	0.6490	0.4701	0.3932	0.4264	0.3739	0.3451	0.3540	0.3498	0.3508	0.4999	0.7045	0.5731	0.3191	0.2682	0.3076	0.3347	0.3548	0.4338	0.5687	0.6205	0.5779	0.5280	0.4774	0.4355	0.4009
0.0354	0.0427	0.0868	0.0844	0.1087	0.1390	0.1569	0.1768	0.2196	0.2707	0.3885	0.4890	0.5997	0.6811	0.7581	0.8097	0.7830	0.7869	0.7867	0.7881	0.8623	0.7855	0.7315	0.7450	0.7286	0.7055	0.7222	0.7557	0.8328	0.8535	0.8819	0.8882	0.8949	0.8727	0.8604	0.8363	0.7594	0.7327	0.6953	0.6626	0.5074	0.3172	0.3426	0.3301	0.2992	0.2744	0.2713	0.2617	0.2692	0.2828	0.3011	0.2930	0.3202	0.4322	0.6609	0.4789	0.2966	0.2752	0.2922	0.3278	0.3641	0.5089	0.6288	0.5877	0.5752	0.5153	0.4588	0.4276	0.3924
0.0282	0.0392	0.0619	0.0516	0.0572	0.0700	0.0973	0.1021	0.1271	0.1472	0.1546	0.1816	0.2303	0.2730	0.3374	0.4473	0.5475	0.6765	0.7201	0.7462	0.7685	0.7473	0.7464	0.7575	0.7502	0.7187	0.7112	0.7116	0.7439	0.7386	0.7200	0.6941	0.7275	0.7579	0.5973	0.4201	0.3381	0.3542	0.3226	0.3069	0.2498	0.2307	0.2396	0.2315	0.2171	0.2178	0.2299	0.2383	0.2370	0.2418	0.2481	0.2683	0.2884	0.3098	0.3940	0.3438	0.3052	0.3061	0.3131	0.3431	0.4001	0.5829	0.6734	0.6054	0.5488	0.5250	0.4895	0.4492	0.4216
0.0257	0.0297	0.0344	0.0394	0.0553	0.0552	0.0846	0.0744	0.0772	0.0916	0.1046	0.1057	0.1190	0.1405	0.1744	0.1873	0.2296	0.2695	0.3106	0.4011	0.4236	0.4265	0.4964	0.4984	0.4504	0.4072	0.3699	0.3520	0.3283	0.3208	0.3133	0.3169	0.3262	0.3345	0.2508	0.2088	0.2129	0.2042	0.2008	0.2065	0.1912	0.2049	0.2089	0.2041	0.1981	0.2035	0.2078	0.2096	0.2119	0.2125	0.2151	0.2275	0.2317	0.2383	0.2487	0.2867	0.2946	0.2908	0.3027	0.3417	0.3857	0.6164	0.7146	0.6272	0.5627	0.5422	0.4937	0.4447	0.4272
0.0098	0.0238	0.0463	0.0407	0.0482	0.0485	0.0652	0.0598	0.0588	0.0854	0.0739	0.0727	0.0998	0.1001	0.1129	0.1281	0.1315	0.1348	0.1281	0.1452	0.1611	0.1816	0.1813	0.2119	0.1899	0.1796	0.1685	0.1733	0.1921	0.1860	0.1817	0.1909	0.1920	0.1838	0.1641	0.1595	0.1593	0.1752	0.1687	0.1612	0.1488	0.1604	0.1776	0.1659	0.1632	0.1755	0.1740	0.1804	0.1831	0.1902	0.2003	0.1997	0.2098	0.2210	0.2297	0.2430	0.2451	0.2672	0.2843	0.3185	0.3674	0.5597	0.6816	0.6240	0.5719	0.5407	0.4922	0.4784	0.4483
0.0073	0.0220	0.0399	0.0382	0.0444	0.0544	0.0556	0.0557	0.0620	0.0655	0.0536	0.0580	0.0720	0.0820	0.0882	0.1002	0.1083	0.1226	0.1167	0.1098	0.1243	0.1302	0.1339	0.1419	0.1421	0.1397	0.1385	0.1333	0.1418	0.1376	0.1392	0.1358	0.1469	0.1355	0.1382	0.1239	0.1211	0.1291	0.1298	0.1128	0.1147	0.1236	0.1313	0.1384	0.1346	0.1358	0.1363	0.1512	0.1483	0.1468	0.1630	0.1658	0.1784	0.1733	0.1929	0.2043	0.2202	0.2391	0.2549	0.2909	0.3402	0.4533	0.6616	0.6697	0.6212	0.5347	0.4634	0.4462	0.4535
0.0074	0.0273	0.0212	0.0408	0.0453	0.0461	0.0484	0.0506	0.0540	0.0567	0.0655	0.0615	0.0683	0.0722	0.0713	0.0815	0.0933	0.0932	0.1065	0.0958	0.0941	0.0985	0.1007	0.1075	0.1177	0.1150	0.1094	0.1081	0.1010	0.1040	0.1058	0.1054	0.0949	0.1037	0.1043	0.1039	0.1045	0.0976	0.0926	0.1017	0.1099	0.0990	0.1015	0.1178	0.1205	0.1122	0.1142	0.1224	0.1181	0.1219	0.1381	0.1351	0.1446	0.1488	0.1536	0.1620	0.1800	0.1941	0.1969	0.2263	0.2420	0.2779	0.4220	0.5057	0.5049	0.5218	0.4824	0.4648	0.4606
0.0175	0.0211	0.0164	0.0254	0.0327	0.0460	0.0340	0.0577	0.0555	0.0502	0.0505	0.0601	0.0653	0.0752	0.0725	0.0706	0.0827	0.0900	0.0764	0.0751	0.0809	0.0845	0.0870	0.0827	0.0883	0.0995	0.0944	0.0915	0.0924	0.1024	0.0861	0.0789	0.0869	0.0798	0.0924	0.0921	0.0953	0.0924	0.0831	0.0877	0.0895	0.0888	0.0879	0.0894	0.0935	0.1000	0.0969	0.1002	0.0996	0.0993	0.1105	0.1108	0.1123	0.1177	0.1299	0.1482	0.1580	0.1587	0.1619	0.1861	0.1991	0.2150	0.2487	0.2880	0.3532	0.5097	0.5230	0.5038	0.4071
0.0155	0.0178	0.0203	0.0204	0.0235	0.0314	0.0276	0.0391	0.0457	0.0457	0.0510	0.0543	0.0709	0.0624	0.0578	0.0658	0.0698	0.0693	0.0652	0.0677	0.0806	0.0710	0.0742	0.0807	0.0734	0.0715	0.0820	0.0727	0.0773	0.0859	0.0719	0.0752	0.0806	0.0684	0.0728	0.0765	0.0746	0.0791	0.0704	0.0681	0.0694	0.0665	0.0757	0.0792	0.0830	0.0833	0.0826	0.0787	0.0772	0.0834	0.0895	0.0919	0.0820	0.0968	0.1020	0.1063	0.1163	0.1215	0.1394	0.1582	0.1634	0.1782	0.2042	0.2300	0.2451	0.4177	0.5220	0.5007	0.4694
0.0000	0.0029	0.0179	0.0252	0.0251	0.0235	0.0204	0.0301	0.0349	0.0375	0.0437	0.0500	0.0423	0.0418	0.0527	0.0589	0.0600	0.0600	0.0690	0.0606	0.0658	0.0679	0.0710	0.0763	0.0729	0.0645	0.0682	0.0638	0.0698	0.0672	0.0683	0.0705	0.0734	0.0710	0.0682	0.0682	0.0666	0.0699	0.0680	0.0656	0.0618	0.0626	0.0685	0.0648	0.0710	0.0737	0.0681	0.0678	0.0661	0.0730	0.0750	0.0702	0.0758	0.0786	0.0811	0.0892	0.0867	0.0783	0.0912	0.1135	0.1206	0.1228	0.1423	0.1724	0.1731	0.2506	0.4331	0.4818	0.4464
0.0000	0.0000	0.0063	0.0146	0.0274	0.0246	0.0266	0.0359	0.0231	0.0296	0.0305	0.0404	0.0304	0.0352	0.0375	0.0465	0.0542	0.0584	0.0563	0.0637	0.0679	0.0521	0.0631	0.0655	0.0618	0.0747	0.0720	0.0644	0.0682	0.0622	0.0613	0.0613	0.0687	0.0685	0.0564	0.0598	0.0647	0.0641	0.0640	0.0654	0.0644	0.0577	0.0549	0.0632	0.0553	0.0581	0.0612	0.0594	0.0577	0.0626	0.0641	0.0658	0.0585	0.0651	0.0681	0.0720	0.0656	0.0610	0.0705	0.0752	0.0848	0.0779	0.0865	0.1148	0.1329	0.1589	0.2742	0.4225	0.3889
0.0000	0.0000	0.0013	0.0079	0.0168	0.0139	0.0178	0.0186	0.0219	0.0289	0.0233	0.0320	0.0343	0.0379	0.0438	0.0527	0.0538	0.0570	0.0472	0.0468	0.0550	0.0526	0.0572	0.0494	0.0542	0.0621	0.0657	0.0648	0.0633	0.0582	0.0596	0.0541	0.0512	0.0555	0.0580	0.0661	0.0655	0.0595	0.0642	0.0573	0.0608	0.0541	0.0500	0.0480	0.0551	0.0543	0.0562	0.0497	0.0529	0.0578	0.0574	0.0557	0.0522	0.0608	0.0577	0.0559	0.0558	0.0583	0.0570	0.0651	0.0685	0.0617	0.0725	0.0752	0.0990	0.0930	0.0956	0.1874	0.1970
0.0000	0.0000	0.0000	0.0063	0.0052	0.0000	0.0195	0.0294	0.0149	0.0156	0.0208	0.0276	0.0333	0.0328	0.0515	0.0515	0.0457	0.0469	0.0321	0.0412	0.0521	0.0505	0.0481	0.0456	0.0515	0.0536	0.0508	0.0541	0.0575	0.0564	0.0559	0.0524	0.0511	0.0480	0.0488	0.0481	0.0471	0.0461	0.0586	0.0459	0.0492	0.0519	0.0532	0.0441	0.0477	0.0492	0.0465	0.0445	0.0495	0.0536	0.0456	0.0433	0.0548	0.0477	0.0442	0.0492	0.0571	0.0465	0.0460	0.0562	0.0626	0.0578	0.0630	0.0585	0.0676	0.0751	0.0795	0.0651	0.0633
0.0000	0.0000	0.0010	0.0005	0.0000	0.0000	0.0088	0.0162	0.0086	0.0163	0.0225	0.0295	0.0201	0.0108	0.0304	0.0349	0.0348	0.0276	0.0358	0.0399	0.0391	0.0470	0.0326	0.0414	0.0549	0.0531	0.0474	0.0418	0.0484	0.0527	0.0467	0.0446	0.0551	0.0497	0.0392	0.0412	0.0372	0.0394	0.0475	0.0419	0.0439	0.0501	0.0440	0.0457	0.0405	0.0413	0.0437	0.0369	0.0411	0.0391	0.0423	0.0545	0.0450	0.0447	0.0454	0.0433	0.0426	0.0415	0.0447	0.0486	0.0483	0.0478	0.0561	0.0631	0.0586	0.0642	0.0675	0.0649	0.0745
0.0000	0.0000	0.0000	0.0059	0.0015	0.0088	0.0135	0.0110	0.0053	0.0141	0.0196	0.0288	0.0267	0.0147	0.0276	0.0309	0.0343	0.0284	0.0237	0.0356	0.0398	0.0321	0.0383	0.0337	0.0386	0.0426	0.0455	0.0506	0.0561	0.0556	0.0465	0.0381	0.0431	0.0514	0.0495	0.0482	0.0470	0.0479	0.0423	0.0452	0.0443	0.0378	0.0404	0.0511	0.0377	0.0408	0.0430	0.0399	0.0410	0.0431	0.0458	0.0481	0.0467	0.0426	0.0444	0.0472	0.0399	0.0469	0.0478	0.0434	0.0402	0.0486	0.0496	0.0523	0.0456	0.0465	0.0428	0.0567	0.0569
0.0000	0.0000	0.0000	0.0009	0.0000	0.0072	0.0138	0.0187	0.0133	0.0118	0.0153	0.0161	0.0303	0.0255	0.0264	0.0332	0.0360	0.0419	0.0306	0.0246	0.0350	0.0397	0.0374	0.0394	0.0428	0.0413	0.0351	0.0413	0.0484	0.0465	0.0465	0.0417	0.0466	0.0476	0.0445	0.0436	0.0398	0.0475	0.0457	0.0427	0.0399	0.0401	0.0414	0.0409	0.0419	0.0419	0.0407	0.0400	0.0412	0.0383	0.0425	0.0449	0.0447	0.0456	0.0426	0.0379	0.0423	0.0464	0.0390	0.0395	0.0366	0.0418	0.0386	0.0411	0.0422	0.0360	0.0387	0.0459	0.0395
0.0000	0.0000	0.0000	0.0000	0.0000	0.0007	0.0052	0.0133	0.0070	0.0061	0.0096	0.0012	0.0253	0.0252	0.0151	0.0182	0.0279	0.0254	0.0203	0.0300	0.0268	0.0344	0.0312	0.0335	0.0455	0.0338	0.0386	0.0337	0.0417	0.0487	0.0441	0.0361	0.0405	0.0304	0.0353	0.0356	0.0365	0.0409	0.0393	0.0419	0.0289	0.0379	0.0421	0.0347	0.0380	0.0444	0.0355	0.0366	0.0347	0.0315	0.0373	0.0351	0.0366	0.0372	0.0396	0.0437	0.0338	0.0323	0.0319	0.0341	0.0353	0.0350	0.0358	0.0410	0.0347	0.0304	0.0332	0.0386	0.0302
0.0000	0.0000	0.0000	0.0000	0.0000	0.0000	0.0000	0.0041	0.0003	0.0020	0.0120	0.0113	0.0239	0.0076	0.0238	0.0128	0.0213	0.0299	0.0291	0.0367	0.0306	0.0270	0.0227	0.0326	0.0445	0.0408	0.0276	0.0396	0.0366	0.0368	0.0334	0.0257	0.0429	0.0368	0.0393	0.0326	0.0469	0.0315	0.0310	0.0325	0.0300	0.0352	0.0365	0.0300	0.0400	0.0332	0.0397	0.0312	0.0322	0.0256	0.0359	0.0417	0.0356	0.0314	0.0389	0.0422	0.0293	0.0312	0.0296	0.0410	0.0368	0.0319	0.0419	0.0553	0.0413	0.0420	0.0481	0.0436	0.0346
