0.0000	0.0000	0.0000	0.0045	0.0004	0.0020	0.0046	0.0148	0.0140	0.0122	0.0147	0.0197	0.0161	0.0302	0.0265	0.0408	0.0477	0.0441	0.0305	0.0448	0.0425	0.0508	0.0602	0.0633	0.0605	0.0665	0.0791	0.0556	0.0794	0.0804	0.0676	0.0819	0.0837	0.0974	0.0863	0.0756	0.0769	0.0748	0.0782	0.0818	0.0577	0.0816	0.0857	0.0673	0.0577	0.0799	0.0872	0.0650	0.0566	0.0707	0.0627	0.0545	0.0537	0.0680	0.0656	0.0584	0.0513	0.0644	0.0683	0.0514	0.0544	0.0495	0.0442	0.0519	0.0536	0.0441	0.0567	0.0633	0.0589
0.0000	0.0000	0.0000	0.0154	0.0000	0.0029	0.0196	0.0136	0.0109	0.0067	0.0286	0.0338	0.0417	0.0328	0.0267	0.0448	0.0404	0.0403	0.0403	0.0316	0.0540	0.0444	0.0436	0.0677	0.0724	0.0590	0.0701	0.0740	0.0753	0.0759	0.0860	0.0850	0.0935	0.0928	0.0763	0.0947	0.0925	0.0825	0.0935	0.0882	0.0793	0.0815	0.0684	0.0808	0.0776	0.0772	0.0638	0.0650	0.0735	0.0729	0.0609	0.0636	0.0499	0.0693	0.0679	0.0635	0.0605	0.0535	0.0650	0.0764	0.0562	0.0515	0.0557	0.0693	0.0634	0.0481	0.0544	0.0620	0.0721
0.0000	0.0000	0.0023	0.0212	0.0207	0.0024	0.0086	0.0211	0.0134	0.0080	0.0387	0.0409	0.0444	0.0320	0.0346	0.0506	0.0508	0.0505	0.0533	0.0673	0.0606	0.0503	0.0512	0.0609	0.0724	0.0794	0.0856	0.0648	0.0747	0.1034	0.0970	0.0988	0.1034	0.1064	0.0943	0.0923	0.1097	0.0892	0.0992	0.0977	0.0944	0.0862	0.0858	0.0900	0.0913	0.0910	0.0757	0.0646	0.0750	0.0738	0.0709	0.0663	0.0622	0.0739	0.0796	0.0633	0.0610	0.0629	0.0855	0.0781	0.0784	0.0784	0.0764	0.0870	0.0829	0.0711	0.0661	0.0913	0.0805
0.0000	0.0000	0.0006	0.0073	0.0091	0.0091	0.0167	0.0347	0.0402	0.0231	0.0361	0.0338	0.0442	0.0419	0.0498	0.0412	0.0471	0.0644	0.0695	0.0566	0.0620	0.0688	0.0547	0.0498	0.0711	0.0807	0.0879	0.0842	0.0918	0.0867	0.0913	0.0887	0.1020	0.0832	0.1043	0.1032	0.1044	0.1072	0.0883	0.0837	0.0886	0.0848	0.0925	0.0919	0.0977	0.0912	0.0712	0.0649	0.0697	0.0711	0.0831	0.0763	0.0795	0.0673	0.0775	0.0656	0.0762	0.0764	0.0844	0.0857	0.0999	0.0958	0.0922	0.1073	0.0952	0.0846	0.0795	0.0951	0.0904
0.0000	0.0000	0.0092	0.0138	0.0000	0.0020	0.0174	0.0349	0.0419	0.0360	0.0352	0.0438	0.0506	0.0382	0.0434	0.0527	0.0577	0.0522	0.0620	0.0541	0.0561	0.0685	0.0528	0.0680	0.0780	0.0799	0.0876	0.0823	0.0984	0.0872	0.1043	0.1004	0.1156	0.1121	0.1139	0.1102	0.1024	0.1073	0.0961	0.0859	0.1010	0.0952	0.1131	0.1050	0.0933	0.0918	0.0862	0.0845	0.0703	0.0749	0.0701	0.0776	0.0746	0.0772	0.0796	0.0829	0.0811	0.0798	0.0894	0.0909	0.1022	0.0912	0.1049	0.1140	0.0981	0.1016	0.1144	0.1106	0.0952
0.0000	0.0000	0.0028	0.0197	0.0089	0.0158	0.0157	0.0353	0.0178	0.0262	0.0395	0.0400	0.0639	0.0508	0.0603	0.0627	0.0667	0.0428	0.0705	0.0939	0.0750	0.0759	0.0709	0.0851	0.0988	0.0827	0.0748	0.0748	0.1114	0.1137	0.1141	0.1049	0.1265	0.1476	0.1256	0.1093	0.1146	0.1176	0.0997	0.0929	0.0947	0.1177	0.1156	0.1231	0.1065	0.0909	0.0990	0.1033	0.0742	0.0934	0.0902	0.0796	0.0707	0.0831	0.1033	0.1023	0.0967	0.0925	0.1106	0.1201	0.1266	0.1154	0.1328	0.1393	0.1150	0.1218	0.1258	0.1137	0.1334
0.0000	0.0079	0.0090	0.0000	0.0002	0.0301	0.0309	0.0346	0.0293	0.0280	0.0515	0.0638	0.0578	0.0534	0.0659	0.0770	0.0718	0.0712	0.0833	0.0771	0.0797	0.0804	0.0598	0.0771	0.1041	0.1058	0.0790	0.0832	0.1067	0.1259	0.1000	0.1070	0.1085	0.1368	0.1318	0.1028	0.0982	0.1145	0.1238	0.1230	0.1118	0.1307	0.1313	0.1004	0.1044	0.0881	0.1000	0.1220	0.0847	0.1042	0.1100	0.1011	0.1024	0.1143	0.1044	0.1146	0.1289	0.1042	0.1214	0.1449	0.1346	0.1418	0.1567	0.1667	0.1532	0.1344	0.1385	0.1560	0.2010
0.0073	0.0233	0.0182	0.0113	0.0018	0.0098	0.0309	0.0420	0.0503	0.0363	0.0366	0.0681	0.0486	0.0535	0.0619	0.0755	0.0722	0.0754	0.0767	0.0832	0.0979	0.0983	0.0907	0.0847	0.0944	0.1070	0.0943	0.0905	0.1187	0.1164	0.1174	0.1140	0.1241	0.1359	0.1368	0.1210	0.1370	0.1509	0.1327	0.1348	0.1258	0.1187	0.1313	0.1021	0.1134	0.1051	0.1137	0.1352	0.1216	0.1076	0.1133	0.0952	0.1050	0.1133	0.1094	0.1175	0.1189	0.1186	0.1649	0.1598	0.1597	0.1777	0.1972	0.1968	0.2133	0.1757	0.1567	0.1626	0.2070
0.0022	0.0000	0.0282	0.0165	0.0234	0.0351	0.0375	0.0463	0.0560	0.0459	0.0421	0.0584	0.0606	0.0576	0.0571	0.0748	0.0750	0.0796	0.0979	0.1004	0.1155	0.0873	0.1100	0.1124	0.1029	0.1219	0.1214	0.1050	0.1353	0.1341	0.1164	0.1208	0.1283	0.1331	0.1415	0.1509	0.1476	0.1575	0.1381	0.1493	0.1351	0.1254	0.1535	0.1276	0.1365	0.1297	0.1256	0.1294	0.1326	0.1230	0.1177	0.1134	0.1202	0.1378	0.1301	0.1437	0.1407	0.1478	0.1814	0.2033	0.2154	0.2288	0.2609	0.3311	0.3328	0.2361	0.1919	0.1852	0.1861
0.0048	0.0036	0.0179	0.0302	0.0287	0.0442	0.0421	0.0491	0.0467	0.0588	0.0615	0.0561	0.0646	0.0749	0.0749	0.0798	0.0869	0.0973	0.1101	0.1144	0.1164	0.0914	0.1205	0.1155	0.1168	0.1284	0.1246	0.1283	0.1377	0.1502	0.1381	0.1323	0.1467	0.1541	0.1506	0.1572	0.1505	0.1676	0.1567	0.1534	0.1499	0.1539	0.1578	0.1430	0.1498	0.1494	0.1581	0.1476	0.1398	0.1360	0.1463	0.1518	0.1614	0.1556	0.1541	0.1711	0.1773	0.2048	0.2282	0.2514	0.2918	0.3053	0.3865	0.4319	0.4264	0.3397	0.2573	0.2175	0.2114
0.0139	0.0097	0.0243	0.0375	0.0337	0.0567	0.0522	0.0528	0.0668	0.0682	0.0640	0.0634	0.0721	0.0843	0.0858	0.0879	0.1026	0.1036	0.1153	0.1219	0.1232	0.1148	0.1337	0.1261	0.1461	0.1328	0.1327	0.1333	0.1479	0.1620	0.1330	0.1567	0.1670	0.1629	0.1606	0.1474	0.1828	0.1892	0.1990	0.1847	0.1790	0.1805	0.1869	0.1852	0.1719	0.1765	0.1812	0.1800	0.1661	0.1747	0.1778	0.1896	0.1923	0.1891	0.2003	0.2262	0.2448	0.2374	0.2855	0.3621	0.4291	0.4131	0.4402	0.4520	0.4082	0.3506	0.3288	0.2943	0.2551
0.0035	0.0123	0.0396	0.0490	0.0336	0.0553	0.0525	0.0573	0.0751	0.0729	0.0679	0.0831	0.0954	0.0840	0.0845	0.0956	0.1021	0.1239	0.1307	0.1238	0.1258	0.1292	0.1342	0.1382	0.1746	0.1460	0.1613	0.1587	0.1630	0.1662	0.1644	0.2067	0.2090	0.1843	0.1909	0.1687	0.2035	0.2100	0.2375	0.2177	0.2087	0.2298	0.2469	0.2262	0.2121	0.2108	0.2114	0.2172	0.1995	0.2191	0.2054	0.2227	0.2245	0.2408	0.2440	0.2757	0.3085	0.3224	0.3749	0.5235	0.5459	0.4482	0.4271	0.4626	0.4168	0.3390	0.3238	0.3212	0.3076
0.0167	0.0160	0.0354	0.0502	0.0553	0.0409	0.0572	0.0664	0.0743	0.0855	0.1012	0.0888	0.1048	0.0936	0.1069	0.1056	0.1146	0.1624	0.1662	0.1569	0.1376	0.1718	0.1702	0.1732	0.2043	0.2139	0.1989	0.1945	0.2358	0.2240	0.2273	0.2401	0.2669	0.2707	0.2731	0.2526	0.2870	0.2767	0.2835	0.2963	0.3322	0.3302	0.3303	0.2732	0.2471	0.2463	0.2480	0.2465	0.2582	0.2416	0.2366	0.2550	0.2698	0.2867	0.2875	0.3125	0.3240	0.3478	0.4722	0.5732	0.5367	0.4855	0.4599	0.4563	0.4174	0.3671	0.3327	0.3547	0.3172
0.0190	0.0274	0.0397	0.0448	0.0632	0.0543	0.0625	0.0876	0.0867	0.0846	0.1037	0.1131	0.1166	0.1292	0.1345	0.1393	0.1548	0.1898	0.2148	0.2118	0.1915	0.2084	0.2414	0.2517	0.2627	0.2757	0.2974	0.3054	0.2981	0.2820	0.3079	0.3374	0.4013	0.4129	0.3997	0.4528	0.6119	0.4929	0.3781	0.5758	0.7865	0.7505	0.7380	0.4771	0.3202	0.2688	0.2580	0.2517	0.2620	0.2537	0.2788	0.2841	0.2888	0.2951	0.3138	0.3415	0.3439	0.4049	0.5103	0.5828	0.5573	0.4507	0.4521	0.4268	0.4062	0.3711	0.3526	0.3187	0.2828
0.0201	0.0282	0.0376	0.0654	0.0695	0.0748	0.0843	0.1076	0.1030	0.1148	0.1352	0.1370	0.1516	0.1677	0.2229	0.2087	0.2618	0.2776	0.2924	0.3127	0.3025	0.3056	0.3278	0.3564	0.3741	0.4594	0.5171	0.4827	0.4463	0.4869	0.5555	0.6672	0.8192	0.8609	0.7325	0.7939	0.9581	0.8042	0.6706	0.8632	0.9413	0.9629	0.9623	0.8193	0.5261	0.2871	0.2617	0.2900	0.3039	0.2908	0.2905	0.2927	0.2992	0.2809	0.3305	0.3536	0.4007	0.5280	0.5727	0.6047	0.5589	0.4389	0.4554	0.4140	0.3808	0.3261	0.3529	0.3209	0.2896
0.0269	0.0470	0.0554	0.0722	0.1009	0.1021	0.1005	0.1192	0.1445	0.1513	0.1857	0.2043	0.2373	0.2925	0.4414	0.5020	0.6138	0.6012	0.6187	0.6367	0.5712	0.5055	0.4889	0.5602	0.6294	0.7387	0.7419	0.7264	0.7367	0.7452	0.8240	0.9486	0.9918	1.0000	0.9587	0.9431	0.9222	0.9361	0.8267	0.8057	0.8656	0.8634	0.8589	0.8622	0.6817	0.3810	0.3080	0.3103	0.3102	0.3005	0.3107	0.3282	0.3266	0.3217	0.3481	0.3784	0.4140	0.5612	0.6560	0.6125	0.5511	0.4389	0.4655	0.4120	0.3558	0.3135	0.3264	0.3302	0.2757
0.0268	0.0680	0.0915	0.1250	0.1381	0.1606	0.1756	0.2042	0.2184	0.2471	0.2927	0.3721	0.4707	0.6093	0.7220	0.7442	0.7650	0.8567	0.8671	0.8470	0.8466	0.7333	0.7142	0.7670	0.7661	0.7571	0.7588	0.7959	0.7711	0.8262	0.8137	0.8770	0.8968	0.8909	0.9101	0.8622	0.8517	0.8609	0.8391	0.7601	0.8094	0.7990	0.8290	0.8428	0.6586	0.3745	0.3669	0.3382	0.3301	0.3418	0.3394	0.3464	0.3573	0.3768	0.3929	0.4295	0.4486	0.5729	0.6549	0.5904	0.4999	0.4217	0.4116	0.3917	0.3516	0.3045	0.3170	0.3189	0.2811
0.0614	0.1138	0.1408	0.2171	0.2634	0.3838	0.4346	0.4948	0.5144	0.4774	0.5577	0.6557	0.7403	0.7346	0.7366	0.7819	0.7608	0.8082	0.8440	0.8245	0.8182	0.7668	0.7422	0.7328	0.7340	0.6908	0.7213	0.7588	0.7176	0.7660	0.7955	0.8295	0.8138	0.8441	0.8343	0.7986	0.7875	0.7932	0.7867	0.7853	0.7383	0.7537	0.8015	0.7785	0.6512	0.4189	0.4285	0.3891	0.3852	0.3774	0.3587	0.3755	0.4103	0.4517	0.5408	0.5723	0.5599	0.6245	0.6317	0.5199	0.4644	0.4144	0.4202	0.3884	0.3373	0.2934	0.2809	0.2940	0.2552
0.1086	0.2014	0.3330	0.4745	0.5850	0.7008	0.7688	0.7622	0.7558	0.7034	0.6924	0.7157	0.7493	0.6874	0.6864	0.7621	0.7478	0.7323	0.7341	0.6608	0.6643	0.6808	0.7131	0.7015	0.6621	0.6740	0.6804	0.6552	0.7091	0.7648	0.7463	0.7761	0.7880	0.8209	0.7845	0.7556	0.7302	0.7754	0.7527	0.7487	0.7240	0.7174	0.7254	0.6968	0.7367	0.6211	0.4436	0.4239	0.4001	0.4126	0.4282	0.4347	0.4932	0.6597	0.7245	0.6430	0.5773	0.5658	0.5669	0.4884	0.4826	0.3917	0.3729	0.3472	0.3223	0.3214	0.2963	0.2717	0.2764
0.2080	0.3525	0.4486	0.5241	0.5721	0.6284	0.6661	0.6491	0.6273	0.6294	0.6415	0.6102	0.6434	0.5966	0.6117	0.5925	0.6692	0.7044	0.6730	0.6345	0.6375	0.6594	0.6342	0.6061	0.6254	0.6274	0.6696	0.6844	0.7444	0.7624	0.7213	0.7716	0.7801	0.7588	0.7404	0.7228	0.6637	0.6913	0.6800	0.6948	0.6995	0.6730	0.7001	0.6991	0.7811	0.7136	0.5167	0.5333	0.4571	0.4123	0.4179	0.4630	0.6032	0.7785	0.7289	0.6475	0.5859	0.5432	0.5362	0.4542	0.4214	0.3542	0.3590	0.3452	0.3327	0.2934	0.2787	0.2889	0.2704
0.2314	0.3025	0.3444	0.3584	0.3956	0.4165	0.4704	0.4706	0.4599	0.4570	0.4816	0.4562	0.4974	0.5139	0.4792	0.5330	0.6003	0.6812	0.6541	0.6266	0.6357	0.6116	0.5971	0.5931	0.5977	0.6441	0.6393	0.6584	0.7137	0.7317	0.8121	0.8014	0.7823	0.8082	0.7584	0.7426	0.7103	0.6945	0.6951	0.6987	0.6820	0.6856	0.7030	0.7184	0.6909	0.6835	0.6254	0.5998	0.4949	0.4959	0.4913	0.4945	0.6335	0.7427	0.6605	0.6088	0.5423	0.5075	0.4628	0.3983	0.3929	0.3756	0.3606	0.3239	0.3372	0.2915	0.2819	0.2759	0.2659
0.2208	0.2517	0.2838	0.3126	0.3394	0.3443	0.3722	0.3611	0.3738	0.4178	0.4117	0.4344	0.4708	0.5416	0.5063	0.5444	0.6819	0.6626	0.6408	0.6336	0.6324	0.6319	0.6361	0.6065	0.6011	0.5936	0.6223	0.6331	0.6718	0.6607	0.7174	0.7563	0.7888	0.7742	0.7320	0.7095	0.6907	0.7352	0.6972	0.6821	0.6955	0.6843	0.6736	0.7153	0.7101	0.7345	0.7021	0.6796	0.6198	0.6920	0.6438	0.5539	0.6790	0.6678	0.5859	0.5608	0.5247	0.4727	0.4201	0.3986	0.3696	0.3620	0.3556	0.3289	0.3276	0.3010	0.2932	0.2883	0.2904
0.1745	0.2257	0.2616	0.2722	0.3031	0.3204	0.3898	0.3798	0.3761	0.3934	0.4054	0.4393	0.4309	0.4906	0.5137	0.5870	0.6391	0.6286	0.6289	0.6407	0.6726	0.6357	0.6308	0.6296	0.6193	0.5884	0.6018	0.6597	0.6685	0.6825	0.6878	0.7207	0.7586	0.7679	0.6908	0.6990	0.7042	0.7277	0.7017	0.6561	0.6691	0.6603	0.6911	0.6923	0.7213	0.7588	0.7157	0.7532	0.7564	0.7412	0.6606	0.6120	0.7097	0.6470	0.5671	0.5306	0.5062	0.4378	0.4252	0.4330	0.3913	0.3744	0.3652	0.3292	0.2925	0.3146	0.3006	0.2854	0.2634
0.1792	0.2262	0.2783	0.3193	0.3459	0.3583	0.3731	0.3592	0.3670	0.3528	0.3911	0.4141	0.4306	0.4692	0.5088	0.5807	0.5760	0.6333	0.6794	0.6764	0.6554	0.6155	0.6389	0.5925	0.6222	0.5874	0.6129	0.6408	0.6608	0.7062	0.7049	0.7218	0.7244	0.7184	0.7135	0.6835	0.6700	0.7004	0.6544	0.6696	0.6420	0.6404	0.7079	0.6921	0.6866	0.7211	0.7218	0.7322	0.7309	0.7514	0.6625	0.6674	0.6647	0.6271	0.5293	0.5176	0.4962	0.4546	0.4611	0.4283	0.4142	0.3804	0.3863	0.3405	0.3143	0.3154	0.2831	0.2841	0.2641
0.1866	0.2207	0.2758	0.3084	0.3354	0.3457	0.3626	0.3446	0.3859	0.4151	0.3928	0.3986	0.4231	0.4674	0.5015	0.5181	0.5638	0.6068	0.6570	0.6396	0.6302	0.6226	0.6198	0.6412	0.6272	0.5935	0.6157	0.6288	0.6618	0.6610	0.6413	0.6974	0.6582	0.6887	0.6918	0.6934	0.6944	0.6967	0.6972	0.6855	0.6641	0.6715	0.6893	0.6716	0.6970	0.6866	0.7124	0.7477	0.7388	0.7450	0.7211	0.6562	0.5921	0.5476	0.5279	0.5001	0.4613	0.4547	0.4628	0.4225	0.4119	0.3747	0.3925	0.3460	0.3256	0.2960	0.2975	0.2848	0.2770
0.1927	0.1924	0.2648	0.2990	0.3270	0.3665	0.3711	0.3557	0.3722	0.3890	0.3910	0.4006	0.4630	0.4684	0.4947	0.5059	0.5593	0.5798	0.6002	0.6487	0.6387	0.6336	0.5772	0.6021	0.6130	0.6057	0.6243	0.6491	0.6701	0.6492	0.6716	0.6569	0.6537	0.6338	0.6238	0.6721	0.6720	0.6736	0.7055	0.6539	0.6736	0.6739	0.6472	0.6804	0.7019	0.6899	0.7037	0.6969	0.7082	0.6804	0.6507	0.6007	0.5529	0.5272	0.5145	0.5077	0.4816	0.4949	0.4954	0.4389	0.4470	0.4075	0.3491	0.3569	0.3332	0.3259	0.2981	0.2906	0.2729
0.1658	0.1915	0.2448	0.3262	0.3170	0.3518	0.3394	0.3483	0.3714	0.3834	0.3970	0.4020	0.4647	0.5136	0.5115	0.5023	0.5269	0.5310	0.5651	0.6022	0.6020	0.5798	0.5771	0.6127	0.5894	0.5959	0.6000	0.6157	0.6167	0.6529	0.6950	0.6706	0.6730	0.6573	0.6149	0.6219	0.6279	0.6347	0.6580	0.6682	0.6871	0.6234	0.6295	0.6365	0.6365	0.6213	0.6133	0.6167	0.6187	0.6011	0.5636	0.5272	0.5210	0.5244	0.4954	0.4939	0.4627	0.4670	0.4815	0.4663	0.4155	0.3875	0.3791	0.3530	0.3401	0.3049	0.3073	0.3027	0.2887
0.1816	0.1936	0.2242	0.2984	0.3230	0.3381	0.3447	0.3670	0.3779	0.4226	0.3902	0.4187	0.4411	0.4999	0.4937	0.5172	0.5201	0.5458	0.5685	0.6251	0.5775	0.5634	0.5640	0.6060	0.6167	0.6120	0.6225	0.6233	0.6477	0.6328	0.6605	0.7058	0.6722	0.6509	0.6394	0.6859	0.6573	0.6315	0.6715	0.6609	0.6540	0.6269	0.6404	0.5923	0.5876	0.5759	0.5920	0.5909	0.5774	0.5455	0.5414	0.5374	0.5493	0.5357	0.4763	0.4732	0.4791	0.4672	0.4569	0.4924	0.4193	0.4184	0.4117	0.3306	0.3276	0.3447	0.3155	0.3253	0.3082
0.1728	0.2055	0.2509	0.2975	0.3364	0.3355	0.3588	0.3517	0.4004	0.4066	0.4053	0.4428	0.4388	0.4481	0.5040	0.5150	0.4973	0.5376	0.6108	0.6021	0.6093	0.5696	0.5807	0.6057	0.5993	0.5455	0.5908	0.6193	0.6564	0.6505	0.6567	0.7008	0.7066	0.6678	0.6669	0.6938	0.6927	0.6964	0.6952	0.6743	0.6632	0.6381	0.6347	0.5987	0.6056	0.5761	0.6073	0.5865	0.5593	0.5538	0.5298	0.5251	0.5202	0.5109	0.5068	0.4941	0.4596	0.4626	0.4468	0.4425	0.4223	0.4125	0.4094	0.3695	0.3531	0.3341	0.3003	0.2965	0.2733
0.1738	0.1986	0.2809	0.2983	0.3251	0.3300	0.3108	0.3503	0.4298	0.3954	0.4226	0.4616	0.4874	0.4693	0.4750	0.4996	0.5717	0.5989	0.5925	0.5970	0.5734	0.5578	0.5498	0.5904	0.5624	0.5488	0.5762	0.6176	0.6010	0.6626	0.6609	0.6625	0.7375	0.7072	0.6887	0.7043	0.7234	0.7171	0.6681	0.6566	0.6626	0.6830	0.6395	0.6287	0.6221	0.5966	0.6257	0.6296	0.5779	0.5784	0.5400	0.5486	0.5333	0.5225	0.5049	0.4878	0.4616	0.4359	0.4315	0.4286	0.4276	0.3989	0.4061	0.3923	0.3491	0.3443	0.3175	0.3182	0.2972
0.1627	0.1881	0.2440	0.2522	0.2787	0.3139	0.3405	0.3375	0.3950	0.4575	0.4356	0.4602	0.4869	0.4910	0.4960	0.5214	0.5962	0.5474	0.5168	0.5603	0.5889	0.5528	0.5215	0.5696	0.5719	0.5394	0.5187	0.5659	0.5947	0.6208	0.6475	0.6928	0.7086	0.6930	0.7377	0.7648	0.7337	0.6711	0.6633	0.6694	0.6416	0.7127	0.6774	0.6602	0.6283	0.6228	0.6350	0.6211	0.6517	0.6934	0.6501	0.6365	0.6273	0.5733	0.4979	0.4927	0.4929	0.4896	0.4584	0.4429	0.4309	0.3942	0.4065	0.3806	0.3563	0.3356	0.3089	0.3211	0.3170
0.1729	0.2123	0.2282	0.2506	0.2996	0.3052	0.3274	0.3262	0.3686	0.4369	0.4367	0.4185	0.4598	0.4782	0.5189	0.5702	0.5846	0.5231	0.5263	0.5333	0.5965	0.5479	0.5306	0.5733	0.5894	0.5920	0.5748	0.5990	0.6404	0.6270	0.6459	0.7118	0.7113	0.6795	0.7332	0.7542	0.7139	0.7041	0.7007	0.6616	0.6348	0.6684	0.7087	0.6629	0.6810	0.7111	0.6847	0.7007	0.6696	0.7247	0.7537	0.7011	0.6743	0.6728	0.5948	0.5164	0.5221	0.5042	0.4708	0.4391	0.4175	0.4203	0.4200	0.3831	0.3579	0.3397	0.3360	0.3296	0.3250
0.1797	0.2192	0.2228	0.2612	0.2893	0.2896	0.3262	0.3278	0.3567	0.4134	0.4055	0.4644	0.4850	0.5168	0.5538	0.5806	0.6582	0.5744	0.5931	0.6126	0.5975	0.6159	0.6143	0.6511	0.6417	0.6270	0.6144	0.6360	0.6593	0.6509	0.7101	0.7447	0.7153	0.6980	0.7573	0.7527	0.7715	0.7360	0.7216	0.6980	0.7006	0.7497	0.7523	0.6952	0.7011	0.6659	0.7267	0.7326	0.7248	0.7460	0.7551	0.7240	0.7596	0.7065	0.6596	0.6207	0.5459	0.4960	0.4698	0.4433	0.4133	0.4151	0.3823	0.3747	0.3538	0.3382	0.3673	0.3080	0.3024
0.1742	0.2066	0.2544	0.2729	0.2918	0.2808	0.3352	0.3507	0.3700	0.3936	0.4037	0.4626	0.4686	0.5559	0.5969	0.6105	0.6236	0.6424	0.6211	0.6537	0.6714	0.6227	0.5972	0.6463	0.6430	0.6502	0.5934	0.6137	0.6607	0.6677	0.7335	0.7517	0.7596	0.7694	0.7727	0.7384	0.7179	0.7564	0.7528	0.7368	0.7632	0.7284	0.7581	0.7340	0.6829	0.7196	0.7584	0.7363	0.7826	0.8133	0.7972	0.7562	0.8040	0.7506	0.6978	0.6645	0.5687	0.5196	0.5067	0.4731	0.4483	0.4157	0.3736	0.3797	0.3515	0.3535	0.3580	0.3077	0.3156
0.1751	0.2218	0.2368	0.2581	0.3020	0.2969	0.3156	0.3533	0.3508	0.3682	0.3867	0.4189	0.4848	0.5605	0.5736	0.6056	0.6348	0.6363	0.6229	0.6333	0.6644	0.6532	0.6487	0.6674	0.6891	0.6871	0.6132	0.6063	0.6325	0.6901	0.7110	0.7519	0.7704	0.7664	0.8093	0.7910	0.7182	0.7213	0.7693	0.7289	0.7891	0.7485	0.7657	0.7540	0.7532	0.7380	0.7369	0.7861	0.7835	0.8499	0.8317	0.8207	0.8438	0.8382	0.7480	0.6762	0.6194	0.5516	0.5101	0.5157	0.4443	0.3926	0.3831	0.3960	0.3840	0.3949	0.3341	0.3182	0.3112
0.1663	0.2015	0.2284	0.2485	0.2751	0.3228	0.3290	0.3525	0.3615	0.3520	0.3824	0.4231	0.4715	0.5452	0.5526	0.5945	0.6065	0.6128	0.6111	0.6561	0.6391	0.6634	0.6264	0.6481	0.6567	0.6536	0.6325	0.6379	0.6584	0.6663	0.7033	0.7433	0.7841	0.8016	0.7897	0.8169	0.7525	0.7338	0.7309	0.6994	0.7345	0.7494	0.7983	0.7913	0.7576	0.7719	0.8475	0.8706	0.8511	0.8443	0.8758	0.8437	0.8310	0.8123	0.7664	0.7086	0.6088	0.5912	0.5207	0.4987	0.4766	0.4119	0.4146	0.3983	0.3870	0.3583	0.3248	0.3351	0.3251
0.1588	0.1884	0.2578	0.2802	0.2780	0.3364	0.3387	0.3895	0.3572	0.3871	0.3696	0.4296	0.4519	0.4955	0.4877	0.5385	0.5961	0.6303	0.6292	0.6653	0.6685	0.6676	0.6208	0.6893	0.6144	0.6375	0.6446	0.6669	0.6819	0.6793	0.7055	0.7781	0.8291	0.8436	0.7868	0.7984	0.7605	0.7506	0.7153	0.7065	0.7491	0.7540	0.7908	0.8334	0.8238	0.7976	0.8773	0.9079	0.9265	0.8902	0.8424	0.7995	0.7750	0.6500	0.6091	0.7233	0.6833	0.6562	0.5926	0.5286	0.4609	0.4078	0.4213	0.3744	0.3480	0.3396	0.3460	0.3238	0.3254
0.1994	0.2569	0.2520	0.2780	0.3391	0.3675	0.4136	0.4845	0.4711	0.4473	0.4626	0.4998	0.4717	0.4760	0.5027	0.5152	0.5766	0.6558	0.6268	0.6520	0.6342	0.6659	0.6696	0.6985	0.6555	0.6765	0.6470	0.6666	0.7059	0.6879	0.7535	0.8062	0.8084	0.8280	0.8157	0.7939	0.7972	0.7946	0.7960	0.7713	0.7692	0.7781	0.8310	0.8709	0.8704	0.8702	0.9123	0.9171	0.8975	0.8800	0.7544	0.5340	0.4712	0.4341	0.4488	0.6186	0.7137	0.7276	0.6769	0.5420	0.5089	0.4640	0.4292	0.4019	0.3789	0.3525	0.3622	0.3342	0.3189
0.2052	0.3255	0.3922	0.4553	0.5050	0.5238	0.5694	0.6122	0.5926	0.5832	0.6322	0.6451	0.6196	0.6132	0.6430	0.6318	0.6756	0.7033	0.6869	0.6650	0.6384	0.6682	0.6986	0.6397	0.7086	0.6779	0.6844	0.6742	0.7185	0.7428	0.8025	0.8550	0.8638	0.8608	0.8446	0.8196	0.8069	0.8595	0.8201	0.7887	0.8173	0.8406	0.8819	0.8585	0.8009	0.8284	0.8724	0.7071	0.6295	0.6501	0.4354	0.3295	0.3083	0.3181	0.3314	0.3923	0.4971	0.5752	0.6611	0.6464	0.6012	0.5215	0.4602	0.4321	0.3940	0.3774	0.3430	0.3487	0.3590
0.1275	0.2361	0.3705	0.5720	0.6238	0.6923	0.7905	0.7486	0.7686	0.7806	0.7658	0.7535	0.6975	0.7558	0.7453	0.7811	0.8187	0.8195	0.7923	0.8071	0.7503	0.7516	0.7572	0.7170	0.7103	0.6849	0.6953	0.7316	0.7546	0.7999	0.8310	0.8432	0.8561	0.8410	0.8287	0.8340	0.8346	0.7983	0.8090	0.7590	0.7853	0.7579	0.6660	0.5370	0.4581	0.5813	0.8132	0.5840	0.3194	0.3263	0.2905	0.2770	0.2889	0.2893	0.2911	0.2999	0.3265	0.3575	0.5244	0.6721	0.6875	0.6084	0.5330	0.4618	0.4123	0.3936	0.3817	0.3656	0.3317
0.0713	0.1115	0.1619	0.2654	0.3617	0.4342	0.4996	0.4779	0.5281	0.5773	0.6425	0.6702	0.7424	0.8272	0.8512	0.8507	0.8905	0.8728	0.8903	0.8905	0.8377	0.8176	0.7834	0.7459	0.7444	0.7042	0.6997	0.7202	0.8054	0.8470	0.8150	0.8203	0.8458	0.8035	0.7913	0.8286	0.8156	0.7708	0.7385	0.7241	0.7281	0.4284	0.3145	0.3003	0.2974	0.3225	0.4296	0.3731	0.2563	0.2539	0.2603	0.2639	0.2692	0.2739	0.2694	0.2925	0.3022	0.3199	0.3723	0.4973	0.6636	0.6590	0.6051	0.5446	0.4843	0.4363	0.4043	0.4030	0.3761
0.0455	0.0645	0.0813	0.1067	0.1163	0.1560	0.1442	0.1675	0.2215	0.2452	0.2885	0.3458	0.4602	0.5878	0.7540	0.7930	0.8582	0.8672	0.8634	0.8720	0.9051	0.8424	0.8182	0.8179	0.8017	0.7407	0.7365	0.7461	0.7891	0.8297	0.8493	0.8610	0.8794	0.8838	0.8727	0.9111	0.8160	0.8130	0.7662	0.7472	0.5753	0.2649	0.2422	0.2543	0.2569	0.2415	0.2512	0.2478	0.2295	0.2254	0.2487	0.2393	0.2424	0.2563	0.2553	0.2974	0.3185	0.3251	0.3500	0.4212	0.5283	0.5787	0.6270	0.5623	0.5443	0.4785	0.4521	0.4084	0.3748
0.0116	0.0283	0.0579	0.0550	0.0833	0.0920	0.0949	0.1043	0.1078	0.1267	0.1416	0.1613	0.2053	0.2177	0.2884	0.4007	0.5234	0.6223	0.6927	0.6892	0.7328	0.8322	0.8676	0.8911	0.8504	0.8176	0.7706	0.7912	0.8705	0.8905	0.9058	0.9413	0.9362	0.9509	0.9144	0.8499	0.7833	0.7522	0.6222	0.4575	0.3251	0.2223	0.2363	0.2301	0.2293	0.2212	0.2316	0.2253	0.2127	0.2257	0.2274	0.2195	0.2268	0.2394	0.2556	0.2778	0.3080	0.3208	0.3346	0.3655	0.4091	0.4473	0.4840	0.5160	0.5424	0.5398	0.5225	0.4372	0.4016
0.0124	0.0316	0.0365	0.0530	0.0690	0.0601	0.0870	0.0770	0.0708	0.0872	0.0931	0.1066	0.1177	0.1188	0.1472	0.1621	0.1942	0.2240	0.2470	0.2816	0.3177	0.4071	0.5734	0.5902	0.5239	0.6136	0.6934	0.7856	0.7847	0.7542	0.7402	0.6895	0.5943	0.6268	0.7195	0.5902	0.4557	0.3821	0.2864	0.2261	0.2187	0.2178	0.2054	0.2017	0.2067	0.2146	0.2070	0.2063	0.2119	0.2140	0.2113	0.2134	0.2111	0.2277	0.2438	0.2737	0.2974	0.3144	0.3386	0.3757	0.4959	0.6195	0.5722	0.5202	0.5542	0.5820	0.5200	0.4357	0.4317
0.0141	0.0207	0.0437	0.0403	0.0432	0.0678	0.0803	0.0562	0.0511	0.0809	0.0801	0.0784	0.0818	0.0921	0.1043	0.1096	0.1203	0.1224	0.1438	0.1405	0.1477	0.1670	0.1862	0.2223	0.2185	0.2452	0.3640	0.4813	0.4967	0.3295	0.2622	0.2697	0.2398	0.2710	0.3009	0.2429	0.2017	0.2026	0.1926	0.1891	0.1766	0.1840	0.1877	0.1838	0.1828	0.1780	0.1763	0.1933	0.1880	0.1996	0.2036	0.1996	0.2057	0.2020	0.2238	0.2489	0.2721	0.3199	0.3808	0.4628	0.6657	0.7215	0.6629	0.5999	0.5349	0.5324	0.4827	0.4664	0.4339
0.0114	0.0103	0.0387	0.0355	0.0377	0.0608	0.0655	0.0744	0.0688	0.0787	0.0691	0.0658	0.0766	0.0778	0.0759	0.0951	0.1100	0.1031	0.1132	0.1054	0.1197	0.1314	0.1438	0.1428	0.1527	0.1419	0.1417	0.1619	0.1875	0.1646	0.1570	0.1672	0.1750	0.1718	0.1682	0.1660	0.1607	0.1649	0.1553	0.1504	0.1356	0.1489	0.1574	0.1580	0.1545	0.1556	0.1577	0.1706	0.1672	0.1679	0.1834	0.1885	0.1936	0.1840	0.2138	0.2351	0.2672	0.3315	0.4128	0.5928	0.7934	0.7073	0.6359	0.6065	0.5526	0.5131	0.4832	0.4521	0.4657
0.0040	0.0206	0.0347	0.0220	0.0270	0.0505	0.0571	0.0581	0.0573	0.0629	0.0724	0.0691	0.0653	0.0634	0.0718	0.0876	0.1107	0.0966	0.1002	0.0987	0.1114	0.1047	0.0997	0.1119	0.1144	0.1255	0.1192	0.1194	0.1208	0.1189	0.1252	0.1283	0.1209	0.1307	0.1366	0.1255	0.1241	0.1292	0.1244	0.1289	0.1239	0.1232	0.1219	0.1443	0.1422	0.1405	0.1450	0.1543	0.1611	0.1654	0.1822	0.1864	0.1937	0.1997	0.2133	0.2434	0.2796	0.3490	0.5172	0.7148	0.7303	0.6527	0.5981	0.5562	0.5281	0.5201	0.5022	0.4907	0.4692
0.0086	0.0324	0.0225	0.0245	0.0376	0.0425	0.0399	0.0443	0.0472	0.0440	0.0595	0.0609	0.0686	0.0674	0.0638	0.0728	0.0957	0.0937	0.0842	0.0992	0.0833	0.0893	0.0968	0.0918	0.0947	0.1001	0.0995	0.1017	0.1132	0.1154	0.0988	0.0978	0.1044	0.0926	0.1105	0.1087	0.1125	0.1085	0.1075	0.1008	0.1024	0.0990	0.0990	0.1008	0.1086	0.1195	0.1272	0.1407	0.1411	0.1523	0.1678	0.1765	0.2011	0.2032	0.2189	0.2625	0.2992	0.4276	0.7414	0.7657	0.7121	0.6706	0.6439	0.5471	0.5095	0.4951	0.5180	0.5212	0.4596
0.0000	0.0242	0.0170	0.0230	0.0247	0.0347	0.0360	0.0487	0.0389	0.0393	0.0549	0.0664	0.0748	0.0717	0.0632	0.0656	0.0691	0.0752	0.0609	0.0760	0.0763	0.0863	0.0860	0.0821	0.0763	0.0828	0.0910	0.0924	0.0836	0.0824	0.0929	0.0916	0.0951	0.0803	0.0843	0.0885	0.0932	0.0916	0.0824	0.0812	0.0765	0.0816	0.0814	0.0857	0.0861	0.0994	0.1075	0.1067	0.1182	0.1291	0.1397	0.1461	0.1557	0.1697	0.1884	0.2256	0.2583	0.3885	0.7094	0.8430	0.7515	0.6706	0.6181	0.5407	0.4825	0.4807	0.4891	0.4776	0.4367
0.0036	0.0192	0.0266	0.0194	0.0213	0.0356	0.0319	0.0371	0.0304	0.0469	0.0407	0.0588	0.0536	0.0672	0.0580	0.0674	0.0738	0.0673	0.0633	0.0673	0.0835	0.0797	0.0757	0.0737	0.0848	0.0839	0.0738	0.0809	0.0785	0.0771	0.0767	0.0793	0.0804	0.0768	0.0743	0.0683	0.0660	0.0715	0.0789	0.0752	0.0702	0.0701	0.0801	0.0682	0.0788	0.0806	0.0762	0.0769	0.0887	0.0938	0.1011	0.1079	0.1151	0.1209	0.1310	0.1518	0.1842	0.2079	0.3223	0.5322	0.5986	0.4564	0.4631	0.5492	0.5298	0.4873	0.5055	0.4520	0.3913
0.0000	0.0000	0.0176	0.0042	0.0136	0.0139	0.0227	0.0421	0.0318	0.0483	0.0477	0.0489	0.0364	0.0472	0.0525	0.0625	0.0605	0.0662	0.0592	0.0642	0.0820	0.0663	0.0666	0.0642	0.0799	0.0804	0.0726	0.0693	0.0663	0.0795	0.0745	0.0718	0.0762	0.0771	0.0663	0.0673	0.0736	0.0698	0.0655	0.0645	0.0674	0.0702	0.0680	0.0678	0.0673	0.0657	0.0688	0.0627	0.0635	0.0678	0.0781	0.0820	0.0720	0.0798	0.0960	0.0938	0.1090	0.1251	0.1462	0.1779	0.2248	0.1986	0.2190	0.3507	0.4200	0.4214	0.4394	0.4529	0.4428
0.0000	0.0000	0.0000	0.0095	0.0163	0.0204	0.0305	0.0250	0.0309	0.0364	0.0327	0.0412	0.0352	0.0476	0.0607	0.0492	0.0565	0.0552	0.0507	0.0543	0.0618	0.0603	0.0611	0.0574	0.0686	0.0701	0.0601	0.0631	0.0667	0.0633	0.0544	0.0637	0.0623	0.0669	0.0626	0.0637	0.0691	0.0605	0.0628	0.0555	0.0588	0.0582	0.0599	0.0629	0.0626	0.0618	0.0564	0.0549	0.0568	0.0587	0.0619	0.0692	0.0599	0.0635	0.0750	0.0658	0.0709	0.0833	0.0912	0.1096	0.1120	0.1220	0.1378	0.1536	0.1886	0.1984	0.2493	0.4063	0.4520
0.0000	0.0003	0.0000	0.0026	0.0167	0.0227	0.0161	0.0299	0.0266	0.0196	0.0156	0.0237	0.0168	0.0234	0.0479	0.0492	0.0486	0.0411	0.0405	0.0536	0.0487	0.0579	0.0558	0.0592	0.0591	0.0644	0.0589	0.0573	0.0594	0.0640	0.0663	0.0540	0.0606	0.0675	0.0661	0.0556	0.0561	0.0618	0.0601	0.0582	0.0580	0.0550	0.0565	0.0524	0.0615	0.0566	0.0520	0.0520	0.0625	0.0531	0.0500	0.0608	0.0592	0.0599	0.0564	0.0597	0.0616	0.0684	0.0723	0.0840	0.0944	0.0887	0.0931	0.0980	0.1029	0.1123	0.1454	0.2306	0.2965
0.0000	0.0000	0.0000	0.0035	0.0000	0.0093	0.0064	0.0133	0.0164	0.0186	0.0119	0.0223	0.0226	0.0207	0.0336	0.0456	0.0453	0.0333	0.0361	0.0461	0.0485	0.0535	0.0363	0.0364	0.0399	0.0511	0.0634	0.0499	0.0574	0.0610	0.0558	0.0490	0.0607	0.0630	0.0582	0.0543	0.0438	0.0525	0.0511	0.0480	0.0455	0.0541	0.0532	0.0464	0.0506	0.0544	0.0552	0.0542	0.0489	0.0438	0.0576	0.0555	0.0508	0.0464	0.0550	0.0528	0.0546	0.0581	0.0583	0.0701	0.0698	0.0688	0.0721	0.0695	0.0802	0.0837	0.0847	0.0858	0.1065
0.0000	0.0000	0.0085	0.0088	0.0085	0.0005	0.0029	0.0100	0.0149	0.0136	0.0236	0.0308	0.0298	0.0305	0.0272	0.0326	0.0431	0.0438	0.0367	0.0317	0.0372	0.0392	0.0387	0.0320	0.0488	0.0515	0.0457	0.0482	0.0572	0.0633	0.0581	0.0462	0.0497	0.0472	0.0449	0.0450	0.0529	0.0572	0.0512	0.0443	0.0525	0.0386	0.0462	0.0409	0.0472	0.0542	0.0577	0.0460	0.0406	0.0451	0.0519	0.0502	0.0527	0.0539	0.0513	0.0476	0.0469	0.0544	0.0561	0.0628	0.0638	0.0592	0.0593	0.0568	0.0723	0.0681	0.0694	0.0696	0.0704
0.0000	0.0000	0.0000	0.0007	0.0000	0.0000	0.0000	0.0053	0.0085	0.0070	0.0134	0.0265	0.0256	0.0265	0.0302	0.0397	0.0348	0.0336	0.0406	0.0384	0.0316	0.0277	0.0422	0.0512	0.0431	0.0427	0.0372	0.0445	0.0470	0.0489	0.0530	0.0465	0.0486	0.0570	0.0450	0.0488	0.0404	0.0580	0.0534	0.0445	0.0527	0.0396	0.0423	0.0462	0.0441	0.0464	0.0488	0.0525	0.0420	0.0469	0.0355	0.0458	0.0525	0.0469	0.0530	0.0461	0.0490	0.0507	0.0511	0.0573	0.0524	0.0490	0.0539	0.0680	0.0663	0.0598	0.0594	0.0566	0.0545
0.0000	0.0000	0.0000	0.0000	0.0000	0.0000	0.0000	0.0091	0.0014	0.0068	0.0093	0.0213	0.0257	0.0105	0.0213	0.0294	0.0351	0.0192	0.0255	0.0364	0.0312	0.0328	0.0390	0.0424	0.0427	0.0375	0.0361	0.0428	0.0402	0.0441	0.0407	0.0400	0.0455	0.0449	0.0459	0.0474	0.0456	0.0497	0.0445	0.0443	0.0381	0.0418	0.0414	0.0394	0.0384	0.0448	0.0404	0.0423	0.0367	0.0333	0.0368	0.0423	0.0429	0.0457	0.0525	0.0490	0.0443	0.0442	0.0448	0.0494	0.0448	0.0496	0.0518	0.0568	0.0577	0.0626	0.0529	0.0537	0.0509
0.0000	0.0000	0.0000	0.0000	0.0000	0.0000	0.0056	0.0125	0.0034	0.0000	0.0108	0.0198	0.0268	0.0230	0.0183	0.0298	0.0400	0.0214	0.0327	0.0344	0.0409	0.0408	0.0269	0.0279	0.0487	0.0307	0.0296	0.0345	0.0422	0.0505	0.0435	0.0424	0.0429	0.0429	0.0524	0.0517	0.0470	0.0474	0.0452	0.0479	0.0378	0.0421	0.0410	0.0366	0.0373	0.0350	0.0357	0.0385	0.0362	0.0343	0.0497	0.0471	0.0480	0.0414	0.0437	0.0519	0.0461	0.0456	0.0466	0.0568	0.0578	0.0554	0.0646	0.0724	0.0690	0.0609	0.0675	0.0615	0.0543
