0.0000	0.0000	0.0000	0.0107	0.0000	0.0000	0.0000	0.0041	0.0141	0.0215	0.0196	0.0210	0.0275	0.0176	0.0191	0.0243	0.0504	0.0503	0.0263	0.0515	0.0662	0.0517	0.0559	0.0480	0.0585	0.0640	0.0560	0.0471	0.0639	0.0563	0.0537	0.0632	0.0775	0.0719	0.0633	0.0747	0.0856	0.0789	0.0877	0.0809	0.0837	0.0871	0.1046	0.1010	0.0806	0.1100	0.1088	0.1125	0.1114	0.1064	0.1102	0.0918	0.0910	0.1135	0.1084	0.1095	0.0991	0.0889	0.0907	0.0876	0.0873	0.0879	0.0653	0.0669	0.0632	0.0662	0.0606	0.0568	0.0495
0.0000	0.0000	0.0005	0.0000	0.0000	0.0000	0.0130	0.0150	0.0149	0.0194	0.0284	0.0328	0.0360	0.0288	0.0226	0.0432	0.0493	0.0459	0.0596	0.0551	0.0579	0.0532	0.0466	0.0667	0.0664	0.0824	0.0727	0.0664	0.0800	0.0677	0.0591	0.0805	0.0751	0.0732	0.0833	0.0852	0.0834	0.0844	0.0947	0.0959	0.0870	0.1063	0.1010	0.0999	0.0944	0.0968	0.1180	0.1289	0.1198	0.1135	0.1281	0.1087	0.0858	0.1078	0.1303	0.1281	0.1129	0.1061	0.0816	0.0831	0.0737	0.0780	0.0709	0.0805	0.0811	0.0655	0.0599	0.0549	0.0541
0.0000	0.0000	0.0000	0.0046	0.0180	0.0062	0.0148	0.0217	0.0209	0.0094	0.0201	0.0302	0.0306	0.0360	0.0354	0.0505	0.0540	0.0541	0.0472	0.0530	0.0673	0.0605	0.0551	0.0626	0.0828	0.0839	0.0747	0.0699	0.0845	0.0954	0.0815	0.0656	0.0718	0.0916	0.0787	0.0751	0.0869	0.0934	0.0978	0.0885	0.0946	0.1029	0.1080	0.1094	0.1032	0.1124	0.1307	0.1239	0.1198	0.1159	0.1318	0.1428	0.1172	0.1156	0.1260	0.1264	0.1102	0.1124	0.0949	0.0999	0.1005	0.1053	0.0992	0.0889	0.0883	0.0757	0.0785	0.0651	0.0713
0.0000	0.0000	0.0000	0.0179	0.0060	0.0000	0.0208	0.0364	0.0218	0.0223	0.0286	0.0492	0.0491	0.0385	0.0367	0.0473	0.0463	0.0634	0.0447	0.0625	0.0672	0.0822	0.0674	0.0587	0.0778	0.0875	0.0719	0.0575	0.0778	0.0958	0.0758	0.0718	0.0783	0.1031	0.0857	0.0859	0.0854	0.0903	0.0953	0.0908	0.1012	0.1123	0.1040	0.1075	0.1105	0.1162	0.1294	0.1399	0.1185	0.1041	0.1347	0.1498	0.1286	0.1155	0.1273	0.1285	0.1287	0.1190	0.1202	0.1252	0.1289	0.1207	0.1113	0.0977	0.1027	0.1025	0.1018	0.0883	0.1081
0.0000	0.0026	0.0053	0.0000	0.0214	0.0035	0.0165	0.0345	0.0161	0.0244	0.0430	0.0499	0.0483	0.0518	0.0413	0.0497	0.0508	0.0594	0.0616	0.0626	0.0595	0.0846	0.0838	0.0741	0.0797	0.0986	0.0821	0.0563	0.0751	0.0811	0.0773	0.0743	0.0958	0.1027	0.0955	0.0935	0.0990	0.0913	0.0987	0.0952	0.0915	0.1066	0.1099	0.1233	0.1302	0.1247	0.1257	0.1284	0.1244	0.1327	0.1274	0.1378	0.1313	0.1232	0.1436	0.1513	0.1524	0.1346	0.1411	0.1476	0.1230	0.1270	0.1385	0.1246	0.1292	0.0983	0.1075	0.1045	0.1129
0.0000	0.0000	0.0158	0.0271	0.0107	0.0156	0.0326	0.0419	0.0408	0.0440	0.0445	0.0720	0.0635	0.0389	0.0507	0.0608	0.0636	0.0688	0.0616	0.0850	0.0901	0.0865	0.0856	0.0795	0.0951	0.0977	0.0749	0.0756	0.0807	0.0860	0.0738	0.0669	0.0897	0.1025	0.0938	0.0899	0.0803	0.1007	0.0991	0.0973	0.1081	0.1233	0.1397	0.1409	0.1444	0.1225	0.1315	0.1458	0.1476	0.1589	0.1512	0.1374	0.1550	0.1923	0.1812	0.2193	0.2330	0.1808	0.1697	0.1720	0.1503	0.1758	0.2116	0.1855	0.1651	0.1289	0.1244	0.1323	0.1280
0.0000	0.0000	0.0152	0.0217	0.0083	0.0130	0.0348	0.0398	0.0303	0.0518	0.0568	0.0583	0.0545	0.0377	0.0427	0.0745	0.0654	0.0504	0.0566	0.0778	0.0847	0.0914	0.0849	0.0850	0.0833	0.0932	0.0944	0.0934	0.0899	0.0858	0.0897	0.0851	0.1040	0.1032	0.1092	0.1092	0.1128	0.1045	0.1090	0.1162	0.1042	0.1306	0.1454	0.1366	0.1282	0.1336	0.1561	0.1731	0.1631	0.1628	0.1698	0.1758	0.1897	0.2234	0.2657	0.3964	0.4969	0.3415	0.2370	0.2151	0.2339	0.3622	0.4351	0.3798	0.2385	0.1536	0.1427	0.1448	0.1404
0.0000	0.0115	0.0117	0.0068	0.0190	0.0193	0.0438	0.0436	0.0296	0.0527	0.0573	0.0458	0.0451	0.0466	0.0528	0.0713	0.0691	0.0718	0.0675	0.0666	0.0751	0.0860	0.0825	0.0779	0.0973	0.0979	0.0988	0.0882	0.0959	0.0998	0.1051	0.0880	0.0976	0.1119	0.1227	0.1125	0.1264	0.1201	0.1182	0.1366	0.1305	0.1276	0.1565	0.1463	0.1507	0.1646	0.1765	0.2140	0.2094	0.2035	0.2035	0.2157	0.2547	0.2973	0.4446	0.6531	0.6827	0.5539	0.4100	0.3724	0.4510	0.5295	0.5236	0.4620	0.3280	0.1852	0.1601	0.1628	0.1824
0.0031	0.0087	0.0189	0.0348	0.0456	0.0296	0.0492	0.0416	0.0505	0.0545	0.0593	0.0713	0.0744	0.0676	0.0703	0.0743	0.0728	0.0866	0.0970	0.0935	0.1046	0.0940	0.1024	0.0813	0.0947	0.1078	0.0912	0.0908	0.1158	0.1021	0.1096	0.1084	0.1046	0.1094	0.1241	0.1173	0.1303	0.1392	0.1278	0.1365	0.1370	0.1535	0.1786	0.1651	0.1962	0.2059	0.2319	0.2577	0.2915	0.3115	0.3106	0.3091	0.3854	0.5508	0.7121	0.7497	0.7130	0.6219	0.6500	0.5793	0.5617	0.5566	0.5068	0.4727	0.3785	0.2373	0.1734	0.1966	0.1969
0.0180	0.0136	0.0178	0.0197	0.0385	0.0517	0.0659	0.0584	0.0592	0.0614	0.0629	0.0821	0.0933	0.0696	0.0704	0.0710	0.0808	0.0985	0.0982	0.1010	0.1133	0.1049	0.0988	0.1025	0.1249	0.1186	0.0946	0.1114	0.1046	0.1082	0.1076	0.1114	0.1088	0.1137	0.1247	0.1241	0.1499	0.1543	0.1489	0.1677	0.1595	0.1765	0.2083	0.2071	0.2450	0.2824	0.3110	0.3867	0.5456	0.5856	0.5086	0.4516	0.4565	0.5664	0.7826	0.7455	0.7034	0.6644	0.6186	0.5774	0.5539	0.5437	0.5213	0.4820	0.3801	0.2454	0.2159	0.2216	0.2217
0.0039	0.0106	0.0226	0.0246	0.0363	0.0484	0.0551	0.0490	0.0609	0.0715	0.0653	0.0685	0.0735	0.0865	0.0840	0.0905	0.1027	0.1038	0.1136	0.1136	0.1283	0.1149	0.0977	0.1111	0.1365	0.1353	0.1237	0.1275	0.1073	0.1154	0.1099	0.1134	0.1241	0.1396	0.1502	0.1442	0.1697	0.1744	0.1715	0.1887	0.2139	0.2515	0.2935	0.2790	0.3341	0.3593	0.4657	0.7153	0.8386	0.8381	0.8015	0.7680	0.5940	0.6536	0.7442	0.7288	0.7016	0.6237	0.6022	0.6171	0.5879	0.4951	0.5098	0.4647	0.3009	0.2366	0.2397	0.2273	0.2266
0.0105	0.0235	0.0250	0.0278	0.0286	0.0387	0.0630	0.0595	0.0584	0.0804	0.0753	0.0765	0.0844	0.0953	0.0875	0.0946	0.1056	0.1137	0.1182	0.1252	0.1203	0.1275	0.1187	0.1370	0.1450	0.1388	0.1354	0.1347	0.1355	0.1398	0.1292	0.1453	0.1539	0.1497	0.1691	0.1616	0.1883	0.2084	0.2380	0.2633	0.2974	0.4574	0.5732	0.4358	0.3966	0.4507	0.6224	0.8184	0.8323	0.8686	0.8197	0.8718	0.7867	0.8336	0.7817	0.7670	0.7471	0.6794	0.6718	0.6462	0.6037	0.5353	0.5289	0.4778	0.3135	0.2737	0.2374	0.2441	0.2527
0.0270	0.0381	0.0271	0.0539	0.0502	0.0428	0.0545	0.0628	0.0584	0.0615	0.0928	0.0955	0.0969	0.0887	0.1040	0.1028	0.1073	0.1281	0.1294	0.1545	0.1497	0.1447	0.1441	0.1622	0.1592	0.1622	0.1465	0.1436	0.1454	0.1617	0.1526	0.1774	0.1858	0.2018	0.2092	0.2102	0.2358	0.2653	0.3100	0.3439	0.4274	0.6990	0.8764	0.7278	0.6046	0.6611	0.7875	0.8673	0.8981	0.8899	0.8288	0.7946	0.7897	0.8034	0.7859	0.8135	0.7201	0.6873	0.7097	0.6610	0.6172	0.6034	0.5548	0.5816	0.4100	0.3362	0.3072	0.3307	0.3376
0.0243	0.0269	0.0499	0.0530	0.0615	0.0648	0.0848	0.0996	0.1027	0.0907	0.1256	0.1204	0.1230	0.1143	0.1319	0.1397	0.1469	0.1670	0.1676	0.1683	0.1768	0.1758	0.1936	0.1816	0.1874	0.1790	0.2058	0.2037	0.1919	0.1954	0.2017	0.2082	0.2217	0.2488	0.2713	0.2737	0.3061	0.3388	0.3920	0.4173	0.5186	0.7858	0.9158	0.8703	0.8459	0.8698	0.8533	0.8776	0.8657	0.8098	0.8221	0.8434	0.8393	0.8032	0.7702	0.8097	0.7352	0.7477	0.7339	0.6769	0.6712	0.6320	0.6285	0.6173	0.5720	0.4329	0.4581	0.4505	0.4452
0.0125	0.0242	0.0457	0.0566	0.0762	0.0739	0.0955	0.1077	0.1397	0.1359	0.1468	0.1582	0.1797	0.1763	0.1969	0.2219	0.2511	0.2348	0.2045	0.2126	0.2339	0.2334	0.2219	0.2377	0.2284	0.2256	0.2327	0.2246	0.2352	0.2455	0.2513	0.2683	0.2939	0.3144	0.3214	0.3525	0.3777	0.4436	0.4957	0.5144	0.5685	0.8071	0.8939	0.8354	0.8359	0.8481	0.8392	0.8338	0.8542	0.8012	0.7748	0.7452	0.7706	0.7337	0.7697	0.7479	0.7770	0.7203	0.6594	0.7094	0.6654	0.6135	0.6206	0.5822	0.5915	0.5556	0.5194	0.4860	0.4531
0.0186	0.0299	0.0621	0.0840	0.0956	0.1097	0.1261	0.1507	0.1888	0.1767	0.1919	0.2354	0.2879	0.3583	0.4094	0.5043	0.5785	0.4937	0.4197	0.4444	0.4501	0.4175	0.3652	0.3756	0.3109	0.2781	0.2706	0.2536	0.2817	0.2663	0.2855	0.3291	0.3252	0.3642	0.3911	0.4340	0.4984	0.6003	0.7179	0.6702	0.7054	0.8203	0.9211	0.8790	0.8328	0.8360	0.8017	0.8411	0.8059	0.7829	0.7684	0.7918	0.7652	0.7049	0.7391	0.7662	0.7531	0.6972	0.6493	0.6857	0.6389	0.5940	0.6159	0.6033	0.5192	0.5265	0.5075	0.4978	0.4641
0.0372	0.0477	0.0818	0.1324	0.1357	0.2048	0.2544	0.2758	0.3540	0.3975	0.4206	0.5031	0.6032	0.6179	0.6632	0.7318	0.7594	0.8225	0.7913	0.8145	0.8176	0.8241	0.7424	0.7016	0.6284	0.5077	0.3322	0.2658	0.2878	0.2878	0.3131	0.3561	0.4037	0.4095	0.4604	0.5088	0.6276	0.8569	1.0000	0.8199	0.8419	0.8245	0.8713	0.8089	0.7989	0.7887	0.7714	0.7837	0.7412	0.7746	0.7558	0.7775	0.7498	0.7527	0.7317	0.7437	0.7321	0.6397	0.6596	0.6380	0.5936	0.5834	0.5841	0.5440	0.4866	0.4490	0.4412	0.4425	0.4441
0.0502	0.0807	0.1554	0.2439	0.2897	0.4128	0.5535	0.5859	0.6469	0.5798	0.6302	0.6292	0.6295	0.6198	0.6481	0.7094	0.7123	0.7477	0.8106	0.8030	0.7912	0.8417	0.8095	0.8432	0.7923	0.7273	0.5155	0.3359	0.3040	0.3381	0.3764	0.3965	0.4261	0.4380	0.4850	0.6041	0.7506	0.9447	0.9048	0.8260	0.7769	0.7204	0.7523	0.7495	0.6961	0.7100	0.7747	0.7522	0.7632	0.7516	0.7292	0.7756	0.7328	0.7269	0.6909	0.6427	0.6153	0.6048	0.6381	0.5708	0.5441	0.5651	0.5310	0.5063	0.4894	0.4352	0.4018	0.4198	0.4179
0.1178	0.2306	0.3422	0.4346	0.4972	0.6054	0.6537	0.5977	0.5989	0.5466	0.5037	0.5124	0.5073	0.5158	0.5703	0.6671	0.6971	0.6850	0.7060	0.7445	0.7432	0.7942	0.7656	0.7564	0.7387	0.7450	0.7346	0.5381	0.4461	0.4125	0.3910	0.4176	0.4873	0.6009	0.7034	0.7895	0.8423	0.8384	0.7875	0.7731	0.6980	0.6484	0.7013	0.6847	0.6829	0.7170	0.7189	0.6897	0.7078	0.7436	0.7452	0.7147	0.6924	0.6981	0.6898	0.6434	0.5506	0.5711	0.5874	0.5647	0.5517	0.5184	0.5061	0.5023	0.4686	0.4470	0.4129	0.4107	0.3986
0.2127	0.3555	0.4087	0.3996	0.4151	0.4458	0.4274	0.4462	0.4385	0.4766	0.4813	0.4646	0.5362	0.5462	0.5743	0.6103	0.6607	0.7160	0.6967	0.7025	0.7499	0.8149	0.7618	0.7604	0.7479	0.7419	0.8084	0.8213	0.6899	0.5602	0.4892	0.4779	0.5819	0.8750	0.9729	0.9059	0.8226	0.7549	0.6806	0.6184	0.6501	0.6360	0.6349	0.6083	0.6521	0.6178	0.6253	0.6648	0.6961	0.6831	0.6806	0.6811	0.6741	0.6710	0.7185	0.6580	0.5559	0.5776	0.5770	0.5303	0.5187	0.4986	0.5244	0.5301	0.4705	0.4325	0.4080	0.4091	0.3680
0.2183	0.3018	0.2799	0.2525	0.2365	0.2959	0.3329	0.3841	0.3867	0.4562	0.4765	0.5221	0.5812	0.5762	0.5435	0.5812	0.6469	0.7145	0.6326	0.6531	0.7300	0.7239	0.6876	0.7253	0.7147	0.7354	0.7315	0.7898	0.8112	0.8054	0.7154	0.5641	0.7573	0.9310	0.8929	0.8245	0.7744	0.7270	0.6313	0.5905	0.5790	0.5694	0.5851	0.5928	0.5743	0.5551	0.6213	0.6477	0.6670	0.6467	0.6455	0.6394	0.6407	0.6815	0.6279	0.6094	0.5809	0.5709	0.5836	0.5249	0.5098	0.5047	0.5030	0.4751	0.4569	0.4352	0.4076	0.3979	0.3684
0.2178	0.2492	0.2664	0.2396	0.2351	0.2763	0.3423	0.4256	0.4443	0.4765	0.4808	0.5219	0.5565	0.5575	0.5736	0.6230	0.6891	0.6720	0.6515	0.6903	0.7337	0.7435	0.7208	0.6658	0.6776	0.7025	0.7026	0.7427	0.7971	0.7613	0.6825	0.7002	0.8354	0.7951	0.7662	0.7216	0.6679	0.6422	0.5822	0.5962	0.5912	0.5694	0.5678	0.5855	0.5856	0.6199	0.6132	0.5903	0.5833	0.6362	0.6901	0.6428	0.6428	0.6469	0.5811	0.6011	0.5992	0.6003	0.5666	0.5082	0.5137	0.5073	0.4958	0.4313	0.4339	0.4298	0.4044	0.4058	0.3675
0.1917	0.2178	0.2287	0.2373	0.2783	0.2949	0.3768	0.4263	0.4091	0.4099	0.4764	0.5391	0.5342	0.5645	0.5878	0.6321	0.6815	0.6661	0.6294	0.6440	0.6945	0.7649	0.7093	0.7015	0.6605	0.6307	0.6954	0.7764	0.7833	0.7683	0.6622	0.7761	0.8047	0.7139	0.6455	0.6184	0.6295	0.6431	0.6063	0.5910	0.5816	0.5838	0.5558	0.5748	0.6336	0.6331	0.6153	0.5856	0.5793	0.6115	0.6564	0.6637	0.6647	0.6358	0.6293	0.6305	0.6185	0.6373	0.5792	0.5689	0.5349	0.5125	0.4874	0.4535	0.4605	0.4580	0.4393	0.4046	0.3902
0.2015	0.2281	0.2367	0.2710	0.2739	0.3018	0.4007	0.3951	0.3940	0.4002	0.4350	0.4603	0.4686	0.5088	0.5466	0.5985	0.6653	0.6767	0.6772	0.6368	0.6840	0.6930	0.6950	0.6477	0.6765	0.6314	0.6763	0.6792	0.6919	0.7201	0.7115	0.7255	0.6661	0.6428	0.6605	0.6007	0.6002	0.6349	0.6390	0.5956	0.5759	0.5898	0.6184	0.5952	0.6210	0.6298	0.6382	0.6227	0.5697	0.6114	0.6189	0.6091	0.6634	0.6393	0.6118	0.6229	0.6387	0.6077	0.5936	0.5342	0.5267	0.5281	0.5490	0.4821	0.4365	0.4697	0.4499	0.4107	0.3959
0.1974	0.2327	0.2491	0.2605	0.2944	0.3083	0.3625	0.3954	0.3993	0.4087	0.4200	0.4583	0.4750	0.5186	0.5063	0.5392	0.6051	0.6374	0.6384	0.6271	0.6292	0.6124	0.6400	0.6474	0.6287	0.6005	0.5903	0.6041	0.6554	0.6284	0.6160	0.6418	0.6277	0.6147	0.6361	0.6428	0.6501	0.6288	0.6219	0.6276	0.6133	0.6282	0.6320	0.5684	0.6170	0.5920	0.6059	0.6192	0.6294	0.6449	0.6135	0.5959	0.6118	0.6307	0.6100	0.6029	0.6247	0.5919	0.5378	0.5530	0.5505	0.5239	0.5432	0.4580	0.4609	0.4463	0.4086	0.3990	0.3779
0.2193	0.2348	0.2409	0.2795	0.2932	0.3249	0.3557	0.3442	0.3869	0.3931	0.4186	0.4518	0.4746	0.4826	0.4875	0.4836	0.5453	0.5854	0.5455	0.6129	0.6283	0.5816	0.5537	0.5474	0.5544	0.5874	0.5752	0.5960	0.6168	0.6070	0.6177	0.6296	0.6113	0.6189	0.6382	0.6371	0.6479	0.6274	0.6375	0.6507	0.6346	0.6512	0.6045	0.5981	0.6273	0.6292	0.6434	0.6211	0.6613	0.6531	0.6264	0.6217	0.6270	0.6225	0.6149	0.6139	0.6032	0.6150	0.5866	0.5477	0.5817	0.5444	0.5030	0.4628	0.4433	0.4310	0.4272	0.4010	0.3460
0.2425	0.2581	0.2790	0.2847	0.2933	0.3129	0.3422	0.3562	0.3606	0.3860	0.4014	0.3935	0.4645	0.4499	0.4688	0.5026	0.5247	0.4874	0.5204	0.5419	0.5400	0.5403	0.5372	0.5816	0.5373	0.5239	0.5539	0.5678	0.5492	0.5816	0.5939	0.6235	0.6231	0.6330	0.6289	0.6199	0.6247	0.6144	0.6465	0.6505	0.6706	0.6303	0.6110	0.6094	0.6356	0.6055	0.5933	0.5867	0.6248	0.6524	0.6450	0.6277	0.6153	0.6169	0.5911	0.6301	0.5747	0.5716	0.6052	0.5920	0.5176	0.5225	0.5144	0.4805	0.4382	0.4187	0.4114	0.4145	0.3725
0.2628	0.2704	0.2554	0.2873	0.3061	0.2972	0.3390	0.3675	0.3877	0.4197	0.4129	0.4008	0.4290	0.4653	0.4441	0.4717	0.4631	0.4720	0.4981	0.5291	0.5180	0.5532	0.5775	0.5614	0.5608	0.5543	0.5452	0.5337	0.5647	0.6123	0.6038	0.6443	0.6317	0.6172	0.6346	0.6168	0.6340	0.6690	0.6455	0.6126	0.6521	0.6151	0.6131	0.6020	0.6411	0.6070	0.6075	0.6245	0.6218	0.6084	0.6284	0.6412	0.6678	0.6673	0.6093	0.6244	0.5967	0.5580	0.5724	0.6114	0.5658	0.5500	0.5264	0.4627	0.4650	0.4424	0.4343	0.4533	0.3970
0.2197	0.2495	0.2631	0.2762	0.3256	0.3343	0.3578	0.3680	0.3738	0.4152	0.4307	0.4220	0.4298	0.4663	0.4473	0.4792	0.4695	0.5083	0.5294	0.5294	0.5582	0.5535	0.5461	0.5755	0.5944	0.5451	0.5779	0.5873	0.6246	0.5978	0.6021	0.6408	0.6543	0.6325	0.6270	0.5988	0.6468	0.6812	0.6518	0.5995	0.6361	0.6426	0.5987	0.5843	0.6236	0.6126	0.6320	0.6503	0.6554	0.6366	0.6393	0.6289	0.6280	0.6369	0.6357	0.6142	0.5863	0.5929	0.5497	0.5505	0.5520	0.5302	0.5136	0.4731	0.4750	0.4746	0.4483	0.4312	0.3763
0.2093	0.2592	0.2867	0.3054	0.3057	0.3338	0.3343	0.3571	0.3884	0.4014	0.4311	0.4532	0.4663	0.4737	0.4548	0.4919	0.5294	0.5193	0.5464	0.5484	0.5515	0.5477	0.5512	0.5891	0.5496	0.5164	0.5615	0.6072	0.6021	0.5925	0.6032	0.6346	0.6848	0.6379	0.6169	0.6033	0.6563	0.6693	0.6426	0.6184	0.6495	0.6461	0.6032	0.6266	0.6224	0.5917	0.6202	0.6309	0.6247	0.6600	0.6564	0.6470	0.6233	0.5948	0.6122	0.6034	0.5701	0.5629	0.5459	0.5413	0.5487	0.5318	0.5359	0.5257	0.4768	0.4461	0.4411	0.4633	0.4357
0.2083	0.2543	0.2877	0.2864	0.2940	0.3375	0.3661	0.3611	0.4146	0.4141	0.4362	0.4499	0.4659	0.4924	0.4821	0.4863	0.5325	0.5089	0.5522	0.5721	0.5913	0.5911	0.5426	0.6137	0.5883	0.5667	0.5434	0.5755	0.6032	0.6288	0.6139	0.6432	0.6578	0.6536	0.6529	0.6487	0.6429	0.6326	0.6111	0.6436	0.6183	0.6259	0.6165	0.6425	0.6310	0.5622	0.6067	0.6031	0.6413	0.6838	0.6708	0.6601	0.6935	0.6582	0.6053	0.5885	0.5819	0.5839	0.5487	0.5555	0.5422	0.5234	0.5121	0.4821	0.5053	0.4654	0.4456	0.4394	0.4204
0.1991	0.2386	0.2373	0.2722	0.2904	0.3162	0.3629	0.3771	0.4235	0.4347	0.4450	0.4496	0.4609	0.4561	0.4990	0.5241	0.5312	0.5521	0.5957	0.6300	0.6327	0.6055	0.6030	0.6764	0.6519	0.6298	0.5880	0.6529	0.7200	0.6971	0.7011	0.7234	0.7287	0.7001	0.7022	0.6843	0.6444	0.6469	0.6152	0.6254	0.5920	0.5984	0.6607	0.6096	0.6126	0.5785	0.6270	0.6457	0.6359	0.6596	0.6916	0.6645	0.6367	0.6794	0.6542	0.6153	0.6027	0.6050	0.5694	0.5604	0.5485	0.5302	0.5596	0.5291	0.4978	0.4858	0.4594	0.4474	0.4342
0.2260	0.2656	0.2534	0.3067	0.3028	0.3220	0.3757	0.3878	0.4383	0.4872	0.4572	0.4811	0.5041	0.4824	0.5015	0.5351	0.5996	0.6269	0.6652	0.6697	0.6657	0.6838	0.6597	0.7024	0.7250	0.6937	0.6581	0.6986	0.7633	0.7807	0.8296	0.8712	0.8344	0.8001	0.7804	0.7189	0.7531	0.6939	0.6496	0.6333	0.6326	0.6445	0.6336	0.6329	0.6218	0.5569	0.6339	0.6762	0.6580	0.6291	0.6586	0.6458	0.6444	0.6503	0.6363	0.6497	0.6229	0.5868	0.5254	0.5641	0.5547	0.5610	0.5693	0.5213	0.5021	0.4747	0.4857	0.4686	0.4550
0.2165	0.2560	0.2738	0.3023	0.3020	0.3397	0.3968	0.4663	0.4530	0.4801	0.5156	0.4879	0.5113	0.5439	0.5138	0.5829	0.5840	0.6441	0.6461	0.6469	0.6914	0.6545	0.6754	0.6965	0.6990	0.7164	0.7003	0.7555	0.7700	0.7971	0.8986	0.9340	0.9084	0.9152	0.8964	0.8196	0.7519	0.7100	0.7058	0.6457	0.6333	0.6533	0.6113	0.6199	0.6065	0.6070	0.6579	0.6233	0.6460	0.6695	0.6523	0.6254	0.6188	0.6104	0.6146	0.6196	0.6007	0.5751	0.5684	0.5623	0.5688	0.5682	0.5424	0.5413	0.5261	0.5104	0.5174	0.5037	0.4823
0.2128	0.2571	0.2779	0.2906	0.3408	0.3441	0.3997	0.4732	0.4884	0.4759	0.4916	0.4931	0.5257	0.5565	0.5504	0.6208	0.5943	0.6443	0.6588	0.6835	0.7368	0.7010	0.6910	0.7046	0.7308	0.7474	0.7404	0.7837	0.7896	0.8351	0.8943	0.9160	0.7422	0.6171	0.7367	0.8407	0.8122	0.7912	0.8014	0.6887	0.6636	0.6496	0.6322	0.6318	0.6223	0.6107	0.6004	0.6206	0.6300	0.6920	0.6425	0.5943	0.6366	0.6473	0.6266	0.6343	0.6033	0.5960	0.5900	0.5870	0.5472	0.5109	0.5341	0.5525	0.5569	0.5455	0.5586	0.5235	0.4664
0.2035	0.2427	0.2755	0.2823	0.3522	0.4220	0.4630	0.4593	0.4892	0.4883	0.4871	0.5393	0.5160	0.5929	0.6133	0.6505	0.6503	0.6672	0.6816	0.7346	0.7157	0.7486	0.7136	0.7253	0.7729	0.7700	0.7591	0.7971	0.8272	0.8483	0.8541	0.7321	0.5141	0.4342	0.5090	0.7485	0.9299	0.8543	0.7557	0.6948	0.7033	0.6761	0.6673	0.6344	0.6131	0.6099	0.6526	0.6856	0.6730	0.6815	0.6588	0.6333	0.6252	0.6295	0.6180	0.6136	0.5813	0.5913	0.5678	0.5832	0.6118	0.5686	0.5965	0.5669	0.5553	0.5406	0.5857	0.5549	0.5054
0.2277	0.2538	0.3133	0.3237	0.3762	0.4405	0.4719	0.4877	0.4914	0.4896	0.4699	0.5474	0.5592	0.5912	0.5856	0.6266	0.6530	0.6912	0.6899	0.6988	0.7389	0.7608	0.7449	0.7730	0.7693	0.7283	0.7655	0.8264	0.8469	0.7640	0.5544	0.3992	0.3974	0.4351	0.4705	0.7004	0.9599	0.9108	0.8126	0.7569	0.7266	0.7065	0.6658	0.6614	0.6585	0.6323	0.6587	0.6747	0.6798	0.7042	0.6470	0.6233	0.6335	0.6095	0.5976	0.6028	0.5954	0.6027	0.6069	0.5498	0.5651	0.5798	0.6152	0.6018	0.5882	0.5506	0.5505	0.5418	0.5192
0.2654	0.2821	0.3267	0.3314	0.3684	0.4223	0.4194	0.4695	0.4818	0.4573	0.4726	0.5336	0.5863	0.5685	0.6231	0.6241	0.6771	0.7284	0.7691	0.7462	0.7415	0.7834	0.7812	0.8081	0.7749	0.7597	0.7620	0.8247	0.7916	0.4948	0.3699	0.3513	0.3503	0.3845	0.4337	0.5313	0.8292	0.9522	0.8977	0.8442	0.8320	0.7363	0.7235	0.7110	0.6892	0.6573	0.7080	0.6964	0.6759	0.6874	0.6810	0.6924	0.6875	0.6679	0.6461	0.6295	0.6154	0.6275	0.6215	0.5732	0.6207	0.6137	0.6554	0.6341	0.6204	0.5796	0.5931	0.5694	0.5443
0.2232	0.3304	0.3736	0.4269	0.4464	0.4372	0.4445	0.4750	0.4770	0.4745	0.4924	0.4941	0.5468	0.5984	0.6342	0.6826	0.7274	0.7180	0.7231	0.7222	0.7032	0.7588	0.7853	0.7863	0.8033	0.7683	0.8106	0.7875	0.5991	0.3190	0.2892	0.3039	0.3175	0.3610	0.3984	0.4076	0.5124	0.6788	0.6626	0.7700	0.9129	0.8573	0.8242	0.8041	0.7420	0.7075	0.7248	0.6914	0.6997	0.7105	0.6756	0.7091	0.7223	0.6825	0.6337	0.6306	0.6418	0.6344	0.5918	0.6310	0.6548	0.6623	0.6723	0.6777	0.6446	0.6202	0.5878	0.5625	0.5688
0.1489	0.2621	0.3716	0.4935	0.5439	0.5725	0.5761	0.5621	0.5626	0.5676	0.5353	0.5050	0.5077	0.5550	0.5862	0.6568	0.6938	0.7424	0.7085	0.6982	0.7401	0.7864	0.8269	0.8137	0.7744	0.8012	0.7744	0.5947	0.3667	0.2633	0.2650	0.2834	0.2711	0.2976	0.3157	0.3594	0.3754	0.4019	0.4314	0.5234	0.6830	0.7258	0.7199	0.8040	0.8319	0.7668	0.7500	0.7085	0.7450	0.7229	0.6952	0.7309	0.7615	0.7538	0.7065	0.6674	0.6660	0.6280	0.6615	0.6816	0.7028	0.7241	0.6783	0.6980	0.6298	0.6437	0.6301	0.5920	0.5435
0.0848	0.1257	0.1951	0.2812	0.3826	0.4877	0.6208	0.6400	0.6812	0.6827	0.6711	0.6085	0.5794	0.5847	0.6038	0.6372	0.6952	0.7574	0.7532	0.7790	0.8364	0.8379	0.8527	0.8104	0.7374	0.6003	0.4354	0.2707	0.2611	0.2545	0.2597	0.2484	0.2481	0.2568	0.2710	0.2929	0.3119	0.3260	0.3453	0.3653	0.4191	0.4454	0.5514	0.7626	0.8890	0.7926	0.7680	0.7475	0.7288	0.7337	0.6862	0.7478	0.7545	0.7556	0.7339	0.7359	0.7238	0.7200	0.7079	0.7437	0.7705	0.7829	0.7638	0.7626	0.7189	0.6627	0.6253	0.6039	0.5465
0.0427	0.0676	0.0805	0.0998	0.1581	0.2113	0.2849	0.4311	0.5098	0.5167	0.5133	0.5424	0.6523	0.6390	0.6494	0.6910	0.7182	0.7574	0.7586	0.7674	0.8430	0.7474	0.6704	0.5125	0.3843	0.2653	0.2323	0.2114	0.2248	0.2340	0.2449	0.2280	0.2374	0.2504	0.2515	0.2674	0.2722	0.2918	0.3055	0.3406	0.3797	0.4159	0.5967	0.8540	0.8965	0.8539	0.8269	0.7667	0.7386	0.7477	0.7840	0.7794	0.7832	0.7864	0.7930	0.7725	0.7850	0.8128	0.7920	0.8276	0.8345	0.7954	0.8378	0.7993	0.7794	0.7144	0.6721	0.6109	0.5784
0.0076	0.0314	0.0584	0.0669	0.0838	0.0777	0.1117	0.1569	0.1651	0.2039	0.2074	0.2258	0.3360	0.3479	0.3518	0.4066	0.4928	0.5246	0.4794	0.4625	0.4315	0.3654	0.2863	0.2328	0.2234	0.2023	0.1943	0.2003	0.2244	0.2275	0.2130	0.2040	0.2087	0.2325	0.2266	0.2181	0.2354	0.2797	0.2764	0.3095	0.3827	0.4380	0.6615	0.9476	0.9376	0.8902	0.8720	0.8388	0.8157	0.8015	0.8152	0.8312	0.8417	0.8645	0.8269	0.8650	0.9086	0.8985	0.8774	0.8463	0.8301	0.7322	0.7103	0.6387	0.5700	0.7092	0.7189	0.6724	0.6324
0.0107	0.0379	0.0370	0.0484	0.0662	0.0543	0.0744	0.0792	0.0930	0.1067	0.1106	0.1211	0.1271	0.1338	0.1309	0.1582	0.1730	0.1808	0.1625	0.1554	0.1642	0.1536	0.1649	0.1675	0.1622	0.1573	0.1448	0.1589	0.1771	0.1750	0.1825	0.1838	0.1815	0.1827	0.1845	0.1914	0.2119	0.2210	0.2488	0.2691	0.3156	0.3872	0.5549	0.8615	0.9429	0.9315	0.9039	0.8848	0.8930	0.8714	0.8437	0.8592	0.8074	0.6967	0.5479	0.6845	0.8958	0.8698	0.6566	0.5450	0.5310	0.4345	0.4008	0.3934	0.4234	0.6830	0.7483	0.6823	0.6474
0.0250	0.0347	0.0399	0.0424	0.0563	0.0595	0.0734	0.0797	0.0777	0.0844	0.0910	0.0903	0.0973	0.0780	0.0882	0.1052	0.0993	0.1124	0.1134	0.1058	0.1167	0.1051	0.1119	0.1215	0.1222	0.1144	0.1246	0.1209	0.1351	0.1367	0.1356	0.1411	0.1412	0.1432	0.1432	0.1426	0.1440	0.1701	0.1842	0.1870	0.1964	0.2327	0.3156	0.4500	0.5020	0.5730	0.6262	0.7040	0.8474	0.8264	0.6909	0.5891	0.5597	0.3761	0.3186	0.3649	0.5098	0.5519	0.3626	0.3042	0.3097	0.2846	0.3073	0.3438	0.3662	0.5144	0.5458	0.6480	0.6590
0.0186	0.0185	0.0473	0.0486	0.0504	0.0546	0.0731	0.0739	0.0719	0.0735	0.0685	0.0736	0.0854	0.0680	0.0714	0.0873	0.0984	0.1013	0.0984	0.0817	0.1012	0.1010	0.0973	0.0996	0.1030	0.0947	0.0970	0.0980	0.1119	0.1088	0.1071	0.1162	0.1204	0.1057	0.1124	0.1231	0.1264	0.1296	0.1305	0.1261	0.1323	0.1515	0.1692	0.2077	0.2158	0.2326	0.3329	0.6404	0.6199	0.4228	0.2867	0.2397	0.2654	0.2399	0.2266	0.2264	0.2384	0.2645	0.2532	0.2593	0.2862	0.2852	0.2903	0.2943	0.3121	0.3134	0.3563	0.5432	0.6681
0.0067	0.0315	0.0261	0.0359	0.0450	0.0389	0.0497	0.0577	0.0605	0.0573	0.0666	0.0655	0.0638	0.0570	0.0674	0.0797	0.0984	0.0760	0.0897	0.0846	0.0938	0.0930	0.0777	0.0898	0.0940	0.0920	0.0899	0.0878	0.0901	0.0922	0.0968	0.0911	0.0898	0.0963	0.1034	0.0966	0.1050	0.1091	0.0986	0.0982	0.1200	0.1120	0.1366	0.1509	0.1773	0.1711	0.2215	0.3463	0.2793	0.1870	0.1940	0.1910	0.1957	0.1803	0.1815	0.1936	0.1985	0.2066	0.1994	0.2139	0.2222	0.2204	0.2249	0.2296	0.2402	0.2590	0.2946	0.4265	0.6110
0.0099	0.0130	0.0153	0.0311	0.0295	0.0278	0.0314	0.0524	0.0443	0.0328	0.0555	0.0570	0.0618	0.0616	0.0692	0.0713	0.0894	0.0739	0.0783	0.0790	0.0787	0.0818	0.0832	0.0792	0.0738	0.0790	0.0709	0.0818	0.0908	0.0902	0.0799	0.0852	0.0821	0.0793	0.0802	0.0794	0.0926	0.1023	0.0893	0.0892	0.0928	0.0940	0.1050	0.1067	0.1250	0.1315	0.1476	0.1619	0.1580	0.1534	0.1653	0.1588	0.1642	0.1632	0.1659	0.1747	0.1886	0.1740	0.1600	0.1708	0.1881	0.1841	0.1872	0.1767	0.1666	0.1903	0.2204	0.2542	0.2993
0.0000	0.0017	0.0090	0.0212	0.0284	0.0254	0.0300	0.0425	0.0407	0.0372	0.0565	0.0460	0.0656	0.0636	0.0551	0.0677	0.0663	0.0711	0.0634	0.0651	0.0794	0.0726	0.0596	0.0667	0.0643	0.0644	0.0591	0.0652	0.0818	0.0765	0.0703	0.0796	0.0782	0.0669	0.0709	0.0712	0.0770	0.0847	0.0824	0.0753	0.0764	0.0755	0.0888	0.0926	0.1002	0.1109	0.1143	0.1238	0.1224	0.1250	0.1233	0.1291	0.1266	0.1339	0.1407	0.1359	0.1420	0.1396	0.1420	0.1644	0.1546	0.1464	0.1586	0.1509	0.1429	0.1484	0.1686	0.1862	0.1805
0.0000	0.0000	0.0085	0.0184	0.0162	0.0198	0.0190	0.0284	0.0328	0.0359	0.0404	0.0377	0.0525	0.0510	0.0519	0.0592	0.0569	0.0602	0.0561	0.0638	0.0747	0.0696	0.0578	0.0688	0.0601	0.0621	0.0628	0.0584	0.0644	0.0633	0.0551	0.0668	0.0695	0.0664	0.0640	0.0597	0.0557	0.0665	0.0708	0.0662	0.0663	0.0668	0.0848	0.0736	0.0839	0.0881	0.0958	0.0889	0.0969	0.1035	0.0950	0.0995	0.1010	0.1083	0.1122	0.1227	0.1217	0.1006	0.1232	0.1333	0.1299	0.1174	0.1239	0.1354	0.1359	0.1271	0.1429	0.1556	0.1473
0.0000	0.0000	0.0119	0.0072	0.0095	0.0088	0.0257	0.0300	0.0336	0.0388	0.0401	0.0384	0.0463	0.0452	0.0535	0.0575	0.0526	0.0623	0.0547	0.0571	0.0609	0.0610	0.0485	0.0528	0.0647	0.0698	0.0626	0.0634	0.0647	0.0562	0.0494	0.0560	0.0553	0.0593	0.0608	0.0550	0.0552	0.0705	0.0674	0.0647	0.0648	0.0689	0.0683	0.0701	0.0734	0.0837	0.0852	0.0784	0.0826	0.0855	0.0890	0.0899	0.0820	0.0848	0.1011	0.0948	0.1014	0.0885	0.1024	0.1064	0.1063	0.0895	0.0931	0.1050	0.1126	0.1189	0.1057	0.1100	0.1106
0.0000	0.0000	0.0247	0.0157	0.0074	0.0009	0.0338	0.0347	0.0318	0.0287	0.0440	0.0352	0.0372	0.0484	0.0466	0.0510	0.0479	0.0502	0.0612	0.0620	0.0598	0.0566	0.0545	0.0468	0.0581	0.0618	0.0553	0.0568	0.0561	0.0456	0.0472	0.0507	0.0455	0.0552	0.0522	0.0541	0.0585	0.0614	0.0621	0.0624	0.0614	0.0651	0.0696	0.0609	0.0648	0.0686	0.0651	0.0743	0.0782	0.0822	0.0818	0.0726	0.0712	0.0861	0.0907	0.0808	0.0878	0.0875	0.0888	0.0908	0.0942	0.0908	0.0896	0.0894	0.0970	0.0922	0.0758	0.0819	0.0878
0.0000	0.0000	0.0010	0.0133	0.0068	0.0000	0.0076	0.0187	0.0206	0.0134	0.0270	0.0286	0.0246	0.0354	0.0412	0.0381	0.0373	0.0513	0.0433	0.0474	0.0451	0.0444	0.0550	0.0534	0.0468	0.0493	0.0519	0.0426	0.0560	0.0503	0.0409	0.0419	0.0469	0.0523	0.0404	0.0387	0.0511	0.0556	0.0573	0.0505	0.0505	0.0582	0.0628	0.0657	0.0616	0.0557	0.0618	0.0603	0.0639	0.0608	0.0719	0.0682	0.0684	0.0751	0.0729	0.0740	0.0754	0.0750	0.0749	0.0824	0.0838	0.0732	0.0774	0.0826	0.0807	0.0730	0.0608	0.0687	0.0697
0.0000	0.0000	0.0082	0.0048	0.0022	0.0025	0.0140	0.0196	0.0217	0.0000	0.0107	0.0352	0.0233	0.0243	0.0280	0.0234	0.0305	0.0316	0.0281	0.0320	0.0380	0.0329	0.0326	0.0416	0.0487	0.0457	0.0402	0.0361	0.0354	0.0384	0.0353	0.0344	0.0423	0.0488	0.0478	0.0427	0.0332	0.0495	0.0533	0.0441	0.0540	0.0522	0.0505	0.0540	0.0549	0.0572	0.0590	0.0620	0.0570	0.0590	0.0673	0.0675	0.0629	0.0700	0.0755	0.0682	0.0681	0.0710	0.0721	0.0734	0.0699	0.0632	0.0733	0.0683	0.0667	0.0656	0.0560	0.0630	0.0625
0.0000	0.0000	0.0000	0.0000	0.0000	0.0000	0.0250	0.0174	0.0132	0.0009	0.0182	0.0390	0.0293	0.0069	0.0167	0.0335	0.0406	0.0259	0.0239	0.0275	0.0367	0.0360	0.0372	0.0295	0.0437	0.0417	0.0457	0.0376	0.0354	0.0376	0.0374	0.0398	0.0502	0.0465	0.0446	0.0391	0.0407	0.0431	0.0502	0.0487	0.0539	0.0494	0.0576	0.0555	0.0479	0.0532	0.0561	0.0559	0.0550	0.0584	0.0531	0.0532	0.0569	0.0585	0.0671	0.0592	0.0583	0.0641	0.0660	0.0707	0.0666	0.0493	0.0671	0.0689	0.0499	0.0586	0.0541	0.0589	0.0509
0.0000	0.0000	0.0000	0.0152	0.0037	0.0000	0.0106	0.0195	0.0069	0.0037	0.0126	0.0279	0.0289	0.0190	0.0200	0.0317	0.0415	0.0294	0.0258	0.0331	0.0283	0.0305	0.0417	0.0407	0.0411	0.0344	0.0295	0.0332	0.0322	0.0363	0.0433	0.0438	0.0446	0.0467	0.0350	0.0300	0.0384	0.0446	0.0454	0.0436	0.0430	0.0496	0.0543	0.0528	0.0404	0.0507	0.0535	0.0532	0.0558	0.0541	0.0535	0.0575	0.0552	0.0566	0.0520	0.0571	0.0605	0.0521	0.0529	0.0556	0.0560	0.0522	0.0580	0.0574	0.0520	0.0474	0.0412	0.0417	0.0332
0.0000	0.0000	0.0000	0.0000	0.0055	0.0000	0.0031	0.0092	0.0000	0.0053	0.0053	0.0148	0.0151	0.0084	0.0216	0.0202	0.0234	0.0259	0.0308	0.0318	0.0307	0.0272	0.0271	0.0261	0.0395	0.0316	0.0200	0.0409	0.0328	0.0427	0.0391	0.0354	0.0265	0.0369	0.0356	0.0315	0.0304	0.0401	0.0342	0.0403	0.0371	0.0442	0.0504	0.0435	0.0469	0.0467	0.0572	0.0499	0.0450	0.0515	0.0543	0.0508	0.0592	0.0483	0.0440	0.0525	0.0443	0.0445	0.0453	0.0403	0.0421	0.0492	0.0414	0.0451	0.0383	0.0399	0.0394	0.0476	0.0362
0.0000	0.0000	0.0000	0.0000	0.0000	0.0000	0.0000	0.0000	0.0000	0.0000	0.0099	0.0074	0.0085	0.0135	0.0276	0.0243	0.0184	0.0223	0.0228	0.0163	0.0276	0.0226	0.0176	0.0287	0.0371	0.0282	0.0111	0.0198	0.0279	0.0346	0.0334	0.0281	0.0291	0.0274	0.0353	0.0316	0.0355	0.0311	0.0330	0.0370	0.0352	0.0460	0.0420	0.0531	0.0514	0.0329	0.0472	0.0542	0.0451	0.0445	0.0510	0.0537	0.0504	0.0432	0.0429	0.0559	0.0500	0.0469	0.0441	0.0447	0.0390	0.0427	0.0540	0.0518	0.0436	0.0368	0.0557	0.0472	0.0355
