0.0000	0.0000	0.0000	0.0110	0.0000	0.0028	0.0000	0.0034	0.0139	0.0158	0.0124	0.0255	0.0281	0.0245	0.0161	0.0387	0.0513	0.0375	0.0208	0.0393	0.0473	0.0429	0.0552	0.0661	0.0714	0.0720	0.0595	0.0768	0.0737	0.0690	0.0622	0.0745	0.0669	0.0754	0.0788	0.0564	0.0496	0.0553	0.0555	0.0646	0.0585	0.0688	0.0738	0.0640	0.0629	0.0680	0.0795	0.0886	0.0897	0.0867	0.0778	0.0707	0.0786	0.0841	0.0990	0.0968	0.0788	0.0742	0.0896	0.0624	0.0667	0.0841	0.0673	0.0647	0.0641	0.0619	0.0547	0.0557	0.0449
0.0000	0.0000	0.0000	0.0000	0.0061	0.0050	0.0113	0.0027	0.0162	0.0165	0.0254	0.0311	0.0325	0.0297	0.0217	0.0328	0.0384	0.0504	0.0390	0.0391	0.0634	0.0548	0.0646	0.0816	0.0712	0.0698	0.0678	0.0839	0.0867	0.0926	0.0777	0.0773	0.0680	0.0767	0.0864	0.0714	0.0694	0.0629	0.0657	0.0696	0.0584	0.0718	0.0741	0.0803	0.0769	0.0653	0.0855	0.0993	0.0992	0.0970	0.0998	0.0833	0.0737	0.0987	0.1092	0.1127	0.1076	0.0878	0.0752	0.0892	0.0883	0.0772	0.0883	0.0940	0.0754	0.0709	0.0767	0.0636	0.0681
0.0000	0.0000	0.0000	0.0200	0.0164	0.0033	0.0000	0.0194	0.0316	0.0026	0.0135	0.0438	0.0482	0.0420	0.0454	0.0428	0.0420	0.0537	0.0533	0.0642	0.0705	0.0727	0.0785	0.0849	0.0833	0.0700	0.0851	0.0787	0.0900	0.0996	0.0863	0.0765	0.0824	0.0969	0.0743	0.0771	0.0755	0.0827	0.0692	0.0731	0.0727	0.0839	0.0848	0.0794	0.0732	0.0861	0.0849	0.0892	0.0876	0.1001	0.1216	0.1056	0.1005	0.1092	0.1025	0.1044	0.1211	0.1098	0.1002	0.1148	0.1057	0.1146	0.1084	0.0882	0.0933	0.1087	0.0857	0.0852	0.0939
0.0000	0.0000	0.0000	0.0067	0.0082	0.0206	0.0046	0.0197	0.0368	0.0331	0.0322	0.0375	0.0360	0.0368	0.0556	0.0759	0.0625	0.0505	0.0508	0.0776	0.0671	0.0745	0.0830	0.0763	0.0840	0.0747	0.0866	0.0901	0.0722	0.0838	0.0671	0.0738	0.0912	0.0833	0.0796	0.0844	0.0642	0.0776	0.0747	0.0853	0.0881	0.0801	0.0797	0.0824	0.0823	0.0818	0.0878	0.0901	0.0895	0.1111	0.1279	0.1111	0.1106	0.0972	0.1333	0.1181	0.1158	0.1193	0.1213	0.1053	0.1243	0.1473	0.1283	0.1141	0.1204	0.1399	0.1418	0.1127	0.1083
0.0000	0.0012	0.0000	0.0039	0.0054	0.0008	0.0171	0.0264	0.0440	0.0217	0.0220	0.0358	0.0531	0.0453	0.0361	0.0619	0.0501	0.0520	0.0636	0.0663	0.0609	0.0789	0.0913	0.0719	0.0753	0.0781	0.0798	0.0900	0.0907	0.0806	0.0826	0.0851	0.0998	0.1060	0.1036	0.0871	0.0769	0.0728	0.0722	0.0731	0.0929	0.0839	0.0806	0.0849	0.0898	0.0947	0.0877	0.1036	0.1061	0.1108	0.1223	0.1172	0.1224	0.1120	0.1516	0.1530	0.1333	0.1330	0.1389	0.1061	0.1172	0.1311	0.1492	0.1562	0.2351	0.2354	0.2505	0.1896	0.1568
0.0000	0.0000	0.0024	0.0157	0.0007	0.0109	0.0278	0.0363	0.0330	0.0293	0.0498	0.0573	0.0579	0.0538	0.0417	0.0547	0.0577	0.0546	0.0588	0.0730	0.0708	0.0892	0.0809	0.0739	0.1099	0.1002	0.0772	0.0954	0.0847	0.0921	0.0945	0.0964	0.1041	0.1128	0.1082	0.0876	0.0779	0.0783	0.0714	0.0712	0.0922	0.0828	0.0890	0.0886	0.1032	0.0973	0.1043	0.1117	0.1106	0.1202	0.1233	0.1184	0.1395	0.1367	0.1694	0.1987	0.1672	0.1555	0.1553	0.1500	0.1579	0.1672	0.2109	0.3205	0.4453	0.4109	0.3796	0.3398	0.3070
0.0000	0.0082	0.0056	0.0245	0.0210	0.0216	0.0315	0.0259	0.0279	0.0383	0.0653	0.0656	0.0639	0.0441	0.0548	0.0693	0.0764	0.0998	0.0792	0.0794	0.0863	0.1018	0.0765	0.0845	0.1003	0.1035	0.0914	0.0914	0.0933	0.0968	0.1089	0.1039	0.1160	0.1221	0.1036	0.0994	0.0916	0.0816	0.0776	0.0804	0.0906	0.1027	0.0997	0.0905	0.1050	0.1025	0.1061	0.1301	0.1222	0.1309	0.1582	0.1547	0.1644	0.1753	0.1876	0.2188	0.1976	0.2025	0.2177	0.2123	0.2184	0.2411	0.3457	0.4988	0.5207	0.4637	0.4119	0.3922	0.3720
0.0103	0.0154	0.0166	0.0145	0.0273	0.0255	0.0302	0.0336	0.0585	0.0522	0.0493	0.0575	0.0560	0.0598	0.0638	0.0663	0.0895	0.0932	0.0852	0.0791	0.0840	0.1079	0.1017	0.0985	0.1171	0.1178	0.1024	0.0960	0.1031	0.1199	0.1114	0.1033	0.1193	0.1228	0.1134	0.1120	0.1146	0.0987	0.0925	0.0904	0.0976	0.1088	0.1138	0.1088	0.1019	0.1107	0.1262	0.1440	0.1534	0.1616	0.1717	0.1900	0.1873	0.1969	0.1973	0.2404	0.2491	0.3098	0.3487	0.3007	0.2862	0.2860	0.4363	0.5480	0.5266	0.4749	0.4394	0.4109	0.4055
0.0000	0.0043	0.0000	0.0265	0.0281	0.0246	0.0465	0.0565	0.0717	0.0583	0.0542	0.0659	0.0739	0.0799	0.0724	0.0679	0.0705	0.0910	0.1127	0.1128	0.1105	0.1128	0.1290	0.1092	0.1159	0.0947	0.0906	0.1125	0.1210	0.1273	0.1024	0.1142	0.1198	0.1079	0.1253	0.1319	0.1164	0.1251	0.1011	0.1086	0.1010	0.1075	0.1195	0.1140	0.1197	0.1407	0.1521	0.1801	0.2042	0.2181	0.2531	0.2612	0.2571	0.2718	0.2867	0.3367	0.4580	0.5553	0.5543	0.4606	0.3694	0.3248	0.4329	0.5315	0.4847	0.4480	0.4208	0.4317	0.3906
0.0107	0.0023	0.0094	0.0270	0.0342	0.0486	0.0746	0.0730	0.0702	0.0653	0.0532	0.0669	0.0872	0.0891	0.0887	0.0960	0.0924	0.1004	0.1127	0.1267	0.1217	0.1130	0.1130	0.1238	0.1337	0.1145	0.1015	0.1318	0.1362	0.1133	0.1283	0.1208	0.1186	0.1466	0.1425	0.1348	0.1178	0.1160	0.1043	0.1090	0.1226	0.1355	0.1536	0.1396	0.1592	0.1730	0.2168	0.2065	0.2650	0.4253	0.5260	0.5151	0.4042	0.3072	0.3636	0.4708	0.6435	0.6528	0.5947	0.5580	0.5455	0.4514	0.4582	0.5519	0.4842	0.4336	0.4123	0.4090	0.3969
0.0009	0.0115	0.0228	0.0297	0.0418	0.0412	0.0638	0.0640	0.0575	0.0695	0.0532	0.0651	0.0831	0.0924	0.0869	0.1090	0.1117	0.1157	0.1164	0.1266	0.1418	0.1285	0.1260	0.1184	0.1493	0.1446	0.1354	0.1244	0.1374	0.1292	0.1399	0.1394	0.1406	0.1521	0.1570	0.1234	0.1254	0.1228	0.1202	0.1245	0.1342	0.1573	0.1668	0.1735	0.2078	0.2305	0.2521	0.2886	0.4003	0.6819	0.7650	0.7630	0.5741	0.3766	0.3958	0.5614	0.6887	0.6452	0.6009	0.6099	0.5938	0.5300	0.5249	0.5306	0.5153	0.4333	0.4291	0.4195	0.3692
0.0056	0.0146	0.0221	0.0320	0.0449	0.0386	0.0539	0.0693	0.0657	0.0665	0.0828	0.0852	0.0955	0.1046	0.1041	0.1148	0.1223	0.1236	0.1302	0.1505	0.1478	0.1450	0.1359	0.1404	0.1605	0.1522	0.1562	0.1687	0.1553	0.1577	0.1526	0.1652	0.1645	0.1773	0.1713	0.1393	0.1504	0.1465	0.1556	0.1618	0.1721	0.1879	0.2184	0.2310	0.2388	0.2746	0.3063	0.3509	0.4501	0.7018	0.7073	0.7431	0.7286	0.6463	0.5708	0.7004	0.7386	0.6534	0.6148	0.5971	0.5791	0.5549	0.5575	0.5404	0.4896	0.4242	0.4114	0.4121	0.3683
0.0253	0.0161	0.0401	0.0444	0.0486	0.0371	0.0573	0.0735	0.0959	0.0795	0.1028	0.1199	0.1301	0.1077	0.1155	0.1264	0.1410	0.1512	0.1688	0.1837	0.1849	0.1773	0.1746	0.1946	0.1999	0.1764	0.1887	0.1927	0.1860	0.1783	0.1824	0.1799	0.2122	0.2114	0.1912	0.1856	0.1859	0.1806	0.1799	0.2070	0.2208	0.2265	0.2605	0.2752	0.2729	0.3180	0.3627	0.3932	0.4823	0.6413	0.7512	0.7523	0.7757	0.8055	0.8041	0.8160	0.7318	0.6808	0.6634	0.6315	0.5910	0.5872	0.5746	0.5877	0.5237	0.4941	0.4483	0.4251	0.3967
0.0319	0.0157	0.0438	0.0433	0.0437	0.0513	0.0814	0.0849	0.0958	0.0994	0.1445	0.1528	0.1523	0.1409	0.1549	0.1683	0.1769	0.2151	0.2673	0.2393	0.2469	0.2269	0.2896	0.2591	0.2983	0.3730	0.3515	0.3401	0.2887	0.2320	0.2315	0.2465	0.2592	0.2539	0.2476	0.2299	0.2243	0.2087	0.2164	0.2340	0.2633	0.2774	0.3012	0.3166	0.3361	0.3756	0.4072	0.4561	0.4863	0.5530	0.7712	0.8160	0.8185	0.7913	0.7417	0.7707	0.7196	0.6715	0.6662	0.6116	0.5967	0.5911	0.5652	0.5515	0.5482	0.5117	0.4662	0.3998	0.3945
0.0124	0.0114	0.0545	0.0570	0.0567	0.0821	0.0837	0.1005	0.1456	0.1585	0.1834	0.2535	0.2874	0.2271	0.2727	0.3064	0.3353	0.4099	0.5235	0.4215	0.3938	0.4263	0.5336	0.6141	0.6508	0.7227	0.7043	0.7299	0.5995	0.4681	0.4461	0.3800	0.3596	0.3114	0.3007	0.2847	0.2563	0.2509	0.2556	0.2602	0.2852	0.3148	0.3285	0.3595	0.3874	0.4638	0.5722	0.6900	0.6832	0.6131	0.7391	0.8317	0.7720	0.6757	0.7029	0.7182	0.6996	0.6708	0.6075	0.6214	0.5653	0.5523	0.5588	0.5288	0.5012	0.4795	0.4454	0.4029	0.3847
0.0130	0.0494	0.0640	0.0813	0.0921	0.1254	0.1415	0.1517	0.2036	0.2580	0.3766	0.4912	0.5644	0.5149	0.5734	0.5995	0.6969	0.7264	0.7451	0.7957	0.7039	0.7056	0.7807	0.8290	0.7746	0.7750	0.8177	0.8314	0.8544	0.8225	0.8143	0.7971	0.6894	0.4796	0.3637	0.3248	0.3049	0.2837	0.2765	0.2774	0.3168	0.3393	0.3834	0.4306	0.4657	0.6555	0.8364	0.8531	0.8311	0.7545	0.7480	0.8251	0.7673	0.7057	0.6825	0.7329	0.6973	0.6737	0.6301	0.6077	0.5517	0.5266	0.5505	0.5537	0.4375	0.4298	0.4332	0.4200	0.3934
0.0501	0.0692	0.0971	0.1234	0.1620	0.2063	0.3157	0.3974	0.4142	0.4872	0.5617	0.6349	0.6553	0.6097	0.7027	0.7560	0.7719	0.8062	0.7885	0.7974	0.8636	0.8311	0.8161	0.8092	0.8096	0.7854	0.7972	0.7759	0.7668	0.8117	0.8967	0.9866	1.0000	0.8361	0.6181	0.3713	0.3362	0.3399	0.3255	0.3028	0.3435	0.3661	0.4474	0.5173	0.5589	0.7107	0.7828	0.8039	0.7479	0.7515	0.7313	0.7415	0.7138	0.7067	0.6811	0.6811	0.6779	0.6298	0.5988	0.6028	0.5423	0.5063	0.4916	0.5074	0.4645	0.4277	0.3995	0.3832	0.3819
0.0778	0.0920	0.1699	0.2478	0.3378	0.4513	0.5695	0.6360	0.6199	0.5437	0.5375	0.5800	0.5503	0.5344	0.5813	0.6576	0.7077	0.7502	0.7612	0.7986	0.8671	0.8365	0.7695	0.7787	0.7865	0.7276	0.7288	0.7252	0.6866	0.7998	0.8512	0.8718	0.9091	0.8688	0.8531	0.4814	0.3337	0.3359	0.3295	0.3640	0.3753	0.4180	0.5938	0.7179	0.6611	0.6970	0.7160	0.7596	0.7451	0.7223	0.6962	0.6808	0.6843	0.6843	0.6346	0.5819	0.5919	0.5764	0.5812	0.5682	0.5246	0.5134	0.5044	0.4979	0.4526	0.3968	0.3989	0.3964	0.3562
0.1184	0.2149	0.3867	0.4759	0.5358	0.5595	0.5445	0.5067	0.5263	0.4635	0.4582	0.4862	0.4858	0.4977	0.5531	0.6130	0.6280	0.6750	0.6937	0.7160	0.7390	0.7615	0.7340	0.7240	0.7467	0.7254	0.7385	0.7043	0.7036	0.7722	0.7644	0.7900	0.8526	0.8795	0.8932	0.6403	0.3746	0.3681	0.3544	0.4053	0.4783	0.5773	0.7605	0.8137	0.7926	0.7551	0.6531	0.6637	0.6460	0.6922	0.6651	0.6506	0.6434	0.6415	0.6276	0.5838	0.5402	0.5305	0.5272	0.5333	0.5418	0.4890	0.4936	0.4825	0.4311	0.3969	0.4184	0.4058	0.3518
0.2206	0.3196	0.3681	0.3667	0.3723	0.3992	0.3949	0.3934	0.4428	0.4258	0.4356	0.4546	0.5292	0.5422	0.5357	0.5694	0.6420	0.6481	0.6248	0.6278	0.6829	0.7164	0.6875	0.7323	0.7324	0.7011	0.7365	0.7139	0.7332	0.7589	0.7694	0.8071	0.8162	0.8682	0.8577	0.7794	0.5003	0.4020	0.3809	0.4669	0.6762	0.7711	0.7896	0.7358	0.7362	0.6626	0.5859	0.6193	0.6161	0.6053	0.6123	0.5824	0.5542	0.5905	0.6158	0.6124	0.5734	0.5449	0.5334	0.4893	0.4870	0.4737	0.4842	0.4725	0.4357	0.4288	0.4013	0.4089	0.3604
0.2058	0.2628	0.2524	0.2504	0.2677	0.3295	0.3553	0.3505	0.3653	0.3885	0.4227	0.4435	0.5429	0.5337	0.5342	0.5653	0.6234	0.6702	0.6294	0.6240	0.6563	0.6374	0.6454	0.6840	0.6914	0.6883	0.6705	0.7420	0.7513	0.7200	0.7700	0.8000	0.8241	0.8848	0.8889	0.8547	0.7554	0.4984	0.4500	0.6023	0.7678	0.7189	0.7064	0.6828	0.6214	0.5868	0.6154	0.5877	0.5627	0.5780	0.5902	0.5523	0.5096	0.5745	0.5975	0.5800	0.5504	0.5301	0.5137	0.4792	0.5083	0.4987	0.4651	0.4398	0.4511	0.4437	0.4131	0.4135	0.3648
0.2030	0.2272	0.2462	0.2360	0.2352	0.2896	0.3466	0.3665	0.3503	0.3700	0.4090	0.4627	0.4879	0.5255	0.5401	0.5769	0.6643	0.6797	0.6621	0.6647	0.6871	0.6758	0.6749	0.6441	0.6477	0.7130	0.6792	0.6838	0.7024	0.7061	0.7090	0.8012	0.8335	0.8389	0.8470	0.8550	0.7775	0.6151	0.5934	0.7515	0.7860	0.6604	0.6101	0.6262	0.6130	0.5835	0.5517	0.5184	0.4868	0.5430	0.5922	0.5541	0.5142	0.5537	0.5640	0.5881	0.5449	0.5480	0.4901	0.4728	0.5219	0.4933	0.4635	0.4156	0.4369	0.4362	0.3928	0.3942	0.3663
0.1911	0.2203	0.2300	0.2164	0.2580	0.2907	0.3298	0.3537	0.3539	0.3569	0.4264	0.4772	0.4842	0.5091	0.4850	0.5961	0.6379	0.6496	0.6224	0.6068	0.6639	0.6571	0.6610	0.6564	0.6482	0.6485	0.6890	0.7117	0.7141	0.7241	0.7063	0.7515	0.8195	0.8442	0.8537	0.8081	0.7600	0.7778	0.7729	0.7136	0.6701	0.6001	0.5630	0.5764	0.6033	0.5497	0.4939	0.5252	0.5044	0.5398	0.5469	0.5454	0.5569	0.5550	0.5681	0.5885	0.5541	0.5309	0.5100	0.5259	0.4946	0.5149	0.5019	0.4233	0.4288	0.4216	0.4031	0.3727	0.3606
0.2011	0.2232	0.2394	0.2655	0.2874	0.2935	0.3667	0.3614	0.3264	0.3403	0.3676	0.4219	0.4712	0.4979	0.5280	0.5913	0.6301	0.6346	0.6890	0.6676	0.6465	0.6535	0.6367	0.6046	0.6775	0.6388	0.6797	0.7271	0.7186	0.7303	0.7220	0.7598	0.7944	0.8606	0.8397	0.8295	0.7851	0.7573	0.6860	0.6646	0.6178	0.5541	0.5596	0.5582	0.5499	0.5457	0.5667	0.5616	0.5173	0.5484	0.5273	0.5189	0.5569	0.5642	0.5845	0.5827	0.5495	0.5339	0.5409	0.5122	0.5018	0.5156	0.5009	0.4313	0.4012	0.4063	0.3763	0.3587	0.3777
0.2082	0.2014	0.2367	0.2697	0.2979	0.3011	0.3204	0.3543	0.3331	0.3521	0.4084	0.4203	0.4310	0.4254	0.4957	0.5309	0.5479	0.5666	0.6344	0.6788	0.6485	0.6594	0.6770	0.6972	0.6411	0.6318	0.6566	0.6757	0.7515	0.7770	0.7453	0.7452	0.7908	0.8061	0.7788	0.7454	0.7383	0.6331	0.6383	0.6277	0.5968	0.5772	0.5744	0.5395	0.5331	0.5384	0.5678	0.5672	0.5542	0.5837	0.5770	0.5346	0.5419	0.5453	0.5554	0.5651	0.5581	0.5298	0.5153	0.5150	0.5201	0.5282	0.5217	0.4366	0.4309	0.4520	0.3886	0.3911	0.3538
0.2011	0.2093	0.2495	0.2756	0.2678	0.2810	0.3278	0.3501	0.3492	0.3306	0.3978	0.4186	0.4224	0.4448	0.4793	0.4774	0.5320	0.5369	0.5670	0.6157	0.6581	0.6120	0.6337	0.6540	0.6660	0.6496	0.6702	0.6909	0.7123	0.7147	0.7539	0.7155	0.7436	0.7183	0.6727	0.6312	0.6390	0.6212	0.6214	0.5958	0.5655	0.5723	0.5364	0.5280	0.5237	0.5500	0.5670	0.5894	0.5951	0.5543	0.5733	0.5656	0.5580	0.5560	0.5754	0.5895	0.5576	0.5621	0.5291	0.5137	0.5175	0.5060	0.4892	0.4366	0.4595	0.4372	0.4079	0.3793	0.3499
0.2084	0.2354	0.2777	0.2779	0.2880	0.3010	0.3307	0.3507	0.3163	0.3315	0.3745	0.3755	0.4284	0.4510	0.4719	0.4822	0.5250	0.5265	0.5760	0.5845	0.6183	0.5820	0.6408	0.6424	0.5971	0.6131	0.6203	0.6475	0.6461	0.6610	0.6636	0.6513	0.6516	0.6530	0.6732	0.6213	0.6179	0.5894	0.5940	0.5978	0.6021	0.5536	0.5448	0.5679	0.5680	0.5704	0.5444	0.5533	0.5623	0.5706	0.5886	0.5520	0.5600	0.5984	0.5983	0.5776	0.5342	0.5384	0.5252	0.5618	0.5171	0.4855	0.4892	0.4623	0.4396	0.4286	0.3784	0.3670	0.3570
0.2235	0.2453	0.2804	0.3015	0.2774	0.2865	0.3269	0.3435	0.3466	0.3889	0.3587	0.3755	0.4385	0.4714	0.4642	0.4468	0.4838	0.5001	0.5135	0.5927	0.5605	0.5608	0.5873	0.6250	0.6281	0.5966	0.5762	0.5820	0.5975	0.6150	0.6361	0.6446	0.6302	0.6329	0.6376	0.6358	0.5824	0.5669	0.5719	0.5603	0.5781	0.5801	0.5680	0.5279	0.5539	0.5500	0.5686	0.5820	0.5569	0.5167	0.5830	0.5724	0.6168	0.6101	0.5679	0.5608	0.5362	0.4993	0.4842	0.5510	0.5402	0.5138	0.4970	0.4515	0.4135	0.4038	0.4009	0.3786	0.3882
0.2269	0.2714	0.2541	0.2490	0.2648	0.3017	0.3442	0.3538	0.3511	0.3711	0.3920	0.4115	0.4073	0.4501	0.4570	0.4718	0.4692	0.5139	0.5537	0.5485	0.5696	0.5585	0.5907	0.6254	0.6108	0.5810	0.5758	0.6172	0.6239	0.5968	0.6301	0.6553	0.6566	0.6275	0.6265	0.6210	0.6035	0.6162	0.5687	0.5596	0.5871	0.5713	0.5740	0.5545	0.5568	0.5280	0.5541	0.5773	0.5795	0.5563	0.5838	0.5441	0.5897	0.5993	0.5994	0.5828	0.5355	0.5396	0.4840	0.5154	0.5177	0.4889	0.4929	0.4660	0.4219	0.4033	0.4062	0.3774	0.3653
0.2130	0.2479	0.2741	0.2815	0.2986	0.2958	0.3291	0.3515	0.3558	0.3719	0.3788	0.4061	0.4113	0.4301	0.4631	0.4685	0.5102	0.5487	0.5402	0.5438	0.5691	0.5488	0.5737	0.6152	0.5864	0.5662	0.5874	0.6419	0.6522	0.6529	0.6289	0.6477	0.7265	0.6830	0.6496	0.6292	0.6558	0.6433	0.5936	0.5839	0.5775	0.5896	0.5574	0.5967	0.5539	0.5164	0.5817	0.5912	0.5656	0.6001	0.5849	0.5713	0.5844	0.5665	0.5880	0.5799	0.5279	0.5271	0.4730	0.4960	0.5119	0.4927	0.4773	0.4680	0.4597	0.4377	0.4108	0.4167	0.3930
0.2130	0.2366	0.2685	0.2976	0.2961	0.3055	0.3589	0.3661	0.3844	0.4104	0.3894	0.4340	0.4421	0.4528	0.4729	0.4701	0.5431	0.5330	0.5342	0.5488	0.5423	0.5997	0.6062	0.6210	0.5943	0.6022	0.5844	0.6075	0.6698	0.6871	0.6942	0.7488	0.7697	0.7361	0.7253	0.7516	0.8006	0.7265	0.7159	0.7197	0.6207	0.6269	0.5957	0.6078	0.5676	0.5406	0.5629	0.5724	0.5868	0.6079	0.5970	0.6300	0.6422	0.6122	0.5787	0.5579	0.5386	0.5148	0.4907	0.5242	0.4921	0.4896	0.4571	0.4441	0.4404	0.4029	0.3724	0.3930	0.3560
0.1749	0.2185	0.2388	0.2764	0.2932	0.3109	0.3486	0.3593	0.3856	0.4123	0.3888	0.4252	0.4267	0.4269	0.4955	0.5105	0.5580	0.5349	0.5675	0.5804	0.6241	0.6626	0.6510	0.6760	0.6639	0.6707	0.6398	0.6516	0.6934	0.6736	0.7280	0.8030	0.8397	0.8198	0.8531	0.8446	0.7630	0.6464	0.6350	0.7277	0.7326	0.6929	0.7115	0.6341	0.6010	0.5727	0.5764	0.5959	0.5516	0.5827	0.6118	0.5991	0.5981	0.6368	0.5965	0.5826	0.5669	0.5339	0.4986	0.5228	0.4971	0.4664	0.4780	0.4523	0.4412	0.3895	0.4032	0.4085	0.3679
0.2095	0.2211	0.2479	0.2963	0.2897	0.3024	0.3700	0.3693	0.3794	0.4164	0.4079	0.4561	0.4534	0.4855	0.5150	0.4882	0.5494	0.5614	0.5847	0.6108	0.6581	0.6641	0.6824	0.6855	0.6974	0.6673	0.6737	0.6829	0.6997	0.6915	0.7361	0.8051	0.8129	0.8542	0.8942	0.9109	0.7937	0.4840	0.4157	0.5188	0.7300	0.7873	0.7809	0.7053	0.6658	0.5901	0.6043	0.6288	0.5961	0.5994	0.5998	0.5935	0.6373	0.6268	0.5719	0.5747	0.5536	0.5299	0.5032	0.4856	0.4727	0.4842	0.4907	0.4583	0.4307	0.4229	0.4191	0.3926	0.3645
0.2134	0.2459	0.2773	0.2794	0.2892	0.3407	0.3524	0.4140	0.4151	0.4042	0.4263	0.4267	0.4302	0.4866	0.4980	0.5344	0.5403	0.5822	0.5916	0.6127	0.6744	0.6934	0.6946	0.6793	0.6790	0.6898	0.6627	0.7289	0.7195	0.7386	0.7762	0.7771	0.8212	0.8799	0.8360	0.8325	0.8215	0.6284	0.4023	0.4215	0.6246	0.8544	0.8114	0.7650	0.6870	0.6698	0.6649	0.6064	0.5945	0.6075	0.6030	0.5979	0.6305	0.6196	0.5858	0.5864	0.5659	0.5299	0.5027	0.4945	0.4865	0.4701	0.4587	0.4672	0.4422	0.4481	0.4286	0.3875	0.3892
0.1817	0.2328	0.2618	0.2983	0.3144	0.3193	0.3522	0.3993	0.3984	0.3908	0.3910	0.4382	0.4715	0.5194	0.5158	0.5316	0.5760	0.5895	0.5932	0.6657	0.7161	0.7041	0.6969	0.7190	0.7367	0.7156	0.6901	0.7113	0.6875	0.6895	0.7253	0.7545	0.7713	0.7839	0.8531	0.8061	0.7915	0.6354	0.3776	0.3779	0.5269	0.7978	0.8317	0.8108	0.7335	0.6886	0.6553	0.6420	0.5823	0.6694	0.6285	0.5887	0.6203	0.6554	0.5993	0.6045	0.5695	0.5324	0.5150	0.4997	0.4886	0.4469	0.4543	0.4509	0.4688	0.4575	0.4441	0.3949	0.3597
0.1994	0.2472	0.2632	0.2895	0.3093	0.3626	0.3957	0.4272	0.4188	0.4379	0.4069	0.4461	0.4475	0.5181	0.5357	0.5610	0.5831	0.5694	0.6148	0.6533	0.6614	0.6995	0.6716	0.6948	0.7125	0.7072	0.7094	0.6898	0.7366	0.7127	0.7162	0.7071	0.7622	0.7808	0.8070	0.7990	0.7621	0.5207	0.3327	0.3514	0.3988	0.5856	0.7994	0.7911	0.7656	0.7347	0.7429	0.7310	0.7091	0.7152	0.6830	0.6531	0.6051	0.6205	0.6356	0.6230	0.5878	0.5420	0.5380	0.4887	0.4889	0.4850	0.5009	0.4661	0.4546	0.4092	0.4372	0.4275	0.3985
0.1928	0.2334	0.3108	0.3441	0.3530	0.3840	0.4034	0.4483	0.4121	0.4322	0.3939	0.4560	0.4781	0.5072	0.5129	0.5634	0.5820	0.6311	0.6691	0.6944	0.6923	0.6952	0.6703	0.6940	0.6734	0.6619	0.6516	0.7032	0.7380	0.7465	0.6971	0.6930	0.7265	0.7776	0.7673	0.8253	0.7974	0.4544	0.3011	0.3054	0.3388	0.3980	0.4942	0.5973	0.6961	0.7738	0.8121	0.7982	0.8104	0.7442	0.6709	0.6532	0.6527	0.6243	0.5993	0.6174	0.5937	0.5677	0.5481	0.5031	0.5017	0.4995	0.4800	0.4439	0.4561	0.3967	0.4225	0.4116	0.4253
0.2380	0.2724	0.3057	0.3554	0.3696	0.3717	0.3983	0.4188	0.4293	0.4170	0.4281	0.4735	0.4756	0.4844	0.5547	0.5811	0.6226	0.7061	0.6899	0.7075	0.7383	0.7628	0.7107	0.7010	0.6760	0.6726	0.6608	0.7037	0.7380	0.6983	0.7338	0.7461	0.7296	0.7940	0.8125	0.7940	0.6784	0.3335	0.2670	0.2761	0.2968	0.3196	0.3624	0.4158	0.5010	0.7412	0.8626	0.7998	0.8522	0.8007	0.7163	0.7095	0.6892	0.7217	0.6240	0.6203	0.6133	0.5903	0.5706	0.4988	0.5329	0.5321	0.4816	0.4702	0.4754	0.4546	0.4687	0.4317	0.4245
0.2811	0.3692	0.3892	0.4112	0.4368	0.4235	0.4504	0.4998	0.4969	0.4683	0.4617	0.4629	0.4511	0.4777	0.5394	0.5682	0.6597	0.6674	0.6819	0.6810	0.7037	0.7401	0.7172	0.6925	0.7098	0.6835	0.6952	0.7054	0.7435	0.7552	0.7842	0.7872	0.7717	0.8222	0.8486	0.7922	0.4540	0.2701	0.2427	0.2503	0.2709	0.2870	0.3312	0.3849	0.4117	0.5090	0.5789	0.5501	0.7646	0.8592	0.8164	0.7890	0.7668	0.7121	0.6581	0.6259	0.6168	0.5823	0.5286	0.5330	0.5927	0.5750	0.5272	0.5106	0.4668	0.4774	0.4363	0.4328	0.4346
0.1731	0.3218	0.4451	0.5196	0.5279	0.6036	0.6033	0.6076	0.5795	0.5801	0.5373	0.5135	0.4663	0.4789	0.5267	0.5480	0.6001	0.6304	0.6741	0.6889	0.7034	0.7434	0.7058	0.6986	0.6660	0.6735	0.6963	0.6943	0.7301	0.7571	0.7888	0.7919	0.7895	0.8153	0.7818	0.5457	0.2751	0.2294	0.2299	0.2330	0.2394	0.2617	0.3001	0.3368	0.3511	0.3568	0.3921	0.4069	0.5589	0.7969	0.8347	0.8409	0.8447	0.7572	0.6483	0.6333	0.6109	0.5810	0.5922	0.5789	0.5891	0.5830	0.5517	0.5228	0.4986	0.5048	0.4789	0.4697	0.4547
0.0718	0.1427	0.2795	0.3893	0.4880	0.5805	0.6751	0.6619	0.6533	0.6455	0.6415	0.6033	0.5563	0.5768	0.5637	0.5953	0.6221	0.6619	0.7042	0.7039	0.7234	0.7214	0.7078	0.7040	0.6846	0.6937	0.7025	0.7142	0.8148	0.8040	0.8129	0.8131	0.8044	0.7864	0.5064	0.2601	0.2154	0.2133	0.2174	0.2055	0.2240	0.2328	0.2537	0.2681	0.2883	0.3076	0.3525	0.3861	0.4902	0.7418	0.8057	0.8582	0.8320	0.7992	0.7075	0.6692	0.6435	0.6021	0.5785	0.5836	0.6118	0.6014	0.5999	0.6079	0.5737	0.5466	0.5264	0.5340	0.5080
0.0408	0.0633	0.1081	0.1380	0.1903	0.2618	0.3616	0.5400	0.6277	0.6093	0.6470	0.6592	0.6630	0.6596	0.6859	0.7007	0.6974	0.7121	0.7369	0.7570	0.7800	0.7446	0.7644	0.7675	0.7730	0.7612	0.7705	0.7977	0.8112	0.8049	0.8100	0.6930	0.5527	0.3800	0.2546	0.2118	0.1935	0.2039	0.1974	0.1932	0.2084	0.2073	0.2253	0.2361	0.2686	0.2889	0.3499	0.4321	0.6752	0.8549	0.8725	0.8675	0.8095	0.7849	0.7137	0.7079	0.6820	0.6386	0.6128	0.6408	0.6648	0.6401	0.6386	0.6322	0.6726	0.6264	0.5993	0.5681	0.5497
0.0157	0.0459	0.0809	0.0855	0.1025	0.1187	0.1339	0.2299	0.3096	0.3386	0.3642	0.4262	0.5434	0.5534	0.6014	0.6408	0.6894	0.7462	0.7733	0.7999	0.7973	0.8069	0.8302	0.8363	0.8444	0.7967	0.7785	0.7637	0.7783	0.7207	0.4913	0.2834	0.2314	0.2159	0.1916	0.1775	0.1778	0.1845	0.1876	0.1906	0.2057	0.2005	0.2174	0.2433	0.2640	0.2953	0.3532	0.5487	0.8698	0.9181	0.8922	0.8743	0.8208	0.7940	0.7466	0.7604	0.7544	0.7412	0.7006	0.7357	0.7262	0.6943	0.6785	0.6577	0.5633	0.6203	0.6767	0.6049	0.5808
0.0143	0.0330	0.0435	0.0491	0.0788	0.0892	0.0876	0.1117	0.1179	0.1453	0.1458	0.1832	0.2279	0.2409	0.2629	0.2938	0.3360	0.3719	0.4160	0.5443	0.5874	0.6625	0.7929	0.7554	0.6397	0.5229	0.4286	0.3760	0.3386	0.2876	0.2011	0.1688	0.1713	0.1757	0.1617	0.1567	0.1563	0.1577	0.1726	0.1649	0.1791	0.1951	0.1999	0.2180	0.2382	0.2762	0.3222	0.4666	0.7783	0.9148	0.8568	0.8494	0.8108	0.7885	0.7673	0.7917	0.7846	0.7705	0.7260	0.7589	0.7190	0.6961	0.7194	0.5733	0.3705	0.5057	0.6281	0.5812	0.4635
0.0256	0.0308	0.0286	0.0335	0.0499	0.0727	0.0790	0.0808	0.0857	0.0990	0.0996	0.0993	0.1068	0.1169	0.1136	0.1218	0.1489	0.1385	0.1534	0.1904	0.2182	0.2758	0.3328	0.3248	0.2529	0.1705	0.1638	0.1388	0.1542	0.1395	0.1287	0.1311	0.1378	0.1313	0.1284	0.1221	0.1209	0.1328	0.1329	0.1273	0.1291	0.1428	0.1587	0.1705	0.1833	0.2045	0.2435	0.3059	0.5205	0.8060	0.8473	0.8176	0.7980	0.7517	0.7819	0.7887	0.7352	0.7457	0.7315	0.6181	0.5683	0.6107	0.5115	0.3614	0.2634	0.3324	0.3877	0.3846	0.2771
0.0250	0.0238	0.0503	0.0386	0.0426	0.0640	0.0661	0.0788	0.0748	0.0757	0.0791	0.0819	0.0712	0.0889	0.0921	0.0887	0.1037	0.1072	0.1184	0.1140	0.1149	0.1104	0.1210	0.1213	0.1282	0.1139	0.1109	0.1164	0.1154	0.1107	0.1062	0.1128	0.1223	0.1057	0.1124	0.1061	0.0988	0.1019	0.0992	0.1072	0.1083	0.1180	0.1171	0.1268	0.1294	0.1380	0.1542	0.1978	0.2638	0.4715	0.7165	0.6845	0.5542	0.4268	0.5542	0.7584	0.7279	0.7038	0.6029	0.3600	0.3126	0.3330	0.2623	0.2287	0.2248	0.2273	0.2300	0.2176	0.2025
0.0268	0.0135	0.0264	0.0329	0.0341	0.0473	0.0573	0.0641	0.0527	0.0597	0.0691	0.0760	0.0777	0.0802	0.0757	0.0889	0.0992	0.0910	0.0908	0.1002	0.0999	0.0947	0.1000	0.1124	0.0949	0.1005	0.0958	0.1017	0.0975	0.0918	0.0986	0.0842	0.0858	0.0920	0.0919	0.0853	0.0876	0.0876	0.0889	0.0894	0.0931	0.0915	0.0982	0.1092	0.1123	0.1124	0.1176	0.1321	0.1542	0.2130	0.3697	0.3523	0.2856	0.3281	0.6148	0.7877	0.7143	0.6287	0.3479	0.2078	0.1775	0.2063	0.1958	0.1896	0.1952	0.1980	0.1912	0.1938	0.1843
0.0098	0.0009	0.0168	0.0344	0.0224	0.0264	0.0417	0.0656	0.0490	0.0529	0.0554	0.0648	0.0655	0.0668	0.0764	0.0815	0.0944	0.0793	0.0885	0.0871	0.0735	0.0853	0.0915	0.0834	0.0846	0.0879	0.0757	0.0908	0.1013	0.0901	0.0726	0.0723	0.0790	0.0759	0.0789	0.0706	0.0828	0.0811	0.0811	0.0737	0.0755	0.0859	0.0898	0.0884	0.0911	0.0925	0.1000	0.1132	0.1301	0.1254	0.1534	0.1820	0.2191	0.3631	0.7378	0.8246	0.7280	0.5073	0.2174	0.1635	0.1636	0.1873	0.1730	0.1622	0.1444	0.1567	0.1619	0.1671	0.1439
0.0046	0.0137	0.0291	0.0246	0.0183	0.0204	0.0319	0.0458	0.0471	0.0459	0.0465	0.0591	0.0726	0.0621	0.0677	0.0617	0.0730	0.0797	0.0726	0.0701	0.0711	0.0863	0.0875	0.0736	0.0718	0.0816	0.0704	0.0782	0.0770	0.0718	0.0697	0.0724	0.0729	0.0633	0.0653	0.0678	0.0642	0.0678	0.0712	0.0685	0.0617	0.0733	0.0730	0.0721	0.0890	0.0850	0.0850	0.0897	0.0978	0.1047	0.1159	0.1317	0.1554	0.2596	0.5345	0.6114	0.4877	0.2671	0.1652	0.1704	0.1633	0.1611	0.1499	0.1327	0.1169	0.1298	0.1318	0.1357	0.1236
0.0110	0.0107	0.0211	0.0160	0.0155	0.0265	0.0301	0.0369	0.0458	0.0413	0.0374	0.0493	0.0522	0.0536	0.0659	0.0667	0.0610	0.0739	0.0595	0.0545	0.0763	0.0742	0.0756	0.0736	0.0594	0.0667	0.0662	0.0675	0.0635	0.0616	0.0645	0.0643	0.0623	0.0583	0.0589	0.0618	0.0618	0.0582	0.0626	0.0607	0.0544	0.0637	0.0713	0.0595	0.0655	0.0723	0.0729	0.0775	0.0766	0.0876	0.0854	0.0947	0.0994	0.1156	0.1718	0.2048	0.1622	0.1277	0.1273	0.1391	0.1282	0.1222	0.1214	0.1157	0.1121	0.1144	0.1173	0.1172	0.1072
0.0000	0.0000	0.0163	0.0116	0.0170	0.0152	0.0347	0.0347	0.0394	0.0421	0.0381	0.0424	0.0431	0.0450	0.0721	0.0651	0.0573	0.0627	0.0555	0.0602	0.0686	0.0607	0.0573	0.0625	0.0625	0.0652	0.0648	0.0622	0.0627	0.0661	0.0538	0.0502	0.0524	0.0559	0.0481	0.0508	0.0553	0.0519	0.0542	0.0535	0.0614	0.0619	0.0622	0.0590	0.0573	0.0629	0.0614	0.0738	0.0715	0.0711	0.0788	0.0776	0.0729	0.0861	0.0932	0.0973	0.0958	0.0879	0.0937	0.0965	0.0968	0.0930	0.0954	0.0936	0.1043	0.1051	0.1047	0.0922	0.0858
0.0000	0.0000	0.0068	0.0000	0.0126	0.0169	0.0229	0.0268	0.0276	0.0378	0.0320	0.0437	0.0445	0.0409	0.0452	0.0467	0.0565	0.0598	0.0609	0.0636	0.0587	0.0613	0.0606	0.0596	0.0578	0.0571	0.0565	0.0634	0.0563	0.0552	0.0547	0.0543	0.0459	0.0534	0.0507	0.0595	0.0548	0.0494	0.0486	0.0530	0.0528	0.0498	0.0608	0.0605	0.0534	0.0600	0.0590	0.0587	0.0666	0.0643	0.0711	0.0712	0.0635	0.0800	0.0832	0.0765	0.0793	0.0783	0.0755	0.0743	0.0828	0.0737	0.0727	0.0831	0.0925	0.0823	0.0722	0.0743	0.0720
0.0000	0.0000	0.0011	0.0026	0.0024	0.0089	0.0242	0.0380	0.0241	0.0271	0.0211	0.0333	0.0320	0.0285	0.0387	0.0390	0.0338	0.0452	0.0456	0.0512	0.0435	0.0494	0.0610	0.0652	0.0554	0.0534	0.0532	0.0467	0.0481	0.0429	0.0494	0.0492	0.0529	0.0479	0.0476	0.0496	0.0449	0.0412	0.0496	0.0484	0.0481	0.0495	0.0530	0.0502	0.0478	0.0521	0.0480	0.0484	0.0561	0.0573	0.0605	0.0604	0.0699	0.0698	0.0720	0.0753	0.0691	0.0647	0.0723	0.0705	0.0659	0.0581	0.0587	0.0757	0.0842	0.0680	0.0703	0.0586	0.0541
0.0000	0.0000	0.0000	0.0000	0.0000	0.0144	0.0170	0.0123	0.0146	0.0139	0.0174	0.0337	0.0235	0.0215	0.0243	0.0358	0.0340	0.0325	0.0325	0.0491	0.0384	0.0354	0.0423	0.0463	0.0402	0.0479	0.0452	0.0429	0.0496	0.0367	0.0433	0.0392	0.0465	0.0380	0.0378	0.0368	0.0258	0.0392	0.0492	0.0426	0.0424	0.0429	0.0488	0.0495	0.0462	0.0502	0.0530	0.0512	0.0533	0.0516	0.0539	0.0576	0.0611	0.0607	0.0722	0.0660	0.0638	0.0604	0.0658	0.0678	0.0666	0.0561	0.0665	0.0751	0.0670	0.0547	0.0663	0.0667	0.0623
0.0000	0.0000	0.0000	0.0088	0.0000	0.0000	0.0125	0.0129	0.0142	0.0040	0.0218	0.0387	0.0284	0.0340	0.0232	0.0337	0.0421	0.0387	0.0311	0.0447	0.0469	0.0355	0.0497	0.0390	0.0343	0.0488	0.0408	0.0375	0.0462	0.0427	0.0444	0.0385	0.0505	0.0429	0.0437	0.0379	0.0344	0.0488	0.0486	0.0424	0.0352	0.0388	0.0463	0.0465	0.0438	0.0473	0.0502	0.0520	0.0499	0.0519	0.0548	0.0564	0.0566	0.0580	0.0650	0.0639	0.0652	0.0523	0.0521	0.0600	0.0608	0.0567	0.0564	0.0566	0.0545	0.0453	0.0549	0.0720	0.0520
0.0000	0.0000	0.0000	0.0113	0.0000	0.0000	0.0000	0.0141	0.0108	0.0078	0.0156	0.0261	0.0235	0.0229	0.0250	0.0322	0.0359	0.0350	0.0361	0.0356	0.0360	0.0415	0.0393	0.0452	0.0444	0.0366	0.0331	0.0400	0.0412	0.0407	0.0414	0.0370	0.0398	0.0408	0.0414	0.0391	0.0354	0.0415	0.0366	0.0323	0.0422	0.0409	0.0363	0.0416	0.0394	0.0424	0.0433	0.0495	0.0499	0.0552	0.0521	0.0494	0.0549	0.0512	0.0490	0.0545	0.0602	0.0548	0.0541	0.0512	0.0492	0.0449	0.0518	0.0496	0.0493	0.0437	0.0505	0.0471	0.0328
0.0000	0.0002	0.0026	0.0000	0.0000	0.0018	0.0000	0.0000	0.0047	0.0125	0.0123	0.0146	0.0181	0.0173	0.0288	0.0268	0.0279	0.0205	0.0415	0.0275	0.0283	0.0339	0.0283	0.0408	0.0523	0.0324	0.0385	0.0436	0.0380	0.0403	0.0359	0.0314	0.0303	0.0335	0.0354	0.0319	0.0302	0.0242	0.0245	0.0300	0.0308	0.0381	0.0316	0.0342	0.0380	0.0403	0.0378	0.0431	0.0421	0.0443	0.0447	0.0410	0.0504	0.0501	0.0500	0.0527	0.0505	0.0492	0.0426	0.0401	0.0460	0.0412	0.0443	0.0404	0.0450	0.0393	0.0348	0.0397	0.0264
0.0000	0.0000	0.0000	0.0000	0.0073	0.0000	0.0000	0.0122	0.0024	0.0087	0.0141	0.0197	0.0283	0.0161	0.0268	0.0391	0.0180	0.0208	0.0333	0.0258	0.0239	0.0415	0.0321	0.0291	0.0509	0.0421	0.0269	0.0318	0.0444	0.0432	0.0388	0.0292	0.0317	0.0400	0.0304	0.0280	0.0206	0.0251	0.0287	0.0334	0.0296	0.0357	0.0417	0.0413	0.0361	0.0323	0.0359	0.0524	0.0417	0.0458	0.0445	0.0462	0.0502	0.0484	0.0543	0.0461	0.0426	0.0481	0.0422	0.0523	0.0521	0.0445	0.0360	0.0413	0.0398	0.0463	0.0387	0.0447	0.0270
