0.0000	0.0000	0.0014	0.0009	0.0013	0.0046	0.0043	0.0223	0.0122	0.0000	0.0000	0.0188	0.0245	0.0215	0.0316	0.0429	0.0349	0.0191	0.0291	0.0400	0.0369	0.0488	0.0412	0.0577	0.0682	0.0679	0.0790	0.0535	0.0740	0.0800	0.0725	0.0792	0.0705	0.0885	0.0869	0.0755	0.0823	0.0948	0.0958	0.0859	0.0845	0.1001	0.0905	0.0893	0.0816	0.0988	0.1161	0.0886	0.0849	0.0991	0.0901	0.0626	0.0650	0.0813	0.0789	0.0596	0.0727	0.0645	0.0657	0.0598	0.0571	0.0535	0.0412	0.0474	0.0466	0.0383	0.0222	0.0383	0.0291
0.0000	0.0000	0.0000	0.0000	0.0007	0.0068	0.0143	0.0348	0.0211	0.0071	0.0169	0.0157	0.0325	0.0383	0.0283	0.0312	0.0345	0.0414	0.0392	0.0404	0.0519	0.0416	0.0527	0.0851	0.0856	0.0592	0.0704	0.0871	0.0832	0.0747	0.0710	0.0912	0.0788	0.1014	0.1038	0.0944	0.0861	0.0889	0.1137	0.1050	0.0933	0.1127	0.1050	0.1005	0.0979	0.0900	0.0936	0.0773	0.0945	0.0987	0.1051	0.0786	0.0562	0.0776	0.0749	0.0739	0.0757	0.0631	0.0683	0.0759	0.0605	0.0624	0.0572	0.0407	0.0551	0.0405	0.0425	0.0410	0.0510
0.0000	0.0000	0.0012	0.0105	0.0000	0.0000	0.0085	0.0321	0.0154	0.0117	0.0181	0.0168	0.0240	0.0395	0.0305	0.0472	0.0397	0.0354	0.0525	0.0554	0.0514	0.0555	0.0648	0.0818	0.0836	0.0719	0.0842	0.0672	0.0712	0.0841	0.0865	0.0921	0.0901	0.0989	0.1063	0.0911	0.0943	0.0883	0.1062	0.1058	0.1061	0.1218	0.1166	0.1045	0.1016	0.1042	0.1064	0.0888	0.0935	0.0897	0.1134	0.1039	0.0879	0.0982	0.0906	0.0846	0.0806	0.0698	0.0690	0.0826	0.0785	0.0675	0.0687	0.0534	0.0610	0.0651	0.0459	0.0621	0.0706
0.0000	0.0000	0.0000	0.0053	0.0000	0.0089	0.0143	0.0150	0.0117	0.0072	0.0274	0.0408	0.0250	0.0331	0.0272	0.0460	0.0494	0.0511	0.0495	0.0577	0.0564	0.0614	0.0638	0.0714	0.0830	0.0712	0.0801	0.0768	0.0761	0.0874	0.0790	0.1016	0.1097	0.0891	0.1083	0.1086	0.0876	0.0954	0.0992	0.1021	0.1154	0.1134	0.1206	0.1075	0.1038	0.1080	0.1090	0.0920	0.0930	0.1034	0.1208	0.1043	0.1026	0.0957	0.1097	0.0980	0.0866	0.0906	0.0960	0.0694	0.0845	0.0818	0.0756	0.0752	0.0740	0.0664	0.0610	0.0792	0.0854
0.0000	0.0000	0.0000	0.0053	0.0030	0.0140	0.0062	0.0052	0.0061	0.0193	0.0331	0.0338	0.0348	0.0426	0.0382	0.0357	0.0423	0.0477	0.0485	0.0414	0.0594	0.0679	0.0707	0.0694	0.0692	0.0821	0.0825	0.0814	0.0966	0.0929	0.0940	0.0967	0.1112	0.0979	0.0981	0.0950	0.0943	0.0909	0.1053	0.1029	0.1040	0.1035	0.1290	0.1062	0.1047	0.1313	0.1075	0.0980	0.1028	0.1046	0.1034	0.0993	0.0967	0.0879	0.0912	0.0918	0.0897	0.0903	0.0837	0.0803	0.0892	0.0757	0.0810	0.0850	0.0795	0.0641	0.0898	0.0904	0.0893
0.0004	0.0000	0.0087	0.0095	0.0046	0.0120	0.0076	0.0302	0.0206	0.0251	0.0412	0.0379	0.0529	0.0441	0.0306	0.0546	0.0615	0.0577	0.0627	0.0670	0.0806	0.0801	0.0753	0.0803	0.0993	0.0892	0.0935	0.0889	0.0903	0.0988	0.0954	0.0868	0.1176	0.1165	0.1121	0.1136	0.1226	0.1194	0.0999	0.1185	0.1048	0.1238	0.1422	0.1201	0.1219	0.1166	0.1108	0.1141	0.1106	0.1196	0.1079	0.1041	0.1282	0.1196	0.0948	0.1071	0.1056	0.0929	0.1022	0.1006	0.1001	0.0912	0.0961	0.1088	0.0912	0.0857	0.0922	0.0957	0.1094
0.0000	0.0001	0.0042	0.0044	0.0157	0.0160	0.0170	0.0383	0.0364	0.0160	0.0230	0.0480	0.0505	0.0490	0.0351	0.0732	0.0683	0.0515	0.0610	0.0655	0.0798	0.0829	0.0695	0.0871	0.1088	0.0989	0.0959	0.0944	0.1123	0.1145	0.0936	0.1021	0.1262	0.1320	0.1149	0.1157	0.1237	0.1382	0.1333	0.1348	0.1343	0.1490	0.1505	0.1274	0.1209	0.1292	0.1186	0.1409	0.1255	0.1270	0.1419	0.1454	0.1390	0.1347	0.1309	0.1423	0.1320	0.1099	0.1281	0.1298	0.1155	0.1086	0.1166	0.1397	0.1124	0.1087	0.1016	0.1100	0.1267
0.0000	0.0050	0.0104	0.0106	0.0189	0.0192	0.0264	0.0416	0.0427	0.0384	0.0338	0.0522	0.0483	0.0443	0.0379	0.0682	0.0638	0.0643	0.0649	0.0582	0.0821	0.1060	0.0902	0.0882	0.1048	0.1020	0.0884	0.0979	0.1324	0.1278	0.1066	0.1080	0.1353	0.1449	0.1409	0.1383	0.1382	0.1278	0.1453	0.1408	0.1484	0.1524	0.1637	0.1439	0.1248	0.1389	0.1417	0.1555	0.1427	0.1410	0.1499	0.1635	0.1436	0.1385	0.1553	0.1712	0.1502	0.1367	0.1325	0.1375	0.1480	0.1403	0.1274	0.1374	0.1282	0.1281	0.1235	0.1318	0.1422
0.0000	0.0021	0.0074	0.0194	0.0163	0.0171	0.0392	0.0359	0.0390	0.0620	0.0639	0.0566	0.0536	0.0591	0.0657	0.0629	0.0605	0.0663	0.0760	0.0758	0.0849	0.0980	0.0897	0.0934	0.1061	0.0915	0.0932	0.1095	0.1348	0.1307	0.1253	0.1193	0.1559	0.1500	0.1638	0.1604	0.1513	0.1462	0.1457	0.1436	0.1597	0.1556	0.1830	0.1663	0.1552	0.1761	0.1760	0.1766	0.1804	0.1821	0.1743	0.1854	0.1853	0.2009	0.1953	0.1891	0.1819	0.1561	0.1584	0.1676	0.1629	0.1518	0.1417	0.1539	0.1507	0.1513	0.1540	0.1635	0.1646
0.0028	0.0000	0.0128	0.0284	0.0362	0.0381	0.0460	0.0557	0.0516	0.0677	0.0731	0.0654	0.0625	0.0575	0.0711	0.0674	0.0833	0.0801	0.0888	0.0926	0.1000	0.0917	0.0957	0.1099	0.1309	0.1109	0.1253	0.1267	0.1390	0.1270	0.1338	0.1175	0.1351	0.1479	0.1858	0.1638	0.1727	0.1908	0.1718	0.1891	0.1958	0.1758	0.1959	0.1965	0.2021	0.2163	0.2262	0.2082	0.2112	0.2215	0.2297	0.2185	0.2415	0.2331	0.2214	0.2119	0.2205	0.1932	0.1770	0.1997	0.1880	0.1738	0.1717	0.1852	0.1623	0.1577	0.1443	0.1911	0.1932
0.0000	0.0067	0.0264	0.0215	0.0363	0.0434	0.0397	0.0472	0.0436	0.0620	0.0737	0.0565	0.0782	0.0743	0.0671	0.0802	0.0831	0.0995	0.0984	0.1038	0.1105	0.0967	0.1195	0.1175	0.1266	0.1300	0.1531	0.1551	0.1522	0.1606	0.1535	0.1677	0.1604	0.2008	0.2079	0.2054	0.2187	0.2159	0.2100	0.2126	0.2314	0.2284	0.2374	0.2368	0.2535	0.2442	0.2397	0.2400	0.2479	0.2617	0.3236	0.4581	0.3994	0.2700	0.2323	0.2385	0.2531	0.2279	0.2194	0.2220	0.2055	0.1689	0.1828	0.1881	0.1744	0.1691	0.1549	0.1753	0.2045
0.0000	0.0196	0.0206	0.0230	0.0296	0.0329	0.0434	0.0675	0.0541	0.0570	0.0637	0.0730	0.0892	0.0879	0.0609	0.0876	0.0903	0.1008	0.1048	0.1036	0.1203	0.1250	0.1242	0.1495	0.1486	0.1552	0.1768	0.1964	0.1845	0.1835	0.2051	0.2309	0.2299	0.2258	0.2238	0.2219	0.2480	0.2290	0.2460	0.2571	0.2694	0.2924	0.2997	0.2979	0.3107	0.3061	0.2954	0.2936	0.3328	0.3949	0.4658	0.6791	0.6531	0.4305	0.2911	0.3241	0.3324	0.3032	0.3164	0.3043	0.2444	0.2045	0.1908	0.1980	0.1912	0.1684	0.1595	0.1811	0.1997
0.0258	0.0210	0.0281	0.0349	0.0650	0.0569	0.0371	0.0599	0.0677	0.0607	0.0767	0.0865	0.0790	0.0744	0.0715	0.0956	0.1057	0.1035	0.1131	0.1282	0.1311	0.1434	0.1433	0.1674	0.1982	0.2142	0.2356	0.3152	0.2751	0.2550	0.2834	0.2641	0.2775	0.2896	0.3024	0.3139	0.3271	0.2993	0.3294	0.3423	0.3578	0.3964	0.4238	0.4690	0.5635	0.5393	0.4512	0.3684	0.5399	0.6019	0.4764	0.6515	0.7067	0.5477	0.4025	0.4719	0.5001	0.4024	0.4382	0.4850	0.3220	0.2413	0.2238	0.2264	0.2185	0.1925	0.1799	0.2083	0.2116
0.0261	0.0227	0.0325	0.0392	0.0547	0.0561	0.0511	0.0643	0.0601	0.0658	0.0871	0.0930	0.0927	0.0914	0.0991	0.1117	0.1230	0.1395	0.1320	0.1486	0.1560	0.1783	0.2181	0.2597	0.3096	0.3427	0.4248	0.7193	0.6018	0.4819	0.5242	0.4052	0.4110	0.4317	0.4569	0.4735	0.5106	0.5350	0.5729	0.5927	0.5389	0.5982	0.7159	0.7857	0.8450	0.7894	0.7129	0.5777	0.6613	0.7476	0.5564	0.6595	0.7836	0.6637	0.6044	0.6493	0.6695	0.5929	0.5333	0.5605	0.4732	0.3158	0.2328	0.2390	0.2194	0.1947	0.2008	0.2010	0.1979
0.0188	0.0174	0.0375	0.0426	0.0501	0.0616	0.0711	0.0852	0.0860	0.0895	0.0879	0.1124	0.1250	0.1041	0.1314	0.1287	0.1486	0.1710	0.1876	0.2026	0.2366	0.2811	0.3260	0.4027	0.5865	0.6868	0.7330	0.8447	0.8616	0.8770	0.8858	0.8184	0.7702	0.7955	0.7920	0.8509	0.8594	0.8481	0.8477	0.8386	0.8101	0.8451	0.9018	0.8630	0.8260	0.8407	0.7741	0.7338	0.7309	0.7957	0.6489	0.6414	0.7606	0.7119	0.7297	0.7094	0.7138	0.6760	0.5694	0.5981	0.5345	0.4093	0.2696	0.2357	0.2318	0.2098	0.2427	0.2325	0.2478
0.0107	0.0356	0.0386	0.0434	0.0756	0.0853	0.0828	0.0854	0.0970	0.1170	0.1177	0.1290	0.1406	0.1545	0.1805	0.1951	0.2329	0.2475	0.2690	0.3041	0.3582	0.4123	0.4891	0.5900	0.7903	0.7987	0.7941	0.7838	0.8527	0.8485	0.8840	0.9904	0.9979	1.0000	0.9316	0.8844	0.9010	0.8614	0.8009	0.7968	0.8417	0.8403	0.8743	0.8873	0.8219	0.8419	0.7651	0.7136	0.7231	0.7894	0.7531	0.8010	0.7638	0.7050	0.7125	0.7226	0.6756	0.6257	0.5602	0.6145	0.5288	0.4628	0.3721	0.2877	0.2491	0.2448	0.2538	0.3218	0.3563
0.0448	0.0598	0.0591	0.0808	0.0852	0.1042	0.1129	0.1378	0.1430	0.1630	0.1755	0.1906	0.2216	0.2239	0.2505	0.2658	0.3025	0.3571	0.3877	0.4760	0.5990	0.5974	0.7039	0.7389	0.8005	0.7204	0.6856	0.7124	0.7623	0.7757	0.8330	0.8776	0.9053	0.9204	0.8727	0.7877	0.8331	0.8605	0.7995	0.7202	0.7594	0.7786	0.8444	0.8292	0.7957	0.7960	0.7992	0.8214	0.7393	0.7774	0.7853	0.8293	0.7453	0.7347	0.7148	0.6866	0.6729	0.6462	0.5820	0.6179	0.5750	0.5040	0.4328	0.2981	0.2760	0.2841	0.3414	0.4436	0.4121
0.0627	0.0782	0.0955	0.1443	0.1477	0.2014	0.2528	0.3208	0.3469	0.3027	0.3264	0.3340	0.3395	0.3387	0.3890	0.4530	0.4982	0.5850	0.5787	0.7394	0.7854	0.7374	0.6550	0.6636	0.6252	0.6264	0.6194	0.6527	0.6405	0.7101	0.7730	0.7841	0.7626	0.7884	0.8205	0.7556	0.7399	0.7842	0.7826	0.7471	0.7225	0.7261	0.7614	0.7656	0.7197	0.6827	0.7402	0.7195	0.7562	0.7648	0.7201	0.7333	0.7303	0.7432	0.7058	0.6369	0.6345	0.6301	0.6298	0.6034	0.5881	0.5618	0.4499	0.3120	0.3047	0.3503	0.4327	0.4873	0.4209
0.1029	0.1679	0.2299	0.3166	0.3557	0.4474	0.5353	0.5409	0.5743	0.5664	0.5232	0.5454	0.5851	0.6306	0.6691	0.7535	0.7828	0.7670	0.7289	0.7175	0.6832	0.6394	0.5825	0.5446	0.5340	0.5719	0.5986	0.5424	0.5753	0.6303	0.6532	0.6513	0.6917	0.7612	0.7658	0.7355	0.7269	0.7275	0.7515	0.7325	0.7011	0.6983	0.7343	0.7218	0.6912	0.7150	0.7036	0.6656	0.7011	0.7369	0.7125	0.7179	0.6910	0.6918	0.6956	0.6388	0.5941	0.5972	0.6296	0.5823	0.6030	0.5487	0.4023	0.3308	0.3329	0.4385	0.4865	0.4617	0.4403
0.1841	0.2631	0.3391	0.3953	0.4199	0.4306	0.4629	0.4741	0.5248	0.5540	0.5675	0.6372	0.7087	0.6799	0.7197	0.7217	0.7443	0.7599	0.7115	0.6064	0.5484	0.5466	0.5466	0.5343	0.5324	0.5478	0.6036	0.5980	0.6060	0.6295	0.6421	0.6461	0.6734	0.7176	0.7061	0.6944	0.6977	0.7279	0.6894	0.6889	0.6875	0.7002	0.7142	0.6808	0.6930	0.6850	0.6553	0.6791	0.6478	0.6635	0.6773	0.6546	0.6277	0.6676	0.6750	0.6490	0.6320	0.6286	0.5982	0.5670	0.5918	0.4728	0.4271	0.3750	0.3550	0.4409	0.4753	0.4887	0.4106
0.2052	0.2584	0.2865	0.2904	0.3178	0.3125	0.3401	0.3642	0.4026	0.4496	0.4951	0.5744	0.6734	0.6380	0.5924	0.6442	0.6431	0.6153	0.5448	0.4978	0.5318	0.5189	0.5109	0.5159	0.5245	0.5905	0.5923	0.6287	0.6355	0.6143	0.6864	0.6929	0.7139	0.7382	0.6861	0.6742	0.6758	0.6879	0.6624	0.6725	0.6805	0.6864	0.6996	0.6846	0.6711	0.6479	0.6849	0.6703	0.6353	0.6412	0.6405	0.6044	0.5976	0.6621	0.6692	0.6234	0.6168	0.6103	0.5830	0.5815	0.5463	0.5614	0.5775	0.4782	0.3861	0.4479	0.4828	0.4540	0.3741
0.2195	0.2231	0.2421	0.2621	0.2594	0.2745	0.3175	0.3722	0.3754	0.4056	0.4437	0.4966	0.5402	0.5604	0.5402	0.5384	0.5801	0.5405	0.5091	0.5123	0.5499	0.5554	0.5367	0.4999	0.5246	0.5894	0.5776	0.5679	0.6039	0.6544	0.6422	0.6547	0.6518	0.6620	0.7098	0.6659	0.6413	0.6830	0.6454	0.7115	0.7462	0.7188	0.6863	0.7043	0.6835	0.6685	0.6446	0.6388	0.6341	0.5988	0.6537	0.6343	0.6021	0.6217	0.6244	0.6538	0.6353	0.6097	0.5678	0.5578	0.5865	0.6216	0.6218	0.5148	0.4396	0.4585	0.4567	0.4143	0.3770
0.1790	0.2104	0.2349	0.2588	0.2695	0.2675	0.3109	0.3493	0.3407	0.3487	0.4097	0.4534	0.4758	0.4467	0.4846	0.5116	0.5326	0.5211	0.4855	0.4870	0.5611	0.5815	0.5370	0.5182	0.5238	0.5380	0.5714	0.6040	0.6033	0.6826	0.6449	0.6533	0.6414	0.6837	0.6707	0.6306	0.6719	0.6712	0.6467	0.6662	0.7082	0.6778	0.6861	0.6938	0.6725	0.6610	0.6683	0.6637	0.6295	0.6203	0.6568	0.6557	0.6476	0.6486	0.6360	0.6407	0.6479	0.6075	0.5759	0.5793	0.5864	0.6057	0.6124	0.5623	0.4486	0.4498	0.4295	0.3863	0.3618
0.1517	0.1871	0.2496	0.2833	0.2991	0.2898	0.3277	0.3228	0.3230	0.3227	0.3567	0.3870	0.4226	0.4270	0.4457	0.4907	0.5052	0.5041	0.5259	0.5208	0.5270	0.5526	0.5098	0.4907	0.5814	0.5359	0.5655	0.6107	0.5981	0.6248	0.6647	0.6685	0.6408	0.6999	0.6843	0.6206	0.6264	0.6678	0.6646	0.6358	0.6709	0.6662	0.6877	0.7001	0.6645	0.6583	0.6791	0.6431	0.5991	0.6111	0.6195	0.5938	0.6246	0.6340	0.5966	0.6111	0.6271	0.6131	0.6026	0.5495	0.5318	0.5709	0.5844	0.5367	0.4568	0.4809	0.3920	0.3688	0.3739
0.1760	0.2135	0.2592	0.2848	0.3107	0.3400	0.3223	0.3225	0.3189	0.3564	0.3803	0.4059	0.4105	0.4089	0.4307	0.4459	0.4754	0.5232	0.5178	0.5350	0.4940	0.5091	0.5411	0.5289	0.5494	0.5336	0.5688	0.5851	0.6305	0.6610	0.6538	0.6561	0.6710	0.6916	0.6773	0.6660	0.7049	0.6769	0.6665	0.6831	0.7043	0.6854	0.6805	0.6292	0.6274	0.6033	0.6409	0.6475	0.6337	0.6115	0.6144	0.5864	0.5901	0.5916	0.5987	0.5876	0.5754	0.5539	0.5718	0.5760	0.5395	0.5323	0.5640	0.5062	0.4700	0.4395	0.4073	0.3853	0.3567
0.1704	0.2141	0.2569	0.2882	0.2935	0.3084	0.3324	0.3246	0.3256	0.3729	0.3885	0.3897	0.4107	0.4327	0.4364	0.4433	0.5081	0.5239	0.5031	0.5545	0.5189	0.5097	0.5293	0.5139	0.5220	0.5532	0.5783	0.6007	0.6187	0.6632	0.6723	0.6626	0.6670	0.6741	0.6672	0.6577	0.6880	0.6492	0.6530	0.6749	0.6648	0.6514	0.6086	0.6174	0.6292	0.6289	0.6470	0.6449	0.6388	0.6080	0.6473	0.6122	0.6125	0.5708	0.5947	0.5994	0.6121	0.5637	0.5636	0.5509	0.5393	0.5079	0.5306	0.5144	0.4508	0.4561	0.3928	0.3859	0.3576
0.1521	0.1986	0.2701	0.3015	0.2854	0.2908	0.3032	0.3309	0.3196	0.3250	0.3762	0.3930	0.4217	0.4204	0.4348	0.4974	0.4986	0.4689	0.5390	0.5550	0.5066	0.5112	0.5523	0.5476	0.5145	0.5291	0.5600	0.5592	0.5850	0.6368	0.6590	0.6571	0.6700	0.6863	0.6670	0.6110	0.6485	0.6534	0.6782	0.6470	0.6384	0.6316	0.6278	0.6437	0.6304	0.5942	0.5773	0.5798	0.6111	0.6206	0.6501	0.6554	0.6358	0.6041	0.5828	0.5955	0.5598	0.5444	0.5394	0.5641	0.5046	0.4929	0.5053	0.4582	0.4187	0.4045	0.3697	0.3784	0.3579
0.1725	0.2128	0.2492	0.2746	0.2932	0.3267	0.3165	0.3047	0.3113	0.3510	0.3528	0.3867	0.4037	0.4222	0.4430	0.4647	0.4637	0.4730	0.5034	0.5194	0.4623	0.5040	0.5291	0.5628	0.5486	0.5665	0.5628	0.5639	0.5787	0.6366	0.6779	0.6531	0.6089	0.6224	0.6305	0.5926	0.6236	0.6245	0.6488	0.6101	0.6471	0.6575	0.6608	0.6037	0.5970	0.6022	0.6061	0.5938	0.6255	0.5977	0.6388	0.6502	0.6267	0.6088	0.5971	0.5830	0.5600	0.5190	0.4970	0.5321	0.5064	0.5012	0.4952	0.4370	0.4187	0.3765	0.3729	0.4023	0.3596
0.1889	0.2371	0.2617	0.2943	0.3156	0.3341	0.3525	0.3273	0.3287	0.3632	0.3824	0.4090	0.4173	0.4310	0.4434	0.4573	0.4876	0.4968	0.5372	0.5425	0.5054	0.4920	0.5421	0.5770	0.5729	0.5335	0.5706	0.5842	0.6294	0.6274	0.6545	0.6834	0.6769	0.6443	0.6058	0.6338	0.6606	0.6600	0.6269	0.6368	0.6548	0.6501	0.6601	0.6393	0.6337	0.6025	0.6134	0.6228	0.6492	0.5894	0.5964	0.5898	0.5867	0.6005	0.5991	0.5760	0.5393	0.5404	0.5071	0.5046	0.4788	0.4673	0.4831	0.4580	0.4530	0.3969	0.3874	0.3752	0.3386
0.2000	0.2283	0.2716	0.3160	0.3127	0.3308	0.3640	0.3360	0.3383	0.3399	0.3664	0.4246	0.4245	0.4623	0.4461	0.4212	0.5031	0.5365	0.5408	0.5397	0.5223	0.5223	0.5319	0.5827	0.5458	0.5308	0.5671	0.6235	0.6276	0.6507	0.6626	0.6571	0.6995	0.6809	0.6683	0.6361	0.6835	0.6949	0.6865	0.6838	0.6578	0.6909	0.6742	0.6620	0.6383	0.6110	0.6254	0.6077	0.6021	0.5947	0.5994	0.5933	0.5971	0.5847	0.6094	0.6104	0.5305	0.5441	0.5107	0.5158	0.4958	0.4780	0.4800	0.4699	0.4457	0.4157	0.3925	0.4155	0.3944
0.1921	0.2511	0.2806	0.3019	0.3119	0.3064	0.3458	0.3296	0.3629	0.3585	0.4038	0.4500	0.4317	0.4108	0.4398	0.4838	0.5182	0.5340	0.5600	0.5329	0.5172	0.5475	0.5293	0.5603	0.5482	0.5607	0.5210	0.5703	0.6166	0.6426	0.6724	0.6886	0.7003	0.6675	0.7099	0.6842	0.6910	0.6618	0.6762	0.6731	0.6293	0.7036	0.6788	0.6480	0.6273	0.5955	0.6249	0.5986	0.6181	0.6441	0.6250	0.6298	0.6352	0.6165	0.5695	0.5815	0.5570	0.5623	0.5627	0.5614	0.5342	0.5622	0.5437	0.5228	0.4799	0.4527	0.4148	0.4161	0.3846
0.1874	0.2397	0.2498	0.2809	0.3099	0.2975	0.3614	0.3508	0.3662	0.3713	0.3884	0.4044	0.4107	0.4227	0.4663	0.5363	0.5329	0.4945	0.5142	0.5272	0.5477	0.5389	0.5317	0.5677	0.5727	0.6013	0.5550	0.5892	0.6279	0.6506	0.6380	0.6920	0.7048	0.6759	0.7031	0.6882	0.6755	0.6984	0.7030	0.6982	0.6633	0.6655	0.7393	0.6417	0.6563	0.6430	0.6185	0.6484	0.6026	0.6256	0.6797	0.6207	0.6037	0.6395	0.6098	0.6019	0.5766	0.5996	0.5866	0.6072	0.6134	0.6174	0.6595	0.5552	0.4917	0.4634	0.4545	0.4517	0.4201
0.1970	0.2353	0.2650	0.2936	0.3030	0.3094	0.3551	0.3687	0.3780	0.3817	0.3849	0.4041	0.4061	0.4446	0.4553	0.4899	0.5112	0.5021	0.5028	0.5099	0.5203	0.5296	0.5544	0.5807	0.5700	0.5682	0.6040	0.6030	0.6337	0.6570	0.6691	0.6908	0.7165	0.6900	0.7120	0.7087	0.7022	0.6882	0.6884	0.6814	0.6883	0.7201	0.7419	0.7164	0.6749	0.6075	0.6506	0.6658	0.6607	0.6492	0.6477	0.6090	0.6302	0.5985	0.6039	0.6035	0.6196	0.6287	0.5870	0.6173	0.5787	0.5914	0.6924	0.5866	0.5316	0.5000	0.4884	0.4430	0.4198
0.1926	0.2297	0.2599	0.2927	0.2953	0.3147	0.3326	0.4013	0.3862	0.3784	0.4131	0.4125	0.4148	0.4312	0.4402	0.4857	0.4738	0.5122	0.4995	0.5250	0.5292	0.4882	0.5544	0.5655	0.5620	0.5681	0.5326	0.6082	0.6335	0.6394	0.6718	0.6697	0.7012	0.7283	0.7264	0.6996	0.6741	0.6730	0.7000	0.7230	0.7232	0.7405	0.7212	0.7369	0.6634	0.6558	0.6971	0.6549	0.6549	0.6736	0.6462	0.6282	0.6405	0.5888	0.6030	0.6201	0.5997	0.5949	0.6080	0.6350	0.6219	0.5624	0.6062	0.6385	0.5657	0.5323	0.4888	0.4645	0.4749
0.1832	0.2077	0.2365	0.2654	0.3061	0.2964	0.3191	0.3871	0.3771	0.3766	0.4188	0.4325	0.4453	0.4716	0.4779	0.5057	0.5154	0.5269	0.5271	0.5388	0.5475	0.5270	0.5425	0.5609	0.5756	0.5652	0.5997	0.5923	0.6075	0.6656	0.6621	0.6678	0.6731	0.7096	0.7804	0.7162	0.7027	0.6735	0.7311	0.7091	0.7162	0.7444	0.7582	0.7033	0.6566	0.6835	0.6588	0.6474	0.5996	0.6778	0.6548	0.6376	0.6361	0.6407	0.6098	0.6165	0.6241	0.6180	0.6335	0.6951	0.6522	0.5271	0.5161	0.6374	0.5992	0.5679	0.5393	0.4838	0.4667
0.1789	0.2117	0.2401	0.2731	0.2838	0.3216	0.3547	0.3839	0.4076	0.4236	0.4858	0.5222	0.5250	0.5699	0.5387	0.5644	0.5458	0.5265	0.5227	0.5307	0.5044	0.5481	0.5317	0.5536	0.5963	0.5823	0.5938	0.6264	0.6529	0.6446	0.6519	0.6617	0.7015	0.6990	0.7357	0.6929	0.7032	0.6998	0.6990	0.7136	0.6980	0.7043	0.7554	0.7002	0.6554	0.6731	0.6756	0.6732	0.6504	0.6540	0.6947	0.6907	0.6233	0.6318	0.6195	0.6236	0.6190	0.6160	0.6217	0.6635	0.6925	0.4798	0.4298	0.6229	0.6070	0.5708	0.5580	0.5318	0.5060
0.1743	0.2295	0.2824	0.2878	0.3145	0.3212	0.3563	0.4108	0.4565	0.5310	0.5411	0.5807	0.6259	0.6426	0.6089	0.6319	0.6210	0.6223	0.5565	0.5322	0.5385	0.5465	0.5424	0.5654	0.5520	0.5586	0.5765	0.6146	0.6573	0.6570	0.6615	0.6742	0.6965	0.7180	0.7151	0.6928	0.6926	0.7072	0.6873	0.6953	0.7036	0.7152	0.6890	0.7122	0.6651	0.6499	0.6562	0.6562	0.6811	0.6814	0.6495	0.6565	0.6521	0.6556	0.6315	0.6163	0.6030	0.6327	0.6529	0.6697	0.6619	0.4758	0.4069	0.6082	0.6060	0.5779	0.5595	0.4780	0.4518
0.2126	0.2482	0.2644	0.3332	0.3291	0.3813	0.4347	0.4773	0.5120	0.5634	0.6038	0.6342	0.6752	0.6870	0.7160	0.6924	0.7100	0.7328	0.6697	0.6068	0.5715	0.5653	0.5460	0.5704	0.5663	0.5933	0.5952	0.6008	0.6322	0.6005	0.6803	0.6766	0.6631	0.6902	0.7199	0.6762	0.6801	0.6949	0.7236	0.6894	0.6990	0.6685	0.6693	0.6694	0.6943	0.6757	0.6773	0.6468	0.6495	0.6890	0.6775	0.6704	0.6487	0.6619	0.6767	0.6557	0.6394	0.6672	0.6680	0.6546	0.6687	0.4376	0.3885	0.6402	0.6523	0.6147	0.6132	0.4716	0.4589
0.2499	0.3294	0.4101	0.4763	0.4429	0.4682	0.5387	0.5704	0.5717	0.6096	0.6626	0.6923	0.7000	0.7139	0.7671	0.8112	0.8203	0.7565	0.7394	0.6779	0.6462	0.6496	0.5763	0.5657	0.5643	0.5461	0.5738	0.5876	0.6116	0.6176	0.6789	0.6993	0.7032	0.6941	0.7343	0.6935	0.6989	0.7319	0.7026	0.7219	0.7110	0.7170	0.7347	0.7120	0.6866	0.6573	0.6695	0.6600	0.6920	0.7030	0.6824	0.7075	0.6706	0.6387	0.6151	0.6560	0.6630	0.6337	0.6474	0.6865	0.5297	0.3511	0.3435	0.5363	0.6521	0.6361	0.5454	0.4376	0.5035
0.1362	0.2445	0.3449	0.4659	0.5079	0.5524	0.6151	0.6208	0.6182	0.6697	0.6425	0.6373	0.5935	0.6247	0.6766	0.6785	0.6991	0.7243	0.7915	0.8182	0.7132	0.6978	0.6271	0.5923	0.5429	0.5228	0.5440	0.5683	0.6076	0.6603	0.7247	0.7070	0.7292	0.7575	0.7385	0.7120	0.7736	0.7421	0.7212	0.7016	0.6921	0.7474	0.7849	0.7533	0.7204	0.6907	0.7102	0.6795	0.6968	0.7292	0.7165	0.7271	0.7206	0.6729	0.6500	0.6448	0.6775	0.6800	0.7168	0.6983	0.4479	0.2864	0.2933	0.3382	0.4585	0.4783	0.3906	0.4011	0.5236
0.0558	0.0829	0.1229	0.1594	0.2132	0.2716	0.3145	0.3232	0.3066	0.3433	0.3587	0.3246	0.2937	0.2952	0.3361	0.3629	0.3919	0.4416	0.5705	0.7614	0.8360	0.8175	0.7366	0.6887	0.6767	0.6231	0.6098	0.6023	0.6985	0.7179	0.7757	0.7842	0.7606	0.7463	0.7380	0.7567	0.7526	0.7181	0.7251	0.7036	0.7357	0.7003	0.7602	0.7391	0.7273	0.7058	0.7145	0.7103	0.7492	0.7539	0.7242	0.7433	0.7216	0.6846	0.6540	0.6867	0.7001	0.6409	0.5625	0.4927	0.3306	0.2535	0.2464	0.2498	0.2601	0.2640	0.2755	0.4044	0.5597
0.0257	0.0358	0.0591	0.0548	0.0978	0.1141	0.1037	0.1287	0.1437	0.1327	0.1593	0.1829	0.1895	0.1985	0.2093	0.2292	0.2491	0.2825	0.3220	0.4252	0.6526	0.7778	0.8183	0.8050	0.7890	0.7180	0.7126	0.7016	0.7796	0.8073	0.8181	0.8175	0.8124	0.7975	0.7811	0.8091	0.7251	0.7576	0.7354	0.7352	0.7358	0.7178	0.7357	0.7113	0.7176	0.7512	0.7692	0.7487	0.7343	0.7311	0.7750	0.7682	0.7277	0.7027	0.6629	0.6859	0.6985	0.5634	0.3495	0.2674	0.2520	0.2385	0.2564	0.2400	0.2584	0.2757	0.2801	0.4134	0.5683
0.0127	0.0268	0.0487	0.0498	0.0561	0.0641	0.0720	0.0788	0.0841	0.0967	0.0911	0.1135	0.1379	0.1281	0.1332	0.1520	0.1664	0.1909	0.2166	0.2441	0.3100	0.4424	0.5261	0.6749	0.8595	0.7584	0.6531	0.7288	0.8341	0.8530	0.8270	0.7880	0.8367	0.8723	0.7893	0.7409	0.7364	0.7573	0.7334	0.7152	0.7716	0.7374	0.7596	0.7302	0.7081	0.7223	0.7644	0.7747	0.7293	0.7551	0.7592	0.7642	0.7398	0.7354	0.7069	0.7253	0.7225	0.6304	0.3573	0.2338	0.2224	0.2210	0.2297	0.2285	0.2368	0.2708	0.2765	0.3704	0.5517
0.0097	0.0442	0.0390	0.0489	0.0565	0.0539	0.0647	0.0513	0.0605	0.0827	0.0770	0.0854	0.0919	0.0840	0.0874	0.1073	0.1381	0.1312	0.1375	0.1713	0.1812	0.1861	0.2314	0.2989	0.4583	0.4529	0.3678	0.4629	0.5857	0.6198	0.5775	0.5825	0.7587	0.8919	0.8525	0.7871	0.8204	0.7922	0.8088	0.7413	0.7462	0.7648	0.7530	0.7275	0.7432	0.7496	0.7787	0.7956	0.7927	0.7694	0.7576	0.7704	0.7543	0.7382	0.7213	0.7762	0.6869	0.4932	0.2572	0.2029	0.1985	0.2038	0.2033	0.1987	0.2127	0.2312	0.2330	0.2572	0.3476
0.0132	0.0280	0.0324	0.0393	0.0437	0.0549	0.0622	0.0566	0.0613	0.0733	0.0699	0.0743	0.0883	0.0818	0.0836	0.0928	0.1055	0.1011	0.1030	0.1175	0.1280	0.1330	0.1398	0.1629	0.1781	0.1923	0.2109	0.2153	0.2759	0.2985	0.3134	0.3655	0.5582	0.8087	0.7930	0.8240	0.8279	0.8269	0.8490	0.7858	0.7356	0.7671	0.7849	0.7557	0.7366	0.7532	0.7625	0.7684	0.7281	0.7195	0.7512	0.7156	0.6520	0.5604	0.5670	0.5543	0.3710	0.2356	0.1912	0.1731	0.1753	0.1694	0.1727	0.1671	0.1667	0.1865	0.1871	0.1980	0.2083
0.0145	0.0098	0.0270	0.0290	0.0352	0.0657	0.0543	0.0605	0.0562	0.0540	0.0679	0.0633	0.0745	0.0763	0.0752	0.0857	0.0830	0.0880	0.0935	0.0895	0.1022	0.1011	0.1090	0.1216	0.1264	0.1282	0.1348	0.1432	0.1656	0.1706	0.1978	0.2232	0.2861	0.3583	0.3881	0.5254	0.5905	0.5181	0.5609	0.5510	0.6729	0.7390	0.7610	0.7686	0.6631	0.5476	0.6343	0.5216	0.4279	0.4455	0.6539	0.5305	0.2869	0.2170	0.2339	0.2084	0.1850	0.1790	0.1657	0.1674	0.1685	0.1673	0.1566	0.1558	0.1585	0.1499	0.1467	0.1529	0.1584
0.0169	0.0233	0.0319	0.0201	0.0346	0.0477	0.0464	0.0473	0.0456	0.0490	0.0584	0.0614	0.0611	0.0584	0.0633	0.0886	0.0870	0.0732	0.0946	0.0883	0.0796	0.0798	0.0963	0.0960	0.1056	0.1094	0.1189	0.1214	0.1249	0.1176	0.1340	0.1495	0.1482	0.1753	0.1896	0.2010	0.2373	0.2447	0.2704	0.3070	0.5964	0.7837	0.7196	0.5615	0.3824	0.2770	0.3283	0.2417	0.1978	0.2147	0.3310	0.2636	0.1664	0.1504	0.1657	0.1615	0.1671	0.1534	0.1550	0.1549	0.1438	0.1423	0.1419	0.1472	0.1466	0.1339	0.1341	0.1442	0.1404
0.0104	0.0089	0.0234	0.0232	0.0257	0.0279	0.0331	0.0460	0.0454	0.0406	0.0558	0.0542	0.0593	0.0672	0.0728	0.0772	0.0720	0.0725	0.0740	0.0716	0.0645	0.0714	0.0791	0.0819	0.0952	0.0947	0.0951	0.1072	0.1127	0.1035	0.1029	0.1078	0.1196	0.1311	0.1444	0.1437	0.1706	0.1916	0.2061	0.2323	0.4821	0.7817	0.7175	0.3297	0.1513	0.1677	0.1677	0.1562	0.1399	0.1352	0.1442	0.1473	0.1413	0.1243	0.1321	0.1375	0.1367	0.1297	0.1290	0.1311	0.1328	0.1232	0.1306	0.1272	0.1173	0.1178	0.1151	0.1359	0.1347
0.0000	0.0193	0.0120	0.0221	0.0222	0.0221	0.0342	0.0410	0.0328	0.0497	0.0573	0.0439	0.0502	0.0601	0.0570	0.0667	0.0701	0.0675	0.0549	0.0603	0.0660	0.0722	0.0690	0.0754	0.0880	0.0888	0.0842	0.0838	0.0906	0.0915	0.1018	0.0924	0.0955	0.0907	0.1039	0.1129	0.1205	0.1157	0.1413	0.1599	0.2852	0.5978	0.5905	0.2179	0.1163	0.1179	0.1336	0.1221	0.1170	0.1068	0.1130	0.1208	0.1113	0.1059	0.1100	0.1134	0.1077	0.1172	0.1120	0.1269	0.1193	0.1071	0.1013	0.0968	0.0936	0.0930	0.0980	0.1087	0.1073
0.0017	0.0077	0.0019	0.0114	0.0145	0.0240	0.0164	0.0254	0.0322	0.0380	0.0414	0.0436	0.0448	0.0572	0.0533	0.0539	0.0561	0.0609	0.0531	0.0605	0.0727	0.0735	0.0671	0.0700	0.0807	0.0758	0.0786	0.0746	0.0802	0.0788	0.0788	0.0802	0.0892	0.0817	0.0874	0.0971	0.0911	0.0933	0.0982	0.1057	0.1290	0.2190	0.2143	0.1231	0.1053	0.1001	0.0960	0.0955	0.0967	0.0847	0.0879	0.0922	0.0916	0.0835	0.0833	0.0895	0.0928	0.0895	0.0919	0.0996	0.1004	0.0897	0.0791	0.0888	0.0858	0.0796	0.0856	0.0889	0.0888
0.0000	0.0044	0.0205	0.0109	0.0176	0.0205	0.0182	0.0241	0.0245	0.0276	0.0323	0.0485	0.0480	0.0446	0.0442	0.0494	0.0563	0.0558	0.0502	0.0594	0.0690	0.0616	0.0587	0.0698	0.0716	0.0742	0.0704	0.0687	0.0764	0.0686	0.0632	0.0726	0.0748	0.0804	0.0762	0.0790	0.0822	0.0855	0.0858	0.0897	0.1024	0.1074	0.0956	0.0880	0.0870	0.0863	0.0863	0.0895	0.0799	0.0792	0.0758	0.0707	0.0678	0.0757	0.0791	0.0778	0.0711	0.0647	0.0717	0.0727	0.0748	0.0626	0.0656	0.0686	0.0753	0.0700	0.0646	0.0644	0.0783
0.0000	0.0000	0.0103	0.0166	0.0105	0.0091	0.0257	0.0193	0.0204	0.0171	0.0215	0.0438	0.0431	0.0339	0.0375	0.0515	0.0532	0.0509	0.0518	0.0542	0.0507	0.0554	0.0582	0.0590	0.0574	0.0605	0.0603	0.0568	0.0629	0.0616	0.0596	0.0592	0.0640	0.0714	0.0787	0.0793	0.0804	0.0720	0.0765	0.0790	0.0927	0.0995	0.0950	0.0842	0.0757	0.0727	0.0762	0.0713	0.0714	0.0718	0.0728	0.0685	0.0544	0.0728	0.0684	0.0675	0.0607	0.0615	0.0650	0.0671	0.0611	0.0540	0.0609	0.0676	0.0590	0.0523	0.0463	0.0519	0.0610
0.0000	0.0000	0.0000	0.0183	0.0084	0.0074	0.0120	0.0233	0.0195	0.0184	0.0274	0.0236	0.0301	0.0243	0.0301	0.0436	0.0499	0.0469	0.0442	0.0463	0.0371	0.0460	0.0579	0.0541	0.0559	0.0572	0.0507	0.0588	0.0537	0.0598	0.0582	0.0531	0.0616	0.0658	0.0611	0.0678	0.0631	0.0624	0.0726	0.0638	0.0697	0.0783	0.0778	0.0700	0.0641	0.0705	0.0659	0.0602	0.0652	0.0643	0.0620	0.0566	0.0619	0.0622	0.0522	0.0585	0.0586	0.0587	0.0541	0.0584	0.0560	0.0454	0.0409	0.0525	0.0513	0.0530	0.0396	0.0420	0.0413
0.0000	0.0000	0.0000	0.0000	0.0000	0.0051	0.0008	0.0175	0.0137	0.0172	0.0243	0.0423	0.0171	0.0161	0.0274	0.0290	0.0349	0.0383	0.0325	0.0412	0.0351	0.0393	0.0498	0.0508	0.0513	0.0514	0.0547	0.0525	0.0590	0.0593	0.0565	0.0526	0.0576	0.0593	0.0550	0.0578	0.0487	0.0622	0.0682	0.0642	0.0623	0.0656	0.0708	0.0628	0.0564	0.0610	0.0615	0.0610	0.0566	0.0585	0.0637	0.0651	0.0601	0.0516	0.0533	0.0561	0.0536	0.0463	0.0533	0.0512	0.0514	0.0428	0.0400	0.0445	0.0497	0.0499	0.0377	0.0417	0.0444
0.0000	0.0000	0.0000	0.0000	0.0000	0.0000	0.0000	0.0212	0.0152	0.0171	0.0252	0.0293	0.0200	0.0240	0.0375	0.0364	0.0399	0.0338	0.0241	0.0322	0.0442	0.0372	0.0388	0.0427	0.0432	0.0514	0.0511	0.0481	0.0590	0.0547	0.0530	0.0575	0.0569	0.0584	0.0554	0.0561	0.0559	0.0653	0.0655	0.0620	0.0685	0.0643	0.0662	0.0588	0.0592	0.0597	0.0573	0.0550	0.0568	0.0609	0.0612	0.0557	0.0491	0.0549	0.0584	0.0552	0.0485	0.0408	0.0536	0.0503	0.0394	0.0399	0.0447	0.0370	0.0342	0.0345	0.0359	0.0330	0.0297
0.0000	0.0000	0.0000	0.0033	0.0000	0.0000	0.0000	0.0086	0.0158	0.0142	0.0156	0.0145	0.0221	0.0164	0.0233	0.0243	0.0273	0.0277	0.0381	0.0378	0.0377	0.0380	0.0363	0.0432	0.0390	0.0365	0.0411	0.0454	0.0517	0.0525	0.0476	0.0461	0.0549	0.0583	0.0545	0.0539	0.0540	0.0620	0.0655	0.0584	0.0590	0.0630	0.0667	0.0554	0.0533	0.0606	0.0584	0.0515	0.0552	0.0569	0.0547	0.0497	0.0515	0.0510	0.0545	0.0499	0.0506	0.0421	0.0445	0.0392	0.0301	0.0305	0.0396	0.0355	0.0352	0.0358	0.0271	0.0242	0.0156
0.0000	0.0000	0.0000	0.0000	0.0000	0.0000	0.0000	0.0043	0.0053	0.0135	0.0131	0.0109	0.0256	0.0192	0.0188	0.0146	0.0237	0.0211	0.0228	0.0307	0.0313	0.0324	0.0349	0.0347	0.0436	0.0387	0.0423	0.0436	0.0474	0.0521	0.0429	0.0423	0.0493	0.0499	0.0519	0.0492	0.0529	0.0529	0.0595	0.0560	0.0576	0.0572	0.0596	0.0604	0.0532	0.0537	0.0518	0.0501	0.0513	0.0464	0.0477	0.0422	0.0525	0.0466	0.0444	0.0443	0.0368	0.0334	0.0343	0.0296	0.0286	0.0271	0.0321	0.0335	0.0343	0.0305	0.0178	0.0176	0.0179
0.0000	0.0000	0.0000	0.0031	0.0000	0.0000	0.0010	0.0040	0.0000	0.0084	0.0119	0.0284	0.0233	0.0121	0.0105	0.0213	0.0215	0.0116	0.0205	0.0239	0.0325	0.0330	0.0448	0.0335	0.0422	0.0312	0.0399	0.0351	0.0412	0.0544	0.0433	0.0491	0.0515	0.0493	0.0548	0.0531	0.0560	0.0522	0.0555	0.0575	0.0610	0.0583	0.0621	0.0586	0.0497	0.0491	0.0501	0.0503	0.0527	0.0453	0.0525	0.0468	0.0419	0.0406	0.0422	0.0423	0.0324	0.0387	0.0279	0.0378	0.0403	0.0310	0.0281	0.0269	0.0220	0.0290	0.0229	0.0255	0.0185
