0.0000	0.0000	0.0068	0.0181	0.0000	0.0000	0.0220	0.0416	0.0253	0.0051	0.0044	0.0366	0.0249	0.0351	0.0597	0.0490	0.0666	0.0413	0.0383	0.0574	0.0549	0.0834	0.0918	0.0941	0.0961	0.1008	0.0840	0.0548	0.0865	0.0976	0.0621	0.0701	0.0853	0.0843	0.0908	0.0778	0.0712	0.0928	0.1004	0.0966	0.0730	0.0871	0.0830	0.0726	0.0717	0.0850	0.0824	0.0926	0.0846	0.0909	0.0929	0.0873	0.1016	0.0995	0.0961	0.0909	0.1007	0.0882	0.0835	0.0999	0.0933	0.0856	0.0740	0.0679	0.0838	0.0884	0.0748	0.0705	0.0713
0.0000	0.0000	0.0000	0.0207	0.0017	0.0000	0.0241	0.0203	0.0330	0.0324	0.0373	0.0448	0.0398	0.0251	0.0478	0.0538	0.0629	0.0793	0.0688	0.0603	0.0615	0.0669	0.0801	0.1181	0.0890	0.0825	0.0734	0.0690	0.0885	0.0912	0.0916	0.0925	0.0936	0.0896	0.0885	0.0959	0.0926	0.0713	0.1012	0.0841	0.0768	0.0928	0.0869	0.1002	0.0821	0.0695	0.0796	0.1041	0.0944	0.1012	0.1293	0.0863	0.0733	0.1084	0.1074	0.1041	0.1122	0.1186	0.0954	0.1181	0.1209	0.0987	0.1134	0.1056	0.1016	0.0849	0.0912	0.0887	0.0917
0.0000	0.0000	0.0000	0.0093	0.0242	0.0116	0.0330	0.0259	0.0324	0.0202	0.0262	0.0559	0.0673	0.0395	0.0360	0.0751	0.0683	0.0696	0.0754	0.0871	0.0847	0.0793	0.0782	0.0886	0.1248	0.0852	0.0876	0.0644	0.0750	0.0947	0.1093	0.0843	0.0808	0.1084	0.1067	0.0954	0.1098	0.0885	0.0937	0.0872	0.0672	0.0926	0.0993	0.0887	0.0870	0.0833	0.0894	0.0882	0.1074	0.1067	0.1168	0.1058	0.0931	0.1142	0.1194	0.1280	0.1080	0.1262	0.1162	0.1264	0.1294	0.1466	0.1509	0.1349	0.1234	0.1178	0.1244	0.1510	0.1312
0.0000	0.0002	0.0079	0.0082	0.0127	0.0207	0.0054	0.0394	0.0612	0.0473	0.0631	0.0708	0.0576	0.0612	0.0786	0.0805	0.0690	0.0944	0.0780	0.0836	0.0949	0.1060	0.0847	0.0797	0.1240	0.0906	0.0803	0.0793	0.0797	0.0936	0.1004	0.1025	0.0891	0.1042	0.1260	0.0986	0.0939	0.0910	0.0884	0.0896	0.1053	0.1052	0.0932	0.0898	0.0956	0.0970	0.1131	0.0957	0.0836	0.0918	0.1145	0.0935	0.1088	0.1049	0.1497	0.1244	0.1320	0.1344	0.1648	0.1542	0.1675	0.1767	0.2140	0.1814	0.1592	0.1554	0.1771	0.1935	0.1751
0.0084	0.0138	0.0175	0.0276	0.0362	0.0064	0.0109	0.0308	0.0149	0.0301	0.0672	0.0629	0.0440	0.0548	0.0765	0.0738	0.0865	0.0920	0.1018	0.0875	0.1000	0.0926	0.0860	0.0933	0.1096	0.0913	0.0863	0.0843	0.0850	0.0863	0.0880	0.1205	0.1178	0.1212	0.1163	0.0799	0.0866	0.1087	0.1000	0.0921	0.0874	0.0789	0.0997	0.0959	0.1174	0.0863	0.0953	0.0936	0.0926	0.1121	0.1304	0.1179	0.1225	0.1317	0.1486	0.1466	0.1503	0.1565	0.2034	0.2679	0.2116	0.1926	0.3395	0.2726	0.2012	0.1864	0.2689	0.2538	0.1860
0.0039	0.0133	0.0309	0.0331	0.0381	0.0299	0.0324	0.0548	0.0523	0.0262	0.0270	0.0517	0.0949	0.0869	0.0672	0.0714	0.0714	0.0941	0.0861	0.1023	0.1162	0.0974	0.0884	0.0995	0.1173	0.1132	0.1013	0.0782	0.1069	0.1139	0.0908	0.1113	0.1279	0.1304	0.1031	0.1018	0.1140	0.1092	0.0914	0.0923	0.0953	0.1090	0.1031	0.0940	0.1103	0.1018	0.1029	0.1107	0.1111	0.1212	0.1277	0.1348	0.1338	0.1496	0.1712	0.2000	0.1955	0.2034	0.2364	0.3684	0.3668	0.3426	0.3942	0.4054	0.2777	0.2229	0.2978	0.3218	0.2317
0.0000	0.0195	0.0468	0.0645	0.0270	0.0176	0.0431	0.0626	0.0504	0.0419	0.0818	0.0837	0.0986	0.0820	0.0696	0.0693	0.0907	0.0930	0.0869	0.1061	0.1247	0.1220	0.1086	0.0852	0.1001	0.1406	0.1034	0.1019	0.1133	0.1266	0.1176	0.1025	0.1296	0.1362	0.1278	0.1175	0.1056	0.1318	0.1087	0.0808	0.0957	0.1019	0.1087	0.1085	0.0951	0.0971	0.1093	0.1175	0.1312	0.1302	0.1450	0.1641	0.1873	0.2008	0.2516	0.3336	0.3066	0.2127	0.2664	0.3285	0.3982	0.4544	0.4255	0.4662	0.3515	0.2499	0.3047	0.3374	0.3124
0.0072	0.0307	0.0454	0.0456	0.0363	0.0261	0.0355	0.0482	0.0465	0.0535	0.0701	0.0657	0.0754	0.0791	0.0882	0.1009	0.0917	0.1060	0.0892	0.0929	0.1276	0.1249	0.1253	0.0924	0.1049	0.1527	0.1099	0.1078	0.1129	0.1107	0.1224	0.0971	0.1130	0.1329	0.1354	0.1309	0.1081	0.1387	0.1224	0.1128	0.1082	0.1032	0.1253	0.1193	0.1011	0.1448	0.1345	0.1481	0.1605	0.1600	0.1733	0.2021	0.2222	0.3412	0.4849	0.5821	0.4677	0.3418	0.3769	0.3779	0.3711	0.4415	0.4712	0.4227	0.4151	0.3137	0.3144	0.3778	0.4212
0.0000	0.0312	0.0410	0.0323	0.0530	0.0378	0.0546	0.0661	0.0671	0.0727	0.0896	0.0794	0.0835	0.1004	0.0980	0.0911	0.0915	0.1018	0.1021	0.1242	0.1148	0.1224	0.1147	0.1049	0.1230	0.1182	0.1167	0.1331	0.1409	0.1147	0.1215	0.1253	0.1410	0.1482	0.1574	0.1321	0.1331	0.1255	0.1375	0.1349	0.1186	0.1290	0.1468	0.1238	0.1440	0.1629	0.1595	0.1735	0.2059	0.2151	0.2418	0.2462	0.3054	0.4987	0.6172	0.6092	0.5847	0.5237	0.5457	0.4806	0.3741	0.4544	0.4519	0.4351	0.4619	0.3834	0.3160	0.3997	0.4752
0.0007	0.0113	0.0202	0.0382	0.0575	0.0516	0.0594	0.0885	0.0901	0.1052	0.1127	0.0955	0.0961	0.1023	0.1169	0.1087	0.1083	0.1049	0.1291	0.1321	0.1230	0.1390	0.1169	0.1310	0.1231	0.1279	0.1211	0.1357	0.1211	0.1298	0.1221	0.1117	0.1315	0.1772	0.1753	0.1547	0.1476	0.1450	0.1327	0.1374	0.1282	0.1431	0.1541	0.1501	0.1638	0.1806	0.2077	0.1979	0.2340	0.2547	0.2669	0.3017	0.3466	0.5266	0.6637	0.6005	0.6206	0.5455	0.5211	0.5240	0.5201	0.5240	0.5062	0.4948	0.4508	0.4214	0.3721	0.3801	0.4666
0.0187	0.0186	0.0628	0.0453	0.0627	0.0626	0.0586	0.0886	0.0858	0.1063	0.0893	0.0805	0.0866	0.1001	0.1079	0.1215	0.1130	0.1135	0.1646	0.1362	0.1547	0.1610	0.1408	0.1465	0.1501	0.1558	0.1451	0.1391	0.1470	0.1402	0.1240	0.1426	0.1598	0.1601	0.1792	0.1517	0.1605	0.1555	0.1648	0.1406	0.1416	0.1553	0.1794	0.1766	0.1943	0.2053	0.2616	0.2833	0.2682	0.2951	0.3231	0.3695	0.3640	0.5037	0.6405	0.6479	0.6629	0.5617	0.5421	0.5793	0.5595	0.5429	0.5190	0.5144	0.4702	0.4252	0.4085	0.3685	0.3695
0.0162	0.0109	0.0656	0.0481	0.0541	0.0589	0.0598	0.0957	0.0802	0.0665	0.1037	0.1088	0.1202	0.1088	0.1223	0.1455	0.1406	0.1368	0.1514	0.1593	0.1677	0.1507	0.1662	0.1540	0.1779	0.1620	0.1720	0.1595	0.1679	0.1643	0.1633	0.1570	0.1829	0.1802	0.1850	0.1632	0.1811	0.2029	0.2183	0.1820	0.1894	0.1907	0.2282	0.2097	0.2217	0.2612	0.2822	0.2977	0.2896	0.3327	0.3469	0.3512	0.3949	0.5192	0.5933	0.6761	0.7122	0.6094	0.6012	0.5898	0.5469	0.5184	0.4984	0.5056	0.5090	0.4647	0.4251	0.4195	0.3586
0.0196	0.0166	0.0425	0.0674	0.0611	0.0512	0.0739	0.1077	0.1285	0.0809	0.1085	0.1195	0.1304	0.1265	0.1245	0.1563	0.1783	0.1793	0.1707	0.2012	0.2104	0.2162	0.1989	0.2096	0.2159	0.2162	0.1884	0.1791	0.2178	0.2105	0.2119	0.2125	0.2210	0.2428	0.2369	0.2305	0.2395	0.2464	0.2478	0.2368	0.2346	0.2266	0.2468	0.2466	0.2384	0.2759	0.3071	0.2991	0.3343	0.3496	0.3400	0.3391	0.4065	0.4609	0.4885	0.6224	0.6816	0.6255	0.6337	0.6070	0.5088	0.5504	0.5564	0.5384	0.5557	0.4881	0.4658	0.4671	0.4313
0.0328	0.0544	0.0604	0.0944	0.0730	0.0589	0.0842	0.1070	0.1218	0.1210	0.1287	0.1557	0.1638	0.1861	0.1646	0.2015	0.2734	0.2626	0.2433	0.2732	0.2620	0.2828	0.3045	0.2764	0.3112	0.2994	0.2824	0.2811	0.2780	0.2882	0.2755	0.3054	0.3244	0.3763	0.3704	0.3652	0.3254	0.2816	0.2642	0.2669	0.2576	0.2699	0.2992	0.2745	0.2710	0.2794	0.3020	0.3212	0.3615	0.3544	0.3640	0.4230	0.4215	0.4417	0.4496	0.4926	0.5369	0.6266	0.6213	0.6020	0.5436	0.5135	0.4910	0.5344	0.5266	0.5141	0.4981	0.4472	0.4138
0.0223	0.0565	0.0700	0.1082	0.1058	0.0776	0.1324	0.1545	0.1853	0.1678	0.1501	0.2164	0.2338	0.2532	0.2715	0.2797	0.4203	0.4233	0.4271	0.4154	0.4726	0.4840	0.4302	0.4711	0.5502	0.4715	0.3999	0.3765	0.4554	0.4267	0.4021	0.4630	0.5487	0.6811	0.7029	0.6308	0.5435	0.4951	0.3795	0.2922	0.2887	0.2930	0.3219	0.3193	0.3069	0.3165	0.3218	0.3549	0.4091	0.3828	0.3980	0.4136	0.4443	0.4023	0.4318	0.5353	0.6869	0.7150	0.6090	0.5779	0.5276	0.5028	0.5246	0.5098	0.4829	0.4550	0.4807	0.4302	0.4095
0.0364	0.0639	0.0849	0.0990	0.1635	0.1662	0.2057	0.2396	0.2933	0.2517	0.3084	0.3122	0.3016	0.3597	0.5098	0.5860	0.7049	0.7667	0.7400	0.7078	0.7374	0.7453	0.6949	0.7004	0.7391	0.6441	0.6037	0.5390	0.6108	0.5944	0.5798	0.6693	0.7431	0.8068	0.7848	0.7440	0.7229	0.6950	0.5108	0.3062	0.2970	0.2916	0.3306	0.3300	0.3201	0.3630	0.3539	0.3816	0.4004	0.4432	0.4577	0.4456	0.4477	0.4220	0.4555	0.5710	0.6527	0.6334	0.6443	0.5851	0.5184	0.4552	0.5155	0.5020	0.4350	0.4368	0.4176	0.3968	0.4120
0.0439	0.0769	0.0973	0.1450	0.2033	0.2451	0.3141	0.3866	0.4332	0.4729	0.5943	0.6250	0.6180	0.6413	0.7534	0.8095	0.7410	0.7880	0.7565	0.7932	0.8210	0.7877	0.7884	0.7813	0.7117	0.6790	0.7079	0.6716	0.6629	0.6587	0.6918	0.7486	0.7524	0.7386	0.7579	0.7431	0.7251	0.7094	0.6526	0.3690	0.3082	0.3308	0.3722	0.3715	0.3574	0.3640	0.3897	0.4513	0.4661	0.5071	0.5043	0.5778	0.5840	0.5882	0.5819	0.5478	0.5186	0.5667	0.6218	0.6110	0.5577	0.4666	0.4815	0.4914	0.4024	0.3712	0.4000	0.4031	0.3848
0.1285	0.1653	0.1759	0.2405	0.3531	0.4701	0.5758	0.7203	0.7685	0.7265	0.8002	0.7455	0.6968	0.6710	0.6343	0.6653	0.6354	0.6555	0.7106	0.7458	0.7701	0.7572	0.7279	0.7324	0.6609	0.6274	0.6737	0.6493	0.6166	0.6710	0.7013	0.7154	0.6999	0.6938	0.7231	0.7279	0.7022	0.6947	0.6968	0.5477	0.3969	0.3620	0.3891	0.4020	0.3928	0.4476	0.5896	0.5937	0.6679	0.6318	0.5986	0.6842	0.6993	0.6989	0.6433	0.5868	0.4866	0.5105	0.6218	0.5559	0.4897	0.4695	0.4984	0.4710	0.3977	0.3453	0.3831	0.3818	0.3536
0.1290	0.2193	0.3230	0.4689	0.5971	0.7100	0.6896	0.6960	0.7099	0.6610	0.6459	0.6106	0.5809	0.5576	0.5419	0.6113	0.6728	0.6428	0.6718	0.6811	0.6868	0.6952	0.6950	0.6793	0.6424	0.6517	0.6558	0.6256	0.6235	0.6631	0.6491	0.6608	0.6765	0.7129	0.7232	0.7226	0.6602	0.6449	0.6529	0.6516	0.4793	0.3794	0.4271	0.4517	0.4588	0.5820	0.6707	0.6506	0.7383	0.7348	0.6879	0.7154	0.6554	0.6256	0.6361	0.6130	0.5219	0.5061	0.5649	0.5466	0.5032	0.4296	0.4491	0.4296	0.3899	0.3448	0.3634	0.3520	0.3526
0.1938	0.3058	0.4235	0.5080	0.4655	0.5495	0.5468	0.5364	0.5274	0.5556	0.5225	0.4723	0.5252	0.5011	0.5569	0.6000	0.6603	0.6913	0.7050	0.6879	0.6840	0.6943	0.6391	0.6917	0.6432	0.6341	0.6870	0.6734	0.6554	0.6578	0.6493	0.6727	0.6910	0.7545	0.6980	0.6794	0.6368	0.6321	0.6011	0.6444	0.6082	0.4714	0.4601	0.4904	0.6194	0.6850	0.6170	0.5528	0.6654	0.6964	0.6061	0.5840	0.5605	0.5866	0.5809	0.5448	0.5100	0.4856	0.4976	0.4936	0.4501	0.4340	0.4369	0.4417	0.4053	0.3979	0.3736	0.3611	0.3310
0.2543	0.3089	0.2866	0.3140	0.3934	0.4389	0.4239	0.3990	0.3947	0.4334	0.4705	0.4730	0.5483	0.5426	0.5219	0.6047	0.6212	0.6875	0.6653	0.6231	0.6636	0.6251	0.6124	0.6639	0.6305	0.6156	0.5901	0.6806	0.6712	0.6619	0.7023	0.6911	0.7049	0.7387	0.6664	0.6761	0.6453	0.6426	0.5825	0.6523	0.6688	0.5136	0.5348	0.6237	0.6729	0.6614	0.6094	0.5303	0.5369	0.6405	0.6383	0.5734	0.5182	0.5822	0.5382	0.5140	0.4796	0.4516	0.4448	0.4367	0.4057	0.4498	0.4499	0.4204	0.3973	0.3964	0.3856	0.3476	0.3400
0.2219	0.2894	0.3474	0.3225	0.3224	0.3172	0.3394	0.3866	0.4182	0.4481	0.4684	0.4667	0.5710	0.6060	0.5578	0.5954	0.6591	0.6683	0.6682	0.6683	0.6616	0.6566	0.6525	0.6251	0.5892	0.6145	0.6115	0.6423	0.6671	0.6521	0.6544	0.6667	0.6592	0.6841	0.6755	0.6813	0.6285	0.6765	0.6511	0.7080	0.7232	0.6291	0.6552	0.6970	0.6832	0.6238	0.6029	0.5287	0.5272	0.5680	0.5987	0.5227	0.4947	0.5273	0.4797	0.4928	0.4947	0.4521	0.4048	0.4156	0.4077	0.4366	0.4159	0.4023	0.3933	0.4100	0.3793	0.3473	0.3507
0.2330	0.2579	0.2914	0.3060	0.3053	0.3461	0.3535	0.3780	0.3850	0.4271	0.4897	0.4503	0.5430	0.5752	0.5681	0.6410	0.6628	0.6595	0.6366	0.6503	0.6313	0.6593	0.6571	0.6613	0.6037	0.5631	0.6104	0.6251	0.6271	0.6369	0.6330	0.6213	0.6594	0.6949	0.6197	0.6521	0.6705	0.7021	0.6611	0.6484	0.7196	0.6494	0.6778	0.6728	0.6790	0.6297	0.5867	0.5692	0.5690	0.5367	0.5549	0.5014	0.5180	0.4835	0.4471	0.5021	0.5040	0.4328	0.4196	0.4307	0.4048	0.4272	0.4379	0.4145	0.3860	0.3947	0.3943	0.3498	0.3528
0.2166	0.2261	0.2925	0.3183	0.3130	0.3854	0.3870	0.3988	0.3539	0.3829	0.4428	0.4394	0.4945	0.4923	0.4842	0.5621	0.6377	0.6534	0.6769	0.6511	0.6460	0.6879	0.6323	0.5930	0.6356	0.5743	0.6191	0.6370	0.6238	0.6222	0.6257	0.6544	0.6483	0.6131	0.6343	0.6019	0.6299	0.6241	0.5992	0.5919	0.6503	0.6290	0.6221	0.6079	0.6337	0.5838	0.6009	0.5401	0.4859	0.5233	0.4921	0.4550	0.4700	0.5100	0.4801	0.4860	0.4644	0.4564	0.4542	0.4290	0.4174	0.4414	0.4260	0.4053	0.3675	0.3600	0.3284	0.3350	0.3493
0.2484	0.2289	0.3009	0.3332	0.3142	0.4217	0.4028	0.4142	0.4211	0.4398	0.4559	0.4635	0.4664	0.4997	0.4946	0.5160	0.5519	0.6159	0.6703	0.6535	0.6418	0.6518	0.6417	0.6295	0.6239	0.6076	0.5897	0.5972	0.6369	0.6269	0.6039	0.6009	0.6093	0.6115	0.6179	0.6298	0.6281	0.6039	0.5884	0.6301	0.5943	0.5968	0.6041	0.5296	0.5792	0.5221	0.5040	0.4826	0.4970	0.5090	0.4761	0.4671	0.4551	0.5081	0.5012	0.4730	0.4477	0.4402	0.4542	0.4440	0.4240	0.4273	0.4707	0.3874	0.4044	0.3643	0.3438	0.3610	0.3170
0.2439	0.2396	0.3171	0.3477	0.3513	0.3787	0.3886	0.4208	0.4464	0.4280	0.4798	0.4951	0.5139	0.5174	0.4964	0.5408	0.5546	0.5437	0.5873	0.6220	0.6811	0.6145	0.5900	0.5964	0.5715	0.5616	0.5578	0.5530	0.5879	0.6033	0.5951	0.5686	0.5896	0.5898	0.5796	0.5596	0.5583	0.5545	0.5750	0.5696	0.5968	0.5603	0.5127	0.5378	0.5376	0.5258	0.5051	0.5169	0.5183	0.4958	0.5100	0.4707	0.4695	0.4753	0.4955	0.4871	0.4644	0.4888	0.4726	0.4638	0.4233	0.4336	0.4353	0.3914	0.4201	0.3966	0.3632	0.3334	0.3238
0.2164	0.2607	0.3166	0.3617	0.3345	0.3466	0.3833	0.4275	0.4191	0.4234	0.4775	0.4869	0.5195	0.4972	0.5233	0.5663	0.5646	0.5354	0.5839	0.5971	0.6072	0.5793	0.5623	0.5849	0.5839	0.5559	0.5759	0.5785	0.5396	0.5843	0.5821	0.5674	0.5820	0.5941	0.5607	0.5546	0.5342	0.5486	0.5810	0.5592	0.5670	0.5109	0.5307	0.5276	0.5418	0.4989	0.4913	0.5041	0.5204	0.5006	0.5049	0.4968	0.4797	0.4714	0.4707	0.4889	0.4462	0.4487	0.4811	0.4508	0.4258	0.4191	0.4470	0.4064	0.3684	0.3726	0.3511	0.3470	0.3266
0.2344	0.2578	0.2942	0.3391	0.3337	0.3703	0.4013	0.4254	0.4098	0.4720	0.4562	0.4756	0.5105	0.5102	0.5611	0.5498	0.5501	0.5652	0.5599	0.6080	0.5737	0.5956	0.5788	0.5845	0.5925	0.5706	0.5692	0.5414	0.5585	0.5944	0.5971	0.6204	0.5660	0.5666	0.5379	0.5593	0.5076	0.5191	0.5334	0.5280	0.5246	0.5380	0.5762	0.5100	0.4952	0.5059	0.5069	0.5133	0.5313	0.4732	0.5032	0.5042	0.5387	0.4950	0.4797	0.5051	0.5060	0.4544	0.4629	0.4712	0.4609	0.4714	0.4475	0.3939	0.3887	0.3863	0.3687	0.3773	0.3360
0.2075	0.2576	0.2978	0.3166	0.3395	0.3636	0.4208	0.4120	0.4315	0.4566	0.4536	0.4616	0.4574	0.5078	0.5124	0.5455	0.5731	0.6093	0.6234	0.5993	0.6392	0.6278	0.6054	0.6226	0.6231	0.5726	0.5950	0.5882	0.5690	0.5502	0.6112	0.6141	0.6023	0.5631	0.5595	0.5783	0.5609	0.5651	0.5211	0.5102	0.5254	0.5395	0.5696	0.5246	0.5179	0.5208	0.5462	0.5336	0.5296	0.4985	0.4884	0.4653	0.5041	0.4896	0.5082	0.4830	0.4847	0.4614	0.4613	0.4686	0.4496	0.4540	0.4220	0.3987	0.4141	0.3791	0.3778	0.3513	0.3325
0.2191	0.2572	0.3478	0.3489	0.3602	0.3763	0.3948	0.4170	0.4805	0.4280	0.4562	0.5107	0.4972	0.5227	0.5136	0.5440	0.5978	0.6290	0.6125	0.6393	0.6180	0.6286	0.6153	0.6242	0.6156	0.5984	0.5940	0.6337	0.6333	0.6275	0.5846	0.6032	0.6832	0.6256	0.5817	0.5949	0.5939	0.6092	0.5665	0.5612	0.5584	0.5953	0.5825	0.5814	0.5747	0.5166	0.5576	0.5312	0.4912	0.5206	0.5363	0.4997	0.4860	0.4795	0.5103	0.4997	0.4837	0.4462	0.4140	0.4605	0.4609	0.4330	0.4044	0.4014	0.4188	0.4028	0.4008	0.3985	0.3853
0.2058	0.2715	0.2897	0.3057	0.3333	0.3456	0.3886	0.4282	0.4861	0.4995	0.5438	0.5446	0.5337	0.5199	0.5178	0.5310	0.5802	0.5994	0.6232	0.6368	0.6306	0.6527	0.6231	0.6231	0.6280	0.5985	0.5642	0.5906	0.6093	0.6157	0.6168	0.6224	0.6415	0.6486	0.6401	0.6528	0.6488	0.6125	0.5816	0.6324	0.5746	0.6457	0.6286	0.5855	0.5659	0.5496	0.5820	0.5577	0.5373	0.5689	0.5456	0.5195	0.5333	0.5080	0.4930	0.4834	0.4847	0.4873	0.4614	0.4686	0.4499	0.4302	0.4044	0.4033	0.4160	0.3740	0.3666	0.3550	0.3476
0.1593	0.2373	0.2351	0.3009	0.3252	0.3377	0.3458	0.4332	0.4956	0.4718	0.4920	0.5226	0.5257	0.5049	0.5423	0.5456	0.6122	0.5829	0.6391	0.6706	0.6777	0.6691	0.6197	0.6577	0.6369	0.6333	0.5723	0.6073	0.6323	0.6081	0.6276	0.6300	0.6513	0.6197	0.6633	0.6558	0.6427	0.6254	0.6519	0.6455	0.6239	0.6301	0.6687	0.6209	0.6155	0.6105	0.5935	0.5995	0.5561	0.5397	0.5470	0.5073	0.5229	0.5148	0.5408	0.4863	0.4650	0.4808	0.4754	0.4630	0.4527	0.4372	0.4770	0.4597	0.4005	0.3810	0.3658	0.3452	0.3522
0.1895	0.2546	0.2610	0.2967	0.3333	0.3592	0.4191	0.4215	0.4895	0.5007	0.4932	0.5215	0.5361	0.5073	0.5148	0.5631	0.6015	0.5818	0.6405	0.6618	0.6692	0.6689	0.6545	0.6938	0.6385	0.6121	0.6139	0.6121	0.5951	0.6065	0.6373	0.6341	0.6355	0.6276	0.6684	0.6653	0.6811	0.6840	0.6649	0.6458	0.6946	0.7325	0.7411	0.7026	0.6587	0.5843	0.6254	0.6146	0.5817	0.5839	0.5647	0.5412	0.5589	0.5182	0.5212	0.5147	0.4926	0.4660	0.4519	0.4407	0.4287	0.4505	0.4697	0.4299	0.4048	0.4079	0.3823	0.3479	0.3598
0.2043	0.2452	0.3107	0.3366	0.3633	0.3502	0.4090	0.4561	0.4808	0.5248	0.5185	0.5447	0.5541	0.5802	0.5338	0.5978	0.5572	0.5966	0.6075	0.6616	0.6750	0.6368	0.6281	0.6298	0.6512	0.6245	0.6338	0.6288	0.6211	0.6268	0.6626	0.6433	0.6634	0.6887	0.6805	0.7125	0.6768	0.6845	0.6940	0.7176	0.7691	0.8330	0.7240	0.7491	0.7155	0.6975	0.7203	0.6491	0.6317	0.6186	0.6036	0.5592	0.5379	0.5153	0.5239	0.5178	0.4797	0.4554	0.4694	0.4629	0.4618	0.4280	0.4226	0.4392	0.4128	0.4012	0.3934	0.3666	0.3858
0.2093	0.2611	0.2744	0.2788	0.3204	0.3216	0.3696	0.4753	0.4842	0.4482	0.5155	0.5595	0.5787	0.6143	0.5757	0.5842	0.5847	0.6408	0.6259	0.6932	0.6780	0.6400	0.6502	0.7013	0.7335	0.6703	0.6624	0.6355	0.6390	0.6563	0.6309	0.6509	0.6707	0.6751	0.7295	0.7113	0.6920	0.7330	0.7863	0.7605	0.8154	0.8234	0.7886	0.7029	0.7681	0.7780	0.7432	0.7183	0.6527	0.6822	0.6279	0.5858	0.5950	0.5915	0.5402	0.5192	0.4842	0.4986	0.4913	0.4860	0.4647	0.4406	0.4431	0.4451	0.4431	0.4143	0.3935	0.3766	0.3745
0.2243	0.2628	0.2536	0.2642	0.3111	0.3703	0.3984	0.4384	0.4610	0.4618	0.5481	0.5665	0.6056	0.6256	0.5796	0.6160	0.5921	0.6162	0.6558	0.6966	0.6601	0.6715	0.6849	0.6838	0.7426	0.6698	0.6605	0.6690	0.6973	0.6757	0.6826	0.6693	0.6970	0.7324	0.7542	0.7429	0.7374	0.7490	0.7628	0.7657	0.7982	0.7906	0.8218	0.6208	0.6494	0.7056	0.7382	0.7619	0.7340	0.7007	0.6619	0.6031	0.5718	0.5787	0.5620	0.5347	0.4885	0.4777	0.4364	0.4482	0.4589	0.4426	0.4526	0.4524	0.4328	0.3883	0.3937	0.3979	0.3773
0.2368	0.2463	0.2778	0.2853	0.3498	0.3560	0.3797	0.4658	0.4599	0.4854	0.5319	0.5743	0.5851	0.5803	0.6164	0.6501	0.6393	0.7243	0.7225	0.7145	0.7076	0.7030	0.6750	0.6917	0.6555	0.6422	0.6744	0.6995	0.7127	0.7164	0.6895	0.6793	0.7156	0.7190	0.7210	0.7419	0.7827	0.7554	0.7264	0.6864	0.5774	0.7201	0.7651	0.6191	0.4438	0.4943	0.5502	0.6507	0.7799	0.7273	0.6707	0.6114	0.6095	0.6037	0.5785	0.5948	0.5324	0.4906	0.5003	0.4481	0.4349	0.4378	0.4375	0.4245	0.4228	0.4016	0.3842	0.3731	0.3890
0.2858	0.3197	0.3530	0.3900	0.3769	0.4341	0.5061	0.4574	0.4360	0.4696	0.5290	0.5505	0.5917	0.6107	0.6851	0.6953	0.7330	0.7719	0.7561	0.7666	0.7669	0.7782	0.7213	0.7472	0.7031	0.7093	0.6909	0.7155	0.6756	0.6249	0.7053	0.7120	0.6977	0.7032	0.7145	0.7219	0.7384	0.7101	0.7149	0.6599	0.4890	0.5263	0.7782	0.6939	0.4034	0.4076	0.5168	0.7238	0.7855	0.7419	0.7100	0.6709	0.6773	0.6517	0.6287	0.6246	0.5976	0.5472	0.5250	0.4605	0.4578	0.4630	0.4407	0.4195	0.4598	0.4113	0.4102	0.3785	0.3825
0.2631	0.4421	0.5279	0.5331	0.5299	0.5727	0.5896	0.6168	0.5971	0.5704	0.5763	0.6213	0.6066	0.5959	0.6409	0.6786	0.7596	0.7679	0.7332	0.7179	0.7498	0.7713	0.7761	0.7118	0.7678	0.7426	0.7260	0.7029	0.6969	0.6784	0.6948	0.6986	0.7008	0.6879	0.7218	0.7423	0.7027	0.7285	0.7291	0.5637	0.3984	0.4217	0.5927	0.6073	0.3874	0.4033	0.5068	0.7026	0.8467	0.7830	0.7093	0.7096	0.6692	0.6768	0.6332	0.6389	0.6208	0.5937	0.5419	0.4926	0.5036	0.4788	0.4832	0.4540	0.4615	0.4378	0.3981	0.4110	0.4057
0.1846	0.3768	0.5559	0.6630	0.7075	0.8046	0.8528	0.7839	0.8141	0.7422	0.7286	0.7520	0.6828	0.6353	0.6603	0.6851	0.7192	0.7497	0.7319	0.7443	0.7589	0.7628	0.7426	0.7188	0.6917	0.6930	0.7036	0.6665	0.7012	0.6828	0.6820	0.6555	0.6856	0.7064	0.6776	0.6930	0.6946	0.7057	0.6580	0.3954	0.3340	0.3593	0.4065	0.4389	0.4048	0.4281	0.4843	0.6691	0.8613	0.8164	0.7623	0.7543	0.7556	0.7183	0.6872	0.6875	0.6258	0.6021	0.6025	0.5830	0.5498	0.5239	0.5202	0.4759	0.4937	0.4695	0.4311	0.4358	0.3813
0.1014	0.1765	0.2282	0.3145	0.4213	0.5924	0.7426	0.8388	0.8684	0.8878	1.0000	0.8824	0.7924	0.7988	0.8110	0.7718	0.7378	0.7198	0.7304	0.7982	0.8104	0.7798	0.7328	0.7602	0.7204	0.6849	0.6920	0.6362	0.7191	0.6855	0.6962	0.6646	0.6402	0.6966	0.6782	0.6995	0.6971	0.6372	0.4642	0.3331	0.3296	0.3365	0.3706	0.3659	0.3914	0.4206	0.5081	0.7585	0.8782	0.8190	0.7538	0.7787	0.7535	0.7946	0.7345	0.6957	0.6634	0.6164	0.6125	0.5935	0.5625	0.5555	0.5539	0.4962	0.4974	0.5092	0.4703	0.4669	0.4213
0.0498	0.0768	0.1488	0.1513	0.1695	0.2310	0.2858	0.4025	0.5388	0.6487	0.7198	0.7295	0.8447	0.8632	0.8851	0.8729	0.7986	0.7907	0.8296	0.8160	0.9067	0.8057	0.7848	0.8262	0.7884	0.7136	0.6741	0.6706	0.7022	0.7271	0.7462	0.6971	0.7124	0.7188	0.6846	0.6825	0.5390	0.4220	0.3303	0.3178	0.3162	0.3272	0.3504	0.3500	0.3727	0.4091	0.5012	0.7545	0.8618	0.7831	0.7601	0.7571	0.7325	0.7360	0.6029	0.6668	0.7638	0.6571	0.6196	0.6335	0.6335	0.6028	0.5688	0.5186	0.5016	0.5050	0.4710	0.4562	0.4518
0.0191	0.0383	0.0974	0.0875	0.1092	0.1322	0.1500	0.1732	0.1976	0.2467	0.3002	0.3562	0.4809	0.5652	0.6652	0.7615	0.8175	0.8778	0.9024	0.8337	0.8450	0.8801	0.8586	0.8297	0.8342	0.7865	0.7625	0.7405	0.7284	0.7689	0.7221	0.6871	0.7086	0.7670	0.5650	0.4093	0.2926	0.2975	0.2789	0.2807	0.3131	0.2989	0.3139	0.3315	0.3406	0.3718	0.4326	0.6098	0.7983	0.8121	0.7499	0.6831	0.5210	0.5210	0.5136	0.6789	0.8230	0.7297	0.6806	0.6843	0.6544	0.5749	0.5814	0.5903	0.5332	0.5757	0.5445	0.4871	0.4992
0.0080	0.0403	0.0549	0.0483	0.0712	0.0890	0.0983	0.1040	0.1220	0.1563	0.1711	0.1612	0.2071	0.2386	0.2861	0.4114	0.5885	0.6527	0.5958	0.7250	0.7869	0.7927	0.8320	0.8617	0.7799	0.6988	0.6475	0.5698	0.5697	0.5878	0.5337	0.4737	0.4325	0.4057	0.3010	0.2525	0.2520	0.2765	0.2674	0.2491	0.2613	0.2789	0.2824	0.2891	0.2973	0.3247	0.3486	0.3816	0.4884	0.5650	0.5547	0.5100	0.4003	0.4112	0.4347	0.5716	0.7921	0.7694	0.7027	0.7175	0.6351	0.6217	0.6272	0.5992	0.5700	0.6574	0.5744	0.5104	0.4995
0.0146	0.0256	0.0413	0.0667	0.0583	0.0614	0.0851	0.0719	0.0842	0.1023	0.1295	0.1436	0.1333	0.1169	0.1384	0.1788	0.2402	0.2342	0.2762	0.3516	0.5171	0.7229	0.6998	0.6621	0.5040	0.4218	0.3970	0.2236	0.2449	0.2327	0.2454	0.2438	0.2337	0.2276	0.2122	0.2049	0.2245	0.2426	0.2362	0.2272	0.2119	0.2356	0.2711	0.2655	0.2567	0.2893	0.3074	0.3139	0.3414	0.3696	0.3898	0.3991	0.3993	0.4055	0.4416	0.4863	0.6549	0.7558	0.7067	0.7141	0.6434	0.6233	0.6230	0.6042	0.5887	0.6009	0.5808	0.5513	0.4945
0.0142	0.0170	0.0515	0.0502	0.0520	0.0916	0.0881	0.0736	0.0881	0.0804	0.1015	0.0919	0.1059	0.1020	0.1022	0.1295	0.1374	0.1518	0.1798	0.1664	0.2268	0.3357	0.2853	0.2088	0.1784	0.1634	0.1532	0.1593	0.1582	0.1642	0.1731	0.1803	0.1728	0.1564	0.1746	0.1782	0.1826	0.1869	0.1831	0.1738	0.1776	0.1963	0.2211	0.2320	0.2216	0.2506	0.2540	0.2804	0.2942	0.3114	0.3278	0.3504	0.3869	0.3790	0.4078	0.4306	0.6356	0.7583	0.6938	0.7063	0.7104	0.6496	0.6459	0.6016	0.4947	0.4789	0.5479	0.5420	0.5280
0.0298	0.0305	0.0393	0.0283	0.0533	0.0716	0.0662	0.0712	0.0857	0.0933	0.0857	0.0873	0.0928	0.0915	0.0885	0.1151	0.1179	0.1268	0.1295	0.1357	0.1308	0.1427	0.1490	0.1221	0.1258	0.1360	0.1227	0.1186	0.1367	0.1338	0.1295	0.1278	0.1138	0.1236	0.1373	0.1258	0.1318	0.1500	0.1356	0.1368	0.1475	0.1531	0.1561	0.1744	0.1967	0.1968	0.1936	0.2067	0.2313	0.2362	0.2772	0.2899	0.3189	0.3347	0.3487	0.3748	0.5163	0.6952	0.6994	0.6947	0.6669	0.6429	0.6118	0.4802	0.3590	0.4537	0.5332	0.5450	0.5116
0.0000	0.0345	0.0298	0.0271	0.0349	0.0423	0.0369	0.0776	0.0701	0.0447	0.0561	0.0892	0.0898	0.0834	0.0829	0.1011	0.1038	0.1077	0.1113	0.1074	0.1042	0.1045	0.1099	0.1021	0.1151	0.1121	0.0967	0.1150	0.1180	0.1168	0.1045	0.0960	0.1054	0.1024	0.1034	0.1156	0.1069	0.1161	0.1057	0.1006	0.1074	0.1152	0.1235	0.1223	0.1495	0.1527	0.1601	0.1623	0.1750	0.1858	0.2141	0.2027	0.2291	0.2548	0.2754	0.3131	0.3504	0.4340	0.4651	0.5299	0.5937	0.5484	0.4454	0.3422	0.3035	0.3581	0.4327	0.4782	0.3678
0.0000	0.0052	0.0252	0.0347	0.0373	0.0266	0.0465	0.0755	0.0609	0.0456	0.0497	0.0634	0.0942	0.0735	0.0678	0.1008	0.0849	0.0911	0.0855	0.0864	0.1086	0.0988	0.0861	0.0930	0.0926	0.0913	0.0875	0.0961	0.1026	0.1040	0.0960	0.0970	0.0923	0.0918	0.0936	0.0937	0.0872	0.0942	0.0986	0.0809	0.0963	0.0895	0.1040	0.1147	0.1265	0.1264	0.1266	0.1336	0.1336	0.1389	0.1605	0.1675	0.1674	0.1831	0.2155	0.2330	0.2439	0.2367	0.2672	0.3215	0.3422	0.3383	0.2954	0.2722	0.2625	0.2719	0.3024	0.3128	0.3201
0.0000	0.0010	0.0228	0.0298	0.0312	0.0479	0.0474	0.0551	0.0547	0.0589	0.0622	0.0588	0.0678	0.0544	0.0601	0.1115	0.0882	0.0805	0.0780	0.0797	0.0967	0.0891	0.0843	0.0833	0.0949	0.0859	0.0863	0.0849	0.0869	0.0800	0.0795	0.0760	0.0913	0.0812	0.0733	0.0713	0.0711	0.0847	0.0933	0.0710	0.0721	0.0748	0.0827	0.0847	0.0887	0.0947	0.1002	0.0996	0.1043	0.1129	0.1140	0.1227	0.1306	0.1358	0.1564	0.1811	0.2058	0.1793	0.2037	0.2324	0.2195	0.2246	0.2281	0.2273	0.2253	0.2470	0.2514	0.2377	0.2420
0.0000	0.0000	0.0051	0.0023	0.0078	0.0183	0.0406	0.0297	0.0415	0.0468	0.0642	0.0627	0.0490	0.0477	0.0655	0.0856	0.0947	0.0913	0.0729	0.0754	0.0873	0.0719	0.0755	0.0803	0.0814	0.0897	0.0839	0.0895	0.0787	0.0723	0.0701	0.0688	0.0855	0.0871	0.0706	0.0671	0.0848	0.0726	0.0777	0.0803	0.0768	0.0797	0.0833	0.0810	0.0757	0.0888	0.0846	0.0830	0.0852	0.0956	0.0988	0.1002	0.0884	0.0968	0.1333	0.1329	0.1297	0.1230	0.1407	0.1676	0.1620	0.1620	0.1524	0.1670	0.1819	0.2103	0.1885	0.1912	0.1932
0.0000	0.0000	0.0000	0.0038	0.0056	0.0025	0.0175	0.0414	0.0502	0.0458	0.0354	0.0511	0.0565	0.0483	0.0541	0.0639	0.0765	0.0628	0.0741	0.0840	0.0799	0.0757	0.0717	0.0621	0.0674	0.0812	0.0602	0.0714	0.0778	0.0686	0.0684	0.0728	0.0554	0.0710	0.0811	0.0781	0.0831	0.0652	0.0639	0.0697	0.0691	0.0741	0.0824	0.0797	0.0826	0.0738	0.0683	0.0790	0.0760	0.0792	0.0792	0.0933	0.0752	0.0931	0.1002	0.0962	0.1029	0.1078	0.1093	0.1171	0.1155	0.1220	0.1183	0.1330	0.1559	0.1630	0.1412	0.1446	0.1376
0.0098	0.0000	0.0000	0.0137	0.0151	0.0156	0.0345	0.0379	0.0396	0.0275	0.0219	0.0386	0.0329	0.0360	0.0378	0.0667	0.0532	0.0538	0.0483	0.0612	0.0668	0.0626	0.0682	0.0567	0.0766	0.0761	0.0656	0.0639	0.0617	0.0729	0.0624	0.0647	0.0508	0.0610	0.0568	0.0626	0.0714	0.0662	0.0739	0.0658	0.0616	0.0733	0.0711	0.0562	0.0621	0.0603	0.0691	0.0736	0.0680	0.0747	0.0704	0.0811	0.0778	0.0791	0.0929	0.0918	0.0919	0.0953	0.1032	0.1039	0.1009	0.1039	0.0945	0.1146	0.1094	0.1091	0.1197	0.1156	0.1013
0.0000	0.0000	0.0000	0.0183	0.0142	0.0167	0.0167	0.0238	0.0213	0.0181	0.0251	0.0437	0.0284	0.0225	0.0383	0.0664	0.0602	0.0364	0.0313	0.0593	0.0638	0.0544	0.0589	0.0657	0.0595	0.0615	0.0608	0.0567	0.0632	0.0629	0.0516	0.0583	0.0625	0.0653	0.0459	0.0457	0.0539	0.0587	0.0595	0.0636	0.0640	0.0610	0.0562	0.0506	0.0586	0.0558	0.0608	0.0635	0.0659	0.0666	0.0711	0.0770	0.0763	0.0718	0.0753	0.0856	0.0813	0.0756	0.0747	0.0866	0.0908	0.0726	0.0866	0.0927	0.0795	0.0931	0.1115	0.1101	0.1006
0.0000	0.0000	0.0095	0.0039	0.0073	0.0042	0.0303	0.0186	0.0274	0.0112	0.0178	0.0401	0.0264	0.0247	0.0557	0.0566	0.0590	0.0454	0.0313	0.0623	0.0593	0.0464	0.0500	0.0602	0.0672	0.0522	0.0550	0.0589	0.0675	0.0662	0.0590	0.0543	0.0605	0.0446	0.0507	0.0495	0.0693	0.0665	0.0550	0.0515	0.0604	0.0501	0.0562	0.0481	0.0532	0.0676	0.0710	0.0654	0.0535	0.0616	0.0638	0.0680	0.0646	0.0634	0.0654	0.0766	0.0750	0.0702	0.0743	0.0757	0.0707	0.0589	0.0611	0.0575	0.0641	0.0582	0.0695	0.0727	0.0738
0.0000	0.0000	0.0000	0.0000	0.0251	0.0164	0.0173	0.0046	0.0021	0.0062	0.0233	0.0407	0.0423	0.0295	0.0497	0.0424	0.0449	0.0514	0.0295	0.0542	0.0517	0.0495	0.0458	0.0441	0.0520	0.0434	0.0420	0.0521	0.0608	0.0582	0.0632	0.0516	0.0594	0.0576	0.0470	0.0480	0.0525	0.0708	0.0607	0.0485	0.0417	0.0490	0.0568	0.0485	0.0425	0.0649	0.0647	0.0730	0.0513	0.0568	0.0655	0.0580	0.0647	0.0747	0.0653	0.0705	0.0674	0.0760	0.0604	0.0589	0.0501	0.0446	0.0618	0.0600	0.0651	0.0494	0.0569	0.0624	0.0461
0.0000	0.0000	0.0000	0.0000	0.0046	0.0009	0.0029	0.0120	0.0000	0.0000	0.0170	0.0384	0.0238	0.0233	0.0336	0.0332	0.0385	0.0405	0.0241	0.0444	0.0451	0.0293	0.0365	0.0464	0.0523	0.0441	0.0318	0.0528	0.0492	0.0403	0.0481	0.0388	0.0507	0.0596	0.0441	0.0480	0.0448	0.0625	0.0462	0.0390	0.0541	0.0541	0.0561	0.0563	0.0463	0.0564	0.0676	0.0639	0.0498	0.0519	0.0511	0.0507	0.0628	0.0594	0.0592	0.0672	0.0637	0.0566	0.0593	0.0577	0.0607	0.0502	0.0489	0.0558	0.0607	0.0442	0.0429	0.0418	0.0501
0.0000	0.0000	0.0000	0.0000	0.0000	0.0000	0.0128	0.0139	0.0000	0.0000	0.0203	0.0178	0.0334	0.0362	0.0258	0.0226	0.0432	0.0302	0.0386	0.0512	0.0412	0.0432	0.0321	0.0396	0.0597	0.0543	0.0399	0.0312	0.0329	0.0501	0.0442	0.0365	0.0539	0.0347	0.0582	0.0593	0.0551	0.0496	0.0467	0.0474	0.0527	0.0548	0.0502	0.0476	0.0350	0.0436	0.0616	0.0548	0.0607	0.0534	0.0587	0.0612	0.0515	0.0594	0.0714	0.0603	0.0514	0.0657	0.0549	0.0568	0.0535	0.0557	0.0556	0.0488	0.0487	0.0391	0.0446	0.0547	0.0566
