0.0000	0.0000	0.0000	0.0034	0.0000	0.0000	0.0036	0.0148	0.0222	0.0219	0.0144	0.0176	0.0198	0.0221	0.0296	0.0581	0.0647	0.0314	0.0330	0.0602	0.0612	0.0661	0.0455	0.0621	0.0608	0.0847	0.0757	0.0872	0.0971	0.0967	0.0784	0.0783	0.1053	0.0908	0.1166	0.1026	0.0883	0.0883	0.0837	0.0851	0.0831	0.0857	0.0875	0.0801	0.0624	0.0675	0.0765	0.0764	0.0700	0.0667	0.0663	0.0608	0.0575	0.0604	0.0649	0.0756	0.0549	0.0485	0.0504	0.0593	0.0586	0.0382	0.0422	0.0438	0.0563	0.0576	0.0399	0.0440	0.0295
0.0000	0.0000	0.0000	0.0051	0.0000	0.0000	0.0051	0.0112	0.0176	0.0088	0.0339	0.0416	0.0316	0.0261	0.0348	0.0642	0.0575	0.0762	0.0677	0.0604	0.0556	0.0643	0.0693	0.0874	0.0894	0.0846	0.0815	0.0873	0.0964	0.0889	0.1009	0.0903	0.1180	0.0982	0.1026	0.0955	0.0962	0.1033	0.1059	0.1058	0.1185	0.0974	0.0865	0.0756	0.0809	0.0708	0.0734	0.0712	0.0911	0.0873	0.0907	0.0749	0.0687	0.0572	0.0810	0.0734	0.0612	0.0514	0.0382	0.0656	0.0620	0.0538	0.0558	0.0687	0.0585	0.0521	0.0518	0.0400	0.0439
0.0000	0.0000	0.0038	0.0096	0.0075	0.0000	0.0000	0.0224	0.0250	0.0232	0.0475	0.0269	0.0406	0.0682	0.0431	0.0574	0.0520	0.0566	0.0695	0.0655	0.0499	0.0659	0.0722	0.1057	0.0985	0.0932	0.0960	0.0861	0.0995	0.1164	0.1106	0.0909	0.1184	0.1134	0.1046	0.1057	0.1032	0.1040	0.0987	0.0950	0.0968	0.1193	0.0974	0.0925	0.0919	0.0854	0.1058	0.0819	0.0915	0.0854	0.0821	0.0823	0.0825	0.0728	0.0795	0.0800	0.0733	0.0658	0.0534	0.0696	0.0725	0.0849	0.0651	0.0551	0.0535	0.0736	0.0580	0.0597	0.0554
0.0000	0.0000	0.0000	0.0051	0.0155	0.0266	0.0203	0.0178	0.0180	0.0211	0.0240	0.0324	0.0559	0.0529	0.0517	0.0484	0.0532	0.0700	0.0685	0.0694	0.0771	0.0820	0.0840	0.0745	0.0973	0.0932	0.0914	0.0850	0.1123	0.1208	0.1000	0.1056	0.1470	0.1261	0.1311	0.1196	0.0903	0.0932	0.1075	0.0952	0.1098	0.1080	0.1135	0.0885	0.0887	0.0980	0.1058	0.0863	0.0809	0.0742	0.0878	0.0940	0.0778	0.0801	0.0908	0.0778	0.0674	0.0688	0.0662	0.0697	0.0908	0.0937	0.0904	0.0819	0.0775	0.0875	0.0718	0.0838	0.0937
0.0000	0.0000	0.0068	0.0005	0.0087	0.0196	0.0348	0.0283	0.0300	0.0275	0.0169	0.0466	0.0560	0.0446	0.0481	0.0491	0.0613	0.0628	0.0675	0.0728	0.0766	0.0851	0.0844	0.0839	0.0881	0.0974	0.1087	0.0874	0.1029	0.1098	0.1220	0.1218	0.1311	0.1255	0.1365	0.1092	0.1036	0.1131	0.1116	0.0991	0.1122	0.1110	0.1095	0.1048	0.0838	0.0911	0.0942	0.0978	0.0902	0.0845	0.0854	0.0756	0.0803	0.0834	0.0881	0.0830	0.0780	0.0627	0.0638	0.0699	0.0845	0.0782	0.1051	0.1096	0.0957	0.0847	0.0847	0.1131	0.1448
0.0000	0.0000	0.0206	0.0126	0.0094	0.0184	0.0253	0.0344	0.0317	0.0312	0.0443	0.0590	0.0593	0.0530	0.0426	0.0744	0.0810	0.0769	0.0562	0.0997	0.0932	0.0948	0.0975	0.0871	0.1133	0.1114	0.0914	0.0922	0.1181	0.1238	0.1211	0.1150	0.1484	0.1463	0.1469	0.1249	0.1349	0.1405	0.0998	0.1002	0.1069	0.1174	0.1091	0.1057	0.1029	0.0999	0.0941	0.1043	0.1023	0.0987	0.0934	0.0978	0.1060	0.0930	0.0881	0.1003	0.0888	0.0801	0.0848	0.0897	0.0849	0.0843	0.1373	0.1191	0.1120	0.1084	0.1025	0.1659	0.2495
0.0000	0.0000	0.0165	0.0258	0.0197	0.0241	0.0270	0.0295	0.0287	0.0427	0.0595	0.0763	0.0691	0.0474	0.0445	0.0706	0.0840	0.1084	0.0977	0.0938	0.0891	0.1066	0.0964	0.0728	0.1216	0.1656	0.1030	0.1145	0.1325	0.1221	0.1068	0.1274	0.1494	0.1654	0.1513	0.1323	0.1403	0.1452	0.1256	0.1333	0.1145	0.1257	0.1309	0.1183	0.1122	0.1034	0.1111	0.1175	0.1111	0.1200	0.1170	0.1409	0.1283	0.1074	0.1102	0.1186	0.0990	0.0900	0.0984	0.1023	0.1086	0.1223	0.1349	0.1419	0.1465	0.1441	0.1293	0.2149	0.2815
0.0066	0.0074	0.0091	0.0262	0.0202	0.0269	0.0328	0.0383	0.0476	0.0732	0.0606	0.0647	0.0707	0.0672	0.0599	0.0688	0.0681	0.0974	0.0944	0.0847	0.1075	0.1019	0.0837	0.0925	0.1329	0.1385	0.1115	0.1198	0.1268	0.1461	0.1106	0.1376	0.1493	0.1500	0.1535	0.1525	0.1517	0.1556	0.1517	0.1447	0.1346	0.1361	0.1451	0.1242	0.1152	0.1374	0.1250	0.1235	0.1297	0.1284	0.1233	0.1388	0.1218	0.1183	0.1156	0.1358	0.1117	0.1028	0.1210	0.1201	0.1229	0.1316	0.1428	0.1576	0.1612	0.1601	0.1644	0.1917	0.2168
0.0000	0.0086	0.0205	0.0217	0.0109	0.0227	0.0471	0.0569	0.0525	0.0599	0.0737	0.0654	0.0846	0.0914	0.0731	0.0872	0.0731	0.0928	0.1064	0.1249	0.1243	0.0992	0.1131	0.1064	0.1216	0.1406	0.1339	0.1296	0.1553	0.1649	0.1431	0.1607	0.1837	0.1530	0.1711	0.1614	0.1516	0.1459	0.1579	0.1575	0.1555	0.1594	0.1731	0.1385	0.1354	0.1489	0.1451	0.1455	0.1434	0.1586	0.1445	0.1628	0.1517	0.1713	0.1478	0.1386	0.1293	0.1507	0.1552	0.1466	0.1492	0.1578	0.1747	0.1880	0.1733	0.1708	0.1986	0.2043	0.2142
0.0000	0.0134	0.0229	0.0186	0.0199	0.0232	0.0411	0.0749	0.0684	0.0553	0.0645	0.0703	0.0868	0.0839	0.0776	0.0907	0.0989	0.1067	0.1331	0.1240	0.1127	0.1135	0.1236	0.1203	0.1364	0.1578	0.1677	0.1564	0.1685	0.1923	0.1600	0.1840	0.1994	0.2051	0.1884	0.1732	0.1889	0.1866	0.1661	0.1624	0.1470	0.1618	0.1935	0.1647	0.1737	0.1658	0.1829	0.1772	0.1680	0.1744	0.1783	0.1676	0.1892	0.1771	0.1722	0.1627	0.1761	0.1668	0.1666	0.1745	0.1868	0.1889	0.2078	0.2066	0.2175	0.1943	0.1986	0.2136	0.2328
0.0000	0.0077	0.0258	0.0295	0.0359	0.0424	0.0507	0.0732	0.0645	0.0660	0.0582	0.0700	0.0937	0.0961	0.0857	0.0931	0.1141	0.1213	0.1266	0.1309	0.1328	0.1366	0.1436	0.1330	0.1657	0.1856	0.1778	0.1935	0.2013	0.2229	0.2218	0.3008	0.4033	0.3306	0.2861	0.2315	0.2214	0.2351	0.1933	0.1650	0.1627	0.1955	0.2327	0.2106	0.2075	0.2033	0.2092	0.1965	0.1821	0.1874	0.1931	0.2064	0.2232	0.1886	0.1908	0.2000	0.2114	0.2002	0.1931	0.2113	0.2158	0.2023	0.2302	0.2270	0.2579	0.2366	0.2034	0.2397	0.2553
0.0075	0.0158	0.0296	0.0372	0.0598	0.0492	0.0496	0.0786	0.0795	0.0687	0.0699	0.0947	0.0975	0.0919	0.0792	0.1019	0.1307	0.1485	0.1346	0.1334	0.1399	0.1467	0.1616	0.1648	0.2003	0.2036	0.2318	0.2658	0.3363	0.4036	0.5427	0.7351	0.9089	0.7557	0.6289	0.4527	0.2971	0.2648	0.2682	0.2326	0.2216	0.2590	0.3042	0.2491	0.2173	0.2377	0.2471	0.2239	0.1952	0.2264	0.2200	0.2347	0.2398	0.2605	0.2368	0.2511	0.2496	0.2397	0.2442	0.2628	0.2702	0.2771	0.2820	0.3422	0.4195	0.3812	0.3027	0.3373	0.3776
0.0316	0.0138	0.0265	0.0598	0.0724	0.0360	0.0525	0.0763	0.0948	0.0831	0.0914	0.0919	0.1073	0.0946	0.1002	0.1245	0.1487	0.1547	0.1519	0.1946	0.1973	0.1951	0.2231	0.2473	0.3071	0.3354	0.4038	0.5642	0.6718	0.7300	0.8213	0.9678	0.9939	0.9389	0.8716	0.8246	0.6053	0.3996	0.3683	0.3559	0.3462	0.4859	0.5930	0.3701	0.2411	0.2484	0.2778	0.2764	0.2691	0.2627	0.2614	0.2830	0.2859	0.2839	0.2820	0.2946	0.2794	0.2767	0.2926	0.2933	0.3013	0.3262	0.3839	0.5714	0.6209	0.5124	0.4409	0.4296	0.4436
0.0233	0.0185	0.0373	0.0633	0.0642	0.0372	0.0799	0.0738	0.0864	0.0973	0.1034	0.1063	0.1493	0.1264	0.1257	0.1571	0.1773	0.2089	0.2372	0.2734	0.2842	0.3020	0.3601	0.3854	0.4891	0.5951	0.7405	0.8748	0.8217	0.8440	0.8570	0.9630	0.9508	0.8932	0.8857	0.8925	0.8683	0.7356	0.7200	0.5790	0.5686	0.8267	0.9061	0.6583	0.4602	0.3854	0.3085	0.3066	0.3143	0.2949	0.3208	0.3434	0.3384	0.3398	0.3246	0.3223	0.3077	0.3047	0.3330	0.3365	0.3399	0.3590	0.5131	0.6162	0.6360	0.4994	0.4767	0.4079	0.4010
0.0130	0.0275	0.0444	0.0594	0.0713	0.0796	0.0790	0.0939	0.1194	0.1186	0.1312	0.1524	0.1617	0.1637	0.2012	0.2440	0.3196	0.3376	0.4268	0.5022	0.5086	0.4712	0.5494	0.6912	0.7868	0.8099	0.7821	0.7979	0.8062	0.8715	0.8702	0.9640	1.0000	0.9227	0.9053	0.9168	0.9283	0.8976	0.8994	0.8776	0.8345	0.9242	0.9379	0.8040	0.6775	0.5605	0.3946	0.4717	0.5327	0.4077	0.3853	0.3722	0.4113	0.4880	0.4840	0.3597	0.3435	0.3494	0.3658	0.3910	0.3741	0.4056	0.5986	0.6271	0.5476	0.4740	0.4316	0.4112	0.4087
0.0249	0.0337	0.0450	0.0783	0.1011	0.1096	0.1079	0.1202	0.1357	0.1565	0.2029	0.2467	0.2689	0.2862	0.3789	0.4647	0.5709	0.6275	0.7891	0.8378	0.8008	0.7787	0.7753	0.8113	0.7587	0.7665	0.7529	0.6921	0.8136	0.7781	0.7895	0.8903	0.9400	0.9094	0.9191	0.9183	0.9176	0.8665	0.8788	0.8962	0.8802	0.8539	0.8655	0.8397	0.7975	0.7799	0.6512	0.7684	0.6807	0.5302	0.4780	0.5143	0.6106	0.7467	0.6970	0.5014	0.3479	0.3423	0.3906	0.4266	0.4276	0.5157	0.6596	0.6440	0.4754	0.4295	0.3934	0.4241	0.4133
0.0319	0.0616	0.0701	0.0827	0.1005	0.1438	0.1695	0.2200	0.2303	0.2898	0.3812	0.4926	0.6649	0.6739	0.7056	0.8100	0.8555	0.9280	0.8957	0.9368	0.8897	0.8288	0.7462	0.7039	0.6853	0.6717	0.6736	0.6792	0.6859	0.7034	0.7675	0.8494	0.9267	0.9056	0.9409	0.8922	0.9227	0.8791	0.8777	0.8194	0.8705	0.8635	0.9144	0.9108	0.8845	0.8321	0.8238	0.8987	0.7562	0.7594	0.6084	0.6555	0.7395	0.7813	0.7647	0.6082	0.3789	0.3768	0.3965	0.4596	0.5198	0.5707	0.5950	0.5822	0.5254	0.4212	0.3741	0.3704	0.3822
0.0610	0.1122	0.1377	0.1548	0.2027	0.2823	0.3254	0.4004	0.5231	0.5959	0.7342	0.8260	0.8785	0.8486	0.8569	0.8928	0.8295	0.8993	0.8645	0.8960	0.8080	0.7447	0.6579	0.6120	0.6171	0.6183	0.6347	0.6421	0.6225	0.6663	0.7349	0.7815	0.8457	0.8727	0.9039	0.8849	0.8775	0.8615	0.8421	0.8196	0.8099	0.8152	0.8765	0.8334	0.7854	0.7560	0.8282	0.8217	0.8268	0.8498	0.7879	0.8108	0.7976	0.7341	0.7543	0.6022	0.4215	0.4035	0.4398	0.4616	0.6050	0.6509	0.5764	0.5525	0.5039	0.4156	0.3813	0.3767	0.3847
0.1333	0.1996	0.3205	0.4340	0.4961	0.5835	0.6795	0.7025	0.7988	0.8199	0.7810	0.7881	0.8076	0.7707	0.7725	0.8452	0.8302	0.7837	0.7826	0.6958	0.6435	0.6738	0.6678	0.6493	0.6187	0.6210	0.6636	0.6542	0.6701	0.7197	0.7062	0.7027	0.7756	0.8646	0.8856	0.8173	0.8189	0.8202	0.8138	0.8235	0.7696	0.7752	0.8383	0.7508	0.7420	0.8015	0.7726	0.7680	0.7707	0.8301	0.8405	0.8063	0.7764	0.7773	0.7548	0.6743	0.4860	0.4036	0.5092	0.6038	0.6617	0.5921	0.5488	0.5259	0.4773	0.4226	0.3904	0.3827	0.3815
0.2197	0.3953	0.4984	0.6371	0.6864	0.7133	0.7108	0.6934	0.7361	0.6826	0.6604	0.6775	0.7426	0.6948	0.6622	0.6999	0.7225	0.6878	0.6347	0.6503	0.6433	0.6662	0.6626	0.6494	0.6822	0.6217	0.6828	0.6949	0.7685	0.7503	0.7311	0.7404	0.7751	0.8121	0.8355	0.8275	0.7935	0.7983	0.7653	0.7587	0.7367	0.7424	0.7800	0.7601	0.7664	0.7354	0.7218	0.7264	0.7132	0.7171	0.7433	0.7426	0.7453	0.7627	0.7711	0.7646	0.6169	0.5145	0.6146	0.6592	0.5998	0.5479	0.5363	0.5041	0.4666	0.4286	0.4050	0.3868	0.3265
0.2671	0.3600	0.3701	0.4053	0.4664	0.4657	0.4676	0.4824	0.4946	0.4795	0.5107	0.5923	0.6584	0.6205	0.5653	0.6181	0.5983	0.6325	0.6065	0.6364	0.6415	0.6207	0.6511	0.6617	0.6238	0.6287	0.6322	0.6761	0.6995	0.7147	0.7488	0.7823	0.8031	0.8669	0.7996	0.8173	0.7916	0.7930	0.7465	0.7185	0.7099	0.6520	0.7137	0.7308	0.7159	0.7128	0.7108	0.7161	0.7300	0.7246	0.7462	0.7481	0.6972	0.7269	0.6858	0.7393	0.6826	0.6279	0.6553	0.6246	0.6098	0.5737	0.5167	0.4480	0.4334	0.4083	0.3996	0.3872	0.3478
0.2528	0.2855	0.3027	0.3114	0.3242	0.3426	0.3841	0.4174	0.4209	0.4390	0.4471	0.4872	0.5125	0.5413	0.5210	0.5870	0.6520	0.6347	0.6321	0.6202	0.6209	0.6488	0.6367	0.6311	0.5916	0.6376	0.6286	0.6503	0.6930	0.7071	0.7171	0.7390	0.7548	0.7957	0.7870	0.7683	0.7502	0.7802	0.7033	0.7334	0.7606	0.6697	0.6874	0.7185	0.7145	0.7360	0.6753	0.7100	0.7008	0.6962	0.7474	0.7541	0.7064	0.6972	0.6368	0.7365	0.6995	0.6841	0.6065	0.5868	0.5889	0.5596	0.5030	0.4355	0.4216	0.4232	0.3728	0.3403	0.3332
0.1967	0.2380	0.3048	0.3121	0.3482	0.3327	0.3686	0.3773	0.3845	0.4089	0.4043	0.4407	0.4586	0.4995	0.5101	0.5606	0.6626	0.6733	0.6350	0.5972	0.6331	0.6750	0.6085	0.6091	0.6054	0.5807	0.6312	0.6610	0.6851	0.7114	0.7041	0.7256	0.7825	0.7699	0.7410	0.7192	0.7242	0.7432	0.7186	0.6957	0.7216	0.6890	0.7145	0.6936	0.7262	0.7240	0.6756	0.6895	0.6882	0.6781	0.7014	0.7114	0.7099	0.6790	0.6506	0.6793	0.6663	0.6119	0.5903	0.5931	0.5163	0.4952	0.4783	0.4274	0.4250	0.4223	0.3594	0.3324	0.3265
0.1890	0.2380	0.3025	0.3300	0.3396	0.3463	0.4016	0.3773	0.3624	0.3536	0.3865	0.4136	0.4183	0.4769	0.5168	0.5882	0.6280	0.6616	0.6922	0.6209	0.6275	0.6446	0.5783	0.5443	0.6112	0.5732	0.6129	0.6413	0.6599	0.6793	0.6808	0.7281	0.7213	0.7344	0.7309	0.7092	0.7371	0.7148	0.6835	0.6792	0.6620	0.6596	0.7023	0.7053	0.6924	0.6630	0.6992	0.6546	0.6571	0.6649	0.6663	0.6313	0.6722	0.6362	0.5947	0.6181	0.6404	0.6093	0.5930	0.5440	0.5020	0.5004	0.4574	0.4241	0.3773	0.3700	0.3248	0.3427	0.3508
0.1962	0.2677	0.3048	0.3441	0.3512	0.3443	0.3884	0.3692	0.3726	0.3800	0.4152	0.4183	0.4445	0.4844	0.4665	0.5239	0.5897	0.6112	0.6061	0.5911	0.5840	0.5930	0.6030	0.5721	0.5906	0.5936	0.6025	0.6319	0.6740	0.6702	0.6756	0.6968	0.7572	0.7441	0.7396	0.7221	0.7783	0.7184	0.7308	0.6999	0.6654	0.7269	0.6738	0.6602	0.6561	0.6347	0.6288	0.6439	0.6682	0.6540	0.6422	0.5976	0.6189	0.6073	0.5743	0.5651	0.5641	0.5641	0.5354	0.5063	0.4833	0.4614	0.4712	0.4030	0.3919	0.3815	0.3515	0.3565	0.3475
0.2249	0.3044	0.3046	0.3615	0.3612	0.3554	0.4023	0.3828	0.3857	0.3794	0.4163	0.4246	0.4538	0.4935	0.4957	0.5816	0.6106	0.5995	0.5522	0.5758	0.6086	0.5925	0.5956	0.5504	0.5650	0.6023	0.6086	0.6653	0.6638	0.6561	0.7000	0.6672	0.7057	0.6954	0.7214	0.7300	0.7147	0.7250	0.7133	0.7023	0.6898	0.7279	0.6775	0.6641	0.6430	0.6799	0.6538	0.6698	0.6591	0.6148	0.6332	0.6114	0.5828	0.5922	0.5852	0.5715	0.5453	0.5685	0.5293	0.4873	0.4894	0.4452	0.4587	0.4288	0.4008	0.4029	0.3852	0.3661	0.3355
0.2631	0.3031	0.3408	0.3970	0.3791	0.3664	0.3442	0.3566	0.3725	0.3730	0.4217	0.4022	0.4737	0.5253	0.5235	0.5750	0.5983	0.5934	0.5573	0.5847	0.6074	0.6084	0.5843	0.6472	0.5847	0.5849	0.6253	0.6204	0.5963	0.6563	0.6812	0.6922	0.7194	0.7217	0.6871	0.6882	0.6981	0.7087	0.7180	0.7096	0.7097	0.6640	0.6503	0.6490	0.6702	0.6325	0.6358	0.5908	0.6163	0.6202	0.6322	0.6394	0.5994	0.6041	0.5821	0.5638	0.5333	0.5433	0.5288	0.5309	0.4890	0.4555	0.4670	0.4258	0.4166	0.4106	0.3761	0.3800	0.3273
0.2608	0.2953	0.3204	0.3865	0.3715	0.3596	0.3798	0.4061	0.3843	0.4218	0.4146	0.4357	0.4868	0.5237	0.5371	0.5473	0.5734	0.5432	0.5935	0.6298	0.6045	0.5759	0.5746	0.6286	0.6102	0.6076	0.5902	0.6243	0.6496	0.6479	0.6764	0.6931	0.6926	0.7177	0.6649	0.6790	0.6884	0.6816	0.7041	0.6744	0.6865	0.6869	0.6660	0.6248	0.6515	0.6269	0.6577	0.6349	0.6178	0.6288	0.6811	0.6988	0.6761	0.6578	0.5896	0.5613	0.5613	0.5231	0.5148	0.5658	0.5274	0.5095	0.5010	0.4205	0.4440	0.4089	0.3822	0.3781	0.3314
0.2715	0.3102	0.3176	0.3561	0.3671	0.3655	0.3943	0.3887	0.4068	0.4087	0.4420	0.4665	0.4684	0.5293	0.5897	0.5498	0.5573	0.5749	0.6138	0.5696	0.6302	0.5854	0.5976	0.6111	0.6110	0.5811	0.6301	0.6223	0.7062	0.6335	0.6709	0.7076	0.7030	0.7084	0.6731	0.6720	0.7425	0.7238	0.6903	0.6525	0.6995	0.7157	0.6917	0.6376	0.6249	0.6352	0.6914	0.6639	0.6558	0.6838	0.7159	0.6555	0.6658	0.6616	0.6514	0.5933	0.5839	0.5877	0.5834	0.5416	0.5165	0.4938	0.4944	0.4720	0.4546	0.4184	0.3643	0.3570	0.3366
0.2679	0.2790	0.3311	0.3772	0.3864	0.3422	0.3724	0.4027	0.4421	0.4056	0.4741	0.5309	0.5305	0.5432	0.5116	0.5665	0.6002	0.5995	0.5983	0.6165	0.5724	0.5889	0.5796	0.6148	0.6148	0.5531	0.5940	0.6449	0.6680	0.6939	0.6628	0.7003	0.7429	0.7321	0.6862	0.6825	0.7184	0.7388	0.6899	0.6969	0.7203	0.7015	0.6777	0.7086	0.6989	0.6288	0.6829	0.6794	0.6748	0.6797	0.6984	0.6895	0.6686	0.6521	0.6258	0.6458	0.5851	0.5800	0.5976	0.5572	0.5327	0.5215	0.5114	0.5093	0.4652	0.4222	0.3923	0.3967	0.3692
0.2258	0.2801	0.3278	0.3191	0.3376	0.3442	0.3965	0.4371	0.4316	0.4006	0.4713	0.4853	0.4836	0.4928	0.5288	0.5600	0.5793	0.5741	0.5877	0.5600	0.5721	0.6090	0.5984	0.5816	0.5807	0.5778	0.5462	0.6073	0.6320	0.6411	0.6540	0.6976	0.7334	0.7595	0.7781	0.7651	0.7621	0.7311	0.7138	0.7311	0.6905	0.7349	0.7050	0.7146	0.6742	0.6519	0.6891	0.6879	0.7197	0.7236	0.7200	0.7427	0.7496	0.7220	0.6347	0.6646	0.6141	0.5906	0.5867	0.6016	0.5753	0.5499	0.5486	0.5141	0.4720	0.4148	0.3889	0.4008	0.3626
0.2475	0.2765	0.2808	0.3677	0.3665	0.3786	0.3989	0.3936	0.4251	0.4610	0.4694	0.4426	0.4711	0.4823	0.5290	0.5801	0.5918	0.5643	0.5778	0.5509	0.5846	0.5542	0.5548	0.5687	0.5646	0.6091	0.5519	0.6062	0.6756	0.6485	0.6776	0.7300	0.7713	0.7008	0.7559	0.7816	0.7671	0.7398	0.7197	0.7087	0.6906	0.6906	0.7434	0.6631	0.6961	0.7053	0.7137	0.7713	0.7199	0.7520	0.7976	0.7098	0.7856	0.8198	0.7233	0.7020	0.6703	0.6571	0.5882	0.5947	0.6003	0.5861	0.5753	0.5226	0.4851	0.4407	0.4080	0.4235	0.3990
0.2546	0.3125	0.3216	0.3414	0.3423	0.3562	0.3887	0.4055	0.4390	0.4761	0.4402	0.4529	0.4997	0.5447	0.4972	0.5307	0.6020	0.5988	0.5817	0.5935	0.6039	0.5656	0.5804	0.6069	0.5627	0.5883	0.6066	0.6585	0.7134	0.6567	0.7363	0.7507	0.7818	0.7651	0.7993	0.8062	0.7919	0.7475	0.7622	0.7229	0.7406	0.7081	0.7047	0.7041	0.7239	0.6895	0.7318	0.7370	0.7431	0.7554	0.7890	0.7624	0.8211	0.8087	0.7717	0.7493	0.7361	0.6994	0.6433	0.6345	0.6097	0.5921	0.5768	0.5351	0.4956	0.4539	0.4344	0.4083	0.3878
0.2237	0.2705	0.3437	0.3355	0.3625	0.3631	0.3794	0.4202	0.4632	0.4455	0.4632	0.4751	0.4974	0.5505	0.4996	0.5562	0.5497	0.5812	0.5496	0.5832	0.5963	0.5516	0.5953	0.6016	0.5870	0.6138	0.6301	0.6992	0.6878	0.7135	0.7885	0.7962	0.8136	0.8661	0.8558	0.8071	0.7655	0.7520	0.8010	0.7700	0.7753	0.7573	0.7554	0.7479	0.6849	0.7017	0.7998	0.7502	0.7733	0.8138	0.8194	0.8317	0.8482	0.8027	0.8428	0.7946	0.7915	0.7353	0.7256	0.6572	0.6448	0.6223	0.5881	0.5922	0.5587	0.5095	0.4605	0.4323	0.4298
0.2452	0.3082	0.2980	0.3409	0.3866	0.3657	0.4054	0.4492	0.4388	0.4161	0.4583	0.4894	0.5037	0.5496	0.4927	0.5212	0.5782	0.5487	0.5636	0.6111	0.6116	0.5984	0.6013	0.6301	0.7042	0.6966	0.6917	0.6979	0.6866	0.7210	0.7231	0.7527	0.7970	0.8196	0.8618	0.8288	0.8130	0.7953	0.8045	0.7785	0.7822	0.8049	0.7962	0.7648	0.7249	0.7512	0.7322	0.7630	0.7655	0.8377	0.8350	0.8365	0.8700	0.9462	0.8694	0.7626	0.8137	0.8344	0.7994	0.7470	0.6826	0.6282	0.6342	0.6012	0.5950	0.5735	0.5358	0.4704	0.4158
0.2316	0.2837	0.2744	0.3439	0.3639	0.3940	0.4331	0.4477	0.4300	0.4372	0.4576	0.4905	0.4960	0.5467	0.5422	0.5213	0.5659	0.5470	0.5745	0.6214	0.6275	0.6709	0.6268	0.6637	0.7007	0.6905	0.6987	0.7099	0.7271	0.7224	0.7103	0.7317	0.8157	0.8402	0.8547	0.8554	0.8528	0.8123	0.7453	0.7463	0.7689	0.7658	0.7501	0.7400	0.7504	0.7554	0.8110	0.8103	0.8365	0.8428	0.8702	0.8609	0.8765	0.8916	0.8099	0.5538	0.5792	0.7376	0.7925	0.7544	0.7006	0.6458	0.6642	0.6817	0.6119	0.5828	0.5396	0.4844	0.4568
0.2216	0.2595	0.3044	0.3693	0.3891	0.4384	0.4732	0.4802	0.4805	0.5131	0.4758	0.5133	0.5537	0.5565	0.5504	0.5584	0.5725	0.5875	0.6229	0.6420	0.6830	0.6875	0.6826	0.7264	0.6670	0.6788	0.6793	0.7021	0.7614	0.7519	0.7331	0.7274	0.7644	0.8005	0.7724	0.7796	0.8366	0.8375	0.7474	0.7350	0.7618	0.7851	0.7194	0.7582	0.7712	0.7303	0.8165	0.8267	0.8747	0.8933	0.8257	0.8317	0.8497	0.8525	0.7423	0.4536	0.4136	0.4674	0.5999	0.7406	0.7180	0.6705	0.6891	0.6729	0.6429	0.5586	0.5065	0.4809	0.4623
0.2979	0.3354	0.3866	0.4345	0.4725	0.4851	0.5213	0.5281	0.5560	0.5528	0.6233	0.6153	0.5950	0.5462	0.6121	0.6139	0.6024	0.7180	0.6656	0.6498	0.7032	0.7065	0.7366	0.7040	0.6971	0.7406	0.6988	0.7150	0.7283	0.7007	0.7645	0.7450	0.7517	0.7815	0.8120	0.8006	0.8311	0.8296	0.8173	0.7999	0.7676	0.7274	0.7429	0.7884	0.8173	0.7902	0.8285	0.8537	0.8584	0.8578	0.8519	0.8817	0.8569	0.8847	0.7053	0.3884	0.3801	0.4160	0.4788	0.5785	0.7938	0.7381	0.7423	0.7038	0.6520	0.5697	0.5715	0.5274	0.5206
0.3140	0.4201	0.5358	0.6176	0.6720	0.7039	0.6858	0.7284	0.6957	0.6960	0.7937	0.7275	0.6764	0.6620	0.6847	0.7174	0.7539	0.6766	0.6534	0.6399	0.6282	0.6961	0.7336	0.6883	0.7413	0.7032	0.7032	0.7059	0.7310	0.7103	0.7209	0.7615	0.7764	0.7990	0.8259	0.8505	0.8451	0.8654	0.8191	0.7762	0.8051	0.7968	0.8489	0.8219	0.8263	0.8336	0.8654	0.8660	0.8457	0.8882	0.8456	0.8960	0.8847	0.8982	0.6285	0.3398	0.3280	0.3707	0.4010	0.4965	0.7499	0.7974	0.8211	0.7668	0.5575	0.5911	0.5471	0.5274	0.5214
0.1965	0.3010	0.4334	0.5782	0.6038	0.7090	0.8116	0.7995	0.8153	0.8302	0.8170	0.8436	0.8028	0.8081	0.8166	0.8593	0.8473	0.7757	0.7646	0.7566	0.6635	0.6754	0.6716	0.6723	0.6708	0.6279	0.6518	0.6448	0.6972	0.7004	0.6990	0.7125	0.7649	0.7819	0.8117	0.8601	0.8758	0.8641	0.8603	0.8201	0.8092	0.8423	0.9136	0.8978	0.9240	0.9188	0.9456	0.9459	0.9396	0.9530	0.8996	0.8963	0.9139	0.8544	0.5352	0.2914	0.2917	0.3236	0.3501	0.4194	0.5808	0.6456	0.6614	0.6243	0.5079	0.5907	0.6283	0.5590	0.4906
0.0848	0.1017	0.1417	0.2059	0.2729	0.3326	0.3712	0.3997	0.5046	0.5649	0.6822	0.7532	0.8533	0.8611	0.9100	0.9479	0.9199	0.8966	0.8868	0.8323	0.8239	0.7310	0.6965	0.6605	0.6333	0.6146	0.6264	0.6391	0.7395	0.7210	0.7200	0.7560	0.8175	0.8330	0.8796	0.9319	0.8932	0.8911	0.8708	0.8254	0.8663	0.8753	0.8937	0.8860	0.8943	0.9214	0.9768	0.9132	0.8140	0.8754	0.8866	0.9007	0.8729	0.6111	0.3046	0.2735	0.2642	0.2658	0.3012	0.3343	0.3755	0.4135	0.4620	0.5105	0.6320	0.6865	0.6809	0.6161	0.5071
0.0267	0.0452	0.0742	0.0999	0.1212	0.1381	0.1483	0.1916	0.2318	0.2829	0.3188	0.3832	0.5017	0.6342	0.7874	0.8752	0.9459	0.9552	0.9257	0.9383	0.9098	0.8265	0.7283	0.6991	0.6890	0.6610	0.6528	0.6492	0.7038	0.7504	0.7699	0.7861	0.8392	0.8873	0.9153	0.9503	0.8628	0.8753	0.8739	0.8434	0.8609	0.8404	0.7993	0.7301	0.6005	0.5452	0.6746	0.6340	0.4520	0.5221	0.6584	0.8799	0.8722	0.4232	0.2430	0.2570	0.2563	0.2594	0.2885	0.3171	0.3386	0.3587	0.4022	0.5451	0.7058	0.7096	0.6567	0.6051	0.5473
0.0279	0.0447	0.0597	0.0668	0.0721	0.1005	0.1004	0.1009	0.1187	0.1539	0.1540	0.1737	0.2118	0.2651	0.3459	0.4552	0.5440	0.7488	0.8646	0.8769	0.8427	0.8276	0.8379	0.8586	0.8409	0.7883	0.7499	0.7314	0.8099	0.8456	0.8202	0.8213	0.8799	0.9056	0.8685	0.8475	0.8341	0.8660	0.8359	0.7819	0.7791	0.6288	0.6448	0.6528	0.3626	0.2606	0.2850	0.2962	0.2858	0.3113	0.3407	0.5541	0.6538	0.3241	0.2462	0.2536	0.2621	0.2704	0.2771	0.2916	0.3168	0.3379	0.3778	0.4542	0.6394	0.7335	0.6738	0.6131	0.5885
0.0238	0.0367	0.0434	0.0597	0.0666	0.0811	0.0832	0.0734	0.0798	0.1052	0.1013	0.1039	0.1565	0.1639	0.1529	0.1958	0.2284	0.3068	0.3634	0.4258	0.4572	0.5272	0.7282	0.8481	0.8629	0.8349	0.8008	0.8033	0.8471	0.8540	0.8698	0.8739	0.9005	0.9058	0.8714	0.8445	0.8782	0.8780	0.8562	0.5720	0.3786	0.3923	0.6393	0.5949	0.2802	0.2255	0.2213	0.2316	0.2373	0.2417	0.2313	0.2575	0.2697	0.2391	0.2308	0.2406	0.2397	0.2388	0.2508	0.2796	0.2771	0.2948	0.3477	0.3818	0.5335	0.7044	0.6744	0.5740	0.5072
0.0123	0.0308	0.0332	0.0452	0.0602	0.0687	0.0759	0.0719	0.0754	0.0930	0.1025	0.0871	0.1147	0.1168	0.1263	0.1365	0.1341	0.1412	0.1523	0.1864	0.2299	0.2550	0.3469	0.4830	0.6271	0.6778	0.8010	0.7957	0.8176	0.8433	0.8813	0.9024	0.9110	0.8990	0.9026	0.8445	0.8868	0.8549	0.5591	0.2973	0.2069	0.2456	0.3955	0.2966	0.1909	0.1994	0.2017	0.2132	0.2048	0.2090	0.2269	0.2088	0.2160	0.2161	0.2139	0.2162	0.2128	0.2232	0.2380	0.2464	0.2454	0.2609	0.2949	0.3240	0.4087	0.5914	0.6386	0.5493	0.4221
0.0116	0.0244	0.0396	0.0439	0.0527	0.0617	0.0531	0.0742	0.0691	0.0712	0.0714	0.0663	0.0828	0.0912	0.0878	0.1064	0.1132	0.1257	0.1191	0.1403	0.1515	0.1492	0.1615	0.1923	0.2393	0.2952	0.3460	0.3631	0.3898	0.4564	0.5930	0.5643	0.5561	0.4951	0.4744	0.4617	0.6351	0.5964	0.2619	0.1659	0.1475	0.1607	0.1785	0.1778	0.1699	0.1629	0.1668	0.1757	0.1769	0.1725	0.1806	0.1772	0.1978	0.1838	0.1823	0.1891	0.1906	0.1939	0.2046	0.2210	0.2390	0.2507	0.2582	0.2731	0.3119	0.3969	0.4302	0.3557	0.3787
0.0363	0.0266	0.0320	0.0466	0.0432	0.0380	0.0512	0.0509	0.0662	0.0609	0.0760	0.0792	0.0757	0.0802	0.0925	0.0938	0.0980	0.0926	0.1105	0.1178	0.1114	0.1185	0.1185	0.1466	0.1521	0.1512	0.1476	0.1493	0.1707	0.1930	0.2041	0.2039	0.1889	0.1835	0.1917	0.1798	0.2235	0.1986	0.1495	0.1303	0.1351	0.1348	0.1345	0.1473	0.1377	0.1306	0.1274	0.1417	0.1397	0.1305	0.1504	0.1613	0.1605	0.1486	0.1554	0.1621	0.1597	0.1634	0.1649	0.1801	0.1884	0.1947	0.2075	0.2134	0.2307	0.2496	0.2621	0.2760	0.3169
0.0197	0.0173	0.0134	0.0263	0.0341	0.0379	0.0588	0.0546	0.0479	0.0478	0.0526	0.0689	0.0794	0.0759	0.0779	0.0836	0.0967	0.0945	0.0972	0.0942	0.0865	0.0880	0.1033	0.1018	0.1017	0.1098	0.1083	0.1226	0.1308	0.1392	0.1261	0.1300	0.1413	0.1253	0.1361	0.1285	0.1363	0.1339	0.1295	0.1115	0.1115	0.1122	0.1090	0.1115	0.1116	0.1162	0.1145	0.1162	0.1174	0.1166	0.1349	0.1282	0.1315	0.1259	0.1260	0.1368	0.1366	0.1308	0.1403	0.1415	0.1533	0.1557	0.1737	0.1738	0.1700	0.1946	0.2057	0.2335	0.2486
0.0000	0.0123	0.0289	0.0180	0.0104	0.0313	0.0498	0.0465	0.0427	0.0490	0.0493	0.0617	0.0679	0.0680	0.0644	0.0885	0.0816	0.0768	0.0723	0.0884	0.0967	0.0930	0.0850	0.1003	0.0866	0.0975	0.0907	0.0997	0.1110	0.1121	0.0981	0.1029	0.1264	0.1042	0.1009	0.1069	0.1033	0.0992	0.0984	0.0926	0.0987	0.0924	0.1008	0.1014	0.1108	0.1004	0.0980	0.1033	0.1004	0.1092	0.1019	0.1063	0.1038	0.1030	0.1109	0.1152	0.1134	0.1114	0.1209	0.1355	0.1314	0.1212	0.1305	0.1268	0.1229	0.1378	0.1468	0.1686	0.1858
0.0041	0.0106	0.0309	0.0443	0.0095	0.0142	0.0488	0.0471	0.0399	0.0382	0.0394	0.0518	0.0623	0.0661	0.0699	0.0775	0.0727	0.0699	0.0832	0.0834	0.0892	0.0874	0.0836	0.0865	0.0889	0.0897	0.0835	0.0860	0.1008	0.0937	0.0983	0.1002	0.0969	0.0909	0.0876	0.0863	0.0880	0.0864	0.1025	0.0955	0.0780	0.0854	0.0897	0.0821	0.0862	0.0872	0.0860	0.0858	0.0880	0.0922	0.0862	0.1008	0.0934	0.0913	0.0911	0.0951	0.0928	0.0976	0.1060	0.1162	0.1076	0.0949	0.1030	0.1072	0.0971	0.1145	0.1318	0.1233	0.1108
0.0000	0.0000	0.0199	0.0144	0.0159	0.0206	0.0468	0.0356	0.0435	0.0356	0.0357	0.0514	0.0446	0.0394	0.0576	0.0728	0.0661	0.0812	0.0745	0.0691	0.0730	0.0683	0.0843	0.0838	0.0809	0.0937	0.0897	0.1020	0.0890	0.0755	0.0836	0.0872	0.0770	0.0844	0.0756	0.0752	0.0957	0.0844	0.0868	0.0831	0.0777	0.0855	0.0805	0.0808	0.0728	0.0726	0.0757	0.0690	0.0744	0.0766	0.0730	0.0816	0.0717	0.0734	0.0835	0.0820	0.0807	0.0757	0.0820	0.0856	0.0947	0.0811	0.0781	0.0917	0.0888	0.1010	0.1124	0.1010	0.0996
0.0000	0.0000	0.0115	0.0065	0.0189	0.0149	0.0284	0.0308	0.0451	0.0420	0.0387	0.0405	0.0476	0.0452	0.0564	0.0516	0.0674	0.0786	0.0561	0.0577	0.0650	0.0563	0.0702	0.0621	0.0649	0.0731	0.0737	0.0752	0.0785	0.0772	0.0716	0.0653	0.0599	0.0748	0.0763	0.0831	0.0816	0.0741	0.0765	0.0665	0.0687	0.0726	0.0755	0.0717	0.0598	0.0611	0.0626	0.0654	0.0662	0.0665	0.0647	0.0654	0.0617	0.0602	0.0744	0.0714	0.0645	0.0695	0.0713	0.0760	0.0787	0.0682	0.0760	0.0824	0.0776	0.0778	0.0828	0.0875	0.0903
0.0000	0.0040	0.0069	0.0117	0.0158	0.0072	0.0192	0.0316	0.0312	0.0218	0.0295	0.0425	0.0334	0.0356	0.0496	0.0523	0.0517	0.0476	0.0450	0.0473	0.0487	0.0570	0.0507	0.0586	0.0749	0.0676	0.0627	0.0623	0.0728	0.0806	0.0735	0.0679	0.0712	0.0689	0.0611	0.0621	0.0747	0.0678	0.0563	0.0593	0.0649	0.0627	0.0637	0.0573	0.0529	0.0590	0.0676	0.0578	0.0560	0.0514	0.0533	0.0612	0.0571	0.0531	0.0543	0.0559	0.0529	0.0605	0.0554	0.0610	0.0627	0.0589	0.0609	0.0815	0.0732	0.0594	0.0617	0.0600	0.0611
0.0000	0.0000	0.0000	0.0000	0.0000	0.0000	0.0051	0.0231	0.0197	0.0028	0.0097	0.0282	0.0241	0.0185	0.0311	0.0369	0.0492	0.0413	0.0437	0.0509	0.0512	0.0487	0.0531	0.0564	0.0648	0.0600	0.0642	0.0596	0.0610	0.0710	0.0712	0.0739	0.0713	0.0575	0.0516	0.0576	0.0540	0.0621	0.0615	0.0602	0.0585	0.0605	0.0617	0.0578	0.0481	0.0536	0.0624	0.0557	0.0463	0.0401	0.0559	0.0653	0.0514	0.0489	0.0467	0.0511	0.0485	0.0486	0.0570	0.0546	0.0554	0.0489	0.0551	0.0569	0.0599	0.0602	0.0453	0.0600	0.0633
0.0000	0.0000	0.0000	0.0000	0.0000	0.0010	0.0089	0.0122	0.0191	0.0093	0.0124	0.0343	0.0330	0.0303	0.0374	0.0380	0.0523	0.0545	0.0362	0.0451	0.0543	0.0505	0.0452	0.0448	0.0516	0.0526	0.0585	0.0610	0.0567	0.0673	0.0603	0.0592	0.0622	0.0590	0.0524	0.0531	0.0574	0.0589	0.0679	0.0621	0.0582	0.0608	0.0601	0.0587	0.0518	0.0501	0.0539	0.0491	0.0443	0.0510	0.0595	0.0603	0.0538	0.0495	0.0467	0.0480	0.0473	0.0428	0.0492	0.0546	0.0517	0.0416	0.0470	0.0464	0.0500	0.0451	0.0521	0.0488	0.0409
0.0000	0.0000	0.0000	0.0011	0.0000	0.0000	0.0049	0.0061	0.0202	0.0146	0.0152	0.0135	0.0302	0.0305	0.0320	0.0327	0.0377	0.0435	0.0228	0.0449	0.0486	0.0483	0.0510	0.0488	0.0448	0.0484	0.0512	0.0477	0.0515	0.0526	0.0632	0.0638	0.0564	0.0602	0.0670	0.0616	0.0496	0.0579	0.0613	0.0544	0.0509	0.0535	0.0571	0.0530	0.0543	0.0550	0.0512	0.0562	0.0455	0.0499	0.0457	0.0553	0.0528	0.0493	0.0469	0.0481	0.0418	0.0449	0.0451	0.0393	0.0396	0.0411	0.0397	0.0485	0.0480	0.0408	0.0414	0.0352	0.0361
0.0000	0.0000	0.0000	0.0000	0.0000	0.0000	0.0119	0.0106	0.0121	0.0150	0.0274	0.0151	0.0243	0.0225	0.0145	0.0309	0.0247	0.0368	0.0221	0.0315	0.0396	0.0498	0.0406	0.0488	0.0543	0.0488	0.0505	0.0512	0.0570	0.0609	0.0563	0.0508	0.0485	0.0550	0.0590	0.0505	0.0487	0.0609	0.0493	0.0440	0.0394	0.0434	0.0563	0.0480	0.0494	0.0503	0.0481	0.0478	0.0372	0.0346	0.0407	0.0420	0.0423	0.0379	0.0433	0.0503	0.0365	0.0329	0.0337	0.0334	0.0358	0.0345	0.0326	0.0365	0.0374	0.0430	0.0257	0.0177	0.0265
0.0000	0.0000	0.0000	0.0000	0.0000	0.0000	0.0000	0.0058	0.0000	0.0030	0.0105	0.0132	0.0278	0.0244	0.0272	0.0422	0.0164	0.0337	0.0477	0.0336	0.0330	0.0530	0.0428	0.0430	0.0648	0.0511	0.0475	0.0500	0.0452	0.0569	0.0418	0.0431	0.0556	0.0622	0.0579	0.0389	0.0596	0.0610	0.0555	0.0528	0.0504	0.0474	0.0503	0.0430	0.0385	0.0435	0.0395	0.0420	0.0401	0.0368	0.0451	0.0388	0.0447	0.0407	0.0444	0.0440	0.0330	0.0268	0.0297	0.0346	0.0454	0.0426	0.0420	0.0377	0.0394	0.0431	0.0401	0.0317	0.0342
