0.0000	0.0000	0.0000	0.0034	0.0000	0.0000	0.0069	0.0259	0.0180	0.0105	0.0144	0.0272	0.0232	0.0251	0.0328	0.0516	0.0477	0.0367	0.0571	0.0650	0.0639	0.0541	0.0530	0.0670	0.0838	0.0733	0.0755	0.0678	0.0708	0.0799	0.0713	0.0931	0.0822	0.0828	0.0906	0.0868	0.0860	0.0764	0.0696	0.0732	0.0671	0.0745	0.0671	0.0788	0.0573	0.0769	0.0809	0.0722	0.0830	0.0849	0.0921	0.0666	0.0750	0.0769	0.0790	0.0686	0.1007	0.0798	0.0798	0.0812	0.0823	0.0806	0.0744	0.0617	0.0614	0.0797	0.0762	0.0601	0.0571
0.0000	0.0000	0.0001	0.0173	0.0000	0.0009	0.0214	0.0288	0.0205	0.0095	0.0392	0.0465	0.0510	0.0450	0.0368	0.0495	0.0537	0.0604	0.0512	0.0678	0.0745	0.0749	0.0646	0.0859	0.1052	0.0737	0.0781	0.0771	0.0830	0.1022	0.0859	0.1011	0.0721	0.0841	0.0803	0.0732	0.0844	0.0843	0.0958	0.1002	0.0776	0.0812	0.0807	0.0960	0.0844	0.0731	0.0841	0.0904	0.0918	0.0883	0.1142	0.0829	0.0799	0.0817	0.0826	0.0829	0.0900	0.0975	0.0919	0.0863	0.1008	0.1001	0.0805	0.0795	0.0841	0.0809	0.0670	0.0569	0.0626
0.0000	0.0000	0.0000	0.0264	0.0115	0.0081	0.0075	0.0363	0.0262	0.0251	0.0259	0.0315	0.0451	0.0579	0.0482	0.0594	0.0553	0.0612	0.0560	0.0622	0.0745	0.0715	0.0646	0.0782	0.1021	0.0875	0.0917	0.0816	0.0783	0.1151	0.1027	0.0781	0.0805	0.0972	0.0910	0.0875	0.0815	0.0855	0.0836	0.0963	0.1141	0.0847	0.0891	0.1014	0.0814	0.0839	0.0868	0.0983	0.0922	0.0879	0.0976	0.1137	0.0993	0.0919	0.0876	0.0978	0.0986	0.1088	0.1058	0.0874	0.1086	0.1153	0.0922	0.0874	0.1040	0.0920	0.0780	0.0808	0.0906
0.0000	0.0020	0.0013	0.0135	0.0021	0.0139	0.0327	0.0319	0.0319	0.0254	0.0330	0.0629	0.0649	0.0495	0.0437	0.0535	0.0578	0.0786	0.0525	0.0639	0.0957	0.0819	0.0726	0.0758	0.1066	0.0800	0.0908	0.0822	0.0872	0.0867	0.0815	0.1013	0.0939	0.0845	0.0856	0.0947	0.0882	0.0880	0.0780	0.0933	0.1147	0.0896	0.0941	0.0877	0.0799	0.0983	0.0894	0.0917	0.0856	0.0911	0.1177	0.1203	0.1126	0.1156	0.1175	0.1089	0.1045	0.1207	0.1176	0.1095	0.1004	0.1065	0.1242	0.1121	0.1086	0.0942	0.1115	0.1234	0.1488
0.0000	0.0000	0.0151	0.0211	0.0145	0.0180	0.0280	0.0331	0.0278	0.0278	0.0302	0.0443	0.0761	0.0639	0.0556	0.0641	0.0588	0.0674	0.0651	0.0794	0.0921	0.0804	0.0823	0.0805	0.0886	0.0774	0.0908	0.1014	0.1022	0.0944	0.0835	0.0954	0.0934	0.1065	0.1150	0.0927	0.1022	0.0934	0.1026	0.1032	0.0933	0.0820	0.1053	0.0985	0.0921	0.1014	0.0998	0.1133	0.1035	0.0956	0.1078	0.1182	0.1056	0.1060	0.1060	0.1060	0.0974	0.1042	0.1207	0.1238	0.1075	0.1141	0.1313	0.1309	0.1315	0.1216	0.1386	0.1466	0.1404
0.0000	0.0000	0.0260	0.0421	0.0184	0.0285	0.0342	0.0446	0.0555	0.0544	0.0666	0.0583	0.0882	0.0675	0.0541	0.0783	0.1000	0.0780	0.0763	0.1046	0.0657	0.0760	0.0836	0.0884	0.1241	0.0983	0.0762	0.0682	0.0931	0.1085	0.0905	0.0925	0.1160	0.1128	0.1172	0.1066	0.1222	0.1119	0.0983	0.0875	0.1001	0.1118	0.1051	0.0994	0.0910	0.1089	0.1016	0.1210	0.1215	0.1296	0.1381	0.1172	0.1245	0.1246	0.1245	0.1517	0.1276	0.1042	0.1305	0.1477	0.1553	0.1629	0.1526	0.1745	0.1900	0.1487	0.1417	0.1535	0.1609
0.0000	0.0000	0.0199	0.0559	0.0335	0.0242	0.0465	0.0529	0.0649	0.0611	0.0948	0.0694	0.0597	0.0672	0.0724	0.0738	0.0997	0.0851	0.0927	0.0889	0.1026	0.0934	0.0768	0.0656	0.1153	0.1195	0.0849	0.0812	0.0954	0.1130	0.0995	0.0896	0.1129	0.1357	0.1252	0.1014	0.1087	0.1094	0.1059	0.1086	0.1113	0.1185	0.1227	0.1039	0.0937	0.1134	0.1151	0.1308	0.1087	0.1164	0.1239	0.1367	0.1476	0.1552	0.1441	0.1788	0.1586	0.1404	0.1632	0.1812	0.1807	0.1792	0.1941	0.2124	0.2137	0.1652	0.1587	0.1575	0.1904
0.0270	0.0037	0.0221	0.0359	0.0405	0.0159	0.0416	0.0785	0.0641	0.0519	0.0570	0.0755	0.0830	0.0738	0.0684	0.0841	0.0875	0.0865	0.1199	0.0854	0.1120	0.1022	0.1032	0.1046	0.0964	0.1134	0.1037	0.1101	0.1178	0.1069	0.1077	0.0965	0.1137	0.1264	0.1335	0.1117	0.1225	0.1243	0.1106	0.1174	0.1184	0.1072	0.1358	0.1166	0.0916	0.1333	0.1337	0.1541	0.1464	0.1424	0.1335	0.1527	0.1608	0.1778	0.1742	0.2135	0.1834	0.1829	0.2076	0.2105	0.2498	0.2570	0.3010	0.2418	0.2366	0.2302	0.2029	0.2021	0.2104
0.0042	0.0025	0.0108	0.0504	0.0358	0.0412	0.0485	0.0603	0.0711	0.0468	0.0591	0.0963	0.0784	0.0693	0.0868	0.0904	0.0849	0.0958	0.1129	0.1009	0.1125	0.1051	0.1074	0.1254	0.1270	0.1184	0.1121	0.1040	0.1002	0.1115	0.1175	0.1100	0.1224	0.1062	0.1359	0.1302	0.1197	0.1255	0.1177	0.1247	0.1280	0.1175	0.1334	0.1356	0.1298	0.1485	0.1522	0.1737	0.1634	0.1810	0.1908	0.1866	0.1966	0.2203	0.2261	0.2581	0.2463	0.2327	0.2663	0.2720	0.3287	0.4202	0.4221	0.3208	0.2969	0.2841	0.2272	0.2374	0.2420
0.0000	0.0025	0.0161	0.0619	0.0350	0.0456	0.0576	0.0704	0.0721	0.0754	0.0818	0.0784	0.0772	0.0887	0.0990	0.0766	0.1040	0.1095	0.1266	0.1251	0.1123	0.1156	0.1120	0.1081	0.1278	0.1127	0.1240	0.1188	0.1175	0.1320	0.1260	0.1150	0.1100	0.1253	0.1399	0.1253	0.1261	0.1337	0.1394	0.1274	0.1372	0.1294	0.1342	0.1524	0.1532	0.1730	0.1865	0.1820	0.1876	0.1972	0.2142	0.2187	0.2439	0.2288	0.2353	0.2556	0.2918	0.2784	0.3370	0.3644	0.4434	0.5131	0.4596	0.4467	0.4329	0.3570	0.2666	0.2856	0.2690
0.0000	0.0177	0.0393	0.0411	0.0378	0.0496	0.0491	0.0706	0.0609	0.0820	0.0970	0.0708	0.0826	0.0967	0.0977	0.1031	0.1012	0.1319	0.1280	0.1265	0.1478	0.1249	0.1238	0.1111	0.1466	0.1443	0.1402	0.1301	0.1451	0.1241	0.1375	0.1297	0.1370	0.1476	0.1527	0.1411	0.1499	0.1574	0.1477	0.1438	0.1396	0.1668	0.1674	0.1572	0.1813	0.1912	0.2086	0.2157	0.2168	0.2422	0.2497	0.2678	0.2562	0.2681	0.2865	0.3319	0.3773	0.3862	0.4603	0.5352	0.5514	0.4972	0.5059	0.5385	0.5383	0.4365	0.3765	0.3578	0.3399
0.0208	0.0183	0.0398	0.0441	0.0357	0.0542	0.0558	0.0928	0.0918	0.0736	0.0964	0.1007	0.1055	0.1046	0.0923	0.1177	0.1142	0.1296	0.1328	0.1323	0.1436	0.1460	0.1479	0.1398	0.1610	0.1398	0.1504	0.1605	0.1601	0.1310	0.1471	0.1512	0.1710	0.1675	0.1702	0.1549	0.1703	0.1902	0.1970	0.1778	0.1614	0.1769	0.2019	0.2075	0.2006	0.2103	0.2373	0.2629	0.2547	0.3107	0.2966	0.3304	0.3419	0.3684	0.3857	0.4811	0.6424	0.6171	0.6199	0.5946	0.5750	0.4953	0.5112	0.5784	0.5340	0.4325	0.4450	0.4588	0.4005
0.0387	0.0205	0.0257	0.0562	0.0555	0.0267	0.0536	0.0829	0.1015	0.0899	0.0951	0.1252	0.1350	0.1108	0.1191	0.1623	0.1849	0.1812	0.1655	0.1637	0.1669	0.1913	0.1755	0.1732	0.1762	0.1805	0.1494	0.1698	0.1807	0.1692	0.1703	0.1882	0.1966	0.2028	0.2099	0.1813	0.2040	0.2164	0.2168	0.2091	0.2113	0.2203	0.2393	0.2481	0.2438	0.2670	0.2918	0.3105	0.4007	0.4541	0.3826	0.3973	0.5042	0.4965	0.4595	0.5623	0.6998	0.6855	0.6637	0.5970	0.5385	0.5507	0.5599	0.6049	0.5651	0.4919	0.4603	0.4345	0.4222
0.0471	0.0345	0.0442	0.0484	0.0443	0.0669	0.0772	0.0883	0.1155	0.1351	0.1249	0.1482	0.1716	0.1728	0.1921	0.2527	0.3262	0.3107	0.3272	0.2931	0.2798	0.2670	0.2713	0.2079	0.2033	0.2186	0.2250	0.2263	0.2058	0.2089	0.2207	0.2174	0.2415	0.2493	0.2546	0.2509	0.2579	0.2682	0.2679	0.2657	0.2848	0.2798	0.3022	0.3078	0.3056	0.3514	0.3925	0.4985	0.7012	0.7159	0.6176	0.6667	0.7804	0.6632	0.5822	0.6047	0.6280	0.6111	0.6061	0.6043	0.5264	0.5207	0.5113	0.5153	0.5317	0.4810	0.4955	0.4502	0.4232
0.0109	0.0338	0.0694	0.0734	0.0667	0.0982	0.1032	0.1205	0.1328	0.1672	0.1907	0.2144	0.2402	0.2805	0.4003	0.4411	0.6017	0.5860	0.5962	0.5836	0.5694	0.5509	0.5143	0.4446	0.4277	0.4931	0.4134	0.3106	0.2782	0.2973	0.2762	0.3133	0.3420	0.3287	0.3017	0.3153	0.3116	0.3424	0.3396	0.3291	0.3307	0.3376	0.3399	0.3777	0.4088	0.4462	0.4919	0.7626	0.8943	0.8101	0.7968	0.7912	0.8069	0.6732	0.6697	0.7146	0.7316	0.6933	0.6075	0.6174	0.5626	0.4950	0.4774	0.5112	0.5215	0.4625	0.5038	0.4402	0.4340
0.0358	0.0434	0.0759	0.0931	0.1112	0.1251	0.0974	0.1792	0.1922	0.2093	0.2607	0.3271	0.4414	0.5193	0.6321	0.6307	0.6889	0.6418	0.7043	0.7172	0.7158	0.7100	0.6909	0.6981	0.6782	0.6831	0.6668	0.5256	0.4717	0.4265	0.4634	0.4627	0.4576	0.4579	0.4118	0.4199	0.4321	0.4144	0.3848	0.3637	0.3434	0.3432	0.3734	0.4091	0.4486	0.5302	0.6586	0.8310	0.8200	0.7981	0.8053	0.7956	0.7518	0.6673	0.6481	0.7067	0.6601	0.6790	0.5967	0.6014	0.5566	0.4983	0.4960	0.5645	0.4886	0.4376	0.4168	0.4256	0.4065
0.0775	0.0818	0.0973	0.1278	0.1680	0.2007	0.2471	0.2926	0.2954	0.3845	0.5663	0.5967	0.7464	0.6155	0.5368	0.5788	0.5527	0.6324	0.6369	0.6703	0.7509	0.7072	0.7140	0.7106	0.7325	0.6845	0.6840	0.7029	0.6839	0.6941	0.7588	0.7565	0.7639	0.7376	0.7195	0.6658	0.7144	0.6680	0.6679	0.4244	0.3758	0.3794	0.4321	0.4859	0.4915	0.5727	0.7583	0.8449	0.7734	0.7555	0.7727	0.7751	0.6812	0.6744	0.6454	0.6489	0.6210	0.6211	0.5741	0.5410	0.5171	0.4732	0.4684	0.4986	0.4715	0.4057	0.4086	0.4085	0.4214
0.0972	0.1556	0.1643	0.2486	0.3276	0.4216	0.5369	0.6308	0.7033	0.6303	0.6997	0.6585	0.5863	0.4796	0.4881	0.5507	0.5594	0.6019	0.6343	0.6395	0.7012	0.7278	0.6704	0.6476	0.6757	0.6639	0.6846	0.7212	0.6823	0.7219	0.8201	0.8181	0.7862	0.8541	0.8440	0.7988	0.8346	0.8388	0.8555	0.5881	0.4476	0.4424	0.4424	0.4931	0.5728	0.6990	0.7982	0.7937	0.7993	0.7153	0.6765	0.7178	0.6720	0.6359	0.6457	0.5633	0.5299	0.5443	0.5765	0.5216	0.5108	0.4830	0.4452	0.4522	0.4504	0.4059	0.3914	0.3791	0.3808
0.1481	0.2627	0.3678	0.4852	0.5735	0.6323	0.6856	0.6743	0.7197	0.5932	0.4892	0.4874	0.5139	0.4882	0.5146	0.6164	0.6195	0.6205	0.6543	0.6700	0.6312	0.6511	0.6169	0.6291	0.6408	0.6451	0.6949	0.6551	0.6512	0.6897	0.6920	0.7386	0.7658	0.7977	0.8312	0.7741	0.7378	0.7607	0.7723	0.7557	0.6497	0.5013	0.5069	0.6006	0.7276	0.7673	0.7156	0.7218	0.7004	0.6906	0.6781	0.6658	0.6576	0.6260	0.6062	0.5633	0.5279	0.5095	0.5276	0.4816	0.4992	0.4724	0.4410	0.4225	0.4181	0.4233	0.3734	0.3590	0.3696
0.2291	0.3413	0.4408	0.4737	0.4932	0.4993	0.5153	0.4333	0.4793	0.4917	0.4265	0.4338	0.5061	0.4992	0.5283	0.5972	0.6375	0.6678	0.6128	0.6381	0.6430	0.6314	0.6183	0.6521	0.6373	0.6312	0.6702	0.6605	0.6564	0.6745	0.6990	0.7093	0.7232	0.7954	0.7583	0.7477	0.6948	0.7284	0.7066	0.7604	0.7543	0.6164	0.6241	0.7237	0.7863	0.6941	0.6394	0.6736	0.6643	0.6212	0.5725	0.5619	0.5637	0.6099	0.5480	0.5454	0.5603	0.5377	0.5106	0.4661	0.4648	0.4462	0.4412	0.4389	0.4442	0.4418	0.3862	0.3840	0.3832
0.2315	0.3046	0.3400	0.3093	0.3579	0.3938	0.3794	0.3478	0.3780	0.3869	0.4079	0.4345	0.5199	0.4800	0.4980	0.5700	0.6152	0.6237	0.6091	0.5770	0.6069	0.5988	0.6006	0.6563	0.6321	0.6276	0.6077	0.6368	0.6485	0.6135	0.6784	0.6794	0.7038	0.8128	0.7216	0.7153	0.7316	0.7190	0.6720	0.7252	0.7323	0.6588	0.6971	0.6978	0.6664	0.5946	0.6061	0.6238	0.5734	0.5530	0.5725	0.5843	0.5121	0.5481	0.5332	0.5369	0.5178	0.5094	0.5079	0.4729	0.4800	0.4582	0.4488	0.4077	0.4117	0.4077	0.3862	0.3776	0.3788
0.2373	0.3106	0.3088	0.2647	0.2764	0.3356	0.3642	0.3615	0.3904	0.3652	0.4108	0.4359	0.4877	0.5254	0.5156	0.5494	0.6512	0.6227	0.6194	0.6426	0.6281	0.6321	0.6623	0.5998	0.6066	0.6134	0.6038	0.6000	0.6181	0.6099	0.6477	0.6373	0.6424	0.6821	0.7127	0.7055	0.7034	0.7250	0.6759	0.7356	0.7408	0.6789	0.6709	0.6651	0.6252	0.5961	0.5827	0.5810	0.5141	0.5065	0.5654	0.5329	0.5096	0.5193	0.4986	0.5075	0.4966	0.5133	0.4906	0.4540	0.4925	0.4677	0.4561	0.4320	0.3943	0.4094	0.3777	0.3765	0.3454
0.1882	0.2213	0.2938	0.2859	0.2834	0.3294	0.3629	0.3508	0.3445	0.3443	0.4274	0.4447	0.4693	0.4713	0.5125	0.5765	0.6457	0.6394	0.5822	0.5534	0.6087	0.6600	0.6575	0.6055	0.5747	0.5494	0.5819	0.6027	0.5888	0.6149	0.5719	0.5905	0.6580	0.6514	0.6538	0.6810	0.7086	0.6985	0.6818	0.6634	0.6639	0.6372	0.6032	0.5806	0.5867	0.5737	0.5486	0.5492	0.5430	0.5101	0.5564	0.5547	0.5516	0.5321	0.5245	0.5070	0.5205	0.5142	0.4628	0.4880	0.4627	0.4543	0.4757	0.4926	0.4291	0.4207	0.3962	0.3786	0.3646
0.1832	0.2382	0.2882	0.3040	0.3383	0.3518	0.3858	0.3657	0.3701	0.3418	0.4099	0.4126	0.4538	0.4719	0.4742	0.5294	0.6172	0.6228	0.6324	0.6132	0.6321	0.6283	0.5838	0.5594	0.6093	0.5346	0.5645	0.5700	0.5706	0.5489	0.5907	0.5712	0.6072	0.6675	0.6621	0.6128	0.6317	0.6517	0.5997	0.5999	0.5642	0.5626	0.5785	0.5447	0.5536	0.5505	0.5675	0.5372	0.4999	0.4870	0.5195	0.5647	0.5309	0.5018	0.4980	0.5356	0.5286	0.5386	0.5038	0.4844	0.4636	0.4675	0.4585	0.4502	0.4073	0.3902	0.3622	0.3709	0.3908
0.2225	0.2599	0.2674	0.2978	0.3370	0.3273	0.3707	0.3732	0.3541	0.3824	0.4266	0.4314	0.4410	0.4572	0.4725	0.4849	0.5079	0.5453	0.6367	0.5999	0.5715	0.5619	0.5449	0.5918	0.5579	0.5417	0.5560	0.5644	0.5825	0.5619	0.5645	0.5795	0.6308	0.6112	0.6102	0.5942	0.6500	0.6103	0.5693	0.5877	0.5647	0.5579	0.5436	0.5308	0.5438	0.5240	0.5233	0.5239	0.5177	0.5091	0.5252	0.5461	0.5148	0.4897	0.5014	0.5104	0.5074	0.4974	0.4990	0.5016	0.4776	0.4521	0.4558	0.4169	0.4103	0.3804	0.3684	0.3648	0.3762
0.2442	0.2466	0.3016	0.3251	0.3377	0.3121	0.3417	0.3712	0.3801	0.3902	0.3980	0.4525	0.4714	0.4730	0.4973	0.5058	0.5446	0.5207	0.5297	0.5653	0.5494	0.5143	0.5225	0.5493	0.5368	0.5698	0.5618	0.5891	0.5998	0.5707	0.5987	0.5892	0.6178	0.6117	0.5846	0.5799	0.6166	0.5679	0.5749	0.5696	0.5689	0.5627	0.5168	0.5104	0.5624	0.5716	0.5675	0.5509	0.5607	0.5501	0.5491	0.5270	0.5260	0.5143	0.5393	0.5273	0.5002	0.5053	0.5006	0.5085	0.4814	0.4657	0.4641	0.4128	0.4039	0.4278	0.3450	0.3735	0.3655
0.2382	0.2659	0.3274	0.3361	0.3410	0.3376	0.3473	0.3706	0.3436	0.3587	0.4029	0.4444	0.5004	0.5068	0.4910	0.5198	0.5187	0.5124	0.5474	0.5380	0.5572	0.5248	0.5501	0.5756	0.5262	0.5104	0.5316	0.5645	0.5568	0.5977	0.5863	0.6086	0.5950	0.6229	0.5946	0.5588	0.5761	0.5932	0.5931	0.5984	0.5809	0.5492	0.5747	0.5508	0.5732	0.5591	0.5124	0.5311	0.5464	0.5525	0.5800	0.5164	0.5170	0.5135	0.5326	0.5291	0.5023	0.4844	0.4639	0.4997	0.4642	0.4559	0.4483	0.4356	0.4214	0.3921	0.3473	0.3669	0.3502
0.2272	0.2794	0.3065	0.3021	0.3025	0.3861	0.3402	0.3234	0.3291	0.3915	0.4291	0.4231	0.4790	0.4718	0.4683	0.4933	0.4819	0.5210	0.5409	0.6048	0.5574	0.5275	0.5271	0.5502	0.5521	0.5385	0.5691	0.5871	0.5910	0.5931	0.5960	0.5972	0.5765	0.5783	0.5911	0.5598	0.5736	0.5819	0.6194	0.5935	0.5853	0.5893	0.5863	0.5545	0.5572	0.5530	0.5390	0.5405	0.5325	0.5196	0.5693	0.5618	0.5788	0.5489	0.5082	0.5161	0.5283	0.5058	0.4805	0.4845	0.4663	0.4528	0.4433	0.3957	0.3994	0.3682	0.3636	0.3809	0.3538
0.2412	0.2848	0.3045	0.3037	0.3255	0.3414	0.3681	0.3277	0.3658	0.4003	0.4015	0.4351	0.4389	0.4525	0.4674	0.5182	0.4827	0.5370	0.5766	0.5870	0.5727	0.5487	0.5647	0.5821	0.5558	0.5250	0.6086	0.5785	0.6003	0.5750	0.5851	0.5931	0.5934	0.5894	0.5611	0.5688	0.5946	0.5910	0.6011	0.5816	0.5978	0.5857	0.5496	0.5726	0.5547	0.5343	0.5682	0.5578	0.5746	0.5625	0.5582	0.5560	0.5662	0.5471	0.5469	0.5115	0.5000	0.5105	0.4861	0.4739	0.4760	0.4426	0.4332	0.4050	0.3889	0.4161	0.3887	0.3592	0.3419
0.2161	0.2688	0.3293	0.3582	0.3464	0.2983	0.3238	0.3626	0.4089	0.3935	0.4284	0.4399	0.4776	0.4954	0.4849	0.5335	0.5668	0.5735	0.5522	0.5905	0.6051	0.5755	0.5720	0.5955	0.5329	0.5596	0.5679	0.6125	0.6193	0.6071	0.5851	0.6093	0.6522	0.6177	0.6007	0.5870	0.6206	0.6254	0.5949	0.5726	0.5851	0.5951	0.5603	0.5895	0.5649	0.5289	0.5671	0.5549	0.5693	0.5681	0.5454	0.5475	0.5376	0.5505	0.5743	0.5418	0.4545	0.4780	0.4705	0.4522	0.4562	0.4794	0.4278	0.4284	0.4274	0.4032	0.3649	0.3725	0.3518
0.2291	0.2674	0.3259	0.3462	0.3056	0.3242	0.3469	0.3691	0.4461	0.4330	0.4227	0.4591	0.4819	0.4932	0.4890	0.5246	0.5436	0.5614	0.5205	0.5768	0.5963	0.5854	0.5641	0.5575	0.5948	0.5414	0.5147	0.5483	0.5790	0.6064	0.6055	0.6416	0.6615	0.6680	0.6748	0.6430	0.6702	0.6172	0.6221	0.6165	0.5576	0.5767	0.5792	0.5850	0.5667	0.5541	0.5829	0.5346	0.5606	0.6044	0.5830	0.5680	0.5958	0.5408	0.5288	0.5128	0.5067	0.4875	0.5015	0.5256	0.4633	0.4755	0.4378	0.4235	0.4268	0.4053	0.3841	0.3656	0.3352
0.1959	0.2711	0.2890	0.3003	0.3063	0.3570	0.3723	0.3659	0.3938	0.4359	0.4211	0.4618	0.4851	0.4343	0.4737	0.5397	0.5257	0.5466	0.5597	0.5592	0.5697	0.5811	0.5398	0.5649	0.6072	0.5780	0.5563	0.5533	0.6147	0.6067	0.6210	0.6724	0.6541	0.6616	0.6922	0.6758	0.6742	0.6492	0.6352	0.6322	0.5963	0.5826	0.6317	0.5789	0.5871	0.5783	0.5536	0.5762	0.5467	0.6061	0.6306	0.5588	0.5633	0.5795	0.5702	0.5315	0.5009	0.4958	0.4658	0.4816	0.4716	0.4862	0.4852	0.4751	0.4313	0.4156	0.3970	0.3820	0.3524
0.2439	0.2794	0.2905	0.2994	0.2935	0.3699	0.4406	0.3906	0.3765	0.4250	0.3917	0.4473	0.4717	0.4778	0.4916	0.5396	0.5503	0.5587	0.5708	0.5895	0.5779	0.5804	0.5627	0.5918	0.5847	0.5694	0.5656	0.5734	0.6154	0.6085	0.6528	0.6646	0.6497	0.6662	0.7565	0.7323	0.7544	0.6954	0.6927	0.6710	0.7102	0.6880	0.6711	0.6411	0.6400	0.5635	0.5911	0.5759	0.5884	0.5741	0.5756	0.5843	0.6177	0.5656	0.5650	0.5583	0.5189	0.5249	0.4821	0.4537	0.4627	0.4869	0.5253	0.4571	0.4212	0.4048	0.3874	0.3708	0.3602
0.2611	0.2667	0.3263	0.3081	0.3521	0.3450	0.3562	0.3896	0.4340	0.4539	0.4243	0.4224	0.4429	0.5263	0.4963	0.5365	0.5341	0.5540	0.5942	0.6285	0.6448	0.6144	0.5892	0.6158	0.6062	0.5741	0.5809	0.6100	0.6339	0.6349	0.6702	0.7028	0.6888	0.7311	0.7990	0.7219	0.7199	0.7269	0.7683	0.7245	0.7615	0.7706	0.7453	0.7223	0.6664	0.6426	0.6835	0.6198	0.6164	0.5916	0.6206	0.5898	0.6123	0.5620	0.5478	0.5575	0.5359	0.4999	0.5413	0.5192	0.4757	0.4722	0.4675	0.4811	0.4407	0.4334	0.4071	0.4086	0.3947
0.2473	0.3030	0.2871	0.3000	0.3320	0.3475	0.3751	0.3922	0.4238	0.4200	0.4184	0.4546	0.5159	0.5253	0.4833	0.5583	0.5780	0.6108	0.6241	0.6609	0.7075	0.6517	0.6178	0.6592	0.7291	0.6811	0.6758	0.6224	0.6517	0.6782	0.6297	0.6581	0.7055	0.7327	0.8096	0.7818	0.7280	0.7464	0.8078	0.7653	0.8023	0.8061	0.8471	0.8020	0.7275	0.6921	0.6873	0.6803	0.6252	0.6632	0.6609	0.6091	0.5916	0.5616	0.5463	0.5574	0.5531	0.5522	0.5479	0.5247	0.4874	0.4868	0.5047	0.4910	0.4591	0.4418	0.4423	0.4130	0.3825
0.2486	0.2690	0.2863	0.2920	0.3161	0.3941	0.3964	0.4054	0.4068	0.4339	0.4624	0.4673	0.4832	0.5315	0.5452	0.5893	0.6132	0.6186	0.6510	0.6607	0.6446	0.6730	0.6599	0.6490	0.7115	0.6799	0.6940	0.6949	0.7235	0.6631	0.6409	0.6595	0.7545	0.7881	0.7917	0.7808	0.7772	0.8059	0.7870	0.8120	0.8757	0.8760	0.9246	0.8725	0.8271	0.8220	0.8052	0.7901	0.7578	0.7405	0.7245	0.6770	0.6219	0.5822	0.5882	0.5834	0.5452	0.5528	0.5485	0.5113	0.5105	0.5077	0.5430	0.5006	0.4483	0.4500	0.4508	0.4182	0.3996
0.2446	0.2633	0.2958	0.3158	0.3211	0.3763	0.4015	0.4260	0.4298	0.4653	0.4680	0.4805	0.5025	0.5223	0.5415	0.5852	0.6542	0.6369	0.6392	0.6782	0.6871	0.6991	0.6674	0.7133	0.6672	0.6704	0.6685	0.6972	0.7429	0.7130	0.7159	0.6941	0.7698	0.7955	0.7576	0.7850	0.7968	0.8734	0.8560	0.8399	0.8591	0.8855	0.8935	0.9277	0.9270	0.8258	0.8546	0.8192	0.8233	0.8073	0.7668	0.7253	0.6818	0.6363	0.5777	0.5925	0.5770	0.5813	0.5889	0.5384	0.5101	0.5262	0.5335	0.5041	0.4543	0.4415	0.4455	0.4170	0.4130
0.2527	0.2819	0.3264	0.3439	0.3313	0.4005	0.4623	0.4499	0.4644	0.4944	0.4990	0.5498	0.5321	0.4972	0.5626	0.5929	0.6891	0.7626	0.7059	0.7249	0.7214	0.7281	0.7059	0.7287	0.7281	0.7615	0.7448	0.7133	0.7197	0.7055	0.7244	0.7744	0.7532	0.7620	0.8276	0.8029	0.8329	0.9103	0.9086	0.7944	0.5804	0.5656	0.6908	0.7837	0.8718	0.8582	0.8665	0.7606	0.7146	0.7910	0.8293	0.7930	0.7503	0.7074	0.6660	0.6250	0.6315	0.6353	0.6246	0.5461	0.5565	0.5438	0.4923	0.5039	0.5010	0.4684	0.4679	0.4141	0.4376
0.2556	0.3969	0.4756	0.4912	0.4994	0.5056	0.5197	0.4950	0.4800	0.4896	0.5279	0.5468	0.5306	0.5305	0.5538	0.6208	0.6893	0.7078	0.7157	0.7196	0.6777	0.7129	0.7302	0.7324	0.7839	0.7523	0.7580	0.7285	0.7172	0.7401	0.7516	0.7848	0.8256	0.8326	0.9063	0.8644	0.8716	0.9144	0.8901	0.6324	0.3828	0.4015	0.4529	0.5144	0.6515	0.8487	0.7712	0.5625	0.5267	0.7807	0.8676	0.8477	0.7656	0.7065	0.6420	0.6636	0.6300	0.6159	0.5553	0.5874	0.5987	0.5601	0.5320	0.5191	0.4997	0.4788	0.4729	0.4603	0.4560
0.1912	0.3754	0.4809	0.6406	0.6945	0.6930	0.7616	0.7206	0.6047	0.5978	0.5835	0.5621	0.5208	0.5285	0.5967	0.6335	0.6718	0.6959	0.7012	0.7156	0.6815	0.6828	0.7023	0.7296	0.7299	0.7613	0.7445	0.7189	0.7819	0.7835	0.8153	0.8300	0.8684	0.8838	0.8968	0.8984	0.9872	0.9417	0.7547	0.4049	0.3078	0.3425	0.3780	0.4098	0.4851	0.6657	0.6269	0.4569	0.5359	0.8171	0.8887	0.8543	0.7797	0.7345	0.6761	0.6614	0.6586	0.6620	0.6069	0.6506	0.6392	0.5769	0.5801	0.5542	0.5275	0.4826	0.4676	0.4643	0.4315
0.1127	0.1874	0.2274	0.3291	0.4509	0.5676	0.6338	0.6437	0.7149	0.7602	0.7638	0.6687	0.5661	0.5871	0.6295	0.6396	0.6249	0.6258	0.6815	0.6976	0.7312	0.7261	0.7905	0.7672	0.7624	0.7858	0.7393	0.7666	0.8785	0.8798	0.9203	0.9072	0.8444	0.9065	0.9176	1.0000	0.9522	0.7806	0.4957	0.2983	0.2995	0.2953	0.3315	0.3490	0.3819	0.4133	0.4264	0.3936	0.4592	0.5932	0.6428	0.8065	0.8191	0.7724	0.7330	0.7328	0.6955	0.6905	0.6300	0.6228	0.6346	0.6126	0.5949	0.5649	0.5513	0.5018	0.4909	0.4776	0.4297
0.0459	0.0848	0.1346	0.1471	0.1799	0.2476	0.2668	0.3200	0.4254	0.5460	0.6722	0.7117	0.6983	0.6506	0.6473	0.5995	0.5889	0.6178	0.6320	0.6802	0.7296	0.7323	0.7970	0.8177	0.8261	0.7606	0.7578	0.7847	0.7428	0.8013	0.7826	0.6549	0.5530	0.6059	0.6014	0.7657	0.5660	0.3796	0.3220	0.2875	0.2934	0.2871	0.3009	0.2978	0.3379	0.3478	0.3866	0.3906	0.4247	0.4355	0.5301	0.7692	0.8503	0.8097	0.7777	0.7549	0.7642	0.7154	0.6607	0.6661	0.6619	0.5950	0.5997	0.6157	0.5746	0.5485	0.5336	0.4874	0.4471
0.0286	0.0416	0.0624	0.0910	0.0964	0.1144	0.1268	0.1495	0.2060	0.2337	0.2964	0.4069	0.5491	0.5930	0.6372	0.6579	0.6840	0.7457	0.7534	0.7171	0.7058	0.7579	0.7651	0.7964	0.7270	0.6071	0.4873	0.4182	0.3901	0.4083	0.3649	0.3000	0.3031	0.3277	0.3171	0.3146	0.3014	0.2916	0.2853	0.2823	0.3010	0.2827	0.2895	0.3089	0.3204	0.3258	0.3649	0.3932	0.3954	0.4209	0.4789	0.6464	0.8261	0.8366	0.8119	0.8241	0.8664	0.8288	0.7614	0.7625	0.6875	0.6286	0.6155	0.6224	0.5911	0.6066	0.5884	0.5045	0.4936
0.0281	0.0382	0.0368	0.0523	0.0690	0.0742	0.0834	0.0960	0.1219	0.1332	0.1567	0.1632	0.2264	0.2918	0.3777	0.4798	0.5438	0.6022	0.6175	0.6166	0.5532	0.5821	0.5543	0.4283	0.3261	0.2691	0.2179	0.2121	0.2345	0.2491	0.2502	0.2511	0.2485	0.2537	0.2436	0.2597	0.2640	0.2659	0.2624	0.2488	0.2679	0.2800	0.2730	0.2894	0.3094	0.3218	0.3123	0.3390	0.3694	0.4007	0.4449	0.5331	0.7727	0.8426	0.8122	0.9166	0.8953	0.8306	0.7816	0.8031	0.7381	0.6632	0.6922	0.6760	0.6322	0.6590	0.5853	0.5555	0.5355
0.0076	0.0284	0.0390	0.0451	0.0612	0.0684	0.0724	0.0834	0.0913	0.0936	0.1207	0.1067	0.1390	0.1454	0.1568	0.2146	0.2401	0.2416	0.2562	0.2432	0.2288	0.2161	0.1868	0.1753	0.1781	0.1640	0.1685	0.1535	0.1847	0.1831	0.1852	0.2039	0.1944	0.1923	0.2059	0.2088	0.2195	0.2301	0.2356	0.2211	0.2307	0.2467	0.2496	0.2576	0.2567	0.2835	0.2731	0.2963	0.3243	0.3701	0.4262	0.4496	0.6794	0.8785	0.9206	0.8742	0.7857	0.7469	0.7719	0.7591	0.7327	0.7157	0.7187	0.6459	0.6484	0.6745	0.6183	0.5818	0.5324
0.0139	0.0202	0.0386	0.0288	0.0430	0.0684	0.0909	0.0961	0.0841	0.0727	0.0766	0.0845	0.1009	0.1084	0.1044	0.1277	0.1237	0.1401	0.1514	0.1528	0.1492	0.1275	0.1412	0.1470	0.1422	0.1259	0.1311	0.1306	0.1413	0.1481	0.1480	0.1514	0.1481	0.1502	0.1648	0.1522	0.1602	0.1680	0.1793	0.1731	0.1774	0.1886	0.1926	0.2093	0.2186	0.2234	0.2205	0.2409	0.2470	0.2650	0.2936	0.3170	0.4049	0.6226	0.7827	0.7848	0.6642	0.7549	0.8332	0.7897	0.7704	0.7900	0.6502	0.4477	0.4978	0.5988	0.6156	0.5672	0.5699
0.0092	0.0304	0.0351	0.0404	0.0406	0.0522	0.0537	0.0711	0.0753	0.0605	0.0719	0.0771	0.0951	0.0902	0.0773	0.0989	0.0974	0.1166	0.1147	0.1324	0.1138	0.1077	0.1088	0.1300	0.1173	0.1184	0.1120	0.1046	0.1153	0.1152	0.1140	0.1144	0.1050	0.1111	0.1294	0.1377	0.1298	0.1320	0.1336	0.1310	0.1306	0.1456	0.1573	0.1567	0.1685	0.1555	0.1671	0.1798	0.1830	0.1931	0.2196	0.2385	0.2657	0.2919	0.3610	0.4528	0.4252	0.5639	0.7255	0.7602	0.6491	0.5698	0.4320	0.3513	0.3600	0.4761	0.5526	0.5290	0.4518
0.0084	0.0180	0.0190	0.0295	0.0262	0.0474	0.0614	0.0662	0.0706	0.0617	0.0653	0.0671	0.0696	0.0752	0.0845	0.0950	0.0823	0.1123	0.1060	0.0970	0.0753	0.1042	0.0852	0.0947	0.0959	0.1015	0.0847	0.1017	0.1210	0.1060	0.0900	0.0927	0.0984	0.0960	0.1118	0.1111	0.1114	0.1160	0.1127	0.1024	0.1068	0.1176	0.1175	0.1209	0.1327	0.1376	0.1368	0.1445	0.1405	0.1485	0.1807	0.1820	0.2053	0.2202	0.2316	0.2641	0.2913	0.3359	0.5727	0.6163	0.4205	0.2889	0.2821	0.2823	0.2727	0.3037	0.3421	0.3545	0.3208
0.0000	0.0088	0.0201	0.0223	0.0266	0.0354	0.0634	0.0514	0.0550	0.0636	0.0720	0.0565	0.0659	0.0672	0.0738	0.0848	0.0882	0.0947	0.0813	0.0818	0.0821	0.0918	0.0886	0.1014	0.0783	0.0940	0.0912	0.0916	0.1004	0.1002	0.0877	0.0804	0.0838	0.0828	0.0915	0.0845	0.0921	0.0969	0.1038	0.1002	0.0869	0.0957	0.1061	0.1006	0.1238	0.1293	0.1146	0.1250	0.1366	0.1248	0.1482	0.1557	0.1597	0.1752	0.1912	0.1985	0.2150	0.2347	0.3152	0.3433	0.2530	0.2103	0.2247	0.2130	0.2090	0.2336	0.2549	0.2708	0.2969
0.0000	0.0000	0.0245	0.0161	0.0131	0.0241	0.0389	0.0355	0.0446	0.0452	0.0592	0.0708	0.0769	0.0596	0.0664	0.0741	0.0637	0.0759	0.0715	0.0686	0.0858	0.0918	0.0744	0.0750	0.0788	0.0793	0.0749	0.0733	0.0759	0.0782	0.0771	0.0732	0.0707	0.0802	0.0758	0.0709	0.0758	0.0953	0.0896	0.0726	0.0769	0.0819	0.0925	0.0915	0.0974	0.0972	0.1053	0.1076	0.1137	0.1168	0.1246	0.1327	0.1450	0.1371	0.1433	0.1550	0.1763	0.1725	0.1822	0.2082	0.2066	0.1817	0.1871	0.1981	0.1936	0.2024	0.2172	0.2259	0.2530
0.0008	0.0039	0.0169	0.0162	0.0134	0.0252	0.0291	0.0408	0.0326	0.0396	0.0515	0.0538	0.0525	0.0559	0.0695	0.0605	0.0679	0.0684	0.0591	0.0550	0.0678	0.0726	0.0603	0.0653	0.0750	0.0846	0.0790	0.0770	0.0681	0.0719	0.0686	0.0702	0.0684	0.0757	0.0770	0.0773	0.0832	0.0864	0.0766	0.0770	0.0834	0.0846	0.0777	0.0747	0.0811	0.0846	0.0806	0.0859	0.0869	0.0958	0.1069	0.1097	0.1119	0.1195	0.1356	0.1375	0.1332	0.1332	0.1614	0.1718	0.1693	0.1631	0.1581	0.1615	0.1753	0.1808	0.2021	0.1969	0.2346
0.0157	0.0010	0.0029	0.0150	0.0285	0.0156	0.0428	0.0304	0.0322	0.0290	0.0333	0.0443	0.0533	0.0689	0.0670	0.0623	0.0648	0.0590	0.0600	0.0690	0.0700	0.0600	0.0649	0.0617	0.0707	0.0812	0.0658	0.0606	0.0668	0.0741	0.0586	0.0661	0.0615	0.0633	0.0665	0.0649	0.0774	0.0791	0.0692	0.0770	0.0835	0.0666	0.0677	0.0671	0.0671	0.0767	0.0756	0.0750	0.0717	0.0733	0.0868	0.0915	0.0860	0.1058	0.1149	0.1002	0.1067	0.1086	0.1109	0.1341	0.1327	0.1300	0.1312	0.1486	0.1498	0.1489	0.1503	0.1832	0.2086
0.0000	0.0000	0.0015	0.0191	0.0127	0.0033	0.0224	0.0271	0.0156	0.0159	0.0173	0.0330	0.0408	0.0447	0.0513	0.0634	0.0418	0.0477	0.0439	0.0607	0.0571	0.0567	0.0517	0.0567	0.0633	0.0708	0.0551	0.0518	0.0559	0.0660	0.0512	0.0527	0.0631	0.0637	0.0627	0.0546	0.0666	0.0702	0.0607	0.0596	0.0683	0.0568	0.0645	0.0608	0.0599	0.0589	0.0594	0.0603	0.0623	0.0670	0.0727	0.0667	0.0724	0.0786	0.0865	0.0980	0.0951	0.0948	0.0988	0.1073	0.1180	0.1070	0.0961	0.1181	0.1138	0.1214	0.1267	0.1470	0.1818
0.0000	0.0000	0.0000	0.0006	0.0037	0.0000	0.0173	0.0226	0.0187	0.0120	0.0259	0.0403	0.0215	0.0255	0.0348	0.0513	0.0549	0.0459	0.0429	0.0613	0.0469	0.0377	0.0313	0.0465	0.0562	0.0530	0.0533	0.0512	0.0540	0.0609	0.0526	0.0478	0.0499	0.0525	0.0555	0.0529	0.0466	0.0505	0.0647	0.0635	0.0581	0.0569	0.0613	0.0552	0.0596	0.0648	0.0666	0.0615	0.0526	0.0631	0.0694	0.0789	0.0805	0.0709	0.0797	0.0880	0.0850	0.0823	0.0940	0.1008	0.1026	0.0849	0.0879	0.0941	0.1074	0.1128	0.1024	0.1118	0.1317
0.0000	0.0000	0.0000	0.0047	0.0000	0.0000	0.0105	0.0172	0.0178	0.0057	0.0179	0.0356	0.0355	0.0291	0.0260	0.0371	0.0496	0.0463	0.0438	0.0551	0.0499	0.0472	0.0320	0.0432	0.0655	0.0613	0.0492	0.0612	0.0597	0.0555	0.0500	0.0443	0.0511	0.0537	0.0532	0.0460	0.0484	0.0540	0.0583	0.0543	0.0506	0.0513	0.0508	0.0523	0.0559	0.0628	0.0638	0.0629	0.0577	0.0578	0.0707	0.0724	0.0702	0.0726	0.0723	0.0796	0.0771	0.0726	0.0808	0.0926	0.0791	0.0701	0.0912	0.0770	0.0890	0.0848	0.0845	0.0923	0.0927
0.0000	0.0000	0.0000	0.0000	0.0000	0.0000	0.0036	0.0196	0.0286	0.0167	0.0199	0.0254	0.0387	0.0343	0.0314	0.0241	0.0346	0.0329	0.0280	0.0530	0.0485	0.0555	0.0389	0.0469	0.0550	0.0538	0.0503	0.0421	0.0474	0.0525	0.0405	0.0461	0.0466	0.0640	0.0605	0.0411	0.0464	0.0550	0.0576	0.0476	0.0475	0.0504	0.0460	0.0489	0.0532	0.0618	0.0535	0.0499	0.0539	0.0554	0.0632	0.0660	0.0633	0.0688	0.0737	0.0853	0.0823	0.0644	0.0684	0.0666	0.0614	0.0582	0.0669	0.0833	0.0691	0.0681	0.0616	0.0659	0.0776
0.0000	0.0000	0.0000	0.0000	0.0000	0.0009	0.0014	0.0202	0.0177	0.0000	0.0223	0.0201	0.0301	0.0250	0.0314	0.0259	0.0463	0.0351	0.0188	0.0307	0.0433	0.0334	0.0374	0.0497	0.0497	0.0360	0.0349	0.0381	0.0525	0.0523	0.0428	0.0414	0.0532	0.0576	0.0523	0.0424	0.0430	0.0457	0.0406	0.0451	0.0411	0.0453	0.0508	0.0471	0.0573	0.0537	0.0561	0.0506	0.0440	0.0509	0.0582	0.0564	0.0576	0.0626	0.0622	0.0665	0.0571	0.0569	0.0569	0.0500	0.0566	0.0554	0.0582	0.0632	0.0632	0.0588	0.0549	0.0561	0.0620
0.0000	0.0000	0.0000	0.0000	0.0000	0.0000	0.0000	0.0218	0.0000	0.0000	0.0230	0.0247	0.0280	0.0077	0.0342	0.0298	0.0422	0.0244	0.0296	0.0314	0.0369	0.0514	0.0314	0.0383	0.0421	0.0318	0.0309	0.0504	0.0530	0.0540	0.0500	0.0409	0.0548	0.0630	0.0576	0.0481	0.0468	0.0437	0.0380	0.0457	0.0454	0.0409	0.0373	0.0424	0.0516	0.0496	0.0560	0.0489	0.0444	0.0488	0.0578	0.0639	0.0545	0.0606	0.0643	0.0583	0.0598	0.0653	0.0559	0.0667	0.0690	0.0554	0.0589	0.0624	0.0741	0.0646	0.0633	0.0646	0.0685
