0.0000	0.0000	0.0000	0.0259	0.0304	0.0152	0.0104	0.0276	0.0380	0.0238	0.0338	0.0406	0.0464	0.0664	0.0562	0.0709	0.0536	0.0498	0.0565	0.0719	0.0900	0.0713	0.0568	0.0853	0.0799	0.0988	0.0986	0.0951	0.1063	0.1029	0.0837	0.0876	0.0977	0.1063	0.0773	0.0786	0.0925	0.0943	0.1024	0.0859	0.0931	0.0929	0.1017	0.1002	0.0866	0.1168	0.1122	0.1381	0.1275	0.1060	0.1046	0.0783	0.1022	0.0977	0.1260	0.1101	0.0945	0.0890	0.1244	0.1031	0.1069	0.1078	0.0985	0.1010	0.1113	0.0787	0.0617	0.0963	0.0881
0.0000	0.0153	0.0130	0.0311	0.0324	0.0176	0.0198	0.0369	0.0627	0.0533	0.0476	0.0661	0.0592	0.0658	0.0555	0.0654	0.0903	0.0845	0.0598	0.0548	0.0878	0.0722	0.0595	0.0900	0.0934	0.1100	0.0964	0.0779	0.0979	0.0895	0.0813	0.1042	0.1005	0.1078	0.1029	0.0976	0.0950	0.0939	0.0997	0.1099	0.0958	0.0991	0.1162	0.1111	0.0887	0.1103	0.1154	0.1104	0.1107	0.1130	0.1147	0.0906	0.0830	0.1089	0.1309	0.1149	0.1036	0.1070	0.1066	0.1201	0.1089	0.1003	0.0992	0.1118	0.1019	0.0842	0.0794	0.0950	0.0896
0.0000	0.0000	0.0145	0.0160	0.0282	0.0180	0.0264	0.0536	0.0456	0.0438	0.0442	0.0594	0.0907	0.0726	0.0526	0.0678	0.0676	0.0670	0.0561	0.0740	0.0804	0.0855	0.0751	0.0897	0.1040	0.1002	0.1048	0.0912	0.0904	0.1097	0.1007	0.1204	0.1060	0.1166	0.1104	0.1105	0.0962	0.0866	0.1049	0.1032	0.1040	0.1023	0.1188	0.1231	0.0869	0.1089	0.1361	0.1291	0.1093	0.1185	0.1299	0.1243	0.1124	0.1173	0.1324	0.1293	0.1195	0.1237	0.1079	0.1236	0.1270	0.1216	0.1161	0.1026	0.1099	0.1027	0.1064	0.1276	0.1152
0.0000	0.0210	0.0262	0.0453	0.0296	0.0197	0.0444	0.0753	0.0744	0.0533	0.0591	0.0809	0.0925	0.0749	0.0448	0.0602	0.0697	0.0722	0.0757	0.0716	0.1084	0.0954	0.0883	0.0798	0.0952	0.0821	0.1072	0.0795	0.0942	0.1052	0.1095	0.1045	0.1017	0.1121	0.1230	0.1029	0.0889	0.1103	0.1232	0.1228	0.1324	0.1251	0.1123	0.1270	0.1206	0.1330	0.1237	0.1171	0.1349	0.1188	0.1539	0.1556	0.1419	0.1321	0.1454	0.1357	0.1215	0.1283	0.1245	0.1340	0.1452	0.1266	0.1463	0.1407	0.1247	0.1267	0.1319	0.1196	0.1586
0.0009	0.0149	0.0193	0.0261	0.0243	0.0203	0.0266	0.0494	0.0479	0.0341	0.0520	0.0707	0.0914	0.0746	0.0686	0.0722	0.0941	0.0837	0.0665	0.0754	0.0974	0.0904	0.0981	0.1018	0.1019	0.0983	0.1398	0.0929	0.1069	0.0862	0.1191	0.1092	0.1056	0.1113	0.1263	0.1056	0.0939	0.1122	0.1086	0.1163	0.1217	0.1121	0.1129	0.1183	0.1357	0.1161	0.1529	0.1360	0.1348	0.1326	0.1329	0.1390	0.1245	0.1481	0.1510	0.1487	0.1219	0.1169	0.1378	0.1364	0.1437	0.1487	0.1853	0.1774	0.1836	0.1394	0.1623	0.1502	0.1729
0.0000	0.0192	0.0323	0.0454	0.0301	0.0488	0.0385	0.0575	0.0610	0.0587	0.0608	0.0577	0.1030	0.0753	0.0599	0.1094	0.0820	0.0890	0.0979	0.0958	0.1145	0.0995	0.0859	0.1061	0.1332	0.1126	0.1313	0.1116	0.1257	0.1254	0.1423	0.1065	0.1328	0.1295	0.1311	0.1288	0.1056	0.1098	0.1074	0.1140	0.1217	0.1312	0.1284	0.1240	0.1435	0.1413	0.1372	0.1482	0.1495	0.1475	0.1331	0.1425	0.1457	0.1560	0.1911	0.1771	0.1489	0.1720	0.1798	0.1943	0.1840	0.1863	0.2007	0.2159	0.2107	0.1704	0.1649	0.1962	0.1728
0.0000	0.0000	0.0169	0.0341	0.0264	0.0287	0.0419	0.0701	0.0620	0.0628	0.0570	0.0736	0.0943	0.0655	0.0601	0.1032	0.1031	0.0976	0.1033	0.1098	0.1212	0.1185	0.0813	0.0801	0.1141	0.1142	0.1183	0.1281	0.1335	0.1145	0.1292	0.1188	0.1182	0.1188	0.1252	0.1222	0.1228	0.1268	0.1217	0.1120	0.1070	0.1236	0.1604	0.1442	0.1337	0.1509	0.1339	0.1755	0.1468	0.1454	0.1708	0.1682	0.1590	0.1683	0.1840	0.2268	0.2074	0.1883	0.2220	0.2517	0.2088	0.2223	0.2286	0.2477	0.2432	0.2093	0.2193	0.2048	0.2081
0.0000	0.0051	0.0403	0.0453	0.0217	0.0203	0.0657	0.0835	0.0862	0.0684	0.0675	0.0700	0.0761	0.0929	0.0853	0.1070	0.1082	0.1111	0.1233	0.1090	0.1147	0.1298	0.1218	0.0955	0.1091	0.1347	0.0988	0.1100	0.1314	0.1261	0.1126	0.1167	0.1260	0.1358	0.1547	0.1146	0.1256	0.1344	0.1238	0.1248	0.1277	0.1334	0.1622	0.1737	0.1602	0.1503	0.1474	0.1806	0.1770	0.1837	0.1955	0.1868	0.1647	0.2081	0.2243	0.2611	0.2511	0.2422	0.2778	0.2654	0.2769	0.2471	0.2525	0.2608	0.2828	0.2504	0.2386	0.2698	0.2833
0.0000	0.0000	0.0179	0.0458	0.0311	0.0297	0.0547	0.0909	0.0771	0.0777	0.0795	0.1088	0.1057	0.0913	0.1062	0.1198	0.1033	0.0873	0.1016	0.1263	0.1138	0.1207	0.1235	0.1143	0.1287	0.1339	0.1163	0.1026	0.1308	0.1298	0.1214	0.1166	0.1229	0.1423	0.1567	0.1566	0.1263	0.1636	0.1551	0.1503	0.1558	0.1515	0.1670	0.1556	0.1822	0.1805	0.1893	0.2001	0.2290	0.2351	0.2489	0.2462	0.2404	0.3121	0.3133	0.3131	0.3808	0.3989	0.3307	0.2774	0.2973	0.3218	0.3352	0.3072	0.3087	0.2759	0.2831	0.3668	0.3791
0.0000	0.0197	0.0385	0.0651	0.0632	0.0330	0.0615	0.0930	0.0786	0.1044	0.0977	0.0982	0.0938	0.0991	0.1400	0.1256	0.1298	0.1237	0.1181	0.1396	0.1341	0.1205	0.1155	0.1278	0.1615	0.1473	0.1264	0.1141	0.1280	0.1265	0.1232	0.1336	0.1275	0.1573	0.1518	0.1408	0.1314	0.1548	0.1651	0.1565	0.1560	0.1654	0.1657	0.1724	0.1998	0.2261	0.2356	0.2379	0.2462	0.2459	0.2784	0.2862	0.3058	0.3386	0.3960	0.4074	0.4775	0.5863	0.5001	0.4376	0.4024	0.3463	0.3652	0.3711	0.3621	0.3368	0.3160	0.3997	0.4130
0.0000	0.0364	0.0542	0.0541	0.0666	0.0426	0.0454	0.0974	0.1039	0.1058	0.1059	0.1079	0.1123	0.1391	0.1254	0.1337	0.1091	0.1232	0.1223	0.1315	0.1641	0.1624	0.1313	0.1270	0.1612	0.1591	0.1555	0.1451	0.1441	0.1482	0.1414	0.1523	0.1495	0.1540	0.1646	0.1494	0.1632	0.1658	0.1484	0.1653	0.1925	0.1989	0.2111	0.2191	0.2300	0.2440	0.2692	0.2762	0.3021	0.3187	0.3384	0.3997	0.3817	0.4172	0.5296	0.6007	0.6397	0.6288	0.5768	0.5957	0.5687	0.5097	0.4437	0.4731	0.4859	0.4541	0.3783	0.4109	0.4283
0.0142	0.0265	0.0522	0.0514	0.0408	0.0487	0.0881	0.0979	0.0821	0.1010	0.1133	0.1251	0.1134	0.0966	0.1005	0.1402	0.1361	0.1670	0.1659	0.1536	0.1786	0.1722	0.1271	0.1492	0.1695	0.1551	0.1767	0.1674	0.1485	0.1835	0.1879	0.1758	0.1814	0.1882	0.1765	0.1535	0.1886	0.2064	0.2200	0.2462	0.2343	0.2376	0.2710	0.2643	0.2932	0.3183	0.3120	0.3517	0.3768	0.4237	0.4120	0.5189	0.6505	0.6639	0.7170	0.7438	0.7134	0.6700	0.6553	0.6787	0.6419	0.5954	0.5765	0.6064	0.5996	0.5015	0.4306	0.4538	0.4559
0.0218	0.0179	0.0491	0.0802	0.0731	0.0564	0.1174	0.1058	0.1136	0.1181	0.1253	0.1252	0.1325	0.1253	0.1356	0.1396	0.1402	0.1806	0.1654	0.1684	0.1525	0.1770	0.1884	0.1900	0.2018	0.2164	0.1839	0.1668	0.1790	0.1961	0.1933	0.2193	0.2300	0.2275	0.2396	0.1989	0.2292	0.2628	0.2562	0.2684	0.2797	0.3065	0.3275	0.3594	0.3613	0.3746	0.4023	0.4542	0.5031	0.5077	0.4969	0.5686	0.7782	0.7846	0.7949	0.7811	0.7012	0.6662	0.6966	0.6804	0.6462	0.6508	0.6253	0.6346	0.6008	0.5639	0.5320	0.5121	0.4710
0.0180	0.0254	0.0583	0.0753	0.1020	0.0870	0.0996	0.1188	0.1278	0.1483	0.1637	0.1685	0.1573	0.1790	0.1940	0.2005	0.2224	0.2307	0.2055	0.2007	0.1958	0.2066	0.2186	0.2083	0.2312	0.2212	0.2138	0.2201	0.2098	0.2377	0.2688	0.2590	0.2734	0.2835	0.3027	0.2864	0.2838	0.2936	0.3077	0.3367	0.3557	0.3730	0.4361	0.5023	0.6054	0.5648	0.5509	0.6728	0.6772	0.6232	0.6707	0.6797	0.6817	0.6995	0.7266	0.7237	0.6802	0.6700	0.6669	0.6701	0.6590	0.6081	0.6139	0.5956	0.5410	0.5293	0.5209	0.4503	0.4870
0.0433	0.0716	0.0800	0.0861	0.1156	0.1125	0.1489	0.1764	0.1724	0.1909	0.2095	0.2655	0.2810	0.2898	0.3667	0.3302	0.4011	0.3631	0.3295	0.3323	0.3636	0.3471	0.3188	0.3140	0.2734	0.2680	0.2778	0.3014	0.2997	0.3477	0.3274	0.3328	0.3707	0.3903	0.3580	0.3602	0.3660	0.3834	0.4396	0.4437	0.4881	0.4928	0.5690	0.7662	0.8835	0.8200	0.7025	0.8083	0.8579	0.7763	0.8280	0.7784	0.6942	0.6932	0.6891	0.7012	0.7025	0.6638	0.6191	0.6588	0.6325	0.5635	0.6114	0.5792	0.5522	0.5172	0.5046	0.4427	0.4781
0.0360	0.0462	0.0739	0.0815	0.1196	0.1314	0.1770	0.2272	0.2590	0.2727	0.3661	0.4895	0.5286	0.5167	0.6052	0.6123	0.7418	0.6942	0.6282	0.6579	0.7147	0.6410	0.5438	0.4706	0.4023	0.4196	0.4089	0.4031	0.4425	0.4631	0.4287	0.4714	0.4832	0.4955	0.4472	0.4341	0.4226	0.4642	0.4555	0.4699	0.5113	0.5569	0.7458	0.9569	0.9047	0.8774	0.8309	0.8916	0.8511	0.8087	0.7625	0.7798	0.7666	0.7165	0.6760	0.6996	0.6676	0.6713	0.6336	0.6379	0.6022	0.5705	0.5896	0.5988	0.5439	0.4954	0.4755	0.4507	0.4660
0.0711	0.0850	0.1099	0.1847	0.1749	0.2293	0.3074	0.3465	0.4087	0.5189	0.6299	0.7034	0.7113	0.6503	0.6809	0.6880	0.7717	0.7991	0.7307	0.7618	0.7975	0.8263	0.7652	0.7056	0.6855	0.6339	0.6413	0.6452	0.6550	0.6794	0.6954	0.7686	0.7517	0.7028	0.6158	0.4839	0.4666	0.5220	0.5046	0.4817	0.5307	0.6375	0.8997	0.9254	0.8326	0.8138	0.8354	0.8622	0.7700	0.7618	0.7223	0.7465	0.7375	0.7204	0.6587	0.6452	0.6505	0.6181	0.6478	0.6142	0.5689	0.5480	0.5702	0.5820	0.5069	0.4244	0.4234	0.4101	0.4282
0.1175	0.1614	0.2272	0.3190	0.3452	0.4372	0.5521	0.6807	0.6971	0.6319	0.6677	0.6547	0.6343	0.6128	0.6174	0.6736	0.6972	0.7576	0.7711	0.8655	0.8923	0.8498	0.7293	0.7990	0.8031	0.7152	0.7510	0.8029	0.7111	0.7630	0.8500	0.9342	0.8733	0.8580	0.8021	0.6125	0.5550	0.5504	0.5338	0.5806	0.6268	0.7502	0.8688	0.8245	0.8101	0.7578	0.7807	0.7471	0.7334	0.6950	0.6801	0.7402	0.6946	0.6451	0.6467	0.5892	0.5937	0.5860	0.6082	0.5814	0.5621	0.5524	0.5249	0.5335	0.4852	0.4310	0.4387	0.4485	0.3985
0.1790	0.3129	0.4026	0.4945	0.5151	0.6686	0.7039	0.6827	0.6233	0.5348	0.5419	0.5727	0.6119	0.6133	0.6400	0.6858	0.7204	0.7306	0.7658	0.7868	0.8071	0.8333	0.7668	0.7567	0.7120	0.7231	0.7537	0.7163	0.7391	0.7847	0.7877	0.7939	0.8478	0.8695	0.8521	0.8198	0.7103	0.6023	0.5812	0.7209	0.7961	0.7607	0.8113	0.7907	0.7389	0.7067	0.6997	0.6784	0.6858	0.6929	0.7014	0.6742	0.6482	0.6658	0.5979	0.6070	0.5266	0.5294	0.5266	0.5543	0.5969	0.5255	0.5144	0.4829	0.4291	0.4003	0.3990	0.4059	0.3890
0.2524	0.3896	0.4755	0.4848	0.4630	0.5253	0.5380	0.4872	0.5010	0.4652	0.4700	0.5039	0.6144	0.5755	0.6119	0.6851	0.6964	0.7505	0.6803	0.7291	0.7027	0.7696	0.7288	0.7200	0.6885	0.6847	0.7090	0.6844	0.6954	0.8025	0.7932	0.7451	0.8036	0.8251	0.8130	0.8097	0.7705	0.7216	0.6666	0.8065	0.7446	0.7279	0.7263	0.7112	0.7259	0.6723	0.6521	0.6706	0.6442	0.6356	0.6004	0.5902	0.5958	0.6131	0.6019	0.5956	0.5508	0.5489	0.5300	0.5135	0.5266	0.5051	0.4881	0.4743	0.4753	0.4444	0.3971	0.4189	0.3899
0.2697	0.3542	0.3244	0.3367	0.3693	0.4175	0.4005	0.3644	0.3585	0.4413	0.4860	0.4672	0.5853	0.5736	0.5445	0.6519	0.6927	0.7366	0.6617	0.6727	0.6944	0.6412	0.6788	0.7001	0.6306	0.6554	0.6390	0.6906	0.6879	0.7269	0.7497	0.7277	0.8135	0.8073	0.8076	0.8314	0.7966	0.7763	0.7452	0.7355	0.6615	0.6254	0.6460	0.6481	0.5805	0.5743	0.6289	0.6063	0.6015	0.5885	0.5888	0.5718	0.5535	0.6103	0.5959	0.5699	0.5620	0.5310	0.5246	0.5147	0.5071	0.5091	0.4959	0.4986	0.5006	0.4140	0.3956	0.4048	0.3642
0.2577	0.2586	0.3217	0.3382	0.3225	0.3757	0.3811	0.4054	0.4162	0.4422	0.4635	0.4859	0.5685	0.6121	0.5606	0.6163	0.7752	0.7126	0.7001	0.7051	0.7237	0.6990	0.6708	0.6385	0.6361	0.6574	0.6493	0.6502	0.6569	0.6818	0.6606	0.6783	0.6912	0.6953	0.7598	0.7704	0.7484	0.7554	0.7432	0.7042	0.6393	0.6443	0.6372	0.6272	0.5635	0.5688	0.5934	0.5695	0.5490	0.5559	0.5999	0.6031	0.5583	0.5572	0.5520	0.5968	0.5717	0.5683	0.5483	0.5182	0.5081	0.5166	0.4799	0.4655	0.4781	0.4331	0.3734	0.4166	0.3949
0.2466	0.2667	0.3232	0.3310	0.3006	0.3622	0.4228	0.3964	0.3703	0.3849	0.4218	0.4659	0.5019	0.5405	0.6069	0.6894	0.7111	0.6878	0.6979	0.6226	0.6711	0.7571	0.7035	0.6470	0.6192	0.5688	0.6099	0.5967	0.6159	0.6529	0.6319	0.6526	0.6961	0.6911	0.6608	0.6843	0.6951	0.7056	0.6911	0.6400	0.5785	0.5910	0.5752	0.5632	0.5835	0.5716	0.5882	0.5875	0.5574	0.5392	0.5688	0.6080	0.5943	0.5628	0.6023	0.6047	0.5914	0.5632	0.5168	0.5413	0.5456	0.5290	0.5038	0.4866	0.4891	0.4903	0.3986	0.4103	0.4296
0.2172	0.2820	0.3360	0.3418	0.3630	0.3580	0.4134	0.3671	0.3797	0.4019	0.4410	0.4614	0.4802	0.5167	0.5310	0.6562	0.6563	0.6706	0.6992	0.6923	0.6596	0.7018	0.6565	0.5758	0.6135	0.5395	0.5779	0.5827	0.6280	0.5936	0.5984	0.6258	0.6177	0.6883	0.6625	0.6199	0.6425	0.6221	0.6123	0.5760	0.5674	0.5504	0.5699	0.5471	0.5500	0.5775	0.6120	0.5864	0.5251	0.5469	0.5500	0.5673	0.5750	0.5673	0.5639	0.5837	0.6023	0.5554	0.5306	0.5235	0.5132	0.4921	0.5223	0.5026	0.4535	0.4720	0.3945	0.3740	0.3667
0.1937	0.2673	0.3450	0.3559	0.3614	0.3447	0.3821	0.3885	0.3852	0.4262	0.4377	0.4652	0.5076	0.4862	0.5011	0.5782	0.5885	0.5734	0.6783	0.6484	0.6000	0.6146	0.6231	0.5986	0.6183	0.5842	0.5608	0.5382	0.6306	0.6586	0.6004	0.5984	0.5999	0.6533	0.6719	0.6201	0.6356	0.6376	0.5931	0.5809	0.6311	0.6097	0.6108	0.5403	0.5516	0.5969	0.5850	0.5828	0.5735	0.5972	0.5504	0.5245	0.5395	0.5208	0.5475	0.5934	0.5587	0.5359	0.5338	0.5557	0.5498	0.4998	0.5282	0.4710	0.4698	0.4461	0.3830	0.3908	0.3769
0.2371	0.2624	0.3216	0.3539	0.3640	0.3888	0.3763	0.3980	0.4361	0.4147	0.4368	0.4530	0.5243	0.5313	0.4876	0.5542	0.5865	0.5756	0.5885	0.6070	0.6279	0.5858	0.5604	0.5647	0.6039	0.6072	0.5701	0.6083	0.6306	0.6332	0.6452	0.6123	0.6253	0.6246	0.6127	0.6076	0.6197	0.6015	0.6223	0.5906	0.5940	0.6035	0.6013	0.6025	0.5892	0.6027	0.6073	0.6211	0.5787	0.5929	0.6133	0.5555	0.5441	0.5318	0.5761	0.5802	0.5511	0.5538	0.5716	0.5024	0.5178	0.4810	0.4718	0.4823	0.5000	0.4564	0.4037	0.3850	0.3861
0.2329	0.3017	0.3492	0.3707	0.3932	0.3901	0.3928	0.3982	0.4225	0.3967	0.4635	0.4633	0.4795	0.5423	0.5226	0.5575	0.5372	0.5890	0.6088	0.5793	0.6030	0.6099	0.6141	0.5895	0.5742	0.5656	0.6009	0.5971	0.5867	0.6445	0.6361	0.6577	0.6811	0.6509	0.6285	0.5829	0.5796	0.5878	0.6152	0.5778	0.6115	0.5309	0.5698	0.6062	0.6248	0.5837	0.5758	0.5815	0.5900	0.5997	0.6036	0.5657	0.5519	0.5643	0.5637	0.5600	0.5426	0.5302	0.5090	0.5291	0.5190	0.4709	0.4613	0.4957	0.4585	0.4187	0.4148	0.3808	0.3862
0.2530	0.3098	0.3521	0.3781	0.3184	0.3551	0.3930	0.4085	0.4059	0.4444	0.4265	0.5238	0.5484	0.5411	0.5597	0.5583	0.5259	0.5544	0.5516	0.5975	0.5684	0.5719	0.5783	0.5839	0.6054	0.6107	0.6168	0.6108	0.5803	0.6344	0.6333	0.6411	0.6194	0.6335	0.6125	0.5997	0.6241	0.6257	0.6017	0.6037	0.6160	0.5787	0.6061	0.5796	0.5747	0.5845	0.5721	0.5865	0.5929	0.5837	0.5967	0.6131	0.5916	0.5688	0.5640	0.5574	0.5399	0.5141	0.4921	0.5370	0.5421	0.5158	0.4796	0.4485	0.4443	0.4092	0.4017	0.4688	0.4032
0.2617	0.3078	0.3573	0.3936	0.3764	0.3962	0.4017	0.4436	0.4056	0.4411	0.4650	0.5145	0.5233	0.5193	0.5228	0.5555	0.5757	0.5853	0.6004	0.5771	0.5865	0.5622	0.5832	0.5720	0.6098	0.5660	0.6053	0.6395	0.6643	0.6104	0.6470	0.6627	0.6731	0.6657	0.6036	0.5992	0.6293	0.6333	0.6235	0.6386	0.6350	0.6208	0.6062	0.6003	0.5728	0.5847	0.5835	0.6105	0.6083	0.5869	0.5814	0.5499	0.5953	0.6011	0.5869	0.5599	0.5357	0.5333	0.5228	0.5354	0.5290	0.4771	0.4754	0.4811	0.4903	0.4332	0.4036	0.4201	0.3692
0.2760	0.2802	0.3639	0.4030	0.4049	0.3784	0.3964	0.4582	0.4360	0.4533	0.4929	0.5118	0.4888	0.5262	0.5219	0.5717	0.6167	0.6016	0.6007	0.5933	0.5659	0.5865	0.5781	0.6326	0.6320	0.5980	0.6165	0.6382	0.6167	0.6418	0.6580	0.6931	0.6829	0.6626	0.6347	0.6488	0.6557	0.6861	0.6481	0.6361	0.6363	0.6175	0.5777	0.6012	0.6092	0.5804	0.6104	0.6178	0.5708	0.5835	0.6118	0.5825	0.5975	0.5748	0.5584	0.6039	0.5286	0.5348	0.5054	0.5185	0.5239	0.5145	0.4600	0.4780	0.4737	0.4368	0.4197	0.4080	0.3986
0.2524	0.2910	0.3562	0.3697	0.3963	0.4085	0.3934	0.4513	0.4577	0.4601	0.5154	0.5191	0.5049	0.5198	0.5283	0.5886	0.5925	0.6076	0.5978	0.6450	0.6378	0.6406	0.5840	0.6018	0.6241	0.6318	0.6092	0.6341	0.6266	0.6555	0.7033	0.7025	0.7038	0.6576	0.6738	0.6760	0.6542	0.6416	0.6218	0.6147	0.6039	0.6321	0.6004	0.5691	0.5774	0.5545	0.6074	0.6027	0.5914	0.6294	0.6340	0.6279	0.6467	0.6103	0.5575	0.5534	0.5485	0.5455	0.5245	0.5248	0.5234	0.5083	0.5041	0.5230	0.4844	0.4097	0.4208	0.3919	0.4132
0.2548	0.2989	0.3041	0.3347	0.3553	0.3753	0.3849	0.4121	0.4454	0.4691	0.4919	0.4943	0.4991	0.5086	0.5613	0.5844	0.6064	0.6258	0.5978	0.6183	0.6530	0.6314	0.6296	0.6249	0.6642	0.6582	0.6133	0.6364	0.6876	0.7039	0.6987	0.7132	0.7281	0.6557	0.6986	0.6964	0.6608	0.6336	0.6515	0.6443	0.6068	0.5877	0.6364	0.5738	0.6049	0.6208	0.5911	0.6399	0.6254	0.6585	0.6639	0.6141	0.6154	0.6044	0.6165	0.5390	0.5702	0.5590	0.5223	0.5308	0.5634	0.5245	0.5544	0.5236	0.4801	0.4282	0.4260	0.4130	0.4178
0.2622	0.2542	0.2976	0.3531	0.3901	0.3796	0.4425	0.4061	0.4430	0.4990	0.4927	0.4915	0.5152	0.5196	0.5676	0.6036	0.6577	0.6683	0.6234	0.6495	0.6746	0.6539	0.6515	0.6572	0.6434	0.6333	0.6540	0.6690	0.6905	0.6860	0.7008	0.7347	0.7232	0.6981	0.7798	0.7537	0.7510	0.7091	0.6694	0.6516	0.6540	0.6234	0.6318	0.6073	0.6153	0.5832	0.5988	0.6555	0.6594	0.6252	0.6309	0.6362	0.6465	0.6037	0.6167	0.5879	0.5886	0.5754	0.5462	0.5437	0.5207	0.5339	0.5343	0.4811	0.4929	0.4366	0.4179	0.4011	0.4152
0.2489	0.2523	0.3430	0.3604	0.3912	0.3706	0.4328	0.4342	0.5027	0.5138	0.4826	0.4971	0.5469	0.5589	0.5139	0.6362	0.6350	0.6304	0.6427	0.7116	0.7089	0.6782	0.6656	0.6720	0.6739	0.6749	0.6375	0.7127	0.6846	0.7296	0.7370	0.7735	0.8293	0.7824	0.7990	0.7602	0.7616	0.7568	0.7394	0.7109	0.7038	0.6801	0.6587	0.6608	0.5917	0.5895	0.6716	0.6269	0.6447	0.6814	0.6332	0.6361	0.6144	0.5839	0.5952	0.5771	0.5714	0.5334	0.5468	0.5397	0.5410	0.5356	0.5304	0.5117	0.4767	0.4834	0.5190	0.4592	0.4381
0.2502	0.2560	0.3109	0.3315	0.3532	0.3734	0.3805	0.4570	0.4897	0.4892	0.5007	0.4898	0.5269	0.5655	0.6012	0.6293	0.6674	0.6976	0.7163	0.7798	0.7594	0.7438	0.6806	0.6512	0.7169	0.7038	0.6681	0.6968	0.6784	0.7371	0.7378	0.7716	0.7998	0.8172	0.8795	0.8485	0.8025	0.8142	0.8580	0.7841	0.7382	0.7134	0.7453	0.7105	0.6545	0.6551	0.6388	0.6194	0.5989	0.6883	0.6585	0.6031	0.6418	0.6141	0.6345	0.6069	0.6018	0.5918	0.5496	0.5518	0.5300	0.5184	0.5746	0.5345	0.5364	0.4884	0.4894	0.4500	0.4236
0.2250	0.3045	0.3142	0.3017	0.3477	0.4093	0.4195	0.4441	0.4844	0.5280	0.5210	0.5485	0.5434	0.6184	0.6169	0.6586	0.6589	0.7265	0.7337	0.7320	0.7216	0.7646	0.7591	0.6952	0.7571	0.7467	0.7148	0.7096	0.7209	0.7196	0.7438	0.7432	0.8215	0.8616	0.8627	0.8641	0.8605	0.8914	0.8888	0.8835	0.8273	0.7927	0.8201	0.7542	0.7230	0.6538	0.6827	0.6799	0.6944	0.7009	0.6814	0.6587	0.6398	0.6346	0.6591	0.6564	0.5838	0.6119	0.5474	0.5651	0.5775	0.5490	0.5775	0.5604	0.5032	0.4973	0.4823	0.4521	0.4482
0.2317	0.2806	0.3057	0.3348	0.3715	0.3961	0.4672	0.5048	0.4945	0.5203	0.5129	0.5881	0.5969	0.6106	0.6128	0.6746	0.7306	0.7689	0.7712	0.7496	0.7755	0.7638	0.7363	0.7639	0.7198	0.7217	0.7060	0.7253	0.7647	0.7939	0.7675	0.8524	0.8545	0.8857	0.8748	0.9046	0.9613	0.9668	0.9442	0.8862	0.9035	0.8459	0.8089	0.8353	0.7777	0.7230	0.7442	0.7316	0.7482	0.7402	0.7239	0.6931	0.6759	0.6598	0.6378	0.6481	0.6074	0.6007	0.6159	0.5600	0.5581	0.5557	0.5700	0.5489	0.5231	0.4806	0.4817	0.4695	0.4710
0.2535	0.2801	0.3528	0.3965	0.4214	0.4130	0.4702	0.5159	0.4799	0.4771	0.4971	0.5538	0.6310	0.5965	0.6764	0.7077	0.7758	0.8462	0.8277	0.8273	0.8137	0.8177	0.7952	0.8109	0.7975	0.8033	0.7378	0.7687	0.8047	0.7674	0.8542	0.9334	0.8652	0.9460	1.0000	0.8608	0.7945	0.8427	0.9026	0.9319	0.9307	0.8461	0.7349	0.7462	0.8495	0.8462	0.8302	0.8327	0.7894	0.7885	0.7401	0.7536	0.7147	0.7009	0.6534	0.6291	0.5951	0.6609	0.6753	0.5973	0.5709	0.5559	0.5762	0.5590	0.5484	0.5044	0.5097	0.4912	0.4831
0.2721	0.4142	0.4723	0.5191	0.5160	0.5138	0.5183	0.5403	0.5208	0.5615	0.5927	0.6260	0.6210	0.6096	0.6788	0.8008	0.8426	0.8314	0.7571	0.7804	0.7864	0.8559	0.8765	0.7863	0.8632	0.8304	0.8122	0.8155	0.8298	0.7863	0.8753	0.9323	0.9403	0.9885	0.9448	0.6869	0.5268	0.5587	0.6125	0.6865	0.8130	0.8923	0.6900	0.5978	0.7882	0.9048	0.8929	0.8520	0.8171	0.7871	0.7748	0.7985	0.7406	0.6824	0.6599	0.6933	0.6583	0.6452	0.6228	0.6316	0.6503	0.5789	0.5732	0.5883	0.5635	0.5168	0.4681	0.4682	0.4653
0.2194	0.4003	0.5405	0.6532	0.6931	0.7694	0.7373	0.6858	0.6467	0.6357	0.6314	0.6398	0.6575	0.6784	0.7107	0.8103	0.8227	0.8207	0.8261	0.8110	0.8243	0.8629	0.8541	0.8264	0.8030	0.8054	0.8040	0.7875	0.8354	0.8623	0.9094	0.9095	0.9754	0.9427	0.6574	0.4545	0.4295	0.4250	0.4528	0.4796	0.5760	0.7245	0.6446	0.5980	0.7598	0.9602	0.9192	0.8645	0.8927	0.8247	0.8312	0.8273	0.8020	0.7382	0.6858	0.6872	0.7020	0.6760	0.6698	0.6843	0.6801	0.6422	0.6043	0.5963	0.5753	0.5540	0.5326	0.4908	0.4853
0.1369	0.2107	0.3064	0.3943	0.5258	0.6273	0.7554	0.7525	0.6869	0.6605	0.7045	0.6529	0.6703	0.6983	0.7495	0.8073	0.7729	0.7822	0.8837	0.8840	0.9129	0.9615	0.9021	0.8805	0.8383	0.7837	0.8147	0.7901	0.9014	0.9390	0.9971	0.9303	0.9011	0.7110	0.4347	0.3974	0.4009	0.4110	0.4227	0.4277	0.4852	0.5131	0.5572	0.5493	0.6106	0.7432	0.8263	0.9009	0.8928	0.8611	0.8251	0.8252	0.7961	0.8256	0.7143	0.7352	0.7471	0.7043	0.6769	0.6970	0.6959	0.6597	0.6516	0.6069	0.5684	0.5399	0.5182	0.5253	0.4912
0.0542	0.0807	0.1192	0.1804	0.2336	0.2846	0.3481	0.4702	0.5967	0.6782	0.7529	0.6731	0.6573	0.6717	0.7057	0.7791	0.7441	0.7918	0.8466	0.8656	0.9191	0.8667	0.8207	0.7946	0.7624	0.6983	0.6273	0.5692	0.6273	0.6238	0.6950	0.6884	0.5346	0.4370	0.3801	0.4109	0.3865	0.4016	0.4018	0.4222	0.4356	0.4460	0.4890	0.4993	0.5606	0.5888	0.7383	0.9211	0.9206	0.8950	0.8682	0.8883	0.8809	0.8381	0.7821	0.7280	0.7776	0.7444	0.6958	0.7398	0.7372	0.6792	0.6725	0.6332	0.6182	0.5572	0.5454	0.4945	0.4727
0.0181	0.0625	0.0689	0.1081	0.1137	0.1527	0.1780	0.1942	0.2839	0.3425	0.3932	0.4541	0.4573	0.5166	0.6027	0.6171	0.7043	0.7856	0.7143	0.6283	0.6057	0.5015	0.4648	0.4471	0.4134	0.3724	0.3529	0.3452	0.3561	0.3784	0.3656	0.3719	0.3823	0.3912	0.3638	0.3598	0.3630	0.3909	0.3927	0.3938	0.4339	0.4196	0.4634	0.4858	0.5313	0.5640	0.6400	0.8894	0.9819	0.9796	0.9219	0.9265	0.9056	0.8336	0.8722	0.8282	0.8085	0.7995	0.7464	0.8274	0.7686	0.6917	0.7221	0.6658	0.6053	0.6080	0.5837	0.5675	0.5425
0.0261	0.0762	0.0486	0.0637	0.1043	0.1043	0.1169	0.1050	0.1329	0.1792	0.1834	0.2227	0.1998	0.2080	0.2760	0.2977	0.3677	0.4056	0.3150	0.3122	0.2845	0.2398	0.2483	0.2613	0.2678	0.2554	0.2339	0.2611	0.2815	0.3053	0.2983	0.3108	0.3187	0.3288	0.3193	0.3264	0.3581	0.3579	0.3786	0.3652	0.3932	0.4247	0.4322	0.4497	0.4992	0.5333	0.5790	0.7141	0.9911	0.9854	0.9531	0.9446	0.8057	0.8419	0.8558	0.9062	0.8833	0.8429	0.7773	0.8057	0.7692	0.7346	0.7463	0.6824	0.6527	0.6709	0.6235	0.5340	0.5450
0.0219	0.0308	0.0680	0.0781	0.0687	0.0875	0.0982	0.1123	0.1085	0.1255	0.1291	0.1305	0.1524	0.1446	0.1561	0.1741	0.1676	0.1599	0.1706	0.1706	0.1784	0.1730	0.1649	0.1748	0.1925	0.2021	0.1986	0.1977	0.2160	0.2247	0.2427	0.2602	0.2655	0.2559	0.2809	0.2844	0.2898	0.3121	0.3205	0.3297	0.3325	0.3590	0.3881	0.3995	0.4199	0.4569	0.4873	0.5701	0.7798	0.9464	0.9725	0.8530	0.8080	0.8878	0.8567	0.8741	0.8571	0.8781	0.7529	0.6643	0.6899	0.7770	0.7502	0.6899	0.6319	0.6312	0.6133	0.5715	0.5404
0.0328	0.0276	0.0621	0.0730	0.0686	0.0541	0.0725	0.0853	0.0979	0.0904	0.1146	0.1111	0.1115	0.1057	0.1056	0.1203	0.1207	0.1528	0.1407	0.1379	0.1418	0.1391	0.1478	0.1535	0.1433	0.1438	0.1471	0.1657	0.1799	0.1722	0.1811	0.1898	0.1889	0.1948	0.2189	0.2156	0.2126	0.2323	0.2365	0.2316	0.2438	0.2690	0.2804	0.3055	0.3045	0.3281	0.3595	0.4115	0.4315	0.5326	0.6379	0.6299	0.7369	0.8661	0.8371	0.8276	0.8271	0.7448	0.5644	0.5607	0.7308	0.8163	0.7963	0.7522	0.5911	0.6133	0.6023	0.5917	0.5541
0.0369	0.0514	0.0360	0.0577	0.0482	0.0545	0.0736	0.0729	0.0727	0.0836	0.1046	0.0949	0.0886	0.1076	0.1065	0.1104	0.1238	0.1325	0.1004	0.1268	0.1271	0.1280	0.1344	0.1393	0.1339	0.1334	0.1213	0.1487	0.1425	0.1330	0.1428	0.1539	0.1407	0.1385	0.1493	0.1518	0.1544	0.1621	0.1572	0.1550	0.1812	0.1794	0.1903	0.2030	0.2205	0.2212	0.2465	0.2950	0.3031	0.3256	0.3611	0.4034	0.4881	0.6428	0.7431	0.7191	0.6079	0.4771	0.4109	0.4769	0.5581	0.6872	0.6563	0.5645	0.5288	0.5902	0.6080	0.6316	0.5792
0.0339	0.0184	0.0180	0.0372	0.0464	0.0504	0.0555	0.0745	0.0655	0.0594	0.0876	0.0919	0.0982	0.0902	0.0952	0.1234	0.1084	0.1314	0.1065	0.1074	0.0947	0.1131	0.1132	0.0899	0.1075	0.1269	0.1105	0.1251	0.1272	0.1347	0.1128	0.1180	0.1143	0.1198	0.1457	0.1424	0.1469	0.1416	0.1374	0.1399	0.1474	0.1425	0.1489	0.1554	0.1697	0.1860	0.1954	0.2153	0.2286	0.2462	0.2644	0.2712	0.2871	0.3599	0.5078	0.4274	0.3778	0.3249	0.3261	0.3502	0.3907	0.4452	0.4522	0.4141	0.4823	0.5915	0.5649	0.6009	0.5317
0.0328	0.0167	0.0230	0.0296	0.0243	0.0498	0.0695	0.0694	0.0705	0.0569	0.0899	0.0928	0.0851	0.0641	0.0905	0.0956	0.1045	0.1114	0.0923	0.0895	0.0936	0.0891	0.0945	0.1006	0.0988	0.1053	0.1180	0.1165	0.1149	0.1113	0.1139	0.1002	0.1063	0.1041	0.1054	0.1006	0.1101	0.1055	0.1161	0.1159	0.1198	0.1294	0.1252	0.1443	0.1606	0.1746	0.1703	0.1854	0.1930	0.2160	0.2223	0.2332	0.2243	0.2401	0.2750	0.2788	0.2671	0.2842	0.2954	0.3240	0.3248	0.3483	0.3720	0.3676	0.4308	0.5491	0.5571	0.5441	0.5266
0.0125	0.0144	0.0288	0.0402	0.0201	0.0283	0.0423	0.0482	0.0447	0.0574	0.0467	0.0707	0.0682	0.0604	0.0656	0.0977	0.0756	0.0952	0.0910	0.0999	0.1108	0.0957	0.0798	0.0947	0.0977	0.0986	0.1102	0.1010	0.0981	0.0916	0.0832	0.0891	0.0990	0.0962	0.0859	0.0879	0.0823	0.1043	0.1124	0.1024	0.0932	0.1066	0.1108	0.1088	0.1296	0.1313	0.1554	0.1450	0.1566	0.1710	0.1793	0.1997	0.1992	0.1935	0.2131	0.2255	0.2326	0.2360	0.2432	0.2893	0.2996	0.2921	0.2945	0.3386	0.4100	0.4907	0.5561	0.5231	0.4731
0.0058	0.0137	0.0422	0.0172	0.0349	0.0119	0.0380	0.0598	0.0238	0.0359	0.0497	0.0728	0.0565	0.0544	0.0839	0.0772	0.0963	0.1043	0.0875	0.0949	0.0996	0.0861	0.0762	0.0816	0.0937	0.0916	0.0856	0.0785	0.0964	0.1014	0.0862	0.0948	0.0991	0.0862	0.0911	0.0811	0.0918	0.0955	0.0889	0.0947	0.0850	0.1019	0.0937	0.0919	0.0978	0.1078	0.1190	0.1263	0.1289	0.1423	0.1364	0.1622	0.1644	0.1701	0.2045	0.2000	0.2053	0.1842	0.2124	0.2422	0.2387	0.2457	0.2642	0.2916	0.3757	0.5239	0.5176	0.4634	0.4566
0.0000	0.0000	0.0264	0.0120	0.0108	0.0191	0.0388	0.0460	0.0307	0.0363	0.0456	0.0626	0.0613	0.0778	0.0817	0.0690	0.0922	0.0781	0.0614	0.0861	0.0925	0.0958	0.0856	0.0764	0.0855	0.0828	0.0793	0.0812	0.0886	0.0859	0.0794	0.0839	0.0777	0.0839	0.0874	0.0883	0.0888	0.0886	0.0839	0.0776	0.0986	0.0927	0.0927	0.0917	0.0892	0.0991	0.0965	0.1059	0.1034	0.1069	0.1271	0.1211	0.1153	0.1447	0.1605	0.1494	0.1606	0.1740	0.1723	0.1898	0.1878	0.1977	0.2122	0.2376	0.3319	0.5127	0.4753	0.4726	0.4329
0.0000	0.0000	0.0105	0.0000	0.0076	0.0176	0.0465	0.0414	0.0121	0.0201	0.0493	0.0580	0.0395	0.0524	0.0592	0.0625	0.0698	0.0605	0.0419	0.0621	0.0797	0.0766	0.0667	0.0652	0.0740	0.0883	0.0667	0.0644	0.0636	0.0753	0.0713	0.0811	0.0797	0.0807	0.0696	0.0798	0.0796	0.0807	0.0800	0.0773	0.0860	0.0796	0.0980	0.0745	0.0792	0.0831	0.0890	0.0831	0.0933	0.0961	0.1012	0.1146	0.1003	0.1156	0.1171	0.1188	0.1263	0.1212	0.1225	0.1481	0.1674	0.1523	0.1545	0.1823	0.2449	0.3695	0.3875	0.4014	0.3816
0.0000	0.0000	0.0000	0.0000	0.0000	0.0029	0.0146	0.0352	0.0147	0.0218	0.0304	0.0524	0.0384	0.0377	0.0300	0.0387	0.0583	0.0573	0.0452	0.0608	0.0633	0.0459	0.0306	0.0483	0.0730	0.0765	0.0468	0.0634	0.0723	0.0713	0.0738	0.0749	0.0727	0.0673	0.0662	0.0717	0.0603	0.0668	0.0753	0.0731	0.0688	0.0712	0.0826	0.0795	0.0693	0.0827	0.0932	0.0890	0.0870	0.0834	0.0978	0.1107	0.0939	0.0953	0.0978	0.0992	0.1064	0.1011	0.1060	0.1182	0.1383	0.1187	0.1332	0.1315	0.1687	0.2146	0.2122	0.2340	0.3211
0.0000	0.0000	0.0000	0.0000	0.0000	0.0000	0.0176	0.0136	0.0038	0.0009	0.0268	0.0646	0.0444	0.0413	0.0483	0.0467	0.0593	0.0610	0.0515	0.0501	0.0707	0.0586	0.0431	0.0444	0.0625	0.0681	0.0600	0.0584	0.0565	0.0769	0.0756	0.0603	0.0798	0.0610	0.0641	0.0678	0.0708	0.0824	0.0816	0.0655	0.0683	0.0603	0.0788	0.0758	0.0633	0.0730	0.0856	0.0884	0.0703	0.0834	0.0972	0.0913	0.0783	0.0858	0.1102	0.0952	0.0874	0.0862	0.0995	0.1136	0.1067	0.0981	0.1173	0.1061	0.1153	0.1213	0.1217	0.1665	0.1566
0.0000	0.0000	0.0000	0.0226	0.0000	0.0000	0.0000	0.0056	0.0271	0.0053	0.0290	0.0422	0.0407	0.0309	0.0281	0.0482	0.0470	0.0407	0.0501	0.0485	0.0459	0.0505	0.0550	0.0484	0.0638	0.0549	0.0520	0.0567	0.0499	0.0605	0.0594	0.0568	0.0645	0.0648	0.0675	0.0607	0.0622	0.0804	0.0785	0.0771	0.0727	0.0667	0.0738	0.0655	0.0614	0.0628	0.0667	0.0785	0.0664	0.0682	0.0890	0.0875	0.0803	0.0906	0.0858	0.0935	0.0843	0.0722	0.0882	0.0872	0.0927	0.0866	0.0990	0.1088	0.1011	0.0993	0.1166	0.1072	0.0860
0.0000	0.0000	0.0000	0.0000	0.0000	0.0122	0.0069	0.0231	0.0305	0.0221	0.0219	0.0372	0.0530	0.0236	0.0232	0.0408	0.0448	0.0469	0.0442	0.0516	0.0419	0.0312	0.0579	0.0543	0.0622	0.0407	0.0557	0.0836	0.0686	0.0560	0.0479	0.0594	0.0482	0.0584	0.0695	0.0495	0.0575	0.0562	0.0572	0.0638	0.0572	0.0669	0.0714	0.0601	0.0563	0.0760	0.0687	0.0727	0.0692	0.0765	0.0895	0.0776	0.0860	0.0777	0.0704	0.0912	0.0821	0.0582	0.0740	0.0747	0.0755	0.0709	0.0846	0.0870	0.0899	0.0761	0.0779	0.0838	0.0725
0.0000	0.0000	0.0000	0.0000	0.0000	0.0071	0.0110	0.0025	0.0000	0.0000	0.0154	0.0173	0.0397	0.0117	0.0630	0.0655	0.0609	0.0297	0.0286	0.0495	0.0398	0.0411	0.0488	0.0513	0.0346	0.0318	0.0461	0.0630	0.0697	0.0530	0.0380	0.0634	0.0811	0.0423	0.0640	0.0696	0.0574	0.0547	0.0720	0.0680	0.0662	0.0791	0.0641	0.0590	0.0634	0.0526	0.0745	0.0780	0.0790	0.0711	0.0747	0.0747	0.0717	0.0693	0.0924	0.0801	0.0737	0.0746	0.0800	0.0999	0.0792	0.0696	0.0865	0.0738	0.0727	0.0869	0.0870	0.0729	0.0722
