0.0000	0.0000	0.0000	0.0000	0.0000	0.0015	0.0013	0.0000	0.0000	0.0066	0.0033	0.0135	0.0085	0.0190	0.0246	0.0206	0.0415	0.0403	0.0418	0.0389	0.0355	0.0417	0.0385	0.0532	0.0646	0.0741	0.0735	0.0622	0.0741	0.0736	0.0609	0.0637	0.0804	0.0714	0.0716	0.0808	0.0902	0.0795	0.0693	0.0687	0.0635	0.0669	0.0764	0.0682	0.0599	0.0702	0.0635	0.0769	0.0823	0.0784	0.0762	0.0668	0.0722	0.0707	0.0644	0.0757	0.0924	0.0844	0.0819	0.0697	0.0495	0.0508	0.0627	0.0542	0.0533	0.0447	0.0573	0.0677	0.0644
0.0000	0.0000	0.0000	0.0000	0.0000	0.0000	0.0054	0.0129	0.0122	0.0052	0.0159	0.0339	0.0332	0.0345	0.0206	0.0346	0.0330	0.0269	0.0481	0.0453	0.0486	0.0468	0.0597	0.0593	0.0661	0.0627	0.0600	0.0868	0.0889	0.0780	0.0901	0.0872	0.0780	0.0661	0.0921	0.0899	0.0790	0.0952	0.0707	0.0660	0.0851	0.0859	0.0764	0.0639	0.0728	0.0684	0.0760	0.0945	0.0837	0.0904	0.0990	0.0850	0.0711	0.0807	0.0770	0.0844	0.0905	0.0929	0.0867	0.1022	0.0757	0.0714	0.0713	0.0685	0.0584	0.0496	0.0636	0.0621	0.0457
0.0000	0.0000	0.0000	0.0041	0.0000	0.0071	0.0000	0.0125	0.0105	0.0126	0.0280	0.0339	0.0385	0.0419	0.0372	0.0401	0.0286	0.0439	0.0557	0.0518	0.0570	0.0624	0.0546	0.0627	0.0999	0.0764	0.0756	0.0702	0.0681	0.0861	0.0833	0.0648	0.0880	0.0960	0.1024	0.0959	0.0921	0.0922	0.1039	0.0900	0.0997	0.0968	0.0824	0.0704	0.0778	0.0860	0.0813	0.0670	0.0782	0.0912	0.0987	0.1132	0.0803	0.0868	0.0876	0.0982	0.1087	0.1041	0.0963	0.1071	0.1043	0.0859	0.0773	0.0842	0.0832	0.0723	0.0706	0.0724	0.0704
0.0000	0.0000	0.0004	0.0135	0.0024	0.0012	0.0000	0.0180	0.0151	0.0395	0.0284	0.0249	0.0452	0.0376	0.0272	0.0327	0.0313	0.0513	0.0559	0.0675	0.0642	0.0567	0.0555	0.0681	0.0875	0.0738	0.0802	0.0698	0.0749	0.0828	0.0822	0.0649	0.0834	0.0780	0.0873	0.0958	0.0894	0.0845	0.0955	0.0903	0.0950	0.0884	0.0830	0.0821	0.0766	0.0780	0.0861	0.0883	0.0821	0.0882	0.1116	0.0953	0.0824	0.0851	0.1081	0.1038	0.1105	0.1070	0.0986	0.0982	0.1039	0.0977	0.1025	0.0865	0.0957	0.0987	0.0927	0.1085	0.1066
0.0000	0.0000	0.0140	0.0092	0.0066	0.0000	0.0119	0.0253	0.0204	0.0312	0.0328	0.0330	0.0374	0.0315	0.0313	0.0428	0.0371	0.0486	0.0514	0.0697	0.0640	0.0598	0.0632	0.0662	0.0748	0.0691	0.0742	0.0822	0.0887	0.0940	0.0820	0.0942	0.1036	0.0875	0.0845	0.0799	0.0900	0.0942	0.0888	0.0709	0.0803	0.0868	0.0807	0.0846	0.0916	0.1029	0.0978	0.0854	0.0877	0.1066	0.1040	0.0906	0.0981	0.0988	0.1119	0.1176	0.1134	0.1011	0.0921	0.1161	0.1155	0.1003	0.1097	0.1113	0.1127	0.0977	0.1278	0.1169	0.1462
0.0000	0.0000	0.0016	0.0060	0.0123	0.0167	0.0225	0.0249	0.0331	0.0280	0.0298	0.0503	0.0426	0.0375	0.0348	0.0481	0.0635	0.0586	0.0457	0.0757	0.0878	0.0840	0.0652	0.0696	0.0900	0.0753	0.0727	0.0869	0.0922	0.0973	0.0829	0.0849	0.0981	0.1072	0.1223	0.1205	0.1170	0.1071	0.0935	0.0868	0.0674	0.0836	0.0907	0.0843	0.0933	0.1086	0.0877	0.0983	0.1049	0.1180	0.1102	0.1064	0.1131	0.1195	0.1168	0.1258	0.1171	0.1085	0.1186	0.1450	0.1487	0.1422	0.1512	0.1482	0.1492	0.1512	0.1797	0.2284	0.2243
0.0000	0.0000	0.0000	0.0076	0.0082	0.0112	0.0295	0.0398	0.0383	0.0321	0.0372	0.0466	0.0600	0.0394	0.0566	0.0639	0.0713	0.0808	0.0634	0.0795	0.0860	0.0870	0.0624	0.0750	0.1019	0.1007	0.0877	0.0694	0.1111	0.1074	0.0931	0.1042	0.1180	0.1283	0.1327	0.1247	0.1153	0.0976	0.0898	0.0997	0.0967	0.1003	0.1080	0.0989	0.0916	0.1041	0.1028	0.1298	0.1265	0.1054	0.1320	0.1274	0.1283	0.1296	0.1314	0.1647	0.1651	0.1554	0.1697	0.1894	0.1753	0.1853	0.1845	0.1996	0.1956	0.1782	0.2457	0.3378	0.3564
0.0000	0.0124	0.0140	0.0235	0.0049	0.0167	0.0289	0.0323	0.0383	0.0469	0.0422	0.0451	0.0533	0.0447	0.0543	0.0693	0.0588	0.0859	0.0658	0.0616	0.0925	0.0956	0.0732	0.0952	0.1052	0.1150	0.0920	0.0957	0.1092	0.1198	0.1192	0.0959	0.1150	0.1374	0.1296	0.1136	0.1154	0.1157	0.1115	0.1045	0.1161	0.1223	0.1316	0.1062	0.0988	0.1227	0.1156	0.1262	0.1259	0.1316	0.1326	0.1385	0.1333	0.1429	0.1612	0.2225	0.2419	0.2691	0.3449	0.3621	0.2984	0.2560	0.2420	0.2607	0.2339	0.1953	0.2480	0.3432	0.3607
0.0066	0.0213	0.0273	0.0289	0.0201	0.0135	0.0386	0.0396	0.0527	0.0430	0.0485	0.0528	0.0658	0.0490	0.0500	0.0642	0.0735	0.0764	0.0810	0.0840	0.0962	0.0862	0.0910	0.0986	0.1164	0.1118	0.1058	0.1017	0.1160	0.1166	0.1237	0.1261	0.1458	0.1360	0.1310	0.1321	0.1493	0.1357	0.1384	0.1256	0.1154	0.1147	0.1268	0.1239	0.1222	0.1269	0.1402	0.1368	0.1461	0.1561	0.1863	0.1745	0.1878	0.2124	0.2517	0.4292	0.5394	0.5746	0.6263	0.5860	0.5444	0.4269	0.3827	0.4155	0.3435	0.2520	0.2817	0.3661	0.3547
0.0211	0.0119	0.0142	0.0129	0.0232	0.0301	0.0406	0.0573	0.0460	0.0470	0.0632	0.0589	0.0668	0.0673	0.0679	0.0719	0.0959	0.0864	0.0928	0.1075	0.1035	0.0967	0.0995	0.1078	0.1126	0.1132	0.1224	0.1347	0.1375	0.1184	0.1195	0.1153	0.1290	0.1463	0.1370	0.1358	0.1519	0.1685	0.1509	0.1385	0.1285	0.1271	0.1365	0.1430	0.1336	0.1565	0.1659	0.1608	0.1614	0.1965	0.2276	0.2429	0.2652	0.2911	0.4373	0.7259	0.7143	0.6634	0.6289	0.6239	0.5937	0.5655	0.5178	0.5069	0.4810	0.3609	0.3159	0.3968	0.3740
0.0095	0.0030	0.0313	0.0290	0.0457	0.0391	0.0374	0.0523	0.0453	0.0500	0.0584	0.0564	0.0584	0.0767	0.0630	0.0961	0.1008	0.1225	0.1095	0.1206	0.1224	0.1188	0.1281	0.1223	0.1358	0.1209	0.1279	0.1361	0.1496	0.1353	0.1458	0.1566	0.1562	0.1710	0.1608	0.1509	0.1803	0.1771	0.1598	0.1506	0.1524	0.1520	0.1588	0.1651	0.1803	0.1909	0.1963	0.2140	0.2165	0.2381	0.2664	0.3003	0.3106	0.3403	0.5320	0.7837	0.7343	0.6429	0.6111	0.6288	0.5905	0.5461	0.5071	0.4973	0.4779	0.4303	0.3713	0.3926	0.3276
0.0175	0.0227	0.0336	0.0355	0.0302	0.0323	0.0425	0.0540	0.0514	0.0487	0.0711	0.0770	0.0702	0.0868	0.0900	0.1041	0.1189	0.1239	0.1330	0.1236	0.1357	0.1444	0.1386	0.1387	0.1530	0.1465	0.1632	0.1628	0.1680	0.1662	0.1717	0.1700	0.1901	0.2037	0.1858	0.1613	0.1768	0.1981	0.2069	0.1986	0.1766	0.2033	0.2155	0.2131	0.2031	0.2297	0.2304	0.2390	0.2550	0.2826	0.2966	0.3259	0.3584	0.3701	0.4820	0.7646	0.7251	0.6508	0.6227	0.6120	0.5722	0.5508	0.4737	0.5438	0.5164	0.4499	0.4065	0.4004	0.3331
0.0224	0.0145	0.0302	0.0386	0.0427	0.0365	0.0504	0.0609	0.0806	0.0671	0.0865	0.0719	0.0884	0.0913	0.1033	0.1108	0.1300	0.1438	0.1419	0.1461	0.1624	0.1698	0.1676	0.1665	0.1836	0.2057	0.1915	0.1862	0.2141	0.2267	0.2493	0.2368	0.2326	0.2482	0.2419	0.2135	0.2303	0.2384	0.2350	0.2526	0.2265	0.2420	0.2552	0.2389	0.2289	0.2514	0.2680	0.2707	0.2916	0.2999	0.3392	0.3363	0.3644	0.3986	0.4697	0.7543	0.7124	0.6371	0.6574	0.5973	0.4851	0.5232	0.5180	0.5432	0.5117	0.4574	0.4204	0.4039	0.3399
0.0131	0.0236	0.0419	0.0324	0.0478	0.0431	0.0675	0.0783	0.0865	0.0762	0.1135	0.1059	0.1240	0.1133	0.1194	0.1581	0.1661	0.1974	0.2208	0.2359	0.2401	0.2016	0.2259	0.2387	0.2474	0.2851	0.3311	0.3645	0.3958	0.4270	0.4170	0.3438	0.3225	0.3194	0.3263	0.3019	0.2932	0.2882	0.2865	0.2718	0.2701	0.2726	0.2772	0.2732	0.2753	0.3075	0.2900	0.2736	0.2975	0.3147	0.3927	0.3919	0.4023	0.3921	0.4866	0.7520	0.7525	0.6681	0.6325	0.5979	0.5433	0.5200	0.5403	0.5021	0.4777	0.4461	0.4096	0.3455	0.3179
0.0073	0.0322	0.0355	0.0457	0.0520	0.0459	0.0590	0.0953	0.1039	0.0908	0.1207	0.1593	0.1586	0.1690	0.1990	0.2579	0.3936	0.4512	0.4939	0.4734	0.4704	0.4434	0.4593	0.5262	0.5054	0.5114	0.5934	0.6798	0.6847	0.8044	0.7433	0.6519	0.6446	0.6205	0.5016	0.4587	0.3954	0.3307	0.3261	0.3232	0.2945	0.2914	0.3035	0.3121	0.3201	0.3180	0.2984	0.3191	0.3466	0.4040	0.5247	0.4811	0.4633	0.4334	0.5035	0.7516	0.7838	0.6980	0.6200	0.6272	0.5510	0.5140	0.5482	0.4688	0.4367	0.4117	0.3731	0.3211	0.3414
0.0236	0.0209	0.0425	0.0778	0.0764	0.0786	0.0833	0.1140	0.1492	0.1605	0.1707	0.2273	0.2455	0.3372	0.4842	0.6239	0.7521	0.7193	0.7492	0.6981	0.6696	0.7026	0.6716	0.7373	0.6884	0.6786	0.7064	0.7169	0.7573	0.7830	0.7752	0.8846	0.9432	0.9383	0.8522	0.7783	0.6859	0.5799	0.4366	0.3559	0.3412	0.3328	0.3351	0.3359	0.3460	0.4146	0.3900	0.3954	0.4391	0.6546	0.8668	0.8353	0.7399	0.6441	0.5424	0.7511	0.7379	0.6762	0.6492	0.6390	0.5429	0.5097	0.5457	0.5190	0.4248	0.3864	0.3812	0.3679	0.3338
0.0269	0.0444	0.0509	0.0754	0.1033	0.1301	0.1669	0.1989	0.2560	0.3621	0.3873	0.4878	0.6451	0.6341	0.7478	0.7857	0.7422	0.7196	0.7407	0.7292	0.7197	0.6328	0.6623	0.6729	0.6460	0.6784	0.7018	0.6959	0.7203	0.7628	0.7785	0.8944	0.9132	0.8888	0.9460	0.8751	0.9089	0.8948	0.7294	0.4828	0.4458	0.4532	0.4699	0.4497	0.5642	0.6274	0.5428	0.4798	0.5177	0.7928	0.9543	0.9678	0.8801	0.8237	0.6826	0.7550	0.7094	0.6745	0.6315	0.6021	0.5313	0.4905	0.4740	0.4572	0.4080	0.3587	0.3617	0.3534	0.3278
0.0296	0.0658	0.1002	0.1480	0.1849	0.2919	0.3639	0.4948	0.5812	0.6036	0.6634	0.6670	0.6826	0.6237	0.6586	0.6522	0.6635	0.6628	0.6668	0.6242	0.6443	0.6200	0.5958	0.5912	0.5965	0.6042	0.6689	0.7211	0.6875	0.7640	0.8074	0.8834	0.8958	0.8711	0.8728	0.9070	0.9168	0.8905	0.8989	0.8268	0.7628	0.7963	0.8005	0.6977	0.8348	0.9021	0.8388	0.5396	0.6369	0.8727	0.8844	0.8983	0.8928	0.8380	0.7130	0.7061	0.6536	0.6186	0.6093	0.5437	0.4972	0.4963	0.4846	0.4431	0.4000	0.3582	0.3549	0.3442	0.3244
0.1110	0.1540	0.2441	0.3640	0.4563	0.5674	0.6102	0.6294	0.6621	0.6115	0.6027	0.5695	0.5770	0.5332	0.5439	0.5956	0.6149	0.5823	0.5768	0.5528	0.5761	0.6200	0.5858	0.5706	0.5816	0.5546	0.6540	0.6373	0.6881	0.7961	0.7662	0.8088	0.8478	0.8943	0.8365	0.8602	0.8233	0.8248	0.8444	0.8729	0.8416	0.8255	0.9063	0.8831	0.9060	0.9186	0.8236	0.5502	0.7017	1.0000	0.9269	0.8654	0.8102	0.7751	0.7177	0.6289	0.5675	0.5278	0.5320	0.5114	0.5167	0.4470	0.4543	0.4056	0.4059	0.3795	0.3492	0.3263	0.3345
0.1929	0.3355	0.4032	0.4316	0.4608	0.4822	0.4760	0.4645	0.4705	0.4489	0.4251	0.4316	0.4715	0.4506	0.4926	0.4912	0.5717	0.5840	0.5435	0.5594	0.5532	0.5764	0.5934	0.5969	0.5761	0.5571	0.6076	0.6171	0.6615	0.7295	0.7794	0.7867	0.7728	0.8255	0.8040	0.8066	0.8108	0.8096	0.7427	0.7457	0.7690	0.7776	0.7960	0.7747	0.8824	0.8557	0.6651	0.5006	0.7033	0.8722	0.8728	0.8217	0.7034	0.6787	0.6776	0.6137	0.5505	0.5102	0.4974	0.4785	0.4774	0.4338	0.4226	0.4129	0.3971	0.3882	0.3600	0.3310	0.3048
0.2047	0.3165	0.3328	0.3088	0.2956	0.3267	0.3331	0.3482	0.3433	0.3575	0.3358	0.3642	0.4523	0.4738	0.4585	0.4936	0.5650	0.5842	0.5408	0.5407	0.5554	0.5407	0.5410	0.5727	0.5476	0.5768	0.5683	0.6359	0.6446	0.6753	0.7664	0.8238	0.7949	0.8321	0.8330	0.7713	0.7897	0.7769	0.7454	0.7566	0.7100	0.7129	0.7528	0.7761	0.7896	0.8211	0.6190	0.4736	0.5675	0.6856	0.7618	0.7100	0.6192	0.6228	0.6218	0.5970	0.5215	0.4421	0.4688	0.4474	0.4240	0.4146	0.4020	0.3849	0.3736	0.3501	0.3352	0.3129	0.2919
0.1969	0.2810	0.2568	0.2423	0.2499	0.2584	0.2844	0.3098	0.3229	0.3187	0.3350	0.3870	0.4457	0.4830	0.4883	0.5028	0.5538	0.5520	0.5567	0.5474	0.5858	0.5753	0.5636	0.5395	0.5446	0.5811	0.5877	0.6084	0.6541	0.7052	0.7125	0.7415	0.7716	0.7628	0.7725	0.7721	0.7482	0.7482	0.7240	0.7454	0.7763	0.7334	0.7269	0.7741	0.7844	0.7567	0.5519	0.5285	0.6220	0.7264	0.7369	0.6917	0.6078	0.5538	0.5181	0.5477	0.5072	0.4752	0.4532	0.4425	0.4166	0.3969	0.3775	0.3765	0.3655	0.3597	0.3226	0.3003	0.2920
0.1522	0.2279	0.2356	0.2550	0.2748	0.2604	0.2974	0.2919	0.3071	0.2988	0.3663	0.3872	0.4520	0.4768	0.4935	0.5145	0.5662	0.5523	0.5421	0.5240	0.5787	0.5914	0.5589	0.5641	0.5733	0.5676	0.6178	0.6341	0.6346	0.6768	0.6645	0.7279	0.7845	0.7582	0.7317	0.7417	0.7512	0.7447	0.7468	0.7054	0.7615	0.7471	0.7443	0.8109	0.8142	0.7314	0.6787	0.7049	0.7280	0.6948	0.6375	0.6107	0.6054	0.5419	0.5214	0.5334	0.4850	0.4713	0.4685	0.4591	0.4128	0.3981	0.4224	0.4147	0.3586	0.3723	0.3063	0.2729	0.2913
0.1587	0.2123	0.2615	0.2629	0.2753	0.2803	0.3008	0.3155	0.2932	0.3326	0.3749	0.3834	0.4396	0.4757	0.4771	0.5158	0.5905	0.6207	0.6212	0.5652	0.5921	0.5901	0.5749	0.5589	0.6413	0.5762	0.6366	0.6343	0.6717	0.6731	0.7250	0.7592	0.7288	0.7940	0.7581	0.6953	0.7397	0.7513	0.7186	0.7441	0.7722	0.7333	0.7489	0.8007	0.7888	0.7843	0.7460	0.6689	0.6123	0.5821	0.5451	0.5138	0.5565	0.5501	0.5111	0.5303	0.5161	0.4968	0.4873	0.4401	0.4116	0.4123	0.3990	0.3806	0.3538	0.3567	0.2917	0.2967	0.3060
0.1922	0.2295	0.2577	0.2557	0.2450	0.2852	0.3057	0.3050	0.3240	0.3472	0.4213	0.4244	0.4384	0.4538	0.4712	0.4828	0.5345	0.6008	0.6138	0.5560	0.5629	0.5443	0.5819	0.5916	0.6223	0.6101	0.5882	0.6148	0.6851	0.7049	0.7194	0.7367	0.7305	0.7779	0.7358	0.7438	0.7750	0.7246	0.7090	0.7072	0.7266	0.7433	0.7183	0.6843	0.6889	0.6643	0.6038	0.5992	0.5739	0.5415	0.5337	0.5367	0.5225	0.5311	0.5403	0.5445	0.5022	0.4859	0.4810	0.4826	0.4514	0.4180	0.4283	0.3886	0.3694	0.3550	0.3178	0.3103	0.2794
0.1964	0.2481	0.2421	0.2782	0.2849	0.2987	0.3411	0.3404	0.3507	0.3615	0.3952	0.4405	0.4918	0.4710	0.4738	0.5052	0.5586	0.5477	0.5390	0.5347	0.5916	0.5410	0.5155	0.5392	0.5898	0.6045	0.6222	0.6432	0.6478	0.6894	0.7323	0.6860	0.7155	0.6945	0.7105	0.7198	0.7087	0.6708	0.6816	0.6664	0.6833	0.6542	0.5876	0.5715	0.6147	0.5968	0.5782	0.5832	0.5934	0.5686	0.5704	0.5624	0.5418	0.5163	0.5264	0.5355	0.4978	0.5074	0.4958	0.4860	0.4800	0.4230	0.4244	0.3798	0.3613	0.3636	0.3315	0.3161	0.2824
0.2156	0.2474	0.2629	0.2861	0.2995	0.3085	0.3285	0.3454	0.3387	0.3518	0.3887	0.4171	0.4542	0.4555	0.4843	0.5062	0.5285	0.5264	0.5404	0.5327	0.5372	0.5369	0.5132	0.5425	0.5562	0.5455	0.5960	0.6142	0.5857	0.6789	0.6965	0.6824	0.7155	0.6752	0.6721	0.6190	0.6224	0.6535	0.6440	0.6251	0.6108	0.5627	0.5586	0.5339	0.5524	0.5541	0.5336	0.5365	0.5493	0.5588	0.5713	0.5581	0.5499	0.5380	0.5369	0.5319	0.4954	0.4952	0.5102	0.5020	0.4690	0.4467	0.4184	0.3913	0.3854	0.3634	0.3333	0.3158	0.3207
0.2247	0.2648	0.2478	0.2631	0.2694	0.2893	0.3208	0.3274	0.3259	0.3817	0.3989	0.3936	0.4402	0.4506	0.4752	0.4806	0.4593	0.4761	0.4871	0.5257	0.5184	0.5405	0.5054	0.5479	0.5757	0.5337	0.5320	0.5662	0.5967	0.6209	0.6475	0.6862	0.6511	0.6352	0.6169	0.6195	0.5831	0.6056	0.5959	0.5920	0.6047	0.5903	0.5523	0.5192	0.5366	0.5187	0.5499	0.5480	0.5427	0.5133	0.5593	0.5566	0.6007	0.5721	0.5283	0.5159	0.5364	0.4726	0.4723	0.5030	0.4796	0.4500	0.4288	0.4078	0.3749	0.3733	0.3559	0.3540	0.3467
0.2042	0.2335	0.2451	0.2729	0.2972	0.2881	0.2994	0.3195	0.3467	0.3819	0.3842	0.3999	0.4047	0.4361	0.4756	0.4898	0.4590	0.4859	0.5275	0.5178	0.4978	0.5067	0.4874	0.5195	0.5708	0.5305	0.5407	0.5832	0.5975	0.5980	0.6650	0.6560	0.6580	0.6488	0.6156	0.6245	0.6133	0.6227	0.6071	0.5838	0.5816	0.5800	0.5431	0.5304	0.5270	0.5215	0.5576	0.5589	0.5671	0.5396	0.5503	0.5299	0.5555	0.5482	0.5472	0.5337	0.5149	0.4805	0.4848	0.4808	0.4723	0.4573	0.4405	0.4048	0.3962	0.3437	0.3451	0.3405	0.3124
0.2105	0.2310	0.2468	0.2898	0.3196	0.2829	0.3072	0.3451	0.3722	0.3555	0.3952	0.4212	0.4329	0.4278	0.4206	0.4851	0.4961	0.5268	0.5226	0.5148	0.4961	0.5023	0.4790	0.5380	0.5108	0.5120	0.5447	0.6022	0.6351	0.6440	0.6111	0.6295	0.6834	0.6691	0.6299	0.6448	0.6812	0.7022	0.6674	0.6103	0.5934	0.6048	0.5646	0.5636	0.5413	0.5259	0.5563	0.5655	0.5501	0.5474	0.5557	0.5509	0.5289	0.5323	0.5228	0.5416	0.5041	0.5012	0.4753	0.4779	0.4593	0.4381	0.4193	0.4018	0.4006	0.3755	0.3483	0.3666	0.3438
0.2197	0.2561	0.2766	0.2983	0.3197	0.2772	0.3237	0.3470	0.3834	0.3887	0.3860	0.4357	0.4207	0.4348	0.4606	0.4540	0.5185	0.4952	0.5259	0.5150	0.5088	0.5329	0.5084	0.5544	0.5340	0.5149	0.5341	0.5741	0.6061	0.6311	0.6554	0.7013	0.7117	0.7062	0.7175	0.7291	0.7467	0.6741	0.6649	0.6764	0.6173	0.6532	0.6098	0.5974	0.5699	0.5563	0.5780	0.5549	0.5559	0.5660	0.5853	0.5848	0.5824	0.5445	0.5019	0.5333	0.4989	0.4889	0.4678	0.4938	0.4555	0.4416	0.4187	0.4043	0.4040	0.3807	0.3631	0.3547	0.3005
0.1885	0.2362	0.2646	0.2782	0.2947	0.2788	0.3024	0.3509	0.3642	0.3851	0.3612	0.3921	0.3949	0.3966	0.4736	0.4888	0.5013	0.4942	0.5241	0.5056	0.5051	0.5091	0.5080	0.5541	0.5931	0.5950	0.5396	0.5984	0.6440	0.6447	0.6815	0.7346	0.7514	0.7406	0.7887	0.7760	0.7650	0.7738	0.7207	0.7147	0.6780	0.7046	0.7140	0.6525	0.6551	0.6123	0.6152	0.6338	0.5795	0.5723	0.6141	0.5616	0.5471	0.5815	0.5356	0.5131	0.5092	0.5121	0.4557	0.4353	0.4688	0.4534	0.4488	0.4222	0.3896	0.3464	0.3466	0.3475	0.3297
0.2032	0.2382	0.2635	0.2909	0.2926	0.2979	0.3172	0.3331	0.3589	0.3631	0.3724	0.4242	0.4030	0.4428	0.4581	0.4746	0.5063	0.5015	0.4883	0.5019	0.5275	0.5239	0.5315	0.5647	0.5980	0.6101	0.5976	0.6537	0.6543	0.6869	0.7076	0.7491	0.7449	0.7765	0.8044	0.7786	0.8539	0.8071	0.7830	0.7553	0.7653	0.7819	0.7237	0.7320	0.7386	0.6828	0.6938	0.7018	0.6568	0.6059	0.5824	0.5485	0.5597	0.5302	0.5277	0.5367	0.5268	0.5003	0.4505	0.4741	0.4520	0.4597	0.4451	0.4037	0.3868	0.3685	0.3423	0.3296	0.3013
0.2048	0.2196	0.2658	0.2813	0.2862	0.2978	0.3187	0.3497	0.3560	0.3742	0.3981	0.3925	0.3931	0.4520	0.4577	0.5024	0.4903	0.4778	0.5005	0.5237	0.5467	0.5151	0.5515	0.5931	0.6027	0.5952	0.6013	0.6508	0.6713	0.7005	0.7134	0.7393	0.8089	0.8119	0.7722	0.7838	0.7776	0.7854	0.8255	0.7875	0.7925	0.8148	0.7865	0.8113	0.7507	0.7617	0.8118	0.7875	0.7267	0.6972	0.6239	0.5439	0.5517	0.5199	0.5264	0.5437	0.5228	0.4974	0.4801	0.5000	0.4683	0.4546	0.4406	0.4424	0.3847	0.3951	0.3621	0.3307	0.2999
0.1851	0.2125	0.2438	0.2542	0.2917	0.2879	0.3245	0.3726	0.3690	0.3371	0.3455	0.3948	0.3932	0.4505	0.4733	0.5122	0.5037	0.4913	0.4811	0.5297	0.5880	0.5945	0.5711	0.6038	0.6307	0.6348	0.6404	0.6499	0.6496	0.7162	0.7119	0.7182	0.7660	0.8011	0.8129	0.7910	0.7754	0.7790	0.8094	0.7851	0.8174	0.8255	0.8363	0.7998	0.8066	0.8466	0.8342	0.8401	0.7749	0.7865	0.6995	0.6022	0.5797	0.5569	0.5288	0.5146	0.5186	0.5028	0.4928	0.4904	0.4793	0.4414	0.4371	0.4317	0.4419	0.4070	0.3784	0.3450	0.3117
0.1944	0.2242	0.2357	0.2600	0.2860	0.3210	0.3466	0.3592	0.3308	0.3163	0.3370	0.4065	0.4305	0.4815	0.5060	0.5022	0.5108	0.5049	0.5304	0.5651	0.5638	0.6097	0.6115	0.5993	0.6198	0.6137	0.6264	0.5978	0.6596	0.6996	0.7296	0.7222	0.7771	0.8188	0.7993	0.7913	0.7781	0.7787	0.7756	0.7736	0.8106	0.8199	0.8243	0.8424	0.8342	0.8800	0.9381	0.9327	0.8833	0.8455	0.7902	0.6966	0.6141	0.5590	0.5309	0.5160	0.4852	0.4751	0.4730	0.4638	0.4750	0.4653	0.4676	0.4547	0.4183	0.3852	0.3736	0.3531	0.3212
0.2088	0.2345	0.2426	0.2895	0.3134	0.3354	0.3263	0.3393	0.3567	0.3567	0.3736	0.4252	0.4620	0.4771	0.4902	0.4962	0.5419	0.5563	0.5835	0.6025	0.5975	0.6122	0.5827	0.6072	0.5791	0.6002	0.6192	0.6305	0.6589	0.6852	0.7167	0.7387	0.7836	0.7943	0.7782	0.7685	0.7796	0.7866	0.7872	0.7840	0.8216	0.8383	0.8412	0.8891	0.8112	0.8008	0.9287	0.8999	0.8721	0.9127	0.8085	0.7214	0.6513	0.5618	0.5024	0.5201	0.5050	0.4755	0.4634	0.4611	0.4490	0.4439	0.4599	0.4327	0.4139	0.3936	0.3812	0.3557	0.3389
0.2140	0.2583	0.2880	0.3099	0.3351	0.3864	0.3797	0.3746	0.3984	0.3958	0.4148	0.4112	0.4308	0.4393	0.4937	0.5081	0.5669	0.6138	0.6030	0.6332	0.6203	0.6498	0.6184	0.6377	0.6205	0.6417	0.6294	0.6289	0.6779	0.6577	0.7262	0.7816	0.7975	0.8135	0.7928	0.7785	0.8238	0.8251	0.8336	0.8435	0.8691	0.8391	0.7382	0.6588	0.6659	0.6514	0.9195	0.9366	0.8299	0.8663	0.8705	0.7882	0.7065	0.6483	0.5830	0.5396	0.5268	0.5203	0.4913	0.4763	0.5188	0.5090	0.4756	0.4566	0.4467	0.4404	0.4448	0.3678	0.3841
0.2536	0.3772	0.4032	0.4480	0.4810	0.4873	0.4736	0.4739	0.4514	0.4495	0.4622	0.4653	0.4359	0.4786	0.5081	0.5279	0.5991	0.5687	0.5807	0.5948	0.6149	0.6261	0.6334	0.6259	0.6244	0.6158	0.6491	0.6342	0.6677	0.6714	0.7257	0.7755	0.8331	0.8412	0.8177	0.7923	0.8051	0.8341	0.8297	0.8284	0.7313	0.7127	0.5044	0.4140	0.4573	0.5273	0.8671	0.9153	0.8062	0.7783	0.9019	0.8545	0.7575	0.6977	0.6291	0.6014	0.5723	0.5510	0.5363	0.5484	0.5705	0.5615	0.5472	0.5064	0.4788	0.4821	0.4466	0.4113	0.3920
0.1616	0.2618	0.3724	0.5072	0.6045	0.6333	0.6438	0.6487	0.6120	0.5961	0.5559	0.5523	0.5008	0.5297	0.5314	0.5407	0.5831	0.5783	0.5960	0.6226	0.5989	0.5826	0.5971	0.6147	0.6071	0.6063	0.6099	0.6092	0.6405	0.6780	0.7645	0.7542	0.7797	0.7888	0.7418	0.7762	0.8104	0.7808	0.8056	0.7395	0.4442	0.3835	0.3644	0.3386	0.3614	0.4103	0.6383	0.7738	0.6347	0.7180	0.9079	0.8681	0.8196	0.7600	0.6943	0.6246	0.6206	0.5958	0.5915	0.6212	0.6128	0.6152	0.5781	0.5459	0.5170	0.5050	0.4746	0.4576	0.4112
0.0701	0.0925	0.1479	0.2277	0.3112	0.4373	0.5809	0.6445	0.6535	0.6910	0.7350	0.7066	0.6501	0.6560	0.6484	0.6248	0.6302	0.6086	0.6252	0.6459	0.6375	0.6034	0.5838	0.5732	0.5776	0.5882	0.5907	0.6182	0.6957	0.7280	0.7753	0.7677	0.7658	0.7739	0.7521	0.8185	0.8292	0.8104	0.8137	0.6537	0.3431	0.2589	0.2856	0.2732	0.2958	0.3180	0.3573	0.4103	0.4127	0.6573	0.9035	0.8914	0.8314	0.7580	0.7335	0.7288	0.6864	0.6356	0.6212	0.6523	0.6682	0.6390	0.6174	0.5690	0.5433	0.5355	0.4899	0.4581	0.4494
0.0269	0.0385	0.0710	0.0896	0.1185	0.1610	0.2317	0.2922	0.3691	0.5119	0.6271	0.6387	0.6887	0.6881	0.7119	0.7162	0.7096	0.6980	0.6553	0.6503	0.6754	0.6433	0.6398	0.6535	0.6209	0.6258	0.6305	0.6898	0.7140	0.7826	0.8124	0.7931	0.8278	0.8396	0.8158	0.8602	0.8216	0.8487	0.7931	0.6067	0.2678	0.2130	0.2270	0.2354	0.2584	0.2648	0.3004	0.3258	0.3518	0.5031	0.8300	0.8849	0.8442	0.7943	0.7634	0.7420	0.7335	0.6803	0.6304	0.6851	0.6756	0.6139	0.6055	0.5758	0.5829	0.5666	0.5229	0.4775	0.4407
0.0187	0.0202	0.0511	0.0543	0.0669	0.0945	0.1134	0.1109	0.1414	0.1773	0.2263	0.2676	0.3437	0.3940	0.4779	0.5923	0.6790	0.7837	0.7864	0.7230	0.6861	0.6978	0.7105	0.7195	0.7153	0.6987	0.6751	0.7521	0.7600	0.7955	0.8405	0.8052	0.7899	0.8269	0.7433	0.7537	0.7563	0.6885	0.4771	0.3309	0.2009	0.1900	0.2036	0.2010	0.2129	0.2258	0.2495	0.2869	0.2981	0.3458	0.5438	0.8082	0.8548	0.8276	0.7977	0.7991	0.7666	0.7359	0.7210	0.7292	0.7298	0.6556	0.6344	0.6042	0.5439	0.4718	0.5390	0.5125	0.4487
0.0072	0.0116	0.0403	0.0477	0.0648	0.0709	0.0748	0.0785	0.0901	0.1044	0.1122	0.1153	0.1324	0.1566	0.1869	0.2400	0.3338	0.4418	0.5164	0.5937	0.6116	0.6021	0.6810	0.7765	0.7405	0.6729	0.6776	0.7198	0.7521	0.7690	0.7244	0.5815	0.4516	0.4036	0.3242	0.3452	0.3962	0.3071	0.2006	0.1702	0.1760	0.1794	0.1697	0.1737	0.1867	0.2030	0.2029	0.2260	0.2457	0.2588	0.2887	0.4552	0.5726	0.5260	0.5288	0.7902	0.8176	0.7671	0.7512	0.7597	0.7091	0.6615	0.6677	0.6305	0.5313	0.4647	0.5381	0.5124	0.4652
0.0139	0.0178	0.0314	0.0451	0.0536	0.0539	0.0571	0.0623	0.0605	0.0650	0.0826	0.0833	0.0997	0.1017	0.1254	0.1279	0.1382	0.1501	0.1767	0.2109	0.2459	0.2799	0.3500	0.4784	0.4718	0.4223	0.4819	0.4954	0.4898	0.3971	0.3267	0.2362	0.1894	0.1851	0.1835	0.1692	0.1796	0.1784	0.1691	0.1600	0.1532	0.1623	0.1577	0.1597	0.1682	0.1795	0.1763	0.1967	0.2037	0.2246	0.2497	0.2662	0.3090	0.3056	0.3950	0.6940	0.7780	0.7717	0.6467	0.6775	0.7378	0.6917	0.6523	0.6485	0.5628	0.4804	0.5713	0.5376	0.4831
0.0109	0.0053	0.0321	0.0330	0.0422	0.0450	0.0439	0.0543	0.0698	0.0588	0.0617	0.0693	0.0786	0.0730	0.0851	0.1001	0.0992	0.1189	0.1198	0.1117	0.1318	0.1416	0.1364	0.1506	0.1582	0.1612	0.1577	0.1703	0.1668	0.1458	0.1300	0.1467	0.1425	0.1379	0.1519	0.1456	0.1438	0.1531	0.1394	0.1329	0.1257	0.1299	0.1319	0.1450	0.1477	0.1471	0.1581	0.1736	0.1747	0.1797	0.2027	0.2151	0.2525	0.2617	0.3082	0.5846	0.8000	0.6416	0.4159	0.6095	0.8078	0.7624	0.7026	0.6744	0.5007	0.4902	0.5780	0.5283	0.4856
0.0140	0.0168	0.0263	0.0281	0.0357	0.0434	0.0353	0.0470	0.0456	0.0539	0.0586	0.0497	0.0648	0.0686	0.0634	0.0860	0.0852	0.0926	0.0949	0.0938	0.0960	0.1005	0.1014	0.1119	0.1046	0.1129	0.1132	0.1125	0.1093	0.1030	0.1090	0.1132	0.1055	0.1123	0.1091	0.1104	0.1141	0.1220	0.1124	0.1040	0.1084	0.1051	0.1084	0.1232	0.1270	0.1213	0.1264	0.1362	0.1326	0.1329	0.1485	0.1683	0.1924	0.2045	0.2210	0.3963	0.6272	0.4148	0.3883	0.6536	0.7397	0.7128	0.6623	0.5581	0.3910	0.5499	0.5952	0.5477	0.5135
0.0150	0.0180	0.0204	0.0182	0.0276	0.0445	0.0412	0.0429	0.0450	0.0498	0.0563	0.0471	0.0524	0.0740	0.0656	0.0628	0.0714	0.0815	0.0750	0.0748	0.0734	0.0853	0.0962	0.0805	0.0949	0.0926	0.0821	0.1060	0.1085	0.0971	0.0986	0.0924	0.0954	0.0889	0.0862	0.0993	0.1039	0.0953	0.0913	0.0826	0.0902	0.0847	0.0896	0.0947	0.1042	0.1031	0.1086	0.1138	0.1103	0.1127	0.1248	0.1335	0.1486	0.1467	0.1664	0.2254	0.3273	0.2815	0.3815	0.6752	0.7498	0.6827	0.5118	0.3320	0.3476	0.5151	0.5657	0.5849	0.5108
0.0130	0.0087	0.0170	0.0245	0.0354	0.0299	0.0353	0.0435	0.0334	0.0577	0.0570	0.0580	0.0533	0.0609	0.0722	0.0680	0.0663	0.0680	0.0714	0.0722	0.0651	0.0709	0.0728	0.0797	0.0755	0.0768	0.0758	0.0934	0.0891	0.0855	0.0806	0.0774	0.0875	0.0818	0.0801	0.0785	0.0825	0.0801	0.0779	0.0737	0.0791	0.0741	0.0796	0.0856	0.0885	0.0910	0.0890	0.0880	0.0932	0.0953	0.1124	0.1186	0.1169	0.1183	0.1312	0.1369	0.1660	0.2017	0.2088	0.3628	0.4763	0.4202	0.2731	0.2313	0.2865	0.3785	0.5640	0.5840	0.5157
0.0000	0.0006	0.0150	0.0235	0.0184	0.0134	0.0282	0.0349	0.0312	0.0465	0.0312	0.0477	0.0525	0.0512	0.0536	0.0619	0.0598	0.0553	0.0563	0.0633	0.0640	0.0651	0.0680	0.0734	0.0728	0.0720	0.0702	0.0781	0.0665	0.0682	0.0762	0.0686	0.0713	0.0760	0.0748	0.0594	0.0616	0.0692	0.0744	0.0721	0.0691	0.0700	0.0717	0.0667	0.0719	0.0791	0.0809	0.0750	0.0794	0.0850	0.0950	0.0945	0.0942	0.0923	0.1032	0.1159	0.1263	0.1358	0.1563	0.1835	0.1943	0.1836	0.1796	0.2137	0.2254	0.3588	0.5806	0.5585	0.5072
0.0031	0.0036	0.0095	0.0101	0.0188	0.0279	0.0247	0.0292	0.0224	0.0325	0.0313	0.0391	0.0498	0.0463	0.0482	0.0557	0.0572	0.0631	0.0496	0.0649	0.0680	0.0586	0.0562	0.0659	0.0674	0.0654	0.0655	0.0714	0.0671	0.0605	0.0643	0.0638	0.0756	0.0684	0.0619	0.0605	0.0722	0.0637	0.0626	0.0648	0.0691	0.0652	0.0628	0.0621	0.0609	0.0680	0.0692	0.0620	0.0682	0.0764	0.0785	0.0742	0.0727	0.0812	0.0920	0.0966	0.0974	0.1009	0.1152	0.1264	0.1376	0.1265	0.1319	0.1520	0.1788	0.2807	0.4741	0.4351	0.3573
0.0000	0.0000	0.0081	0.0066	0.0120	0.0214	0.0299	0.0395	0.0303	0.0289	0.0271	0.0389	0.0529	0.0357	0.0388	0.0435	0.0516	0.0496	0.0445	0.0468	0.0508	0.0610	0.0560	0.0591	0.0623	0.0629	0.0534	0.0608	0.0658	0.0599	0.0543	0.0602	0.0575	0.0599	0.0589	0.0582	0.0647	0.0589	0.0551	0.0565	0.0587	0.0628	0.0572	0.0527	0.0541	0.0665	0.0617	0.0552	0.0632	0.0613	0.0675	0.0746	0.0642	0.0721	0.0742	0.0735	0.0868	0.0829	0.0873	0.1040	0.1026	0.0983	0.1121	0.1145	0.1271	0.1390	0.1699	0.1748	0.1541
0.0000	0.0000	0.0010	0.0000	0.0000	0.0089	0.0215	0.0247	0.0232	0.0239	0.0319	0.0202	0.0340	0.0387	0.0346	0.0450	0.0381	0.0376	0.0322	0.0395	0.0466	0.0516	0.0525	0.0539	0.0610	0.0516	0.0655	0.0590	0.0583	0.0536	0.0505	0.0478	0.0512	0.0497	0.0450	0.0504	0.0503	0.0537	0.0503	0.0484	0.0499	0.0501	0.0501	0.0496	0.0520	0.0544	0.0512	0.0493	0.0548	0.0533	0.0546	0.0669	0.0656	0.0626	0.0672	0.0625	0.0609	0.0740	0.0659	0.0831	0.0828	0.0787	0.0772	0.0929	0.0967	0.1112	0.1096	0.1187	0.1209
0.0000	0.0000	0.0000	0.0000	0.0000	0.0000	0.0184	0.0124	0.0161	0.0182	0.0202	0.0220	0.0288	0.0292	0.0245	0.0256	0.0395	0.0331	0.0344	0.0418	0.0318	0.0319	0.0389	0.0455	0.0418	0.0441	0.0531	0.0459	0.0469	0.0493	0.0453	0.0421	0.0481	0.0522	0.0435	0.0438	0.0440	0.0434	0.0474	0.0429	0.0372	0.0437	0.0494	0.0551	0.0479	0.0486	0.0505	0.0457	0.0481	0.0518	0.0607	0.0637	0.0564	0.0545	0.0644	0.0596	0.0571	0.0628	0.0688	0.0748	0.0673	0.0591	0.0711	0.0707	0.0713	0.0742	0.0819	0.1045	0.1055
0.0000	0.0000	0.0000	0.0000	0.0037	0.0000	0.0071	0.0029	0.0040	0.0051	0.0140	0.0287	0.0207	0.0205	0.0335	0.0411	0.0424	0.0291	0.0217	0.0337	0.0324	0.0385	0.0308	0.0410	0.0445	0.0446	0.0395	0.0466	0.0504	0.0504	0.0442	0.0454	0.0513	0.0506	0.0427	0.0400	0.0435	0.0458	0.0476	0.0413	0.0403	0.0408	0.0426	0.0507	0.0427	0.0486	0.0476	0.0478	0.0497	0.0458	0.0550	0.0600	0.0502	0.0521	0.0608	0.0605	0.0586	0.0519	0.0621	0.0591	0.0601	0.0567	0.0633	0.0604	0.0492	0.0592	0.0635	0.0799	0.0738
0.0000	0.0000	0.0000	0.0000	0.0084	0.0059	0.0000	0.0106	0.0112	0.0028	0.0165	0.0271	0.0163	0.0176	0.0264	0.0368	0.0378	0.0315	0.0217	0.0289	0.0359	0.0370	0.0370	0.0432	0.0457	0.0417	0.0421	0.0534	0.0430	0.0448	0.0385	0.0419	0.0447	0.0413	0.0412	0.0385	0.0462	0.0595	0.0461	0.0385	0.0428	0.0372	0.0460	0.0424	0.0386	0.0455	0.0477	0.0495	0.0446	0.0440	0.0470	0.0491	0.0498	0.0507	0.0481	0.0538	0.0610	0.0506	0.0519	0.0538	0.0483	0.0505	0.0542	0.0594	0.0495	0.0524	0.0530	0.0523	0.0451
0.0000	0.0000	0.0000	0.0000	0.0000	0.0030	0.0000	0.0134	0.0064	0.0041	0.0006	0.0134	0.0254	0.0216	0.0199	0.0263	0.0331	0.0345	0.0250	0.0261	0.0339	0.0322	0.0376	0.0318	0.0369	0.0332	0.0391	0.0387	0.0438	0.0440	0.0381	0.0375	0.0402	0.0359	0.0367	0.0345	0.0376	0.0455	0.0402	0.0365	0.0362	0.0376	0.0398	0.0356	0.0382	0.0398	0.0473	0.0467	0.0446	0.0419	0.0393	0.0366	0.0475	0.0408	0.0468	0.0522	0.0506	0.0418	0.0475	0.0503	0.0478	0.0509	0.0495	0.0490	0.0503	0.0473	0.0469	0.0466	0.0430
0.0000	0.0000	0.0000	0.0000	0.0000	0.0000	0.0000	0.0000	0.0000	0.0000	0.0119	0.0146	0.0261	0.0117	0.0162	0.0190	0.0194	0.0176	0.0169	0.0217	0.0333	0.0351	0.0348	0.0365	0.0437	0.0332	0.0329	0.0206	0.0357	0.0478	0.0420	0.0307	0.0341	0.0341	0.0409	0.0332	0.0419	0.0347	0.0349	0.0385	0.0291	0.0345	0.0345	0.0334	0.0372	0.0345	0.0398	0.0413	0.0496	0.0477	0.0418	0.0382	0.0475	0.0441	0.0606	0.0576	0.0493	0.0522	0.0475	0.0558	0.0576	0.0544	0.0552	0.0578	0.0573	0.0472	0.0564	0.0566	0.0500
