0.0000	0.0000	0.0000	0.0009	0.0000	0.0000	0.0000	0.0040	0.0101	0.0142	0.0034	0.0158	0.0155	0.0216	0.0261	0.0341	0.0383	0.0295	0.0283	0.0565	0.0566	0.0574	0.0509	0.0667	0.0787	0.0745	0.0622	0.0586	0.0767	0.0803	0.0548	0.0721	0.0818	0.0985	0.0838	0.0941	0.0874	0.0779	0.0895	0.0749	0.0740	0.0950	0.0815	0.0770	0.0857	0.0916	0.0748	0.0671	0.0765	0.0614	0.0772	0.0694	0.0739	0.0567	0.0579	0.0512	0.0651	0.0599	0.0523	0.0650	0.0384	0.0476	0.0447	0.0503	0.0438	0.0348	0.0405	0.0379	0.0318
0.0000	0.0000	0.0000	0.0000	0.0000	0.0000	0.0166	0.0135	0.0208	0.0173	0.0223	0.0239	0.0223	0.0358	0.0260	0.0468	0.0536	0.0620	0.0496	0.0580	0.0583	0.0485	0.0679	0.0686	0.0906	0.0808	0.0704	0.0754	0.0866	0.0909	0.0833	0.0928	0.1067	0.0922	0.0839	0.1125	0.1071	0.0925	0.0896	0.1008	0.0940	0.0986	0.0788	0.0833	0.0903	0.0900	0.0871	0.0975	0.0890	0.0837	0.0804	0.0803	0.0643	0.0643	0.0665	0.0599	0.0642	0.0612	0.0699	0.0713	0.0559	0.0557	0.0537	0.0716	0.0572	0.0396	0.0387	0.0411	0.0407
0.0000	0.0000	0.0074	0.0000	0.0042	0.0000	0.0057	0.0158	0.0239	0.0071	0.0259	0.0250	0.0337	0.0344	0.0407	0.0472	0.0374	0.0642	0.0689	0.0610	0.0712	0.0624	0.0743	0.0790	0.1103	0.0888	0.0957	0.0858	0.0948	0.1077	0.0985	0.0930	0.0950	0.1072	0.1164	0.1105	0.1099	0.0866	0.0807	0.0837	0.1013	0.0984	0.0881	0.1064	0.0971	0.0866	0.0891	0.0831	0.0779	0.0757	0.0897	0.0956	0.0885	0.0708	0.0774	0.0775	0.0720	0.0667	0.0775	0.0650	0.0657	0.0676	0.0744	0.0658	0.0635	0.0548	0.0507	0.0704	0.0673
0.0000	0.0000	0.0047	0.0046	0.0160	0.0057	0.0103	0.0229	0.0148	0.0260	0.0382	0.0300	0.0455	0.0309	0.0492	0.0575	0.0504	0.0621	0.0662	0.0668	0.0850	0.0723	0.0761	0.0856	0.0902	0.0858	0.0919	0.0864	0.0933	0.0980	0.0970	0.0806	0.0969	0.1119	0.1149	0.1175	0.1031	0.1034	0.0984	0.1002	0.0949	0.0874	0.0895	0.0929	0.0892	0.0926	0.0870	0.0645	0.0636	0.0702	0.0835	0.0914	0.0915	0.0751	0.0849	0.0759	0.0756	0.0667	0.0753	0.0658	0.0730	0.0780	0.0793	0.0792	0.0677	0.0559	0.0690	0.0672	0.0761
0.0000	0.0072	0.0031	0.0100	0.0000	0.0103	0.0124	0.0325	0.0215	0.0246	0.0316	0.0389	0.0491	0.0308	0.0422	0.0524	0.0526	0.0502	0.0548	0.0685	0.0692	0.0695	0.0756	0.0801	0.0845	0.0760	0.0935	0.0900	0.0948	0.0906	0.0911	0.1040	0.1042	0.1151	0.1049	0.0991	0.1066	0.1000	0.1145	0.1064	0.1006	0.0923	0.1036	0.1087	0.1073	0.1011	0.1061	0.0726	0.0899	0.0844	0.0884	0.0920	0.0907	0.0810	0.0772	0.0793	0.0829	0.0708	0.0709	0.0821	0.0727	0.0743	0.0802	0.0899	0.0711	0.0669	0.0789	0.0882	0.0873
0.0000	0.0000	0.0010	0.0190	0.0127	0.0060	0.0249	0.0359	0.0236	0.0333	0.0366	0.0498	0.0521	0.0472	0.0565	0.0714	0.0596	0.0513	0.0525	0.0813	0.0927	0.0878	0.0797	0.0847	0.1005	0.0840	0.0809	0.0865	0.1074	0.1245	0.1041	0.1015	0.1325	0.1422	0.1282	0.1281	0.1349	0.1141	0.1100	0.1091	0.1209	0.1203	0.1160	0.1081	0.1142	0.1049	0.0947	0.1012	0.1017	0.1079	0.0962	0.0993	0.0935	0.1017	0.1015	0.1058	0.0901	0.0828	0.0792	0.0909	0.0949	0.0879	0.1088	0.1110	0.1011	0.0941	0.0965	0.1172	0.1340
0.0000	0.0000	0.0073	0.0177	0.0086	0.0144	0.0231	0.0116	0.0295	0.0329	0.0486	0.0588	0.0549	0.0408	0.0504	0.0724	0.0758	0.0684	0.0801	0.0801	0.0949	0.0878	0.0708	0.0734	0.0994	0.1038	0.1221	0.0961	0.1240	0.1216	0.1227	0.1023	0.1314	0.1409	0.1320	0.1343	0.1206	0.1132	0.1117	0.1111	0.1218	0.1244	0.1189	0.1070	0.1167	0.1154	0.1013	0.1055	0.1091	0.1114	0.1110	0.1222	0.1197	0.0959	0.1078	0.1207	0.1189	0.1033	0.1165	0.1285	0.1032	0.1124	0.1352	0.1529	0.1393	0.1270	0.1430	0.1669	0.2523
0.0000	0.0000	0.0143	0.0106	0.0035	0.0089	0.0257	0.0249	0.0453	0.0378	0.0473	0.0713	0.0670	0.0433	0.0550	0.0783	0.0681	0.0678	0.0935	0.0902	0.0907	0.1086	0.1092	0.1050	0.1170	0.1110	0.1125	0.0994	0.1278	0.1242	0.1199	0.1120	0.1463	0.1441	0.1397	0.1384	0.1501	0.1312	0.1302	0.1440	0.1292	0.1353	0.1504	0.1366	0.1186	0.1401	0.1183	0.1334	0.1389	0.1322	0.1386	0.1271	0.1207	0.1090	0.1201	0.1343	0.1385	0.1282	0.1223	0.1247	0.1408	0.1408	0.1621	0.1731	0.1741	0.1660	0.1961	0.2744	0.3496
0.0048	0.0049	0.0198	0.0257	0.0346	0.0312	0.0338	0.0366	0.0431	0.0478	0.0527	0.0642	0.0717	0.0681	0.0781	0.0762	0.0857	0.0793	0.0985	0.1037	0.1184	0.1228	0.1069	0.1105	0.1235	0.1150	0.1051	0.1084	0.1333	0.1337	0.1423	0.1342	0.1572	0.1484	0.1455	0.1478	0.1461	0.1428	0.1386	0.1464	0.1476	0.1487	0.1601	0.1422	0.1604	0.1560	0.1520	0.1517	0.1576	0.1551	0.1693	0.1518	0.1515	0.1606	0.1471	0.1478	0.1523	0.1609	0.1584	0.1690	0.1734	0.1608	0.1822	0.1992	0.2013	0.1996	0.2674	0.3883	0.3759
0.0080	0.0151	0.0211	0.0172	0.0213	0.0317	0.0368	0.0500	0.0501	0.0530	0.0603	0.0690	0.0836	0.0729	0.0783	0.0788	0.0821	0.0928	0.1001	0.1123	0.1125	0.0983	0.0953	0.1041	0.1353	0.1310	0.1303	0.1276	0.1444	0.1518	0.1463	0.1441	0.1590	0.1541	0.1599	0.1507	0.1741	0.1759	0.1598	0.1655	0.1586	0.1624	0.1860	0.1834	0.1833	0.1774	0.1901	0.1620	0.1626	0.1934	0.1960	0.1859	0.1826	0.1702	0.1795	0.1864	0.1933	0.2025	0.2148	0.1943	0.1987	0.2003	0.2312	0.2515	0.2337	0.2309	0.2824	0.4137	0.3949
0.0137	0.0092	0.0315	0.0200	0.0279	0.0471	0.0391	0.0418	0.0496	0.0522	0.0516	0.0497	0.0681	0.0756	0.0856	0.1080	0.1000	0.1104	0.0929	0.1134	0.1207	0.1277	0.1230	0.1137	0.1524	0.1674	0.1598	0.1798	0.1656	0.1653	0.1783	0.1738	0.1841	0.1859	0.1966	0.1839	0.1862	0.1942	0.1975	0.2063	0.2092	0.2014	0.2236	0.2162	0.2162	0.2127	0.2084	0.2175	0.2027	0.2245	0.2243	0.2232	0.1910	0.1885	0.1923	0.2068	0.2362	0.2298	0.2367	0.2324	0.2084	0.1960	0.2241	0.2401	0.2531	0.2240	0.2571	0.3855	0.3529
0.0257	0.0219	0.0359	0.0406	0.0414	0.0496	0.0344	0.0613	0.0666	0.0642	0.0668	0.0869	0.0752	0.0905	0.1012	0.1222	0.1369	0.1095	0.1040	0.1155	0.1212	0.1645	0.1435	0.1375	0.1792	0.1845	0.1777	0.2032	0.2144	0.2347	0.2397	0.2477	0.2491	0.2385	0.2235	0.2126	0.2258	0.2524	0.2580	0.2659	0.2548	0.2723	0.2800	0.2488	0.2357	0.2427	0.2518	0.2497	0.2511	0.2708	0.2708	0.2579	0.2418	0.2373	0.2259	0.2329	0.2594	0.2491	0.2315	0.2424	0.2442	0.2377	0.2629	0.2807	0.2763	0.2426	0.2502	0.3346	0.3898
0.0236	0.0222	0.0306	0.0385	0.0479	0.0513	0.0407	0.0671	0.1025	0.0846	0.0808	0.0845	0.0803	0.0865	0.0908	0.0978	0.1301	0.1480	0.1202	0.1470	0.1510	0.1910	0.1879	0.2043	0.2174	0.2135	0.2375	0.2731	0.3542	0.4872	0.4950	0.5752	0.4438	0.3460	0.3188	0.2975	0.3163	0.3106	0.3386	0.3626	0.3809	0.4934	0.4792	0.3217	0.2455	0.2889	0.3007	0.2882	0.3088	0.3148	0.2935	0.2888	0.2790	0.2847	0.2540	0.2664	0.2713	0.2524	0.2669	0.2686	0.2783	0.3112	0.3997	0.3883	0.3058	0.2615	0.2622	0.3271	0.4065
0.0252	0.0185	0.0309	0.0424	0.0455	0.0385	0.0541	0.0665	0.0795	0.0881	0.1002	0.1001	0.0886	0.1126	0.1288	0.1182	0.1446	0.1778	0.1814	0.1925	0.1919	0.2268	0.2915	0.2715	0.2997	0.3646	0.4213	0.5523	0.6838	0.7549	0.7847	0.8393	0.8780	0.6922	0.5415	0.4562	0.4849	0.4670	0.5164	0.5621	0.6024	0.7711	0.7997	0.5561	0.3997	0.4225	0.4422	0.3733	0.3046	0.2925	0.3317	0.3426	0.3117	0.2847	0.2912	0.2960	0.2949	0.2921	0.3113	0.3466	0.3462	0.4606	0.5786	0.5062	0.3574	0.2993	0.3042	0.3297	0.3924
0.0100	0.0146	0.0530	0.0525	0.0512	0.0578	0.0637	0.0796	0.0892	0.0901	0.1194	0.1220	0.1190	0.1285	0.1758	0.1717	0.2050	0.2067	0.2301	0.2644	0.3178	0.3567	0.3923	0.4994	0.5773	0.6375	0.7259	0.7956	0.8662	0.8568	0.8628	0.8911	1.0000	0.9439	0.8486	0.8159	0.8368	0.7595	0.7911	0.7807	0.7994	0.8110	0.7973	0.7419	0.7342	0.7462	0.7175	0.6401	0.5533	0.4739	0.4208	0.3563	0.3312	0.2957	0.3046	0.3286	0.3608	0.3956	0.3750	0.3812	0.3837	0.5014	0.6096	0.5411	0.4420	0.3810	0.3729	0.3426	0.3744
0.0130	0.0178	0.0514	0.0592	0.0774	0.0835	0.0807	0.0937	0.1244	0.1103	0.1410	0.1590	0.1659	0.1799	0.2401	0.2952	0.3627	0.3455	0.3954	0.5133	0.6199	0.6543	0.6490	0.8391	0.8199	0.7832	0.7933	0.7623	0.7774	0.7826	0.8255	0.8731	0.9077	0.9263	0.8821	0.8796	0.9233	0.8474	0.7982	0.7285	0.7645	0.7846	0.7677	0.7808	0.8177	0.8250	0.7780	0.7896	0.7345	0.7360	0.6447	0.5348	0.3930	0.3381	0.3625	0.4125	0.5479	0.6777	0.5516	0.5338	0.4931	0.4558	0.6121	0.5887	0.5059	0.4473	0.4341	0.3951	0.3641
0.0214	0.0379	0.0491	0.0746	0.1021	0.1278	0.1253	0.1336	0.1464	0.1633	0.1837	0.2440	0.2807	0.3156	0.4353	0.5950	0.6400	0.6257	0.6979	0.8370	0.8841	0.8831	0.8649	0.8166	0.7872	0.7476	0.7436	0.7245	0.6859	0.7215	0.8061	0.8398	0.8867	0.8434	0.8549	0.7988	0.8200	0.8195	0.7840	0.7261	0.7200	0.7348	0.7727	0.8064	0.7532	0.7230	0.7349	0.7716	0.7477	0.7457	0.7548	0.7744	0.5252	0.4635	0.5429	0.5120	0.6317	0.7304	0.6993	0.6721	0.5860	0.4478	0.5624	0.5325	0.5080	0.4446	0.4236	0.4082	0.3555
0.0559	0.0612	0.0976	0.1366	0.1669	0.2268	0.2876	0.3422	0.3510	0.3210	0.3523	0.3351	0.3952	0.5220	0.6693	0.8330	0.8913	0.8781	0.9074	0.8963	0.8438	0.8221	0.8136	0.7698	0.6754	0.6187	0.6779	0.6509	0.6115	0.6914	0.7770	0.8023	0.8585	0.8229	0.7961	0.7706	0.8188	0.7805	0.7923	0.7706	0.7138	0.7076	0.7276	0.7421	0.7333	0.6946	0.7136	0.7541	0.7647	0.7642	0.7566	0.8083	0.6803	0.5582	0.6679	0.6374	0.5525	0.6940	0.6815	0.5993	0.5701	0.4962	0.5710	0.5193	0.4645	0.4260	0.4111	0.4100	0.3458
0.1087	0.1665	0.2533	0.3475	0.3947	0.4798	0.6211	0.6321	0.6939	0.6722	0.6254	0.5375	0.6088	0.7410	0.7589	0.8698	0.8860	0.8212	0.7932	0.7619	0.7463	0.7295	0.6937	0.6441	0.6076	0.5905	0.6424	0.6238	0.6444	0.7078	0.6952	0.7227	0.7818	0.8413	0.8150	0.7565	0.7651	0.7478	0.7534	0.7638	0.7091	0.6652	0.6928	0.7072	0.6925	0.6802	0.6871	0.6854	0.7371	0.7710	0.7477	0.7324	0.7319	0.7206	0.7753	0.7280	0.6188	0.6375	0.6288	0.6156	0.5953	0.4922	0.5689	0.5111	0.4553	0.3956	0.3770	0.3687	0.3463
0.1935	0.2889	0.3603	0.4391	0.4488	0.4848	0.5605	0.6286	0.6805	0.6897	0.6773	0.6420	0.7871	0.7268	0.7270	0.7567	0.7574	0.7789	0.7309	0.6932	0.6420	0.6260	0.6340	0.6141	0.6193	0.5719	0.6188	0.6136	0.6473	0.7025	0.7074	0.7101	0.7217	0.7773	0.7454	0.7670	0.7817	0.7285	0.6956	0.6836	0.6948	0.6672	0.6599	0.6381	0.6929	0.6369	0.6113	0.6486	0.6749	0.6630	0.6478	0.7030	0.7095	0.7173	0.7365	0.6891	0.6618	0.6466	0.6227	0.6132	0.5717	0.4962	0.5706	0.5218	0.4517	0.4186	0.3703	0.3725	0.3712
0.2066	0.2581	0.3101	0.2992	0.3399	0.3756	0.4156	0.4478	0.5021	0.5174	0.5423	0.5508	0.6413	0.5875	0.5908	0.6144	0.6500	0.6753	0.6530	0.6210	0.5776	0.5723	0.5844	0.6048	0.6004	0.6008	0.5857	0.6260	0.6513	0.6224	0.7034	0.7217	0.7517	0.7758	0.7391	0.7831	0.7786	0.7414	0.7064	0.6922	0.6613	0.6306	0.6235	0.6323	0.6227	0.5930	0.6263	0.6329	0.6273	0.6545	0.6522	0.6757	0.6491	0.6625	0.6497	0.6395	0.6100	0.5888	0.6160	0.5657	0.4987	0.5203	0.5578	0.4795	0.4316	0.4005	0.3806	0.3616	0.3448
0.2080	0.2377	0.2624	0.2534	0.2649	0.3122	0.3279	0.3887	0.4026	0.4262	0.4563	0.4608	0.5063	0.5269	0.5431	0.5388	0.6260	0.6185	0.5723	0.5810	0.5765	0.6235	0.6439	0.6034	0.5874	0.6112	0.5969	0.6215	0.6634	0.6314	0.6528	0.7113	0.7349	0.7419	0.7162	0.7069	0.7439	0.7335	0.7057	0.6841	0.6860	0.6520	0.6523	0.6515	0.6251	0.6213	0.6429	0.6120	0.5942	0.6320	0.6808	0.6217	0.6029	0.6068	0.6041	0.6546	0.6111	0.6135	0.5761	0.4798	0.4825	0.5635	0.5407	0.4500	0.4192	0.4016	0.3621	0.3662	0.3221
0.1782	0.2140	0.2280	0.2398	0.2484	0.2685	0.3003	0.3308	0.3367	0.3379	0.3803	0.4377	0.4636	0.4658	0.4850	0.5657	0.6200	0.6144	0.5599	0.5189	0.5824	0.6331	0.6385	0.6101	0.6090	0.5728	0.6050	0.6550	0.6335	0.6586	0.6419	0.6604	0.7391	0.7353	0.6890	0.6987	0.7425	0.7195	0.7121	0.6594	0.6573	0.6492	0.6690	0.6486	0.6489	0.6282	0.6131	0.6218	0.6189	0.6103	0.6176	0.6198	0.6350	0.6203	0.6567	0.6648	0.6466	0.6162	0.5035	0.4805	0.5550	0.5605	0.5151	0.4443	0.4130	0.4005	0.3730	0.3355	0.3004
0.1700	0.2059	0.2571	0.2492	0.2702	0.2713	0.3118	0.3031	0.2950	0.3020	0.3340	0.3665	0.4486	0.4681	0.4720	0.5068	0.5677	0.5734	0.6123	0.6102	0.6173	0.6089	0.6164	0.5770	0.6449	0.6055	0.6206	0.6534	0.6329	0.6159	0.6602	0.6683	0.6636	0.7251	0.7561	0.6837	0.6822	0.6820	0.6917	0.6645	0.6376	0.6528	0.6680	0.6369	0.6328	0.6467	0.6514	0.6486	0.6279	0.6130	0.5969	0.5837	0.6519	0.6233	0.6130	0.6703	0.6973	0.6754	0.5801	0.5610	0.5541	0.5323	0.4891	0.4094	0.3391	0.3531	0.3258	0.3176	0.3214
0.1965	0.2230	0.2370	0.2514	0.3065	0.2867	0.3214	0.3357	0.3386	0.3308	0.3667	0.3891	0.4427	0.4909	0.4782	0.4704	0.5262	0.5476	0.5789	0.5810	0.5587	0.5896	0.6447	0.6566	0.6144	0.6072	0.6299	0.6013	0.6634	0.6674	0.6695	0.6795	0.6802	0.6861	0.7207	0.6800	0.7305	0.6664	0.6667	0.6717	0.6648	0.6847	0.6553	0.5897	0.6218	0.6130	0.6162	0.6204	0.6252	0.6385	0.6154	0.5957	0.6243	0.6333	0.6321	0.6670	0.6680	0.6438	0.5907	0.5533	0.5294	0.4881	0.4671	0.3862	0.3476	0.3583	0.3215	0.2993	0.3055
0.2241	0.2462	0.2346	0.2470	0.2805	0.3096	0.2982	0.3367	0.3617	0.3508	0.3833	0.4082	0.4645	0.4893	0.4842	0.5086	0.5327	0.5239	0.5451	0.5808	0.5991	0.5820	0.5723	0.5985	0.5970	0.6011	0.6010	0.6384	0.6648	0.6737	0.7049	0.6739	0.7195	0.6812	0.6655	0.6792	0.7118	0.6622	0.6851	0.6651	0.6316	0.6341	0.5869	0.6011	0.6106	0.5937	0.6375	0.6155	0.6266	0.6189	0.6245	0.5974	0.5757	0.5921	0.6080	0.6096	0.5844	0.5840	0.5150	0.4784	0.4567	0.4194	0.4314	0.3880	0.3687	0.3614	0.3188	0.3122	0.3044
0.1997	0.2121	0.2564	0.2924	0.2851	0.3000	0.3256	0.3433	0.3403	0.3591	0.3871	0.4036	0.4785	0.4605	0.4552	0.5080	0.5150	0.4986	0.5652	0.5573	0.5561	0.5845	0.5629	0.5777	0.5736	0.5491	0.6008	0.6511	0.6090	0.6597	0.6715	0.6976	0.7404	0.7022	0.6623	0.6434	0.6638	0.6465	0.6631	0.6358	0.6282	0.5894	0.5806	0.5813	0.6003	0.5642	0.5482	0.5483	0.5667	0.5712	0.5833	0.5766	0.5434	0.5409	0.5443	0.5405	0.4904	0.4970	0.5005	0.4910	0.4453	0.4139	0.4398	0.4061	0.3792	0.3476	0.3253	0.3213	0.3035
0.1859	0.2366	0.2580	0.2907	0.2920	0.2993	0.3231	0.3210	0.3594	0.3866	0.3977	0.3967	0.4556	0.4435	0.4680	0.5083	0.5004	0.5006	0.5210	0.5665	0.5460	0.5519	0.5491	0.5656	0.5791	0.5597	0.5854	0.6049	0.6118	0.6485	0.6595	0.7180	0.6961	0.6463	0.6207	0.6285	0.6559	0.5948	0.5869	0.6024	0.6114	0.5762	0.5919	0.5430	0.5666	0.5321	0.5511	0.5715	0.5769	0.5533	0.5860	0.5659	0.5503	0.5388	0.5086	0.5169	0.5383	0.5027	0.4855	0.4835	0.4610	0.4520	0.4541	0.4042	0.3748	0.3482	0.3502	0.3463	0.3134
0.2199	0.2648	0.2497	0.2694	0.2908	0.2906	0.3493	0.3252	0.3540	0.4026	0.3972	0.3917	0.4386	0.4583	0.4785	0.5004	0.5065	0.5549	0.5549	0.5666	0.5473	0.5347	0.5522	0.5737	0.5752	0.5423	0.6017	0.6121	0.6370	0.6127	0.6210	0.6749	0.6761	0.6483	0.6311	0.6331	0.6394	0.6108	0.6040	0.5787	0.5983	0.5725	0.5864	0.5456	0.5390	0.5410	0.5907	0.5624	0.5691	0.5698	0.5632	0.5492	0.5701	0.5467	0.5498	0.5462	0.5421	0.5217	0.5066	0.4882	0.4818	0.4551	0.4275	0.4132	0.3965	0.3732	0.3472	0.3385	0.2952
0.1999	0.2114	0.2468	0.2939	0.3104	0.3090	0.3192	0.3410	0.3727	0.3785	0.3724	0.4141	0.4706	0.4411	0.4313	0.4932	0.5647	0.5647	0.5632	0.5593	0.5379	0.5554	0.5525	0.5732	0.5399	0.5372	0.5831	0.5995	0.6244	0.6626	0.6258	0.6287	0.7011	0.6686	0.6340	0.6359	0.6541	0.6512	0.6296	0.6105	0.6296	0.6275	0.6042	0.5868	0.5619	0.5604	0.5905	0.5868	0.5688	0.5938	0.5839	0.5878	0.5891	0.5562	0.5728	0.5418	0.5103	0.5158	0.4995	0.5053	0.5098	0.4782	0.4515	0.4273	0.4075	0.3671	0.3470	0.3593	0.3435
0.2030	0.2155	0.2753	0.2818	0.2621	0.2803	0.3484	0.3450	0.3970	0.4096	0.4011	0.4192	0.4570	0.4367	0.4579	0.5062	0.5370	0.5305	0.5413	0.5552	0.5594	0.5873	0.5668	0.5579	0.5670	0.5899	0.5469	0.5750	0.6079	0.6384	0.6621	0.6629	0.6800	0.6949	0.6899	0.6803	0.6956	0.6524	0.6771	0.6826	0.6069	0.6770	0.6517	0.6131	0.5994	0.5538	0.5997	0.6323	0.6411	0.6778	0.6480	0.6493	0.6767	0.6510	0.5953	0.5634	0.5659	0.5598	0.5244	0.5588	0.5136	0.4896	0.4498	0.4330	0.4000	0.3472	0.3279	0.3190	0.3278
0.2012	0.2416	0.2449	0.2597	0.2876	0.2958	0.3051	0.3270	0.3936	0.3964	0.4019	0.4093	0.4508	0.4138	0.4702	0.5099	0.5264	0.5258	0.5419	0.5523	0.5644	0.5835	0.5646	0.5999	0.6003	0.6145	0.5739	0.6101	0.6123	0.6211	0.6827	0.7099	0.7214	0.6843	0.7216	0.6870	0.7181	0.6981	0.6741	0.6888	0.6611	0.6687	0.6955	0.6190	0.5998	0.6256	0.6185	0.6752	0.6459	0.6873	0.7146	0.6836	0.6725	0.6811	0.6382	0.6291	0.6266	0.6115	0.5704	0.5745	0.5495	0.4949	0.5022	0.4582	0.4012	0.3955	0.3468	0.3366	0.3108
0.1959	0.2362	0.2605	0.2801	0.2984	0.3067	0.3209	0.3226	0.3531	0.3850	0.3790	0.3806	0.4339	0.4543	0.4510	0.5089	0.5303	0.5366	0.5260	0.5443	0.5876	0.5812	0.5837	0.6228	0.6353	0.6479	0.6296	0.6275	0.6404	0.6365	0.7087	0.7312	0.7295	0.7120	0.7681	0.7355	0.7568	0.6919	0.7073	0.6842	0.6903	0.6770	0.6662	0.6447	0.6369	0.6043	0.6229	0.6432	0.6859	0.7099	0.7026	0.6851	0.7367	0.7121	0.6717	0.6702	0.6720	0.6497	0.6046	0.5728	0.5445	0.5593	0.5351	0.4486	0.4256	0.4015	0.3596	0.3241	0.3064
0.1856	0.2261	0.2504	0.2742	0.2806	0.2974	0.3103	0.3655	0.3765	0.3767	0.4060	0.3979	0.4106	0.4459	0.4230	0.5145	0.5224	0.5518	0.5154	0.5489	0.5874	0.5676	0.5743	0.5932	0.6296	0.6244	0.6297	0.6515	0.6662	0.6574	0.6994	0.7201	0.7582	0.7476	0.7743	0.7336	0.7655	0.7205	0.7427	0.6989	0.6786	0.7033	0.6913	0.6556	0.6257	0.6582	0.6641	0.6388	0.6910	0.7318	0.7191	0.7125	0.7120	0.7380	0.7683	0.7105	0.6652	0.6494	0.6639	0.5994	0.5962	0.5773	0.5267	0.4988	0.4424	0.4369	0.4013	0.3457	0.3439
0.1860	0.2027	0.2439	0.2530	0.2626	0.2926	0.3083	0.3500	0.3803	0.3729	0.3762	0.4024	0.4235	0.4687	0.4422	0.4810	0.5066	0.5317	0.5172	0.5426	0.6120	0.5993	0.6161	0.6401	0.6971	0.6304	0.6379	0.6548	0.6383	0.6817	0.6882	0.7032	0.7351	0.7141	0.8010	0.7384	0.7385	0.7052	0.7280	0.6745	0.7260	0.7151	0.7071	0.6660	0.6402	0.6755	0.6683	0.6695	0.6349	0.7730	0.7618	0.7563	0.7779	0.8292	0.7748	0.7477	0.7176	0.6706	0.6789	0.6586	0.6330	0.5867	0.5733	0.5233	0.5017	0.4716	0.4111	0.3714	0.3303
0.1988	0.2257	0.2269	0.2563	0.2748	0.3170	0.3460	0.3444	0.3339	0.3603	0.3919	0.4208	0.4718	0.4894	0.5123	0.5250	0.5065	0.4966	0.5221	0.5546	0.5704	0.6104	0.6016	0.6297	0.6623	0.6494	0.6479	0.6288	0.6656	0.6729	0.6708	0.6825	0.7427	0.7370	0.7447	0.7162	0.6936	0.7022	0.6937	0.6977	0.7255	0.6812	0.7085	0.6657	0.6563	0.6500	0.6998	0.7256	0.7415	0.7965	0.8242	0.8309	0.8430	0.8476	0.7042	0.6849	0.7547	0.7324	0.7192	0.6493	0.6279	0.6285	0.6296	0.5788	0.5103	0.4469	0.4242	0.3704	0.3580
0.1832	0.2078	0.2421	0.2863	0.3019	0.3217	0.3452	0.3725	0.3963	0.4200	0.4209	0.4715	0.5174	0.5222	0.5420	0.5645	0.5681	0.5959	0.5812	0.5524	0.5926	0.6161	0.5916	0.6646	0.6449	0.6259	0.6275	0.6392	0.6708	0.6796	0.6638	0.7154	0.7202	0.7231	0.7069	0.7062	0.7342	0.7000	0.6577	0.6580	0.6989	0.6911	0.6676	0.6915	0.6770	0.6559	0.6754	0.7109	0.7600	0.7890	0.8056	0.8267	0.8279	0.7793	0.5745	0.5642	0.6930	0.6608	0.7561	0.6703	0.6031	0.6414	0.6400	0.5888	0.5288	0.4722	0.4332	0.3934	0.3559
0.2146	0.2684	0.2888	0.3041	0.3362	0.3605	0.3979	0.4558	0.4812	0.5114	0.5473	0.5619	0.5714	0.5500	0.5989	0.6436	0.6874	0.7511	0.6416	0.6067	0.5888	0.6132	0.6102	0.6511	0.6194	0.6549	0.6564	0.6708	0.6724	0.6335	0.6743	0.7019	0.6862	0.7341	0.7325	0.6757	0.6953	0.7032	0.7065	0.7142	0.7008	0.6502	0.6644	0.6692	0.6875	0.6570	0.6816	0.7304	0.7560	0.8131	0.7981	0.8433	0.7494	0.6304	0.4488	0.3731	0.4236	0.5712	0.8018	0.7109	0.7286	0.7044	0.6745	0.6078	0.5675	0.4992	0.4725	0.4396	0.3759
0.2520	0.3414	0.3786	0.4092	0.4491	0.5001	0.5496	0.5646	0.5707	0.6207	0.6628	0.6621	0.6725	0.7044	0.7637	0.7282	0.7718	0.7643	0.7053	0.7015	0.6199	0.6086	0.5999	0.5919	0.6187	0.6300	0.6461	0.6257	0.6596	0.6484	0.6704	0.6988	0.7052	0.7119	0.7219	0.6906	0.6942	0.6970	0.7219	0.6950	0.7122	0.7106	0.7204	0.6912	0.6695	0.6468	0.6879	0.6956	0.7479	0.7954	0.7853	0.8214	0.7263	0.4189	0.3410	0.3431	0.3903	0.5979	0.8019	0.7809	0.7280	0.6651	0.7007	0.6908	0.5901	0.5337	0.4736	0.4415	0.3938
0.1603	0.2666	0.3598	0.4698	0.5261	0.5658	0.6539	0.6676	0.7092	0.7012	0.6675	0.7290	0.6945	0.7196	0.8149	0.8057	0.8295	0.8543	0.8073	0.7762	0.6829	0.6506	0.6072	0.5989	0.5905	0.5568	0.5921	0.5917	0.6057	0.6595	0.6695	0.6677	0.6819	0.6866	0.6754	0.7078	0.7201	0.6794	0.7064	0.6752	0.6842	0.7300	0.7209	0.7114	0.6831	0.6680	0.6903	0.6735	0.7549	0.7959	0.7911	0.7748	0.7569	0.4842	0.3233	0.3249	0.3558	0.5246	0.8146	0.7553	0.5161	0.4277	0.5058	0.6794	0.6185	0.5164	0.5225	0.4543	0.4065
0.0720	0.1191	0.1627	0.2124	0.2746	0.3375	0.4444	0.4624	0.4451	0.4514	0.5095	0.4736	0.4304	0.4714	0.5842	0.6994	0.8057	0.8804	0.9232	0.8645	0.8396	0.7794	0.6936	0.6231	0.5931	0.5831	0.5758	0.5887	0.6483	0.6923	0.6711	0.6792	0.6843	0.7009	0.7103	0.7229	0.7158	0.6918	0.6876	0.6623	0.7019	0.6953	0.7225	0.6876	0.7137	0.7126	0.7166	0.7065	0.7671	0.7994	0.7632	0.7679	0.7313	0.5365	0.2892	0.2817	0.3049	0.3633	0.6158	0.6200	0.3783	0.3535	0.4702	0.6498	0.6241	0.5582	0.4935	0.4894	0.4193
0.0315	0.0706	0.0878	0.0908	0.0858	0.1047	0.1285	0.1538	0.1668	0.1915	0.2305	0.2407	0.2615	0.2802	0.3398	0.3926	0.5028	0.7113	0.6974	0.6910	0.8903	0.8633	0.7990	0.7429	0.6942	0.6551	0.6157	0.6507	0.7113	0.7108	0.7270	0.7471	0.7641	0.7707	0.7523	0.7405	0.7305	0.7553	0.7493	0.7131	0.7078	0.6888	0.6951	0.7281	0.7183	0.7470	0.7791	0.7742	0.7669	0.7673	0.8263	0.7891	0.7398	0.5313	0.2447	0.2464	0.2693	0.2812	0.3386	0.3962	0.3465	0.3467	0.5364	0.6873	0.6533	0.5888	0.5169	0.4640	0.4318
0.0058	0.0256	0.0639	0.0606	0.0529	0.0640	0.0804	0.0869	0.0871	0.1083	0.1146	0.1434	0.1688	0.1724	0.2075	0.2369	0.2840	0.3599	0.3719	0.4043	0.6612	0.8473	0.8212	0.7889	0.7974	0.7919	0.7292	0.7342	0.7756	0.7740	0.7765	0.7843	0.7644	0.8188	0.7666	0.6998	0.7153	0.7563	0.7363	0.6994	0.7398	0.7030	0.7334	0.7325	0.7220	0.7151	0.7456	0.7788	0.7657	0.8142	0.7859	0.7414	0.6561	0.3818	0.2364	0.2534	0.2654	0.2767	0.2801	0.3009	0.3320	0.3728	0.6233	0.7091	0.6080	0.5813	0.5800	0.5343	0.4878
0.0036	0.0096	0.0556	0.0525	0.0589	0.0739	0.0682	0.0756	0.0808	0.0840	0.0854	0.0869	0.0951	0.1092	0.1211	0.1328	0.1601	0.1852	0.2079	0.2432	0.3194	0.4244	0.5817	0.5394	0.4815	0.5991	0.6761	0.7476	0.7961	0.7712	0.7945	0.8266	0.8012	0.7912	0.7574	0.7524	0.7915	0.7427	0.7471	0.7070	0.7142	0.7139	0.7060	0.5983	0.4341	0.3953	0.3909	0.4558	0.5736	0.6833	0.5508	0.4144	0.3037	0.2141	0.2175	0.2332	0.2458	0.2513	0.2562	0.2786	0.2953	0.3512	0.5753	0.7090	0.6414	0.6135	0.5371	0.5138	0.5177
0.0164	0.0158	0.0411	0.0478	0.0490	0.0632	0.0717	0.0590	0.0623	0.0801	0.0775	0.0744	0.0889	0.0785	0.1042	0.1023	0.1057	0.1113	0.1269	0.1422	0.1582	0.1854	0.2140	0.2367	0.2344	0.2732	0.3725	0.4487	0.5624	0.6477	0.7517	0.7857	0.7603	0.7559	0.7991	0.7842	0.8149	0.7762	0.7466	0.7363	0.6914	0.6419	0.5599	0.3500	0.2114	0.2048	0.1989	0.2204	0.2505	0.3040	0.2588	0.2112	0.2081	0.1896	0.1946	0.2012	0.1922	0.2039	0.2217	0.2237	0.2311	0.2591	0.3628	0.5777	0.5551	0.4444	0.3454	0.4274	0.5242
0.0247	0.0234	0.0395	0.0448	0.0533	0.0529	0.0600	0.0609	0.0607	0.0681	0.0647	0.0640	0.0778	0.0628	0.0755	0.0813	0.0911	0.1010	0.1095	0.1202	0.1172	0.1221	0.1270	0.1301	0.1466	0.1458	0.1572	0.1738	0.2169	0.2876	0.3562	0.3621	0.3580	0.3865	0.5031	0.6871	0.7092	0.5583	0.5184	0.5036	0.4151	0.3148	0.2325	0.1745	0.1579	0.1565	0.1657	0.1704	0.1667	0.1688	0.1796	0.1768	0.1795	0.1610	0.1715	0.1678	0.1837	0.1940	0.2011	0.2090	0.2176	0.2230	0.2460	0.3247	0.3119	0.2644	0.2672	0.3781	0.5283
0.0151	0.0191	0.0329	0.0283	0.0321	0.0395	0.0530	0.0467	0.0506	0.0534	0.0567	0.0647	0.0724	0.0701	0.0570	0.0750	0.0846	0.0769	0.0939	0.0990	0.0976	0.1028	0.1058	0.1149	0.1093	0.1115	0.1221	0.1322	0.1345	0.1404	0.1466	0.1502	0.1534	0.1702	0.1892	0.2870	0.2750	0.2022	0.1710	0.1775	0.1696	0.1449	0.1381	0.1426	0.1360	0.1204	0.1288	0.1275	0.1368	0.1362	0.1470	0.1469	0.1495	0.1455	0.1407	0.1535	0.1612	0.1735	0.1722	0.1724	0.1748	0.1962	0.2087	0.2155	0.2217	0.2382	0.2394	0.3646	0.5450
0.0092	0.0016	0.0114	0.0234	0.0301	0.0427	0.0375	0.0374	0.0416	0.0408	0.0401	0.0579	0.0672	0.0638	0.0632	0.0713	0.0848	0.0805	0.0688	0.0807	0.0751	0.0794	0.0871	0.0867	0.0996	0.0955	0.0952	0.1131	0.1167	0.1169	0.1180	0.1172	0.1181	0.1109	0.1275	0.1280	0.1267	0.1232	0.1117	0.1112	0.1134	0.1097	0.1098	0.0995	0.1008	0.1122	0.1100	0.1108	0.1156	0.1138	0.1208	0.1224	0.1165	0.1196	0.1286	0.1347	0.1413	0.1365	0.1433	0.1534	0.1627	0.1734	0.1843	0.1957	0.1823	0.2100	0.2378	0.3531	0.5155
0.0000	0.0018	0.0091	0.0298	0.0292	0.0360	0.0365	0.0412	0.0416	0.0421	0.0449	0.0489	0.0585	0.0493	0.0577	0.0706	0.0722	0.0739	0.0665	0.0676	0.0748	0.0782	0.0838	0.0727	0.0835	0.0904	0.0798	0.0951	0.0972	0.1025	0.0968	0.0949	0.0985	0.0862	0.0935	0.0969	0.0937	0.0965	0.0941	0.0850	0.0948	0.0915	0.0869	0.0888	0.0880	0.0917	0.0900	0.1004	0.0937	0.0939	0.0984	0.1010	0.1048	0.0999	0.1015	0.1132	0.1094	0.1170	0.1196	0.1285	0.1259	0.1382	0.1463	0.1416	0.1443	0.1677	0.1894	0.2389	0.4140
0.0002	0.0025	0.0184	0.0191	0.0158	0.0284	0.0302	0.0351	0.0208	0.0292	0.0431	0.0412	0.0603	0.0512	0.0439	0.0560	0.0604	0.0579	0.0549	0.0673	0.0697	0.0740	0.0771	0.0689	0.0836	0.0883	0.0808	0.0759	0.0864	0.0867	0.0821	0.0833	0.0829	0.0853	0.0759	0.0796	0.0885	0.0840	0.0937	0.0817	0.0882	0.0842	0.0839	0.0802	0.0758	0.0852	0.0851	0.0778	0.0815	0.0843	0.0798	0.0840	0.0859	0.0844	0.0842	0.0886	0.0919	0.0947	0.0955	0.1001	0.1064	0.0989	0.1071	0.1248	0.1182	0.1237	0.1398	0.1467	0.1819
0.0000	0.0018	0.0120	0.0092	0.0231	0.0191	0.0315	0.0329	0.0307	0.0309	0.0384	0.0341	0.0464	0.0459	0.0533	0.0524	0.0662	0.0589	0.0565	0.0657	0.0652	0.0599	0.0673	0.0695	0.0727	0.0811	0.0771	0.0685	0.0762	0.0790	0.0656	0.0727	0.0894	0.0804	0.0699	0.0766	0.0826	0.0690	0.0705	0.0782	0.0862	0.0797	0.0786	0.0834	0.0676	0.0696	0.0783	0.0727	0.0707	0.0703	0.0697	0.0686	0.0650	0.0788	0.0743	0.0695	0.0760	0.0783	0.0880	0.0824	0.0916	0.0914	0.0847	0.0969	0.1033	0.1133	0.1140	0.1132	0.1238
0.0000	0.0000	0.0047	0.0000	0.0020	0.0132	0.0130	0.0292	0.0337	0.0218	0.0347	0.0483	0.0480	0.0417	0.0547	0.0495	0.0576	0.0558	0.0513	0.0515	0.0545	0.0599	0.0613	0.0612	0.0637	0.0712	0.0722	0.0638	0.0647	0.0639	0.0614	0.0623	0.0684	0.0658	0.0658	0.0787	0.0765	0.0642	0.0641	0.0684	0.0720	0.0694	0.0671	0.0652	0.0650	0.0577	0.0605	0.0689	0.0666	0.0618	0.0667	0.0672	0.0536	0.0624	0.0679	0.0640	0.0665	0.0671	0.0689	0.0724	0.0764	0.0762	0.0850	0.0880	0.0885	0.0843	0.0881	0.0879	0.0968
0.0000	0.0000	0.0028	0.0014	0.0000	0.0115	0.0113	0.0163	0.0249	0.0196	0.0300	0.0422	0.0373	0.0249	0.0373	0.0461	0.0444	0.0478	0.0403	0.0447	0.0478	0.0551	0.0534	0.0524	0.0598	0.0611	0.0662	0.0617	0.0684	0.0590	0.0562	0.0597	0.0662	0.0630	0.0656	0.0653	0.0649	0.0687	0.0689	0.0651	0.0604	0.0629	0.0586	0.0570	0.0579	0.0505	0.0549	0.0604	0.0604	0.0529	0.0583	0.0594	0.0554	0.0480	0.0567	0.0526	0.0558	0.0459	0.0545	0.0642	0.0605	0.0540	0.0622	0.0702	0.0624	0.0678	0.0711	0.0638	0.0705
0.0000	0.0000	0.0000	0.0000	0.0000	0.0000	0.0000	0.0016	0.0172	0.0106	0.0228	0.0257	0.0238	0.0215	0.0352	0.0421	0.0293	0.0371	0.0333	0.0463	0.0407	0.0378	0.0460	0.0530	0.0546	0.0599	0.0532	0.0512	0.0591	0.0605	0.0514	0.0549	0.0602	0.0626	0.0617	0.0534	0.0505	0.0588	0.0636	0.0621	0.0597	0.0564	0.0543	0.0514	0.0503	0.0519	0.0575	0.0522	0.0462	0.0503	0.0543	0.0545	0.0478	0.0448	0.0477	0.0515	0.0479	0.0491	0.0487	0.0533	0.0496	0.0472	0.0531	0.0538	0.0578	0.0635	0.0565	0.0655	0.0742
0.0000	0.0000	0.0000	0.0000	0.0000	0.0000	0.0000	0.0060	0.0053	0.0110	0.0257	0.0252	0.0261	0.0318	0.0318	0.0303	0.0420	0.0397	0.0326	0.0433	0.0431	0.0369	0.0356	0.0406	0.0448	0.0480	0.0482	0.0540	0.0580	0.0534	0.0591	0.0579	0.0523	0.0490	0.0521	0.0591	0.0596	0.0614	0.0574	0.0504	0.0546	0.0533	0.0519	0.0517	0.0524	0.0517	0.0595	0.0505	0.0471	0.0535	0.0545	0.0504	0.0423	0.0485	0.0474	0.0538	0.0481	0.0534	0.0478	0.0456	0.0527	0.0394	0.0427	0.0422	0.0456	0.0491	0.0447	0.0480	0.0465
0.0000	0.0000	0.0000	0.0024	0.0025	0.0058	0.0053	0.0046	0.0149	0.0190	0.0149	0.0196	0.0199	0.0206	0.0241	0.0235	0.0365	0.0463	0.0326	0.0453	0.0410	0.0407	0.0398	0.0515	0.0361	0.0436	0.0442	0.0487	0.0493	0.0504	0.0495	0.0442	0.0475	0.0600	0.0527	0.0534	0.0485	0.0574	0.0540	0.0498	0.0569	0.0569	0.0522	0.0516	0.0484	0.0482	0.0507	0.0492	0.0461	0.0439	0.0469	0.0472	0.0417	0.0507	0.0499	0.0447	0.0444	0.0394	0.0448	0.0386	0.0432	0.0373	0.0408	0.0462	0.0393	0.0319	0.0356	0.0356	0.0314
0.0000	0.0000	0.0000	0.0000	0.0000	0.0000	0.0000	0.0030	0.0080	0.0091	0.0136	0.0126	0.0163	0.0057	0.0182	0.0260	0.0285	0.0319	0.0263	0.0331	0.0316	0.0353	0.0344	0.0414	0.0457	0.0392	0.0456	0.0394	0.0430	0.0458	0.0408	0.0428	0.0485	0.0540	0.0478	0.0534	0.0503	0.0476	0.0465	0.0495	0.0447	0.0517	0.0527	0.0458	0.0470	0.0433	0.0389	0.0387	0.0436	0.0388	0.0375	0.0374	0.0418	0.0404	0.0392	0.0402	0.0335	0.0327	0.0375	0.0380	0.0341	0.0338	0.0384	0.0396	0.0356	0.0304	0.0291	0.0340	0.0254
0.0000	0.0000	0.0044	0.0000	0.0000	0.0000	0.0000	0.0008	0.0007	0.0088	0.0156	0.0147	0.0010	0.0032	0.0264	0.0265	0.0195	0.0242	0.0226	0.0271	0.0275	0.0350	0.0265	0.0380	0.0592	0.0551	0.0378	0.0443	0.0511	0.0433	0.0458	0.0467	0.0482	0.0492	0.0468	0.0346	0.0409	0.0430	0.0452	0.0483	0.0468	0.0570	0.0451	0.0423	0.0485	0.0439	0.0396	0.0437	0.0379	0.0370	0.0459	0.0503	0.0378	0.0329	0.0443	0.0385	0.0337	0.0317	0.0291	0.0352	0.0355	0.0373	0.0294	0.0321	0.0406	0.0422	0.0422	0.0332	0.0424
