0.0000	0.0000	0.0000	0.0044	0.0000	0.0000	0.0123	0.0049	0.0109	0.0062	0.0128	0.0278	0.0206	0.0198	0.0336	0.0472	0.0375	0.0244	0.0369	0.0540	0.0472	0.0304	0.0507	0.0589	0.0732	0.0532	0.0722	0.0796	0.0813	0.0803	0.0658	0.0516	0.0825	0.0874	0.0676	0.0724	0.0825	0.0861	0.0926	0.0727	0.0699	0.0765	0.0940	0.0921	0.0847	0.0935	0.0963	0.0775	0.0789	0.0909	0.1128	0.0851	0.0940	0.1213	0.0945	0.1034	0.0991	0.0809	0.0798	0.0848	0.0879	0.0606	0.0699	0.0774	0.0681	0.0781	0.0670	0.0630	0.0598
0.0000	0.0000	0.0000	0.0000	0.0000	0.0000	0.0144	0.0112	0.0140	0.0049	0.0192	0.0276	0.0250	0.0318	0.0587	0.0609	0.0281	0.0486	0.0354	0.0320	0.0444	0.0494	0.0685	0.0934	0.0821	0.0580	0.0726	0.0666	0.0821	0.1000	0.0876	0.0756	0.0875	0.0836	0.1006	0.0850	0.0952	0.0866	0.0894	0.1005	0.1004	0.1013	0.1027	0.0973	0.0965	0.0922	0.1030	0.1111	0.1027	0.1032	0.1190	0.0894	0.0887	0.1235	0.1105	0.1168	0.1091	0.1007	0.0943	0.1077	0.1030	0.1027	0.0879	0.0961	0.0893	0.0636	0.0553	0.0763	0.0747
0.0000	0.0000	0.0000	0.0052	0.0000	0.0000	0.0007	0.0130	0.0097	0.0121	0.0233	0.0403	0.0383	0.0468	0.0393	0.0328	0.0302	0.0529	0.0452	0.0448	0.0488	0.0837	0.0817	0.0875	0.0772	0.0659	0.0829	0.0699	0.0840	0.1035	0.1055	0.0827	0.0829	0.0973	0.1011	0.0986	0.0866	0.0834	0.1084	0.0997	0.0897	0.0980	0.1027	0.0994	0.0988	0.1242	0.1306	0.1143	0.1087	0.1145	0.1196	0.1283	0.1064	0.1262	0.1180	0.1170	0.1098	0.1086	0.1200	0.1167	0.1206	0.1143	0.0932	0.1071	0.1011	0.0828	0.0912	0.1035	0.0906
0.0000	0.0000	0.0019	0.0111	0.0169	0.0075	0.0161	0.0149	0.0059	0.0216	0.0434	0.0591	0.0454	0.0418	0.0297	0.0457	0.0556	0.0600	0.0502	0.0689	0.0790	0.0691	0.0773	0.0752	0.0831	0.0736	0.0713	0.0829	0.0860	0.0687	0.0889	0.0814	0.0882	0.1092	0.1012	0.0739	0.0710	0.0839	0.0925	0.1043	0.0947	0.1060	0.1243	0.1069	0.1020	0.1113	0.1311	0.1091	0.1022	0.1060	0.1315	0.1334	0.1178	0.1208	0.1313	0.1061	0.1133	0.1051	0.1242	0.1254	0.1282	0.1214	0.1054	0.1277	0.1165	0.1082	0.0980	0.0884	0.0985
0.0000	0.0000	0.0026	0.0000	0.0013	0.0155	0.0309	0.0234	0.0197	0.0257	0.0435	0.0502	0.0560	0.0392	0.0418	0.0537	0.0623	0.0466	0.0475	0.0783	0.0922	0.0675	0.0575	0.0773	0.0806	0.0776	0.0745	0.0819	0.0702	0.0674	0.0910	0.0748	0.0968	0.1124	0.1300	0.0886	0.0861	0.0987	0.1032	0.0977	0.0884	0.0855	0.1173	0.1129	0.1080	0.1200	0.1224	0.1211	0.1163	0.1233	0.1369	0.1268	0.1310	0.1224	0.1250	0.1278	0.1366	0.1156	0.1369	0.1448	0.1328	0.1287	0.1401	0.1487	0.1430	0.1123	0.1235	0.1205	0.1077
0.0000	0.0000	0.0129	0.0266	0.0151	0.0169	0.0304	0.0409	0.0369	0.0477	0.0340	0.0610	0.0844	0.0617	0.0540	0.0610	0.0671	0.0668	0.0556	0.0647	0.0951	0.0775	0.0711	0.0738	0.0870	0.0948	0.0819	0.0727	0.0833	0.0867	0.0882	0.1035	0.1048	0.1163	0.1067	0.0967	0.1101	0.1184	0.1133	0.0970	0.1041	0.1114	0.1175	0.1154	0.1138	0.1338	0.1193	0.1364	0.1345	0.1443	0.1501	0.1428	0.1373	0.1466	0.1354	0.1561	0.1731	0.1459	0.1553	0.1802	0.1569	0.1647	0.1632	0.1707	0.1666	0.1398	0.1332	0.1567	0.1169
0.0000	0.0000	0.0167	0.0168	0.0089	0.0154	0.0433	0.0327	0.0200	0.0412	0.0483	0.0616	0.0699	0.0670	0.0640	0.0685	0.0682	0.0679	0.0640	0.0731	0.0895	0.0925	0.0707	0.0644	0.0884	0.1150	0.1086	0.0788	0.0908	0.0875	0.0850	0.0911	0.1116	0.1255	0.1176	0.1039	0.0955	0.1181	0.1271	0.1167	0.1061	0.1324	0.1417	0.1210	0.1344	0.1277	0.1388	0.1655	0.1396	0.1398	0.1597	0.1673	0.1717	0.1806	0.1768	0.1713	0.1718	0.1807	0.2429	0.3212	0.2678	0.2033	0.2430	0.2664	0.2441	0.1869	0.1682	0.1708	0.1551
0.0102	0.0169	0.0134	0.0086	0.0000	0.0126	0.0471	0.0387	0.0405	0.0476	0.0422	0.0502	0.0667	0.0705	0.0745	0.0798	0.0839	0.0775	0.0850	0.0732	0.0895	0.1096	0.1032	0.0879	0.1069	0.1314	0.1026	0.0792	0.1163	0.1076	0.1040	0.0920	0.1223	0.1256	0.1340	0.1185	0.1398	0.1374	0.1280	0.1235	0.1240	0.1407	0.1452	0.1355	0.1480	0.1604	0.1475	0.1636	0.1634	0.1573	0.1717	0.1739	0.1870	0.1746	0.2083	0.2206	0.2343	0.3160	0.5081	0.6091	0.5865	0.4927	0.5052	0.4919	0.4481	0.3245	0.2278	0.2285	0.2269
0.0098	0.0169	0.0170	0.0128	0.0130	0.0207	0.0383	0.0376	0.0511	0.0591	0.0662	0.0729	0.0679	0.0678	0.0635	0.0783	0.0807	0.0807	0.0897	0.0807	0.1092	0.1115	0.1048	0.0997	0.0924	0.0924	0.0914	0.0912	0.1247	0.1340	0.1151	0.1032	0.1358	0.1121	0.1383	0.1421	0.1493	0.1424	0.1423	0.1466	0.1391	0.1308	0.1478	0.1430	0.1829	0.1853	0.1829	0.1931	0.1941	0.1989	0.2332	0.2139	0.2337	0.2733	0.2823	0.3057	0.3364	0.5326	0.7152	0.6648	0.6598	0.5549	0.5487	0.5586	0.4728	0.4467	0.3917	0.4217	0.3265
0.0000	0.0150	0.0383	0.0339	0.0214	0.0357	0.0566	0.0507	0.0339	0.0608	0.0704	0.0917	0.0737	0.0719	0.0777	0.0677	0.0891	0.0943	0.0925	0.0901	0.1093	0.1048	0.0904	0.1150	0.1191	0.1234	0.1167	0.1178	0.1204	0.1268	0.1261	0.1185	0.1313	0.1424	0.1462	0.1256	0.1424	0.1606	0.1506	0.1460	0.1509	0.1581	0.1751	0.1804	0.1943	0.2024	0.2259	0.2362	0.2438	0.2460	0.2937	0.3037	0.3139	0.3934	0.4309	0.3690	0.4319	0.7085	0.7330	0.6427	0.6708	0.5971	0.6106	0.5943	0.5233	0.5075	0.4643	0.4993	0.4584
0.0053	0.0233	0.0303	0.0249	0.0308	0.0527	0.0695	0.0545	0.0523	0.0774	0.0700	0.0769	0.0965	0.0850	0.0949	0.1046	0.1102	0.1097	0.1122	0.1099	0.1485	0.1203	0.1231	0.1098	0.1385	0.1347	0.1265	0.1307	0.1363	0.1280	0.1362	0.1456	0.1411	0.1602	0.1481	0.1483	0.1756	0.1760	0.1832	0.1584	0.1767	0.1951	0.2219	0.2246	0.2295	0.2544	0.2809	0.3103	0.3283	0.3244	0.4009	0.4359	0.5383	0.7412	0.7158	0.5044	0.5618	0.7685	0.7152	0.6959	0.6660	0.5709	0.5792	0.5620	0.5519	0.5068	0.4711	0.4629	0.4754
0.0000	0.0257	0.0202	0.0182	0.0341	0.0446	0.0539	0.0814	0.0673	0.0742	0.0895	0.0868	0.0984	0.0975	0.0809	0.1037	0.1028	0.1205	0.1202	0.1201	0.1425	0.1460	0.1158	0.1298	0.1487	0.1365	0.1327	0.1458	0.1460	0.1517	0.1612	0.1624	0.1656	0.1649	0.1730	0.1658	0.1842	0.2099	0.2231	0.2313	0.2233	0.2249	0.2797	0.2806	0.2795	0.3266	0.3754	0.5026	0.5607	0.6683	0.7729	0.6560	0.8292	0.9348	0.8901	0.6673	0.6291	0.7773	0.7209	0.7074	0.6754	0.5977	0.5796	0.5730	0.5369	0.4868	0.4581	0.4709	0.4411
0.0000	0.0207	0.0310	0.0505	0.0583	0.0442	0.0607	0.0968	0.0713	0.0860	0.1079	0.1069	0.1181	0.1054	0.0970	0.1079	0.1265	0.1500	0.1618	0.1716	0.1632	0.1726	0.1842	0.1721	0.1822	0.2052	0.1706	0.1763	0.1974	0.1759	0.1983	0.1904	0.2242	0.2331	0.2333	0.2269	0.2324	0.2640	0.2568	0.2762	0.2724	0.2730	0.3344	0.3441	0.3912	0.4483	0.6283	0.8379	0.9331	0.9932	0.9919	0.8337	0.9057	0.9476	0.9322	0.7657	0.7242	0.7929	0.7396	0.6905	0.6439	0.6145	0.6171	0.6221	0.5742	0.5346	0.4857	0.4757	0.4533
0.0142	0.0085	0.0408	0.0547	0.0435	0.0550	0.0686	0.0833	0.0800	0.1040	0.1210	0.1294	0.1440	0.1489	0.1504	0.1824	0.1967	0.2173	0.2402	0.2680	0.2577	0.2924	0.3532	0.3176	0.2536	0.2541	0.2386	0.2598	0.2658	0.2381	0.2355	0.2574	0.2837	0.2792	0.2892	0.2786	0.2770	0.3023	0.3208	0.3133	0.3502	0.3578	0.4228	0.4608	0.6136	0.6778	0.7627	0.9096	0.9295	0.9265	0.9799	0.9605	0.9286	0.8670	0.8330	0.7841	0.6808	0.7612	0.7451	0.7161	0.6542	0.6044	0.6171	0.5728	0.5453	0.5037	0.5093	0.4338	0.4313
0.0215	0.0327	0.0628	0.0806	0.0622	0.0674	0.0855	0.1066	0.1254	0.1327	0.1615	0.1844	0.2052	0.2036	0.2776	0.2838	0.3107	0.3418	0.4502	0.4728	0.4956	0.5205	0.5614	0.5946	0.4072	0.3347	0.3386	0.3313	0.3655	0.3390	0.3366	0.4133	0.3338	0.3172	0.3308	0.3397	0.3505	0.3740	0.3916	0.4017	0.4165	0.4536	0.5277	0.6600	0.8680	0.8541	0.7009	0.8594	0.9352	0.9000	0.9477	0.9090	0.8687	0.8288	0.8158	0.7938	0.7266	0.7546	0.7182	0.7136	0.6866	0.5797	0.6060	0.5940	0.5258	0.4564	0.4358	0.4023	0.4280
0.0313	0.0528	0.0594	0.0800	0.1006	0.1349	0.1264	0.1578	0.1887	0.1982	0.2571	0.3531	0.4497	0.4597	0.5521	0.5851	0.6309	0.6129	0.6728	0.7043	0.6772	0.6873	0.6390	0.6906	0.6514	0.6385	0.6043	0.5902	0.6497	0.5804	0.5319	0.6649	0.4987	0.4656	0.4511	0.4472	0.4390	0.4371	0.4595	0.4245	0.4669	0.5004	0.6092	0.9038	0.9063	0.8380	0.7095	0.8584	0.9293	0.9114	0.9094	0.9227	0.8849	0.7854	0.7878	0.8772	0.8187	0.7399	0.7335	0.7650	0.6520	0.5655	0.5906	0.5963	0.4574	0.4156	0.4142	0.4288	0.4353
0.0547	0.0501	0.0836	0.1208	0.1465	0.1958	0.2179	0.2556	0.3090	0.4030	0.5384	0.6202	0.6939	0.6474	0.6704	0.6923	0.7332	0.7500	0.7259	0.7511	0.7844	0.7782	0.6886	0.6960	0.7122	0.6932	0.7276	0.6933	0.7249	0.7594	0.7816	0.8581	0.7780	0.7630	0.7929	0.5894	0.5085	0.5494	0.5588	0.5011	0.5470	0.5553	0.7456	0.9634	0.9485	0.8783	0.8350	0.8947	0.8657	0.8574	0.8954	0.9165	0.8795	0.7977	0.8330	0.8758	0.7909	0.7188	0.7075	0.7421	0.6429	0.5291	0.5800	0.4973	0.4282	0.4175	0.4026	0.3905	0.3909
0.0648	0.0937	0.1399	0.2043	0.2502	0.3186	0.4424	0.5336	0.5828	0.5987	0.7113	0.6804	0.6608	0.5714	0.5958	0.6724	0.6904	0.6888	0.7021	0.7235	0.7511	0.7672	0.7333	0.6767	0.7040	0.6773	0.6802	0.7048	0.6821	0.7578	0.8325	0.8581	0.8491	0.8520	0.8101	0.6397	0.6132	0.7536	0.7628	0.7865	0.7691	0.7602	0.9199	0.9362	0.8898	0.8202	0.8518	0.8245	0.8040	0.7766	0.7955	0.8303	0.8276	0.7925	0.8072	0.7663	0.7195	0.7399	0.6986	0.6524	0.5952	0.5715	0.5527	0.5045	0.4544	0.4184	0.3849	0.3986	0.3471
0.1192	0.1806	0.2750	0.4190	0.5245	0.5995	0.6568	0.6595	0.6489	0.5702	0.5468	0.5530	0.5643	0.5269	0.5306	0.6254	0.6277	0.6299	0.6772	0.6431	0.6527	0.6927	0.6839	0.6776	0.6891	0.6697	0.6763	0.6373	0.6849	0.7601	0.7566	0.7579	0.8410	0.9020	0.8519	0.6523	0.7149	0.9074	0.9058	0.9023	0.8752	0.8001	0.9343	0.8726	0.8361	0.8328	0.8078	0.7767	0.7496	0.7794	0.8062	0.7623	0.7718	0.7530	0.7439	0.7065	0.6293	0.6775	0.6910	0.6275	0.5915	0.5319	0.5310	0.4910	0.4524	0.4049	0.3744	0.3944	0.3813
0.2202	0.3279	0.4330	0.5163	0.5249	0.4945	0.5044	0.4439	0.4650	0.4593	0.4510	0.4872	0.5380	0.5400	0.5097	0.5786	0.6091	0.6568	0.6489	0.6243	0.6691	0.6626	0.6859	0.6658	0.6727	0.6607	0.7002	0.6963	0.7008	0.7541	0.7536	0.7288	0.8200	0.8869	0.8734	0.7927	0.7700	0.8839	0.7901	0.7829	0.8262	0.7954	0.8216	0.7994	0.8258	0.7597	0.7496	0.7298	0.7327	0.7080	0.7073	0.7055	0.6914	0.6985	0.6986	0.6582	0.6152	0.6223	0.6192	0.5591	0.5356	0.4838	0.5327	0.5133	0.4581	0.4102	0.4033	0.4061	0.3572
0.2239	0.2971	0.3542	0.3448	0.3404	0.3550	0.3596	0.3513	0.3814	0.3940	0.4197	0.4729	0.5660	0.5241	0.4840	0.5578	0.5733	0.5973	0.6174	0.5960	0.6181	0.6073	0.6212	0.6187	0.6395	0.6704	0.6330	0.6595	0.6853	0.7100	0.7573	0.7292	0.7927	0.9270	0.9192	0.8708	0.8340	0.8478	0.7948	0.7696	0.7463	0.7569	0.7924	0.7293	0.6867	0.7460	0.7369	0.6903	0.6911	0.6837	0.7013	0.6822	0.6423	0.6827	0.6406	0.6278	0.6269	0.5942	0.6022	0.5340	0.5018	0.5123	0.4973	0.4458	0.4347	0.4098	0.4284	0.3818	0.3502
0.1929	0.2211	0.2752	0.3086	0.2831	0.3346	0.3435	0.3754	0.3813	0.4030	0.4183	0.4515	0.4956	0.5221	0.5333	0.5623	0.6299	0.6086	0.5572	0.5960	0.5862	0.6212	0.6217	0.6121	0.6160	0.6331	0.6319	0.6408	0.6645	0.6752	0.6796	0.6930	0.7516	0.7752	0.8266	0.8918	0.7994	0.8102	0.7612	0.7471	0.7691	0.7461	0.7486	0.7163	0.6654	0.7084	0.7093	0.6975	0.6320	0.6036	0.6702	0.6566	0.6000	0.5887	0.5754	0.6145	0.6325	0.6421	0.6039	0.5396	0.5219	0.4727	0.4718	0.4371	0.4201	0.4028	0.3982	0.3852	0.4019
0.1861	0.1992	0.2696	0.2772	0.3155	0.3525	0.3712	0.3825	0.4123	0.3913	0.4010	0.4375	0.4814	0.5257	0.5429	0.5805	0.6406	0.6379	0.5870	0.5828	0.5857	0.6433	0.6373	0.6056	0.6219	0.6072	0.6369	0.6526	0.6546	0.6740	0.6738	0.6768	0.7371	0.7598	0.7465	0.7947	0.7849	0.8127	0.7445	0.6963	0.7077	0.7122	0.7168	0.6780	0.6892	0.7055	0.7042	0.6762	0.6072	0.5910	0.6091	0.6160	0.6106	0.5889	0.5988	0.6461	0.6277	0.5709	0.5429	0.5798	0.5132	0.5146	0.5049	0.4742	0.4444	0.4248	0.4057	0.4011	0.3874
0.2111	0.2371	0.2687	0.3101	0.3534	0.4006	0.4331	0.4229	0.3938	0.3991	0.3999	0.4077	0.4406	0.4845	0.4997	0.5539	0.5962	0.6261	0.6408	0.6259	0.6315	0.6395	0.5921	0.5858	0.6643	0.5975	0.6397	0.6079	0.6359	0.6546	0.6693	0.6730	0.7059	0.7570	0.7509	0.7181	0.7466	0.7353	0.7079	0.7051	0.6839	0.7155	0.7151	0.6941	0.6822	0.6880	0.6910	0.6486	0.6188	0.5793	0.5439	0.5653	0.5800	0.5669	0.5517	0.5986	0.6167	0.5768	0.5496	0.5273	0.5118	0.5090	0.5191	0.4566	0.4205	0.4425	0.3879	0.4027	0.4108
0.2183	0.2643	0.3348	0.3654	0.3838	0.3562	0.4178	0.4064	0.3886	0.4023	0.4355	0.4749	0.4350	0.4778	0.4971	0.5263	0.5457	0.5736	0.6220	0.6004	0.5704	0.5838	0.5912	0.6284	0.6631	0.6025	0.6273	0.6536	0.6376	0.6584	0.6320	0.6400	0.6971	0.7462	0.7264	0.7480	0.7565	0.7237	0.7073	0.7351	0.7074	0.7236	0.7145	0.6462	0.6934	0.6739	0.6246	0.6137	0.5795	0.5747	0.5416	0.5440	0.5607	0.5738	0.5614	0.5952	0.5628	0.5686	0.5498	0.5554	0.5368	0.5051	0.5280	0.4572	0.4319	0.4464	0.4043	0.4101	0.3827
0.2392	0.2589	0.3399	0.3447	0.3480	0.3828	0.4306	0.4125	0.4233	0.4209	0.4416	0.4631	0.4568	0.4839	0.4848	0.5324	0.5703	0.5595	0.5798	0.5865	0.5995	0.6019	0.5783	0.6068	0.6328	0.5870	0.5959	0.6375	0.6431	0.6284	0.6727	0.6360	0.6659	0.6764	0.6688	0.6809	0.7294	0.7339	0.7373	0.6889	0.6694	0.6906	0.6593	0.6414	0.6586	0.6598	0.5930	0.6017	0.6084	0.5876	0.6089	0.5803	0.5815	0.6041	0.6063	0.5837	0.5683	0.5799	0.5377	0.5248	0.5560	0.5196	0.5131	0.4785	0.4826	0.4419	0.3887	0.3709	0.3608
0.2436	0.2664	0.3236	0.3532	0.3490	0.3697	0.3938	0.4007	0.4129	0.4107	0.4446	0.4519	0.4851	0.4838	0.5291	0.5291	0.5089	0.5337	0.5753	0.5599	0.5651	0.5893	0.5524	0.5588	0.5860	0.5731	0.5923	0.6095	0.5691	0.6157	0.6444	0.6408	0.6855	0.6788	0.6593	0.6544	0.6839	0.6969	0.7278	0.6695	0.6946	0.6879	0.6732	0.6614	0.6566	0.6330	0.5907	0.5857	0.5953	0.5778	0.6023	0.6300	0.5818	0.5727	0.5932	0.5885	0.5397	0.5526	0.5374	0.5669	0.5288	0.5038	0.5153	0.4884	0.4603	0.4108	0.4018	0.3958	0.3578
0.2582	0.2952	0.3071	0.3262	0.3180	0.3470	0.3463	0.4317	0.4213	0.4584	0.4676	0.4591	0.4629	0.4837	0.4844	0.5029	0.4765	0.5015	0.5380	0.5540	0.5169	0.5399	0.5394	0.5556	0.5615	0.5679	0.5730	0.5801	0.5868	0.5949	0.5965	0.6118	0.6442	0.6311	0.6108	0.6731	0.6662	0.6582	0.6758	0.6656	0.7264	0.6854	0.6526	0.6132	0.6221	0.6095	0.6373	0.6173	0.6139	0.5807	0.5981	0.6159	0.6424	0.5978	0.5517	0.6035	0.5826	0.5273	0.5320	0.6037	0.5406	0.5067	0.5167	0.4518	0.4561	0.4377	0.4234	0.4293	0.3772
0.2407	0.2681	0.3352	0.3204	0.3353	0.3334	0.3530	0.3924	0.4339	0.4361	0.4239	0.4268	0.4720	0.5042	0.5000	0.5218	0.5458	0.5551	0.5646	0.5548	0.5379	0.5289	0.5415	0.5795	0.5668	0.5486	0.5496	0.5894	0.6368	0.5882	0.6053	0.6287	0.6360	0.6293	0.6249	0.6372	0.6628	0.6898	0.6630	0.6354	0.7014	0.6645	0.6260	0.6084	0.6090	0.5982	0.6411	0.6069	0.6436	0.6039	0.5895	0.5785	0.6001	0.6080	0.5763	0.5665	0.5585	0.5306	0.4809	0.5430	0.5242	0.5289	0.5151	0.4757	0.4609	0.4358	0.4108	0.4044	0.3614
0.2349	0.2398	0.3164	0.3522	0.3675	0.3351	0.3401	0.3805	0.4196	0.3935	0.4533	0.4593	0.5023	0.5062	0.5023	0.5237	0.5304	0.5681	0.5814	0.5964	0.5452	0.5618	0.5558	0.5968	0.5448	0.5349	0.5871	0.6233	0.6093	0.6096	0.6085	0.6383	0.6568	0.6423	0.6236	0.6101	0.6852	0.7306	0.6490	0.6343	0.6424	0.6617	0.6255	0.6431	0.6338	0.5795	0.6279	0.6120	0.5908	0.6108	0.5923	0.5868	0.5820	0.5994	0.5975	0.5722	0.5332	0.5339	0.4976	0.5138	0.5142	0.5028	0.4692	0.4722	0.4650	0.4353	0.4160	0.4203	0.3800
0.2250	0.2396	0.2738	0.3153	0.3126	0.3116	0.3625	0.3741	0.4086	0.3991	0.4577	0.4749	0.4936	0.4840	0.5070	0.5280	0.5235	0.5575	0.5610	0.5562	0.5387	0.5425	0.5419	0.5422	0.5524	0.5282	0.5177	0.5567	0.5686	0.5966	0.6192	0.6300	0.6363	0.6371	0.6516	0.6555	0.6659	0.6589	0.6529	0.6494	0.6196	0.6773	0.6378	0.6395	0.6200	0.5978	0.6294	0.5886	0.6150	0.6531	0.6241	0.6479	0.6407	0.6175	0.5783	0.5783	0.5417	0.5573	0.4998	0.5074	0.4815	0.4757	0.4730	0.4655	0.4615	0.4209	0.3949	0.4024	0.3854
0.2201	0.2528	0.2725	0.2886	0.2938	0.3183	0.3348	0.3607	0.3956	0.4065	0.4166	0.4244	0.4581	0.4531	0.4818	0.5680	0.5337	0.5279	0.5495	0.5257	0.5411	0.5513	0.5423	0.5382	0.5913	0.5772	0.5392	0.5426	0.5799	0.5716	0.6049	0.6339	0.6765	0.6455	0.6556	0.6731	0.6604	0.6846	0.6619	0.6359	0.6054	0.6125	0.6454	0.6055	0.6038	0.5992	0.6032	0.6379	0.6147	0.6687	0.6674	0.6447	0.6482	0.6659	0.6775	0.6091	0.5510	0.5690	0.5355	0.4998	0.4958	0.5030	0.5153	0.4995	0.4319	0.4263	0.4139	0.4011	0.3865
0.2476	0.2468	0.2655	0.2679	0.2866	0.3118	0.3460	0.3471	0.3765	0.4240	0.4177	0.4440	0.4922	0.4912	0.4700	0.5091	0.5346	0.4953	0.5368	0.5589	0.5463	0.5498	0.5628	0.6010	0.6311	0.5848	0.5803	0.5923	0.6353	0.5791	0.5982	0.6364	0.6636	0.6563	0.6580	0.6647	0.6898	0.6868	0.6569	0.6431	0.6390	0.6477	0.6490	0.6312	0.6232	0.5941	0.6525	0.6571	0.6691	0.6701	0.6386	0.6423	0.6834	0.6476	0.6729	0.6044	0.5906	0.5572	0.5244	0.5219	0.4979	0.5141	0.5228	0.4835	0.4428	0.4222	0.4099	0.3949	0.4110
0.2060	0.2283	0.2698	0.2747	0.3127	0.3142	0.3583	0.4109	0.3870	0.3913	0.4101	0.4341	0.4461	0.4920	0.4583	0.5089	0.4894	0.4999	0.5196	0.5779	0.5889	0.5565	0.6185	0.6149	0.6039	0.6064	0.6123	0.6169	0.6313	0.6362	0.6403	0.6474	0.6654	0.6996	0.7068	0.7011	0.6759	0.6579	0.7008	0.6688	0.6514	0.6731	0.6661	0.6506	0.6120	0.6251	0.6736	0.6419	0.7087	0.6793	0.6711	0.6525	0.6787	0.6776	0.6993	0.6632	0.6389	0.5773	0.5512	0.5427	0.5222	0.5239	0.4942	0.5141	0.4565	0.4580	0.4491	0.4349	0.4271
0.2192	0.2419	0.2630	0.2534	0.2728	0.2960	0.3349	0.4020	0.3796	0.3418	0.3938	0.4475	0.4868	0.4969	0.4866	0.4955	0.5242	0.5302	0.5253	0.5918	0.6080	0.6155	0.6258	0.6465	0.6692	0.6773	0.6381	0.6213	0.6431	0.6868	0.6587	0.6639	0.6659	0.7012	0.7578	0.7397	0.7129	0.7116	0.7381	0.6746	0.7101	0.6945	0.6781	0.6628	0.6595	0.6720	0.6623	0.6661	0.6304	0.7188	0.7453	0.6988	0.6704	0.7031	0.7027	0.6808	0.6783	0.6429	0.5691	0.5655	0.5109	0.4833	0.4911	0.4923	0.4966	0.4809	0.4380	0.4469	0.4177
0.2224	0.2523	0.2928	0.2639	0.2901	0.3157	0.3403	0.4225	0.3924	0.3487	0.3703	0.4338	0.4796	0.5043	0.4648	0.4761	0.5145	0.5202	0.5692	0.6205	0.6218	0.6106	0.6258	0.6408	0.6504	0.6504	0.6378	0.6597	0.6965	0.6883	0.6655	0.6480	0.6980	0.7281	0.7513	0.7347	0.7084	0.7409	0.7172	0.7070	0.7199	0.7155	0.7597	0.7464	0.7363	0.7176	0.7322	0.7517	0.7346	0.7315	0.7845	0.7614	0.7347	0.7326	0.7230	0.7464	0.6855	0.6515	0.6011	0.5738	0.5291	0.4857	0.5181	0.5230	0.4738	0.4702	0.4605	0.4457	0.4348
0.2250	0.2422	0.3068	0.2944	0.3411	0.3459	0.3699	0.3912	0.4059	0.4258	0.4121	0.4428	0.4787	0.4899	0.4587	0.5038	0.5383	0.5587	0.6058	0.6414	0.6524	0.6432	0.5996	0.6559	0.6310	0.6397	0.6344	0.6898	0.7109	0.7181	0.7206	0.7175	0.7252	0.7600	0.7662	0.7512	0.7803	0.7637	0.7466	0.7269	0.7412	0.7607	0.7437	0.7615	0.7782	0.7663	0.7758	0.7796	0.8394	0.8189	0.7794	0.7803	0.8010	0.7663	0.7197	0.7731	0.7184	0.7421	0.7171	0.6119	0.5472	0.5268	0.5106	0.5147	0.4840	0.4563	0.4834	0.4935	0.4284
0.2578	0.2941	0.3081	0.3719	0.3642	0.3813	0.3936	0.3868	0.3969	0.4192	0.4182	0.4671	0.4951	0.4923	0.5243	0.5206	0.5575	0.6336	0.6618	0.6798	0.6560	0.6950	0.6834	0.6777	0.6560	0.7048	0.6770	0.7297	0.7215	0.6843	0.7535	0.7389	0.7625	0.8009	0.8213	0.8002	0.8195	0.8114	0.8292	0.7974	0.8265	0.7908	0.7861	0.8172	0.8627	0.8738	0.8767	0.8886	0.8586	0.8536	0.8440	0.8762	0.8839	0.8919	0.7984	0.7708	0.7956	0.8448	0.7936	0.7168	0.6463	0.5939	0.5419	0.5472	0.5353	0.4922	0.5099	0.5158	0.4835
0.2998	0.4408	0.4810	0.4795	0.5105	0.5210	0.5300	0.5118	0.4665	0.4837	0.4831	0.5007	0.4975	0.5316	0.5373	0.5238	0.6270	0.6107	0.6398	0.6357	0.6288	0.6896	0.7339	0.7008	0.7325	0.7000	0.7299	0.7303	0.7385	0.7399	0.7815	0.7945	0.8136	0.8443	0.8589	0.8627	0.9018	0.9223	0.9197	0.8527	0.9011	0.8996	0.9010	0.9494	0.9355	0.9201	0.9051	0.8598	0.8729	0.8925	0.9073	0.9625	0.9733	0.9395	0.8249	0.8209	0.8579	0.8374	0.8046	0.7367	0.7426	0.6614	0.6653	0.6288	0.5786	0.5427	0.4953	0.5172	0.4845
0.2001	0.3415	0.5077	0.6160	0.6714	0.7303	0.7798	0.7387	0.6903	0.6827	0.5784	0.5693	0.5244	0.5355	0.5522	0.5700	0.6079	0.6222	0.6356	0.6749	0.6795	0.7160	0.7308	0.7410	0.7850	0.7662	0.7613	0.7221	0.7640	0.7936	0.8346	0.8369	0.8459	0.8494	0.8630	0.9081	0.9878	0.9578	0.9897	0.9034	0.8909	0.8045	0.7770	0.9520	0.9956	0.9860	0.9661	0.9237	0.9474	0.9732	0.9729	0.9872	0.9982	0.8786	0.8626	0.8502	0.8347	0.8601	0.7392	0.7043	0.8190	0.7161	0.7121	0.6963	0.6418	0.6031	0.5656	0.5439	0.5055
0.0907	0.1425	0.2113	0.2815	0.3880	0.5374	0.7184	0.7421	0.7410	0.7902	0.7622	0.7069	0.6798	0.6505	0.6428	0.6789	0.6585	0.6909	0.7283	0.7582	0.7953	0.8106	0.7850	0.8075	0.8108	0.7381	0.7292	0.7276	0.7910	0.8216	0.8248	0.8430	0.8377	0.8572	0.9115	0.9578	1.0000	0.9701	0.8452	0.7260	0.7131	0.5252	0.5283	0.7129	0.9183	0.9905	0.9926	0.9705	0.9547	0.9812	0.9337	0.9286	0.9012	0.6710	0.6563	0.8376	0.8919	0.8523	0.6235	0.6297	0.7821	0.7731	0.7834	0.7387	0.6620	0.5990	0.5882	0.6326	0.5459
0.0464	0.0815	0.0989	0.1427	0.1661	0.1937	0.2750	0.3640	0.4935	0.5526	0.6927	0.6971	0.7686	0.7190	0.7227	0.7149	0.7415	0.7550	0.7212	0.7654	0.8529	0.7896	0.8028	0.7978	0.7808	0.7248	0.7171	0.7491	0.8125	0.8423	0.8307	0.8450	0.8653	0.8841	0.8486	0.8360	0.8779	0.9548	0.8257	0.4590	0.3736	0.3542	0.3891	0.4844	0.6699	0.8507	0.9049	0.8008	0.7429	0.7937	0.6274	0.5649	0.6782	0.6543	0.4970	0.7052	0.8579	0.7442	0.5017	0.5582	0.7964	0.8100	0.8099	0.7537	0.6925	0.6762	0.6506	0.6101	0.5711
0.0325	0.0248	0.0519	0.0861	0.0795	0.1100	0.1311	0.1372	0.1611	0.2003	0.2785	0.3921	0.4749	0.5500	0.6048	0.6767	0.6939	0.7463	0.7516	0.7404	0.7572	0.7943	0.8065	0.8189	0.8146	0.7527	0.7414	0.7343	0.7484	0.7943	0.7036	0.7058	0.7111	0.6315	0.4826	0.4899	0.8270	0.9425	0.6508	0.2924	0.2712	0.2731	0.2829	0.3076	0.3489	0.4018	0.4417	0.4299	0.3915	0.4396	0.3446	0.3441	0.3975	0.4619	0.4033	0.5471	0.7256	0.5806	0.4477	0.4732	0.6150	0.6161	0.6700	0.7988	0.7057	0.7047	0.7005	0.6101	0.5992
0.0244	0.0242	0.0319	0.0374	0.0690	0.0796	0.0890	0.0881	0.1027	0.1106	0.1172	0.1302	0.1523	0.2161	0.2764	0.3313	0.3998	0.4630	0.5234	0.5867	0.5448	0.5447	0.6334	0.6184	0.5667	0.5783	0.5483	0.4355	0.3512	0.3817	0.3305	0.3431	0.3195	0.2889	0.2928	0.3578	0.7624	0.7841	0.4245	0.2272	0.2273	0.2537	0.2370	0.2402	0.2369	0.2602	0.2645	0.2727	0.2900	0.2714	0.2749	0.2972	0.2947	0.3165	0.3268	0.3688	0.4315	0.4009	0.3875	0.4083	0.4373	0.4382	0.6014	0.7696	0.7733	0.7690	0.7242	0.6483	0.6186
0.0301	0.0112	0.0254	0.0333	0.0790	0.0586	0.0684	0.0815	0.0817	0.1079	0.1108	0.1095	0.1096	0.1107	0.1278	0.1501	0.1621	0.1623	0.1960	0.1996	0.2219	0.2280	0.2226	0.2503	0.2199	0.2148	0.2361	0.1852	0.1867	0.1937	0.1834	0.2064	0.1926	0.2099	0.2202	0.2313	0.3854	0.3881	0.2415	0.2028	0.1895	0.2095	0.2107	0.2160	0.2102	0.2247	0.2189	0.2451	0.2504	0.2487	0.2556	0.2590	0.2604	0.2688	0.2819	0.2965	0.3192	0.3264	0.3432	0.3568	0.3666	0.3879	0.4946	0.7343	0.7497	0.7048	0.6067	0.5240	0.5319
0.0246	0.0115	0.0365	0.0210	0.0335	0.0578	0.0604	0.0787	0.0920	0.0946	0.0783	0.0829	0.0924	0.0858	0.0975	0.1163	0.1126	0.1399	0.1212	0.1033	0.1259	0.1368	0.1263	0.1368	0.1387	0.1269	0.1355	0.1343	0.1309	0.1467	0.1423	0.1516	0.1512	0.1509	0.1630	0.1562	0.1515	0.1725	0.1672	0.1619	0.1584	0.1727	0.1754	0.1886	0.1869	0.1811	0.1784	0.1991	0.1986	0.1946	0.2073	0.2136	0.2204	0.2084	0.2259	0.2566	0.2623	0.2821	0.3047	0.3469	0.3580	0.3980	0.5342	0.7251	0.5894	0.4889	0.5358	0.3966	0.3830
0.0095	0.0231	0.0333	0.0246	0.0344	0.0464	0.0504	0.0622	0.0777	0.0685	0.0712	0.0808	0.0885	0.0916	0.0742	0.0801	0.0961	0.1071	0.1062	0.1068	0.1041	0.1117	0.1062	0.1110	0.1118	0.1168	0.1113	0.1071	0.1077	0.1042	0.1067	0.1140	0.1219	0.1219	0.1190	0.1223	0.1226	0.1326	0.1295	0.1228	0.1241	0.1387	0.1277	0.1492	0.1543	0.1426	0.1466	0.1564	0.1502	0.1584	0.1740	0.1757	0.1816	0.1898	0.1882	0.2113	0.2161	0.2296	0.2484	0.2826	0.2996	0.3207	0.4072	0.5016	0.3935	0.4875	0.6027	0.4779	0.3688
0.0124	0.0181	0.0220	0.0286	0.0204	0.0318	0.0465	0.0586	0.0421	0.0382	0.0562	0.0727	0.0832	0.0707	0.0743	0.0839	0.0930	0.0823	0.0898	0.0908	0.0824	0.0848	0.0921	0.0787	0.0894	0.0939	0.0871	0.1026	0.1127	0.1063	0.0961	0.1024	0.0996	0.0919	0.0973	0.1149	0.1272	0.1146	0.1101	0.1000	0.1012	0.1048	0.1032	0.1092	0.1101	0.1198	0.1235	0.1261	0.1317	0.1250	0.1291	0.1356	0.1577	0.1541	0.1534	0.1679	0.1875	0.2027	0.2043	0.2234	0.2461	0.2664	0.2740	0.3043	0.3082	0.3527	0.4429	0.4239	0.4221
0.0095	0.0111	0.0157	0.0335	0.0321	0.0308	0.0439	0.0414	0.0361	0.0391	0.0520	0.0519	0.0635	0.0628	0.0632	0.0792	0.0906	0.0781	0.0693	0.0689	0.0765	0.0828	0.0844	0.0762	0.0737	0.0775	0.0876	0.0829	0.0960	0.0993	0.0740	0.0846	0.0969	0.0813	0.0829	0.0837	0.0971	0.0956	0.0918	0.0826	0.0861	0.0901	0.0940	0.0963	0.1007	0.0975	0.1065	0.1015	0.1094	0.0986	0.0972	0.1163	0.1176	0.1182	0.1267	0.1325	0.1447	0.1625	0.1752	0.1994	0.2007	0.2100	0.2246	0.2402	0.2327	0.2596	0.3156	0.4312	0.5500
0.0000	0.0000	0.0180	0.0347	0.0351	0.0293	0.0299	0.0380	0.0354	0.0420	0.0446	0.0455	0.0504	0.0546	0.0600	0.0613	0.0647	0.0687	0.0714	0.0651	0.0721	0.0783	0.0642	0.0712	0.0721	0.0727	0.0842	0.0835	0.0864	0.0764	0.0718	0.0748	0.0797	0.0763	0.0754	0.0790	0.0775	0.0798	0.0801	0.0803	0.0722	0.0756	0.0874	0.0781	0.0857	0.0877	0.0916	0.0791	0.0841	0.0824	0.0882	0.1028	0.0943	0.0949	0.1013	0.1020	0.1127	0.1187	0.1385	0.1609	0.1567	0.1561	0.1695	0.2037	0.2109	0.2356	0.3099	0.4765	0.5628
0.0000	0.0047	0.0263	0.0141	0.0165	0.0237	0.0241	0.0275	0.0373	0.0272	0.0237	0.0419	0.0549	0.0486	0.0571	0.0735	0.0558	0.0667	0.0815	0.0683	0.0682	0.0663	0.0643	0.0698	0.0792	0.0795	0.0780	0.0678	0.0686	0.0625	0.0622	0.0743	0.0689	0.0706	0.0732	0.0686	0.0760	0.0730	0.0734	0.0768	0.0703	0.0745	0.0788	0.0750	0.0779	0.0746	0.0841	0.0802	0.0772	0.0757	0.0779	0.0715	0.0635	0.0714	0.0875	0.0894	0.0880	0.0846	0.1048	0.1071	0.1119	0.1136	0.1216	0.1347	0.1407	0.1538	0.1953	0.2428	0.3410
0.0000	0.0000	0.0000	0.0095	0.0070	0.0083	0.0237	0.0162	0.0341	0.0323	0.0354	0.0398	0.0411	0.0499	0.0503	0.0687	0.0593	0.0485	0.0540	0.0574	0.0609	0.0566	0.0632	0.0556	0.0615	0.0707	0.0672	0.0662	0.0624	0.0580	0.0503	0.0628	0.0621	0.0636	0.0652	0.0731	0.0714	0.0650	0.0593	0.0646	0.0686	0.0696	0.0739	0.0609	0.0649	0.0648	0.0691	0.0767	0.0714	0.0684	0.0697	0.0746	0.0686	0.0776	0.0768	0.0737	0.0765	0.0774	0.0789	0.0891	0.0868	0.0866	0.1052	0.1100	0.1170	0.1067	0.1126	0.1230	0.1321
0.0000	0.0000	0.0000	0.0172	0.0134	0.0043	0.0133	0.0274	0.0143	0.0311	0.0344	0.0319	0.0353	0.0370	0.0344	0.0499	0.0481	0.0431	0.0355	0.0647	0.0532	0.0614	0.0566	0.0503	0.0625	0.0610	0.0694	0.0568	0.0550	0.0636	0.0576	0.0628	0.0532	0.0549	0.0543	0.0612	0.0599	0.0616	0.0691	0.0578	0.0504	0.0572	0.0702	0.0626	0.0614	0.0675	0.0613	0.0609	0.0591	0.0649	0.0568	0.0621	0.0598	0.0621	0.0657	0.0663	0.0631	0.0653	0.0703	0.0731	0.0691	0.0688	0.0681	0.0828	0.0876	0.0829	0.0930	0.0937	0.0914
0.0000	0.0000	0.0000	0.0059	0.0002	0.0026	0.0206	0.0233	0.0067	0.0174	0.0141	0.0235	0.0424	0.0236	0.0341	0.0426	0.0479	0.0405	0.0391	0.0453	0.0436	0.0492	0.0425	0.0470	0.0541	0.0471	0.0537	0.0550	0.0575	0.0648	0.0492	0.0503	0.0456	0.0513	0.0527	0.0467	0.0464	0.0496	0.0599	0.0517	0.0494	0.0586	0.0598	0.0628	0.0592	0.0579	0.0564	0.0566	0.0511	0.0635	0.0561	0.0656	0.0526	0.0577	0.0565	0.0662	0.0576	0.0572	0.0668	0.0589	0.0544	0.0538	0.0678	0.0701	0.0709	0.0712	0.0742	0.0771	0.0811
0.0000	0.0000	0.0000	0.0161	0.0000	0.0000	0.0147	0.0083	0.0130	0.0154	0.0203	0.0240	0.0355	0.0325	0.0306	0.0346	0.0514	0.0345	0.0291	0.0435	0.0404	0.0373	0.0413	0.0364	0.0469	0.0516	0.0518	0.0665	0.0534	0.0580	0.0560	0.0442	0.0538	0.0553	0.0551	0.0550	0.0527	0.0573	0.0486	0.0486	0.0528	0.0569	0.0486	0.0509	0.0516	0.0554	0.0605	0.0496	0.0482	0.0518	0.0532	0.0558	0.0516	0.0571	0.0596	0.0613	0.0616	0.0510	0.0610	0.0542	0.0519	0.0525	0.0594	0.0694	0.0556	0.0529	0.0562	0.0673	0.0519
0.0000	0.0000	0.0000	0.0165	0.0000	0.0000	0.0000	0.0058	0.0145	0.0154	0.0170	0.0281	0.0371	0.0302	0.0207	0.0370	0.0390	0.0282	0.0397	0.0400	0.0501	0.0269	0.0256	0.0456	0.0432	0.0429	0.0488	0.0498	0.0454	0.0441	0.0486	0.0464	0.0446	0.0522	0.0468	0.0480	0.0503	0.0586	0.0526	0.0421	0.0486	0.0410	0.0464	0.0464	0.0554	0.0534	0.0578	0.0565	0.0477	0.0451	0.0492	0.0491	0.0499	0.0561	0.0602	0.0516	0.0518	0.0438	0.0587	0.0554	0.0512	0.0450	0.0605	0.0709	0.0574	0.0419	0.0425	0.0479	0.0389
0.0000	0.0000	0.0000	0.0000	0.0000	0.0119	0.0000	0.0000	0.0014	0.0279	0.0048	0.0044	0.0183	0.0088	0.0189	0.0188	0.0273	0.0226	0.0268	0.0273	0.0354	0.0353	0.0252	0.0406	0.0553	0.0439	0.0420	0.0465	0.0471	0.0463	0.0470	0.0328	0.0350	0.0442	0.0493	0.0511	0.0481	0.0445	0.0430	0.0411	0.0423	0.0430	0.0510	0.0435	0.0451	0.0492	0.0495	0.0504	0.0450	0.0359	0.0454	0.0460	0.0493	0.0487	0.0479	0.0619	0.0550	0.0435	0.0515	0.0466	0.0433	0.0391	0.0457	0.0512	0.0497	0.0378	0.0404	0.0406	0.0557
0.0000	0.0000	0.0000	0.0000	0.0000	0.0000	0.0000	0.0015	0.0042	0.0266	0.0166	0.0106	0.0193	0.0142	0.0085	0.0199	0.0222	0.0314	0.0191	0.0351	0.0445	0.0416	0.0345	0.0359	0.0504	0.0422	0.0339	0.0386	0.0330	0.0409	0.0342	0.0342	0.0409	0.0466	0.0479	0.0433	0.0496	0.0410	0.0410	0.0461	0.0473	0.0481	0.0518	0.0458	0.0372	0.0400	0.0447	0.0489	0.0480	0.0292	0.0468	0.0504	0.0418	0.0495	0.0406	0.0412	0.0490	0.0486	0.0430	0.0471	0.0600	0.0530	0.0447	0.0562	0.0576	0.0611	0.0518	0.0513	0.0524
