0.0000	0.0000	0.0000	0.0087	0.0000	0.0047	0.0016	0.0273	0.0071	0.0000	0.0145	0.0353	0.0257	0.0207	0.0209	0.0392	0.0537	0.0477	0.0298	0.0393	0.0515	0.0524	0.0599	0.0716	0.0767	0.0944	0.0679	0.0791	0.0836	0.0992	0.0951	0.1086	0.1037	0.0918	0.0919	0.1058	0.1067	0.1043	0.1024	0.0995	0.0956	0.0921	0.0918	0.1019	0.0864	0.0802	0.1149	0.0952	0.0994	0.0979	0.1001	0.0791	0.0724	0.0713	0.0888	0.0638	0.0741	0.0775	0.0834	0.0650	0.0791	0.0626	0.0609	0.0597	0.0641	0.0576	0.0491	0.0515	0.0539
0.0000	0.0000	0.0000	0.0040	0.0000	0.0044	0.0155	0.0155	0.0198	0.0080	0.0139	0.0324	0.0149	0.0263	0.0257	0.0409	0.0727	0.0679	0.0533	0.0404	0.0592	0.0649	0.0673	0.0891	0.0869	0.0922	0.0744	0.0835	0.0993	0.1051	0.1302	0.1071	0.1020	0.1019	0.1041	0.1055	0.1044	0.1118	0.1073	0.1000	0.1026	0.1170	0.1153	0.1010	0.0794	0.0889	0.1192	0.1094	0.1155	0.1072	0.0921	0.0900	0.0778	0.1011	0.0993	0.0911	0.0863	0.0809	0.0803	0.0777	0.0731	0.0621	0.0709	0.0877	0.0601	0.0549	0.0464	0.0589	0.0592
0.0000	0.0000	0.0045	0.0106	0.0086	0.0034	0.0066	0.0206	0.0236	0.0143	0.0248	0.0185	0.0351	0.0569	0.0682	0.0476	0.0441	0.0552	0.0710	0.0674	0.0499	0.0731	0.0790	0.0998	0.1018	0.0941	0.1061	0.0745	0.0930	0.1211	0.1072	0.0944	0.1066	0.1309	0.1095	0.0887	0.0958	0.1175	0.1091	0.1120	0.1064	0.1173	0.1157	0.1035	0.0845	0.1136	0.1113	0.1160	0.1111	0.0982	0.1298	0.1238	0.1160	0.1039	0.1027	0.1017	0.1193	0.0860	0.0820	0.0864	0.0916	0.0904	0.0969	0.0977	0.0771	0.0684	0.0760	0.0901	0.0891
0.0000	0.0000	0.0000	0.0058	0.0062	0.0246	0.0140	0.0070	0.0199	0.0413	0.0346	0.0282	0.0491	0.0518	0.0538	0.0413	0.0528	0.0528	0.0560	0.0677	0.0615	0.0762	0.0876	0.0780	0.1046	0.0926	0.1083	0.1069	0.1060	0.0900	0.1052	0.0993	0.1241	0.1119	0.1182	0.1046	0.1007	0.1241	0.1119	0.1189	0.1091	0.1051	0.1198	0.1000	0.0996	0.1191	0.1152	0.1085	0.0941	0.1128	0.1301	0.1263	0.0877	0.1050	0.1305	0.1047	0.0991	0.1091	0.0889	0.0890	0.1025	0.0994	0.1008	0.1046	0.0923	0.0830	0.0775	0.0965	0.0991
0.0000	0.0000	0.0007	0.0131	0.0122	0.0222	0.0221	0.0204	0.0156	0.0151	0.0238	0.0398	0.0598	0.0536	0.0376	0.0315	0.0461	0.0517	0.0489	0.0585	0.0762	0.0775	0.0859	0.0851	0.1051	0.0900	0.1072	0.0920	0.0893	0.0882	0.1051	0.1051	0.1343	0.1137	0.1152	0.0981	0.1232	0.1054	0.1037	0.1183	0.1151	0.1098	0.1172	0.1049	0.1100	0.1146	0.1207	0.1039	0.1124	0.1108	0.1012	0.1025	0.0954	0.1125	0.1190	0.1066	0.1069	0.1053	0.0886	0.0961	0.0911	0.0962	0.1019	0.1202	0.1103	0.0758	0.1009	0.0945	0.0951
0.0000	0.0000	0.0217	0.0169	0.0269	0.0296	0.0209	0.0316	0.0227	0.0458	0.0461	0.0389	0.0574	0.0556	0.0397	0.0627	0.0677	0.0624	0.0651	0.0776	0.0753	0.0805	0.0810	0.0906	0.1137	0.0938	0.0829	0.0823	0.1054	0.1313	0.1069	0.1032	0.1439	0.1490	0.1260	0.1278	0.1224	0.1037	0.1163	0.1170	0.1208	0.1321	0.1210	0.1186	0.1188	0.1125	0.1181	0.1177	0.1245	0.1410	0.1193	0.1122	0.1238	0.1314	0.1158	0.1352	0.1300	0.1152	0.0997	0.1153	0.1085	0.1318	0.1246	0.1258	0.1295	0.1014	0.1275	0.1293	0.1155
0.0000	0.0000	0.0060	0.0108	0.0258	0.0162	0.0340	0.0373	0.0293	0.0486	0.0622	0.0598	0.0580	0.0482	0.0472	0.0863	0.0866	0.0806	0.0788	0.0733	0.0964	0.0916	0.0715	0.0706	0.1029	0.1314	0.1236	0.1078	0.1240	0.1463	0.1175	0.1213	0.1500	0.1436	0.1356	0.1236	0.1126	0.1382	0.1364	0.1315	0.0999	0.1432	0.1439	0.1121	0.1232	0.1433	0.1336	0.1475	0.1339	0.1324	0.1445	0.1483	0.1385	0.1416	0.1396	0.1586	0.1343	0.1241	0.1258	0.1446	0.1471	0.1566	0.1452	0.1789	0.1696	0.1433	0.1388	0.1578	0.1891
0.0213	0.0045	0.0036	0.0157	0.0181	0.0148	0.0348	0.0558	0.0301	0.0470	0.0533	0.0442	0.0490	0.0565	0.0630	0.0897	0.0851	0.1057	0.1052	0.0818	0.0911	0.0995	0.0998	0.1076	0.1257	0.1277	0.1180	0.1198	0.1362	0.1453	0.1230	0.1310	0.1533	0.1523	0.1468	0.1236	0.1337	0.1348	0.1424	0.1494	0.1357	0.1596	0.1462	0.1347	0.1460	0.1531	0.1649	0.1533	0.1396	0.1444	0.1506	0.1381	0.1340	0.1550	0.1666	0.1851	0.1541	0.1671	0.1811	0.1729	0.1967	0.1887	0.1885	0.2122	0.2109	0.1877	0.2193	0.2442	0.3550
0.0035	0.0000	0.0123	0.0228	0.0215	0.0242	0.0506	0.0480	0.0561	0.0674	0.0514	0.0624	0.0631	0.0736	0.0756	0.0789	0.0823	0.0856	0.0843	0.1068	0.1085	0.1087	0.1128	0.0967	0.1244	0.1297	0.1077	0.1200	0.1535	0.1433	0.1265	0.1705	0.1830	0.1675	0.1750	0.1676	0.1715	0.1739	0.1547	0.1719	0.1622	0.1641	0.1614	0.1539	0.1607	0.1763	0.1899	0.1726	0.1678	0.1763	0.1814	0.1683	0.1775	0.2252	0.2287	0.2225	0.2190	0.1968	0.2336	0.2256	0.2315	0.2496	0.2824	0.2859	0.2894	0.2947	0.3845	0.4624	0.4372
0.0066	0.0147	0.0106	0.0365	0.0384	0.0474	0.0537	0.0405	0.0614	0.0808	0.0532	0.0574	0.0714	0.0778	0.0715	0.0776	0.0904	0.0872	0.0865	0.0899	0.1207	0.1109	0.1190	0.1259	0.1508	0.1528	0.1443	0.1380	0.1764	0.1589	0.1689	0.2727	0.3280	0.2448	0.2316	0.2293	0.2034	0.1965	0.1834	0.1876	0.1623	0.1764	0.1772	0.1680	0.1820	0.2051	0.2219	0.2072	0.2138	0.2205	0.2304	0.2177	0.2119	0.2394	0.2594	0.2487	0.2658	0.2497	0.2556	0.2619	0.2749	0.3652	0.5166	0.5303	0.4985	0.4645	0.5195	0.5364	0.5050
0.0022	0.0196	0.0256	0.0295	0.0383	0.0489	0.0464	0.0643	0.0575	0.0642	0.0724	0.0532	0.0805	0.0855	0.0804	0.0992	0.1018	0.1103	0.1118	0.1038	0.1484	0.1240	0.1202	0.1314	0.1713	0.1775	0.1693	0.1692	0.2004	0.2139	0.2606	0.4906	0.7119	0.5420	0.3163	0.2746	0.2176	0.2389	0.2487	0.2661	0.2345	0.2203	0.2272	0.2151	0.2170	0.2321	0.2475	0.2674	0.2618	0.2654	0.2679	0.2781	0.2870	0.2771	0.2667	0.2945	0.3170	0.3104	0.2994	0.3240	0.3657	0.4346	0.5476	0.5972	0.5723	0.4880	0.4675	0.4552	0.4396
0.0185	0.0358	0.0296	0.0253	0.0308	0.0368	0.0296	0.0483	0.0613	0.0715	0.0765	0.0933	0.0865	0.0749	0.0736	0.0941	0.1126	0.1060	0.1101	0.1240	0.1488	0.1554	0.1495	0.1536	0.1809	0.2097	0.2080	0.2292	0.2630	0.2691	0.3253	0.5334	0.8101	0.7905	0.5209	0.2611	0.2887	0.4166	0.5352	0.5726	0.4155	0.2671	0.2900	0.2681	0.2702	0.2772	0.2966	0.3162	0.2869	0.3011	0.3184	0.3106	0.3161	0.3258	0.3328	0.3576	0.3752	0.3525	0.3386	0.3625	0.4314	0.5323	0.5657	0.5629	0.5451	0.4715	0.4493	0.4448	0.4041
0.0257	0.0287	0.0555	0.0426	0.0363	0.0575	0.0477	0.0619	0.0884	0.0966	0.1044	0.1153	0.1080	0.0808	0.0734	0.1033	0.1145	0.1270	0.1370	0.1642	0.1824	0.1750	0.2003	0.2003	0.2246	0.2891	0.2620	0.2948	0.3909	0.4093	0.4859	0.7393	0.8436	0.8746	0.7489	0.4094	0.4120	0.6798	0.8129	0.8073	0.6103	0.4332	0.4706	0.3626	0.3389	0.4312	0.5503	0.4250	0.3441	0.3512	0.3977	0.3591	0.3588	0.3822	0.3786	0.3902	0.3865	0.3828	0.4248	0.4879	0.5702	0.6458	0.6352	0.6110	0.5641	0.4808	0.4670	0.4639	0.4238
0.0385	0.0292	0.0541	0.0476	0.0541	0.0416	0.0599	0.0794	0.0933	0.0923	0.1016	0.1339	0.1098	0.1242	0.1193	0.1278	0.1464	0.1770	0.1836	0.1890	0.2241	0.2370	0.2880	0.2844	0.3149	0.3681	0.4021	0.6089	0.6910	0.7228	0.7397	0.8690	0.8721	0.7889	0.8399	0.6922	0.5760	0.7544	0.8415	0.7732	0.6645	0.6177	0.7900	0.6391	0.5275	0.6863	0.8170	0.5425	0.3501	0.4147	0.5358	0.4669	0.4101	0.3940	0.4014	0.4337	0.4428	0.4952	0.5971	0.6990	0.6467	0.6306	0.6002	0.5482	0.5342	0.4794	0.4810	0.3996	0.4093
0.0179	0.0261	0.0415	0.0535	0.0780	0.0670	0.0868	0.1017	0.0932	0.1028	0.1249	0.1247	0.1379	0.1323	0.1581	0.1557	0.2164	0.2283	0.2212	0.2566	0.2989	0.3481	0.3912	0.4457	0.4713	0.5286	0.6357	0.8350	0.8486	0.8724	0.8155	0.8761	0.9203	0.8622	0.8154	0.8114	0.8025	0.8134	0.8398	0.8326	0.7688	0.8029	0.8639	0.8756	0.8398	0.8418	0.7288	0.5087	0.4231	0.4730	0.5151	0.4482	0.4450	0.4048	0.4385	0.4801	0.5098	0.5915	0.7209	0.7160	0.6571	0.5957	0.5799	0.5595	0.5780	0.5109	0.4570	0.3883	0.4268
0.0226	0.0282	0.0420	0.0736	0.0944	0.1084	0.1063	0.1150	0.1155	0.1291	0.1551	0.1761	0.1710	0.1945	0.2289	0.2467	0.3214	0.3293	0.3548	0.4074	0.4632	0.5104	0.5707	0.7058	0.7235	0.7308	0.7491	0.7685	0.8287	0.7908	0.7918	0.8554	0.8685	0.8797	0.7991	0.8261	0.8313	0.8136	0.8064	0.8065	0.8350	0.8668	0.8963	0.9011	0.9056	0.8344	0.7327	0.5939	0.5449	0.6244	0.6266	0.5699	0.5150	0.4494	0.4665	0.5099	0.5531	0.6055	0.7220	0.7227	0.6331	0.5685	0.5724	0.6011	0.5341	0.4926	0.4319	0.4482	0.4168
0.0305	0.0621	0.0578	0.0858	0.1137	0.1157	0.1400	0.1896	0.1747	0.1873	0.2405	0.2769	0.3076	0.3089	0.3705	0.3883	0.4092	0.4797	0.5634	0.6438	0.7714	0.8122	0.7845	0.8046	0.8292	0.7918	0.7304	0.7246	0.7597	0.7840	0.7626	0.8526	0.8774	0.8657	0.8987	0.8047	0.8310	0.8517	0.8575	0.7719	0.8089	0.8179	0.8934	0.9127	0.8653	0.8104	0.8377	0.8140	0.7210	0.7940	0.8114	0.7435	0.5446	0.5272	0.5331	0.5252	0.6001	0.6603	0.7457	0.7381	0.6225	0.5942	0.5682	0.5608	0.5275	0.4388	0.4287	0.4115	0.3743
0.0531	0.0898	0.0960	0.1372	0.1644	0.1934	0.2648	0.3813	0.3761	0.3881	0.4802	0.5185	0.5819	0.5770	0.6313	0.6742	0.6270	0.7107	0.8177	0.8437	0.8817	0.8091	0.7567	0.7793	0.7375	0.7069	0.7059	0.7310	0.6884	0.7428	0.7549	0.8164	0.7974	0.8338	0.8373	0.8075	0.7897	0.8071	0.8041	0.7972	0.7661	0.7891	0.8339	0.8671	0.8057	0.7631	0.8403	0.8495	0.8756	0.8830	0.8069	0.8125	0.6968	0.7159	0.7141	0.5712	0.6746	0.6700	0.6982	0.6187	0.6216	0.5797	0.5472	0.5241	0.4856	0.4202	0.4083	0.4281	0.3954
0.0857	0.1667	0.2448	0.3152	0.4291	0.5093	0.5870	0.6144	0.6486	0.6612	0.6522	0.6556	0.6930	0.7387	0.7274	0.7709	0.8016	0.7986	0.7726	0.7396	0.7391	0.7276	0.7484	0.7155	0.6654	0.6827	0.7040	0.6542	0.6844	0.7449	0.7380	0.7470	0.8015	0.8376	0.8332	0.8023	0.7750	0.7637	0.7636	0.8037	0.7512	0.7374	0.7922	0.8016	0.7688	0.7975	0.7795	0.7690	0.7993	0.8728	0.8637	0.8351	0.8061	0.8164	0.8219	0.7039	0.6460	0.6479	0.6699	0.6185	0.5993	0.5570	0.5475	0.5108	0.4787	0.4173	0.3973	0.3920	0.3780
0.2033	0.3057	0.4135	0.4560	0.5211	0.5591	0.5500	0.5662	0.6516	0.5861	0.6199	0.6004	0.6412	0.6474	0.6166	0.6201	0.6507	0.6935	0.6259	0.6170	0.6393	0.6636	0.6520	0.6355	0.6438	0.6270	0.6681	0.6575	0.6802	0.7166	0.6939	0.6955	0.7423	0.7848	0.7738	0.7468	0.7349	0.7542	0.7177	0.7194	0.6992	0.7277	0.7459	0.7317	0.7881	0.7446	0.7086	0.7440	0.7475	0.7737	0.7690	0.7445	0.7559	0.7669	0.7492	0.7342	0.6777	0.6483	0.6387	0.5581	0.5525	0.5723	0.5521	0.5166	0.4885	0.4401	0.4274	0.3938	0.3745
0.2160	0.2985	0.3401	0.3085	0.3367	0.3994	0.4219	0.4302	0.4740	0.4706	0.4893	0.4744	0.5229	0.5166	0.4866	0.5545	0.5889	0.6593	0.5796	0.5514	0.6036	0.5860	0.5949	0.5906	0.5849	0.6149	0.5697	0.6024	0.6366	0.6498	0.7152	0.7001	0.7041	0.7879	0.7509	0.7019	0.7555	0.7224	0.6967	0.7371	0.6704	0.6885	0.7065	0.7056	0.6931	0.7014	0.7384	0.7533	0.7302	0.7328	0.7285	0.7380	0.6788	0.7385	0.6616	0.6520	0.6899	0.6146	0.5866	0.5394	0.5652	0.5361	0.5155	0.4967	0.4760	0.4418	0.4207	0.3677	0.3426
0.2289	0.2819	0.3264	0.2710	0.3045	0.3402	0.3528	0.3880	0.3889	0.4062	0.4212	0.4299	0.4829	0.5141	0.4851	0.5141	0.5938	0.5849	0.6298	0.5905	0.5845	0.6012	0.5974	0.5666	0.5705	0.5807	0.5657	0.5772	0.6118	0.6457	0.6456	0.6550	0.6907	0.6813	0.7113	0.7375	0.7220	0.7201	0.6781	0.6997	0.7027	0.6627	0.6784	0.7076	0.6953	0.6863	0.6840	0.6900	0.6469	0.6773	0.7349	0.6966	0.6688	0.6980	0.6534	0.6788	0.6734	0.5975	0.5976	0.5479	0.5741	0.5470	0.5224	0.4949	0.4509	0.4080	0.3745	0.3607	0.3469
0.2205	0.2592	0.3182	0.3142	0.2958	0.3208	0.3864	0.3763	0.3805	0.3535	0.4306	0.4591	0.4909	0.5130	0.4890	0.5427	0.5900	0.5863	0.5635	0.5459	0.5864	0.5948	0.6003	0.5895	0.5549	0.5612	0.5875	0.6036	0.6186	0.6554	0.5869	0.6391	0.6946	0.6815	0.6484	0.6709	0.6833	0.7235	0.6983	0.6288	0.6472	0.6768	0.6687	0.6771	0.6920	0.6819	0.6528	0.6731	0.6357	0.6354	0.6369	0.6819	0.7291	0.6957	0.6521	0.6760	0.6698	0.5583	0.5532	0.5814	0.5445	0.5053	0.5248	0.4960	0.3958	0.4130	0.4125	0.3660	0.3528
0.2269	0.2354	0.2882	0.3340	0.3233	0.3198	0.3727	0.4000	0.3577	0.3430	0.4177	0.4510	0.4768	0.4797	0.4990	0.5321	0.5723	0.5932	0.6148	0.6224	0.6473	0.6230	0.5873	0.5700	0.6002	0.5614	0.5924	0.6102	0.5871	0.6371	0.6358	0.6681	0.6938	0.7065	0.7224	0.6485	0.6767	0.6691	0.6601	0.6424	0.6437	0.6606	0.6691	0.6768	0.6921	0.6823	0.6875	0.6611	0.6536	0.6449	0.6044	0.6301	0.6679	0.6517	0.6571	0.6446	0.6351	0.5683	0.5457	0.5534	0.5083	0.5088	0.4812	0.4320	0.3888	0.4108	0.3756	0.3833	0.3794
0.2528	0.2750	0.2836	0.3348	0.3712	0.3404	0.3254	0.3852	0.3618	0.4042	0.4544	0.4439	0.4491	0.4391	0.5207	0.5287	0.5310	0.5637	0.5997	0.6343	0.5954	0.5747	0.5914	0.6142	0.6020	0.5786	0.5820	0.5983	0.6087	0.6650	0.6725	0.6578	0.6699	0.6826	0.7129	0.6703	0.7142	0.6725	0.6726	0.6669	0.6707	0.6554	0.6648	0.6662	0.6919	0.6438	0.6386	0.6725	0.6757	0.6529	0.6486	0.6504	0.6438	0.6332	0.6558	0.6277	0.5844	0.5461	0.5347	0.5141	0.5176	0.4760	0.4698	0.4339	0.4052	0.3937	0.3775	0.3823	0.3676
0.2615	0.2737	0.2737	0.3477	0.3661	0.3305	0.3213	0.3706	0.3958	0.4142	0.4288	0.4701	0.4891	0.4884	0.5562	0.5453	0.5491	0.5661	0.5524	0.5802	0.6092	0.5725	0.5741	0.5731	0.5952	0.5917	0.6172	0.6192	0.6501	0.6291	0.6812	0.6528	0.6674	0.7000	0.6952	0.6719	0.6586	0.6451	0.6772	0.6787	0.6567	0.6595	0.6706	0.6578	0.6842	0.6746	0.6796	0.6468	0.6907	0.6854	0.6711	0.6640	0.6361	0.6105	0.6704	0.6149	0.5819	0.5508	0.5403	0.4985	0.5095	0.4679	0.4450	0.4048	0.4011	0.4221	0.3857	0.3706	0.3611
0.2660	0.3118	0.3121	0.3653	0.3584	0.3445	0.3239	0.3724	0.3718	0.3867	0.4208	0.4801	0.5172	0.4688	0.5065	0.5614	0.5744	0.5119	0.5860	0.5753	0.5806	0.5802	0.5703	0.6017	0.5647	0.5771	0.5859	0.6308	0.6212	0.6662	0.6905	0.6806	0.7076	0.7090	0.6590	0.6394	0.6043	0.6334	0.6666	0.6616	0.7006	0.6653	0.6370	0.6619	0.6922	0.6657	0.6388	0.6269	0.6628	0.6581	0.6488	0.6419	0.6264	0.6104	0.6233	0.6018	0.5427	0.5254	0.5119	0.5367	0.4963	0.4746	0.4658	0.4399	0.4272	0.4186	0.3767	0.3731	0.3736
0.2643	0.2966	0.3057	0.3282	0.3137	0.3528	0.3797	0.3823	0.3788	0.3965	0.4244	0.4611	0.4822	0.4824	0.4997	0.5280	0.5471	0.5132	0.5432	0.5646	0.5600	0.5809	0.5944	0.6122	0.5938	0.6011	0.5641	0.6179	0.6218	0.6663	0.6585	0.6441	0.6573	0.6489	0.6303	0.6403	0.6536	0.6411	0.6531	0.6423	0.6340	0.6702	0.6749	0.6407	0.6396	0.6311	0.6410	0.6363	0.6648	0.6196	0.6355	0.6330	0.6365	0.6492	0.5881	0.5722	0.5633	0.5312	0.5142	0.5391	0.4984	0.4934	0.4951	0.4702	0.4240	0.4158	0.4111	0.3754	0.3784
0.2381	0.2708	0.2890	0.2784	0.3037	0.3217	0.3898	0.4089	0.4113	0.3883	0.4227	0.4391	0.4646	0.5062	0.5265	0.5335	0.5674	0.5501	0.5836	0.5682	0.5766	0.5660	0.6003	0.6113	0.6126	0.5889	0.6006	0.6252	0.6598	0.6687	0.6958	0.6924	0.6621	0.6121	0.5986	0.6352	0.6662	0.6588	0.6468	0.6124	0.6282	0.6570	0.6485	0.6583	0.6573	0.6214	0.6353	0.6494	0.6301	0.6074	0.5972	0.5932	0.6019	0.6154	0.6003	0.5789	0.5725	0.5215	0.4998	0.5147	0.4753	0.4614	0.4490	0.4568	0.4545	0.4255	0.3944	0.3778	0.3549
0.2317	0.2624	0.2648	0.2969	0.3109	0.2867	0.3558	0.3828	0.3935	0.4131	0.4451	0.4542	0.4965	0.5074	0.5091	0.5505	0.5828	0.5865	0.5902	0.5783	0.5888	0.5552	0.5977	0.6325	0.5882	0.5885	0.6087	0.6148	0.6283	0.6227	0.6431	0.6598	0.6867	0.6109	0.5906	0.6189	0.6328	0.6683	0.6471	0.6299	0.6362	0.6890	0.6344	0.6403	0.6289	0.6159	0.6119	0.6404	0.6030	0.6032	0.5896	0.6076	0.5958	0.5864	0.6129	0.5912	0.5358	0.5076	0.5044	0.5140	0.4921	0.4559	0.4587	0.4740	0.4865	0.4629	0.4116	0.3918	0.3704
0.2193	0.2368	0.2681	0.2983	0.3043	0.3016	0.3364	0.3642	0.4030	0.4380	0.4264	0.4681	0.5193	0.4933	0.5146	0.5281	0.5470	0.5477	0.5632	0.5679	0.5736	0.5821	0.5869	0.6125	0.5891	0.5667	0.5485	0.6125	0.6180	0.6172	0.6378	0.6739	0.6671	0.6315	0.6372	0.6440	0.6312	0.6051	0.6243	0.6198	0.6383	0.6983	0.6605	0.6271	0.5926	0.6093	0.6112	0.5734	0.6058	0.6094	0.6196	0.6412	0.6137	0.5976	0.6069	0.5784	0.5638	0.5544	0.5093	0.5329	0.4798	0.4837	0.4757	0.4615	0.4766	0.4278	0.4109	0.3709	0.3573
0.1991	0.2336	0.2635	0.2906	0.2914	0.2682	0.3348	0.3701	0.3977	0.4309	0.4310	0.3976	0.4422	0.5056	0.5243	0.5346	0.5467	0.5552	0.5652	0.5578	0.5667	0.5913	0.5789	0.5784	0.5937	0.5992	0.6013	0.6352	0.6598	0.6496	0.7004	0.6955	0.7020	0.6655	0.6934	0.6419	0.6197	0.6192	0.6272	0.6295	0.6322	0.6307	0.6767	0.6199	0.6174	0.6341	0.6491	0.6640	0.6158	0.6571	0.6703	0.6132	0.6187	0.6655	0.6330	0.5758	0.5393	0.5683	0.5200	0.5037	0.4975	0.5060	0.5160	0.4839	0.4402	0.4097	0.4117	0.3883	0.3918
0.2128	0.2458	0.2364	0.2784	0.2974	0.2774	0.3333	0.3669	0.3788	0.4121	0.3903	0.4407	0.4642	0.5012	0.5010	0.5344	0.5666	0.5729	0.5765	0.5496	0.5858	0.5844	0.5974	0.6383	0.6223	0.6112	0.6235	0.6551	0.6900	0.6549	0.7028	0.7115	0.6829	0.7223	0.7286	0.6797	0.7133	0.6545	0.6235	0.6122	0.6587	0.6250	0.6054	0.6329	0.6317	0.5865	0.6392	0.6521	0.6411	0.6758	0.6600	0.6532	0.6961	0.6583	0.6440	0.6238	0.6094	0.5741	0.5440	0.5264	0.5177	0.5452	0.5541	0.4737	0.4461	0.4148	0.4259	0.3723	0.3781
0.1988	0.2265	0.2694	0.2647	0.2712	0.2787	0.3007	0.3593	0.3746	0.3498	0.4114	0.4395	0.4455	0.4921	0.4806	0.5268	0.5446	0.5707	0.5683	0.5794	0.6205	0.5764	0.6267	0.6190	0.6522	0.6498	0.6150	0.6564	0.6640	0.6570	0.6887	0.7108	0.6852	0.7122	0.7389	0.7247	0.6672	0.6723	0.6877	0.6532	0.6517	0.6318	0.6072	0.6338	0.5764	0.6041	0.6476	0.6240	0.6249	0.7060	0.6971	0.6615	0.6786	0.6598	0.6573	0.6179	0.6508	0.5992	0.6273	0.6056	0.5607	0.5538	0.5343	0.5339	0.4604	0.4701	0.4462	0.4185	0.3952
0.1881	0.2306	0.2510	0.2654	0.3131	0.2973	0.2870	0.3631	0.3807	0.3427	0.3890	0.4532	0.4361	0.4671	0.4636	0.4854	0.5480	0.5587	0.5781	0.5888	0.6227	0.6145	0.5945	0.6494	0.6752	0.6637	0.6625	0.6249	0.5944	0.6417	0.6373	0.6588	0.6682	0.6750	0.7382	0.7271	0.7020	0.7176	0.7610	0.6410	0.6607	0.6729	0.6482	0.6415	0.6180	0.6451	0.6261	0.6665	0.6236	0.7265	0.7031	0.6821	0.6949	0.7131	0.6760	0.6499	0.6461	0.6324	0.6501	0.6457	0.6010	0.5635	0.5737	0.5630	0.5811	0.5120	0.4917	0.4366	0.4025
0.2199	0.2284	0.2144	0.2401	0.3169	0.3272	0.3287	0.3599	0.3940	0.4298	0.4206	0.4742	0.4487	0.4570	0.4855	0.4618	0.5049	0.5139	0.5757	0.6053	0.5850	0.6007	0.6329	0.6494	0.6605	0.6448	0.6186	0.6675	0.6506	0.6457	0.6624	0.6336	0.6836	0.7357	0.7576	0.7353	0.7193	0.7064	0.7027	0.6706	0.6710	0.7146	0.6959	0.6534	0.6550	0.6476	0.7041	0.7156	0.6988	0.7232	0.7782	0.7532	0.7339	0.7702	0.7478	0.7030	0.6405	0.6519	0.6900	0.6700	0.6369	0.6340	0.6345	0.6012	0.5703	0.5320	0.5073	0.4721	0.4463
0.2098	0.2308	0.2653	0.3015	0.3236	0.3872	0.3905	0.4305	0.4649	0.5007	0.4980	0.5445	0.5289	0.5443	0.4592	0.5099	0.5169	0.5274	0.5751	0.6145	0.6284	0.6257	0.6264	0.6725	0.6179	0.6312	0.6275	0.6660	0.6722	0.6789	0.6592	0.6646	0.7302	0.7338	0.7178	0.7075	0.7360	0.7255	0.7127	0.6565	0.6873	0.7400	0.6538	0.6500	0.6705	0.6648	0.7179	0.7049	0.7560	0.7489	0.7580	0.7518	0.7940	0.8296	0.7881	0.7090	0.7150	0.7586	0.7869	0.7350	0.6591	0.6874	0.6816	0.6029	0.5671	0.5170	0.4982	0.5009	0.4836
0.2395	0.3065	0.3313	0.3635	0.3826	0.4525	0.5199	0.5241	0.5215	0.5442	0.5871	0.6587	0.6068	0.5804	0.6226	0.5995	0.5982	0.6365	0.5756	0.5892	0.6198	0.6909	0.6757	0.6731	0.6359	0.6557	0.6785	0.6560	0.6807	0.6288	0.6748	0.6788	0.6802	0.7215	0.7428	0.7025	0.7686	0.7646	0.7119	0.6968	0.7349	0.6981	0.6499	0.6894	0.7177	0.6898	0.7228	0.7123	0.7523	0.7843	0.8156	0.8275	0.8316	0.8448	0.7983	0.7491	0.7841	0.8078	0.7542	0.7293	0.7493	0.7214	0.6939	0.6444	0.6234	0.5634	0.5666	0.5052	0.5362
0.2687	0.3758	0.4266	0.4855	0.5740	0.5675	0.6004	0.6131	0.6123	0.6441	0.7167	0.7429	0.6862	0.6787	0.7136	0.6988	0.7327	0.6524	0.5963	0.5674	0.5830	0.6378	0.6475	0.6630	0.6910	0.6626	0.6729	0.6684	0.6384	0.6542	0.7048	0.6762	0.7054	0.7104	0.7587	0.7918	0.7878	0.8220	0.7680	0.7402	0.7486	0.7561	0.7479	0.7628	0.7631	0.7196	0.7643	0.7608	0.7523	0.8251	0.8457	0.8976	0.8773	0.8214	0.7837	0.8270	0.8132	0.6881	0.5417	0.7759	0.8535	0.7635	0.7164	0.6945	0.6687	0.6439	0.5834	0.5603	0.5590
0.1555	0.2604	0.3882	0.4930	0.6102	0.6722	0.7302	0.7415	0.7260	0.7553	0.7623	0.7739	0.7020	0.7940	0.7901	0.8407	0.8692	0.8452	0.7198	0.6456	0.6430	0.6345	0.6257	0.6358	0.6561	0.6487	0.6425	0.6477	0.6415	0.6891	0.6994	0.6711	0.6967	0.7303	0.7332	0.7645	0.8055	0.7608	0.7686	0.7233	0.7329	0.7815	0.8331	0.8314	0.7880	0.7831	0.8271	0.8092	0.8173	0.8559	0.8743	0.9017	0.9399	0.9191	0.8498	0.8054	0.8151	0.6072	0.4991	0.7647	0.8542	0.8137	0.7500	0.7094	0.6881	0.6643	0.6119	0.6289	0.5790
0.0695	0.1080	0.1519	0.1940	0.2681	0.3497	0.3869	0.4272	0.4512	0.4840	0.5466	0.5533	0.5571	0.6314	0.6514	0.6973	0.7593	0.8956	0.8940	0.8139	0.7264	0.6604	0.6366	0.6298	0.6396	0.6517	0.6227	0.6192	0.6663	0.6863	0.6987	0.7124	0.7177	0.7104	0.7543	0.7985	0.7914	0.7406	0.7648	0.7595	0.7705	0.7863	0.8134	0.7778	0.7852	0.7934	0.8733	0.8577	0.8569	0.8980	0.9236	0.9904	0.9233	0.9079	0.8443	0.8893	0.8620	0.6536	0.4651	0.6150	0.7971	0.8236	0.7750	0.7270	0.7061	0.6939	0.6673	0.6789	0.5886
0.0356	0.0349	0.0629	0.0875	0.1233	0.1320	0.1353	0.1853	0.1937	0.2061	0.2747	0.2709	0.3163	0.3296	0.3523	0.4119	0.4824	0.6866	0.8186	0.8283	0.8262	0.7510	0.6978	0.6460	0.6271	0.5989	0.5957	0.6028	0.6343	0.6629	0.6801	0.7083	0.7556	0.8223	0.8489	0.8491	0.7546	0.7780	0.7553	0.7442	0.7800	0.7903	0.7599	0.7653	0.8084	0.8416	0.9053	0.8690	0.8760	0.9372	0.9058	0.9065	0.9356	0.9038	0.8762	0.9007	0.8974	0.6966	0.4215	0.4721	0.6764	0.7910	0.7758	0.7418	0.7362	0.7435	0.6984	0.6218	0.5297
0.0241	0.0409	0.0474	0.0490	0.0745	0.0765	0.0694	0.0862	0.0992	0.1329	0.1468	0.1553	0.1879	0.1999	0.2281	0.2818	0.3189	0.3936	0.5000	0.5544	0.7010	0.8328	0.7960	0.7783	0.7318	0.6709	0.6378	0.6667	0.7066	0.7286	0.7370	0.7144	0.7832	0.8302	0.8072	0.7951	0.7744	0.7696	0.7652	0.7534	0.8533	0.8281	0.8063	0.8242	0.8390	0.8062	0.8611	0.7787	0.7325	0.9223	0.8170	0.8322	0.9464	0.8830	0.9015	0.8954	0.8765	0.7240	0.3945	0.3855	0.5376	0.7478	0.7098	0.6470	0.6282	0.6610	0.7128	0.5561	0.4222
0.0078	0.0467	0.0520	0.0567	0.0487	0.0604	0.0769	0.0733	0.0811	0.0988	0.1179	0.1137	0.1219	0.1143	0.1353	0.1554	0.1881	0.2304	0.2569	0.3245	0.4476	0.7180	0.8634	0.9165	0.8484	0.7883	0.7641	0.8045	0.7969	0.7988	0.8018	0.8411	0.8294	0.8567	0.7983	0.8021	0.8456	0.8113	0.8322	0.7796	0.8179	0.8372	0.8412	0.8160	0.7391	0.5246	0.6730	0.6893	0.6043	0.8964	0.9424	0.9449	0.9197	0.9122	0.9030	0.8907	0.8441	0.6922	0.3485	0.2997	0.3423	0.4373	0.4203	0.3562	0.3594	0.4415	0.4788	0.3569	0.3260
0.0155	0.0208	0.0409	0.0318	0.0423	0.0580	0.0649	0.0666	0.0695	0.0829	0.0906	0.0924	0.1052	0.0952	0.1113	0.1034	0.1169	0.1214	0.1467	0.1760	0.2486	0.4072	0.5734	0.6744	0.7592	0.8314	0.8495	0.7375	0.7642	0.6916	0.6765	0.7683	0.7548	0.7733	0.8237	0.7988	0.8005	0.7801	0.6692	0.5448	0.4742	0.5488	0.8046	0.8829	0.5577	0.3680	0.6351	0.5798	0.5040	0.8912	0.9703	0.9064	0.9913	0.9239	0.9006	0.8319	0.7575	0.6330	0.2602	0.2300	0.2478	0.2501	0.2552	0.2458	0.2584	0.2835	0.2584	0.2529	0.2576
0.0170	0.0261	0.0464	0.0258	0.0317	0.0590	0.0683	0.0670	0.0621	0.0738	0.0795	0.0730	0.0789	0.0686	0.0934	0.1104	0.1031	0.1101	0.1162	0.1189	0.1224	0.1408	0.1873	0.2332	0.3310	0.4640	0.4438	0.3345	0.3189	0.3156	0.3070	0.3350	0.3641	0.3818	0.4401	0.4486	0.4543	0.3984	0.2836	0.2280	0.2249	0.2476	0.3906	0.5135	0.2972	0.2892	0.4910	0.3474	0.2917	0.4670	0.5438	0.6886	1.0000	0.9399	0.9072	0.8242	0.7082	0.4200	0.1977	0.2093	0.2295	0.2300	0.2257	0.2283	0.2186	0.2200	0.2144	0.2055	0.2072
0.0134	0.0257	0.0276	0.0236	0.0286	0.0470	0.0564	0.0582	0.0617	0.0625	0.0686	0.0674	0.0836	0.0775	0.0715	0.0973	0.0959	0.1055	0.1074	0.1156	0.1188	0.1171	0.1332	0.1391	0.1209	0.1495	0.1514	0.1512	0.1493	0.1573	0.1606	0.1571	0.1630	0.1681	0.1765	0.1745	0.1696	0.1710	0.1720	0.1877	0.2282	0.1925	0.1699	0.1802	0.1842	0.1726	0.1859	0.1750	0.1894	0.2123	0.2721	0.3831	0.6239	0.6935	0.7387	0.6631	0.4452	0.2359	0.1824	0.1924	0.1870	0.1948	0.1966	0.1893	0.1936	0.1872	0.1928	0.2015	0.1890
0.0000	0.0287	0.0229	0.0211	0.0160	0.0373	0.0533	0.0560	0.0494	0.0517	0.0628	0.0684	0.0771	0.0650	0.0646	0.0901	0.0953	0.1031	0.0907	0.0965	0.1155	0.0996	0.1022	0.0994	0.1089	0.1099	0.1053	0.1305	0.1227	0.1289	0.1158	0.1196	0.1213	0.1115	0.1289	0.1349	0.1495	0.1397	0.1345	0.1321	0.1802	0.1524	0.1291	0.1353	0.1317	0.1348	0.1382	0.1536	0.1538	0.1564	0.1697	0.1682	0.2082	0.2415	0.2722	0.2593	0.2013	0.1764	0.1631	0.1803	0.1841	0.1788	0.1876	0.1644	0.1538	0.1584	0.1570	0.1687	0.1526
0.0104	0.0120	0.0290	0.0276	0.0336	0.0612	0.0426	0.0481	0.0537	0.0542	0.0536	0.0492	0.0709	0.0542	0.0616	0.0961	0.0912	0.0803	0.0857	0.0854	0.0817	0.0862	0.0888	0.0999	0.1029	0.0950	0.1027	0.1042	0.1012	0.1064	0.1044	0.1078	0.1032	0.0998	0.1034	0.0996	0.1107	0.1026	0.1094	0.1031	0.1083	0.1077	0.1162	0.1129	0.1107	0.1240	0.1325	0.1246	0.1255	0.1303	0.1347	0.1342	0.1503	0.1466	0.1376	0.1520	0.1472	0.1437	0.1417	0.1554	0.1598	0.1501	0.1466	0.1418	0.1321	0.1333	0.1348	0.1402	0.1412
0.0106	0.0019	0.0225	0.0326	0.0256	0.0252	0.0275	0.0262	0.0472	0.0540	0.0392	0.0493	0.0582	0.0573	0.0537	0.0796	0.0690	0.0579	0.0870	0.0850	0.0859	0.0985	0.0829	0.0953	0.0942	0.0953	0.0834	0.0844	0.0914	0.0913	0.0905	0.0938	0.0859	0.1039	0.0956	0.0889	0.0874	0.0859	0.0913	0.0940	0.0921	0.0976	0.1086	0.0938	0.1018	0.0993	0.1080	0.1026	0.0999	0.1023	0.1059	0.1154	0.1166	0.1103	0.1113	0.1143	0.1134	0.1121	0.1160	0.1262	0.1194	0.1130	0.1163	0.1290	0.1185	0.1159	0.1214	0.1254	0.1238
0.0000	0.0042	0.0323	0.0135	0.0009	0.0082	0.0281	0.0458	0.0400	0.0551	0.0500	0.0621	0.0440	0.0518	0.0655	0.0619	0.0590	0.0618	0.0591	0.0740	0.0873	0.0805	0.0856	0.0826	0.0772	0.0917	0.0783	0.0711	0.0871	0.0820	0.0760	0.0782	0.0952	0.0952	0.0816	0.0814	0.0898	0.0872	0.0805	0.0850	0.0903	0.0804	0.0785	0.0942	0.0854	0.0839	0.0922	0.0913	0.0834	0.0932	0.0963	0.0881	0.0863	0.0943	0.1080	0.1106	0.0962	0.0822	0.0892	0.0865	0.0921	0.0902	0.0838	0.0907	0.0914	0.0905	0.0989	0.0979	0.0922
0.0000	0.0000	0.0036	0.0068	0.0005	0.0114	0.0363	0.0317	0.0288	0.0306	0.0297	0.0367	0.0377	0.0536	0.0493	0.0482	0.0590	0.0693	0.0715	0.0713	0.0666	0.0638	0.0753	0.0758	0.0705	0.0727	0.0637	0.0779	0.0864	0.0765	0.0703	0.0739	0.0832	0.0725	0.0663	0.0813	0.0884	0.0815	0.0837	0.0777	0.0795	0.0867	0.0870	0.0855	0.0763	0.0790	0.0879	0.0777	0.0811	0.0825	0.0888	0.0880	0.0762	0.0912	0.0960	0.0801	0.0855	0.0806	0.0726	0.0818	0.0832	0.0773	0.0769	0.0829	0.0946	0.0787	0.0678	0.0721	0.0708
0.0000	0.0069	0.0000	0.0056	0.0000	0.0032	0.0152	0.0204	0.0175	0.0161	0.0307	0.0220	0.0321	0.0458	0.0384	0.0317	0.0447	0.0568	0.0540	0.0531	0.0516	0.0668	0.0590	0.0514	0.0637	0.0747	0.0681	0.0669	0.0774	0.0759	0.0706	0.0782	0.0758	0.0675	0.0628	0.0739	0.0721	0.0705	0.0735	0.0682	0.0776	0.0734	0.0764	0.0721	0.0683	0.0797	0.0822	0.0684	0.0831	0.0790	0.0732	0.0704	0.0800	0.0795	0.0785	0.0742	0.0768	0.0699	0.0772	0.0848	0.0801	0.0690	0.0625	0.0751	0.0663	0.0609	0.0565	0.0542	0.0577
0.0000	0.0000	0.0000	0.0031	0.0000	0.0000	0.0104	0.0137	0.0145	0.0174	0.0359	0.0347	0.0283	0.0190	0.0185	0.0301	0.0428	0.0460	0.0406	0.0520	0.0450	0.0506	0.0495	0.0570	0.0550	0.0581	0.0624	0.0576	0.0697	0.0687	0.0629	0.0598	0.0655	0.0652	0.0610	0.0649	0.0595	0.0734	0.0737	0.0759	0.0687	0.0674	0.0701	0.0719	0.0680	0.0679	0.0699	0.0666	0.0577	0.0660	0.0709	0.0692	0.0700	0.0750	0.0735	0.0726	0.0677	0.0635	0.0701	0.0725	0.0658	0.0491	0.0589	0.0636	0.0561	0.0516	0.0511	0.0577	0.0507
0.0000	0.0000	0.0000	0.0000	0.0000	0.0000	0.0003	0.0192	0.0145	0.0156	0.0315	0.0411	0.0240	0.0304	0.0460	0.0460	0.0427	0.0445	0.0329	0.0415	0.0539	0.0351	0.0417	0.0536	0.0663	0.0579	0.0522	0.0635	0.0581	0.0683	0.0685	0.0597	0.0563	0.0584	0.0678	0.0602	0.0658	0.0682	0.0713	0.0679	0.0719	0.0672	0.0683	0.0723	0.0602	0.0653	0.0710	0.0601	0.0572	0.0622	0.0653	0.0670	0.0676	0.0672	0.0825	0.0727	0.0665	0.0599	0.0634	0.0650	0.0565	0.0462	0.0506	0.0511	0.0493	0.0466	0.0488	0.0510	0.0398
0.0000	0.0000	0.0000	0.0052	0.0000	0.0000	0.0000	0.0131	0.0065	0.0116	0.0297	0.0348	0.0313	0.0331	0.0481	0.0271	0.0304	0.0349	0.0338	0.0409	0.0307	0.0392	0.0441	0.0428	0.0531	0.0514	0.0488	0.0539	0.0504	0.0616	0.0587	0.0629	0.0630	0.0661	0.0599	0.0644	0.0725	0.0744	0.0664	0.0630	0.0685	0.0657	0.0695	0.0598	0.0550	0.0632	0.0613	0.0568	0.0643	0.0594	0.0687	0.0635	0.0638	0.0626	0.0648	0.0663	0.0640	0.0592	0.0545	0.0554	0.0582	0.0474	0.0461	0.0526	0.0436	0.0353	0.0415	0.0372	0.0378
0.0000	0.0000	0.0000	0.0000	0.0000	0.0000	0.0000	0.0147	0.0140	0.0082	0.0174	0.0196	0.0232	0.0311	0.0229	0.0289	0.0304	0.0334	0.0495	0.0405	0.0308	0.0268	0.0360	0.0499	0.0593	0.0481	0.0556	0.0561	0.0506	0.0581	0.0663	0.0601	0.0666	0.0536	0.0567	0.0564	0.0493	0.0528	0.0587	0.0599	0.0588	0.0559	0.0561	0.0550	0.0639	0.0708	0.0579	0.0643	0.0552	0.0526	0.0527	0.0580	0.0599	0.0535	0.0594	0.0699	0.0552	0.0424	0.0465	0.0557	0.0528	0.0368	0.0303	0.0460	0.0505	0.0388	0.0261	0.0329	0.0310
0.0000	0.0000	0.0000	0.0000	0.0000	0.0000	0.0000	0.0019	0.0052	0.0003	0.0087	0.0073	0.0294	0.0178	0.0241	0.0228	0.0205	0.0205	0.0366	0.0300	0.0306	0.0378	0.0402	0.0551	0.0523	0.0398	0.0438	0.0406	0.0455	0.0473	0.0602	0.0547	0.0559	0.0487	0.0603	0.0540	0.0545	0.0552	0.0574	0.0512	0.0555	0.0470	0.0621	0.0641	0.0646	0.0603	0.0693	0.0687	0.0527	0.0549	0.0644	0.0719	0.0727	0.0654	0.0638	0.0652	0.0596	0.0462	0.0494	0.0502	0.0531	0.0402	0.0383	0.0473	0.0428	0.0327	0.0354	0.0347	0.0285
