0.0000	0.0000	0.0000	0.0222	0.0048	0.0000	0.0042	0.0177	0.0087	0.0099	0.0134	0.0333	0.0285	0.0431	0.0406	0.0405	0.0328	0.0345	0.0381	0.0512	0.0546	0.0446	0.0464	0.0575	0.0697	0.0613	0.0608	0.0527	0.0731	0.0724	0.0486	0.0527	0.0709	0.0866	0.0950	0.0662	0.0744	0.0776	0.0772	0.0760	0.0859	0.1012	0.0860	0.0879	0.0905	0.0955	0.0885	0.1028	0.0837	0.0896	0.0953	0.0789	0.0751	0.0783	0.0739	0.0690	0.0605	0.0561	0.0628	0.0642	0.0584	0.0611	0.0521	0.0547	0.0516	0.0354	0.0322	0.0356	0.0328
0.0000	0.0000	0.0000	0.0195	0.0166	0.0012	0.0048	0.0173	0.0187	0.0204	0.0261	0.0287	0.0253	0.0341	0.0326	0.0390	0.0313	0.0502	0.0373	0.0408	0.0548	0.0424	0.0531	0.0737	0.0720	0.0552	0.0678	0.0791	0.0815	0.0710	0.0661	0.0815	0.0865	0.0812	0.0877	0.0692	0.0747	0.0913	0.0965	0.0854	0.1113	0.1072	0.1000	0.1020	0.0983	0.1082	0.0949	0.0994	0.0923	0.0895	0.1001	0.0862	0.0837	0.0836	0.0815	0.0867	0.0742	0.0727	0.0724	0.0759	0.0703	0.0588	0.0457	0.0605	0.0455	0.0399	0.0462	0.0382	0.0325
0.0000	0.0000	0.0000	0.0056	0.0090	0.0077	0.0000	0.0000	0.0177	0.0174	0.0353	0.0337	0.0340	0.0360	0.0322	0.0422	0.0306	0.0554	0.0518	0.0386	0.0515	0.0617	0.0545	0.0653	0.0784	0.0826	0.0810	0.0675	0.0655	0.0833	0.0817	0.0825	0.0847	0.0940	0.0825	0.0863	0.0936	0.0966	0.0844	0.0763	0.1163	0.1135	0.0983	0.0960	0.1020	0.0973	0.0992	0.1056	0.0973	0.0962	0.1031	0.0946	0.0896	0.0896	0.0934	0.0882	0.0863	0.0761	0.0886	0.0878	0.1045	0.0774	0.0689	0.0669	0.0593	0.0565	0.0623	0.0468	0.0588
0.0000	0.0000	0.0000	0.0157	0.0027	0.0066	0.0033	0.0039	0.0131	0.0191	0.0276	0.0438	0.0499	0.0427	0.0431	0.0599	0.0489	0.0477	0.0512	0.0575	0.0677	0.0674	0.0515	0.0679	0.0735	0.0893	0.0890	0.0712	0.0987	0.0870	0.0793	0.0838	0.0832	0.0895	0.1007	0.1130	0.1091	0.0961	0.0799	0.0994	0.1176	0.1126	0.1028	0.0992	0.1084	0.0965	0.1104	0.1041	0.0935	0.1037	0.1177	0.1113	0.0973	0.0951	0.1044	0.1013	0.1055	0.0987	0.0948	0.0917	0.1161	0.0981	0.0910	0.0764	0.0651	0.0672	0.0614	0.0543	0.0755
0.0000	0.0050	0.0057	0.0203	0.0047	0.0174	0.0135	0.0172	0.0201	0.0213	0.0335	0.0422	0.0697	0.0508	0.0389	0.0424	0.0618	0.0589	0.0691	0.0674	0.0603	0.0606	0.0852	0.0837	0.0716	0.0814	0.0820	0.0875	0.0992	0.0903	0.0817	0.0804	0.0916	0.0932	0.1109	0.0967	0.0959	0.0951	0.1043	0.0881	0.1061	0.1282	0.1280	0.1096	0.1179	0.1132	0.1128	0.0964	0.0925	0.1013	0.1233	0.1044	0.0957	0.1042	0.1101	0.1093	0.1164	0.1124	0.1076	0.1133	0.1045	0.0906	0.0997	0.1088	0.0867	0.0756	0.0867	0.0791	0.0764
0.0000	0.0000	0.0095	0.0251	0.0127	0.0105	0.0106	0.0265	0.0420	0.0450	0.0514	0.0455	0.0703	0.0499	0.0423	0.0543	0.0571	0.0680	0.0591	0.0724	0.0661	0.0600	0.0939	0.0838	0.0888	0.0787	0.0750	0.0874	0.0876	0.0951	0.0984	0.0816	0.0961	0.1173	0.1076	0.1050	0.1020	0.1066	0.1114	0.1108	0.1116	0.1314	0.1338	0.1266	0.1203	0.1124	0.1198	0.1400	0.1175	0.1274	0.1262	0.1292	0.1254	0.1352	0.1274	0.1387	0.1168	0.1026	0.1125	0.1226	0.1245	0.1241	0.1083	0.1206	0.1056	0.0870	0.0929	0.1086	0.0969
0.0000	0.0000	0.0070	0.0147	0.0053	0.0125	0.0203	0.0239	0.0331	0.0464	0.0422	0.0507	0.0549	0.0408	0.0507	0.0758	0.0761	0.0793	0.0667	0.0777	0.0788	0.0784	0.0682	0.0698	0.0897	0.1128	0.1011	0.0895	0.0948	0.0916	0.1011	0.1046	0.1170	0.1301	0.0949	0.1047	0.1104	0.1125	0.1120	0.1310	0.1297	0.1370	0.1488	0.1386	0.1420	0.1344	0.1473	0.1536	0.1489	0.1480	0.1543	0.1675	0.1550	0.1571	0.1368	0.1643	0.1447	0.1333	0.1316	0.1338	0.1457	0.1275	0.1368	0.1447	0.1267	0.1095	0.1029	0.1256	0.1199
0.0008	0.0145	0.0185	0.0131	0.0094	0.0157	0.0354	0.0454	0.0465	0.0378	0.0491	0.0542	0.0562	0.0447	0.0514	0.0665	0.0779	0.0857	0.0764	0.0840	0.0899	0.1019	0.0928	0.0787	0.0869	0.1076	0.0995	0.0884	0.1218	0.1108	0.1050	0.1055	0.1211	0.1065	0.1046	0.1092	0.1278	0.1283	0.1295	0.1298	0.1578	0.1609	0.1696	0.1597	0.1514	0.1682	0.1699	0.1707	0.1777	0.1601	0.1799	0.1727	0.1539	0.1545	0.1603	0.1744	0.1628	0.1555	0.1642	0.1618	0.1794	0.1536	0.1544	0.1535	0.1512	0.1397	0.1503	0.1489	0.1427
0.0000	0.0083	0.0212	0.0207	0.0206	0.0222	0.0468	0.0438	0.0508	0.0519	0.0568	0.0592	0.0587	0.0593	0.0624	0.0937	0.0775	0.0755	0.0709	0.1055	0.1135	0.0933	0.0857	0.0924	0.1084	0.1066	0.1018	0.0998	0.1236	0.1131	0.1210	0.1030	0.1188	0.1173	0.1314	0.1329	0.1386	0.1422	0.1414	0.1394	0.1633	0.1759	0.1902	0.1794	0.1953	0.2126	0.1917	0.1865	0.1941	0.1982	0.2117	0.2069	0.1961	0.2144	0.1837	0.1989	0.2234	0.2143	0.2616	0.2166	0.1911	0.1898	0.1818	0.1820	0.1716	0.1740	0.1831	0.1812	0.1872
0.0065	0.0159	0.0259	0.0284	0.0340	0.0336	0.0371	0.0498	0.0467	0.0634	0.0616	0.0639	0.0637	0.0697	0.0782	0.0882	0.0850	0.0861	0.0834	0.1065	0.0978	0.0824	0.0831	0.1043	0.1305	0.1215	0.1118	0.1219	0.1144	0.1232	0.1194	0.1238	0.1318	0.1338	0.1416	0.1350	0.1411	0.1530	0.1526	0.1715	0.1868	0.1965	0.2102	0.2411	0.2200	0.2171	0.2141	0.2312	0.2387	0.2347	0.2550	0.2349	0.2463	0.2350	0.2431	0.3008	0.4280	0.4360	0.4244	0.3362	0.2875	0.2757	0.2572	0.2386	0.2064	0.1973	0.2031	0.2184	0.2546
0.0156	0.0193	0.0245	0.0189	0.0425	0.0448	0.0337	0.0613	0.0485	0.0636	0.0505	0.0538	0.0698	0.0866	0.0771	0.1018	0.0989	0.1070	0.0997	0.1221	0.1302	0.1070	0.1190	0.1034	0.1358	0.1374	0.1224	0.1247	0.1212	0.1316	0.1359	0.1395	0.1535	0.1509	0.1687	0.1532	0.1648	0.1787	0.1777	0.2037	0.3207	0.4309	0.4946	0.5156	0.4299	0.3647	0.3794	0.3701	0.3458	0.4404	0.3865	0.3376	0.3098	0.2961	0.3126	0.4462	0.5958	0.5508	0.5292	0.4828	0.4235	0.3845	0.3803	0.3499	0.2642	0.2528	0.2441	0.2611	0.3025
0.0060	0.0168	0.0311	0.0268	0.0379	0.0455	0.0424	0.0705	0.0631	0.0640	0.0745	0.0799	0.0716	0.0900	0.0857	0.1031	0.1029	0.1103	0.1265	0.1270	0.1356	0.1274	0.1288	0.1222	0.1372	0.1456	0.1399	0.1419	0.1311	0.1687	0.1553	0.1639	0.1878	0.1746	0.1922	0.1715	0.1920	0.2407	0.2698	0.3919	0.6637	0.7675	0.8188	0.8204	0.7440	0.6864	0.6619	0.6195	0.5992	0.7009	0.5904	0.4031	0.3414	0.3402	0.3623	0.4848	0.6530	0.5903	0.5421	0.5143	0.4698	0.4217	0.3931	0.4566	0.3862	0.3522	0.3054	0.2627	0.2809
0.0280	0.0358	0.0205	0.0446	0.0600	0.0492	0.0618	0.0820	0.0795	0.0840	0.1073	0.0977	0.0873	0.0866	0.0867	0.0963	0.1099	0.1453	0.1275	0.1341	0.1342	0.1260	0.1303	0.1463	0.1514	0.1675	0.1507	0.1560	0.1755	0.1740	0.1830	0.1990	0.2277	0.2372	0.2600	0.2568	0.2888	0.3262	0.4045	0.6944	0.9011	0.8221	0.8737	0.8351	0.7879	0.7798	0.7881	0.7865	0.7447	0.7145	0.6951	0.4848	0.3854	0.3857	0.4230	0.5253	0.5981	0.5901	0.5886	0.5076	0.4703	0.4807	0.4693	0.5248	0.4991	0.4206	0.3806	0.3156	0.3409
0.0197	0.0274	0.0405	0.0520	0.0587	0.0637	0.0727	0.0768	0.0742	0.0754	0.1168	0.1120	0.1003	0.0985	0.1053	0.1179	0.1195	0.1590	0.1622	0.1539	0.1562	0.1537	0.1782	0.1707	0.1774	0.1941	0.1831	0.2044	0.2208	0.2227	0.2462	0.2571	0.2724	0.2992	0.3121	0.3133	0.3597	0.4087	0.5304	0.8736	0.9669	0.8702	0.8819	0.7805	0.7889	0.8004	0.7434	0.7307	0.7356	0.7153	0.7321	0.6786	0.5512	0.5092	0.5854	0.6542	0.5994	0.6043	0.5862	0.5435	0.4677	0.4580	0.4747	0.5337	0.4758	0.4088	0.4120	0.3570	0.3539
0.0111	0.0300	0.0556	0.0603	0.0657	0.0823	0.0768	0.1027	0.1060	0.0871	0.1033	0.1280	0.1341	0.1248	0.1309	0.1445	0.1623	0.1727	0.1877	0.1908	0.2011	0.2026	0.2090	0.2098	0.2437	0.2413	0.2401	0.2490	0.2695	0.3134	0.3596	0.4221	0.3837	0.3449	0.3815	0.3863	0.4059	0.4640	0.6218	0.8706	0.9116	0.8805	0.8440	0.7847	0.7976	0.8311	0.7532	0.7631	0.7677	0.7166	0.7433	0.7227	0.6910	0.6152	0.6620	0.6724	0.6616	0.6184	0.5499	0.5397	0.4840	0.4371	0.4669	0.5200	0.4891	0.4224	0.3999	0.3473	0.3586
0.0226	0.0189	0.0363	0.0617	0.0882	0.0874	0.0832	0.1105	0.1360	0.1550	0.1672	0.1681	0.1628	0.1760	0.1889	0.1983	0.2378	0.2196	0.2354	0.2516	0.2632	0.2641	0.2500	0.2699	0.2847	0.2755	0.3008	0.3300	0.3696	0.3871	0.6251	0.8385	0.6000	0.4364	0.5582	0.5075	0.4946	0.5196	0.7319	0.8702	0.9065	0.8399	0.8606	0.8490	0.7645	0.8567	0.7889	0.7701	0.7475	0.7327	0.7158	0.7124	0.6862	0.6269	0.6274	0.6537	0.6211	0.6074	0.5823	0.5735	0.4922	0.4212	0.4655	0.5092	0.4394	0.4057	0.3905	0.4068	0.3506
0.0518	0.0501	0.0718	0.1199	0.1206	0.1320	0.1669	0.1789	0.1923	0.2692	0.3180	0.3302	0.3932	0.3597	0.3325	0.3352	0.3246	0.3223	0.3061	0.3527	0.3633	0.3590	0.3570	0.3574	0.3751	0.4003	0.4393	0.5250	0.5689	0.6120	0.7968	0.9843	0.7996	0.5309	0.7019	0.5845	0.5320	0.5969	0.8263	0.8719	0.8262	0.7663	0.8352	0.8048	0.7692	0.7430	0.7593	0.7805	0.7199	0.6975	0.7258	0.7468	0.6701	0.6510	0.6431	0.6158	0.5804	0.5769	0.5154	0.4926	0.4604	0.4568	0.4366	0.4576	0.4302	0.3640	0.3713	0.3705	0.3321
0.0793	0.1076	0.1397	0.1851	0.2564	0.3276	0.4264	0.5202	0.5432	0.5623	0.6890	0.6664	0.6695	0.6288	0.6543	0.6531	0.5918	0.5365	0.5390	0.5209	0.5550	0.6149	0.5561	0.5477	0.5889	0.6279	0.7121	0.7949	0.7479	0.8374	0.8718	0.9620	0.9073	0.7673	0.8788	0.6955	0.6509	0.6789	0.8053	0.8164	0.7086	0.7300	0.7641	0.7363	0.7123	0.6590	0.7161	0.6835	0.7321	0.7296	0.6840	0.6694	0.6500	0.6281	0.5977	0.5646	0.5486	0.5430	0.5280	0.4859	0.4537	0.4760	0.4221	0.4361	0.4006	0.3509	0.3325	0.3318	0.3254
0.1185	0.2051	0.3049	0.4183	0.5311	0.6315	0.6899	0.7163	0.7436	0.6835	0.6858	0.7036	0.7073	0.6540	0.7235	0.7961	0.8415	0.8343	0.7890	0.7516	0.7776	0.8677	0.7976	0.7423	0.7463	0.7351	0.8530	0.7874	0.8026	0.8863	0.8522	0.8655	0.9593	1.0000	0.9660	0.8799	0.8439	0.8249	0.7538	0.7560	0.7072	0.6590	0.7338	0.7136	0.6719	0.6794	0.6265	0.6231	0.6530	0.7166	0.7191	0.6656	0.6162	0.6264	0.5936	0.5817	0.5163	0.4991	0.4854	0.5038	0.4801	0.4139	0.4029	0.3950	0.3971	0.3380	0.3525	0.3305	0.3247
0.2234	0.3337	0.4054	0.4629	0.5170	0.5254	0.5310	0.4910	0.5284	0.5548	0.5353	0.5176	0.6155	0.6172	0.6539	0.7019	0.7686	0.8903	0.8660	0.8408	0.8181	0.8532	0.8120	0.7786	0.7210	0.6655	0.7419	0.7421	0.7640	0.7990	0.7675	0.8162	0.8718	0.9012	0.9002	0.8679	0.8034	0.7119	0.6601	0.6519	0.6577	0.6651	0.6559	0.6161	0.6563	0.6433	0.5721	0.6065	0.6506	0.6317	0.6443	0.6100	0.5879	0.6137	0.5708	0.5794	0.5209	0.4868	0.4916	0.4502	0.4374	0.4153	0.4187	0.4220	0.3898	0.3684	0.3473	0.3266	0.3186
0.2181	0.2907	0.3097	0.3087	0.3340	0.3467	0.3605	0.3384	0.4038	0.4333	0.4628	0.5308	0.6252	0.6069	0.5627	0.6508	0.6893	0.7779	0.7805	0.7542	0.7915	0.7582	0.7268	0.6957	0.6610	0.6706	0.6322	0.6922	0.7293	0.6940	0.7687	0.7745	0.7927	0.8685	0.8490	0.7865	0.7267	0.6710	0.6399	0.6111	0.6265	0.6505	0.6510	0.6519	0.5894	0.5795	0.5930	0.5711	0.5542	0.5856	0.6149	0.6071	0.5489	0.5827	0.5706	0.5421	0.5032	0.4798	0.4970	0.4500	0.4377	0.4392	0.4283	0.3975	0.3609	0.3659	0.3362	0.3264	0.2918
0.2074	0.2418	0.2560	0.2679	0.2780	0.2881	0.3433	0.3681	0.3885	0.4266	0.4585	0.5015	0.5466	0.6115	0.6065	0.6331	0.7193	0.7719	0.7559	0.7423	0.7690	0.7665	0.7634	0.6659	0.6508	0.6432	0.6173	0.6484	0.6867	0.7013	0.7104	0.6857	0.7380	0.7938	0.7854	0.6721	0.6480	0.6209	0.6148	0.6419	0.6652	0.6230	0.6466	0.6624	0.6152	0.5790	0.5456	0.5431	0.5465	0.5639	0.6172	0.5948	0.5276	0.5556	0.5412	0.5425	0.5073	0.5105	0.5187	0.4577	0.4509	0.4300	0.4071	0.4009	0.3697	0.3543	0.3363	0.3357	0.2987
0.2014	0.2505	0.3002	0.2821	0.2665	0.2945	0.3587	0.3806	0.3852	0.3913	0.4480	0.4842	0.5567	0.5982	0.6270	0.6706	0.7357	0.7496	0.6861	0.7007	0.7415	0.7476	0.6957	0.6790	0.6421	0.6181	0.6421	0.6765	0.6655	0.6916	0.6907	0.6853	0.7057	0.7257	0.6697	0.6478	0.6464	0.6669	0.6447	0.6096	0.5977	0.6078	0.6148	0.5862	0.6072	0.5823	0.5382	0.5693	0.5648	0.5671	0.6091	0.5943	0.5674	0.5357	0.5163	0.5751	0.5365	0.4846	0.4516	0.4727	0.4407	0.4115	0.4268	0.3982	0.3597	0.3712	0.3488	0.3146	0.3131
0.2179	0.2577	0.2760	0.3042	0.3001	0.3416	0.3799	0.3641	0.3505	0.3711	0.4167	0.4516	0.5286	0.5803	0.6040	0.6458	0.6661	0.7310	0.7461	0.7266	0.7554	0.7186	0.6603	0.6114	0.6511	0.6106	0.6196	0.6571	0.6350	0.6610	0.6727	0.6682	0.6625	0.6912	0.6392	0.6055	0.6185	0.6080	0.5845	0.5927	0.5803	0.5735	0.6002	0.5719	0.5683	0.5914	0.5902	0.5807	0.5531	0.5759	0.5410	0.5338	0.5471	0.5268	0.4921	0.5130	0.5256	0.5060	0.4796	0.4720	0.4405	0.4284	0.4201	0.3906	0.3666	0.3467	0.3188	0.3280	0.3104
0.2117	0.2835	0.2838	0.2764	0.3077	0.3510	0.3770	0.3942	0.3911	0.4023	0.3922	0.4325	0.4573	0.5144	0.5675	0.5745	0.6223	0.6617	0.6579	0.6401	0.6357	0.6031	0.6613	0.6228	0.6042	0.5632	0.5614	0.6120	0.6253	0.6083	0.6130	0.6540	0.6396	0.6550	0.6432	0.6187	0.6248	0.6019	0.5995	0.5983	0.5851	0.5758	0.6048	0.5563	0.5765	0.5734	0.5845	0.5842	0.5693	0.5621	0.5446	0.5250	0.5289	0.5253	0.4921	0.4877	0.4731	0.4863	0.4778	0.4948	0.4966	0.4563	0.4251	0.4055	0.3729	0.3544	0.3173	0.3216	0.2949
0.2269	0.2638	0.3080	0.2934	0.3135	0.3335	0.3701	0.4053	0.4245	0.4107	0.4063	0.4437	0.4922	0.4910	0.5183	0.5434	0.6009	0.6598	0.6059	0.6148	0.6271	0.5755	0.5885	0.5546	0.5717	0.5621	0.5820	0.5769	0.6068	0.5999	0.6264	0.6056	0.6106	0.6496	0.6377	0.6064	0.6176	0.6066	0.6066	0.6029	0.5960	0.5918	0.5708	0.5883	0.5786	0.5813	0.6105	0.5743	0.5698	0.5832	0.5706	0.5487	0.5301	0.5328	0.5070	0.5228	0.4940	0.5058	0.4953	0.4722	0.4596	0.4176	0.4167	0.4002	0.3848	0.3497	0.3221	0.3146	0.2775
0.2657	0.2772	0.3270	0.3405	0.3285	0.3419	0.3648	0.3886	0.3889	0.3984	0.4403	0.4382	0.5109	0.4871	0.5180	0.5559	0.5715	0.5408	0.5856	0.5519	0.6219	0.5778	0.5556	0.5650	0.5340	0.5279	0.5686	0.5722	0.5529	0.5674	0.6215	0.5851	0.6187	0.6355	0.6086	0.5847	0.5822	0.5831	0.6082	0.6050	0.6093	0.5663	0.5706	0.5563	0.5733	0.5586	0.5502	0.5409	0.5557	0.5691	0.5689	0.5363	0.5292	0.5139	0.5289	0.5203	0.4780	0.4816	0.5073	0.4940	0.4578	0.4244	0.4203	0.3907	0.3885	0.3448	0.3215	0.3207	0.2907
0.2459	0.2853	0.2965	0.3256	0.3288	0.3344	0.3681	0.3749	0.3667	0.4060	0.4376	0.4518	0.4613	0.4951	0.5175	0.5394	0.5544	0.5429	0.5507	0.5956	0.5953	0.5730	0.5322	0.5398	0.5335	0.5424	0.5527	0.5609	0.5728	0.5601	0.5846	0.5927	0.5645	0.5896	0.5698	0.5856	0.5831	0.5824	0.5699	0.5875	0.6031	0.6121	0.5874	0.5444	0.5660	0.5462	0.5427	0.5431	0.5478	0.5486	0.5896	0.5603	0.5746	0.5573	0.5320	0.5164	0.5027	0.4686	0.4662	0.4875	0.4571	0.4593	0.4275	0.3913	0.3788	0.3691	0.3377	0.3301	0.3016
0.2461	0.3007	0.2704	0.3064	0.3611	0.3408	0.3735	0.3850	0.3994	0.4150	0.4263	0.4770	0.4564	0.4699	0.4844	0.5361	0.5175	0.5457	0.5837	0.5909	0.5756	0.5620	0.5432	0.5551	0.5354	0.5185	0.5651	0.5834	0.6183	0.5720	0.5968	0.5881	0.6030	0.5964	0.5622	0.6043	0.6035	0.5977	0.5772	0.5891	0.5824	0.5776	0.5904	0.5642	0.5474	0.5361	0.5864	0.5508	0.5842	0.5760	0.5583	0.5456	0.5578	0.5554	0.5241	0.5050	0.4930	0.4854	0.4980	0.4502	0.4384	0.4292	0.4080	0.4209	0.3995	0.3723	0.3445	0.3239	0.2863
0.2442	0.2692	0.3120	0.3432	0.3456	0.3316	0.3562	0.3647	0.4041	0.4131	0.4401	0.4604	0.4910	0.4882	0.4731	0.5192	0.5526	0.5553	0.5518	0.5677	0.5717	0.5678	0.5598	0.5730	0.5063	0.5192	0.5514	0.5863	0.5810	0.5979	0.5910	0.6093	0.6441	0.6042	0.5985	0.6014	0.6175	0.6544	0.6021	0.5688	0.5969	0.5764	0.5682	0.5768	0.5815	0.5388	0.5888	0.5595	0.5504	0.5764	0.5791	0.5659	0.5678	0.5208	0.5236	0.5156	0.4924	0.4951	0.4605	0.4545	0.4532	0.4400	0.4329	0.4104	0.3870	0.3546	0.3403	0.3309	0.2991
0.2547	0.2859	0.2924	0.3289	0.3254	0.3171	0.3595	0.3617	0.3932	0.4235	0.4126	0.4707	0.4703	0.4769	0.4854	0.4915	0.5510	0.5703	0.5535	0.5650	0.5877	0.5783	0.5468	0.5471	0.5382	0.5228	0.5139	0.5729	0.5812	0.5761	0.5895	0.6216	0.6403	0.6445	0.6402	0.6222	0.6440	0.6134	0.5578	0.5828	0.5787	0.6114	0.5825	0.5839	0.5763	0.5499	0.5507	0.5491	0.5830	0.5938	0.5711	0.5931	0.6000	0.5429	0.4968	0.4943	0.5040	0.5055	0.4532	0.4678	0.4328	0.4250	0.4002	0.4021	0.3803	0.3570	0.3417	0.3128	0.3202
0.2626	0.2858	0.3077	0.3203	0.3438	0.3331	0.3634	0.3620	0.4050	0.4365	0.4095	0.4134	0.4484	0.4824	0.4929	0.5446	0.5870	0.5872	0.5987	0.5924	0.6067	0.5995	0.5548	0.5524	0.5972	0.5577	0.5185	0.5579	0.6091	0.6039	0.6362	0.6742	0.6630	0.6356	0.6533	0.6500	0.6417	0.6316	0.6173	0.5910	0.5749	0.6012	0.6027	0.5571	0.5794	0.5560	0.5595	0.6005	0.5775	0.5847	0.5866	0.5424	0.5530	0.5628	0.5136	0.5051	0.4992	0.4881	0.4425	0.4252	0.4440	0.4023	0.4136	0.4146	0.3684	0.3509	0.3336	0.3395	0.3531
0.2746	0.2740	0.2934	0.3125	0.3267	0.3403	0.3729	0.3764	0.3941	0.3965	0.4035	0.4386	0.4639	0.4790	0.5303	0.5848	0.6321	0.6513	0.6619	0.6812	0.6636	0.6348	0.5977	0.5907	0.6070	0.5648	0.5495	0.5643	0.6178	0.6099	0.6217	0.6721	0.6520	0.6691	0.6818	0.6967	0.6892	0.6540	0.6558	0.6173	0.6127	0.6264	0.5999	0.5818	0.5551	0.5270	0.5556	0.5912	0.5761	0.5699	0.5791	0.5448	0.5801	0.5558	0.5341	0.5101	0.5259	0.4943	0.4728	0.4330	0.4311	0.4229	0.4195	0.3877	0.3784	0.3547	0.3574	0.3416	0.3416
0.2385	0.2569	0.2896	0.3174	0.3341	0.3389	0.3512	0.3955	0.4170	0.3955	0.4304	0.4510	0.4925	0.5262	0.5367	0.6233	0.6340	0.6789	0.6829	0.7200	0.7238	0.6322	0.6278	0.5964	0.6064	0.5873	0.5314	0.5997	0.5898	0.5682	0.6289	0.6201	0.6171	0.6809	0.6863	0.6866	0.6696	0.6742	0.7028	0.6462	0.6190	0.6038	0.5980	0.5813	0.5506	0.5524	0.5640	0.5675	0.5750	0.6011	0.5613	0.5319	0.5676	0.5434	0.5432	0.5525	0.5486	0.5184	0.4963	0.4801	0.4719	0.4594	0.4394	0.4114	0.3884	0.3877	0.3805	0.3598	0.3562
0.2256	0.2736	0.2680	0.2673	0.3236	0.3207	0.3351	0.4172	0.4098	0.3993	0.4112	0.4338	0.5020	0.5496	0.5547	0.6119	0.6598	0.6611	0.6689	0.7071	0.6994	0.6914	0.6325	0.6437	0.6375	0.5968	0.5976	0.6005	0.5716	0.5802	0.5894	0.5986	0.6128	0.6309	0.6577	0.6563	0.6476	0.6757	0.7130	0.6667	0.6537	0.6171	0.6209	0.5856	0.5665	0.5715	0.5523	0.5707	0.5655	0.6303	0.6023	0.5679	0.5796	0.5840	0.5453	0.5420	0.5645	0.5459	0.5227	0.5222	0.4836	0.4462	0.4659	0.4391	0.4200	0.3900	0.3776	0.3811	0.3581
0.2393	0.2713	0.2740	0.2707	0.3089	0.3317	0.3843	0.4191	0.4218	0.4601	0.4421	0.4818	0.5057	0.5745	0.5709	0.5914	0.6313	0.6475	0.6482	0.7055	0.7017	0.7165	0.6826	0.6661	0.6909	0.6387	0.5973	0.6087	0.6050	0.6096	0.6125	0.6233	0.6422	0.6894	0.6958	0.6863	0.6669	0.6545	0.6499	0.6438	0.6572	0.6152	0.6530	0.5962	0.5649	0.5874	0.6110	0.5946	0.6156	0.6439	0.6318	0.6140	0.5968	0.5611	0.5641	0.5727	0.5443	0.5530	0.5428	0.5076	0.5078	0.4678	0.4849	0.4656	0.4491	0.4153	0.3976	0.3656	0.3744
0.2674	0.2696	0.2913	0.3255	0.3242	0.3599	0.4166	0.4024	0.4355	0.4852	0.4434	0.5177	0.5590	0.6059	0.6130	0.6153	0.6386	0.6754	0.7227	0.6926	0.7394	0.7493	0.7189	0.7562	0.6762	0.6409	0.6449	0.6646	0.6475	0.6920	0.6539	0.7021	0.7284	0.7495	0.7013	0.7273	0.7429	0.7143	0.6662	0.6359	0.6683	0.6399	0.6243	0.6449	0.6101	0.5882	0.6020	0.6013	0.6350	0.6503	0.6188	0.6151	0.6570	0.5954	0.5490	0.5786	0.5643	0.5921	0.5649	0.5046	0.4754	0.4702	0.4839	0.4737	0.4366	0.4131	0.3943	0.3801	0.3810
0.2641	0.3346	0.3428	0.3365	0.3448	0.3996	0.4417	0.4373	0.4577	0.4617	0.5039	0.5178	0.5462	0.5637	0.6289	0.6538	0.6845	0.7498	0.7489	0.7609	0.7674	0.8427	0.7859	0.7648	0.7516	0.7224	0.7047	0.6984	0.7035	0.6714	0.7560	0.7461	0.7450	0.7897	0.8291	0.7811	0.7784	0.8092	0.7505	0.7125	0.7103	0.6465	0.6544	0.6556	0.6575	0.6424	0.6484	0.6715	0.6767	0.6707	0.6977	0.6749	0.6636	0.6691	0.6063	0.6215	0.6105	0.6087	0.5571	0.5217	0.5070	0.4890	0.4817	0.4743	0.4553	0.4112	0.4371	0.4009	0.3680
0.3088	0.4085	0.4645	0.4941	0.4870	0.5166	0.5214	0.5261	0.5252	0.5661	0.5717	0.5971	0.6046	0.6111	0.6765	0.7013	0.7727	0.7806	0.8079	0.8282	0.8246	0.8813	0.8641	0.7780	0.8350	0.7767	0.7885	0.7472	0.7735	0.7530	0.8238	0.8174	0.8354	0.8674	0.9241	0.8753	0.8851	0.8626	0.8073	0.7931	0.7518	0.7342	0.7192	0.7252	0.7002	0.6883	0.6674	0.6673	0.6976	0.7154	0.6995	0.6919	0.7199	0.6628	0.6030	0.6004	0.5997	0.6036	0.5543	0.5532	0.5513	0.5364	0.5315	0.5109	0.4675	0.4445	0.4189	0.3871	0.4052
0.2122	0.3528	0.4810	0.6375	0.6598	0.7309	0.7566	0.7411	0.7283	0.7399	0.6819	0.7303	0.7173	0.7291	0.7709	0.8190	0.8604	0.8804	0.9116	0.9469	0.9643	0.9613	0.9127	0.9070	0.8796	0.8310	0.8414	0.8403	0.8432	0.8715	0.8976	0.8694	0.8396	0.7394	0.6322	0.7024	0.8720	0.7228	0.5447	0.6928	0.8064	0.8173	0.8000	0.7920	0.7660	0.7166	0.7147	0.7127	0.7335	0.7469	0.7253	0.7144	0.7087	0.6886	0.6335	0.6128	0.6184	0.6040	0.5985	0.5933	0.5691	0.5514	0.5333	0.5155	0.4692	0.4411	0.4147	0.4019	0.4108
0.0861	0.1557	0.2474	0.3525	0.4281	0.5725	0.6748	0.6822	0.7107	0.7568	0.8488	0.7938	0.7676	0.8338	0.8611	0.8912	0.9151	0.9018	0.9229	0.9321	0.8922	0.8229	0.7926	0.8190	0.8715	0.7633	0.8281	0.9028	0.9332	0.8619	0.7084	0.6350	0.6049	0.4296	0.3738	0.4304	0.5133	0.4537	0.4019	0.4990	0.8138	0.8621	0.8807	0.8356	0.7780	0.7649	0.7533	0.7288	0.7447	0.7290	0.7351	0.7596	0.7073	0.7023	0.6628	0.6468	0.6458	0.6132	0.5915	0.6040	0.5845	0.5705	0.5380	0.5331	0.4716	0.4664	0.4315	0.4402	0.3887
0.0437	0.0495	0.0977	0.1291	0.1511	0.1741	0.2051	0.2520	0.2941	0.3439	0.4711	0.5278	0.5878	0.5942	0.6083	0.5454	0.5051	0.5122	0.4551	0.4046	0.3837	0.3317	0.3403	0.3725	0.4623	0.4113	0.5983	0.7123	0.6193	0.4891	0.3293	0.3023	0.3166	0.3067	0.3033	0.3325	0.3304	0.3542	0.3769	0.4090	0.6254	0.8425	0.8235	0.8173	0.8103	0.7779	0.8062	0.7993	0.7715	0.7611	0.7952	0.7699	0.7421	0.7022	0.6705	0.6752	0.6752	0.6178	0.5910	0.6093	0.5908	0.5683	0.5608	0.5546	0.5231	0.4833	0.4651	0.4216	0.3873
0.0184	0.0373	0.0632	0.0771	0.0789	0.0815	0.0960	0.1145	0.1201	0.1246	0.1430	0.1697	0.2260	0.2330	0.2169	0.2053	0.1992	0.2147	0.2163	0.1881	0.1948	0.2099	0.2203	0.2304	0.2342	0.2355	0.2775	0.2981	0.2622	0.2513	0.2388	0.2356	0.2510	0.2731	0.2560	0.2549	0.2776	0.3048	0.3165	0.3416	0.4477	0.5716	0.5539	0.7281	0.8947	0.8194	0.8289	0.8382	0.8014	0.8246	0.7941	0.7943	0.7508	0.7287	0.7032	0.7247	0.7318	0.7059	0.6844	0.6557	0.6357	0.5878	0.5699	0.5566	0.4850	0.4834	0.4872	0.4604	0.4191
0.0260	0.0297	0.0406	0.0349	0.0483	0.0663	0.0725	0.0976	0.0896	0.0931	0.0841	0.0979	0.1138	0.1231	0.1267	0.1296	0.1400	0.1360	0.1337	0.1498	0.1522	0.1507	0.1641	0.1915	0.1846	0.1647	0.1740	0.1878	0.1942	0.2138	0.2125	0.2166	0.2197	0.2233	0.2185	0.2198	0.2508	0.2606	0.2755	0.3027	0.3324	0.3851	0.4288	0.6639	0.8681	0.8647	0.8589	0.8383	0.8528	0.8231	0.7574	0.8474	0.7389	0.7405	0.7650	0.8051	0.8008	0.7683	0.7112	0.6902	0.6526	0.5991	0.6182	0.5579	0.5003	0.5265	0.4839	0.4692	0.4441
0.0310	0.0211	0.0495	0.0393	0.0365	0.0590	0.0805	0.0810	0.0646	0.0856	0.0826	0.0767	0.0901	0.0973	0.0938	0.0955	0.1156	0.1042	0.0976	0.1155	0.1162	0.1174	0.1246	0.1380	0.1372	0.1243	0.1378	0.1463	0.1617	0.1690	0.1754	0.1856	0.1814	0.1868	0.1909	0.1880	0.1958	0.2147	0.2208	0.2438	0.2573	0.3020	0.3428	0.4590	0.5669	0.5994	0.6890	0.8106	0.7910	0.6749	0.7285	0.8418	0.8044	0.8088	0.7929	0.7930	0.7281	0.6772	0.7131	0.7234	0.6726	0.6152	0.6167	0.5735	0.5229	0.5189	0.5094	0.5171	0.4817
0.0128	0.0222	0.0295	0.0248	0.0420	0.0626	0.0572	0.0763	0.0644	0.0791	0.0792	0.0737	0.0767	0.0790	0.0701	0.0832	0.0953	0.0932	0.0946	0.0975	0.1076	0.1061	0.1070	0.1027	0.1044	0.1026	0.0987	0.1096	0.1223	0.1216	0.1232	0.1245	0.1313	0.1372	0.1435	0.1555	0.1541	0.1613	0.1609	0.1695	0.1800	0.2072	0.2295	0.2702	0.2802	0.3158	0.3575	0.4937	0.4919	0.4590	0.7248	0.8173	0.8148	0.7528	0.6329	0.5869	0.4879	0.4425	0.6619	0.7722	0.7080	0.6813	0.5709	0.4888	0.5233	0.5323	0.4962	0.4736	0.4644
0.0069	0.0186	0.0105	0.0210	0.0320	0.0397	0.0431	0.0638	0.0635	0.0524	0.0594	0.0704	0.0753	0.0735	0.0649	0.0715	0.0921	0.0837	0.0911	0.0870	0.0747	0.0834	0.0938	0.0966	0.0826	0.0944	0.0940	0.0980	0.1031	0.0947	0.1042	0.1057	0.1061	0.0953	0.1063	0.1122	0.1193	0.1206	0.1129	0.1121	0.1374	0.1428	0.1625	0.1896	0.2022	0.2138	0.2260	0.2644	0.2874	0.3382	0.6702	0.7899	0.6997	0.5271	0.3063	0.2986	0.3086	0.3456	0.5095	0.6457	0.6282	0.5796	0.3838	0.3556	0.4629	0.5283	0.5333	0.5129	0.4726
0.0000	0.0190	0.0187	0.0212	0.0209	0.0321	0.0392	0.0330	0.0499	0.0482	0.0475	0.0638	0.0727	0.0709	0.0621	0.0598	0.0646	0.0765	0.0707	0.0808	0.0698	0.0772	0.0744	0.0765	0.0796	0.0856	0.0844	0.0911	0.0942	0.0856	0.0773	0.0858	0.0929	0.0899	0.0930	0.0898	0.0962	0.1021	0.0903	0.0906	0.1026	0.1046	0.1143	0.1343	0.1380	0.1563	0.1626	0.1782	0.2022	0.2182	0.3352	0.4323	0.3659	0.2517	0.2116	0.2260	0.2489	0.2635	0.3071	0.5103	0.6260	0.5186	0.3073	0.4012	0.4503	0.4762	0.5201	0.5110	0.3690
0.0046	0.0252	0.0302	0.0267	0.0168	0.0294	0.0320	0.0401	0.0350	0.0441	0.0481	0.0610	0.0753	0.0715	0.0558	0.0608	0.0634	0.0622	0.0576	0.0740	0.0702	0.0649	0.0730	0.0729	0.0728	0.0777	0.0640	0.0758	0.0796	0.0835	0.0720	0.0732	0.0762	0.0768	0.0742	0.0718	0.0811	0.0821	0.0782	0.0801	0.0836	0.0937	0.0947	0.0965	0.1099	0.1084	0.1117	0.1263	0.1417	0.1431	0.1352	0.1678	0.1425	0.1450	0.1593	0.1703	0.1918	0.2217	0.2476	0.5095	0.6023	0.4361	0.2449	0.3213	0.3176	0.4397	0.4837	0.3720	0.2578
0.0000	0.0058	0.0316	0.0195	0.0151	0.0285	0.0255	0.0387	0.0486	0.0427	0.0369	0.0434	0.0549	0.0592	0.0536	0.0502	0.0565	0.0599	0.0604	0.0622	0.0613	0.0699	0.0672	0.0705	0.0613	0.0623	0.0693	0.0671	0.0656	0.0752	0.0694	0.0650	0.0670	0.0674	0.0765	0.0685	0.0656	0.0665	0.0741	0.0764	0.0732	0.0817	0.0950	0.0787	0.0856	0.0877	0.0913	0.0955	0.1054	0.1151	0.1083	0.1200	0.1168	0.1025	0.1091	0.1240	0.1309	0.1330	0.1625	0.3071	0.3667	0.2301	0.1473	0.1656	0.1674	0.2071	0.2708	0.1931	0.1372
0.0000	0.0000	0.0147	0.0057	0.0131	0.0262	0.0274	0.0258	0.0305	0.0330	0.0246	0.0326	0.0369	0.0404	0.0476	0.0574	0.0565	0.0575	0.0507	0.0540	0.0622	0.0614	0.0578	0.0615	0.0693	0.0678	0.0575	0.0618	0.0628	0.0563	0.0504	0.0548	0.0644	0.0620	0.0673	0.0629	0.0630	0.0669	0.0643	0.0666	0.0679	0.0715	0.0799	0.0699	0.0764	0.0851	0.0786	0.0815	0.0818	0.0921	0.0958	0.0976	0.0947	0.0872	0.0978	0.1037	0.1041	0.1066	0.1174	0.1276	0.1283	0.1154	0.1079	0.1087	0.1098	0.1062	0.1130	0.1021	0.0943
0.0000	0.0000	0.0079	0.0158	0.0189	0.0111	0.0143	0.0264	0.0295	0.0257	0.0336	0.0299	0.0264	0.0441	0.0565	0.0525	0.0501	0.0459	0.0476	0.0476	0.0520	0.0487	0.0534	0.0490	0.0524	0.0573	0.0566	0.0591	0.0599	0.0492	0.0471	0.0590	0.0534	0.0553	0.0558	0.0633	0.0679	0.0588	0.0576	0.0618	0.0655	0.0649	0.0739	0.0686	0.0672	0.0729	0.0644	0.0696	0.0658	0.0693	0.0825	0.0920	0.0739	0.0872	0.0886	0.0768	0.0922	0.1042	0.1048	0.0955	0.0931	0.0913	0.0923	0.0914	0.0940	0.0890	0.0857	0.0911	0.0880
0.0000	0.0000	0.0041	0.0071	0.0133	0.0115	0.0062	0.0218	0.0163	0.0273	0.0367	0.0286	0.0200	0.0245	0.0353	0.0531	0.0417	0.0334	0.0389	0.0413	0.0458	0.0516	0.0480	0.0453	0.0507	0.0455	0.0503	0.0462	0.0460	0.0578	0.0562	0.0501	0.0508	0.0541	0.0447	0.0526	0.0591	0.0551	0.0590	0.0564	0.0503	0.0530	0.0627	0.0595	0.0558	0.0594	0.0617	0.0631	0.0633	0.0657	0.0671	0.0651	0.0729	0.0810	0.0799	0.0718	0.0792	0.0738	0.0792	0.0850	0.0860	0.0773	0.0724	0.0810	0.0840	0.0723	0.0686	0.0715	0.0645
0.0000	0.0000	0.0000	0.0000	0.0023	0.0044	0.0044	0.0142	0.0094	0.0155	0.0145	0.0334	0.0314	0.0188	0.0197	0.0391	0.0369	0.0261	0.0370	0.0418	0.0348	0.0374	0.0302	0.0397	0.0368	0.0437	0.0472	0.0364	0.0470	0.0514	0.0456	0.0486	0.0482	0.0449	0.0453	0.0440	0.0426	0.0466	0.0533	0.0506	0.0524	0.0514	0.0567	0.0566	0.0461	0.0572	0.0637	0.0598	0.0555	0.0574	0.0619	0.0712	0.0669	0.0688	0.0693	0.0677	0.0687	0.0600	0.0681	0.0813	0.0756	0.0621	0.0615	0.0637	0.0701	0.0626	0.0619	0.0653	0.0568
0.0000	0.0000	0.0000	0.0000	0.0000	0.0025	0.0071	0.0000	0.0046	0.0063	0.0188	0.0307	0.0429	0.0298	0.0320	0.0302	0.0327	0.0296	0.0325	0.0402	0.0437	0.0444	0.0310	0.0332	0.0317	0.0440	0.0421	0.0407	0.0469	0.0468	0.0381	0.0408	0.0386	0.0441	0.0444	0.0445	0.0442	0.0506	0.0532	0.0524	0.0528	0.0518	0.0550	0.0558	0.0478	0.0565	0.0536	0.0506	0.0569	0.0585	0.0608	0.0652	0.0646	0.0657	0.0708	0.0680	0.0669	0.0598	0.0640	0.0678	0.0641	0.0553	0.0536	0.0559	0.0533	0.0473	0.0542	0.0565	0.0483
0.0000	0.0000	0.0000	0.0000	0.0000	0.0000	0.0003	0.0000	0.0058	0.0058	0.0248	0.0215	0.0260	0.0145	0.0282	0.0252	0.0272	0.0275	0.0300	0.0383	0.0312	0.0298	0.0303	0.0374	0.0345	0.0348	0.0322	0.0366	0.0427	0.0418	0.0324	0.0348	0.0373	0.0394	0.0389	0.0429	0.0408	0.0461	0.0565	0.0486	0.0557	0.0483	0.0520	0.0515	0.0537	0.0557	0.0475	0.0533	0.0557	0.0543	0.0590	0.0580	0.0601	0.0655	0.0621	0.0593	0.0553	0.0567	0.0586	0.0587	0.0504	0.0464	0.0523	0.0604	0.0476	0.0435	0.0455	0.0429	0.0319
0.0000	0.0000	0.0000	0.0000	0.0000	0.0000	0.0042	0.0001	0.0117	0.0081	0.0089	0.0103	0.0123	0.0143	0.0170	0.0278	0.0216	0.0328	0.0319	0.0278	0.0331	0.0236	0.0269	0.0405	0.0334	0.0338	0.0346	0.0309	0.0370	0.0433	0.0315	0.0296	0.0320	0.0348	0.0329	0.0396	0.0305	0.0376	0.0403	0.0378	0.0416	0.0477	0.0460	0.0517	0.0500	0.0543	0.0473	0.0513	0.0545	0.0492	0.0563	0.0531	0.0561	0.0586	0.0551	0.0601	0.0469	0.0443	0.0454	0.0502	0.0467	0.0421	0.0488	0.0546	0.0449	0.0429	0.0455	0.0374	0.0308
0.0000	0.0000	0.0000	0.0000	0.0000	0.0000	0.0000	0.0000	0.0073	0.0129	0.0221	0.0152	0.0116	0.0136	0.0170	0.0275	0.0208	0.0101	0.0171	0.0229	0.0325	0.0241	0.0190	0.0327	0.0338	0.0331	0.0360	0.0274	0.0237	0.0414	0.0373	0.0253	0.0281	0.0317	0.0509	0.0421	0.0345	0.0373	0.0370	0.0406	0.0491	0.0457	0.0415	0.0504	0.0479	0.0470	0.0479	0.0500	0.0490	0.0501	0.0493	0.0523	0.0550	0.0537	0.0508	0.0589	0.0540	0.0584	0.0488	0.0555	0.0597	0.0444	0.0455	0.0513	0.0536	0.0627	0.0423	0.0334	0.0295
