0.0000	0.0000	0.0000	0.0067	0.0072	0.0000	0.0045	0.0065	0.0121	0.0047	0.0208	0.0234	0.0253	0.0292	0.0410	0.0608	0.0465	0.0315	0.0485	0.0696	0.0576	0.0364	0.0513	0.0733	0.0788	0.0820	0.0886	0.0706	0.0645	0.0785	0.0781	0.0940	0.1150	0.1166	0.0999	0.1024	0.1131	0.0788	0.0947	0.0831	0.1006	0.0908	0.0991	0.0939	0.0830	0.0956	0.0907	0.0863	0.0859	0.0938	0.0828	0.0820	0.0821	0.0727	0.0856	0.0827	0.0737	0.0612	0.0667	0.0623	0.0513	0.0399	0.0498	0.0535	0.0562	0.0388	0.0491	0.0503	0.0413
0.0000	0.0006	0.0084	0.0000	0.0000	0.0000	0.0057	0.0232	0.0132	0.0080	0.0188	0.0236	0.0274	0.0330	0.0501	0.0637	0.0340	0.0510	0.0761	0.0656	0.0492	0.0506	0.0592	0.0814	0.0859	0.0886	0.0922	0.0937	0.0791	0.1030	0.1022	0.1076	0.0970	0.1150	0.1074	0.1140	0.0998	0.0985	0.1091	0.0972	0.1005	0.1167	0.0962	0.1066	0.0893	0.0829	0.0977	0.0884	0.0901	0.0955	0.1015	0.0788	0.0703	0.0898	0.0920	0.0791	0.0745	0.0718	0.0803	0.0823	0.0637	0.0614	0.0618	0.0619	0.0637	0.0408	0.0585	0.0522	0.0415
0.0000	0.0000	0.0137	0.0052	0.0082	0.0000	0.0062	0.0210	0.0316	0.0177	0.0252	0.0191	0.0385	0.0512	0.0535	0.0471	0.0457	0.0554	0.0646	0.0586	0.0633	0.0696	0.0747	0.0697	0.0867	0.1008	0.0943	0.0937	0.0941	0.1179	0.1067	0.0970	0.0882	0.1228	0.1273	0.1094	0.1092	0.1161	0.1168	0.1048	0.1184	0.1211	0.1112	0.1092	0.1000	0.1116	0.1212	0.0971	0.0948	0.0940	0.1014	0.0986	0.0907	0.0975	0.0998	0.0862	0.0828	0.0798	0.0867	0.0867	0.0849	0.0834	0.0817	0.0812	0.0742	0.0610	0.0617	0.0577	0.0654
0.0000	0.0000	0.0009	0.0235	0.0147	0.0137	0.0135	0.0225	0.0134	0.0250	0.0311	0.0403	0.0702	0.0465	0.0380	0.0488	0.0483	0.0515	0.0590	0.0661	0.0661	0.0686	0.0716	0.0817	0.1106	0.1011	0.0814	0.0846	0.0961	0.1169	0.1059	0.0901	0.0959	0.1224	0.1224	0.1283	0.1174	0.1082	0.1269	0.1123	0.1090	0.1013	0.1076	0.1316	0.1320	0.1167	0.1072	0.0923	0.0957	0.0888	0.1076	0.1162	0.0980	0.0957	0.1162	0.0970	0.0885	0.0904	0.0787	0.0803	0.0880	0.0790	0.0892	0.0739	0.0745	0.0839	0.0670	0.0565	0.0704
0.0000	0.0040	0.0054	0.0144	0.0074	0.0013	0.0170	0.0247	0.0240	0.0225	0.0284	0.0400	0.0636	0.0615	0.0424	0.0600	0.0531	0.0466	0.0748	0.0891	0.0909	0.0745	0.0753	0.0846	0.1048	0.1052	0.1000	0.0777	0.0872	0.1091	0.1104	0.1150	0.1216	0.1279	0.1250	0.1365	0.1334	0.1072	0.1311	0.1139	0.1252	0.1036	0.1027	0.1286	0.1273	0.1180	0.1111	0.1067	0.0975	0.1023	0.1121	0.1188	0.1114	0.1062	0.1111	0.1054	0.1114	0.0972	0.0907	0.1024	0.0833	0.0808	0.0957	0.0966	0.1013	0.0898	0.1012	0.0753	0.0830
0.0000	0.0000	0.0061	0.0153	0.0314	0.0183	0.0138	0.0258	0.0272	0.0412	0.0380	0.0419	0.0773	0.0644	0.0446	0.0629	0.0671	0.0552	0.0784	0.0931	0.0754	0.1017	0.1024	0.0909	0.1072	0.1048	0.0941	0.1169	0.0975	0.1157	0.1147	0.1175	0.1410	0.1358	0.1360	0.1338	0.1412	0.1510	0.1398	0.1146	0.1227	0.1251	0.1211	0.1198	0.1292	0.1158	0.1278	0.1231	0.1323	0.1264	0.1277	0.1118	0.1146	0.1128	0.1189	0.1295	0.1110	0.1012	0.1083	0.1038	0.0963	0.0923	0.1231	0.1248	0.1328	0.1175	0.1067	0.1117	0.1093
0.0018	0.0000	0.0216	0.0228	0.0261	0.0370	0.0279	0.0345	0.0290	0.0403	0.0618	0.0627	0.0625	0.0434	0.0582	0.0708	0.0795	0.0791	0.0890	0.0795	0.0960	0.1015	0.0780	0.0819	0.1026	0.1264	0.1212	0.1199	0.1283	0.1142	0.1133	0.1279	0.1442	0.1353	0.1447	0.1325	0.1447	0.1446	0.1554	0.1325	0.1330	0.1538	0.1524	0.1274	0.1190	0.1245	0.1360	0.1331	0.1256	0.1438	0.1560	0.1501	0.1269	0.1429	0.1376	0.1471	0.1419	0.1341	0.1368	0.1275	0.1232	0.1209	0.1381	0.1638	0.1643	0.1480	0.1359	0.1419	0.1421
0.0119	0.0204	0.0267	0.0301	0.0242	0.0240	0.0371	0.0544	0.0464	0.0419	0.0414	0.0572	0.0665	0.0427	0.0712	0.0856	0.0769	0.0898	0.0789	0.0668	0.0823	0.1014	0.0940	0.1014	0.1314	0.1305	0.1127	0.1053	0.1259	0.1367	0.1208	0.1304	0.1537	0.1399	0.1629	0.1601	0.1695	0.1668	0.1578	0.1577	0.1434	0.1590	0.1602	0.1607	0.1495	0.1610	0.1594	0.1686	0.1474	0.1533	0.1691	0.1615	0.1468	0.1382	0.1492	0.1647	0.1613	0.1553	0.1783	0.1609	0.1526	0.1476	0.1609	0.1782	0.1836	0.1888	0.1880	0.1818	0.1956
0.0199	0.0000	0.0213	0.0228	0.0299	0.0300	0.0416	0.0404	0.0551	0.0541	0.0665	0.0627	0.0675	0.0669	0.0786	0.0913	0.0777	0.0772	0.0912	0.0992	0.1040	0.1168	0.1029	0.1007	0.1452	0.1155	0.1133	0.1326	0.1308	0.1600	0.1497	0.1307	0.1661	0.1741	0.2189	0.2562	0.1901	0.1971	0.2052	0.2051	0.1599	0.1540	0.1689	0.1579	0.1628	0.1705	0.1828	0.1896	0.1781	0.1970	0.2010	0.1924	0.1890	0.2054	0.1838	0.1908	0.1911	0.1925	0.2127	0.2081	0.1924	0.1702	0.1813	0.2091	0.2399	0.2799	0.2921	0.2993	0.2775
0.0052	0.0012	0.0284	0.0372	0.0408	0.0647	0.0529	0.0453	0.0651	0.0542	0.0588	0.0787	0.0854	0.0873	0.0768	0.0873	0.0871	0.0853	0.1012	0.1085	0.1210	0.1227	0.1144	0.1213	0.1428	0.1343	0.1366	0.1383	0.1477	0.1698	0.1867	0.1562	0.1799	0.2592	0.5517	0.5692	0.3485	0.2982	0.3971	0.2674	0.1893	0.1922	0.2106	0.2133	0.2009	0.1990	0.2130	0.2097	0.2151	0.2283	0.2239	0.2280	0.2338	0.2368	0.2337	0.2332	0.2469	0.2496	0.2360	0.2421	0.2440	0.2333	0.2568	0.2840	0.3214	0.4312	0.4356	0.4668	0.4328
0.0108	0.0221	0.0440	0.0202	0.0436	0.0585	0.0421	0.0415	0.0544	0.0688	0.0579	0.0679	0.0750	0.0958	0.0840	0.0934	0.0831	0.0895	0.0982	0.1058	0.1344	0.1361	0.1238	0.1329	0.1628	0.1619	0.1557	0.1570	0.1863	0.2020	0.1987	0.2447	0.2536	0.3634	0.7320	0.8049	0.6306	0.4020	0.3979	0.3338	0.2735	0.3068	0.4219	0.3685	0.2699	0.2348	0.2593	0.2765	0.2603	0.2718	0.2620	0.2915	0.2702	0.2528	0.2606	0.2642	0.2898	0.2834	0.2735	0.2878	0.2710	0.2730	0.2883	0.3250	0.4319	0.4422	0.4138	0.4137	0.4133
0.0085	0.0110	0.0313	0.0479	0.0470	0.0410	0.0776	0.0744	0.0581	0.0683	0.0910	0.0960	0.0723	0.0948	0.0807	0.1039	0.1117	0.1132	0.1282	0.1255	0.1391	0.1265	0.1394	0.1615	0.1781	0.1788	0.1815	0.2032	0.2221	0.2633	0.2884	0.3329	0.3390	0.4290	0.6083	0.7000	0.6851	0.5684	0.3757	0.3531	0.4398	0.5822	0.6995	0.6045	0.3976	0.3003	0.3101	0.2838	0.3039	0.3902	0.3303	0.3035	0.3153	0.3237	0.3114	0.3151	0.3262	0.3217	0.3053	0.3200	0.3152	0.2993	0.3075	0.3610	0.4955	0.4492	0.3987	0.4006	0.3769
0.0331	0.0148	0.0232	0.0529	0.0789	0.0437	0.0652	0.0820	0.0763	0.0726	0.1099	0.1157	0.0989	0.0784	0.1003	0.1023	0.1089	0.1285	0.1250	0.1393	0.1579	0.1742	0.1861	0.1909	0.2175	0.2342	0.2345	0.2837	0.3215	0.3272	0.4156	0.5114	0.5844	0.6952	0.8991	0.7880	0.7788	0.7434	0.5065	0.4988	0.6938	0.7242	0.7311	0.6436	0.5590	0.5637	0.4463	0.3754	0.5767	0.7217	0.5121	0.3410	0.3956	0.4718	0.4044	0.3586	0.3439	0.3316	0.3572	0.3389	0.3221	0.3524	0.4214	0.5141	0.5394	0.4652	0.4096	0.4037	0.4065
0.0167	0.0328	0.0598	0.0551	0.0469	0.0385	0.0751	0.0879	0.0794	0.0860	0.1028	0.1073	0.1201	0.1138	0.1150	0.1253	0.1392	0.1705	0.1511	0.1605	0.1765	0.2132	0.2380	0.2501	0.2816	0.2988	0.3323	0.3628	0.4591	0.5435	0.6943	0.8292	0.9323	0.8715	0.9085	0.8569	0.8311	0.7638	0.7252	0.6287	0.7492	0.7484	0.7894	0.7210	0.6989	0.8165	0.7182	0.5590	0.7839	0.7956	0.6290	0.4692	0.5646	0.6571	0.5609	0.3918	0.3587	0.3543	0.3730	0.4255	0.4283	0.4559	0.5600	0.6036	0.5390	0.4256	0.4112	0.3886	0.4020
0.0106	0.0314	0.0590	0.0670	0.0637	0.0491	0.0848	0.1059	0.1181	0.0896	0.1028	0.1180	0.1313	0.1391	0.1408	0.1534	0.1843	0.2189	0.2244	0.2249	0.2550	0.2926	0.3256	0.3793	0.3439	0.3579	0.4303	0.5384	0.5683	0.7560	0.8525	0.9106	0.9544	0.8780	0.7885	0.8373	0.8165	0.7826	0.7809	0.7687	0.7710	0.7775	0.8370	0.7850	0.8445	0.8134	0.7973	0.8548	0.9216	0.7992	0.6117	0.4393	0.5638	0.6180	0.5726	0.4555	0.4349	0.4124	0.3875	0.4125	0.4777	0.5672	0.6259	0.5808	0.5252	0.4288	0.3769	0.3686	0.4037
0.0209	0.0415	0.0548	0.0692	0.0887	0.0952	0.0866	0.1016	0.1201	0.1111	0.1411	0.1625	0.1767	0.1780	0.2236	0.2259	0.2883	0.3147	0.3083	0.3282	0.3884	0.3875	0.4278	0.5363	0.5571	0.6183	0.7065	0.7892	0.8020	0.7930	0.8151	0.8769	0.9137	0.8772	0.8413	0.8438	0.8055	0.7464	0.7417	0.7417	0.8052	0.7704	0.8103	0.8260	0.8233	0.8713	0.8581	0.8987	0.8574	0.7861	0.6089	0.5346	0.6743	0.5916	0.5721	0.5018	0.4709	0.4304	0.3992	0.4549	0.4969	0.5400	0.6241	0.5854	0.5030	0.4143	0.4188	0.4170	0.4245
0.0505	0.0643	0.0661	0.0960	0.1144	0.1313	0.1604	0.1666	0.1737	0.1894	0.2257	0.2573	0.2893	0.2985	0.3269	0.3572	0.4172	0.4709	0.4658	0.4909	0.6080	0.6439	0.6849	0.8016	0.8479	0.7963	0.7872	0.7573	0.7618	0.7585	0.8191	0.8841	0.8953	0.8273	0.8890	0.7857	0.8066	0.7908	0.7949	0.6795	0.7509	0.7511	0.7947	0.8014	0.8282	0.7943	0.8208	0.8489	0.8394	0.8359	0.7409	0.7395	0.7849	0.7224	0.6874	0.5381	0.4710	0.4625	0.4587	0.5307	0.5688	0.5300	0.5769	0.5648	0.4825	0.4123	0.4115	0.3995	0.3977
0.0767	0.0924	0.1014	0.1503	0.1814	0.2153	0.2766	0.2969	0.3549	0.3351	0.4019	0.5050	0.4981	0.5219	0.5932	0.6762	0.7308	0.7453	0.8284	0.7613	0.8691	0.9104	0.7710	0.7967	0.7903	0.7652	0.7467	0.7448	0.6933	0.7578	0.8054	0.8279	0.8332	0.8310	0.8244	0.7728	0.7438	0.7502	0.7387	0.7233	0.7130	0.7492	0.7678	0.7594	0.8035	0.7668	0.7944	0.8279	0.8494	0.8491	0.7942	0.8080	0.7934	0.7305	0.7312	0.6018	0.5493	0.6189	0.6032	0.5755	0.6001	0.5531	0.5272	0.5671	0.4898	0.4241	0.4085	0.4254	0.3879
0.1119	0.1522	0.2228	0.3682	0.4295	0.5065	0.5591	0.5805	0.6633	0.6337	0.6489	0.7505	0.7740	0.7619	0.7959	0.9241	0.8782	0.8610	0.8645	0.8095	0.7802	0.8112	0.7750	0.7321	0.6934	0.7050	0.7616	0.6995	0.6855	0.7803	0.7704	0.7406	0.8037	0.8737	0.8065	0.7680	0.7267	0.7512	0.6908	0.7240	0.7106	0.7021	0.7496	0.7080	0.7376	0.7487	0.7562	0.7765	0.7726	0.7928	0.8054	0.7662	0.7585	0.7217	0.7480	0.7321	0.6202	0.6182	0.6295	0.6160	0.6086	0.5067	0.5458	0.4995	0.4683	0.4214	0.4187	0.4309	0.3904
0.1895	0.2917	0.3957	0.4783	0.5406	0.5739	0.5909	0.5763	0.6767	0.6279	0.6586	0.6914	0.7620	0.7254	0.7034	0.7499	0.7283	0.7747	0.7024	0.6764	0.6738	0.7076	0.6976	0.6826	0.7094	0.6768	0.7021	0.7210	0.7024	0.7572	0.7679	0.7335	0.7618	0.7911	0.7588	0.7182	0.7381	0.7088	0.6529	0.6508	0.6895	0.6742	0.6991	0.6785	0.7256	0.6848	0.7096	0.7030	0.7117	0.7045	0.6645	0.6985	0.7134	0.6816	0.7063	0.6923	0.6252	0.6056	0.5987	0.5983	0.5532	0.4793	0.5301	0.5325	0.4682	0.4385	0.4210	0.3918	0.3710
0.2375	0.2887	0.3223	0.3449	0.3726	0.3793	0.4197	0.4233	0.4329	0.5155	0.5210	0.5441	0.6720	0.5871	0.5143	0.5527	0.6012	0.6475	0.6037	0.5351	0.5966	0.6347	0.6157	0.6718	0.6442	0.6384	0.6589	0.6936	0.6959	0.7032	0.7140	0.7259	0.7239	0.7346	0.7060	0.6853	0.7000	0.7158	0.6819	0.6833	0.6633	0.6483	0.6887	0.6752	0.6464	0.6406	0.7023	0.6887	0.6806	0.6846	0.6743	0.6509	0.6494	0.6807	0.6705	0.6499	0.6054	0.5814	0.5892	0.5742	0.5327	0.4892	0.5081	0.5032	0.4816	0.4143	0.4120	0.3721	0.3626
0.2249	0.2691	0.2774	0.3009	0.2897	0.3122	0.3554	0.3931	0.4310	0.4332	0.4445	0.4890	0.5379	0.5226	0.5153	0.5369	0.6213	0.6041	0.6088	0.6038	0.6207	0.6372	0.6278	0.5887	0.5694	0.6426	0.6205	0.6259	0.6504	0.6492	0.6332	0.6623	0.6638	0.6720	0.6809	0.6798	0.6436	0.6646	0.6502	0.6747	0.6810	0.6305	0.6520	0.6663	0.6392	0.6411	0.6604	0.6680	0.6286	0.6521	0.6753	0.6549	0.6200	0.6441	0.6486	0.6681	0.6265	0.6342	0.5703	0.5172	0.5031	0.5007	0.5079	0.4688	0.4578	0.4125	0.3815	0.3676	0.3669
0.2391	0.2538	0.2831	0.2928	0.2784	0.3115	0.3650	0.3846	0.3999	0.3878	0.4265	0.4349	0.5097	0.5358	0.5488	0.6055	0.6382	0.5927	0.5585	0.6017	0.6413	0.6658	0.6349	0.5853	0.5657	0.5661	0.5972	0.6291	0.6104	0.6631	0.6260	0.6108	0.6813	0.6908	0.6521	0.6777	0.6614	0.6769	0.6475	0.6230	0.6408	0.6457	0.6392	0.6297	0.6510	0.6456	0.6508	0.6489	0.6296	0.6289	0.6124	0.6696	0.6753	0.6122	0.6497	0.6574	0.6181	0.6034	0.5563	0.5453	0.5136	0.4912	0.4981	0.4666	0.4167	0.4052	0.3691	0.3528	0.3544
0.2508	0.2580	0.2868	0.3588	0.3365	0.3393	0.3930	0.3820	0.3483	0.3828	0.4210	0.4413	0.5130	0.5173	0.5285	0.5600	0.6122	0.6289	0.6223	0.6250	0.6277	0.6447	0.6101	0.5896	0.6324	0.5502	0.5889	0.6386	0.6562	0.6393	0.6643	0.6429	0.6525	0.6704	0.6560	0.6366	0.6385	0.6520	0.6383	0.6468	0.6130	0.6326	0.6497	0.6337	0.6424	0.6537	0.6967	0.6545	0.6057	0.6258	0.5932	0.6353	0.7018	0.6063	0.5848	0.6048	0.5979	0.5654	0.5516	0.5279	0.4960	0.4812	0.4745	0.4147	0.3800	0.4111	0.3585	0.3399	0.3451
0.2876	0.3050	0.3153	0.3572	0.3666	0.3473	0.3750	0.3686	0.3698	0.4260	0.4292	0.4467	0.5369	0.5258	0.5211	0.5086	0.5520	0.6149	0.6154	0.6444	0.5846	0.6177	0.6494	0.6458	0.6477	0.6036	0.5763	0.6036	0.6719	0.6582	0.6421	0.6266	0.6522	0.6996	0.6739	0.6417	0.6415	0.6214	0.6432	0.6638	0.6621	0.6724	0.6714	0.6406	0.6254	0.6109	0.6343	0.6368	0.6093	0.6226	0.6069	0.6028	0.6125	0.5941	0.6053	0.6300	0.5992	0.5692	0.5197	0.5175	0.5029	0.4398	0.4342	0.4129	0.3834	0.3899	0.3349	0.3464	0.3512
0.2925	0.3128	0.3484	0.3544	0.3629	0.3680	0.3823	0.4049	0.4157	0.4050	0.4502	0.4967	0.5089	0.5319	0.5402	0.5392	0.5852	0.5573	0.5720	0.6433	0.6322	0.5954	0.5950	0.5801	0.6151	0.5941	0.6154	0.6269	0.6428	0.6502	0.6801	0.6500	0.6644	0.7073	0.6826	0.6534	0.6568	0.6683	0.6724	0.6529	0.6601	0.6611	0.6177	0.6101	0.6364	0.6716	0.6636	0.6648	0.6770	0.6406	0.6444	0.6389	0.6041	0.5660	0.6426	0.6398	0.6086	0.5982	0.5501	0.5115	0.5114	0.4294	0.4234	0.4197	0.4244	0.3881	0.3585	0.3577	0.3428
0.2813	0.2955	0.3358	0.3614	0.3588	0.3549	0.3890	0.3855	0.3694	0.3898	0.4108	0.4651	0.4978	0.5026	0.5232	0.5714	0.5644	0.5513	0.5855	0.6039	0.6085	0.5867	0.5964	0.5841	0.5946	0.5978	0.6065	0.6035	0.6117	0.6333	0.6353	0.6596	0.6888	0.6790	0.6610	0.6640	0.6223	0.6373	0.6830	0.6524	0.6586	0.6163	0.6253	0.5862	0.6352	0.6337	0.6147	0.6279	0.6551	0.6426	0.6421	0.6044	0.6235	0.5841	0.6091	0.6116	0.5486	0.5274	0.4975	0.5341	0.4843	0.4469	0.4725	0.4346	0.4048	0.3571	0.3762	0.3692	0.3389
0.2751	0.2803	0.3034	0.3454	0.3482	0.3455	0.4063	0.4000	0.3863	0.3981	0.4345	0.4640	0.4982	0.5286	0.5508	0.5359	0.5460	0.5610	0.5670	0.6072	0.5906	0.6048	0.5980	0.5798	0.5798	0.6191	0.6085	0.6107	0.6532	0.6816	0.6311	0.6667	0.6746	0.6500	0.6344	0.6712	0.6248	0.6439	0.6602	0.6426	0.6300	0.6174	0.6498	0.6131	0.6423	0.6062	0.6439	0.6210	0.6114	0.6011	0.6491	0.6311	0.6454	0.5814	0.5808	0.5724	0.5286	0.4827	0.5032	0.5061	0.4979	0.4981	0.4914	0.4255	0.3914	0.3800	0.3735	0.3700	0.3476
0.2715	0.2883	0.2940	0.3350	0.3878	0.3541	0.4215	0.4162	0.4031	0.4065	0.4360	0.4892	0.4991	0.5283	0.5271	0.5580	0.5687	0.5700	0.6035	0.5961	0.6199	0.5815	0.5941	0.6219	0.6088	0.5957	0.6483	0.6797	0.6618	0.6604	0.6862	0.7094	0.6419	0.6224	0.5855	0.6134	0.6327	0.6359	0.6473	0.6348	0.6344	0.6010	0.6154	0.6282	0.6419	0.6052	0.6440	0.6448	0.6388	0.6167	0.6137	0.6255	0.5990	0.5723	0.5785	0.5679	0.5343	0.5409	0.5172	0.4817	0.4586	0.4463	0.4261	0.4280	0.4315	0.3832	0.3711	0.3492	0.3285
0.2513	0.2784	0.2906	0.3187	0.3356	0.3764	0.3684	0.3975	0.3954	0.4258	0.4431	0.4824	0.5494	0.5316	0.4821	0.5367	0.5619	0.6131	0.6216	0.6053	0.5741	0.6016	0.5892	0.6174	0.6081	0.6055	0.6197	0.6557	0.6485	0.6659	0.6679	0.6503	0.6934	0.6237	0.5996	0.6537	0.6508	0.6439	0.6142	0.5828	0.6163	0.6335	0.6112	0.6282	0.6385	0.6078	0.6420	0.6678	0.6239	0.6107	0.5903	0.5994	0.5933	0.5670	0.5706	0.5898	0.5027	0.4987	0.4731	0.4676	0.4772	0.4541	0.4542	0.4245	0.4198	0.4027	0.3815	0.3955	0.3841
0.2237	0.2437	0.2731	0.2959	0.2794	0.3051	0.3611	0.4021	0.4086	0.4357	0.4414	0.4564	0.5089	0.5056	0.5201	0.5279	0.6046	0.5862	0.5644	0.5914	0.5802	0.6605	0.6086	0.6144	0.6405	0.6153	0.5636	0.5965	0.6272	0.6209	0.6535	0.6441	0.6382	0.6617	0.6471	0.6507	0.6286	0.5759	0.5794	0.6204	0.6119	0.6487	0.6192	0.6486	0.6093	0.5935	0.6164	0.6321	0.6279	0.6471	0.6258	0.6284	0.6403	0.6127	0.5711	0.5490	0.5401	0.5193	0.4911	0.4807	0.4697	0.4323	0.4639	0.4351	0.4320	0.4008	0.3810	0.3817	0.3480
0.2001	0.2285	0.2704	0.2836	0.3059	0.3125	0.3590	0.3771	0.4084	0.4252	0.3985	0.4152	0.4696	0.4754	0.5320	0.5754	0.5918	0.5687	0.5899	0.5931	0.5917	0.6035	0.5778	0.5988	0.6306	0.6515	0.6240	0.6396	0.6586	0.6482	0.6849	0.7037	0.6829	0.6406	0.6835	0.6818	0.6366	0.5914	0.6110	0.6137	0.5703	0.6082	0.6176	0.6003	0.6108	0.6139	0.6167	0.6603	0.6278	0.6252	0.6378	0.5932	0.5897	0.6088	0.5820	0.5520	0.5298	0.5406	0.4928	0.4914	0.4881	0.4634	0.5029	0.4696	0.4227	0.3833	0.3951	0.3711	0.3796
0.2220	0.2543	0.2658	0.2865	0.3024	0.3414	0.3578	0.3351	0.3747	0.4120	0.4224	0.4472	0.4846	0.4756	0.5008	0.5400	0.5977	0.5550	0.5973	0.5972	0.5938	0.6275	0.6288	0.6485	0.6743	0.6652	0.6405	0.6641	0.6926	0.6533	0.6992	0.7291	0.6572	0.6880	0.7175	0.7149	0.7251	0.6648	0.6661	0.5963	0.5903	0.6044	0.6067	0.5773	0.6080	0.5774	0.5915	0.6428	0.6314	0.6365	0.6180	0.5930	0.6289	0.6162	0.6185	0.5865	0.5637	0.5796	0.5270	0.5103	0.4971	0.4909	0.4976	0.4952	0.4553	0.3897	0.4164	0.3874	0.3598
0.2077	0.2482	0.3063	0.2920	0.3153	0.2862	0.3515	0.3800	0.4014	0.3944	0.4429	0.4523	0.4695	0.4992	0.4922	0.5556	0.5882	0.5975	0.6003	0.6051	0.6239	0.5960	0.6093	0.6232	0.6778	0.6572	0.6467	0.6720	0.6942	0.6660	0.6857	0.6980	0.7069	0.7475	0.7037	0.6869	0.6636	0.6456	0.6825	0.6597	0.6236	0.6367	0.6315	0.6261	0.5869	0.5829	0.6038	0.6360	0.6390	0.6770	0.6598	0.6223	0.6337	0.6310	0.6261	0.6147	0.6041	0.5826	0.6094	0.5508	0.5514	0.5339	0.5093	0.5334	0.4830	0.4308	0.4490	0.4600	0.4088
0.2094	0.2470	0.2922	0.2651	0.2808	0.2949	0.3345	0.3946	0.4019	0.4014	0.4078	0.4439	0.4924	0.5120	0.4982	0.5412	0.5666	0.5883	0.5971	0.6560	0.6496	0.6452	0.6140	0.6484	0.6752	0.6777	0.6483	0.6815	0.6682	0.6532	0.6613	0.6539	0.6727	0.6749	0.7315	0.6871	0.6658	0.6700	0.7269	0.6881	0.6816	0.6639	0.6490	0.6244	0.6329	0.6135	0.6127	0.6351	0.6019	0.6823	0.6601	0.6683	0.6767	0.6756	0.6564	0.6293	0.6508	0.6064	0.6092	0.6132	0.5728	0.5573	0.5983	0.5972	0.5721	0.5107	0.4734	0.4643	0.4154
0.2135	0.2500	0.2480	0.2387	0.2789	0.3124	0.3752	0.4124	0.4235	0.4304	0.4608	0.4988	0.5087	0.5251	0.5127	0.5021	0.5403	0.5713	0.6040	0.6291	0.6272	0.6285	0.6181	0.6416	0.6781	0.6571	0.6338	0.6796	0.6846	0.6444	0.6309	0.6029	0.6458	0.7003	0.7041	0.6818	0.6847	0.6969	0.6934	0.6787	0.6705	0.6655	0.6831	0.6112	0.6330	0.6249	0.6746	0.6400	0.6440	0.6697	0.6809	0.7231	0.6746	0.6702	0.6897	0.6690	0.6368	0.6279	0.6118	0.6298	0.6312	0.6154	0.6605	0.6384	0.5831	0.5458	0.5232	0.5082	0.4754
0.2222	0.2454	0.2864	0.3068	0.3386	0.3722	0.4207	0.4719	0.5140	0.5247	0.5861	0.5868	0.6283	0.5994	0.5665	0.5673	0.5531	0.5967	0.5915	0.5783	0.6155	0.6344	0.6060	0.6384	0.6343	0.6518	0.6300	0.6681	0.6845	0.6726	0.6324	0.6395	0.6902	0.6892	0.6921	0.6762	0.6918	0.7237	0.6738	0.6694	0.6670	0.6916	0.6537	0.6677	0.6534	0.6361	0.7019	0.6811	0.7229	0.7312	0.6828	0.6719	0.6784	0.6594	0.6893	0.7216	0.6839	0.6840	0.6746	0.6563	0.6854	0.6653	0.7089	0.6564	0.6052	0.5528	0.5445	0.5160	0.4927
0.2438	0.2939	0.3504	0.3384	0.4095	0.4178	0.5364	0.5601	0.5753	0.5712	0.6377	0.6544	0.7130	0.6574	0.6782	0.6657	0.6999	0.7354	0.6595	0.6377	0.6505	0.6624	0.6694	0.6438	0.6407	0.6733	0.6540	0.7026	0.6844	0.6287	0.6665	0.6767	0.6476	0.6517	0.7285	0.6670	0.6892	0.6935	0.7183	0.6770	0.6972	0.6670	0.6788	0.6762	0.6789	0.6687	0.6977	0.7252	0.7373	0.7444	0.7288	0.7357	0.7259	0.7326	0.7543	0.7348	0.7369	0.7362	0.7101	0.6758	0.7207	0.6262	0.5993	0.6819	0.6758	0.5716	0.6127	0.5420	0.5142
0.2635	0.3844	0.4547	0.4950	0.5664	0.6219	0.7188	0.6771	0.6543	0.6798	0.7484	0.7642	0.7493	0.7782	0.7907	0.8143	0.8627	0.8184	0.7263	0.6822	0.6436	0.6373	0.6672	0.6141	0.6664	0.6660	0.6698	0.6540	0.6656	0.6188	0.6596	0.6660	0.6767	0.7035	0.7400	0.7082	0.6771	0.7365	0.7422	0.6742	0.7047	0.7146	0.7334	0.7412	0.7193	0.6760	0.7092	0.7115	0.7305	0.7594	0.7602	0.8142	0.7755	0.7841	0.7411	0.7603	0.7441	0.7300	0.7148	0.7371	0.7105	0.5267	0.5342	0.7389	0.7120	0.6279	0.5770	0.5628	0.5183
0.1740	0.2900	0.3769	0.5643	0.6248	0.7085	0.7179	0.7161	0.7444	0.7550	0.7248	0.7974	0.8244	0.8246	0.8378	0.9255	0.8868	0.8808	0.8907	0.8457	0.7316	0.6995	0.6675	0.6420	0.6375	0.6438	0.6163	0.6329	0.6466	0.6615	0.6738	0.6776	0.6923	0.7057	0.6786	0.6601	0.6997	0.7204	0.7469	0.7150	0.7142	0.7290	0.7777	0.8051	0.7607	0.7498	0.7559	0.7052	0.7511	0.8108	0.8123	0.8306	0.8468	0.8311	0.8007	0.7983	0.7753	0.7585	0.7823	0.7589	0.7339	0.5339	0.4645	0.6602	0.7089	0.6593	0.6088	0.5992	0.5384
0.0748	0.1106	0.1495	0.2201	0.2584	0.3076	0.3671	0.3652	0.3668	0.3996	0.4514	0.4895	0.4898	0.5160	0.5600	0.6555	0.6801	0.7223	0.7832	0.8953	0.9639	0.8624	0.7413	0.6446	0.6654	0.5921	0.5812	0.6137	0.6831	0.6724	0.6801	0.6739	0.6635	0.6862	0.6831	0.7139	0.7348	0.7153	0.7525	0.7448	0.7664	0.7263	0.7956	0.7862	0.8014	0.7713	0.7981	0.7810	0.7909	0.8237	0.8369	0.8886	0.8406	0.8715	0.8513	0.8473	0.8421	0.7934	0.7597	0.7684	0.7540	0.5532	0.4031	0.4639	0.6135	0.6630	0.6658	0.6327	0.5638
0.0375	0.0634	0.0885	0.0897	0.1030	0.1109	0.1315	0.1663	0.1804	0.1873	0.2446	0.2482	0.2709	0.2667	0.3155	0.3315	0.3467	0.3821	0.4301	0.6304	0.9655	0.9232	0.8319	0.7850	0.7537	0.6278	0.6386	0.6240	0.6359	0.6565	0.6955	0.6678	0.6749	0.7033	0.7284	0.7739	0.7512	0.7772	0.7585	0.7544	0.7584	0.7371	0.7715	0.7505	0.8052	0.8001	0.8486	0.8391	0.8138	0.8573	0.9164	0.9247	0.9050	0.8493	0.8090	0.8929	0.8652	0.8108	0.7812	0.7922	0.7649	0.5772	0.4026	0.3968	0.5294	0.7029	0.6997	0.6586	0.5805
0.0336	0.0571	0.0560	0.0606	0.0795	0.0855	0.0817	0.1023	0.1121	0.1359	0.1462	0.1440	0.1781	0.1723	0.1906	0.2285	0.2633	0.2923	0.3354	0.3886	0.5716	0.7255	0.7095	0.8577	0.9084	0.8212	0.7764	0.7224	0.7411	0.7122	0.6991	0.7053	0.7201	0.7729	0.7817	0.7405	0.7773	0.7846	0.7260	0.7236	0.7870	0.7651	0.7707	0.7992	0.8398	0.7971	0.8515	0.8775	0.8524	0.8718	0.9213	0.8793	0.9154	0.9357	0.8975	0.9142	0.8636	0.8399	0.8095	0.8097	0.7607	0.5825	0.3632	0.3615	0.4526	0.6500	0.6555	0.6194	0.5553
0.0176	0.0410	0.0455	0.0644	0.0773	0.0718	0.0655	0.0721	0.0900	0.0959	0.0909	0.0943	0.1100	0.1083	0.1145	0.1466	0.1798	0.1888	0.2077	0.2512	0.2696	0.3212	0.3882	0.6204	0.8646	0.8566	0.8436	0.9005	0.8824	0.8557	0.8329	0.8431	0.8175	0.8519	0.8224	0.8112	0.8088	0.7872	0.7934	0.7691	0.7674	0.7841	0.7949	0.8041	0.8331	0.8509	0.8676	0.8587	0.6502	0.7314	0.9370	0.9204	0.9536	0.9533	0.9361	0.9446	0.8842	0.8754	0.8033	0.8023	0.6877	0.5437	0.3152	0.2741	0.3102	0.3997	0.3659	0.3327	0.3292
0.0149	0.0058	0.0289	0.0591	0.0591	0.0623	0.0701	0.0675	0.0806	0.0878	0.0714	0.0891	0.0978	0.0907	0.0891	0.1032	0.1140	0.1230	0.1320	0.1434	0.1608	0.1897	0.2560	0.4485	0.8204	0.8568	0.8973	0.9430	1.0000	0.9232	0.8901	0.8951	0.8544	0.7994	0.8226	0.7940	0.7758	0.8132	0.8205	0.7891	0.7317	0.6879	0.5849	0.5267	0.5304	0.7333	0.8979	0.7736	0.4862	0.7691	0.8766	0.7536	0.9205	0.9386	0.9699	0.9453	0.8379	0.8144	0.7918	0.7786	0.6651	0.4710	0.2382	0.2090	0.2154	0.2394	0.2374	0.2206	0.2212
0.0185	0.0135	0.0328	0.0502	0.0485	0.0461	0.0659	0.0818	0.0810	0.0734	0.0748	0.0764	0.0826	0.0743	0.0801	0.0970	0.0921	0.1094	0.1175	0.1112	0.1254	0.1371	0.1579	0.2004	0.3310	0.4257	0.4724	0.5982	0.7911	0.7161	0.5477	0.4863	0.4275	0.3499	0.4338	0.4164	0.4209	0.4627	0.4858	0.4989	0.4951	0.3687	0.2687	0.3160	0.3119	0.3864	0.6185	0.4705	0.3919	0.7064	0.5533	0.3915	0.6234	0.7149	0.7562	0.9142	0.9033	0.8554	0.7648	0.7404	0.6393	0.3575	0.1977	0.2010	0.1944	0.1934	0.1926	0.1884	0.1993
0.0117	0.0278	0.0182	0.0213	0.0543	0.0525	0.0600	0.0650	0.0650	0.0611	0.0690	0.0669	0.0803	0.0778	0.0743	0.0802	0.0997	0.0940	0.0992	0.1085	0.1137	0.1103	0.1209	0.1255	0.1243	0.1392	0.1617	0.1908	0.2398	0.2271	0.1792	0.1574	0.1487	0.1562	0.1677	0.1734	0.1821	0.1859	0.1761	0.1976	0.2140	0.1995	0.2183	0.4537	0.5043	0.2404	0.2154	0.2009	0.2160	0.3189	0.2760	0.2282	0.2680	0.3162	0.4294	0.7547	0.8261	0.8677	0.7351	0.6166	0.4012	0.2061	0.1700	0.1942	0.1793	0.1774	0.1716	0.1743	0.1955
0.0180	0.0268	0.0191	0.0310	0.0446	0.0403	0.0510	0.0361	0.0564	0.0513	0.0614	0.0658	0.0679	0.0749	0.0761	0.0790	0.0973	0.0956	0.0888	0.0969	0.0999	0.1004	0.0991	0.1005	0.1123	0.1290	0.1165	0.1276	0.1409	0.1322	0.1242	0.1298	0.1264	0.1156	0.1391	0.1324	0.1384	0.1390	0.1435	0.1373	0.1366	0.1631	0.2149	0.5183	0.5703	0.2258	0.1328	0.1396	0.1502	0.1447	0.1698	0.1691	0.1709	0.1809	0.2131	0.3053	0.3339	0.4146	0.4115	0.2786	0.2006	0.1767	0.1733	0.1680	0.1522	0.1532	0.1526	0.1648	0.1448
0.0057	0.0000	0.0260	0.0340	0.0267	0.0207	0.0366	0.0398	0.0458	0.0641	0.0685	0.0691	0.0599	0.0623	0.0791	0.0778	0.0933	0.0984	0.0711	0.0776	0.0898	0.0883	0.0851	0.0919	0.0960	0.1019	0.0932	0.1095	0.1128	0.1136	0.1128	0.1027	0.0970	0.1068	0.1151	0.1103	0.1005	0.1075	0.1182	0.1064	0.1085	0.1208	0.1522	0.2440	0.2303	0.1462	0.1225	0.1271	0.1309	0.1196	0.1224	0.1347	0.1297	0.1312	0.1414	0.1494	0.1581	0.1622	0.1618	0.1663	0.1489	0.1447	0.1407	0.1350	0.1308	0.1239	0.1348	0.1312	0.1376
0.0000	0.0000	0.0150	0.0109	0.0080	0.0307	0.0371	0.0432	0.0574	0.0488	0.0455	0.0443	0.0643	0.0743	0.0615	0.0725	0.0724	0.0766	0.0756	0.0666	0.0810	0.0962	0.0822	0.0871	0.0938	0.0959	0.0962	0.0847	0.0915	0.0953	0.0948	0.0912	0.0977	0.0952	0.0988	0.0904	0.0876	0.0935	0.0948	0.0985	0.1057	0.1053	0.1134	0.0992	0.1155	0.1089	0.1070	0.1065	0.1011	0.1080	0.1034	0.1052	0.1194	0.1098	0.1088	0.1152	0.1322	0.1248	0.1294	0.1286	0.1249	0.1197	0.1070	0.1187	0.1138	0.1077	0.1161	0.1057	0.1062
0.0000	0.0011	0.0129	0.0096	0.0000	0.0243	0.0330	0.0379	0.0361	0.0281	0.0300	0.0418	0.0519	0.0612	0.0627	0.0653	0.0685	0.0764	0.0692	0.0686	0.0713	0.0804	0.0722	0.0787	0.0915	0.0956	0.0947	0.0795	0.0820	0.0880	0.0796	0.0819	0.0864	0.0885	0.0883	0.0909	0.0958	0.0907	0.0905	0.0905	0.0979	0.1043	0.0954	0.0977	0.1013	0.0969	0.0940	0.0895	0.0958	0.0992	0.0944	0.0950	0.0924	0.0854	0.1157	0.1049	0.1002	0.1037	0.0988	0.0934	0.0969	0.0932	0.0878	0.0938	0.0924	0.0910	0.0917	0.0855	0.0888
0.0000	0.0062	0.0165	0.0113	0.0182	0.0347	0.0243	0.0306	0.0442	0.0457	0.0434	0.0402	0.0441	0.0501	0.0588	0.0498	0.0524	0.0583	0.0577	0.0705	0.0689	0.0716	0.0821	0.0809	0.0800	0.0920	0.0823	0.0886	0.0837	0.0728	0.0684	0.0767	0.0678	0.0813	0.0784	0.0877	0.0940	0.0796	0.0787	0.0816	0.0828	0.0768	0.0819	0.0843	0.0872	0.0810	0.0911	0.0888	0.0891	0.0927	0.0889	0.0941	0.0796	0.0799	0.0912	0.0812	0.0871	0.0851	0.0835	0.0863	0.0792	0.0777	0.0868	0.0791	0.0874	0.0815	0.0709	0.0724	0.0715
0.0000	0.0014	0.0000	0.0029	0.0093	0.0134	0.0390	0.0351	0.0126	0.0096	0.0351	0.0388	0.0286	0.0357	0.0448	0.0506	0.0446	0.0541	0.0450	0.0555	0.0602	0.0613	0.0581	0.0586	0.0714	0.0729	0.0723	0.0731	0.0672	0.0714	0.0716	0.0710	0.0704	0.0727	0.0736	0.0762	0.0798	0.0707	0.0813	0.0815	0.0709	0.0732	0.0787	0.0773	0.0747	0.0730	0.0776	0.0764	0.0807	0.0820	0.0876	0.0846	0.0798	0.0767	0.0747	0.0767	0.0794	0.0769	0.0739	0.0841	0.0767	0.0676	0.0750	0.0830	0.0758	0.0606	0.0650	0.0591	0.0521
0.0000	0.0000	0.0000	0.0000	0.0052	0.0026	0.0200	0.0343	0.0134	0.0063	0.0174	0.0343	0.0354	0.0342	0.0411	0.0376	0.0487	0.0461	0.0461	0.0561	0.0468	0.0463	0.0474	0.0540	0.0534	0.0653	0.0600	0.0601	0.0622	0.0638	0.0574	0.0680	0.0649	0.0604	0.0644	0.0674	0.0631	0.0693	0.0763	0.0734	0.0715	0.0720	0.0786	0.0665	0.0625	0.0646	0.0668	0.0758	0.0707	0.0670	0.0765	0.0791	0.0740	0.0656	0.0700	0.0731	0.0706	0.0658	0.0722	0.0779	0.0735	0.0584	0.0681	0.0661	0.0565	0.0552	0.0619	0.0582	0.0514
0.0000	0.0000	0.0000	0.0000	0.0000	0.0000	0.0170	0.0105	0.0141	0.0179	0.0179	0.0410	0.0289	0.0195	0.0438	0.0436	0.0589	0.0529	0.0382	0.0445	0.0447	0.0378	0.0396	0.0486	0.0583	0.0559	0.0579	0.0614	0.0645	0.0670	0.0717	0.0640	0.0610	0.0566	0.0656	0.0588	0.0749	0.0743	0.0698	0.0718	0.0675	0.0680	0.0709	0.0623	0.0713	0.0719	0.0676	0.0718	0.0652	0.0696	0.0699	0.0722	0.0679	0.0693	0.0700	0.0680	0.0677	0.0589	0.0720	0.0728	0.0660	0.0570	0.0593	0.0586	0.0487	0.0423	0.0428	0.0585	0.0453
0.0000	0.0000	0.0000	0.0090	0.0000	0.0000	0.0072	0.0059	0.0093	0.0201	0.0177	0.0243	0.0342	0.0393	0.0334	0.0419	0.0452	0.0357	0.0320	0.0354	0.0452	0.0403	0.0474	0.0510	0.0544	0.0568	0.0517	0.0579	0.0663	0.0624	0.0619	0.0547	0.0576	0.0615	0.0558	0.0582	0.0611	0.0782	0.0647	0.0660	0.0630	0.0618	0.0566	0.0559	0.0633	0.0701	0.0743	0.0699	0.0647	0.0601	0.0655	0.0624	0.0720	0.0696	0.0627	0.0698	0.0704	0.0554	0.0539	0.0568	0.0439	0.0451	0.0566	0.0574	0.0432	0.0441	0.0432	0.0437	0.0328
0.0000	0.0000	0.0000	0.0000	0.0114	0.0007	0.0000	0.0051	0.0146	0.0098	0.0089	0.0122	0.0217	0.0204	0.0183	0.0353	0.0425	0.0323	0.0261	0.0437	0.0439	0.0349	0.0353	0.0488	0.0569	0.0546	0.0471	0.0530	0.0591	0.0525	0.0554	0.0572	0.0510	0.0584	0.0579	0.0584	0.0586	0.0685	0.0574	0.0559	0.0587	0.0579	0.0591	0.0567	0.0579	0.0699	0.0679	0.0611	0.0676	0.0571	0.0562	0.0570	0.0623	0.0610	0.0576	0.0660	0.0564	0.0519	0.0477	0.0461	0.0493	0.0437	0.0438	0.0460	0.0398	0.0396	0.0350	0.0316	0.0284
0.0000	0.0000	0.0000	0.0000	0.0000	0.0000	0.0000	0.0000	0.0000	0.0097	0.0142	0.0198	0.0206	0.0213	0.0255	0.0360	0.0448	0.0254	0.0261	0.0280	0.0464	0.0526	0.0332	0.0452	0.0644	0.0527	0.0401	0.0412	0.0520	0.0590	0.0527	0.0555	0.0516	0.0593	0.0550	0.0532	0.0671	0.0682	0.0546	0.0527	0.0590	0.0604	0.0628	0.0563	0.0583	0.0650	0.0618	0.0611	0.0565	0.0538	0.0582	0.0612	0.0571	0.0543	0.0613	0.0633	0.0511	0.0537	0.0459	0.0453	0.0606	0.0455	0.0419	0.0454	0.0418	0.0380	0.0454	0.0289	0.0341
