0.0000	0.0000	0.0000	0.0121	0.0000	0.0000	0.0071	0.0108	0.0202	0.0200	0.0095	0.0313	0.0573	0.0261	0.0371	0.0524	0.0446	0.0502	0.0425	0.0477	0.0502	0.0554	0.0429	0.0557	0.0964	0.0752	0.0760	0.0642	0.0775	0.0803	0.0509	0.0707	0.0897	0.0851	0.0846	0.0974	0.0975	0.0710	0.0611	0.0670	0.0751	0.0873	0.0883	0.0740	0.0694	0.0894	0.0790	0.0740	0.0677	0.0727	0.0638	0.0515	0.0597	0.0637	0.0588	0.0687	0.0679	0.0709	0.0910	0.0718	0.0493	0.0630	0.0612	0.0503	0.0826	0.0742	0.0690	0.0826	0.0784
0.0000	0.0000	0.0063	0.0182	0.0000	0.0028	0.0224	0.0233	0.0415	0.0145	0.0305	0.0301	0.0431	0.0256	0.0369	0.0417	0.0411	0.0565	0.0388	0.0424	0.0576	0.0626	0.0567	0.0642	0.0873	0.0996	0.0706	0.0800	0.0897	0.1022	0.0835	0.1003	0.0920	0.0984	0.0929	0.0822	0.0972	0.0981	0.0953	0.0717	0.0739	0.0824	0.0918	0.0885	0.0862	0.0938	0.0940	0.0887	0.0926	0.0836	0.0759	0.0541	0.0487	0.0631	0.0699	0.0847	0.0812	0.0706	0.0714	0.0781	0.0879	0.0721	0.0822	0.0806	0.0929	0.0820	0.0865	0.0911	0.1018
0.0000	0.0000	0.0005	0.0148	0.0068	0.0087	0.0216	0.0444	0.0306	0.0271	0.0337	0.0407	0.0574	0.0371	0.0452	0.0553	0.0545	0.0474	0.0593	0.0512	0.0602	0.0664	0.0537	0.0864	0.1038	0.0946	0.0859	0.0680	0.0938	0.1011	0.1067	0.1116	0.0805	0.0931	0.0867	0.0808	0.0873	0.1047	0.1065	0.0905	0.0824	0.0839	0.0927	0.0909	0.0902	0.0826	0.0983	0.0888	0.0774	0.0795	0.0845	0.0868	0.0653	0.0690	0.0815	0.0770	0.0797	0.0812	0.0867	0.0830	0.1147	0.0811	0.0877	0.0971	0.1185	0.1008	0.0864	0.1087	0.1140
0.0017	0.0005	0.0107	0.0376	0.0141	0.0026	0.0218	0.0277	0.0381	0.0223	0.0351	0.0461	0.0753	0.0531	0.0391	0.0543	0.0721	0.0899	0.0759	0.0632	0.0750	0.0714	0.0672	0.0717	0.0861	0.0901	0.0874	0.0903	0.0804	0.0850	0.0887	0.0927	0.1006	0.0951	0.1043	0.1081	0.1022	0.0844	0.0853	0.0791	0.0996	0.0964	0.1089	0.0989	0.0866	0.1001	0.1037	0.0858	0.0600	0.0725	0.1067	0.0946	0.0902	0.0915	0.1083	0.0919	0.0925	0.1204	0.1004	0.0842	0.1274	0.1196	0.1121	0.1100	0.1267	0.1277	0.0997	0.1151	0.1559
0.0000	0.0056	0.0136	0.0187	0.0084	0.0000	0.0298	0.0336	0.0375	0.0188	0.0439	0.0572	0.0771	0.0561	0.0331	0.0433	0.0645	0.0703	0.0671	0.0672	0.0787	0.0716	0.0815	0.0815	0.0948	0.1329	0.1094	0.0970	0.0888	0.0881	0.0884	0.0959	0.1238	0.1436	0.1245	0.1105	0.0942	0.0961	0.0858	0.0868	0.0971	0.0989	0.1069	0.1028	0.0909	0.1068	0.1083	0.0885	0.0768	0.0922	0.0941	0.0997	0.0899	0.0815	0.1129	0.1022	0.0945	0.1112	0.1002	0.1173	0.1260	0.1110	0.1332	0.1433	0.1337	0.1113	0.1430	0.1446	0.1511
0.0000	0.0205	0.0246	0.0170	0.0196	0.0216	0.0268	0.0489	0.0301	0.0317	0.0319	0.0706	0.0822	0.0808	0.0529	0.0473	0.0877	0.0830	0.0652	0.1006	0.1004	0.0874	0.1049	0.0903	0.0927	0.1130	0.1047	0.0922	0.1046	0.0976	0.0857	0.1110	0.1196	0.1279	0.1139	0.1107	0.0863	0.1158	0.0982	0.0824	0.0917	0.1084	0.1228	0.0998	0.0912	0.1070	0.1159	0.0983	0.1047	0.1086	0.0958	0.1014	0.0981	0.0980	0.1198	0.1350	0.1225	0.1172	0.1137	0.1258	0.1500	0.1458	0.1534	0.1599	0.1580	0.1381	0.1521	0.1819	0.1806
0.0000	0.0214	0.0239	0.0331	0.0106	0.0250	0.0468	0.0568	0.0510	0.0643	0.0792	0.0812	0.0578	0.0603	0.0709	0.0643	0.0786	0.0791	0.0774	0.0917	0.1009	0.0952	0.0823	0.0723	0.1132	0.1179	0.0945	0.0823	0.1123	0.1056	0.1178	0.1130	0.1176	0.1249	0.1145	0.1160	0.1137	0.1058	0.1080	0.1020	0.1238	0.1368	0.1369	0.1148	0.1201	0.1294	0.1060	0.1122	0.1184	0.1149	0.1358	0.1330	0.1322	0.1179	0.1257	0.1491	0.1497	0.1430	0.1657	0.1587	0.1566	0.1668	0.1767	0.1897	0.1858	0.1638	0.1776	0.1927	0.2106
0.0161	0.0083	0.0066	0.0224	0.0112	0.0312	0.0551	0.0507	0.0640	0.0753	0.0670	0.0626	0.0791	0.0650	0.0649	0.0805	0.0732	0.0887	0.0912	0.0747	0.0971	0.1137	0.0839	0.0972	0.1393	0.1472	0.1162	0.1082	0.1334	0.1191	0.1278	0.1122	0.1295	0.1294	0.1130	0.1136	0.1468	0.1245	0.1185	0.1249	0.1283	0.1469	0.1365	0.1385	0.1313	0.1441	0.1392	0.1479	0.1490	0.1393	0.1525	0.1329	0.1304	0.1261	0.1379	0.1727	0.1589	0.1707	0.1831	0.1921	0.1985	0.2113	0.2120	0.2139	0.2063	0.1991	0.1975	0.1959	0.2387
0.0081	0.0039	0.0139	0.0304	0.0163	0.0332	0.0392	0.0588	0.0871	0.0709	0.0390	0.0643	0.1048	0.0896	0.0756	0.0904	0.0898	0.1080	0.1070	0.1059	0.1571	0.1220	0.0989	0.1056	0.1403	0.1333	0.1121	0.1307	0.1695	0.1419	0.1173	0.1356	0.1527	0.1406	0.1276	0.1117	0.1199	0.1342	0.1374	0.1394	0.1373	0.1556	0.1442	0.1396	0.1568	0.1796	0.1680	0.1655	0.1860	0.1913	0.1736	0.1450	0.1396	0.1726	0.1706	0.1745	0.1881	0.1872	0.1943	0.2047	0.2207	0.2229	0.2161	0.2364	0.2269	0.2337	0.2064	0.2154	0.2371
0.0000	0.0113	0.0349	0.0292	0.0276	0.0443	0.0506	0.0609	0.0610	0.0574	0.0675	0.0878	0.1028	0.1008	0.0864	0.0845	0.0943	0.1267	0.1264	0.1140	0.1724	0.1340	0.1114	0.1246	0.1311	0.1402	0.1318	0.1421	0.1302	0.1359	0.1370	0.1337	0.1282	0.1452	0.1432	0.1443	0.1244	0.1638	0.1642	0.1548	0.1385	0.1712	0.1674	0.1683	0.1769	0.2009	0.1998	0.1904	0.1982	0.1797	0.1770	0.1660	0.1864	0.1746	0.1733	0.1867	0.2088	0.2356	0.2286	0.2297	0.2480	0.2873	0.3292	0.3400	0.2839	0.2492	0.2441	0.2464	0.2745
0.0035	0.0060	0.0361	0.0306	0.0226	0.0454	0.0369	0.0577	0.0606	0.0620	0.0789	0.0855	0.1246	0.1143	0.0995	0.1055	0.1202	0.1398	0.1486	0.1382	0.1549	0.1499	0.1574	0.1509	0.1711	0.1870	0.1621	0.1757	0.1527	0.1623	0.1579	0.1600	0.1648	0.1816	0.1787	0.1609	0.1623	0.1798	0.1716	0.1830	0.1867	0.1831	0.1923	0.1954	0.1928	0.1927	0.2057	0.2232	0.2196	0.2195	0.2156	0.2093	0.1974	0.1900	0.2121	0.2400	0.2770	0.2828	0.2787	0.2937	0.2859	0.3134	0.4498	0.5007	0.4239	0.2698	0.2366	0.2675	0.3063
0.0060	0.0163	0.0379	0.0650	0.0477	0.0457	0.0380	0.0700	0.0739	0.0815	0.0899	0.0908	0.1269	0.1138	0.1084	0.1319	0.1695	0.1747	0.1850	0.2011	0.2071	0.1695	0.1972	0.2127	0.2111	0.1997	0.2214	0.2073	0.2000	0.2055	0.1924	0.1922	0.2197	0.2050	0.2133	0.1964	0.2142	0.2299	0.2402	0.2274	0.2270	0.2317	0.2548	0.2384	0.2411	0.2342	0.2566	0.2571	0.2408	0.2661	0.2403	0.2290	0.2275	0.2364	0.2533	0.2924	0.3309	0.3687	0.3541	0.3282	0.3279	0.4047	0.5046	0.5737	0.5063	0.3606	0.2682	0.2846	0.3985
0.0229	0.0287	0.0546	0.0586	0.0684	0.0448	0.0547	0.0953	0.0922	0.1052	0.1087	0.1140	0.1347	0.1349	0.1443	0.1650	0.1770	0.1878	0.1854	0.2394	0.2335	0.2196	0.2562	0.2489	0.2641	0.2389	0.2611	0.2416	0.2437	0.2483	0.2319	0.2567	0.2761	0.2845	0.2814	0.2495	0.2518	0.2672	0.2818	0.2793	0.2730	0.2633	0.2998	0.2757	0.2860	0.2817	0.3005	0.2870	0.2944	0.2965	0.2811	0.2615	0.2687	0.2901	0.3017	0.3302	0.3817	0.4865	0.5220	0.3850	0.3682	0.4492	0.5933	0.5761	0.5463	0.4218	0.3138	0.3517	0.4289
0.0278	0.0439	0.0634	0.0606	0.0630	0.0604	0.0813	0.0874	0.0998	0.1094	0.1458	0.1630	0.1531	0.1652	0.1848	0.1832	0.2465	0.2966	0.3322	0.3190	0.2984	0.2913	0.3261	0.3149	0.3339	0.3399	0.3155	0.3086	0.3014	0.3193	0.3152	0.3136	0.3270	0.3298	0.3436	0.3324	0.3163	0.3016	0.3175	0.3290	0.3308	0.3277	0.3460	0.3384	0.3290	0.3190	0.3229	0.3260	0.2942	0.3063	0.3346	0.3175	0.2988	0.3151	0.3370	0.3624	0.4370	0.6124	0.6387	0.5100	0.4727	0.5575	0.5971	0.5885	0.5736	0.4246	0.3891	0.3910	0.4081
0.0151	0.0277	0.0660	0.0732	0.0699	0.0800	0.0978	0.1058	0.1352	0.1572	0.1672	0.1942	0.2105	0.2091	0.2704	0.3481	0.4992	0.5725	0.6668	0.6023	0.5710	0.5521	0.5280	0.4937	0.5389	0.5867	0.4736	0.4497	0.4446	0.4061	0.3833	0.4289	0.4127	0.3963	0.4184	0.4301	0.4055	0.4080	0.3833	0.3725	0.3826	0.4000	0.4440	0.4286	0.4107	0.4207	0.4854	0.4216	0.3651	0.3822	0.3820	0.3559	0.3235	0.3165	0.3545	0.3780	0.4629	0.6462	0.6560	0.6363	0.5927	0.6515	0.5982	0.5980	0.5562	0.4633	0.4440	0.3926	0.3607
0.0194	0.0129	0.0439	0.0970	0.0921	0.1274	0.1241	0.1393	0.1869	0.1824	0.2067	0.2733	0.3034	0.3887	0.6185	0.7307	0.8151	0.7845	0.8300	0.7690	0.8089	0.8404	0.7296	0.7143	0.7561	0.8047	0.7686	0.7079	0.7264	0.6244	0.6180	0.7030	0.6769	0.5914	0.5762	0.6208	0.5852	0.6255	0.4969	0.4478	0.5084	0.5601	0.7329	0.7248	0.5886	0.6180	0.6987	0.5952	0.4490	0.4660	0.6138	0.5406	0.3561	0.3189	0.3594	0.4195	0.4527	0.5969	0.6683	0.6720	0.6403	0.5961	0.6019	0.5801	0.4937	0.4739	0.4517	0.4328	0.3725
0.0498	0.0595	0.0930	0.1218	0.1491	0.1742	0.2017	0.2241	0.2558	0.3183	0.3663	0.5012	0.6242	0.6846	0.7778	0.7788	0.7465	0.7719	0.7387	0.7218	0.7744	0.7907	0.7693	0.7388	0.7743	0.7675	0.7762	0.7839	0.8405	0.8527	0.8992	0.9394	0.9774	0.9055	0.9819	0.9027	0.8718	0.8935	0.8380	0.7004	0.7000	0.8003	1.0000	0.9666	0.8375	0.7686	0.8090	0.7836	0.5549	0.6159	0.8711	0.7581	0.3692	0.3479	0.3873	0.4247	0.4536	0.6144	0.6808	0.6553	0.6710	0.6010	0.5592	0.5367	0.4765	0.4184	0.3977	0.3825	0.3692
0.0982	0.1133	0.1858	0.2388	0.2411	0.3116	0.4162	0.4045	0.4737	0.4984	0.6171	0.7324	0.7546	0.7451	0.7172	0.6924	0.6623	0.6487	0.6392	0.6613	0.7018	0.6977	0.6724	0.6752	0.7302	0.7029	0.7503	0.7445	0.7489	0.8478	0.9109	0.9355	0.9571	0.9482	0.9426	0.8706	0.8723	0.8692	0.8471	0.8381	0.8454	0.8824	0.8677	0.8502	0.8015	0.7752	0.8111	0.7864	0.7979	0.7773	0.7929	0.6925	0.3904	0.3932	0.3969	0.3887	0.4491	0.6571	0.7097	0.6297	0.6444	0.6000	0.5552	0.5166	0.4471	0.3902	0.3775	0.3756	0.3376
0.1806	0.2943	0.3344	0.4573	0.5692	0.6528	0.6863	0.6721	0.7381	0.6932	0.6579	0.6727	0.6696	0.6279	0.5926	0.6186	0.6185	0.6119	0.6004	0.6178	0.6241	0.6386	0.6443	0.6016	0.6625	0.7035	0.7350	0.7033	0.7045	0.8220	0.7663	0.7916	0.9116	0.9413	0.8378	0.8389	0.7950	0.8004	0.7680	0.7790	0.7580	0.7593	0.7588	0.7468	0.7614	0.7655	0.7547	0.7503	0.7776	0.7921	0.7877	0.5514	0.3910	0.3976	0.4275	0.4131	0.4325	0.5586	0.5955	0.6376	0.6551	0.5752	0.5457	0.5067	0.4513	0.3825	0.3831	0.3473	0.3290
0.3152	0.4705	0.4908	0.5663	0.6078	0.7220	0.6876	0.6122	0.6438	0.5949	0.5776	0.5395	0.5439	0.5139	0.5199	0.5535	0.5628	0.6283	0.6020	0.6387	0.6307	0.6644	0.6258	0.6107	0.6114	0.6659	0.6849	0.7761	0.7623	0.7915	0.7990	0.8086	0.8598	0.8590	0.8314	0.8163	0.7505	0.7347	0.7436	0.7505	0.7019	0.7299	0.7521	0.7124	0.7762	0.7278	0.7042	0.7620	0.7378	0.7205	0.6441	0.4484	0.3793	0.4099	0.4173	0.4290	0.4669	0.5655	0.5764	0.5877	0.5778	0.5350	0.5252	0.4934	0.4749	0.3948	0.4042	0.3618	0.3178
0.2821	0.3208	0.3861	0.4399	0.4770	0.5319	0.5110	0.4533	0.4749	0.4780	0.4736	0.4635	0.4938	0.5075	0.4951	0.5358	0.5829	0.6089	0.6069	0.6357	0.6432	0.6109	0.6034	0.6251	0.5939	0.6468	0.6671	0.7313	0.7602	0.7692	0.8128	0.7948	0.8156	0.8513	0.8545	0.7961	0.7794	0.7824	0.7511	0.7577	0.6962	0.6977	0.7188	0.7229	0.6831	0.6518	0.7283	0.7401	0.7455	0.6877	0.7051	0.4934	0.3761	0.4035	0.4303	0.4872	0.5587	0.6360	0.5968	0.5657	0.5540	0.5256	0.4621	0.4667	0.4846	0.4190	0.3726	0.3505	0.3139
0.2664	0.2584	0.3211	0.3513	0.3469	0.3775	0.4074	0.4156	0.3975	0.3908	0.4511	0.4564	0.4823	0.5436	0.5209	0.5777	0.6607	0.6542	0.6022	0.6162	0.6435	0.6457	0.6373	0.5949	0.6318	0.6433	0.6569	0.6700	0.6917	0.7379	0.7490	0.8267	0.7889	0.7685	0.8388	0.8282	0.7548	0.7886	0.7358	0.7421	0.7598	0.7052	0.6877	0.7171	0.6967	0.6674	0.7063	0.7192	0.7006	0.6836	0.6523	0.4612	0.4073	0.4320	0.5244	0.6750	0.6375	0.6436	0.6084	0.5581	0.5510	0.5240	0.4330	0.4343	0.4321	0.3646	0.3389	0.3399	0.3403
0.2626	0.2786	0.2941	0.3228	0.3095	0.3466	0.4038	0.3877	0.4080	0.4155	0.4655	0.4724	0.4966	0.5509	0.5253	0.5999	0.6642	0.6572	0.5744	0.5703	0.6229	0.6754	0.6652	0.6625	0.6654	0.5944	0.6517	0.6753	0.6943	0.7432	0.7216	0.7624	0.8038	0.7914	0.7727	0.7709	0.7877	0.7997	0.7644	0.7212	0.7014	0.6978	0.7199	0.7099	0.7395	0.7176	0.7260	0.7010	0.7100	0.7327	0.5486	0.4722	0.4949	0.5306	0.6491	0.7396	0.7372	0.6605	0.6032	0.5894	0.5319	0.4981	0.4634	0.4259	0.4117	0.3722	0.3557	0.3348	0.3275
0.2330	0.2754	0.3094	0.3332	0.3490	0.3373	0.4570	0.3878	0.3870	0.3852	0.4376	0.4744	0.5301	0.5448	0.5587	0.5999	0.6097	0.6194	0.6321	0.5927	0.6210	0.6377	0.6141	0.6138	0.6762	0.6438	0.6676	0.7085	0.7086	0.7210	0.7174	0.7496	0.7636	0.7682	0.7678	0.7289	0.7969	0.7479	0.7049	0.7097	0.7127	0.7013	0.7467	0.7318	0.7390	0.7220	0.7677	0.7343	0.7290	0.6804	0.4930	0.5170	0.6700	0.7350	0.7079	0.7062	0.7023	0.6500	0.6182	0.5395	0.5080	0.4947	0.4674	0.4187	0.3801	0.3517	0.3302	0.3341	0.3146
0.2596	0.2924	0.3012	0.3383	0.3566	0.3847	0.3949	0.3836	0.4341	0.4196	0.4460	0.4715	0.5089	0.5178	0.5442	0.5497	0.5961	0.5916	0.6219	0.6087	0.5800	0.5925	0.5944	0.6388	0.6471	0.6565	0.6510	0.6572	0.7155	0.7370	0.7370	0.7727	0.7943	0.7764	0.7785	0.7417	0.7600	0.7528	0.7065	0.7354	0.7170	0.7538	0.7535	0.7327	0.7530	0.7304	0.7381	0.7463	0.7992	0.6683	0.5678	0.6571	0.7720	0.7695	0.7068	0.6857	0.6750	0.6210	0.5561	0.5380	0.4964	0.4554	0.4551	0.3998	0.3791	0.3507	0.3658	0.3342	0.3010
0.2875	0.2988	0.3200	0.3448	0.3701	0.3456	0.3804	0.4119	0.4300	0.4256	0.4438	0.4532	0.5279	0.5374	0.5223	0.5563	0.6016	0.6103	0.5607	0.6334	0.6498	0.5811	0.5666	0.5923	0.6374	0.6272	0.6317	0.6486	0.7221	0.7369	0.7721	0.7658	0.7971	0.7442	0.7796	0.7385	0.6947	0.7370	0.7436	0.7293	0.7186	0.7334	0.6986	0.7193	0.7372	0.7393	0.7720	0.7825	0.8019	0.7359	0.7352	0.7381	0.7359	0.7040	0.6876	0.6673	0.6694	0.5914	0.5583	0.5209	0.4974	0.4472	0.4404	0.4148	0.3978	0.3700	0.3744	0.3423	0.3012
0.2619	0.2856	0.3641	0.3775	0.3454	0.3594	0.3964	0.4281	0.4087	0.4170	0.4694	0.4714	0.5494	0.5489	0.5712	0.5757	0.5982	0.5690	0.6009	0.6451	0.6357	0.5743	0.5828	0.6066	0.6152	0.5700	0.6072	0.6306	0.6558	0.6965	0.7122	0.7783	0.7529	0.7368	0.7065	0.7129	0.7382	0.7250	0.7164	0.7422	0.7573	0.6774	0.6885	0.7070	0.7431	0.6815	0.7029	0.6789	0.7178	0.7265	0.7417	0.7029	0.6657	0.6893	0.6265	0.6425	0.6199	0.5601	0.5671	0.5363	0.4981	0.4581	0.4283	0.4283	0.3945	0.3722	0.3561	0.3665	0.3369
0.2523	0.2820	0.3366	0.3717	0.3610	0.3556	0.4060	0.4339	0.4357	0.4687	0.4364	0.4968	0.5458	0.5646	0.5895	0.6112	0.6150	0.5814	0.6074	0.6579	0.5801	0.5691	0.5870	0.6183	0.6235	0.6056	0.6293	0.6334	0.6560	0.6797	0.6524	0.7095	0.7156	0.6797	0.6453	0.6760	0.6874	0.7027	0.7066	0.7280	0.7397	0.6885	0.6717	0.6632	0.6585	0.6264	0.6773	0.6789	0.6488	0.6016	0.6429	0.6314	0.6187	0.6502	0.5667	0.6024	0.5967	0.5217	0.5260	0.5342	0.4848	0.4623	0.4345	0.4084	0.3996	0.3748	0.3608	0.3612	0.3378
0.2640	0.2807	0.3480	0.3647	0.3466	0.3738	0.4186	0.4109	0.3896	0.4634	0.5365	0.5150	0.5150	0.5677	0.5863	0.5717	0.5787	0.6521	0.6468	0.6056	0.6041	0.5923	0.5868	0.6154	0.6543	0.6325	0.6388	0.6613	0.7003	0.7151	0.6954	0.7079	0.7462	0.6801	0.6792	0.7016	0.6747	0.7085	0.6869	0.6876	0.7001	0.6884	0.6736	0.6619	0.6360	0.6394	0.6759	0.6607	0.6373	0.6064	0.5771	0.5599	0.5804	0.5862	0.5807	0.5429	0.5352	0.5274	0.5003	0.5186	0.4767	0.4294	0.4203	0.4148	0.4327	0.3733	0.3521	0.3552	0.3237
0.2602	0.2909	0.3314	0.3428	0.3593	0.3745	0.4220	0.3800	0.3846	0.4396	0.5129	0.5229	0.5331	0.5722	0.5453	0.5887	0.6227	0.6279	0.6444	0.6671	0.6368	0.6316	0.6157	0.6599	0.6629	0.6196	0.6443	0.7267	0.7319	0.7541	0.7101	0.7509	0.7747	0.7483	0.7331	0.7395	0.7493	0.7346	0.7312	0.6993	0.7046	0.7380	0.6805	0.7082	0.6889	0.6636	0.6881	0.6698	0.6062	0.6030	0.5720	0.5603	0.5539	0.5476	0.5627	0.5479	0.5051	0.5031	0.4661	0.5278	0.5033	0.4465	0.4408	0.4679	0.4195	0.3883	0.3843	0.3768	0.3550
0.2549	0.2578	0.3061	0.3523	0.3640	0.3879	0.4164	0.3988	0.4467	0.4622	0.4805	0.5103	0.5604	0.5391	0.5305	0.5882	0.6557	0.6258	0.6466	0.6623	0.6730	0.6780	0.6405	0.6406	0.6516	0.6235	0.6161	0.6508	0.6775	0.7042	0.7668	0.7681	0.7777	0.7556	0.7971	0.7959	0.7740	0.7113	0.7129	0.7606	0.6953	0.7230	0.7070	0.7201	0.6594	0.6579	0.6985	0.6386	0.6268	0.6198	0.5818	0.5672	0.5878	0.5715	0.5315	0.5302	0.5177	0.4833	0.4874	0.5108	0.4851	0.4492	0.4342	0.4188	0.4080	0.4017	0.3781	0.3696	0.3578
0.2450	0.2388	0.2911	0.3328	0.3509	0.3479	0.3686	0.3975	0.4251	0.4328	0.4317	0.4174	0.4916	0.5467	0.5839	0.6185	0.6402	0.6193	0.6531	0.6380	0.6536	0.6579	0.6600	0.6716	0.6787	0.6404	0.6333	0.6458	0.6691	0.7096	0.7345	0.7425	0.7783	0.7504	0.7750	0.7592	0.7333	0.7321	0.7364	0.7395	0.6955	0.7103	0.7386	0.7137	0.7235	0.7108	0.7204	0.7475	0.7300	0.7283	0.6967	0.5851	0.5898	0.5996	0.5518	0.5399	0.5312	0.5029	0.4701	0.4628	0.4832	0.4517	0.4648	0.4417	0.4056	0.3856	0.3795	0.3670	0.3634
0.2191	0.2516	0.3214	0.3454	0.3675	0.3656	0.4020	0.3968	0.4066	0.4318	0.4203	0.4737	0.5283	0.5588	0.5628	0.5774	0.6585	0.6696	0.6502	0.6746	0.7110	0.6977	0.6883	0.6437	0.6728	0.6505	0.6673	0.6854	0.6833	0.6913	0.7187	0.7428	0.7342	0.7419	0.7769	0.7746	0.8036	0.7684	0.7407	0.7336	0.7618	0.7534	0.7167	0.7428	0.7405	0.6930	0.7627	0.8095	0.8607	0.8169	0.7409	0.7167	0.7463	0.7240	0.6232	0.6016	0.5646	0.5356	0.4874	0.4861	0.4810	0.4504	0.4452	0.4293	0.3959	0.3729	0.4009	0.3610	0.3561
0.2450	0.2313	0.2990	0.3296	0.3514	0.3623	0.3571	0.4351	0.4427	0.4116	0.4447	0.4721	0.5357	0.5778	0.5337	0.6344	0.6570	0.6664	0.6724	0.6918	0.7307	0.6481	0.6515	0.6403	0.6391	0.6854	0.6786	0.6714	0.6810	0.7037	0.7149	0.7398	0.7797	0.8018	0.8204	0.7820	0.7688	0.7264	0.7750	0.7558	0.7553	0.7601	0.7220	0.7403	0.7075	0.7514	0.8114	0.8102	0.8397	0.8741	0.7056	0.7528	0.7871	0.7226	0.7545	0.6941	0.6380	0.5495	0.5263	0.4957	0.4785	0.4537	0.4253	0.4549	0.4122	0.4048	0.4024	0.3823	0.3819
0.2220	0.2363	0.2585	0.2772	0.3153	0.3486	0.3616	0.4177	0.4148	0.3578	0.4141	0.4679	0.5135	0.5394	0.5829	0.6368	0.6468	0.6751	0.6494	0.6665	0.6997	0.6711	0.6537	0.6610	0.6889	0.6806	0.6763	0.6792	0.7108	0.7542	0.7054	0.7488	0.7748	0.8112	0.8788	0.8546	0.7767	0.7795	0.8043	0.7765	0.7591	0.7781	0.7782	0.7606	0.7467	0.7625	0.7570	0.8102	0.7801	0.9061	0.6227	0.5298	0.5731	0.5757	0.6946	0.8019	0.7302	0.6308	0.5991	0.5726	0.4914	0.4382	0.4492	0.4605	0.4514	0.4352	0.3894	0.3828	0.3697
0.1863	0.2005	0.2303	0.2588	0.2814	0.3216	0.4033	0.3955	0.4188	0.4122	0.4240	0.4374	0.4708	0.5389	0.5664	0.6050	0.6469	0.6714	0.6636	0.6579	0.7010	0.6904	0.6514	0.6457	0.6819	0.6983	0.7130	0.7052	0.7562	0.7307	0.7244	0.7614	0.8364	0.8934	0.8653	0.8405	0.8196	0.7836	0.7617	0.7719	0.7421	0.7693	0.7747	0.7451	0.7429	0.7611	0.8388	0.8522	0.8517	0.8761	0.6192	0.4199	0.4317	0.4529	0.5517	0.7258	0.7478	0.6846	0.6196	0.5668	0.5374	0.4936	0.4836	0.4462	0.4261	0.3985	0.3794	0.3796	0.4058
0.1750	0.1821	0.2549	0.2856	0.3062	0.3492	0.4025	0.4180	0.4028	0.4517	0.4232	0.4526	0.4884	0.5325	0.5431	0.6288	0.6448	0.6468	0.6950	0.6818	0.6989	0.7160	0.6362	0.6843	0.6601	0.7183	0.7029	0.7348	0.7361	0.7567	0.7750	0.8036	0.8561	0.8785	0.8531	0.8237	0.7908	0.7888	0.7484	0.7457	0.7496	0.7653	0.7527	0.8015	0.7344	0.7589	0.7955	0.8207	0.9105	0.9287	0.6018	0.3702	0.3945	0.4085	0.4423	0.5495	0.7161	0.7359	0.6919	0.6216	0.5776	0.4881	0.5111	0.4889	0.4116	0.3989	0.4210	0.4042	0.3775
0.1857	0.2431	0.3224	0.3283	0.3598	0.4421	0.4562	0.5302	0.5066	0.4943	0.4900	0.5103	0.5131	0.5263	0.5449	0.5725	0.6634	0.6986	0.7376	0.7511	0.7223	0.7346	0.7427	0.7486	0.7393	0.7309	0.7103	0.7465	0.7403	0.7487	0.7984	0.8312	0.8400	0.8661	0.9074	0.8280	0.8187	0.8081	0.7888	0.7754	0.7532	0.7677	0.7860	0.8025	0.8045	0.7996	0.8373	0.8462	0.9033	0.9478	0.6151	0.3567	0.3818	0.4116	0.4166	0.4449	0.7058	0.8352	0.7524	0.6455	0.6169	0.5747	0.5185	0.4966	0.4283	0.4002	0.4337	0.4192	0.3924
0.2404	0.3976	0.4875	0.5443	0.5561	0.6536	0.6804	0.6963	0.6872	0.6510	0.6437	0.6508	0.6136	0.5774	0.5914	0.6037	0.6649	0.6601	0.6832	0.7081	0.6620	0.7318	0.7864	0.6964	0.7479	0.7430	0.7601	0.7073	0.7202	0.7397	0.7937	0.8615	0.8752	0.8799	0.9151	0.8522	0.8386	0.8282	0.7967	0.8304	0.7718	0.7877	0.8355	0.8175	0.7996	0.8127	0.8193	0.8519	0.8794	0.9318	0.5734	0.3593	0.3624	0.3787	0.4098	0.4408	0.6085	0.8283	0.7825	0.7093	0.6683	0.6202	0.6001	0.5541	0.4869	0.4430	0.4278	0.4378	0.4341
0.1540	0.2778	0.4288	0.5761	0.6476	0.7575	0.8085	0.7751	0.7919	0.8169	0.7839	0.8144	0.7340	0.7315	0.7740	0.7463	0.6790	0.6844	0.7001	0.6816	0.6398	0.6912	0.7117	0.7391	0.7144	0.6930	0.7022	0.7093	0.7611	0.8174	0.8624	0.8476	0.9041	0.9169	0.8882	0.8340	0.8617	0.7902	0.8518	0.8062	0.7711	0.7986	0.8605	0.9052	0.8752	0.8804	0.9111	0.8993	0.9262	0.8433	0.4393	0.3455	0.3683	0.3730	0.4095	0.4293	0.6067	0.8594	0.8403	0.7829	0.7220	0.6815	0.6407	0.5980	0.5628	0.5031	0.4873	0.4574	0.4599
0.0683	0.0985	0.1569	0.2599	0.3161	0.3798	0.4598	0.5003	0.5156	0.5992	0.6984	0.7836	0.8013	0.8724	0.9137	0.8785	0.8596	0.8254	0.7680	0.7794	0.7397	0.7102	0.7065	0.6994	0.6974	0.7057	0.6947	0.7343	0.8728	0.9108	0.8999	0.8828	0.9289	0.8869	0.8901	0.8673	0.9267	0.8649	0.8414	0.8287	0.8772	0.8200	0.8898	0.8656	0.9190	0.8996	0.9038	0.8628	0.8013	0.5605	0.3530	0.3526	0.3447	0.3769	0.3991	0.4651	0.7657	0.9300	0.8622	0.8084	0.7363	0.6690	0.6688	0.6364	0.5660	0.5160	0.5479	0.5401	0.4999
0.0357	0.0732	0.0748	0.1179	0.1373	0.1418	0.1793	0.2381	0.2653	0.2762	0.3674	0.4474	0.5395	0.6457	0.8396	0.9129	0.9282	0.9041	0.8425	0.8510	0.8922	0.7935	0.7680	0.7989	0.7897	0.7701	0.8018	0.7906	0.8751	0.9377	0.9333	0.9337	0.9813	0.9681	0.9731	0.9851	0.9567	0.9469	0.9092	0.9249	0.8675	0.8216	0.8458	0.7785	0.7761	0.7628	0.7343	0.6090	0.4535	0.3504	0.3521	0.3346	0.3428	0.3596	0.3907	0.4270	0.6033	0.8190	0.8228	0.8206	0.7798	0.7040	0.6808	0.6432	0.6078	0.5974	0.6174	0.5316	0.4844
0.0242	0.0481	0.0622	0.0666	0.0616	0.0633	0.0956	0.1212	0.1364	0.1491	0.1810	0.2343	0.2935	0.3403	0.4599	0.6442	0.8247	0.9232	0.9744	0.8948	0.8855	0.8848	0.8406	0.8522	0.8685	0.8298	0.8590	0.8672	0.9248	0.9358	0.9398	0.9318	0.9683	0.9692	0.9376	0.9116	0.8544	0.7696	0.6903	0.6064	0.5246	0.5223	0.5611	0.4933	0.4113	0.4067	0.3906	0.3566	0.3298	0.3185	0.3071	0.3041	0.3111	0.3368	0.3500	0.3859	0.4326	0.5405	0.6634	0.7516	0.7853	0.7370	0.7392	0.7183	0.6523	0.6603	0.6474	0.5389	0.5179
0.0308	0.0388	0.0447	0.0652	0.0594	0.0477	0.0791	0.0789	0.0757	0.1094	0.1328	0.1287	0.1472	0.1655	0.2326	0.3308	0.4972	0.6489	0.8048	0.9033	0.8873	0.8471	0.8436	0.8432	0.8140	0.7862	0.7965	0.8423	0.8752	0.8546	0.8904	0.9209	0.8623	0.7631	0.7333	0.6386	0.4499	0.3611	0.3370	0.2776	0.2720	0.3088	0.2968	0.2809	0.2854	0.2993	0.2850	0.3010	0.2904	0.2771	0.2767	0.2731	0.2774	0.2918	0.3040	0.3487	0.3909	0.3981	0.4289	0.5081	0.6936	0.7667	0.7574	0.7146	0.6373	0.6900	0.6496	0.5981	0.5621
0.0162	0.0324	0.0655	0.0650	0.0496	0.0798	0.0755	0.0645	0.0646	0.0786	0.0925	0.0904	0.1075	0.1148	0.1381	0.1842	0.2308	0.3147	0.4698	0.5718	0.6583	0.7007	0.7901	0.8295	0.7956	0.7085	0.7553	0.6692	0.6300	0.5553	0.5132	0.6054	0.5135	0.3659	0.3488	0.3212	0.2378	0.2246	0.2191	0.2329	0.2157	0.2385	0.2533	0.2503	0.2376	0.2510	0.2458	0.2608	0.2454	0.2609	0.2651	0.2498	0.2668	0.2649	0.2893	0.3016	0.3125	0.3402	0.3569	0.3801	0.4548	0.5360	0.5207	0.5788	0.6931	0.7123	0.6597	0.6221	0.5474
0.0062	0.0296	0.0397	0.0394	0.0429	0.0687	0.0800	0.0705	0.0758	0.0833	0.0763	0.0931	0.0932	0.0965	0.0948	0.1142	0.1437	0.1553	0.1659	0.2268	0.2758	0.3314	0.5681	0.7835	0.7505	0.6528	0.3956	0.2674	0.2641	0.2147	0.1976	0.2228	0.2150	0.1794	0.1962	0.1958	0.1660	0.1799	0.1840	0.1776	0.1668	0.1828	0.2007	0.2160	0.2044	0.2032	0.2214	0.2312	0.2200	0.2244	0.2410	0.2469	0.2534	0.2542	0.2581	0.2665	0.2937	0.3115	0.3246	0.3436	0.3745	0.4160	0.4320	0.5839	0.7703	0.6881	0.6348	0.6075	0.5557
0.0177	0.0299	0.0368	0.0521	0.0438	0.0492	0.0556	0.0620	0.0638	0.0689	0.0775	0.0888	0.0975	0.0993	0.0910	0.1007	0.1326	0.1247	0.1344	0.1375	0.1612	0.1525	0.2652	0.4353	0.4473	0.3013	0.1666	0.1447	0.1570	0.1525	0.1498	0.1538	0.1291	0.1377	0.1477	0.1356	0.1296	0.1337	0.1354	0.1304	0.1385	0.1528	0.1531	0.1713	0.1708	0.1665	0.1846	0.1972	0.1886	0.1897	0.2149	0.2156	0.2271	0.2388	0.2382	0.2617	0.2867	0.2782	0.2894	0.3153	0.3186	0.3592	0.3796	0.5139	0.7362	0.7139	0.6611	0.6482	0.6520
0.0000	0.0149	0.0101	0.0399	0.0361	0.0316	0.0496	0.0600	0.0550	0.0577	0.0673	0.0685	0.0745	0.0789	0.1022	0.0931	0.1291	0.1225	0.0987	0.1084	0.1091	0.1162	0.1349	0.1318	0.1362	0.1302	0.1221	0.1450	0.1415	0.1369	0.1222	0.1230	0.1160	0.1034	0.1172	0.1144	0.1166	0.1247	0.1076	0.1079	0.1128	0.1052	0.1166	0.1091	0.1168	0.1308	0.1395	0.1407	0.1456	0.1546	0.1720	0.1780	0.1902	0.2103	0.2084	0.2367	0.2510	0.2568	0.2685	0.2839	0.3057	0.3407	0.3850	0.4550	0.6884	0.7726	0.7093	0.6933	0.6506
0.0000	0.0000	0.0108	0.0408	0.0331	0.0457	0.0408	0.0475	0.0531	0.0532	0.0514	0.0505	0.0623	0.0635	0.0886	0.0940	0.0979	0.1109	0.0830	0.0845	0.0988	0.0944	0.1027	0.1011	0.1028	0.1108	0.1103	0.1130	0.1100	0.1017	0.0985	0.1048	0.1107	0.1026	0.1078	0.1002	0.1030	0.0982	0.1021	0.0948	0.1035	0.0997	0.0994	0.1036	0.0979	0.1041	0.1183	0.1093	0.1127	0.1152	0.1269	0.1263	0.1268	0.1523	0.1473	0.1881	0.1896	0.2146	0.2321	0.2642	0.2669	0.2856	0.3257	0.3674	0.5860	0.7186	0.7211	0.6946	0.6469
0.0000	0.0000	0.0308	0.0302	0.0295	0.0398	0.0288	0.0391	0.0428	0.0470	0.0453	0.0549	0.0575	0.0731	0.0884	0.0827	0.0715	0.0956	0.0801	0.0901	0.0998	0.0856	0.0832	0.0774	0.0951	0.1009	0.1027	0.0982	0.0983	0.0905	0.0853	0.0870	0.1045	0.0998	0.0873	0.0824	0.0894	0.0875	0.0857	0.0850	0.0861	0.0906	0.0908	0.0780	0.0897	0.0950	0.1013	0.0882	0.0948	0.0976	0.0958	0.1002	0.1142	0.1055	0.1047	0.1318	0.1394	0.1468	0.1679	0.2040	0.2188	0.2106	0.2286	0.2763	0.3634	0.5149	0.6630	0.7133	0.6279
0.0000	0.0000	0.0122	0.0147	0.0300	0.0285	0.0393	0.0429	0.0453	0.0352	0.0370	0.0606	0.0432	0.0568	0.0827	0.0631	0.0766	0.0803	0.0690	0.0691	0.0939	0.0790	0.0878	0.0870	0.0967	0.0914	0.0900	0.1018	0.0988	0.0848	0.0689	0.0734	0.0912	0.1012	0.0834	0.0804	0.0931	0.0877	0.0736	0.0892	0.0777	0.0744	0.0736	0.0741	0.0838	0.0831	0.0868	0.0788	0.0793	0.0900	0.0870	0.0848	0.0889	0.0967	0.1085	0.1051	0.1203	0.1185	0.1338	0.1511	0.1571	0.1619	0.1821	0.1859	0.2389	0.2773	0.3705	0.5315	0.4570
0.0000	0.0000	0.0099	0.0151	0.0142	0.0129	0.0148	0.0240	0.0393	0.0496	0.0426	0.0433	0.0483	0.0510	0.0601	0.0618	0.0800	0.0662	0.0758	0.0759	0.0895	0.0831	0.0764	0.0765	0.0841	0.0956	0.0854	0.0867	0.0838	0.0670	0.0708	0.0686	0.0713	0.0836	0.0790	0.0788	0.0848	0.0893	0.0761	0.0714	0.0750	0.0723	0.0753	0.0705	0.0749	0.0678	0.0743	0.0764	0.0699	0.0852	0.0836	0.0745	0.0714	0.0848	0.1004	0.0975	0.1054	0.1104	0.1092	0.1252	0.1242	0.1200	0.1368	0.1419	0.1688	0.1947	0.2184	0.2987	0.3603
0.0000	0.0000	0.0000	0.0160	0.0137	0.0112	0.0361	0.0305	0.0283	0.0236	0.0189	0.0403	0.0540	0.0173	0.0419	0.0600	0.0557	0.0525	0.0436	0.0512	0.0678	0.0758	0.0753	0.0696	0.0701	0.0784	0.0778	0.0757	0.0644	0.0613	0.0647	0.0641	0.0654	0.0804	0.0746	0.0758	0.0630	0.0739	0.0774	0.0661	0.0710	0.0664	0.0778	0.0577	0.0673	0.0672	0.0642	0.0680	0.0685	0.0607	0.0670	0.0634	0.0710	0.0710	0.0694	0.0752	0.0829	0.0866	0.1063	0.1191	0.1156	0.1055	0.1077	0.1385	0.1476	0.1500	0.1874	0.2682	0.3609
0.0000	0.0000	0.0000	0.0027	0.0000	0.0000	0.0123	0.0240	0.0103	0.0093	0.0127	0.0308	0.0357	0.0257	0.0237	0.0508	0.0488	0.0380	0.0465	0.0549	0.0636	0.0595	0.0631	0.0768	0.0646	0.0605	0.0552	0.0637	0.0752	0.0655	0.0610	0.0609	0.0692	0.0693	0.0707	0.0646	0.0526	0.0518	0.0510	0.0575	0.0652	0.0595	0.0555	0.0566	0.0583	0.0615	0.0662	0.0571	0.0593	0.0531	0.0681	0.0664	0.0606	0.0523	0.0612	0.0640	0.0630	0.0682	0.0811	0.0905	0.0962	0.0846	0.0986	0.1130	0.1310	0.1371	0.1602	0.1941	0.3357
0.0000	0.0000	0.0000	0.0000	0.0000	0.0090	0.0262	0.0187	0.0133	0.0117	0.0264	0.0389	0.0359	0.0319	0.0353	0.0444	0.0445	0.0528	0.0410	0.0508	0.0526	0.0646	0.0549	0.0457	0.0591	0.0572	0.0547	0.0523	0.0645	0.0688	0.0549	0.0543	0.0707	0.0639	0.0646	0.0551	0.0695	0.0562	0.0531	0.0600	0.0660	0.0516	0.0486	0.0535	0.0472	0.0553	0.0646	0.0543	0.0458	0.0596	0.0561	0.0535	0.0551	0.0551	0.0648	0.0533	0.0631	0.0600	0.0696	0.0631	0.0731	0.0664	0.0702	0.0815	0.0817	0.0787	0.0973	0.1214	0.1616
0.0000	0.0000	0.0000	0.0211	0.0205	0.0019	0.0174	0.0124	0.0321	0.0136	0.0139	0.0392	0.0233	0.0367	0.0208	0.0393	0.0457	0.0475	0.0361	0.0547	0.0567	0.0404	0.0467	0.0504	0.0623	0.0566	0.0636	0.0593	0.0546	0.0616	0.0656	0.0634	0.0658	0.0609	0.0561	0.0533	0.0542	0.0582	0.0594	0.0617	0.0618	0.0465	0.0455	0.0411	0.0521	0.0608	0.0509	0.0555	0.0439	0.0517	0.0527	0.0509	0.0477	0.0566	0.0637	0.0453	0.0537	0.0672	0.0549	0.0610	0.0520	0.0444	0.0597	0.0636	0.0587	0.0505	0.0532	0.0666	0.0652
0.0000	0.0000	0.0000	0.0000	0.0061	0.0000	0.0001	0.0065	0.0000	0.0051	0.0192	0.0300	0.0227	0.0201	0.0260	0.0415	0.0491	0.0289	0.0343	0.0352	0.0444	0.0463	0.0442	0.0478	0.0655	0.0487	0.0565	0.0467	0.0582	0.0602	0.0648	0.0586	0.0500	0.0502	0.0594	0.0574	0.0413	0.0569	0.0580	0.0515	0.0495	0.0431	0.0482	0.0516	0.0488	0.0462	0.0474	0.0535	0.0476	0.0487	0.0443	0.0417	0.0492	0.0448	0.0402	0.0515	0.0604	0.0562	0.0405	0.0592	0.0538	0.0576	0.0478	0.0583	0.0591	0.0534	0.0457	0.0571	0.0527
0.0000	0.0000	0.0000	0.0119	0.0000	0.0000	0.0000	0.0089	0.0000	0.0048	0.0075	0.0066	0.0095	0.0203	0.0303	0.0230	0.0294	0.0287	0.0466	0.0272	0.0289	0.0452	0.0499	0.0433	0.0827	0.0554	0.0541	0.0524	0.0456	0.0500	0.0612	0.0428	0.0558	0.0425	0.0539	0.0523	0.0474	0.0692	0.0562	0.0464	0.0462	0.0527	0.0489	0.0465	0.0525	0.0558	0.0478	0.0399	0.0472	0.0370	0.0443	0.0503	0.0514	0.0456	0.0469	0.0584	0.0494	0.0490	0.0526	0.0542	0.0637	0.0641	0.0561	0.0679	0.0640	0.0584	0.0696	0.0758	0.0552
