0.0000	0.0000	0.0000	0.0087	0.0000	0.0024	0.0097	0.0173	0.0255	0.0186	0.0247	0.0264	0.0399	0.0253	0.0253	0.0524	0.0490	0.0472	0.0445	0.0625	0.0524	0.0498	0.0718	0.0785	0.0783	0.0902	0.0916	0.0956	0.0913	0.0772	0.0872	0.0860	0.0729	0.0949	0.0808	0.0891	0.0991	0.0935	0.0691	0.0721	0.0822	0.0818	0.0745	0.0735	0.0588	0.0717	0.0693	0.0666	0.0635	0.0568	0.0514	0.0601	0.0600	0.0603	0.0644	0.0691	0.0768	0.0614	0.0622	0.0635	0.0719	0.0551	0.0646	0.0455	0.0717	0.0698	0.0462	0.0680	0.0540
0.0000	0.0000	0.0000	0.0073	0.0000	0.0050	0.0167	0.0180	0.0383	0.0064	0.0358	0.0342	0.0428	0.0301	0.0279	0.0438	0.0490	0.0663	0.0639	0.0606	0.0752	0.0731	0.0706	0.1061	0.1064	0.1006	0.0747	0.1033	0.1011	0.1063	0.0892	0.0912	0.0807	0.0920	0.0960	0.1044	0.1029	0.1022	0.0994	0.1038	0.0987	0.0946	0.0721	0.0806	0.0844	0.0786	0.0627	0.0768	0.0772	0.0686	0.0622	0.0613	0.0704	0.0719	0.0690	0.0766	0.0819	0.0888	0.0635	0.0684	0.0720	0.0654	0.0740	0.0608	0.0759	0.0654	0.0696	0.0799	0.0740
0.0000	0.0000	0.0000	0.0078	0.0160	0.0144	0.0122	0.0215	0.0236	0.0214	0.0282	0.0518	0.0477	0.0482	0.0432	0.0540	0.0490	0.0717	0.0687	0.0664	0.0732	0.0814	0.0839	0.0898	0.0982	0.1006	0.1011	0.0854	0.0995	0.1046	0.0889	0.0927	0.1168	0.1197	0.1026	0.0868	0.1114	0.1021	0.0994	0.1047	0.0996	0.1106	0.1003	0.0948	0.0908	0.0822	0.0856	0.0674	0.0856	0.0807	0.0817	0.0782	0.0702	0.0812	0.0850	0.0730	0.0854	0.0936	0.0738	0.0877	0.0924	0.0814	0.0748	0.0656	0.0724	0.0773	0.0854	0.0970	0.0903
0.0000	0.0000	0.0000	0.0095	0.0118	0.0083	0.0223	0.0385	0.0334	0.0449	0.0418	0.0536	0.0557	0.0491	0.0449	0.0738	0.0771	0.0709	0.0839	0.0777	0.0906	0.0740	0.0784	0.0663	0.0880	0.0980	0.0860	0.0878	0.1103	0.1151	0.1134	0.1021	0.1059	0.1260	0.1222	0.1141	0.1135	0.1147	0.0989	0.0955	0.1014	0.0993	0.0957	0.0889	0.0839	0.0823	0.0924	0.0823	0.0648	0.0709	0.0980	0.0759	0.0768	0.0793	0.0859	0.0839	0.0753	0.0875	0.0863	0.0928	0.0993	0.0951	0.0984	0.0812	0.0888	0.0990	0.1041	0.0993	0.1163
0.0000	0.0014	0.0164	0.0075	0.0105	0.0068	0.0136	0.0384	0.0536	0.0606	0.0447	0.0543	0.0566	0.0517	0.0588	0.0774	0.0794	0.0612	0.0845	0.0878	0.0849	0.0797	0.0869	0.0868	0.1035	0.1091	0.0862	0.0752	0.1156	0.1089	0.1167	0.0990	0.1113	0.1172	0.1125	0.1165	0.1240	0.1024	0.0987	0.1022	0.1030	0.0903	0.1066	0.0906	0.0848	0.0853	0.1035	0.0902	0.0759	0.0807	0.0847	0.0935	0.0812	0.0885	0.1040	0.0972	0.0886	0.0681	0.1003	0.1110	0.1034	0.1105	0.1134	0.1166	0.1223	0.1007	0.1510	0.1472	0.1336
0.0000	0.0000	0.0230	0.0109	0.0084	0.0186	0.0277	0.0410	0.0378	0.0370	0.0490	0.0560	0.0872	0.0640	0.0747	0.0883	0.0815	0.0704	0.0678	0.0865	0.1143	0.1062	0.0916	0.0955	0.1240	0.1158	0.1108	0.1101	0.1157	0.1261	0.1290	0.1127	0.1295	0.1281	0.1211	0.1173	0.1370	0.1195	0.1048	0.1094	0.0879	0.1123	0.1180	0.0961	0.0966	0.0922	0.0936	0.1041	0.0835	0.0900	0.0914	0.0899	0.0901	0.1016	0.0925	0.1019	0.1070	0.1088	0.1122	0.1344	0.1319	0.1287	0.1306	0.1524	0.1300	0.1278	0.1531	0.1642	0.1550
0.0000	0.0043	0.0102	0.0265	0.0216	0.0277	0.0387	0.0365	0.0353	0.0535	0.0442	0.0616	0.0821	0.0724	0.0774	0.0907	0.0943	0.0821	0.0721	0.0832	0.1078	0.1010	0.0893	0.0899	0.1348	0.1328	0.0987	0.1245	0.1220	0.1272	0.1147	0.1243	0.1493	0.1507	0.1149	0.1239	0.1187	0.1215	0.1116	0.1026	0.0971	0.1152	0.1102	0.1085	0.1005	0.0946	0.0940	0.1082	0.1062	0.1102	0.1185	0.1186	0.1166	0.1075	0.1261	0.1443	0.1297	0.1270	0.1494	0.1469	0.1405	0.1619	0.1665	0.1757	0.1686	0.1576	0.1613	0.1657	0.1754
0.0000	0.0110	0.0072	0.0164	0.0323	0.0249	0.0373	0.0429	0.0401	0.0541	0.0457	0.0640	0.0694	0.0695	0.0764	0.0932	0.0939	0.0956	0.0933	0.1148	0.1118	0.1215	0.0999	0.1013	0.1172	0.1299	0.1162	0.1183	0.1340	0.1306	0.1177	0.1391	0.1412	0.1337	0.1263	0.1215	0.1387	0.1559	0.1381	0.1202	0.1274	0.1313	0.1296	0.1373	0.1187	0.1328	0.1234	0.1355	0.1180	0.1201	0.1121	0.1314	0.1205	0.1115	0.1362	0.1456	0.1435	0.1371	0.1576	0.1652	0.1679	0.1911	0.1905	0.1931	0.2013	0.1816	0.1848	0.1891	0.2078
0.0000	0.0000	0.0168	0.0292	0.0328	0.0323	0.0406	0.0534	0.0631	0.0655	0.0776	0.0721	0.0735	0.0670	0.0738	0.0966	0.0955	0.0993	0.1071	0.1251	0.1338	0.1276	0.1208	0.1164	0.1187	0.1402	0.1356	0.1201	0.1404	0.1448	0.1462	0.1550	0.1616	0.1300	0.1502	0.1383	0.1466	0.1462	0.1332	0.1330	0.1311	0.1510	0.1546	0.1419	0.1476	0.1545	0.1389	0.1431	0.1385	0.1440	0.1457	0.1429	0.1530	0.1691	0.1772	0.1726	0.1781	0.1581	0.1860	0.1871	0.2144	0.2045	0.2115	0.2254	0.2235	0.2317	0.2358	0.2410	0.2321
0.0000	0.0004	0.0249	0.0292	0.0505	0.0403	0.0385	0.0431	0.0559	0.0735	0.0813	0.0901	0.0828	0.0739	0.0993	0.1079	0.1229	0.1126	0.1264	0.1376	0.1355	0.1283	0.1230	0.1330	0.1386	0.1573	0.1582	0.1487	0.1621	0.1658	0.1842	0.1771	0.1641	0.1637	0.1616	0.1543	0.1649	0.1823	0.1723	0.1546	0.1709	0.1671	0.1688	0.1778	0.1629	0.1694	0.1848	0.1651	0.1685	0.1657	0.1669	0.1757	0.1880	0.1779	0.1966	0.1876	0.2107	0.2056	0.2316	0.2335	0.2456	0.2450	0.2570	0.2788	0.2787	0.2792	0.2586	0.2766	0.3285
0.0053	0.0000	0.0298	0.0410	0.0559	0.0587	0.0484	0.0537	0.0723	0.0629	0.0716	0.0714	0.0918	0.0923	0.0873	0.1117	0.1133	0.1264	0.1282	0.1374	0.1694	0.1763	0.1680	0.1775	0.1954	0.1900	0.2175	0.2133	0.2286	0.2467	0.2635	0.2808	0.2586	0.2349	0.2159	0.2053	0.2020	0.2048	0.1781	0.1516	0.1751	0.1739	0.1912	0.1757	0.1826	0.1795	0.2131	0.1940	0.1890	0.2125	0.2113	0.2088	0.1933	0.1919	0.2116	0.2371	0.2386	0.2315	0.2598	0.2684	0.2786	0.2826	0.2949	0.3261	0.3821	0.3911	0.3252	0.3158	0.3741
0.0191	0.0149	0.0440	0.0541	0.0352	0.0513	0.0689	0.0784	0.0680	0.0747	0.0844	0.0929	0.1018	0.0937	0.0911	0.1136	0.1262	0.1233	0.1577	0.1669	0.1995	0.2115	0.2059	0.2539	0.2915	0.3005	0.3709	0.4205	0.4563	0.5554	0.5587	0.6095	0.6401	0.4306	0.3452	0.3900	0.3822	0.2732	0.2309	0.2034	0.1987	0.2102	0.2218	0.1921	0.2048	0.2178	0.2301	0.2183	0.2029	0.2257	0.2157	0.2328	0.2382	0.2438	0.2493	0.2695	0.2891	0.2694	0.2784	0.3074	0.3502	0.4378	0.4701	0.4835	0.5475	0.4577	0.4008	0.3875	0.4114
0.0247	0.0348	0.0696	0.0634	0.0597	0.0475	0.0522	0.0913	0.0961	0.0946	0.1089	0.0997	0.1213	0.1072	0.1116	0.1384	0.1747	0.1972	0.2082	0.2416	0.2850	0.3276	0.4167	0.5248	0.5594	0.6359	0.6418	0.6507	0.7148	0.7398	0.6919	0.7973	0.8442	0.7180	0.6901	0.6867	0.6811	0.5608	0.3822	0.2723	0.2397	0.2379	0.2321	0.2336	0.2395	0.2362	0.2348	0.2274	0.2444	0.2450	0.2323	0.2471	0.2693	0.2858	0.2959	0.3116	0.3176	0.3125	0.3513	0.3777	0.4917	0.6090	0.6327	0.6339	0.5690	0.5220	0.4702	0.4137	0.4365
0.0259	0.0494	0.0731	0.0487	0.0615	0.0684	0.0874	0.1023	0.1072	0.0923	0.1110	0.1293	0.1435	0.1396	0.1512	0.2003	0.2584	0.2829	0.3321	0.3993	0.4490	0.4921	0.7455	0.7474	0.7100	0.7128	0.6466	0.6969	0.6956	0.7068	0.7497	0.8075	0.8277	0.7919	0.7814	0.7185	0.7727	0.7244	0.6931	0.4381	0.2941	0.2796	0.2861	0.2795	0.2592	0.2491	0.2609	0.2577	0.2662	0.2665	0.2798	0.2980	0.2979	0.3046	0.3303	0.3522	0.3429	0.3638	0.3966	0.4938	0.6222	0.6138	0.6200	0.6413	0.5674	0.5058	0.4986	0.4019	0.3691
0.0183	0.0428	0.0631	0.0662	0.0757	0.0677	0.0904	0.1200	0.1399	0.1060	0.1333	0.1814	0.1979	0.2026	0.2514	0.2991	0.4651	0.5736	0.6299	0.7360	0.7464	0.7298	0.7893	0.7548	0.7265	0.6784	0.6119	0.6765	0.6955	0.7762	0.7835	0.7811	0.7666	0.7779	0.7820	0.7520	0.7326	0.7438	0.7641	0.6077	0.4289	0.3590	0.3288	0.2973	0.3065	0.2874	0.2729	0.2849	0.3016	0.2931	0.3155	0.3025	0.3016	0.3190	0.3464	0.3926	0.4362	0.4212	0.4517	0.6288	0.6547	0.6212	0.5960	0.5991	0.5788	0.4755	0.4572	0.4519	0.3746
0.0256	0.0408	0.0635	0.0776	0.1030	0.0995	0.1032	0.1416	0.1781	0.1793	0.2223	0.3026	0.3134	0.3219	0.4358	0.5231	0.7862	0.8063	0.8235	0.8232	0.7910	0.7679	0.6907	0.7288	0.7227	0.6182	0.6274	0.6205	0.6508	0.7435	0.7110	0.7627	0.8047	0.8036	0.7499	0.7550	0.7520	0.7658	0.7041	0.6482	0.6674	0.5016	0.4126	0.3753	0.3614	0.3507	0.3342	0.3331	0.3347	0.3408	0.3420	0.3348	0.3385	0.3520	0.3831	0.4370	0.4571	0.4685	0.5872	0.7419	0.6944	0.5736	0.6261	0.5682	0.5171	0.4674	0.4558	0.4752	0.4501
0.0255	0.0546	0.0884	0.0915	0.1072	0.1475	0.1871	0.1976	0.2469	0.3635	0.4736	0.5919	0.5968	0.5250	0.6039	0.6998	0.7578	0.8304	0.8128	0.7888	0.7977	0.7292	0.6903	0.6672	0.6907	0.5972	0.6390	0.5980	0.6097	0.7320	0.7148	0.7608	0.8209	0.7966	0.7988	0.7689	0.8171	0.7662	0.7484	0.6770	0.6973	0.6592	0.5564	0.4619	0.4261	0.3752	0.3575	0.3554	0.3633	0.3744	0.3786	0.3946	0.4002	0.4359	0.4714	0.4722	0.5280	0.6068	0.7107	0.7153	0.6378	0.5558	0.5905	0.5581	0.5354	0.4488	0.4595	0.4413	0.3965
0.0804	0.0925	0.1371	0.1680	0.1910	0.2563	0.3608	0.4011	0.4554	0.5316	0.6608	0.7340	0.7109	0.6836	0.7042	0.7556	0.7517	0.7695	0.7902	0.7571	0.7436	0.7341	0.6591	0.6321	0.6528	0.5843	0.6194	0.6295	0.6015	0.6784	0.7541	0.7875	0.7901	0.7718	0.7831	0.7790	0.8027	0.7366	0.7588	0.7541	0.7059	0.7278	0.7287	0.6181	0.5705	0.4827	0.4096	0.3986	0.4217	0.3986	0.4072	0.4571	0.4778	0.5075	0.5962	0.5532	0.5634	0.6861	0.7157	0.6637	0.6578	0.5983	0.5674	0.5709	0.5091	0.4108	0.4407	0.4611	0.4014
0.1355	0.2087	0.3130	0.3721	0.4159	0.5186	0.5837	0.5885	0.7066	0.6686	0.6225	0.6818	0.7380	0.6787	0.7165	0.7652	0.7704	0.7465	0.7645	0.7187	0.6763	0.6730	0.6794	0.6439	0.6449	0.6161	0.6588	0.6545	0.6385	0.7004	0.7188	0.7533	0.8179	0.8084	0.7990	0.7632	0.7199	0.7271	0.7130	0.7547	0.7438	0.7349	0.8011	0.7689	0.7336	0.6926	0.5474	0.4682	0.4240	0.4476	0.4757	0.4751	0.5306	0.6329	0.7543	0.6931	0.6052	0.6389	0.6404	0.6613	0.6903	0.5697	0.5396	0.4969	0.4966	0.4391	0.4300	0.4358	0.4181
0.1895	0.3429	0.4872	0.5535	0.5979	0.6441	0.6670	0.6283	0.6453	0.6452	0.6124	0.5839	0.6689	0.6204	0.6305	0.6531	0.7164	0.7321	0.6545	0.6620	0.6661	0.6480	0.6383	0.6403	0.6159	0.6245	0.6451	0.6922	0.6908	0.7296	0.7352	0.7708	0.8225	0.8519	0.8115	0.7623	0.7583	0.7702	0.6858	0.6901	0.6971	0.7421	0.7655	0.7266	0.8200	0.7374	0.6981	0.6446	0.5312	0.4661	0.4823	0.4877	0.5708	0.7455	0.7637	0.6952	0.6919	0.6530	0.5989	0.5956	0.6002	0.5284	0.5167	0.5019	0.4750	0.4514	0.3970	0.4282	0.3911
0.2381	0.3263	0.3707	0.4271	0.4659	0.5251	0.5269	0.4852	0.4611	0.4991	0.5215	0.5144	0.5785	0.5302	0.5345	0.5936	0.6293	0.6802	0.6139	0.5778	0.6207	0.6162	0.6201	0.6542	0.6084	0.6337	0.6238	0.6612	0.6569	0.6677	0.7528	0.7760	0.7776	0.8300	0.8193	0.7537	0.7555	0.7736	0.7119	0.6973	0.6940	0.6952	0.7498	0.7198	0.7253	0.7115	0.7443	0.7716	0.6474	0.5672	0.6363	0.5927	0.6845	0.7753	0.7132	0.6376	0.6346	0.6068	0.6239	0.5839	0.5585	0.5333	0.4859	0.4831	0.4580	0.4434	0.4210	0.4145	0.3915
0.2689	0.2975	0.3190	0.3141	0.3375	0.4016	0.4024	0.4454	0.4242	0.4361	0.4716	0.5017	0.5072	0.4881	0.5173	0.5576	0.6408	0.6501	0.6507	0.6091	0.6471	0.6073	0.6182	0.6307	0.6351	0.6222	0.6408	0.6591	0.6904	0.6892	0.7203	0.7596	0.7155	0.7456	0.7413	0.6948	0.6693	0.7415	0.7041	0.6826	0.7346	0.7113	0.6948	0.7066	0.7601	0.7259	0.7145	0.7477	0.7107	0.7133	0.8028	0.7531	0.7147	0.6962	0.6716	0.6591	0.6081	0.5709	0.5924	0.5455	0.5250	0.5173	0.5117	0.4552	0.4499	0.4398	0.4262	0.3922	0.3772
0.2151	0.2754	0.3305	0.3011	0.3295	0.3785	0.4071	0.3611	0.3885	0.3828	0.4297	0.4511	0.4586	0.4891	0.5158	0.5791	0.6578	0.6180	0.6006	0.5732	0.6134	0.6513	0.6149	0.6096	0.6134	0.6002	0.6194	0.6447	0.6431	0.7182	0.6731	0.6832	0.7224	0.7087	0.6877	0.6411	0.7077	0.7304	0.6812	0.6496	0.6911	0.7061	0.6895	0.6741	0.7065	0.7272	0.7225	0.7105	0.6953	0.6837	0.7133	0.7516	0.7214	0.6884	0.6611	0.6616	0.6078	0.5764	0.5639	0.5853	0.5519	0.5336	0.5153	0.4964	0.4782	0.4397	0.3991	0.3879	0.3529
0.2384	0.2827	0.2925	0.3414	0.3344	0.3633	0.4085	0.3891	0.3756	0.3639	0.3851	0.4438	0.4487	0.4967	0.5001	0.5442	0.5948	0.6205	0.6516	0.5735	0.6016	0.6444	0.5857	0.5674	0.6159	0.6026	0.6309	0.6556	0.6425	0.7183	0.6645	0.6577	0.6545	0.6875	0.7022	0.6380	0.6748	0.6645	0.6391	0.6765	0.6888	0.6755	0.6876	0.6872	0.6766	0.6806	0.7220	0.6673	0.6862	0.6679	0.6340	0.6473	0.6783	0.6288	0.6102	0.6268	0.5987	0.5651	0.5570	0.5521	0.5054	0.5119	0.5105	0.4777	0.4397	0.4409	0.3937	0.4029	0.3701
0.2621	0.2854	0.2865	0.3289	0.3515	0.3575	0.3718	0.3869	0.3948	0.4289	0.4491	0.4781	0.5019	0.4866	0.5288	0.5286	0.5602	0.6053	0.6202	0.5949	0.6127	0.6011	0.5957	0.5911	0.5956	0.5914	0.6038	0.6216	0.6381	0.6512	0.6284	0.6470	0.6554	0.6844	0.6813	0.6887	0.6778	0.6616	0.6813	0.6885	0.7006	0.7142	0.6947	0.6518	0.6605	0.6508	0.6547	0.6220	0.6481	0.6448	0.6347	0.6305	0.6457	0.6274	0.6362	0.5900	0.5649	0.5526	0.5760	0.5484	0.5324	0.4868	0.5031	0.4504	0.4506	0.4296	0.3815	0.3668	0.3684
0.2629	0.2661	0.2838	0.3147	0.3627	0.3524	0.3555	0.3735	0.3868	0.4216	0.4249	0.4471	0.4881	0.4868	0.5404	0.5440	0.5776	0.5642	0.5633	0.5791	0.6491	0.5931	0.5810	0.5604	0.6089	0.5855	0.5959	0.6168	0.6386	0.6159	0.6324	0.6189	0.6386	0.6456	0.6632	0.6443	0.6401	0.6821	0.6888	0.6543	0.6678	0.7032	0.6477	0.6475	0.6634	0.6703	0.6566	0.6252	0.6526	0.6471	0.6407	0.6440	0.6109	0.6105	0.6776	0.6325	0.6014	0.5905	0.5749	0.5280	0.5309	0.5014	0.5152	0.4553	0.4269	0.3897	0.4060	0.3848	0.3504
0.2891	0.2901	0.3069	0.3402	0.3560	0.3663	0.3583	0.3816	0.3565	0.3750	0.4433	0.4542	0.4872	0.4880	0.4989	0.5259	0.5592	0.5635	0.6045	0.5807	0.6245	0.5629	0.5913	0.5808	0.5845	0.5398	0.5699	0.5807	0.5976	0.6333	0.6410	0.6358	0.6478	0.6347	0.6100	0.6008	0.6261	0.6504	0.6384	0.6440	0.6791	0.6533	0.6402	0.6349	0.6851	0.6485	0.6085	0.6300	0.6370	0.6230	0.6373	0.6519	0.5859	0.5840	0.6143	0.6144	0.5694	0.5455	0.5497	0.5605	0.5205	0.4936	0.4768	0.4689	0.4326	0.4140	0.4060	0.3760	0.3621
0.2836	0.2960	0.3126	0.3713	0.3610	0.3901	0.3676	0.3895	0.3613	0.4219	0.4424	0.4652	0.4686	0.4761	0.5105	0.5399	0.5417	0.5198	0.5637	0.6184	0.5971	0.5573	0.5431	0.5623	0.5799	0.5533	0.5850	0.6235	0.6068	0.6141	0.6342	0.6636	0.6064	0.6254	0.6342	0.6309	0.6384	0.6659	0.6421	0.6291	0.6849	0.6852	0.6607	0.6116	0.6350	0.6039	0.6403	0.6302	0.6354	0.5848	0.6285	0.6313	0.6487	0.6110	0.5647	0.5630	0.5666	0.5306	0.5270	0.5499	0.5304	0.5141	0.4740	0.4469	0.4276	0.3944	0.3946	0.3820	0.3655
0.2671	0.2945	0.2977	0.3377	0.3390	0.3450	0.3595	0.3905	0.3920	0.3867	0.4163	0.4749	0.4711	0.4835	0.5012	0.5487	0.5200	0.5448	0.5641	0.5599	0.5538	0.5396	0.5685	0.5720	0.5951	0.5448	0.5910	0.6337	0.6389	0.6268	0.6481	0.6350	0.6560	0.6343	0.6378	0.6400	0.6564	0.6680	0.6415	0.6343	0.6491	0.6814	0.6592	0.6275	0.6238	0.6041	0.6503	0.6124	0.6221	0.5947	0.5801	0.5762	0.6095	0.5983	0.5839	0.5635	0.5305	0.5363	0.5462	0.5296	0.4935	0.4572	0.4685	0.4621	0.4503	0.4193	0.4004	0.3675	0.3265
0.2645	0.2766	0.3443	0.3558	0.3497	0.3252	0.3869	0.3681	0.3769	0.3680	0.4142	0.4541	0.4706	0.4833	0.4883	0.5363	0.5358	0.5535	0.5530	0.5935	0.5784	0.5309	0.5411	0.5544	0.5724	0.5748	0.5752	0.6318	0.6691	0.6698	0.6661	0.6463	0.6925	0.6456	0.6383	0.6263	0.6967	0.7135	0.6532	0.6390	0.6820	0.6955	0.6529	0.6390	0.6231	0.6123	0.6169	0.5891	0.5804	0.5994	0.5666	0.5785	0.5875	0.5907	0.6017	0.5834	0.5171	0.4994	0.4907	0.4991	0.5097	0.4937	0.4628	0.4571	0.4442	0.4109	0.3909	0.3888	0.3630
0.2366	0.2379	0.3124	0.3388	0.3399	0.3300	0.3857	0.4018	0.3844	0.3862	0.4337	0.4410	0.4552	0.4670	0.4923	0.5160	0.5620	0.5457	0.5435	0.5701	0.5874	0.5670	0.5621	0.5534	0.5620	0.5811	0.5600	0.5826	0.6619	0.6615	0.6573	0.6449	0.6848	0.6609	0.6867	0.6903	0.7132	0.6635	0.6888	0.6949	0.6462	0.7182	0.6972	0.6609	0.6279	0.6265	0.6297	0.6235	0.6358	0.6425	0.6281	0.6084	0.6264	0.6168	0.5949	0.5318	0.5270	0.4993	0.4921	0.5198	0.4929	0.4876	0.4951	0.4742	0.4501	0.4170	0.4009	0.3749	0.3507
0.2018	0.2321	0.2844	0.3124	0.3360	0.3407	0.3679	0.4002	0.4013	0.4085	0.4392	0.4191	0.4416	0.4645	0.5483	0.5296	0.5758	0.5311	0.5562	0.5398	0.5640	0.5901	0.5706	0.5688	0.5972	0.5627	0.5516	0.6140	0.6558	0.6226	0.6274	0.6732	0.6940	0.6395	0.6691	0.7118	0.6940	0.7088	0.7164	0.7216	0.6969	0.6828	0.7381	0.6634	0.6912	0.6915	0.6776	0.7531	0.6890	0.6872	0.6935	0.5963	0.5780	0.6061	0.5964	0.5435	0.5266	0.5384	0.5121	0.4914	0.5040	0.5065	0.5270	0.5132	0.4308	0.4110	0.4133	0.3962	0.3580
0.2261	0.2359	0.2679	0.3285	0.3244	0.3446	0.3875	0.4065	0.4000	0.4140	0.4033	0.4173	0.4491	0.4780	0.5285	0.5412	0.5788	0.5869	0.5646	0.6214	0.5845	0.5904	0.6079	0.6129	0.6231	0.5940	0.6080	0.6338	0.6291	0.6517	0.6738	0.7027	0.6830	0.6940	0.6900	0.7188	0.7679	0.7442	0.7359	0.7194	0.7582	0.7429	0.7560	0.7264	0.7575	0.7025	0.7693	0.8330	0.8040	0.7845	0.7412	0.6899	0.6739	0.6398	0.5939	0.5832	0.5459	0.5314	0.5066	0.5242	0.4999	0.5267	0.5283	0.4511	0.4315	0.4257	0.4331	0.3747	0.3677
0.1981	0.2570	0.3201	0.3579	0.3373	0.3313	0.3675	0.4289	0.4049	0.4105	0.4007	0.4068	0.4542	0.5019	0.5025	0.6003	0.5944	0.5764	0.5901	0.6611	0.6598	0.5969	0.6322	0.6348	0.6324	0.6316	0.6460	0.6606	0.6734	0.6731	0.6983	0.7047	0.7418	0.7632	0.7541	0.7406	0.7307	0.7236	0.7907	0.7393	0.7268	0.7796	0.7739	0.7495	0.7223	0.7832	0.8063	0.8004	0.8622	0.8596	0.8741	0.8432	0.7756	0.7290	0.6938	0.6182	0.6216	0.5780	0.5571	0.5421	0.5325	0.4953	0.4674	0.4502	0.4345	0.4419	0.4528	0.4075	0.3818
0.2023	0.2724	0.2802	0.3128	0.3270	0.3287	0.3681	0.3871	0.3904	0.3886	0.4090	0.4227	0.4759	0.4929	0.5129	0.5682	0.5986	0.5897	0.6071	0.6524	0.6838	0.6425	0.6502	0.6815	0.6987	0.6837	0.6956	0.6881	0.6824	0.6952	0.7033	0.6981	0.7246	0.7557	0.8186	0.7930	0.7459	0.7442	0.8072	0.7564	0.7700	0.7937	0.7881	0.7790	0.7760	0.8299	0.7974	0.8518	0.8720	0.9819	0.8886	0.9045	0.9186	0.8475	0.7466	0.7468	0.7189	0.6447	0.6149	0.6099	0.5704	0.4774	0.4550	0.4692	0.4618	0.4384	0.4180	0.4045	0.3383
0.2037	0.2283	0.2586	0.3076	0.3632	0.3523	0.3769	0.4020	0.4137	0.4546	0.4476	0.4829	0.4867	0.5205	0.5333	0.5691	0.5808	0.5882	0.6061	0.6431	0.6314	0.6576	0.6710	0.6759	0.7141	0.6792	0.6795	0.6714	0.6824	0.7099	0.6807	0.6457	0.7064	0.7815	0.8046	0.7826	0.7935	0.7966	0.7825	0.7629	0.7641	0.8020	0.8413	0.7927	0.8055	0.8241	0.8731	0.9184	0.9503	1.0000	0.8626	0.8632	0.9730	0.9045	0.8537	0.8132	0.7327	0.6710	0.5982	0.5875	0.5544	0.5166	0.5142	0.4863	0.4628	0.4276	0.4586	0.4264	0.3974
0.2337	0.2457	0.3262	0.3429	0.3509	0.3998	0.3784	0.4634	0.4547	0.4295	0.4316	0.4741	0.4819	0.5415	0.5177	0.5818	0.5887	0.5740	0.6497	0.6592	0.6714	0.6855	0.6817	0.7012	0.6818	0.6834	0.6307	0.6863	0.7405	0.7141	0.7077	0.7060	0.7162	0.7632	0.7453	0.7442	0.7812	0.8109	0.8017	0.7857	0.7670	0.8527	0.8194	0.8313	0.8464	0.8485	0.8925	0.9086	0.9741	0.9288	0.6641	0.6701	0.9181	0.9359	0.8546	0.8357	0.7873	0.7105	0.6636	0.5762	0.5208	0.5213	0.5409	0.4951	0.4527	0.4301	0.4404	0.4346	0.4125
0.2690	0.2768	0.3546	0.4040	0.4081	0.4304	0.4639	0.5165	0.4884	0.4325	0.4665	0.5246	0.5043	0.5155	0.5474	0.5900	0.6161	0.7031	0.6875	0.6838	0.7084	0.7360	0.7033	0.7196	0.7215	0.7390	0.6754	0.7164	0.7504	0.7033	0.7516	0.7278	0.6870	0.7477	0.7674	0.7738	0.8372	0.8296	0.8050	0.8129	0.8062	0.7943	0.8448	0.8188	0.8351	0.8578	0.9033	0.9446	0.9422	0.6328	0.4914	0.5237	0.6708	0.7991	0.7422	0.8303	0.7866	0.7518	0.7608	0.6515	0.5781	0.5424	0.5169	0.5084	0.4808	0.4509	0.4597	0.4336	0.4326
0.2877	0.3798	0.4636	0.5477	0.5810	0.6446	0.6520	0.6330	0.5753	0.5832	0.6119	0.6139	0.5537	0.5412	0.5645	0.6137	0.6556	0.6724	0.6986	0.6827	0.6824	0.7134	0.7262	0.6919	0.7497	0.7033	0.7282	0.7017	0.7293	0.7423	0.7182	0.7296	0.7173	0.7511	0.8093	0.8186	0.8616	0.8578	0.8371	0.8067	0.8343	0.8531	0.8814	0.8713	0.8592	0.8162	0.7902	0.8470	0.7628	0.4034	0.3915	0.4285	0.4550	0.5221	0.5944	0.8026	0.8477	0.7979	0.7670	0.7357	0.6600	0.5952	0.5409	0.5447	0.4892	0.4810	0.4770	0.4329	0.4330
0.1775	0.3179	0.4471	0.5785	0.6792	0.7030	0.7535	0.7432	0.7422	0.7796	0.7340	0.7411	0.6672	0.6661	0.6774	0.6772	0.6508	0.6830	0.6951	0.6858	0.6871	0.6813	0.7200	0.7172	0.6888	0.6670	0.6846	0.6629	0.6820	0.7280	0.7222	0.6960	0.7468	0.8080	0.8199	0.8219	0.8510	0.8126	0.8150	0.7627	0.7950	0.8579	0.8487	0.8569	0.8429	0.6597	0.4706	0.4856	0.4572	0.3606	0.3713	0.3864	0.4024	0.4463	0.5039	0.7002	0.9045	0.8624	0.8478	0.8336	0.7447	0.6936	0.6297	0.6029	0.5312	0.5181	0.5129	0.4891	0.4534
0.0771	0.1458	0.2181	0.2654	0.3528	0.4056	0.4436	0.4885	0.5194	0.6257	0.7467	0.7627	0.7675	0.7779	0.7559	0.7363	0.6991	0.6929	0.6688	0.7097	0.7311	0.6812	0.6877	0.6612	0.6455	0.6280	0.6431	0.6166	0.6790	0.6963	0.7117	0.7521	0.7545	0.7963	0.8285	0.8392	0.8230	0.8181	0.7783	0.7698	0.7986	0.8078	0.8589	0.8239	0.8319	0.6735	0.3597	0.3155	0.3109	0.3337	0.3276	0.3412	0.3428	0.3824	0.4121	0.4983	0.6648	0.6413	0.7664	0.9057	0.8387	0.7646	0.6932	0.6612	0.6226	0.5404	0.5502	0.5446	0.4843
0.0376	0.0462	0.0819	0.0943	0.1203	0.1583	0.2014	0.2650	0.3126	0.3294	0.4615	0.5392	0.6102	0.6057	0.7504	0.8172	0.8023	0.7616	0.6919	0.6812	0.7335	0.6792	0.6469	0.6553	0.6570	0.5944	0.6052	0.6313	0.6714	0.7086	0.7251	0.7478	0.8022	0.8858	0.8694	0.8790	0.8355	0.8358	0.8266	0.8303	0.8240	0.8361	0.9093	0.8990	0.9081	0.8040	0.4018	0.2800	0.2859	0.2852	0.3013	0.3108	0.3260	0.3545	0.3438	0.3760	0.4222	0.4464	0.5483	0.8234	0.8636	0.7600	0.7251	0.6462	0.6584	0.5951	0.5736	0.5157	0.4768
0.0362	0.0497	0.0604	0.0714	0.0868	0.0857	0.1147	0.1247	0.1537	0.2011	0.2163	0.2468	0.3119	0.3151	0.4180	0.6056	0.7075	0.7974	0.8648	0.7782	0.7349	0.6865	0.6878	0.7144	0.6568	0.6136	0.6091	0.6819	0.7383	0.7872	0.8120	0.8218	0.8772	0.9374	0.9557	0.9019	0.8801	0.9264	0.8703	0.8681	0.9565	0.9347	0.9817	0.9908	0.9710	0.8256	0.4013	0.2708	0.2812	0.2772	0.2750	0.2961	0.3056	0.3273	0.3492	0.3671	0.4051	0.4198	0.4512	0.6741	0.8756	0.8027	0.7601	0.6751	0.6174	0.6482	0.6032	0.5398	0.5051
0.0237	0.0559	0.0385	0.0671	0.0808	0.0682	0.0736	0.0892	0.0856	0.1051	0.1198	0.1326	0.1599	0.1647	0.2097	0.2853	0.3850	0.4781	0.6320	0.7603	0.7811	0.7571	0.8010	0.8110	0.7420	0.6994	0.6992	0.7507	0.7484	0.8197	0.8523	0.9464	0.9238	0.9413	0.9407	0.9056	0.9433	0.9078	0.9483	0.9266	0.9448	0.9643	0.9544	0.8326	0.7546	0.5398	0.2851	0.2522	0.2707	0.2734	0.2789	0.2823	0.2784	0.3111	0.3160	0.3547	0.4038	0.4094	0.4377	0.6330	0.8804	0.8185	0.8046	0.7188	0.6639	0.6756	0.6246	0.5602	0.5254
0.0123	0.0333	0.0446	0.0535	0.0703	0.0677	0.0926	0.0846	0.0775	0.0836	0.0904	0.1058	0.1154	0.1088	0.1292	0.1525	0.1776	0.2156	0.2760	0.3746	0.4667	0.5306	0.5667	0.6511	0.6941	0.7201	0.7843	0.7606	0.7917	0.7696	0.7348	0.7258	0.6445	0.6727	0.7585	0.8387	0.9392	0.8989	0.7966	0.7191	0.6470	0.4633	0.4560	0.3765	0.3174	0.2704	0.2530	0.2584	0.2639	0.2627	0.2813	0.2737	0.2895	0.2959	0.3112	0.3315	0.3513	0.3774	0.4153	0.5184	0.7923	0.8748	0.8422	0.7925	0.7334	0.6962	0.6313	0.6061	0.5447
0.0064	0.0199	0.0529	0.0527	0.0706	0.0709	0.0736	0.0572	0.0737	0.0800	0.0736	0.0966	0.0971	0.0947	0.1038	0.1124	0.1311	0.1571	0.1552	0.1632	0.1972	0.2121	0.2614	0.3073	0.3465	0.4006	0.5711	0.7006	0.7785	0.6569	0.3824	0.2862	0.3022	0.3186	0.3639	0.5053	0.8313	0.7474	0.3947	0.2741	0.2378	0.2137	0.2015	0.2150	0.2157	0.2207	0.2210	0.2262	0.2182	0.2232	0.2438	0.2445	0.2559	0.2478	0.2642	0.2844	0.3027	0.3381	0.3635	0.4279	0.6170	0.8233	0.8658	0.8291	0.7543	0.7228	0.6517	0.6012	0.5687
0.0220	0.0219	0.0369	0.0471	0.0373	0.0397	0.0464	0.0584	0.0698	0.0719	0.0789	0.0928	0.0990	0.0766	0.0769	0.0903	0.0992	0.1094	0.1332	0.1373	0.1472	0.1387	0.1514	0.1860	0.1889	0.2107	0.2428	0.3442	0.5547	0.3979	0.1766	0.1701	0.1662	0.1790	0.2013	0.2161	0.3830	0.3477	0.1857	0.1686	0.1688	0.1665	0.1671	0.1825	0.1889	0.1801	0.1865	0.1783	0.1828	0.1843	0.2079	0.2084	0.2183	0.2154	0.2165	0.2497	0.2658	0.2801	0.2816	0.3147	0.3517	0.4518	0.4999	0.5444	0.7087	0.7191	0.6963	0.6608	0.6133
0.0194	0.0317	0.0389	0.0370	0.0403	0.0399	0.0522	0.0540	0.0500	0.0502	0.0649	0.0768	0.0843	0.0794	0.0873	0.0881	0.0952	0.0975	0.0909	0.0955	0.1042	0.1121	0.1124	0.1226	0.1253	0.1272	0.1398	0.1550	0.2068	0.1640	0.1251	0.1300	0.1295	0.1321	0.1373	0.1414	0.1583	0.1374	0.1218	0.1215	0.1340	0.1337	0.1385	0.1365	0.1557	0.1611	0.1592	0.1673	0.1616	0.1664	0.1770	0.1849	0.1826	0.1793	0.1921	0.2190	0.2403	0.2423	0.2399	0.2723	0.2967	0.3301	0.3654	0.4178	0.6272	0.7307	0.6753	0.7285	0.6460
0.0000	0.0000	0.0342	0.0313	0.0318	0.0343	0.0528	0.0502	0.0444	0.0503	0.0553	0.0687	0.0717	0.0539	0.0666	0.0891	0.0887	0.0897	0.0800	0.0906	0.0879	0.0858	0.0975	0.1080	0.1032	0.1084	0.1037	0.1121	0.1110	0.1123	0.1110	0.1073	0.1103	0.1078	0.1114	0.1126	0.1110	0.1107	0.1140	0.1038	0.1064	0.1020	0.1110	0.1206	0.1190	0.1149	0.1258	0.1341	0.1360	0.1397	0.1400	0.1592	0.1486	0.1603	0.1632	0.1770	0.1941	0.2017	0.2144	0.2395	0.2486	0.2654	0.2751	0.2695	0.3205	0.4368	0.4604	0.6147	0.6894
0.0000	0.0057	0.0281	0.0145	0.0131	0.0367	0.0299	0.0368	0.0581	0.0502	0.0498	0.0737	0.0586	0.0686	0.0680	0.0817	0.0954	0.0749	0.0677	0.0840	0.0876	0.0936	0.0911	0.0784	0.0859	0.0930	0.1037	0.0987	0.1019	0.1100	0.1045	0.0928	0.0985	0.0964	0.0962	0.0876	0.0931	0.0994	0.1028	0.0975	0.0988	0.0890	0.1041	0.1027	0.1002	0.1026	0.1042	0.0920	0.1066	0.1033	0.0968	0.1086	0.1161	0.1162	0.1315	0.1459	0.1551	0.1523	0.1774	0.1940	0.2107	0.2057	0.2036	0.2305	0.2516	0.2770	0.4373	0.6111	0.5715
0.0000	0.0024	0.0247	0.0210	0.0030	0.0174	0.0446	0.0422	0.0436	0.0456	0.0447	0.0653	0.0419	0.0574	0.0672	0.0806	0.0838	0.0666	0.0677	0.0728	0.0901	0.0820	0.0857	0.0865	0.0835	0.0938	0.0861	0.0887	0.0877	0.0881	0.0890	0.0820	0.0919	0.0899	0.0796	0.0810	0.1003	0.0936	0.0900	0.0952	0.0984	0.0879	0.0874	0.0878	0.0940	0.0903	0.0877	0.0844	0.0883	0.0882	0.0865	0.0898	0.0809	0.0904	0.0992	0.0961	0.1082	0.1156	0.1430	0.1456	0.1636	0.1665	0.1654	0.1780	0.2032	0.2431	0.3988	0.4901	0.3474
0.0000	0.0000	0.0057	0.0132	0.0166	0.0172	0.0394	0.0355	0.0377	0.0500	0.0525	0.0330	0.0511	0.0484	0.0583	0.0714	0.0805	0.0712	0.0657	0.0672	0.0706	0.0723	0.0731	0.0704	0.0878	0.0896	0.0771	0.0945	0.0891	0.0861	0.0815	0.0728	0.0730	0.0846	0.0882	0.0806	0.0923	0.0835	0.0765	0.0807	0.0777	0.0808	0.0821	0.0877	0.0851	0.0783	0.0699	0.0824	0.0813	0.0736	0.0712	0.0802	0.0743	0.0784	0.0933	0.0718	0.0795	0.0884	0.0963	0.0917	0.1117	0.1128	0.1221	0.1354	0.1403	0.1568	0.1751	0.2004	0.1893
0.0000	0.0000	0.0000	0.0085	0.0117	0.0003	0.0210	0.0304	0.0190	0.0300	0.0422	0.0232	0.0324	0.0320	0.0472	0.0639	0.0532	0.0566	0.0455	0.0594	0.0647	0.0580	0.0620	0.0673	0.0686	0.0723	0.0714	0.0728	0.0766	0.0748	0.0753	0.0797	0.0770	0.0760	0.0672	0.0708	0.0811	0.0785	0.0791	0.0741	0.0635	0.0734	0.0739	0.0800	0.0649	0.0692	0.0699	0.0662	0.0728	0.0672	0.0611	0.0709	0.0731	0.0695	0.0726	0.0688	0.0731	0.0714	0.0731	0.0907	0.0887	0.0854	0.0855	0.0914	0.0947	0.0967	0.0958	0.1084	0.1196
0.0000	0.0000	0.0000	0.0022	0.0009	0.0000	0.0045	0.0154	0.0052	0.0158	0.0256	0.0350	0.0296	0.0298	0.0329	0.0500	0.0501	0.0315	0.0427	0.0542	0.0449	0.0557	0.0477	0.0661	0.0637	0.0635	0.0655	0.0611	0.0682	0.0713	0.0659	0.0719	0.0747	0.0711	0.0679	0.0757	0.0663	0.0734	0.0761	0.0741	0.0655	0.0647	0.0648	0.0676	0.0648	0.0666	0.0714	0.0601	0.0636	0.0574	0.0633	0.0694	0.0631	0.0560	0.0719	0.0777	0.0650	0.0646	0.0756	0.0771	0.0854	0.0755	0.0890	0.0758	0.0754	0.0887	0.0818	0.0805	0.0887
0.0000	0.0000	0.0000	0.0000	0.0000	0.0000	0.0071	0.0241	0.0179	0.0147	0.0158	0.0467	0.0344	0.0185	0.0313	0.0432	0.0510	0.0489	0.0481	0.0538	0.0522	0.0468	0.0471	0.0548	0.0643	0.0686	0.0576	0.0562	0.0674	0.0682	0.0639	0.0650	0.0713	0.0743	0.0758	0.0566	0.0658	0.0716	0.0649	0.0651	0.0713	0.0682	0.0643	0.0619	0.0622	0.0667	0.0663	0.0599	0.0523	0.0574	0.0652	0.0663	0.0558	0.0536	0.0677	0.0792	0.0586	0.0618	0.0751	0.0715	0.0646	0.0627	0.0713	0.0739	0.0703	0.0757	0.0722	0.0744	0.0655
0.0000	0.0000	0.0000	0.0009	0.0000	0.0038	0.0036	0.0197	0.0174	0.0173	0.0243	0.0328	0.0403	0.0327	0.0327	0.0385	0.0371	0.0373	0.0386	0.0463	0.0472	0.0355	0.0452	0.0461	0.0497	0.0593	0.0611	0.0473	0.0664	0.0613	0.0645	0.0605	0.0723	0.0697	0.0573	0.0560	0.0558	0.0680	0.0669	0.0633	0.0563	0.0602	0.0619	0.0558	0.0649	0.0606	0.0613	0.0573	0.0551	0.0561	0.0560	0.0481	0.0582	0.0585	0.0589	0.0619	0.0616	0.0532	0.0635	0.0611	0.0461	0.0528	0.0667	0.0764	0.0725	0.0535	0.0605	0.0698	0.0529
0.0000	0.0000	0.0000	0.0000	0.0000	0.0039	0.0000	0.0077	0.0046	0.0168	0.0222	0.0227	0.0134	0.0308	0.0340	0.0402	0.0451	0.0452	0.0304	0.0374	0.0355	0.0417	0.0492	0.0450	0.0654	0.0571	0.0481	0.0571	0.0618	0.0592	0.0575	0.0545	0.0614	0.0624	0.0580	0.0544	0.0522	0.0528	0.0544	0.0519	0.0504	0.0563	0.0580	0.0582	0.0611	0.0511	0.0570	0.0544	0.0480	0.0475	0.0467	0.0414	0.0479	0.0467	0.0500	0.0506	0.0514	0.0417	0.0397	0.0483	0.0507	0.0528	0.0577	0.0655	0.0673	0.0528	0.0481	0.0566	0.0571
0.0000	0.0000	0.0000	0.0000	0.0000	0.0073	0.0000	0.0017	0.0000	0.0031	0.0295	0.0276	0.0272	0.0017	0.0463	0.0413	0.0297	0.0290	0.0380	0.0413	0.0369	0.0423	0.0355	0.0459	0.0808	0.0554	0.0531	0.0569	0.0505	0.0574	0.0609	0.0534	0.0530	0.0513	0.0492	0.0509	0.0575	0.0531	0.0486	0.0544	0.0531	0.0522	0.0563	0.0548	0.0524	0.0545	0.0669	0.0550	0.0477	0.0479	0.0510	0.0455	0.0461	0.0442	0.0438	0.0510	0.0455	0.0433	0.0532	0.0585	0.0572	0.0528	0.0635	0.0740	0.0708	0.0648	0.0668	0.0710	0.0660
