0.0000	0.0000	0.0000	0.0023	0.0000	0.0000	0.0000	0.0124	0.0100	0.0054	0.0125	0.0237	0.0189	0.0075	0.0172	0.0379	0.0325	0.0421	0.0379	0.0277	0.0289	0.0302	0.0464	0.0578	0.0654	0.0867	0.0778	0.0562	0.0546	0.0674	0.0740	0.0744	0.0895	0.0794	0.0906	0.0829	0.0840	0.0936	0.0871	0.0720	0.0856	0.0920	0.0976	0.0897	0.0856	0.0975	0.1172	0.1032	0.0928	0.1048	0.1107	0.0891	0.0930	0.0963	0.0982	0.0748	0.0833	0.0846	0.0794	0.0545	0.0507	0.0639	0.0601	0.0467	0.0510	0.0418	0.0339	0.0364	0.0285
0.0000	0.0000	0.0061	0.0005	0.0000	0.0000	0.0093	0.0163	0.0199	0.0132	0.0170	0.0208	0.0284	0.0266	0.0296	0.0444	0.0395	0.0485	0.0358	0.0360	0.0535	0.0453	0.0472	0.0495	0.0790	0.0732	0.0645	0.0730	0.0753	0.0681	0.0958	0.0861	0.0879	0.0833	0.0949	0.1021	0.0984	0.1067	0.1014	0.1091	0.1136	0.0945	0.1043	0.1021	0.0929	0.1044	0.1293	0.1262	0.1130	0.1071	0.1101	0.1155	0.0955	0.1006	0.1143	0.0979	0.0989	0.0887	0.0778	0.0797	0.0707	0.0635	0.0583	0.0494	0.0543	0.0332	0.0294	0.0273	0.0399
0.0000	0.0000	0.0000	0.0003	0.0080	0.0088	0.0059	0.0139	0.0015	0.0136	0.0374	0.0281	0.0264	0.0377	0.0434	0.0365	0.0228	0.0391	0.0532	0.0441	0.0547	0.0510	0.0583	0.0621	0.0702	0.0690	0.0839	0.0712	0.0853	0.0840	0.1013	0.0912	0.0959	0.0945	0.0973	0.1173	0.1304	0.1143	0.1147	0.1134	0.1156	0.1110	0.1293	0.1233	0.1276	0.1146	0.1327	0.1173	0.1290	0.1193	0.1245	0.1448	0.1239	0.1038	0.1066	0.1041	0.1149	0.1076	0.0918	0.0885	0.0921	0.0751	0.0804	0.0573	0.0566	0.0547	0.0461	0.0520	0.0567
0.0000	0.0000	0.0000	0.0113	0.0120	0.0087	0.0100	0.0116	0.0103	0.0194	0.0311	0.0474	0.0473	0.0439	0.0280	0.0500	0.0447	0.0496	0.0539	0.0442	0.0560	0.0560	0.0629	0.0635	0.0636	0.0569	0.0658	0.0711	0.0808	0.0898	0.0732	0.0732	0.0986	0.1223	0.1090	0.1100	0.1050	0.1077	0.0872	0.1141	0.1372	0.1035	0.1138	0.1201	0.1099	0.1073	0.1192	0.1177	0.1156	0.1193	0.1250	0.1317	0.1176	0.1234	0.1414	0.1356	0.1204	0.0809	0.0890	0.1001	0.1009	0.0903	0.0916	0.0880	0.0692	0.0739	0.0593	0.0604	0.0589
0.0000	0.0021	0.0108	0.0098	0.0103	0.0140	0.0134	0.0203	0.0181	0.0082	0.0261	0.0481	0.0562	0.0450	0.0265	0.0366	0.0421	0.0487	0.0480	0.0500	0.0664	0.0674	0.0747	0.0639	0.0671	0.0726	0.0562	0.0620	0.0706	0.0806	0.0923	0.0979	0.1082	0.1026	0.1166	0.0981	0.0942	0.1090	0.1042	0.0982	0.1019	0.1111	0.1194	0.1269	0.1286	0.1297	0.1413	0.1382	0.1399	0.1451	0.1330	0.1289	0.1337	0.1235	0.1345	0.1381	0.1156	0.0938	0.0787	0.0838	0.0855	0.0914	0.0919	0.0932	0.0839	0.0758	0.0764	0.0723	0.0539
0.0000	0.0000	0.0000	0.0119	0.0056	0.0153	0.0089	0.0180	0.0278	0.0047	0.0291	0.0441	0.0520	0.0516	0.0513	0.0422	0.0448	0.0498	0.0552	0.0629	0.0779	0.0796	0.0701	0.0604	0.0639	0.0815	0.0710	0.0755	0.0755	0.0977	0.1038	0.0951	0.1158	0.1242	0.1208	0.1179	0.1209	0.1125	0.1147	0.1215	0.1151	0.1364	0.1266	0.1385	0.1455	0.1473	0.1520	0.1700	0.1624	0.1797	0.1625	0.1605	0.1527	0.1555	0.1411	0.1415	0.1378	0.1125	0.0977	0.0963	0.1046	0.1104	0.1093	0.1053	0.0910	0.0699	0.0819	0.0714	0.0696
0.0000	0.0049	0.0177	0.0228	0.0005	0.0113	0.0231	0.0236	0.0316	0.0256	0.0612	0.0582	0.0473	0.0365	0.0597	0.0756	0.0660	0.0443	0.0744	0.0661	0.0777	0.0829	0.0688	0.0674	0.0848	0.0924	0.0780	0.0776	0.0858	0.1140	0.0871	0.0913	0.1171	0.1293	0.1105	0.1134	0.1249	0.1290	0.1360	0.1353	0.1492	0.1626	0.1488	0.1511	0.1594	0.1735	0.2371	0.2404	0.1894	0.2518	0.2571	0.2105	0.1848	0.1871	0.1781	0.1680	0.1536	0.1433	0.1361	0.1300	0.1128	0.1118	0.1274	0.1369	0.1224	0.1135	0.1049	0.0952	0.0987
0.0051	0.0129	0.0260	0.0286	0.0127	0.0143	0.0388	0.0344	0.0296	0.0313	0.0365	0.0391	0.0565	0.0644	0.0552	0.0800	0.0651	0.0662	0.0831	0.0675	0.0662	0.0904	0.0772	0.0714	0.1077	0.1020	0.0978	0.0917	0.0981	0.1184	0.0963	0.0951	0.1229	0.1227	0.1214	0.1262	0.1485	0.1482	0.1445	0.1448	0.1633	0.1567	0.1988	0.1987	0.2113	0.3485	0.5466	0.5460	0.3757	0.5380	0.5540	0.4068	0.2630	0.1892	0.2017	0.2160	0.1866	0.1716	0.1788	0.1463	0.1490	0.1506	0.1617	0.1760	0.1401	0.1310	0.1368	0.1347	0.1301
0.0000	0.0191	0.0248	0.0216	0.0164	0.0245	0.0360	0.0326	0.0448	0.0373	0.0402	0.0571	0.0637	0.0750	0.0641	0.0910	0.0664	0.0774	0.0828	0.0852	0.0800	0.0920	0.0856	0.0728	0.1002	0.0918	0.0891	0.0977	0.1294	0.1238	0.1196	0.1166	0.1331	0.1301	0.1448	0.1542	0.1637	0.1485	0.1687	0.1840	0.1913	0.1864	0.2273	0.2668	0.3578	0.6770	0.8410	0.7790	0.6701	0.7426	0.7156	0.6384	0.5080	0.3271	0.2781	0.3578	0.3320	0.2685	0.2209	0.1751	0.1779	0.1751	0.1740	0.1919	0.1651	0.1412	0.1439	0.1595	0.1636
0.0072	0.0043	0.0251	0.0251	0.0443	0.0564	0.0535	0.0411	0.0462	0.0553	0.0602	0.0724	0.0863	0.0735	0.0666	0.0774	0.0937	0.0858	0.0760	0.0886	0.1029	0.1025	0.0894	0.0922	0.0911	0.1022	0.1022	0.1058	0.1221	0.1207	0.1374	0.1365	0.1498	0.1575	0.1736	0.1689	0.1795	0.2030	0.2130	0.2366	0.2489	0.2758	0.3268	0.3824	0.4956	0.8096	0.8688	0.7778	0.7383	0.7468	0.7404	0.6952	0.6700	0.4926	0.4782	0.5527	0.5700	0.4602	0.2680	0.2173	0.2272	0.2187	0.2260	0.2207	0.1915	0.1776	0.1634	0.1879	0.1846
0.0071	0.0117	0.0265	0.0330	0.0332	0.0289	0.0363	0.0539	0.0509	0.0569	0.0598	0.0579	0.0755	0.0794	0.0702	0.0814	0.0845	0.0908	0.0879	0.0896	0.1206	0.1019	0.1025	0.1064	0.1267	0.1282	0.1171	0.1268	0.1359	0.1423	0.1360	0.1778	0.1660	0.1802	0.2044	0.2028	0.2168	0.2387	0.2367	0.2561	0.2844	0.3613	0.5341	0.5928	0.5970	0.7277	0.8283	0.8157	0.7440	0.7431	0.7747	0.8168	0.7114	0.6340	0.5474	0.5639	0.5585	0.5128	0.3887	0.2984	0.2575	0.2495	0.2669	0.3037	0.2543	0.2041	0.1781	0.1825	0.1778
0.0016	0.0221	0.0333	0.0350	0.0279	0.0303	0.0529	0.0511	0.0633	0.0552	0.0671	0.0723	0.0739	0.0722	0.0688	0.0928	0.0943	0.1023	0.1072	0.0990	0.1194	0.1146	0.1105	0.1229	0.1407	0.1315	0.1422	0.1332	0.1479	0.1668	0.1731	0.1755	0.1923	0.2105	0.1986	0.2080	0.2720	0.3093	0.3118	0.3541	0.4168	0.5427	0.7790	0.7817	0.7267	0.7038	0.7817	0.7385	0.7192	0.7984	0.7674	0.7294	0.7291	0.7152	0.6918	0.6372	0.5921	0.5424	0.5078	0.4597	0.3445	0.4021	0.4245	0.4119	0.3509	0.2288	0.1741	0.1908	0.1879
0.0154	0.0168	0.0313	0.0473	0.0570	0.0403	0.0587	0.0683	0.0749	0.0757	0.0802	0.0872	0.0904	0.0973	0.0927	0.0807	0.1056	0.1183	0.1115	0.1152	0.1162	0.1100	0.1302	0.1244	0.1440	0.1550	0.1580	0.1588	0.1776	0.1974	0.1991	0.2121	0.2406	0.2637	0.2904	0.2838	0.3344	0.3629	0.4036	0.4718	0.6666	0.7683	0.8690	0.8392	0.7888	0.8338	0.8564	0.7919	0.8052	0.7830	0.7576	0.6488	0.7570	0.7360	0.6849	0.6599	0.6468	0.6134	0.5933	0.5617	0.4471	0.4923	0.5121	0.4853	0.4350	0.3007	0.2694	0.2869	0.2814
0.0152	0.0278	0.0384	0.0508	0.0468	0.0523	0.0573	0.0780	0.0717	0.0845	0.1053	0.0965	0.0915	0.0927	0.0917	0.0854	0.1234	0.1478	0.1293	0.1243	0.1225	0.1384	0.1634	0.1430	0.1715	0.1885	0.1960	0.2047	0.2045	0.2303	0.2452	0.2840	0.3128	0.3316	0.3687	0.3805	0.3957	0.4128	0.4568	0.5246	0.8204	0.8783	0.9174	0.8666	0.8373	0.8298	0.7897	0.7460	0.7801	0.7537	0.8063	0.8011	0.7321	0.6723	0.6765	0.6914	0.6538	0.6245	0.6258	0.5984	0.5911	0.5156	0.5394	0.4814	0.4406	0.3607	0.4067	0.3700	0.3407
0.0097	0.0213	0.0420	0.0627	0.0544	0.0616	0.0744	0.0900	0.0808	0.1009	0.1185	0.1180	0.1071	0.1043	0.1199	0.1141	0.1378	0.1588	0.1519	0.1576	0.1701	0.1888	0.1807	0.1902	0.1969	0.1963	0.2133	0.2326	0.2557	0.2956	0.3299	0.3584	0.3818	0.3903	0.4073	0.5118	0.5318	0.4934	0.5259	0.6073	0.7956	0.8546	0.7891	0.7814	0.7947	0.7729	0.7647	0.7941	0.7740	0.7477	0.7733	0.7291	0.7207	0.6245	0.6677	0.6827	0.6687	0.6288	0.6197	0.6115	0.6301	0.5675	0.5679	0.5023	0.4586	0.3764	0.4072	0.3707	0.3508
0.0155	0.0276	0.0438	0.0506	0.0641	0.0896	0.0846	0.0996	0.0978	0.1164	0.1114	0.1214	0.1536	0.1677	0.1644	0.1757	0.1990	0.1912	0.1987	0.2043	0.2186	0.2446	0.2120	0.2416	0.2556	0.2636	0.2820	0.3167	0.3940	0.4899	0.4634	0.4733	0.5074	0.5447	0.6126	0.7809	0.8165	0.6656	0.6422	0.7621	0.8090	0.7684	0.7737	0.8037	0.7696	0.8194	0.7805	0.7698	0.7384	0.7182	0.7186	0.7463	0.7297	0.6699	0.6690	0.6979	0.6768	0.6302	0.6125	0.6521	0.6173	0.5623	0.5880	0.5348	0.4336	0.3905	0.3958	0.3919	0.3501
0.0308	0.0717	0.0651	0.0851	0.0827	0.1192	0.1242	0.1285	0.1398	0.1495	0.1782	0.2025	0.2194	0.2169	0.2299	0.2368	0.2371	0.2511	0.2283	0.2580	0.2660	0.2919	0.2794	0.3161	0.3735	0.3969	0.4871	0.5395	0.6373	0.7831	0.7628	0.7585	0.8051	0.8111	0.9515	0.9162	0.9159	0.8743	0.8284	0.7523	0.7611	0.7047	0.7734	0.7758	0.7511	0.7230	0.7119	0.7191	0.7026	0.6968	0.6989	0.7665	0.7263	0.7024	0.6695	0.6611	0.6516	0.6047	0.6134	0.6370	0.6087	0.5432	0.5437	0.4935	0.4238	0.3891	0.4333	0.3921	0.3606
0.0583	0.0793	0.1028	0.1351	0.1555	0.2042	0.2869	0.3210	0.3447	0.3109	0.3598	0.3674	0.3664	0.3490	0.3593	0.3447	0.3200	0.3587	0.3426	0.3665	0.4203	0.4259	0.4260	0.5104	0.6288	0.6847	0.8063	0.7984	0.7360	0.8303	0.8799	0.8835	0.9403	0.9306	0.9386	0.8606	0.8110	0.8444	0.8122	0.7443	0.7320	0.7121	0.7465	0.7671	0.7020	0.6735	0.6834	0.7044	0.7135	0.7180	0.6748	0.6943	0.7072	0.6812	0.6694	0.6672	0.6141	0.5582	0.6007	0.5633	0.5754	0.5705	0.5448	0.5318	0.4178	0.4110	0.4161	0.4121	0.3770
0.1033	0.1567	0.2303	0.3360	0.4636	0.5018	0.6018	0.5887	0.6700	0.6071	0.6101	0.6651	0.7460	0.6695	0.6242	0.6772	0.6335	0.6454	0.6046	0.5627	0.6318	0.6807	0.7169	0.7643	0.8000	0.7794	0.8276	0.7153	0.7193	0.8480	0.8191	0.8125	0.8597	0.9029	0.8274	0.8306	0.7753	0.7663	0.7445	0.7426	0.7288	0.6914	0.7029	0.6902	0.7041	0.7396	0.6760	0.6413	0.6640	0.7460	0.7084	0.6663	0.6469	0.6489	0.6473	0.6222	0.5638	0.5353	0.5533	0.5519	0.5709	0.5378	0.5408	0.4990	0.4321	0.4078	0.4129	0.4155	0.3904
0.2039	0.3214	0.3769	0.4525	0.5050	0.5056	0.5298	0.4921	0.6008	0.6139	0.6089	0.6620	0.8077	0.7246	0.7282	0.7996	0.8209	0.8730	0.8206	0.7837	0.7785	0.7930	0.7570	0.7627	0.7141	0.7161	0.7473	0.7375	0.7111	0.7807	0.7766	0.7501	0.8129	0.8335	0.8048	0.8097	0.7296	0.7435	0.7045	0.7021	0.7170	0.6814	0.7009	0.6755	0.6852	0.6836	0.6710	0.6402	0.6449	0.6799	0.6450	0.6261	0.6158	0.6071	0.6200	0.6096	0.5750	0.5474	0.5430	0.5124	0.5232	0.4868	0.4912	0.4986	0.4472	0.4016	0.4073	0.4176	0.3761
0.2658	0.3086	0.3454	0.3281	0.3542	0.3723	0.4010	0.4024	0.4320	0.5074	0.5255	0.5573	0.7106	0.6577	0.6414	0.7299	0.7671	0.7912	0.7290	0.6685	0.6895	0.6741	0.6226	0.6328	0.6111	0.6268	0.6356	0.6846	0.6739	0.6946	0.7713	0.7681	0.7774	0.8502	0.8139	0.7564	0.7327	0.7463	0.7199	0.7128	0.6725	0.6388	0.6827	0.6825	0.6156	0.5920	0.6123	0.6416	0.6117	0.6005	0.6402	0.6235	0.5735	0.6200	0.5912	0.5955	0.5578	0.5175	0.5210	0.4888	0.5105	0.4961	0.4693	0.4474	0.4228	0.3956	0.3910	0.3857	0.3687
0.2576	0.3117	0.3385	0.3215	0.3279	0.3340	0.3662	0.3910	0.3888	0.4518	0.4933	0.5505	0.5841	0.6560	0.6468	0.6689	0.7067	0.6856	0.6305	0.6015	0.6312	0.5934	0.5667	0.5707	0.5867	0.5899	0.5872	0.6183	0.6669	0.6559	0.6926	0.7366	0.7467	0.7191	0.7313	0.7144	0.6656	0.7256	0.6807	0.7284	0.7458	0.6548	0.6557	0.6613	0.6546	0.6225	0.5917	0.6133	0.5783	0.5725	0.6302	0.5932	0.5728	0.5611	0.5621	0.6061	0.5822	0.5336	0.4947	0.4441	0.4950	0.4735	0.4707	0.4263	0.4229	0.4047	0.3869	0.3536	0.3454
0.2329	0.2541	0.3080	0.3157	0.3317	0.3418	0.3819	0.3720	0.3819	0.4025	0.4541	0.5077	0.5383	0.5681	0.5746	0.5755	0.6427	0.6024	0.5390	0.5199	0.5667	0.5905	0.5692	0.5637	0.5569	0.5395	0.6043	0.6292	0.6250	0.6431	0.6433	0.6784	0.7002	0.7115	0.6548	0.6841	0.6812	0.6988	0.7069	0.6474	0.6297	0.6291	0.6204	0.6349	0.6503	0.6613	0.6112	0.6092	0.5947	0.5865	0.5841	0.6016	0.6041	0.5709	0.5804	0.5784	0.5664	0.5109	0.4898	0.4867	0.4706	0.4399	0.4899	0.4446	0.4018	0.3999	0.3863	0.3423	0.3435
0.2204	0.2691	0.2972	0.3095	0.3357	0.3469	0.3832	0.3914	0.3579	0.3778	0.4024	0.4259	0.4830	0.4796	0.4847	0.5522	0.6077	0.5801	0.5625	0.5265	0.5631	0.6183	0.5469	0.5226	0.5788	0.5544	0.6082	0.6065	0.6084	0.6159	0.6269	0.6179	0.6481	0.6738	0.6528	0.6097	0.6454	0.6779	0.6419	0.5972	0.5992	0.6353	0.6195	0.6217	0.5897	0.5931	0.6351	0.5997	0.5803	0.5774	0.5541	0.5803	0.5899	0.5554	0.5574	0.5588	0.5422	0.5238	0.5194	0.4927	0.4643	0.4810	0.4757	0.4340	0.3599	0.3765	0.3505	0.3336	0.3433
0.2416	0.2769	0.2989	0.3114	0.3508	0.3750	0.3860	0.3919	0.4049	0.4171	0.4167	0.4217	0.4557	0.4687	0.5114	0.5350	0.5635	0.5836	0.5779	0.5272	0.5489	0.5704	0.5520	0.5731	0.5669	0.5309	0.5256	0.5708	0.6010	0.6074	0.6219	0.6180	0.6346	0.6736	0.6733	0.6069	0.6476	0.6036	0.6100	0.6150	0.6255	0.6350	0.6009	0.5680	0.5593	0.5857	0.5920	0.5894	0.5726	0.5742	0.5634	0.5698	0.5765	0.5470	0.5554	0.5724	0.5291	0.5201	0.4857	0.4967	0.5015	0.4835	0.4705	0.4203	0.3644	0.3600	0.3632	0.3318	0.3022
0.2675	0.2900	0.2982	0.3458	0.3534	0.3545	0.3734	0.3956	0.3997	0.4103	0.4208	0.4194	0.4625	0.4973	0.4949	0.5400	0.5776	0.5687	0.5628	0.5335	0.5747	0.5465	0.5102	0.5140	0.5355	0.5360	0.5539	0.5612	0.5924	0.5862	0.6308	0.6272	0.6467	0.6418	0.6072	0.5997	0.6221	0.6091	0.6381	0.5950	0.6188	0.6094	0.5774	0.5928	0.5819	0.6087	0.6012	0.5880	0.6164	0.6059	0.6048	0.5771	0.5668	0.5762	0.5979	0.5647	0.5288	0.5392	0.5146	0.4818	0.5026	0.4770	0.4252	0.4194	0.4111	0.3765	0.3648	0.3460	0.3094
0.2676	0.2843	0.3339	0.3668	0.3388	0.3434	0.3668	0.4115	0.3704	0.3770	0.4341	0.4353	0.4651	0.5111	0.4924	0.5076	0.5411	0.5258	0.5774	0.5463	0.5294	0.5145	0.5208	0.5420	0.5478	0.5355	0.5290	0.5432	0.5421	0.5787	0.5864	0.6301	0.6456	0.6296	0.6144	0.5963	0.5971	0.6287	0.6322	0.6000	0.6403	0.6244	0.5897	0.5897	0.6051	0.5957	0.5636	0.5619	0.5785	0.6029	0.6492	0.6156	0.5743	0.5956	0.5600	0.5639	0.5463	0.5123	0.5274	0.5044	0.4642	0.4589	0.4326	0.3966	0.3835	0.3683	0.3638	0.3678	0.3437
0.2762	0.2983	0.2977	0.3195	0.3451	0.3690	0.3828	0.4014	0.3625	0.3951	0.4169	0.4165	0.4723	0.4897	0.4824	0.4865	0.5314	0.5246	0.5460	0.5689	0.5132	0.5202	0.5128	0.5384	0.5468	0.5296	0.5080	0.5526	0.5500	0.5736	0.5741	0.6157	0.6262	0.6132	0.6001	0.5797	0.6173	0.6333	0.6259	0.6253	0.6221	0.6197	0.5978	0.5776	0.5953	0.5633	0.5912	0.6077	0.5878	0.5566	0.6138	0.6218	0.6132	0.5876	0.5460	0.5754	0.5846	0.5162	0.4865	0.5070	0.4855	0.4852	0.4623	0.4003	0.3962	0.3893	0.3758	0.3586	0.3314
0.2890	0.2897	0.2861	0.3033	0.3476	0.3784	0.3915	0.4016	0.3912	0.4183	0.4472	0.4408	0.4611	0.4982	0.5080	0.5049	0.5066	0.5339	0.5514	0.4887	0.5114	0.5172	0.5061	0.5490	0.5383	0.5171	0.5272	0.5579	0.6038	0.6024	0.6190	0.6554	0.6545	0.6092	0.6091	0.5964	0.6124	0.6587	0.6415	0.6263	0.6518	0.6358	0.5999	0.5974	0.6075	0.6035	0.5986	0.5935	0.6105	0.5765	0.5686	0.5730	0.5844	0.5638	0.5577	0.5671	0.5478	0.5350	0.4875	0.4839	0.4729	0.4566	0.4601	0.4335	0.3938	0.3691	0.3627	0.3386	0.3109
0.2619	0.2648	0.2840	0.3335	0.3271	0.3635	0.3888	0.4072	0.4647	0.4557	0.4743	0.4932	0.4817	0.4904	0.4971	0.5009	0.5551	0.5635	0.5441	0.5231	0.5015	0.5280	0.5237	0.5625	0.5288	0.5066	0.5201	0.5859	0.5818	0.6231	0.6244	0.6451	0.6764	0.6333	0.6105	0.6198	0.6598	0.6754	0.6568	0.6485	0.6482	0.6363	0.6208	0.6288	0.6209	0.5842	0.6049	0.6059	0.5778	0.5723	0.5661	0.5494	0.5773	0.5307	0.5472	0.5680	0.5172	0.4973	0.4816	0.4607	0.4607	0.4552	0.4363	0.4283	0.4062	0.3681	0.3731	0.3680	0.3367
0.2717	0.2646	0.2765	0.2972	0.3253	0.3314	0.3886	0.4109	0.4218	0.4264	0.4231	0.4735	0.4992	0.5169	0.5026	0.4904	0.5573	0.5212	0.5140	0.5357	0.5258	0.5490	0.5437	0.5645	0.5444	0.5376	0.5222	0.5557	0.5644	0.5862	0.6152	0.6400	0.6510	0.6284	0.6587	0.6902	0.6745	0.6197	0.6301	0.6388	0.6167	0.6474	0.6232	0.6160	0.5741	0.5658	0.5922	0.5693	0.5785	0.6014	0.5745	0.5624	0.6096	0.5588	0.5111	0.5469	0.5383	0.5133	0.4957	0.4826	0.4595	0.4280	0.4054	0.4040	0.4123	0.3843	0.3590	0.3407	0.3302
0.2550	0.2596	0.2634	0.2785	0.3156	0.3325	0.3635	0.3985	0.4105	0.4244	0.4287	0.4379	0.4697	0.4799	0.5022	0.5239	0.5573	0.5410	0.5130	0.5055	0.5487	0.5663	0.5387	0.5440	0.5695	0.5442	0.5263	0.5777	0.5885	0.5408	0.5963	0.6541	0.6318	0.6329	0.6574	0.6436	0.6475	0.6198	0.6352	0.6094	0.5833	0.5889	0.6348	0.5969	0.6079	0.5892	0.5900	0.6372	0.5757	0.6098	0.6173	0.5427	0.5521	0.5989	0.5643	0.5605	0.5008	0.5172	0.5007	0.4604	0.4644	0.4515	0.4504	0.4205	0.3823	0.3737	0.3639	0.3308	0.3175
0.2381	0.2593	0.2629	0.3008	0.3140	0.3399	0.3986	0.3755	0.4238	0.4502	0.4209	0.4483	0.4466	0.4655	0.4821	0.4914	0.5360	0.5374	0.5391	0.5433	0.5606	0.5479	0.5399	0.5761	0.5694	0.5583	0.5307	0.5682	0.5774	0.5671	0.6176	0.6410	0.6111	0.6577	0.6433	0.6342	0.6766	0.6541	0.6408	0.5970	0.6136	0.5842	0.5884	0.6045	0.6114	0.5969	0.6146	0.6127	0.6373	0.6313	0.6066	0.5453	0.6042	0.5718	0.5496	0.5646	0.5303	0.5281	0.4692	0.4614	0.4653	0.4669	0.4599	0.4206	0.3757	0.3499	0.3825	0.3452	0.3315
0.2307	0.2413	0.2759	0.2787	0.3093	0.3292	0.3947	0.3911	0.3942	0.4282	0.4259	0.4272	0.4893	0.5186	0.4792	0.5651	0.5423	0.5466	0.5460	0.5590	0.5766	0.5189	0.5306	0.5084	0.5288	0.5558	0.5328	0.5714	0.5903	0.5977	0.6284	0.6550	0.6565	0.6711	0.6491	0.6334	0.6366	0.6240	0.6271	0.5952	0.6146	0.5854	0.5829	0.5962	0.5711	0.6052	0.6275	0.6057	0.6153	0.6461	0.6258	0.5782	0.5949	0.5623	0.5324	0.5537	0.5368	0.5020	0.4910	0.4733	0.4761	0.4543	0.4297	0.4513	0.3974	0.3800	0.4050	0.3737	0.3550
0.1865	0.2204	0.2390	0.2552	0.3076	0.3028	0.3588	0.3979	0.4030	0.3856	0.4179	0.4810	0.5203	0.5789	0.5663	0.5874	0.6160	0.6195	0.5851	0.6120	0.5931	0.5445	0.5169	0.5353	0.5612	0.5561	0.5466	0.5570	0.5570	0.5835	0.5777	0.6265	0.6366	0.6223	0.6599	0.6432	0.6250	0.6457	0.6687	0.6014	0.5930	0.5700	0.5663	0.5647	0.5733	0.6082	0.6016	0.6391	0.5825	0.6762	0.6182	0.5793	0.5892	0.6016	0.5576	0.5651	0.5679	0.5219	0.4979	0.4902	0.4723	0.4279	0.4310	0.4465	0.4358	0.4192	0.3979	0.3821	0.3565
0.2087	0.2341	0.2706	0.2671	0.2932	0.3239	0.3775	0.3936	0.4069	0.4389	0.4838	0.5374	0.5614	0.6141	0.6349	0.6538	0.6628	0.6509	0.6565	0.6500	0.6264	0.6088	0.5840	0.5594	0.5904	0.5479	0.5542	0.5561	0.5762	0.5680	0.5599	0.5615	0.6029	0.6563	0.6619	0.6616	0.6326	0.6193	0.5985	0.5606	0.5634	0.5532	0.5664	0.5682	0.5469	0.5625	0.5929	0.6185	0.6196	0.6787	0.6626	0.6139	0.6150	0.6208	0.5731	0.5787	0.5436	0.5276	0.5015	0.4955	0.4844	0.4491	0.4762	0.4668	0.4393	0.4139	0.4176	0.4142	0.4130
0.1965	0.2348	0.2783	0.2672	0.2841	0.3267	0.3650	0.4036	0.4499	0.4787	0.4898	0.6018	0.6316	0.6235	0.6729	0.6824	0.7110	0.7265	0.7130	0.7127	0.6942	0.6812	0.6631	0.6490	0.6126	0.5889	0.5682	0.5601	0.5633	0.5628	0.5534	0.5904	0.6005	0.6203	0.6071	0.5983	0.5957	0.5785	0.5755	0.5324	0.5521	0.5780	0.5306	0.5606	0.5653	0.5613	0.5774	0.5999	0.6257	0.6841	0.6646	0.6267	0.6032	0.6079	0.5612	0.5798	0.5543	0.5289	0.5400	0.4937	0.4735	0.4729	0.4780	0.4594	0.4384	0.4248	0.4336	0.4202	0.4370
0.2309	0.2692	0.2996	0.2978	0.3218	0.3536	0.3843	0.4261	0.4860	0.5209	0.5484	0.6127	0.6334	0.6245	0.7090	0.7299	0.7724	0.8286	0.8036	0.8015	0.7620	0.7519	0.7323	0.7463	0.7177	0.6905	0.6450	0.5972	0.5954	0.5643	0.5897	0.6175	0.5935	0.5989	0.6165	0.5888	0.6054	0.5859	0.5635	0.5344	0.5580	0.5618	0.5547	0.5664	0.6045	0.5745	0.6083	0.6396	0.6476	0.6620	0.6741	0.6571	0.6388	0.6370	0.5936	0.5880	0.5958	0.5749	0.5633	0.5211	0.5064	0.4718	0.4753	0.4884	0.4638	0.4335	0.4744	0.4352	0.4383
0.2593	0.3477	0.4025	0.4549	0.4562	0.4910	0.5223	0.5507	0.5683	0.5987	0.6767	0.7178	0.7057	0.7362	0.8146	0.8199	0.9057	0.8751	0.8211	0.8252	0.8262	0.8533	0.8199	0.7562	0.7988	0.7753	0.7746	0.7122	0.7061	0.6577	0.6482	0.6263	0.6059	0.5929	0.6388	0.6081	0.6054	0.6251	0.5703	0.5743	0.5619	0.5834	0.5954	0.5892	0.6149	0.5903	0.6199	0.6122	0.6443	0.6726	0.6751	0.6861	0.6712	0.6358	0.5818	0.6013	0.6050	0.5823	0.5573	0.5609	0.5323	0.5285	0.5287	0.5074	0.4953	0.4529	0.4356	0.4424	0.4248
0.1584	0.2714	0.4006	0.5152	0.5885	0.6815	0.7340	0.7598	0.7365	0.7519	0.7478	0.7768	0.7529	0.7975	0.8480	0.8110	0.7886	0.6910	0.5526	0.5363	0.5496	0.5586	0.5204	0.5085	0.5561	0.6064	0.6717	0.7209	0.8128	0.7996	0.7651	0.6994	0.6434	0.6070	0.6187	0.6102	0.6204	0.5967	0.5884	0.5807	0.5685	0.6008	0.6449	0.6447	0.6244	0.6456	0.6418	0.6293	0.6558	0.6884	0.6662	0.6874	0.6732	0.6592	0.6398	0.6215	0.6175	0.5974	0.6279	0.5979	0.5920	0.5853	0.5591	0.5425	0.5093	0.4685	0.4778	0.4757	0.4307
0.0707	0.1051	0.1521	0.2250	0.3008	0.4046	0.4568	0.4205	0.4365	0.4755	0.4821	0.4749	0.4484	0.4535	0.4289	0.3654	0.3350	0.2907	0.2764	0.3022	0.3023	0.2867	0.2824	0.2914	0.3064	0.3206	0.3732	0.4631	0.7399	0.9272	0.8857	0.8111	0.7345	0.6941	0.6617	0.6695	0.6567	0.6209	0.5961	0.5715	0.6086	0.5974	0.6247	0.6400	0.6413	0.6511	0.6879	0.6805	0.6755	0.6969	0.6759	0.6869	0.6807	0.6713	0.6695	0.6861	0.6764	0.6250	0.6390	0.6083	0.6330	0.6298	0.6000	0.5903	0.5389	0.5076	0.5221	0.5016	0.5040
0.0380	0.0469	0.0657	0.0950	0.0975	0.1160	0.1285	0.1317	0.1674	0.1697	0.1820	0.1851	0.1848	0.1865	0.1969	0.1922	0.1866	0.1860	0.1941	0.2080	0.2368	0.2285	0.2351	0.2428	0.2594	0.2749	0.3027	0.3333	0.5158	0.8753	0.9614	0.9193	0.8982	0.8409	0.7735	0.7806	0.6945	0.6986	0.6528	0.6338	0.6585	0.6452	0.6191	0.6354	0.6415	0.6804	0.7172	0.6971	0.6805	0.7043	0.7022	0.6791	0.6835	0.6745	0.6639	0.7065	0.7096	0.6770	0.6585	0.6537	0.6880	0.6350	0.6385	0.6151	0.5931	0.5772	0.5837	0.5194	0.4882
0.0147	0.0314	0.0493	0.0607	0.0779	0.0780	0.0868	0.0767	0.0940	0.0997	0.1053	0.1111	0.1315	0.1249	0.1371	0.1520	0.1717	0.1686	0.1757	0.1762	0.1771	0.1862	0.2128	0.2227	0.2428	0.2449	0.2583	0.3082	0.3917	0.5602	0.7466	0.9315	1.0000	0.9718	0.8895	0.8055	0.7940	0.7913	0.7225	0.7073	0.7347	0.6988	0.6897	0.7029	0.6779	0.7005	0.7235	0.7124	0.6876	0.7192	0.7009	0.6934	0.6899	0.7138	0.7090	0.7364	0.7928	0.7833	0.7453	0.7160	0.7356	0.6761	0.6484	0.6467	0.6116	0.6342	0.6321	0.5236	0.4798
0.0135	0.0278	0.0462	0.0377	0.0612	0.0649	0.0623	0.0693	0.0778	0.0806	0.0799	0.0895	0.0919	0.0881	0.1070	0.1150	0.1273	0.1363	0.1313	0.1492	0.1478	0.1445	0.1777	0.1784	0.1849	0.1942	0.2017	0.2451	0.2727	0.3199	0.4049	0.6605	0.9217	0.9427	0.8389	0.8662	0.9221	0.8851	0.8295	0.7855	0.7652	0.7878	0.7453	0.7241	0.7208	0.7377	0.7231	0.7377	0.7256	0.7455	0.7165	0.7262	0.6872	0.7087	0.7597	0.8261	0.8286	0.8362	0.7805	0.7582	0.7177	0.6971	0.6917	0.6285	0.6225	0.6248	0.5830	0.5224	0.4801
0.0222	0.0302	0.0359	0.0327	0.0624	0.0548	0.0562	0.0556	0.0717	0.0755	0.0758	0.0756	0.0902	0.0815	0.0840	0.0884	0.0945	0.0971	0.1051	0.0981	0.1079	0.1047	0.1204	0.1339	0.1519	0.1520	0.1724	0.1822	0.2312	0.2436	0.2703	0.3364	0.4761	0.5867	0.5778	0.8247	0.9382	0.9304	0.9012	0.8219	0.7813	0.8230	0.8031	0.7656	0.7617	0.7761	0.7360	0.7556	0.7592	0.7632	0.7870	0.7607	0.7685	0.7600	0.7925	0.7551	0.7591	0.8060	0.7416	0.6971	0.7568	0.7106	0.6859	0.6423	0.6170	0.6331	0.5864	0.5522	0.5061
0.0176	0.0177	0.0340	0.0272	0.0504	0.0501	0.0554	0.0657	0.0635	0.0564	0.0672	0.0667	0.0720	0.0637	0.0695	0.0902	0.0894	0.0892	0.0936	0.0815	0.0934	0.0888	0.0957	0.0975	0.1103	0.1087	0.1314	0.1438	0.1698	0.1951	0.2106	0.2405	0.2890	0.3184	0.5143	0.8625	0.9105	0.9051	0.8835	0.8323	0.7662	0.7746	0.7589	0.7508	0.6988	0.6177	0.4838	0.5055	0.5272	0.5043	0.5853	0.5869	0.6960	0.7156	0.6283	0.5654	0.7484	0.7784	0.7317	0.6417	0.7901	0.7269	0.7005	0.6717	0.6638	0.6360	0.5942	0.5566	0.5324
0.0113	0.0113	0.0274	0.0277	0.0359	0.0433	0.0523	0.0558	0.0520	0.0538	0.0732	0.0643	0.0683	0.0681	0.0583	0.0793	0.0849	0.0661	0.0694	0.0745	0.0785	0.0815	0.0828	0.0937	0.0866	0.0953	0.0977	0.0988	0.1068	0.1240	0.1352	0.1536	0.1660	0.2086	0.2929	0.4410	0.6663	0.8320	0.8010	0.7654	0.7571	0.6845	0.5735	0.4611	0.3469	0.2435	0.2111	0.2180	0.2233	0.2336	0.2834	0.3034	0.4362	0.5189	0.4521	0.5310	0.7061	0.7169	0.6472	0.5159	0.4852	0.5426	0.6533	0.6360	0.5361	0.4365	0.5169	0.4913	0.5397
0.0083	0.0215	0.0265	0.0266	0.0300	0.0264	0.0309	0.0501	0.0527	0.0451	0.0586	0.0532	0.0599	0.0525	0.0576	0.0635	0.0706	0.0660	0.0655	0.0762	0.0713	0.0713	0.0759	0.0788	0.0819	0.0812	0.0826	0.0994	0.0985	0.1023	0.1048	0.1047	0.1151	0.1232	0.1420	0.1489	0.2610	0.4052	0.3870	0.3632	0.4331	0.3690	0.2306	0.1618	0.1508	0.1682	0.1671	0.1865	0.1857	0.2033	0.2537	0.2984	0.4965	0.6662	0.6893	0.7089	0.7009	0.6529	0.5937	0.5016	0.2816	0.3061	0.5687	0.5635	0.3116	0.2149	0.2632	0.2981	0.3568
0.0058	0.0059	0.0220	0.0224	0.0217	0.0208	0.0241	0.0349	0.0306	0.0410	0.0461	0.0545	0.0542	0.0430	0.0572	0.0571	0.0630	0.0623	0.0638	0.0665	0.0717	0.0716	0.0676	0.0646	0.0730	0.0701	0.0763	0.0786	0.0812	0.0847	0.0854	0.0868	0.0946	0.0995	0.1066	0.1029	0.1155	0.1248	0.1190	0.1264	0.1348	0.1269	0.1245	0.1303	0.1368	0.1457	0.1449	0.1591	0.1622	0.1877	0.2426	0.3174	0.6264	0.8132	0.7696	0.7084	0.6556	0.6384	0.6070	0.4567	0.1765	0.1527	0.2745	0.2988	0.1668	0.1291	0.1335	0.1475	0.1689
0.0000	0.0132	0.0124	0.0222	0.0296	0.0231	0.0155	0.0302	0.0404	0.0517	0.0368	0.0348	0.0413	0.0487	0.0549	0.0588	0.0531	0.0468	0.0570	0.0643	0.0651	0.0626	0.0656	0.0655	0.0675	0.0668	0.0715	0.0717	0.0753	0.0834	0.0786	0.0782	0.0867	0.0817	0.0949	0.0912	0.0936	0.0962	0.1036	0.0971	0.1033	0.1065	0.1095	0.1019	0.1136	0.1147	0.1210	0.1062	0.1096	0.1278	0.1531	0.2045	0.3997	0.5395	0.6651	0.7293	0.6942	0.6089	0.5687	0.3253	0.1200	0.1085	0.1064	0.1312	0.1169	0.1065	0.1137	0.1066	0.1102
0.0000	0.0000	0.0084	0.0000	0.0149	0.0187	0.0241	0.0262	0.0310	0.0447	0.0337	0.0278	0.0326	0.0450	0.0453	0.0511	0.0555	0.0513	0.0432	0.0543	0.0687	0.0572	0.0645	0.0627	0.0636	0.0643	0.0608	0.0692	0.0702	0.0690	0.0626	0.0841	0.0778	0.0753	0.0775	0.0905	0.0973	0.0908	0.0821	0.0909	0.1000	0.1010	0.0924	0.0886	0.0831	0.0884	0.0883	0.0798	0.0850	0.0984	0.0966	0.1113	0.1248	0.1841	0.3177	0.5235	0.5381	0.4171	0.4097	0.1771	0.0976	0.0933	0.0902	0.1018	0.1098	0.1049	0.1019	0.0957	0.0960
0.0000	0.0000	0.0080	0.0000	0.0089	0.0188	0.0234	0.0147	0.0290	0.0350	0.0357	0.0274	0.0351	0.0406	0.0402	0.0484	0.0437	0.0499	0.0475	0.0490	0.0612	0.0563	0.0478	0.0570	0.0615	0.0641	0.0557	0.0658	0.0676	0.0691	0.0631	0.0707	0.0647	0.0705	0.0646	0.0749	0.0866	0.0928	0.0838	0.0824	0.0880	0.0909	0.0825	0.0841	0.0810	0.0851	0.0808	0.0831	0.0784	0.0867	0.0877	0.0925	0.0994	0.1001	0.1258	0.1578	0.1595	0.1284	0.1345	0.1041	0.0891	0.0792	0.0903	0.0888	0.0947	0.0846	0.0731	0.0825	0.0769
0.0000	0.0000	0.0105	0.0037	0.0000	0.0140	0.0222	0.0159	0.0222	0.0264	0.0258	0.0304	0.0296	0.0284	0.0276	0.0326	0.0283	0.0295	0.0331	0.0410	0.0416	0.0485	0.0410	0.0511	0.0452	0.0587	0.0515	0.0559	0.0643	0.0640	0.0546	0.0630	0.0666	0.0675	0.0605	0.0696	0.0740	0.0754	0.0754	0.0719	0.0787	0.0739	0.0798	0.0766	0.0754	0.0683	0.0754	0.0760	0.0720	0.0770	0.0715	0.0813	0.0927	0.0944	0.0878	0.0837	0.0952	0.0874	0.0871	0.0796	0.0857	0.0707	0.0672	0.0759	0.0733	0.0614	0.0585	0.0660	0.0634
0.0000	0.0000	0.0000	0.0000	0.0000	0.0019	0.0170	0.0079	0.0021	0.0068	0.0145	0.0280	0.0256	0.0161	0.0209	0.0324	0.0307	0.0285	0.0304	0.0422	0.0361	0.0304	0.0315	0.0429	0.0390	0.0512	0.0524	0.0555	0.0546	0.0577	0.0454	0.0486	0.0660	0.0589	0.0574	0.0672	0.0578	0.0646	0.0670	0.0623	0.0692	0.0718	0.0695	0.0718	0.0686	0.0628	0.0753	0.0727	0.0611	0.0598	0.0731	0.0811	0.0690	0.0765	0.0800	0.0831	0.0904	0.0757	0.0769	0.0816	0.0761	0.0627	0.0716	0.0616	0.0733	0.0658	0.0587	0.0672	0.0665
0.0000	0.0000	0.0000	0.0065	0.0000	0.0000	0.0173	0.0093	0.0000	0.0000	0.0155	0.0213	0.0316	0.0246	0.0221	0.0204	0.0313	0.0364	0.0370	0.0348	0.0354	0.0363	0.0344	0.0358	0.0377	0.0417	0.0447	0.0541	0.0500	0.0592	0.0562	0.0595	0.0655	0.0617	0.0604	0.0592	0.0629	0.0616	0.0644	0.0631	0.0726	0.0728	0.0638	0.0695	0.0681	0.0696	0.0691	0.0675	0.0634	0.0699	0.0743	0.0724	0.0692	0.0820	0.0816	0.0847	0.0721	0.0673	0.0760	0.0699	0.0621	0.0562	0.0682	0.0609	0.0582	0.0556	0.0518	0.0645	0.0640
0.0000	0.0000	0.0000	0.0035	0.0000	0.0000	0.0000	0.0008	0.0054	0.0041	0.0163	0.0176	0.0209	0.0226	0.0184	0.0212	0.0336	0.0342	0.0280	0.0346	0.0334	0.0368	0.0295	0.0353	0.0382	0.0372	0.0372	0.0409	0.0480	0.0606	0.0527	0.0554	0.0566	0.0531	0.0543	0.0511	0.0544	0.0669	0.0699	0.0599	0.0566	0.0590	0.0608	0.0605	0.0616	0.0664	0.0625	0.0647	0.0640	0.0640	0.0593	0.0621	0.0668	0.0688	0.0736	0.0674	0.0688	0.0608	0.0691	0.0583	0.0586	0.0529	0.0529	0.0577	0.0538	0.0510	0.0529	0.0465	0.0412
0.0000	0.0000	0.0000	0.0000	0.0000	0.0000	0.0000	0.0053	0.0202	0.0026	0.0022	0.0164	0.0185	0.0105	0.0212	0.0222	0.0268	0.0229	0.0188	0.0217	0.0297	0.0295	0.0368	0.0320	0.0392	0.0291	0.0334	0.0440	0.0424	0.0495	0.0542	0.0462	0.0457	0.0510	0.0510	0.0491	0.0499	0.0525	0.0569	0.0591	0.0569	0.0578	0.0634	0.0463	0.0614	0.0617	0.0576	0.0590	0.0577	0.0573	0.0551	0.0543	0.0608	0.0676	0.0677	0.0773	0.0578	0.0504	0.0504	0.0576	0.0558	0.0507	0.0479	0.0496	0.0513	0.0419	0.0453	0.0456	0.0375
0.0000	0.0000	0.0000	0.0000	0.0000	0.0014	0.0016	0.0000	0.0049	0.0000	0.0305	0.0240	0.0153	0.0135	0.0239	0.0206	0.0110	0.0201	0.0246	0.0256	0.0155	0.0163	0.0206	0.0287	0.0450	0.0329	0.0243	0.0325	0.0364	0.0322	0.0398	0.0397	0.0580	0.0449	0.0514	0.0500	0.0499	0.0561	0.0573	0.0595	0.0583	0.0581	0.0553	0.0531	0.0537	0.0571	0.0540	0.0697	0.0620	0.0536	0.0574	0.0524	0.0599	0.0611	0.0685	0.0831	0.0594	0.0561	0.0603	0.0582	0.0619	0.0543	0.0542	0.0513	0.0589	0.0528	0.0474	0.0448	0.0409
