0.0000	0.0000	0.0000	0.0000	0.0000	0.0000	0.0000	0.0111	0.0077	0.0000	0.0000	0.0130	0.0135	0.0117	0.0220	0.0400	0.0476	0.0346	0.0347	0.0423	0.0402	0.0444	0.0426	0.0543	0.0654	0.0730	0.0685	0.0496	0.0419	0.0726	0.0568	0.0593	0.0723	0.0815	0.0723	0.0734	0.0746	0.0656	0.0647	0.0822	0.0805	0.0850	0.0822	0.0634	0.0508	0.0629	0.0741	0.0798	0.0667	0.0665	0.0680	0.0587	0.0516	0.0500	0.0474	0.0488	0.0400	0.0368	0.0413	0.0491	0.0535	0.0471	0.0388	0.0374	0.0386	0.0422	0.0362	0.0417	0.0424
0.0000	0.0000	0.0000	0.0000	0.0000	0.0000	0.0018	0.0163	0.0246	0.0005	0.0124	0.0176	0.0269	0.0219	0.0199	0.0350	0.0326	0.0418	0.0415	0.0412	0.0445	0.0466	0.0489	0.0591	0.0686	0.0660	0.0645	0.0767	0.0696	0.0687	0.0752	0.0822	0.0940	0.0803	0.0860	0.1007	0.0970	0.0842	0.0758	0.0685	0.0693	0.0815	0.0689	0.0871	0.0668	0.0647	0.0762	0.0916	0.0736	0.0565	0.0658	0.0594	0.0484	0.0405	0.0430	0.0670	0.0480	0.0484	0.0488	0.0522	0.0463	0.0474	0.0416	0.0430	0.0424	0.0428	0.0353	0.0433	0.0470
0.0000	0.0000	0.0000	0.0000	0.0000	0.0000	0.0039	0.0148	0.0159	0.0136	0.0270	0.0271	0.0255	0.0246	0.0331	0.0468	0.0529	0.0473	0.0536	0.0518	0.0575	0.0427	0.0485	0.0684	0.0732	0.0738	0.0839	0.0791	0.0788	0.0817	0.0835	0.0801	0.0762	0.0943	0.0862	0.0832	0.1012	0.0887	0.0785	0.0669	0.0823	0.0838	0.0771	0.0836	0.0809	0.0814	0.0893	0.0848	0.0786	0.0618	0.0751	0.0748	0.0642	0.0641	0.0737	0.0702	0.0570	0.0463	0.0533	0.0540	0.0651	0.0562	0.0554	0.0559	0.0521	0.0544	0.0382	0.0515	0.0617
0.0000	0.0000	0.0001	0.0057	0.0000	0.0077	0.0146	0.0155	0.0017	0.0118	0.0154	0.0297	0.0345	0.0318	0.0339	0.0384	0.0568	0.0587	0.0598	0.0545	0.0643	0.0536	0.0433	0.0486	0.0690	0.0740	0.0913	0.0789	0.0623	0.0744	0.0753	0.0791	0.0827	0.1023	0.1067	0.0788	0.0863	0.0940	0.0817	0.0835	0.0897	0.0817	0.0884	0.0844	0.0896	0.0764	0.0772	0.0731	0.0668	0.0689	0.0880	0.0773	0.0655	0.0688	0.0787	0.0512	0.0476	0.0492	0.0597	0.0528	0.0637	0.0545	0.0693	0.0697	0.0604	0.0644	0.0673	0.0678	0.0679
0.0000	0.0000	0.0000	0.0152	0.0017	0.0044	0.0099	0.0126	0.0014	0.0197	0.0202	0.0308	0.0493	0.0476	0.0295	0.0377	0.0481	0.0393	0.0605	0.0732	0.0544	0.0529	0.0733	0.0683	0.0695	0.0764	0.0699	0.0712	0.0688	0.0751	0.0890	0.0887	0.0961	0.1038	0.1121	0.0863	0.0779	0.0808	0.0881	0.0935	0.0914	0.0768	0.0874	0.0842	0.0916	0.0920	0.0877	0.0832	0.0904	0.0747	0.0797	0.0717	0.0706	0.0771	0.0677	0.0651	0.0636	0.0601	0.0634	0.0709	0.0620	0.0569	0.0715	0.0769	0.0690	0.0675	0.0863	0.0738	0.0847
0.0000	0.0000	0.0031	0.0120	0.0000	0.0135	0.0126	0.0164	0.0251	0.0284	0.0448	0.0491	0.0661	0.0552	0.0400	0.0527	0.0558	0.0411	0.0508	0.0742	0.0547	0.0698	0.0626	0.0652	0.0696	0.0789	0.0665	0.0715	0.0803	0.0876	0.0759	0.0888	0.0991	0.1172	0.1107	0.0982	0.0933	0.0907	0.1010	0.0866	0.0744	0.0844	0.1027	0.0915	0.0807	0.0957	0.0923	0.0945	0.0978	0.0905	0.0887	0.0820	0.0902	0.0891	0.0803	0.0809	0.0751	0.0735	0.0668	0.0868	0.0807	0.0895	0.0952	0.0938	0.1005	0.0909	0.0916	0.0969	0.0950
0.0000	0.0000	0.0009	0.0133	0.0000	0.0117	0.0293	0.0212	0.0384	0.0326	0.0334	0.0437	0.0585	0.0488	0.0397	0.0534	0.0573	0.0654	0.0501	0.0555	0.0701	0.0847	0.0601	0.0610	0.0869	0.1019	0.0975	0.0836	0.0876	0.0896	0.0926	0.1003	0.1122	0.1192	0.1171	0.1061	0.0861	0.1008	0.1048	0.0984	0.1023	0.1057	0.1050	0.0965	0.0948	0.1095	0.0946	0.1102	0.1012	0.1021	0.1125	0.1151	0.1025	0.1025	0.0905	0.0930	0.0992	0.0804	0.0898	0.1011	0.0983	0.1000	0.1120	0.1278	0.1347	0.1153	0.1197	0.1279	0.1342
0.0000	0.0035	0.0062	0.0106	0.0051	0.0020	0.0143	0.0271	0.0418	0.0322	0.0322	0.0510	0.0408	0.0456	0.0428	0.0685	0.0608	0.0665	0.0689	0.0605	0.0725	0.0830	0.0762	0.0739	0.1094	0.1055	0.0958	0.0907	0.0955	0.0980	0.0945	0.1004	0.1302	0.1262	0.1182	0.1132	0.1318	0.1185	0.1068	0.1046	0.1143	0.1073	0.1174	0.1127	0.1036	0.1168	0.1165	0.1234	0.1099	0.1159	0.1170	0.1160	0.1093	0.1051	0.1032	0.1110	0.1046	0.1023	0.1140	0.1153	0.1262	0.1299	0.1426	0.1606	0.1561	0.1579	0.1693	0.1838	0.2144
0.0000	0.0000	0.0134	0.0126	0.0241	0.0359	0.0357	0.0309	0.0366	0.0377	0.0415	0.0604	0.0604	0.0595	0.0689	0.0798	0.0640	0.0588	0.0786	0.0785	0.0846	0.0868	0.0904	0.0856	0.0957	0.0989	0.0911	0.0930	0.1142	0.1092	0.0987	0.1012	0.1286	0.1132	0.1246	0.1317	0.1262	0.1171	0.1184	0.1345	0.1205	0.1163	0.1261	0.1266	0.1262	0.1350	0.1372	0.1472	0.1424	0.1523	0.1490	0.1320	0.1248	0.1368	0.1320	0.1436	0.1363	0.1357	0.1454	0.1534	0.1543	0.1700	0.1726	0.1914	0.1991	0.2108	0.2522	0.2864	0.2822
0.0000	0.0121	0.0230	0.0221	0.0147	0.0431	0.0505	0.0587	0.0497	0.0456	0.0532	0.0516	0.0661	0.0802	0.0689	0.0747	0.0913	0.0781	0.0823	0.0910	0.0914	0.0820	0.0901	0.0995	0.1156	0.1159	0.1026	0.1253	0.1205	0.1128	0.1153	0.1207	0.1387	0.1515	0.1463	0.1418	0.1366	0.1510	0.1535	0.1461	0.1317	0.1289	0.1400	0.1265	0.1467	0.1460	0.1647	0.1673	0.1667	0.1674	0.1596	0.1581	0.1526	0.1662	0.1591	0.1488	0.1657	0.1747	0.1707	0.1750	0.1879	0.2018	0.2154	0.2592	0.2942	0.3329	0.3428	0.3113	0.3054
0.0000	0.0182	0.0263	0.0204	0.0346	0.0427	0.0538	0.0699	0.0418	0.0491	0.0599	0.0565	0.0629	0.0683	0.0722	0.0898	0.0837	0.0877	0.0969	0.0958	0.1085	0.1040	0.1005	0.1047	0.1316	0.1337	0.1262	0.1139	0.1381	0.1431	0.1394	0.1653	0.1591	0.1939	0.1931	0.1491	0.1679	0.1835	0.1775	0.1720	0.1619	0.1541	0.1802	0.1613	0.1634	0.1611	0.2066	0.2105	0.2100	0.2056	0.1899	0.2161	0.1854	0.1844	0.1788	0.1920	0.2149	0.1989	0.2040	0.2150	0.2232	0.2125	0.2441	0.3181	0.4103	0.3945	0.3577	0.2664	0.2729
0.0000	0.0196	0.0223	0.0241	0.0262	0.0324	0.0291	0.0544	0.0418	0.0499	0.0695	0.0816	0.0921	0.0755	0.0673	0.0811	0.0820	0.0958	0.1233	0.1254	0.1394	0.1392	0.1294	0.1367	0.1487	0.1625	0.1607	0.1468	0.1630	0.1659	0.2052	0.2434	0.2572	0.2574	0.2593	0.2227	0.2248	0.2391	0.2195	0.2386	0.2343	0.2457	0.2527	0.2060	0.2043	0.1994	0.2379	0.2434	0.2350	0.2540	0.2207	0.2320	0.2234	0.2373	0.2089	0.2179	0.2277	0.2189	0.2229	0.2450	0.2285	0.2359	0.2590	0.3981	0.4423	0.3829	0.3463	0.3110	0.2970
0.0164	0.0207	0.0175	0.0316	0.0373	0.0462	0.0382	0.0561	0.0661	0.0816	0.0848	0.0840	0.1054	0.0835	0.0722	0.0894	0.1135	0.1376	0.1400	0.1638	0.1624	0.1722	0.1937	0.1841	0.2108	0.2340	0.2229	0.2305	0.2466	0.2736	0.3041	0.4565	0.5569	0.5720	0.5355	0.4604	0.4301	0.4318	0.3599	0.3926	0.4588	0.3869	0.3295	0.2602	0.2361	0.2529	0.2652	0.2629	0.2683	0.2708	0.2515	0.2252	0.2414	0.2470	0.2295	0.2309	0.2277	0.2196	0.2317	0.2413	0.2349	0.2511	0.3013	0.4454	0.4810	0.4142	0.3808	0.3614	0.3112
0.0368	0.0344	0.0288	0.0321	0.0330	0.0626	0.0581	0.0701	0.0589	0.0823	0.1111	0.0958	0.0999	0.1132	0.1039	0.1259	0.1452	0.1635	0.1881	0.2218	0.2346	0.2474	0.3153	0.2924	0.3160	0.3311	0.3315	0.4053	0.3882	0.4076	0.4488	0.6338	0.7395	0.7325	0.6934	0.6473	0.6412	0.6418	0.5751	0.6004	0.6196	0.4914	0.4134	0.3459	0.3207	0.3209	0.3021	0.3094	0.3179	0.2828	0.2817	0.2668	0.2579	0.2381	0.2382	0.2409	0.2311	0.2428	0.2354	0.2388	0.2532	0.2722	0.3106	0.4082	0.4804	0.4092	0.3807	0.2947	0.3014
0.0090	0.0241	0.0367	0.0594	0.0673	0.0564	0.0663	0.0948	0.0924	0.1010	0.1216	0.1234	0.1314	0.1524	0.1927	0.1767	0.2382	0.2446	0.2892	0.3557	0.4564	0.5071	0.5266	0.5868	0.5588	0.5448	0.5660	0.6094	0.6117	0.6167	0.6299	0.7175	0.7423	0.6949	0.6613	0.6698	0.6863	0.6746	0.6292	0.6286	0.6125	0.6118	0.5883	0.6031	0.5708	0.4802	0.3738	0.4201	0.5213	0.4187	0.3318	0.2962	0.2879	0.2446	0.2526	0.2495	0.2569	0.2537	0.2398	0.2587	0.2654	0.2707	0.3034	0.3719	0.4264	0.3897	0.3687	0.2945	0.2751
0.0195	0.0225	0.0471	0.0629	0.0759	0.0765	0.1016	0.1171	0.1469	0.1322	0.1626	0.1878	0.2109	0.2635	0.3115	0.3715	0.4484	0.4714	0.5578	0.6455	0.6955	0.6983	0.6488	0.6499	0.6110	0.6125	0.6202	0.5983	0.6604	0.6323	0.6473	0.7057	0.7184	0.7266	0.6704	0.6817	0.6681	0.6672	0.5983	0.5994	0.6322	0.6367	0.6870	0.7322	0.6972	0.6681	0.5995	0.6171	0.6849	0.5981	0.4792	0.4101	0.3952	0.3534	0.2964	0.2830	0.2841	0.2797	0.2597	0.2903	0.2859	0.2806	0.3434	0.4456	0.3976	0.3698	0.3549	0.2933	0.2764
0.0329	0.0418	0.0588	0.0881	0.1112	0.1410	0.1625	0.1856	0.2011	0.2469	0.3016	0.3607	0.4384	0.4944	0.5704	0.7059	0.6768	0.7128	0.7037	0.7150	0.7049	0.6646	0.6200	0.5772	0.5834	0.5709	0.5768	0.5516	0.5813	0.5770	0.6300	0.7230	0.6953	0.7094	0.6893	0.6614	0.6746	0.6927	0.6349	0.5872	0.5893	0.5931	0.6649	0.6834	0.6640	0.6693	0.6670	0.6896	0.6726	0.6786	0.6270	0.6079	0.5906	0.5390	0.4354	0.3519	0.3009	0.2825	0.2791	0.3046	0.3181	0.3134	0.3667	0.4347	0.3991	0.3726	0.3394	0.3052	0.3070
0.0634	0.1210	0.1485	0.1853	0.1910	0.2805	0.3212	0.3534	0.3975	0.4185	0.5610	0.6027	0.6063	0.6199	0.6295	0.6621	0.6724	0.6726	0.6924	0.7004	0.6350	0.6183	0.5805	0.5662	0.5280	0.5150	0.5585	0.5647	0.5236	0.5877	0.6317	0.6863	0.6678	0.6657	0.6618	0.6434	0.6608	0.6345	0.6181	0.6140	0.5746	0.5677	0.6281	0.6051	0.5998	0.6106	0.6541	0.6736	0.6945	0.6840	0.6665	0.6842	0.6145	0.5862	0.5462	0.3584	0.2934	0.2832	0.3029	0.3028	0.3230	0.3707	0.4517	0.4390	0.3873	0.3404	0.3279	0.2915	0.2932
0.0995	0.1916	0.2923	0.3800	0.4531	0.5720	0.5900	0.5556	0.5832	0.5628	0.5360	0.5632	0.5821	0.5533	0.5852	0.6418	0.6511	0.6206	0.6194	0.6013	0.5539	0.5357	0.5379	0.5125	0.5037	0.5003	0.5473	0.5157	0.5415	0.5888	0.5800	0.6354	0.6602	0.6820	0.6982	0.6582	0.6280	0.6335	0.6035	0.6048	0.5721	0.5391	0.5895	0.5786	0.5800	0.6065	0.6042	0.6271	0.6478	0.6467	0.6412	0.5964	0.5769	0.5648	0.5412	0.3613	0.2975	0.2922	0.3000	0.3270	0.3461	0.3801	0.4684	0.4345	0.3704	0.3293	0.3174	0.2986	0.2883
0.2122	0.3201	0.4057	0.4348	0.4691	0.4867	0.5147	0.5246	0.5108	0.5126	0.4877	0.4899	0.5340	0.4793	0.4985	0.5626	0.5405	0.5858	0.5528	0.5363	0.5160	0.5355	0.5165	0.5094	0.5061	0.4885	0.5412	0.5489	0.5488	0.6087	0.6006	0.5956	0.6379	0.6750	0.6823	0.6630	0.6340	0.6403	0.5817	0.5676	0.5779	0.5563	0.5806	0.5692	0.5977	0.5787	0.6016	0.6048	0.6270	0.6034	0.5838	0.5700	0.5813	0.5740	0.5577	0.4684	0.3530	0.3136	0.3024	0.3233	0.3506	0.4073	0.4688	0.4265	0.3905	0.3700	0.3156	0.3002	0.2837
0.2179	0.2699	0.3230	0.2969	0.3234	0.3616	0.4059	0.3614	0.3837	0.4261	0.4195	0.4071	0.4886	0.4442	0.4134	0.4556	0.4746	0.5341	0.5028	0.5032	0.5006	0.4942	0.4974	0.5026	0.5101	0.5042	0.5159	0.5651	0.5583	0.5396	0.5994	0.6229	0.6602	0.6945	0.6690	0.6736	0.6450	0.6093	0.5740	0.5826	0.5678	0.5643	0.5881	0.5655	0.5524	0.5673	0.6024	0.6054	0.5937	0.5898	0.5570	0.5596	0.5272	0.5565	0.5586	0.5430	0.4175	0.3209	0.3273	0.3400	0.3712	0.4383	0.4449	0.3966	0.3846	0.3687	0.3294	0.2924	0.2813
0.2106	0.2428	0.2517	0.2606	0.2682	0.2689	0.2887	0.2990	0.3231	0.3665	0.3743	0.3525	0.4043	0.4416	0.4221	0.4602	0.5112	0.5375	0.5360	0.5346	0.4982	0.5233	0.5355	0.4892	0.5123	0.5343	0.5409	0.5356	0.5518	0.5447	0.5490	0.5858	0.6118	0.6071	0.6495	0.6281	0.5845	0.6231	0.5768	0.5720	0.6093	0.5661	0.5654	0.5734	0.5691	0.5914	0.5824	0.6056	0.5636	0.5834	0.5957	0.5884	0.5448	0.5314	0.5243	0.5841	0.5136	0.4319	0.3515	0.3528	0.4306	0.4665	0.4291	0.3895	0.3781	0.3590	0.3236	0.3153	0.2846
0.1959	0.1989	0.2370	0.2319	0.2575	0.2571	0.3023	0.3084	0.3350	0.3466	0.3623	0.3755	0.3893	0.4264	0.4726	0.4878	0.5096	0.5420	0.5070	0.4955	0.4962	0.5133	0.5151	0.4817	0.4752	0.4913	0.5190	0.5375	0.5464	0.5848	0.5476	0.5573	0.6286	0.6337	0.5773	0.5804	0.6192	0.6003	0.5927	0.5648	0.5633	0.5754	0.5533	0.5705	0.5864	0.5927	0.5852	0.6161	0.5643	0.5338	0.5492	0.5816	0.5681	0.5517	0.5556	0.6047	0.5556	0.5100	0.3980	0.4413	0.4852	0.4639	0.4451	0.4254	0.3640	0.3599	0.3236	0.2733	0.2796
0.1823	0.1927	0.2041	0.2351	0.2588	0.2745	0.3419	0.3228	0.3182	0.3117	0.3504	0.3779	0.3795	0.4189	0.4709	0.4868	0.4760	0.5137	0.5587	0.5253	0.5132	0.4918	0.4924	0.4858	0.5177	0.4740	0.5107	0.5352	0.5332	0.5457	0.5553	0.5883	0.6103	0.6372	0.5985	0.5318	0.5729	0.5926	0.5627	0.5487	0.5432	0.5659	0.5665	0.5932	0.5875	0.5815	0.6010	0.5906	0.5809	0.5712	0.5447	0.5398	0.5676	0.5544	0.5316	0.5662	0.5669	0.5643	0.4687	0.4672	0.4931	0.4689	0.4160	0.3907	0.3505	0.3637	0.3206	0.2866	0.2953
0.1823	0.2218	0.2335	0.2356	0.2611	0.2952	0.3119	0.3338	0.3122	0.3365	0.3692	0.4008	0.4097	0.4351	0.4400	0.4518	0.4647	0.5185	0.5654	0.5276	0.4821	0.4914	0.4861	0.5378	0.5352	0.4973	0.4975	0.5003	0.5379	0.5227	0.5082	0.5533	0.5722	0.5877	0.5713	0.5361	0.5589	0.5578	0.5471	0.5633	0.5509	0.5673	0.5801	0.5709	0.5904	0.5625	0.5780	0.5833	0.5928	0.5805	0.5640	0.5253	0.5258	0.5305	0.5424	0.5646	0.5747	0.5611	0.5248	0.5099	0.4986	0.4393	0.3981	0.3318	0.3597	0.3513	0.3187	0.2960	0.2657
0.2171	0.2079	0.2300	0.2556	0.2739	0.2924	0.2981	0.3190	0.3269	0.3272	0.3798	0.3744	0.3986	0.4065	0.4585	0.4808	0.5012	0.5140	0.5024	0.4905	0.5440	0.4965	0.4875	0.4759	0.4853	0.4995	0.4813	0.4864	0.5258	0.5139	0.5492	0.5584	0.5677	0.5786	0.5422	0.5472	0.5489	0.5335	0.5556	0.5536	0.5392	0.5500	0.5318	0.5497	0.5924	0.6029	0.5844	0.5847	0.5791	0.5883	0.5662	0.5445	0.5291	0.5376	0.5553	0.5774	0.5813	0.5594	0.5390	0.4708	0.4664	0.4085	0.3643	0.3386	0.3473	0.3489	0.3064	0.2816	0.2792
0.2072	0.2240	0.2502	0.2799	0.2740	0.2812	0.3001	0.3197	0.3082	0.3195	0.3632	0.3783	0.4513	0.4359	0.4295	0.4581	0.4812	0.4749	0.5346	0.5149	0.5060	0.5007	0.5056	0.4861	0.4905	0.4927	0.4854	0.4740	0.4870	0.5013	0.5552	0.5705	0.5875	0.5818	0.5293	0.5201	0.5444	0.5229	0.5521	0.5689	0.5476	0.5436	0.5204	0.5017	0.5496	0.5872	0.5428	0.5510	0.5574	0.5426	0.5696	0.5322	0.5305	0.5158	0.5269	0.5226	0.5052	0.5009	0.4865	0.4764	0.4320	0.4003	0.3627	0.3614	0.3370	0.3318	0.3128	0.2906	0.2833
0.2106	0.2320	0.2312	0.2721	0.2623	0.2663	0.3257	0.3370	0.3319	0.3747	0.3741	0.3739	0.4505	0.4549	0.4329	0.4781	0.4633	0.4680	0.4982	0.5034	0.4711	0.4957	0.4751	0.4859	0.5157	0.4927	0.4727	0.5040	0.5015	0.5149	0.5399	0.5769	0.5781	0.5691	0.5222	0.5409	0.5653	0.5692	0.5905	0.5777	0.5695	0.5729	0.5463	0.5274	0.5451	0.5383	0.5497	0.5572	0.5925	0.5236	0.5528	0.5449	0.5844	0.5119	0.4712	0.4927	0.4759	0.4366	0.4295	0.4807	0.4395	0.4203	0.4304	0.3679	0.3474	0.3249	0.3285	0.3062	0.2960
0.1903	0.2214	0.2419	0.2742	0.2785	0.2540	0.3161	0.3200	0.3368	0.3605	0.3781	0.3977	0.3950	0.4132	0.4318	0.4545	0.4699	0.4849	0.5231	0.4842	0.4903	0.4836	0.4784	0.4769	0.5207	0.4694	0.4880	0.5527	0.5768	0.5356	0.5722	0.6119	0.5878	0.5753	0.5548	0.5892	0.5973	0.6189	0.5939	0.5647	0.5983	0.5725	0.5547	0.5682	0.5401	0.5270	0.5713	0.5573	0.5432	0.5292	0.5332	0.5124	0.5391	0.5124	0.4891	0.4873	0.4709	0.4497	0.4303	0.4334	0.4371	0.4122	0.3936	0.3776	0.3435	0.3168	0.3132	0.2785	0.2775
0.1797	0.2092	0.2414	0.3044	0.3124	0.2952	0.2899	0.3299	0.3518	0.3695	0.3672	0.4202	0.4225	0.4168	0.4264	0.4643	0.4962	0.5384	0.5176	0.4873	0.5032	0.5066	0.5067	0.5058	0.5022	0.4893	0.5081	0.5517	0.5594	0.5826	0.5915	0.6065	0.6390	0.6261	0.5773	0.5877	0.6373	0.6168	0.5938	0.5906	0.6105	0.5976	0.5735	0.6066	0.5664	0.5480	0.5781	0.5919	0.5450	0.5555	0.5408	0.5328	0.4979	0.5049	0.4918	0.4881	0.4604	0.4439	0.4312	0.4311	0.4079	0.3856	0.3771	0.3776	0.3287	0.3355	0.3028	0.2922	0.2985
0.1730	0.2128	0.2592	0.3073	0.2880	0.2891	0.3217	0.3455	0.3867	0.3971	0.3971	0.4102	0.4200	0.4010	0.4584	0.4573	0.5138	0.5095	0.4981	0.4682	0.5070	0.5252	0.5048	0.5020	0.4952	0.5109	0.4948	0.5341	0.5654	0.5814	0.6017	0.6295	0.6352	0.6390	0.6837	0.6436	0.6428	0.6094	0.5942	0.6156	0.6230	0.6369	0.6004	0.5874	0.5776	0.5556	0.5951	0.5870	0.5944	0.5820	0.5714	0.5819	0.5627	0.5412	0.4935	0.4794	0.4878	0.4697	0.4550	0.4454	0.4122	0.3852	0.3775	0.3586	0.3528	0.3248	0.3022	0.2827	0.2888
0.1963	0.2137	0.2445	0.2493	0.2710	0.3006	0.3021	0.3520	0.3628	0.3951	0.4199	0.4041	0.4210	0.3983	0.4457	0.4766	0.5232	0.5068	0.5207	0.5608	0.5207	0.5074	0.4987	0.5190	0.5308	0.5524	0.5395	0.5662	0.5772	0.5679	0.5988	0.6295	0.6393	0.6558	0.6891	0.6484	0.6361	0.6302	0.6310	0.5944	0.6093	0.5807	0.6177	0.5649	0.5951	0.5894	0.5942	0.6314	0.5857	0.6117	0.6052	0.5767	0.5528	0.5935	0.5468	0.5046	0.4951	0.4903	0.4637	0.4460	0.4336	0.4090	0.4140	0.3869	0.3813	0.3536	0.3335	0.2970	0.2837
0.2282	0.2386	0.2619	0.2682	0.2885	0.3185	0.3212	0.3617	0.3777	0.3876	0.3770	0.3960	0.4443	0.4382	0.4536	0.5014	0.5320	0.5361	0.5480	0.5607	0.5592	0.5523	0.5328	0.5452	0.5860	0.5773	0.5764	0.5948	0.5790	0.5831	0.6290	0.6347	0.6489	0.6687	0.6984	0.6650	0.6807	0.6607	0.6829	0.6270	0.6477	0.6322	0.5981	0.5933	0.6095	0.5949	0.6369	0.6592	0.6584	0.6433	0.6204	0.5993	0.6209	0.6043	0.5775	0.5645	0.5493	0.5283	0.4681	0.4473	0.4454	0.4527	0.4243	0.4274	0.4112	0.3836	0.3512	0.3029	0.2829
0.2156	0.2295	0.2723	0.2809	0.2653	0.2726	0.3219	0.3750	0.3998	0.3880	0.4060	0.3754	0.4347	0.4889	0.4669	0.4978	0.5287	0.5446	0.5614	0.5944	0.5798	0.5600	0.5541	0.5574	0.5571	0.5931	0.5664	0.5723	0.5952	0.6094	0.6307	0.6432	0.6813	0.6885	0.7002	0.6878	0.6751	0.6757	0.6960	0.6660	0.6429	0.6578	0.6379	0.6340	0.5901	0.6134	0.6862	0.6755	0.6949	0.6984	0.6723	0.6280	0.6449	0.6402	0.6429	0.6190	0.5851	0.5520	0.5405	0.5140	0.4997	0.4705	0.4411	0.4605	0.4403	0.4403	0.4291	0.3500	0.3262
0.1978	0.2178	0.2362	0.2456	0.2731	0.2828	0.3190	0.3619	0.3668	0.3543	0.3797	0.3817	0.4225	0.4721	0.4676	0.4777	0.5209	0.5287	0.5649	0.5770	0.5672	0.5655	0.5721	0.5933	0.5651	0.5619	0.5658	0.5743	0.5522	0.6233	0.5813	0.6079	0.6601	0.6869	0.7428	0.6904	0.6858	0.7069	0.7108	0.6667	0.6841	0.6441	0.6634	0.6573	0.6264	0.6500	0.6579	0.6920	0.6656	0.6973	0.6962	0.6737	0.6815	0.7420	0.7136	0.6888	0.6566	0.6323	0.6027	0.5642	0.5309	0.5034	0.5025	0.4766	0.4780	0.4634	0.4348	0.3787	0.3335
0.2032	0.2247	0.2189	0.2385	0.2885	0.3166	0.3563	0.3494	0.3651	0.3728	0.3788	0.3785	0.4117	0.4521	0.4444	0.4810	0.4975	0.5140	0.5472	0.5649	0.5691	0.5807	0.5509	0.5602	0.5872	0.5580	0.5426	0.5983	0.5937	0.5771	0.6022	0.6346	0.6783	0.6988	0.6810	0.6904	0.6926	0.6848	0.6688	0.6492	0.6798	0.6494	0.6739	0.6674	0.6695	0.6778	0.6993	0.7243	0.7247	0.7258	0.7119	0.7259	0.7060	0.7280	0.7020	0.7172	0.6860	0.6524	0.6092	0.5920	0.5871	0.5470	0.5552	0.5363	0.4777	0.4629	0.4550	0.3989	0.3668
0.1913	0.2189	0.2649	0.2445	0.2856	0.3283	0.3651	0.3781	0.3609	0.3853	0.3619	0.4115	0.4390	0.4387	0.4278	0.4743	0.5033	0.5191	0.5628	0.5593	0.5915	0.6046	0.5795	0.5947	0.5671	0.5562	0.5718	0.5851	0.6075	0.6009	0.5902	0.6430	0.6682	0.7125	0.7021	0.6853	0.7106	0.7175	0.6607	0.6580	0.6755	0.6796	0.6389	0.6749	0.6923	0.6721	0.7097	0.7175	0.7641	0.7401	0.7081	0.7014	0.6951	0.7055	0.6085	0.6529	0.6903	0.6887	0.6606	0.6107	0.6119	0.5739	0.5742	0.5480	0.5029	0.4686	0.4682	0.4150	0.3932
0.2207	0.2608	0.2783	0.3179	0.3460	0.3619	0.3918	0.4220	0.4278	0.4329	0.4225	0.4850	0.4905	0.4740	0.5067	0.5096	0.5357	0.5688	0.5694	0.5757	0.6063	0.5748	0.5785	0.5771	0.5734	0.5965	0.5859	0.5968	0.5868	0.5671	0.6377	0.6734	0.6512	0.7259	0.7227	0.7023	0.7234	0.7261	0.6972	0.6699	0.6763	0.6613	0.6718	0.6988	0.7149	0.6902	0.7519	0.7668	0.7796	0.7561	0.7333	0.7498	0.7236	0.7422	0.5929	0.5140	0.6908	0.7523	0.7438	0.6385	0.6297	0.5787	0.5826	0.5715	0.5239	0.5016	0.5190	0.4557	0.4206
0.2582	0.3663	0.3812	0.4362	0.4984	0.5065	0.5251	0.5592	0.5246	0.5602	0.5702	0.6194	0.5851	0.5843	0.6013	0.6003	0.6856	0.6277	0.6017	0.5789	0.5543	0.5817	0.5922	0.5377	0.6076	0.5867	0.5884	0.5533	0.6036	0.6262	0.6533	0.6868	0.6802	0.7383	0.7469	0.7338	0.7360	0.7347	0.7008	0.6838	0.6747	0.6896	0.7038	0.7228	0.7216	0.7327	0.7387	0.7378	0.7967	0.8099	0.7504	0.7686	0.7412	0.7118	0.5236	0.4229	0.5829	0.7168	0.6683	0.6756	0.6785	0.6125	0.6023	0.5792	0.4403	0.3714	0.4674	0.4789	0.4169
0.1673	0.3029	0.4286	0.5332	0.5687	0.6379	0.6856	0.6972	0.6718	0.7076	0.6370	0.6641	0.6352	0.6846	0.6918	0.6932	0.7233	0.7220	0.7119	0.6738	0.6215	0.6139	0.6389	0.6187	0.5657	0.5495	0.5808	0.5821	0.6250	0.6628	0.6927	0.6889	0.6891	0.7447	0.7106	0.7097	0.7275	0.6765	0.7197	0.6803	0.6596	0.6958	0.7370	0.7097	0.7383	0.7068	0.7475	0.7324	0.7831	0.7702	0.7426	0.7156	0.7318	0.7182	0.4700	0.3327	0.3689	0.4488	0.5071	0.6518	0.7207	0.6666	0.6204	0.5476	0.3733	0.3135	0.4329	0.4973	0.4226
0.0596	0.1151	0.1827	0.2300	0.2930	0.3907	0.4758	0.5396	0.6022	0.6474	0.6629	0.6890	0.7155	0.7519	0.7348	0.7689	0.7757	0.7628	0.7590	0.7448	0.7636	0.7146	0.6667	0.6679	0.6311	0.5982	0.6036	0.6091	0.6688	0.6984	0.7244	0.7292	0.7117	0.7260	0.7128	0.6971	0.7002	0.6937	0.6805	0.6738	0.7078	0.6521	0.7360	0.7018	0.7061	0.7098	0.7531	0.7446	0.7465	0.7463	0.7083	0.7105	0.7138	0.5999	0.3621	0.2969	0.3183	0.3276	0.3780	0.6019	0.7252	0.6347	0.5837	0.4374	0.3238	0.3273	0.4643	0.5100	0.4408
0.0227	0.0503	0.0683	0.0849	0.1029	0.1152	0.1631	0.2066	0.2644	0.2966	0.3638	0.4343	0.5480	0.6325	0.7018	0.7007	0.7208	0.7501	0.7382	0.7786	0.8188	0.7319	0.6969	0.6800	0.6928	0.6704	0.6431	0.6523	0.6892	0.7403	0.7628	0.7556	0.7560	0.7819	0.7693	0.7495	0.7020	0.7035	0.6895	0.6967	0.7337	0.7082	0.7080	0.7197	0.7257	0.7641	0.8055	0.7840	0.7662	0.7535	0.7583	0.7323	0.7176	0.4614	0.2575	0.2567	0.2750	0.2869	0.2906	0.3881	0.4807	0.3876	0.3553	0.3184	0.3255	0.3797	0.5308	0.4917	0.4591
0.0226	0.0413	0.0597	0.0650	0.0704	0.0709	0.0970	0.1051	0.1180	0.1337	0.1497	0.1781	0.2270	0.2770	0.3381	0.3666	0.4141	0.5244	0.5825	0.6168	0.6847	0.7019	0.7297	0.7651	0.7784	0.7400	0.7026	0.7007	0.7776	0.7842	0.7782	0.7556	0.7891	0.7945	0.7844	0.7652	0.7448	0.7627	0.7261	0.7139	0.7882	0.7559	0.7643	0.7779	0.7949	0.7899	0.8389	0.8336	0.7873	0.7909	0.7508	0.7302	0.6320	0.3652	0.2293	0.2528	0.2585	0.2660	0.2597	0.2710	0.2743	0.2672	0.2919	0.3031	0.3048	0.3748	0.5584	0.5519	0.4827
0.0129	0.0368	0.0343	0.0419	0.0597	0.0711	0.0763	0.0691	0.0872	0.0948	0.1005	0.1130	0.1238	0.1136	0.1396	0.1582	0.1968	0.2288	0.2569	0.3062	0.3622	0.4068	0.5586	0.6443	0.6900	0.7257	0.7428	0.7640	0.7890	0.7877	0.8058	0.8611	0.8642	0.8459	0.8103	0.8246	0.7994	0.7648	0.7965	0.8017	0.8172	0.8202	0.8242	0.8049	0.8581	0.8938	0.8826	0.8741	0.8110	0.7810	0.7350	0.6089	0.3607	0.2447	0.2085	0.2324	0.2461	0.2421	0.2286	0.2477	0.2417	0.2636	0.2821	0.2853	0.2950	0.4041	0.5847	0.5710	0.4536
0.0089	0.0119	0.0297	0.0396	0.0522	0.0559	0.0611	0.0631	0.0629	0.0654	0.0754	0.0814	0.0993	0.0889	0.0920	0.1098	0.1228	0.1211	0.1360	0.1755	0.1879	0.2275	0.2889	0.3952	0.6179	0.6856	0.7616	0.7591	0.8235	0.8197	0.8350	0.9640	0.9980	0.9352	0.9503	0.9180	0.8971	0.9090	0.8758	0.8332	0.8209	0.8341	0.8117	0.7243	0.7154	0.8525	0.8860	0.8651	0.7594	0.7433	0.6171	0.3620	0.2377	0.2095	0.2048	0.2073	0.2042	0.2167	0.2195	0.2161	0.2225	0.2316	0.2380	0.2545	0.2666	0.3495	0.4599	0.4176	0.3329
0.0000	0.0102	0.0311	0.0376	0.0354	0.0498	0.0486	0.0710	0.0548	0.0638	0.0661	0.0740	0.0723	0.0773	0.0721	0.0910	0.1034	0.1036	0.1091	0.1248	0.1353	0.1357	0.1683	0.2111	0.3277	0.3714	0.3933	0.4502	0.5471	0.6793	0.8814	1.0000	0.9920	0.9153	0.9433	0.9047	0.8092	0.7254	0.7833	0.8268	0.7814	0.7646	0.5505	0.4036	0.4248	0.7350	0.8713	0.8390	0.7622	0.6395	0.3323	0.1997	0.1980	0.1874	0.1919	0.1899	0.1888	0.1967	0.2081	0.2124	0.2303	0.2186	0.2251	0.2259	0.2315	0.2510	0.2675	0.2817	0.3299
0.0118	0.0176	0.0266	0.0347	0.0355	0.0409	0.0443	0.0491	0.0510	0.0491	0.0583	0.0633	0.0764	0.0782	0.0805	0.0815	0.0910	0.0947	0.1024	0.1011	0.1063	0.1052	0.1086	0.1323	0.1504	0.1549	0.1640	0.1831	0.2579	0.4062	0.7384	0.8911	0.8580	0.8188	0.7818	0.5218	0.3044	0.2513	0.3537	0.4938	0.5429	0.4358	0.2828	0.2794	0.3599	0.5903	0.8669	0.8252	0.7725	0.5390	0.1998	0.1462	0.1633	0.1547	0.1575	0.1660	0.1683	0.1778	0.1717	0.1819	0.1856	0.1969	0.2009	0.2048	0.2029	0.2209	0.2374	0.2741	0.3067
0.0093	0.0113	0.0202	0.0262	0.0266	0.0348	0.0383	0.0452	0.0472	0.0404	0.0550	0.0584	0.0667	0.0658	0.0688	0.0711	0.0833	0.0851	0.0850	0.0903	0.0898	0.0952	0.0954	0.1019	0.1134	0.1104	0.1169	0.1294	0.1459	0.1685	0.2205	0.3391	0.4676	0.4687	0.3457	0.1900	0.1461	0.1507	0.1436	0.1521	0.1784	0.1657	0.1595	0.1900	0.2288	0.3444	0.6776	0.8310	0.6681	0.2998	0.1443	0.1289	0.1466	0.1416	0.1463	0.1520	0.1530	0.1537	0.1481	0.1574	0.1580	0.1643	0.1699	0.1675	0.1615	0.1792	0.1989	0.2376	0.2453
0.0001	0.0082	0.0303	0.0299	0.0300	0.0404	0.0223	0.0384	0.0422	0.0478	0.0568	0.0587	0.0642	0.0517	0.0519	0.0719	0.0717	0.0806	0.0723	0.0736	0.0862	0.0741	0.0870	0.0950	0.0904	0.1037	0.0973	0.1024	0.1186	0.1166	0.1163	0.1325	0.1412	0.1363	0.1303	0.1224	0.1101	0.1079	0.1165	0.1138	0.1126	0.1192	0.1171	0.1249	0.1269	0.1408	0.2566	0.4175	0.3011	0.1483	0.1228	0.1234	0.1103	0.1161	0.1240	0.1283	0.1246	0.1277	0.1326	0.1541	0.1447	0.1347	0.1363	0.1440	0.1324	0.1395	0.1510	0.1582	0.1656
0.0030	0.0016	0.0149	0.0212	0.0194	0.0270	0.0194	0.0338	0.0322	0.0316	0.0363	0.0566	0.0569	0.0529	0.0574	0.0691	0.0710	0.0659	0.0739	0.0762	0.0805	0.0765	0.0708	0.0757	0.0845	0.0890	0.0825	0.0854	0.0974	0.1003	0.1069	0.1097	0.1107	0.0974	0.1031	0.0985	0.0896	0.0924	0.1029	0.0986	0.0929	0.1065	0.1134	0.0937	0.1045	0.1054	0.1094	0.1154	0.1149	0.1130	0.0956	0.0920	0.0896	0.0883	0.0967	0.1010	0.1035	0.0938	0.1120	0.1283	0.1200	0.1141	0.1102	0.1256	0.1217	0.1152	0.1273	0.1221	0.1292
0.0000	0.0015	0.0143	0.0089	0.0074	0.0128	0.0327	0.0379	0.0253	0.0263	0.0326	0.0396	0.0468	0.0388	0.0350	0.0563	0.0712	0.0620	0.0630	0.0697	0.0763	0.0710	0.0767	0.0715	0.0800	0.0861	0.0801	0.0807	0.0772	0.0797	0.0789	0.0876	0.0992	0.1032	0.0935	0.0923	0.0970	0.0872	0.0930	0.0959	0.1003	0.0941	0.0950	0.0949	0.1023	0.0917	0.0927	0.0896	0.1033	0.0837	0.0854	0.0742	0.0698	0.0760	0.0846	0.0802	0.0800	0.0790	0.0911	0.0920	0.0909	0.0891	0.0899	0.0894	0.0987	0.0950	0.1031	0.1036	0.1115
0.0000	0.0000	0.0028	0.0131	0.0082	0.0217	0.0271	0.0277	0.0368	0.0345	0.0351	0.0276	0.0315	0.0425	0.0381	0.0534	0.0651	0.0647	0.0590	0.0525	0.0584	0.0589	0.0709	0.0644	0.0741	0.0779	0.0774	0.0838	0.0804	0.0778	0.0771	0.0746	0.0835	0.0894	0.0862	0.0820	0.0899	0.0781	0.0808	0.0910	0.0936	0.0772	0.0787	0.0842	0.0841	0.0805	0.0839	0.0874	0.0918	0.0764	0.0751	0.0681	0.0650	0.0682	0.0699	0.0644	0.0635	0.0652	0.0644	0.0726	0.0783	0.0632	0.0718	0.0759	0.0810	0.0816	0.0738	0.0806	0.0867
0.0000	0.0036	0.0042	0.0134	0.0037	0.0028	0.0117	0.0250	0.0322	0.0276	0.0324	0.0364	0.0230	0.0267	0.0418	0.0457	0.0476	0.0535	0.0458	0.0457	0.0558	0.0522	0.0547	0.0614	0.0700	0.0768	0.0728	0.0740	0.0786	0.0772	0.0787	0.0779	0.0769	0.0780	0.0747	0.0688	0.0775	0.0708	0.0760	0.0835	0.0748	0.0798	0.0748	0.0686	0.0720	0.0756	0.0819	0.0709	0.0638	0.0642	0.0585	0.0636	0.0640	0.0592	0.0596	0.0585	0.0563	0.0520	0.0533	0.0594	0.0583	0.0528	0.0586	0.0623	0.0593	0.0609	0.0537	0.0543	0.0578
0.0000	0.0000	0.0000	0.0029	0.0020	0.0000	0.0098	0.0280	0.0243	0.0135	0.0148	0.0220	0.0220	0.0280	0.0398	0.0444	0.0469	0.0437	0.0393	0.0474	0.0487	0.0441	0.0475	0.0528	0.0567	0.0619	0.0589	0.0651	0.0735	0.0711	0.0622	0.0784	0.0753	0.0712	0.0741	0.0679	0.0612	0.0685	0.0734	0.0667	0.0750	0.0737	0.0670	0.0657	0.0639	0.0700	0.0737	0.0701	0.0635	0.0610	0.0621	0.0635	0.0561	0.0513	0.0572	0.0524	0.0569	0.0541	0.0524	0.0548	0.0555	0.0460	0.0531	0.0509	0.0501	0.0434	0.0390	0.0439	0.0578
0.0000	0.0000	0.0000	0.0017	0.0000	0.0000	0.0164	0.0140	0.0120	0.0075	0.0114	0.0296	0.0271	0.0264	0.0318	0.0351	0.0509	0.0442	0.0375	0.0448	0.0541	0.0449	0.0444	0.0457	0.0628	0.0613	0.0598	0.0639	0.0708	0.0722	0.0660	0.0736	0.0753	0.0716	0.0746	0.0684	0.0686	0.0722	0.0650	0.0685	0.0763	0.0645	0.0637	0.0667	0.0622	0.0631	0.0734	0.0591	0.0569	0.0594	0.0629	0.0577	0.0523	0.0577	0.0557	0.0538	0.0530	0.0520	0.0528	0.0481	0.0466	0.0422	0.0468	0.0505	0.0405	0.0396	0.0385	0.0509	0.0406
0.0000	0.0000	0.0000	0.0000	0.0000	0.0000	0.0009	0.0155	0.0138	0.0095	0.0261	0.0179	0.0269	0.0202	0.0258	0.0331	0.0369	0.0359	0.0306	0.0431	0.0408	0.0383	0.0421	0.0570	0.0572	0.0538	0.0579	0.0431	0.0640	0.0636	0.0586	0.0606	0.0621	0.0649	0.0637	0.0671	0.0588	0.0627	0.0723	0.0698	0.0650	0.0565	0.0604	0.0628	0.0664	0.0671	0.0620	0.0629	0.0549	0.0633	0.0547	0.0464	0.0501	0.0522	0.0488	0.0524	0.0542	0.0468	0.0470	0.0457	0.0413	0.0365	0.0383	0.0462	0.0369	0.0299	0.0252	0.0335	0.0343
0.0000	0.0000	0.0000	0.0000	0.0000	0.0025	0.0000	0.0000	0.0052	0.0152	0.0122	0.0143	0.0147	0.0139	0.0203	0.0186	0.0247	0.0324	0.0253	0.0281	0.0407	0.0383	0.0434	0.0570	0.0481	0.0440	0.0432	0.0477	0.0537	0.0612	0.0602	0.0595	0.0525	0.0596	0.0561	0.0591	0.0587	0.0622	0.0608	0.0624	0.0556	0.0551	0.0639	0.0613	0.0640	0.0669	0.0541	0.0574	0.0540	0.0488	0.0501	0.0459	0.0473	0.0434	0.0395	0.0446	0.0439	0.0400	0.0392	0.0369	0.0361	0.0302	0.0322	0.0373	0.0315	0.0266	0.0305	0.0300	0.0224
0.0000	0.0000	0.0000	0.0000	0.0000	0.0000	0.0000	0.0086	0.0000	0.0003	0.0116	0.0287	0.0214	0.0206	0.0192	0.0354	0.0266	0.0325	0.0327	0.0291	0.0334	0.0426	0.0519	0.0494	0.0528	0.0436	0.0413	0.0584	0.0628	0.0669	0.0569	0.0503	0.0585	0.0607	0.0546	0.0535	0.0628	0.0698	0.0521	0.0496	0.0576	0.0640	0.0633	0.0604	0.0656	0.0579	0.0641	0.0576	0.0596	0.0461	0.0509	0.0518	0.0450	0.0461	0.0453	0.0467	0.0342	0.0431	0.0288	0.0370	0.0421	0.0342	0.0322	0.0388	0.0396	0.0331	0.0403	0.0318	0.0211
