0.0000	0.0000	0.0000	0.0000	0.0000	0.0000	0.0014	0.0035	0.0139	0.0160	0.0078	0.0261	0.0233	0.0295	0.0309	0.0373	0.0421	0.0392	0.0290	0.0430	0.0325	0.0484	0.0532	0.0474	0.0676	0.0821	0.0820	0.0510	0.0683	0.0813	0.0840	0.0981	0.1068	0.0703	0.0708	0.0755	0.0689	0.0579	0.0878	0.0609	0.0786	0.0716	0.0707	0.0733	0.0850	0.0734	0.0928	0.0844	0.0839	0.0826	0.0817	0.0642	0.0688	0.0809	0.0759	0.0750	0.0711	0.0632	0.0749	0.0562	0.0558	0.0519	0.0615	0.0676	0.0720	0.0549	0.0336	0.0437	0.0510
0.0000	0.0000	0.0000	0.0000	0.0005	0.0067	0.0061	0.0153	0.0287	0.0143	0.0109	0.0239	0.0362	0.0438	0.0276	0.0440	0.0515	0.0471	0.0534	0.0390	0.0446	0.0526	0.0633	0.0694	0.0721	0.0871	0.0670	0.0563	0.0676	0.0897	0.0790	0.0761	0.0800	0.0843	0.0874	0.0758	0.0719	0.0920	0.0813	0.0822	0.0834	0.0802	0.0739	0.0830	0.0882	0.0835	0.1060	0.0954	0.0908	0.0731	0.0881	0.0708	0.0690	0.0710	0.0880	0.0814	0.0716	0.0723	0.0696	0.0771	0.0797	0.0493	0.0581	0.0779	0.0567	0.0526	0.0508	0.0553	0.0627
0.0000	0.0000	0.0000	0.0019	0.0176	0.0004	0.0024	0.0133	0.0261	0.0309	0.0257	0.0294	0.0653	0.0624	0.0256	0.0293	0.0423	0.0755	0.0574	0.0479	0.0557	0.0531	0.0605	0.0770	0.0821	0.0687	0.0746	0.0656	0.0756	0.0960	0.0823	0.0805	0.0778	0.0940	0.0859	0.0859	0.0920	0.0997	0.0809	0.0935	0.0976	0.0851	0.0845	0.0807	0.0804	0.0928	0.1039	0.1000	0.0968	0.0775	0.0955	0.0889	0.0849	0.0926	0.1002	0.1029	0.0983	0.0829	0.0832	0.0801	0.0862	0.0889	0.0803	0.0779	0.0645	0.0768	0.0558	0.0641	0.0625
0.0032	0.0000	0.0000	0.0163	0.0106	0.0100	0.0113	0.0141	0.0192	0.0241	0.0335	0.0476	0.0505	0.0489	0.0353	0.0314	0.0298	0.0579	0.0511	0.0694	0.0694	0.0788	0.0721	0.0673	0.0801	0.0684	0.0859	0.0888	0.0730	0.0884	0.0890	0.0729	0.0800	0.0951	0.0841	0.0803	0.0915	0.0974	0.0881	0.0874	0.0977	0.0940	0.0946	0.0920	0.1017	0.0863	0.0953	0.0996	0.0902	0.0734	0.0956	0.1052	0.0879	0.0905	0.1224	0.1022	0.0872	0.0961	0.1000	0.0886	0.1042	0.1096	0.1101	0.0873	0.0956	0.0899	0.0694	0.0812	0.0961
0.0000	0.0135	0.0235	0.0118	0.0141	0.0089	0.0136	0.0205	0.0262	0.0375	0.0312	0.0536	0.0651	0.0461	0.0353	0.0457	0.0574	0.0550	0.0641	0.0797	0.0929	0.0773	0.0627	0.0767	0.0781	0.0850	0.0850	0.0720	0.0783	0.0704	0.0815	0.0804	0.0933	0.1054	0.0992	0.1106	0.0917	0.0806	0.0978	0.0865	0.0963	0.0788	0.0865	0.1117	0.1211	0.1016	0.1011	0.0912	0.1012	0.0982	0.1052	0.1131	0.1092	0.1013	0.1184	0.1200	0.1127	0.1099	0.1047	0.1111	0.1173	0.0980	0.1101	0.1142	0.1208	0.1210	0.1124	0.1208	0.1021
0.0000	0.0067	0.0234	0.0241	0.0319	0.0214	0.0084	0.0322	0.0394	0.0571	0.0528	0.0473	0.0751	0.0626	0.0447	0.0588	0.0481	0.0453	0.0652	0.0866	0.0992	0.0931	0.0691	0.0692	0.0940	0.0840	0.0684	0.0804	0.0790	0.0782	0.0897	0.0949	0.0995	0.1010	0.0921	0.1156	0.1103	0.0822	0.0882	0.0911	0.0927	0.1170	0.0936	0.0950	0.1026	0.1081	0.1049	0.1170	0.1077	0.1213	0.1191	0.1209	0.1307	0.1333	0.1321	0.1437	0.1263	0.1197	0.1162	0.1252	0.1375	0.1336	0.1281	0.1491	0.1637	0.2039	0.2320	0.2095	0.1721
0.0040	0.0068	0.0016	0.0269	0.0071	0.0125	0.0198	0.0300	0.0451	0.0645	0.0800	0.0631	0.0639	0.0610	0.0492	0.0765	0.0724	0.0641	0.0752	0.0816	0.1058	0.1096	0.0912	0.0681	0.0916	0.1099	0.0814	0.0884	0.1084	0.0988	0.0857	0.0876	0.1080	0.1057	0.1084	0.0938	0.1019	0.1131	0.1114	0.1001	0.0891	0.1025	0.1051	0.1116	0.1068	0.1060	0.1173	0.1293	0.1247	0.1206	0.1224	0.1450	0.1440	0.1311	0.1400	0.1715	0.1563	0.1506	0.1581	0.1631	0.1453	0.1591	0.1693	0.1966	0.2630	0.3105	0.3075	0.2973	0.2504
0.0168	0.0209	0.0142	0.0207	0.0042	0.0132	0.0343	0.0472	0.0521	0.0596	0.0590	0.0665	0.0676	0.0671	0.0476	0.0725	0.0840	0.0858	0.0877	0.0844	0.0980	0.1020	0.0839	0.0939	0.1205	0.0999	0.0914	0.0857	0.1131	0.1235	0.0934	0.0834	0.1098	0.1163	0.1151	0.1099	0.1265	0.1370	0.1243	0.1200	0.1060	0.1182	0.1210	0.1155	0.1195	0.1266	0.1409	0.1382	0.1334	0.1465	0.1378	0.1614	0.1507	0.1426	0.1602	0.1982	0.1846	0.1874	0.1949	0.2004	0.2177	0.1959	0.2097	0.2604	0.3530	0.3480	0.3181	0.3132	0.3252
0.0185	0.0187	0.0285	0.0373	0.0304	0.0431	0.0370	0.0486	0.0729	0.0557	0.0516	0.0653	0.0853	0.0887	0.0774	0.0734	0.0797	0.0855	0.0890	0.1046	0.1004	0.1012	0.1079	0.0909	0.1044	0.1050	0.0973	0.0977	0.1140	0.1071	0.1083	0.1050	0.1146	0.1177	0.1186	0.1239	0.1195	0.1254	0.1199	0.1390	0.1044	0.1189	0.1209	0.1334	0.1452	0.1510	0.1560	0.1495	0.1489	0.1762	0.1887	0.1855	0.1853	0.2068	0.2165	0.2319	0.2907	0.2896	0.3031	0.3152	0.2655	0.2198	0.2403	0.3354	0.3490	0.3335	0.3184	0.3234	0.3318
0.0217	0.0141	0.0339	0.0248	0.0404	0.0558	0.0689	0.0509	0.0736	0.0510	0.0668	0.0740	0.0830	0.0926	0.1036	0.0842	0.0899	0.0946	0.1053	0.1280	0.1088	0.1059	0.1003	0.1027	0.1022	0.0992	0.1208	0.1179	0.1120	0.1016	0.1075	0.1015	0.1053	0.1219	0.1334	0.1394	0.1390	0.1445	0.1380	0.1411	0.1354	0.1462	0.1711	0.1712	0.1760	0.1624	0.2040	0.2047	0.1994	0.1955	0.2128	0.2315	0.2570	0.2545	0.2652	0.3070	0.4674	0.4795	0.4325	0.4256	0.3025	0.2768	0.2964	0.3918	0.4038	0.3490	0.3341	0.3625	0.3623
0.0063	0.0200	0.0258	0.0347	0.0522	0.0516	0.0489	0.0595	0.0594	0.0628	0.0581	0.0777	0.0735	0.0787	0.0764	0.1117	0.1058	0.1070	0.1014	0.1153	0.1132	0.1046	0.1002	0.1074	0.1249	0.1339	0.1205	0.1160	0.1155	0.1173	0.1047	0.1223	0.1353	0.1569	0.1431	0.1437	0.1673	0.1782	0.1779	0.1485	0.1487	0.1893	0.2065	0.1989	0.2093	0.2224	0.2597	0.2712	0.2548	0.2617	0.2905	0.3447	0.3906	0.3837	0.3226	0.3917	0.5519	0.5276	0.4487	0.4448	0.3809	0.2654	0.2984	0.4052	0.3988	0.3586	0.3456	0.3608	0.3377
0.0001	0.0027	0.0202	0.0426	0.0524	0.0321	0.0499	0.0716	0.0722	0.0637	0.0637	0.0942	0.0878	0.0861	0.0752	0.1197	0.1091	0.1079	0.1367	0.1251	0.1172	0.1391	0.1122	0.1198	0.1538	0.1371	0.1263	0.1293	0.1282	0.1428	0.1438	0.1489	0.1583	0.1657	0.1684	0.1561	0.1858	0.1972	0.2177	0.2079	0.2228	0.2321	0.2405	0.2539	0.2577	0.2854	0.3029	0.3176	0.3169	0.3719	0.4259	0.5917	0.6512	0.6261	0.4983	0.5443	0.5938	0.5392	0.4909	0.5053	0.4512	0.3903	0.3783	0.4657	0.4421	0.3697	0.3346	0.3386	0.3261
0.0113	0.0219	0.0330	0.0582	0.0623	0.0561	0.0522	0.0732	0.0765	0.0736	0.0987	0.0986	0.1184	0.1043	0.0680	0.1081	0.1084	0.1216	0.1381	0.1397	0.1326	0.1536	0.1462	0.1508	0.1509	0.1582	0.1531	0.1522	0.1700	0.1516	0.1643	0.1743	0.1967	0.2060	0.2110	0.2072	0.2387	0.2499	0.2714	0.3662	0.4261	0.3459	0.2973	0.3013	0.3128	0.3770	0.3899	0.4067	0.4334	0.4461	0.5468	0.6828	0.6948	0.6909	0.6226	0.6120	0.5665	0.5302	0.5125	0.5210	0.4781	0.4707	0.4605	0.4855	0.4321	0.3827	0.3740	0.3624	0.3083
0.0294	0.0590	0.0461	0.0419	0.0593	0.0746	0.0685	0.0784	0.0951	0.0963	0.1271	0.1120	0.1228	0.1087	0.1075	0.1315	0.1328	0.1544	0.1541	0.1522	0.1501	0.1772	0.2060	0.1712	0.1751	0.1818	0.1842	0.1907	0.2044	0.2010	0.2133	0.2322	0.2419	0.2444	0.2743	0.2864	0.3177	0.3258	0.3644	0.5246	0.6708	0.4864	0.3884	0.3813	0.3856	0.4497	0.5022	0.5623	0.5644	0.5756	0.6784	0.7204	0.6470	0.6097	0.5907	0.6084	0.5493	0.5138	0.4989	0.5041	0.5051	0.4358	0.4228	0.4596	0.4294	0.3660	0.3649	0.3414	0.3014
0.0255	0.0430	0.0449	0.0582	0.0618	0.0619	0.0881	0.1177	0.1112	0.1190	0.1355	0.1282	0.1292	0.1278	0.1473	0.1695	0.1774	0.1804	0.1973	0.1826	0.1910	0.1993	0.1887	0.2236	0.2168	0.2114	0.2195	0.2170	0.2381	0.2628	0.2635	0.3009	0.3077	0.3224	0.3179	0.3510	0.3942	0.4969	0.4748	0.5172	0.6263	0.4999	0.3892	0.4322	0.4868	0.5464	0.6408	0.6950	0.6893	0.6657	0.6783	0.6088	0.5524	0.5653	0.5574	0.5580	0.5501	0.5097	0.5126	0.5017	0.4675	0.4241	0.4257	0.4557	0.4147	0.3348	0.3172	0.3286	0.3243
0.0151	0.0464	0.0489	0.0616	0.0867	0.0880	0.1050	0.1106	0.1428	0.1483	0.1645	0.1753	0.1879	0.1839	0.2175	0.2265	0.2635	0.2577	0.2832	0.2683	0.2622	0.2523	0.2472	0.2811	0.2763	0.2619	0.2665	0.2475	0.2783	0.2850	0.2980	0.3469	0.3583	0.3897	0.3974	0.4726	0.6489	0.8062	0.6575	0.5110	0.5431	0.4930	0.5484	0.5546	0.6170	0.7252	0.6839	0.6786	0.6483	0.6201	0.6007	0.6211	0.5789	0.5766	0.5375	0.5604	0.5465	0.5240	0.4923	0.5188	0.4600	0.4248	0.4379	0.4360	0.3872	0.3317	0.3278	0.3343	0.3193
0.0499	0.0594	0.0744	0.1131	0.1362	0.1597	0.1875	0.2058	0.2446	0.2645	0.3035	0.3362	0.3613	0.3534	0.3850	0.4047	0.3811	0.3831	0.3967	0.3826	0.4010	0.3451	0.3381	0.3283	0.3262	0.3100	0.3172	0.3386	0.3283	0.3543	0.3843	0.4279	0.4716	0.4703	0.4915	0.5747	0.8452	0.8630	0.7921	0.6491	0.6258	0.6729	0.7934	0.7117	0.7099	0.6686	0.6372	0.6323	0.5790	0.5767	0.5962	0.6473	0.5888	0.5668	0.5434	0.5333	0.5194	0.4731	0.4607	0.4723	0.4543	0.4036	0.3992	0.4055	0.3914	0.3189	0.3232	0.2868	0.3043
0.0808	0.1199	0.1581	0.2346	0.2665	0.3552	0.4382	0.4946	0.5794	0.5179	0.5840	0.6143	0.6059	0.6569	0.6616	0.7319	0.6823	0.7317	0.7292	0.7424	0.7094	0.5702	0.4645	0.4469	0.4046	0.3747	0.3977	0.4045	0.3696	0.4314	0.4907	0.6149	0.6392	0.5738	0.5697	0.7462	0.8570	0.7730	0.7610	0.7177	0.6499	0.6553	0.7105	0.6680	0.6346	0.5817	0.5942	0.5799	0.5841	0.5990	0.5634	0.5839	0.5721	0.5265	0.5156	0.4946	0.4423	0.4322	0.4626	0.4417	0.4453	0.4264	0.3848	0.3636	0.3692	0.3185	0.3190	0.2949	0.2773
0.1469	0.2108	0.3350	0.4866	0.5514	0.6150	0.6690	0.6558	0.7046	0.6392	0.6077	0.6860	0.7394	0.7259	0.6996	0.8147	0.8988	0.8546	0.8685	0.8992	0.8832	0.8730	0.7636	0.7146	0.6509	0.5545	0.5485	0.4699	0.5267	0.5589	0.5826	0.7705	0.8369	0.7746	0.5970	0.7552	0.8087	0.6946	0.6682	0.6327	0.5425	0.5159	0.5578	0.6003	0.6084	0.6084	0.5656	0.5229	0.5319	0.5830	0.5568	0.5320	0.5493	0.5221	0.4963	0.4839	0.4069	0.4034	0.4332	0.4201	0.4518	0.3834	0.3660	0.3590	0.3200	0.3299	0.3145	0.2979	0.3110
0.2502	0.3730	0.4090	0.4882	0.5198	0.5171	0.5191	0.5404	0.5477	0.5154	0.5049	0.5217	0.6493	0.6151	0.6327	0.7027	0.7925	0.8288	0.8055	0.8401	0.8149	0.8804	0.8513	0.8515	0.8166	0.7727	0.7410	0.6965	0.7530	0.8163	0.7848	0.8427	0.8587	0.8613	0.7126	0.7377	0.6895	0.6515	0.5906	0.5157	0.4962	0.4843	0.5443	0.5516	0.5636	0.5249	0.5052	0.5406	0.5451	0.5328	0.5084	0.5391	0.5212	0.4987	0.4840	0.4930	0.4313	0.4329	0.4047	0.3947	0.4166	0.3678	0.3552	0.3584	0.3487	0.3197	0.2945	0.3093	0.2893
0.2508	0.3348	0.3251	0.3191	0.3672	0.3717	0.3819	0.3874	0.3984	0.4269	0.4360	0.4637	0.5793	0.5738	0.5385	0.6123	0.6367	0.6966	0.7139	0.7455	0.7683	0.7593	0.7671	0.7906	0.7166	0.7727	0.7224	0.7768	0.7974	0.7984	0.8194	0.8196	0.7948	0.8134	0.7688	0.7522	0.6639	0.6205	0.5711	0.5354	0.4976	0.4834	0.5306	0.5308	0.5088	0.5138	0.4913	0.5244	0.5056	0.5028	0.5073	0.4867	0.4618	0.4814	0.4439	0.4703	0.4183	0.4297	0.4231	0.3828	0.4074	0.3783	0.3535	0.3615	0.3608	0.3059	0.2996	0.2991	0.2684
0.2398	0.2659	0.2922	0.2766	0.2966	0.3340	0.3487	0.3787	0.4022	0.4287	0.4477	0.4620	0.5602	0.5961	0.5799	0.6219	0.7225	0.7270	0.7049	0.7071	0.8148	0.7672	0.7716	0.7200	0.7158	0.7075	0.7142	0.6842	0.7182	0.7101	0.7142	0.7254	0.7173	0.6852	0.7023	0.6839	0.5766	0.5631	0.5568	0.5275	0.5353	0.5272	0.5212	0.5415	0.5647	0.5065	0.4952	0.4838	0.4793	0.4950	0.5062	0.4845	0.4580	0.4660	0.4442	0.4885	0.4497	0.4250	0.4160	0.4008	0.4057	0.3853	0.3679	0.3569	0.3595	0.3546	0.2994	0.2898	0.2848
0.2089	0.2340	0.2961	0.2838	0.2770	0.3463	0.3924	0.3751	0.3848	0.4173	0.4716	0.4605	0.5134	0.5597	0.5968	0.6765	0.7199	0.6939	0.6872	0.6753	0.7710	0.7797	0.7484	0.7026	0.6903	0.6565	0.6812	0.6985	0.6625	0.6945	0.6527	0.6583	0.6963	0.6868	0.6087	0.5964	0.5615	0.5730	0.5507	0.5231	0.5308	0.5211	0.5112	0.5242	0.5613	0.5310	0.5300	0.5044	0.4928	0.4881	0.4891	0.5089	0.5165	0.4840	0.4561	0.4742	0.4645	0.4194	0.3874	0.4021	0.3884	0.3846	0.3694	0.3559	0.3378	0.3408	0.3311	0.3050	0.2932
0.2088	0.2728	0.2753	0.3176	0.3212	0.3637	0.4078	0.4024	0.3789	0.4030	0.4421	0.4515	0.4991	0.5404	0.5813	0.6602	0.6891	0.7324	0.7716	0.7395	0.7392	0.7459	0.7090	0.6455	0.6918	0.6317	0.6518	0.6899	0.6541	0.6486	0.6423	0.6463	0.6265	0.6694	0.6471	0.5933	0.5561	0.5372	0.5320	0.5225	0.5186	0.5315	0.5228	0.5415	0.5351	0.5320	0.5334	0.4971	0.4748	0.4849	0.4639	0.4626	0.4688	0.4741	0.4417	0.4559	0.4687	0.4310	0.4145	0.3875	0.3934	0.4183	0.3747	0.3559	0.3288	0.3289	0.3138	0.2976	0.2845
0.2258	0.2493	0.2759	0.3199	0.3470	0.3664	0.3758	0.4072	0.4154	0.4313	0.4395	0.4460	0.4765	0.5398	0.5848	0.6221	0.6546	0.7296	0.7207	0.7425	0.6969	0.6623	0.6867	0.6927	0.6647	0.6356	0.6299	0.6475	0.6466	0.6202	0.6537	0.6425	0.6026	0.5991	0.5872	0.5785	0.5668	0.5195	0.5451	0.5453	0.5219	0.5463	0.5500	0.5140	0.5415	0.5284	0.5064	0.5187	0.4854	0.4759	0.4785	0.4472	0.4392	0.4529	0.4669	0.4501	0.4483	0.4247	0.4153	0.4317	0.4179	0.3966	0.3979	0.3612	0.3534	0.3420	0.3166	0.2750	0.2772
0.2278	0.2586	0.2961	0.3363	0.3472	0.3431	0.3867	0.4271	0.4206	0.4153	0.4543	0.4774	0.5060	0.5446	0.5850	0.6187	0.6993	0.7062	0.6772	0.6792	0.7038	0.6310	0.6024	0.6210	0.5964	0.6021	0.6441	0.6424	0.6251	0.5866	0.6476	0.5998	0.5828	0.5610	0.5519	0.5614	0.5144	0.5515	0.5600	0.5325	0.5351	0.5414	0.5317	0.5310	0.5232	0.5478	0.5224	0.4968	0.5047	0.5143	0.4987	0.4836	0.4786	0.4509	0.4678	0.4546	0.4487	0.4391	0.4296	0.4186	0.4168	0.3701	0.3694	0.3708	0.3355	0.3394	0.3278	0.2855	0.2836
0.2203	0.2884	0.3303	0.3366	0.3646	0.3639	0.3650	0.3989	0.3773	0.4009	0.4513	0.4531	0.5064	0.5368	0.5434	0.5723	0.6097	0.6000	0.6605	0.5968	0.6190	0.5886	0.5800	0.6064	0.6024	0.5783	0.6226	0.6257	0.5717	0.5866	0.5958	0.5715	0.5722	0.5554	0.5330	0.5304	0.5285	0.5523	0.5607	0.5363	0.5482	0.4994	0.5230	0.5425	0.5612	0.5097	0.5001	0.4569	0.5078	0.5242	0.5116	0.4877	0.4738	0.4793	0.4493	0.4647	0.4211	0.4295	0.4142	0.4382	0.4128	0.3708	0.3775	0.3873	0.3208	0.3175	0.3224	0.2981	0.2949
0.2485	0.2804	0.3157	0.3586	0.3483	0.3569	0.3853	0.3738	0.3709	0.4432	0.4345	0.4601	0.5126	0.5083	0.5377	0.5652	0.5583	0.5366	0.5532	0.5950	0.5850	0.5940	0.5878	0.6185	0.6224	0.5856	0.5645	0.5856	0.5591	0.5664	0.5609	0.6135	0.5632	0.5760	0.5747	0.5565	0.5602	0.5673	0.5605	0.5450	0.5431	0.5473	0.5186	0.5189	0.5309	0.4815	0.5067	0.5008	0.5051	0.4639	0.5176	0.4745	0.5045	0.4868	0.4529	0.4665	0.4657	0.4223	0.3994	0.4368	0.4136	0.4009	0.3683	0.3501	0.3376	0.3331	0.3295	0.3290	0.2973
0.2776	0.2839	0.2917	0.3561	0.3698	0.3698	0.3980	0.3888	0.4048	0.4370	0.4434	0.4571	0.4934	0.4935	0.5130	0.5257	0.5571	0.5749	0.5733	0.5555	0.5969	0.5723	0.5607	0.5980	0.5842	0.5253	0.5633	0.6002	0.6022	0.5659	0.5760	0.6167	0.6086	0.5479	0.5454	0.5572	0.5540	0.5744	0.5452	0.5398	0.5589	0.5575	0.5413	0.5223	0.4966	0.4864	0.5184	0.5382	0.4911	0.4555	0.5178	0.4863	0.4713	0.4625	0.4625	0.4538	0.4399	0.4396	0.4099	0.4162	0.3991	0.3891	0.3783	0.3748	0.3390	0.3537	0.3203	0.2968	0.2781
0.2502	0.2787	0.3328	0.3587	0.3653	0.3588	0.4012	0.3931	0.4061	0.4151	0.4335	0.4548	0.5244	0.5077	0.5157	0.5292	0.5796	0.6069	0.6285	0.6029	0.5721	0.5913	0.5970	0.6146	0.5754	0.5588	0.5617	0.5910	0.5979	0.6183	0.5995	0.5985	0.6139	0.5975	0.5525	0.5670	0.5722	0.5651	0.5405	0.5563	0.5555	0.5556	0.5303	0.5635	0.5422	0.4703	0.5035	0.5294	0.5061	0.4889	0.4769	0.4868	0.4860	0.4681	0.4719	0.4839	0.4440	0.4435	0.4194	0.4369	0.4232	0.4117	0.3836	0.4109	0.3617	0.3260	0.3182	0.3238	0.3054
0.2296	0.2662	0.3124	0.3363	0.3375	0.3717	0.4122	0.4212	0.4300	0.4372	0.4583	0.4747	0.4873	0.5022	0.5151	0.5537	0.6096	0.6008	0.6049	0.6158	0.5757	0.6193	0.5871	0.6112	0.5753	0.5761	0.5415	0.5773	0.5838	0.5992	0.6067	0.6122	0.5826	0.5963	0.6202	0.5958	0.5657	0.5568	0.5530	0.5523	0.4986	0.5673	0.5750	0.5607	0.5321	0.4764	0.5005	0.5138	0.5184	0.5295	0.5255	0.5138	0.5257	0.5010	0.4730	0.4696	0.4416	0.4361	0.3958	0.4030	0.4095	0.4081	0.3952	0.3675	0.3512	0.3242	0.3011	0.3117	0.3102
0.2251	0.2498	0.2891	0.3399	0.3545	0.3909	0.3817	0.4010	0.4167	0.4461	0.4556	0.4616	0.4877	0.5039	0.5286	0.5632	0.6326	0.6134	0.6037	0.6365	0.5993	0.6190	0.6274	0.6491	0.6089	0.5901	0.5540	0.6118	0.6151	0.5826	0.5886	0.6243	0.6019	0.5661	0.6196	0.6112	0.5673	0.5802	0.5605	0.5398	0.5023	0.5357	0.5671	0.5228	0.5311	0.5196	0.5028	0.5314	0.4885	0.5106	0.5546	0.5025	0.4885	0.5233	0.4845	0.4472	0.4562	0.4625	0.4244	0.4350	0.4241	0.4075	0.4160	0.4028	0.3486	0.3259	0.3126	0.3249	0.3064
0.2454	0.2879	0.3005	0.3220	0.3272	0.3676	0.3902	0.3736	0.4298	0.4252	0.4359	0.5024	0.4957	0.5375	0.5286	0.5437	0.6187	0.6052	0.6260	0.6760	0.6508	0.6870	0.6559	0.6693	0.6573	0.6491	0.6146	0.6304	0.6343	0.5961	0.6217	0.6169	0.5868	0.6051	0.6289	0.6243	0.6295	0.5926	0.5930	0.5248	0.5296	0.5515	0.5645	0.5329	0.5359	0.4931	0.5248	0.5458	0.5440	0.4968	0.5094	0.4951	0.4933	0.5154	0.4867	0.4786	0.4816	0.4590	0.4086	0.4195	0.4192	0.4146	0.4045	0.3921	0.3675	0.3400	0.3372	0.3229	0.3191
0.2645	0.2593	0.2882	0.3036	0.3308	0.3777	0.3872	0.4042	0.4305	0.4511	0.4527	0.4881	0.5228	0.6046	0.5420	0.5453	0.6076	0.6275	0.6425	0.6845	0.7284	0.6698	0.6260	0.6395	0.6325	0.6322	0.6155	0.6285	0.6226	0.6087	0.6355	0.6316	0.6365	0.6405	0.6445	0.6110	0.6105	0.5931	0.6060	0.5554	0.5336	0.5429	0.5439	0.5474	0.5342	0.5379	0.5561	0.5151	0.5416	0.5475	0.5279	0.5132	0.4984	0.4971	0.4723	0.4720	0.4585	0.4443	0.4399	0.4314	0.4395	0.4393	0.3907	0.4064	0.3528	0.3605	0.3681	0.3431	0.3296
0.2396	0.2773	0.2747	0.2966	0.3405	0.3487	0.3445	0.4325	0.4141	0.3921	0.4520	0.4632	0.5231	0.5781	0.5588	0.5866	0.6542	0.6838	0.6700	0.7323	0.7240	0.7153	0.7006	0.7287	0.7351	0.6604	0.6630	0.6628	0.6309	0.6705	0.6725	0.6392	0.6222	0.6472	0.6844	0.6458	0.6444	0.6090	0.6094	0.5321	0.5428	0.5518	0.5373	0.5631	0.5482	0.5489	0.5168	0.5317	0.5209	0.5381	0.5186	0.4962	0.5107	0.5265	0.5045	0.4535	0.4689	0.4764	0.4608	0.4481	0.4345	0.4205	0.4206	0.4065	0.3964	0.3825	0.3840	0.3560	0.3240
0.2303	0.2680	0.2649	0.3087	0.3083	0.3658	0.4049	0.4462	0.3997	0.4026	0.4470	0.5117	0.5168	0.6058	0.6103	0.6102	0.6583	0.6749	0.6863	0.7171	0.7099	0.7214	0.7159	0.7423	0.7641	0.7081	0.6708	0.6801	0.6831	0.6680	0.6589	0.6583	0.6451	0.7000	0.7189	0.6953	0.6718	0.6280	0.6000	0.5502	0.5153	0.5259	0.5705	0.5620	0.5538	0.5460	0.5732	0.5511	0.5223	0.5265	0.5406	0.5244	0.5288	0.5110	0.4850	0.4894	0.4669	0.4710	0.4414	0.4437	0.4347	0.4156	0.4373	0.4490	0.4137	0.3811	0.3823	0.3491	0.3599
0.2527	0.2517	0.3007	0.3436	0.3418	0.3710	0.4019	0.4110	0.4088	0.4448	0.4186	0.4934	0.5418	0.5735	0.5773	0.6146	0.6537	0.6821	0.6989	0.7475	0.7757	0.8032	0.7574	0.7757	0.7011	0.6935	0.6881	0.7253	0.7274	0.6885	0.6764	0.7175	0.6915	0.7135	0.6829	0.6889	0.6866	0.6739	0.6330	0.6001	0.5523	0.5424	0.5467	0.5849	0.5828	0.5657	0.5847	0.5450	0.5549	0.5409	0.5418	0.5028	0.5105	0.4922	0.4726	0.4914	0.4671	0.4802	0.4586	0.4562	0.4124	0.4283	0.4616	0.4475	0.4206	0.3871	0.3875	0.3725	0.3646
0.2744	0.3172	0.3619	0.3398	0.3959	0.4165	0.4429	0.4436	0.4798	0.4511	0.4673	0.5181	0.5643	0.5536	0.5895	0.6050	0.6898	0.7831	0.7489	0.7760	0.8222	0.8487	0.8578	0.8152	0.7807	0.7848	0.7829	0.7795	0.7659	0.7231	0.7709	0.7909	0.7542	0.7570	0.7684	0.7319	0.7287	0.7441	0.7255	0.6806	0.6153	0.5979	0.6173	0.6255	0.6379	0.5897	0.6154	0.6054	0.6070	0.5825	0.5696	0.5622	0.5341	0.5005	0.5084	0.5203	0.4868	0.4960	0.5019	0.4552	0.4796	0.4465	0.4522	0.4441	0.4152	0.3933	0.4135	0.4032	0.3844
0.2758	0.4142	0.4533	0.4880	0.5046	0.5105	0.5572	0.5512	0.5386	0.5561	0.5943	0.6310	0.6473	0.6596	0.6502	0.6827	0.7865	0.8104	0.8440	0.8368	0.8247	0.9224	0.9176	0.8484	0.8951	0.8648	0.8826	0.8337	0.8123	0.8027	0.8634	0.8976	0.8830	0.8375	0.8432	0.8429	0.8032	0.8025	0.8017	0.7804	0.7595	0.7537	0.7503	0.7400	0.6863	0.6353	0.6370	0.6195	0.6038	0.6089	0.5935	0.6001	0.5918	0.5454	0.5245	0.5172	0.5067	0.4825	0.4823	0.4935	0.4973	0.4921	0.4835	0.4628	0.4388	0.4301	0.3839	0.3785	0.3909
0.1712	0.3329	0.4453	0.5748	0.6242	0.6960	0.7412	0.7393	0.7420	0.7889	0.7115	0.7581	0.7606	0.7828	0.7994	0.8683	0.8922	0.9115	0.9435	0.9410	0.9201	0.9173	0.9071	0.9250	0.9236	0.8650	0.7822	0.6111	0.6150	0.7295	0.9323	0.8651	0.9227	0.9231	0.8759	0.9025	0.9070	0.8576	0.8461	0.8468	0.7857	0.7407	0.8070	0.8018	0.7417	0.6868	0.6652	0.6383	0.6404	0.6490	0.6414	0.6205	0.6061	0.5641	0.5325	0.5216	0.5179	0.4782	0.4982	0.5184	0.5108	0.5056	0.4744	0.4773	0.4592	0.4208	0.4081	0.3876	0.4000
0.0763	0.1039	0.1683	0.2989	0.3779	0.4866	0.6024	0.6175	0.6601	0.7143	0.7101	0.7049	0.6757	0.8007	0.8516	0.9228	0.8636	0.8688	0.9122	0.8267	0.7368	0.6596	0.5910	0.5853	0.5973	0.5791	0.4753	0.3904	0.4574	0.4915	0.6188	0.6250	0.7325	0.9843	0.9863	0.9752	0.9588	0.8656	0.7866	0.8222	0.7076	0.4805	0.5556	0.7417	0.8087	0.7454	0.7094	0.6793	0.6540	0.6581	0.6549	0.6697	0.6471	0.5850	0.5470	0.5688	0.5430	0.4909	0.5212	0.5415	0.5412	0.5050	0.4853	0.4662	0.4373	0.4399	0.4322	0.4088	0.3916
0.0549	0.0517	0.0719	0.0965	0.1109	0.1495	0.2014	0.2291	0.2816	0.3171	0.3137	0.3084	0.3172	0.3681	0.4617	0.4937	0.4759	0.4509	0.4137	0.3469	0.3378	0.2925	0.2834	0.3046	0.3067	0.2947	0.3017	0.3154	0.3520	0.3599	0.3809	0.4037	0.4779	0.7648	0.9276	1.0000	0.9324	0.9307	0.6839	0.6227	0.5585	0.4057	0.4485	0.7068	0.8247	0.7359	0.7309	0.7019	0.7006	0.6625	0.6984	0.6895	0.6467	0.6125	0.5775	0.5737	0.5566	0.5437	0.5217	0.5624	0.5588	0.4960	0.4958	0.4809	0.4726	0.4657	0.4359	0.3964	0.3686
0.0276	0.0264	0.0657	0.0668	0.0705	0.0936	0.1022	0.0956	0.0967	0.1288	0.1228	0.1186	0.1581	0.1365	0.1760	0.1936	0.2004	0.1967	0.2100	0.2014	0.2029	0.2075	0.2199	0.2383	0.2571	0.2310	0.2340	0.2480	0.2841	0.2907	0.2876	0.2863	0.3342	0.3925	0.4717	0.6501	0.8173	0.8322	0.6028	0.3846	0.3978	0.4067	0.4870	0.7909	0.8878	0.7948	0.7809	0.7840	0.7584	0.7199	0.7164	0.6977	0.6740	0.6311	0.6192	0.6177	0.6229	0.6263	0.5633	0.5911	0.5948	0.5224	0.4944	0.4996	0.4537	0.4526	0.4452	0.4074	0.3815
0.0324	0.0256	0.0511	0.0432	0.0538	0.0835	0.0843	0.0931	0.0898	0.0955	0.0895	0.0837	0.1064	0.1155	0.1131	0.1206	0.1342	0.1455	0.1395	0.1469	0.1578	0.1453	0.1658	0.1944	0.1999	0.1816	0.1880	0.2086	0.2102	0.2215	0.2305	0.2456	0.2605	0.2692	0.2848	0.3255	0.4253	0.4650	0.4130	0.3360	0.3558	0.4026	0.4854	0.7998	0.9042	0.8406	0.8059	0.8505	0.7990	0.7763	0.7232	0.7166	0.7114	0.6848	0.6421	0.6802	0.6786	0.6107	0.5670	0.5837	0.5776	0.5671	0.5389	0.5097	0.4795	0.5106	0.4664	0.4220	0.4197
0.0417	0.0224	0.0518	0.0478	0.0594	0.0618	0.0805	0.0818	0.0885	0.0751	0.0806	0.0790	0.0887	0.0990	0.0869	0.1058	0.1147	0.1058	0.1061	0.1037	0.1223	0.1282	0.1371	0.1523	0.1502	0.1470	0.1544	0.1617	0.1876	0.1856	0.1807	0.1978	0.2053	0.2236	0.2458	0.2501	0.2719	0.2974	0.2991	0.3001	0.3097	0.3609	0.4593	0.8143	0.9034	0.8137	0.7518	0.7288	0.7197	0.6613	0.5594	0.4833	0.5630	0.7206	0.7110	0.6675	0.6504	0.6280	0.6163	0.6142	0.5913	0.5758	0.5668	0.5100	0.4888	0.4949	0.4636	0.4354	0.3824
0.0033	0.0115	0.0525	0.0322	0.0493	0.0728	0.0711	0.0650	0.0718	0.0584	0.0607	0.0686	0.0827	0.0762	0.0690	0.0877	0.0955	0.1038	0.0998	0.0958	0.1097	0.1176	0.1124	0.1176	0.1080	0.1125	0.1224	0.1289	0.1454	0.1589	0.1623	0.1723	0.1838	0.1821	0.1961	0.2009	0.2177	0.2323	0.2315	0.2320	0.2486	0.3039	0.3751	0.6940	0.8750	0.7529	0.6191	0.4321	0.4320	0.3905	0.3665	0.3683	0.4475	0.6631	0.7107	0.6981	0.6622	0.6463	0.6314	0.6392	0.6593	0.6875	0.6339	0.5587	0.5158	0.4781	0.4755	0.4472	0.4260
0.0057	0.0278	0.0441	0.0297	0.0302	0.0651	0.0763	0.0625	0.0681	0.0583	0.0636	0.0682	0.0840	0.0771	0.0629	0.0826	0.1013	0.0967	0.0875	0.1082	0.0864	0.0927	0.0870	0.0986	0.0939	0.0937	0.1090	0.1200	0.1244	0.1125	0.1233	0.1230	0.1191	0.1289	0.1540	0.1589	0.1607	0.1669	0.1686	0.1809	0.1914	0.2155	0.2536	0.4060	0.6206	0.5488	0.3624	0.2819	0.2849	0.2943	0.3155	0.3458	0.4130	0.4900	0.5704	0.7381	0.7138	0.6878	0.6457	0.6509	0.6432	0.6549	0.6357	0.5854	0.5245	0.5228	0.5098	0.5150	0.4892
0.0128	0.0232	0.0217	0.0257	0.0282	0.0520	0.0567	0.0499	0.0390	0.0476	0.0633	0.0609	0.0686	0.0699	0.0722	0.0805	0.0940	0.0819	0.0781	0.0940	0.0779	0.0831	0.0817	0.0738	0.0737	0.0753	0.0882	0.1021	0.1009	0.0915	0.0978	0.0894	0.0915	0.1005	0.1177	0.1255	0.1303	0.1331	0.1268	0.1305	0.1369	0.1460	0.1703	0.1970	0.2435	0.2474	0.2268	0.2501	0.2472	0.2555	0.2870	0.3063	0.3403	0.3584	0.4354	0.7217	0.7805	0.7021	0.6539	0.6749	0.6944	0.6865	0.5590	0.5418	0.5701	0.5641	0.5435	0.5362	0.4977
0.0119	0.0182	0.0195	0.0197	0.0402	0.0416	0.0243	0.0339	0.0328	0.0465	0.0604	0.0460	0.0659	0.0617	0.0595	0.0760	0.0789	0.0764	0.0719	0.0692	0.0769	0.0768	0.0782	0.0681	0.0682	0.0756	0.0727	0.0754	0.0754	0.0822	0.0806	0.0819	0.0813	0.0855	0.0852	0.0844	0.0878	0.0885	0.0899	0.0964	0.0946	0.1019	0.1166	0.1441	0.1500	0.1495	0.1569	0.1779	0.1786	0.1873	0.2223	0.2492	0.2650	0.2869	0.3532	0.6276	0.7184	0.7128	0.6831	0.6649	0.6559	0.6082	0.4107	0.4756	0.5616	0.5335	0.5373	0.5604	0.5343
0.0000	0.0000	0.0167	0.0141	0.0163	0.0268	0.0372	0.0435	0.0426	0.0503	0.0353	0.0384	0.0579	0.0526	0.0634	0.0528	0.0607	0.0694	0.0616	0.0659	0.0813	0.0678	0.0599	0.0657	0.0714	0.0710	0.0683	0.0696	0.0735	0.0746	0.0732	0.0734	0.0737	0.0732	0.0757	0.0744	0.0728	0.0747	0.0821	0.0917	0.0837	0.0865	0.0976	0.0998	0.1132	0.1096	0.1084	0.1126	0.1146	0.1226	0.1325	0.1601	0.1729	0.1879	0.2330	0.4456	0.6456	0.6193	0.5439	0.3655	0.3729	0.3449	0.2506	0.3005	0.3344	0.2932	0.3539	0.4591	0.4784
0.0000	0.0000	0.0210	0.0101	0.0193	0.0233	0.0278	0.0315	0.0354	0.0392	0.0250	0.0426	0.0578	0.0609	0.0562	0.0454	0.0588	0.0612	0.0563	0.0592	0.0671	0.0557	0.0502	0.0682	0.0675	0.0768	0.0728	0.0693	0.0643	0.0648	0.0556	0.0647	0.0713	0.0760	0.0716	0.0759	0.0835	0.0807	0.0850	0.0808	0.0784	0.0792	0.0863	0.0930	0.0937	0.0992	0.0955	0.0826	0.0873	0.1108	0.1079	0.1072	0.1032	0.1364	0.1575	0.2165	0.3951	0.4266	0.2953	0.1639	0.1617	0.1600	0.1578	0.1634	0.1892	0.1940	0.1984	0.2224	0.2488
0.0000	0.0000	0.0120	0.0095	0.0163	0.0194	0.0301	0.0207	0.0110	0.0358	0.0388	0.0295	0.0457	0.0533	0.0507	0.0497	0.0528	0.0457	0.0483	0.0504	0.0549	0.0491	0.0507	0.0636	0.0545	0.0701	0.0629	0.0625	0.0595	0.0556	0.0538	0.0543	0.0581	0.0743	0.0669	0.0709	0.0767	0.0712	0.0684	0.0647	0.0741	0.0719	0.0799	0.0872	0.0841	0.0765	0.0772	0.0781	0.0757	0.0964	0.0941	0.0918	0.0849	0.0986	0.1070	0.1003	0.1371	0.1586	0.1207	0.1275	0.1283	0.1190	0.1233	0.1204	0.1461	0.1429	0.1352	0.1500	0.1609
0.0000	0.0000	0.0121	0.0174	0.0114	0.0019	0.0230	0.0323	0.0129	0.0318	0.0265	0.0293	0.0338	0.0411	0.0402	0.0297	0.0438	0.0390	0.0299	0.0436	0.0487	0.0406	0.0354	0.0605	0.0617	0.0565	0.0544	0.0561	0.0511	0.0501	0.0557	0.0550	0.0613	0.0653	0.0574	0.0663	0.0643	0.0576	0.0617	0.0616	0.0698	0.0718	0.0745	0.0752	0.0759	0.0699	0.0735	0.0661	0.0760	0.0793	0.0752	0.0705	0.0833	0.0796	0.0808	0.0907	0.1007	0.0965	0.0940	0.1004	0.0938	0.0985	0.0952	0.1040	0.1082	0.1070	0.1010	0.1073	0.1287
0.0000	0.0000	0.0119	0.0108	0.0154	0.0044	0.0111	0.0235	0.0138	0.0098	0.0306	0.0285	0.0202	0.0127	0.0264	0.0351	0.0419	0.0424	0.0297	0.0489	0.0496	0.0346	0.0400	0.0525	0.0496	0.0507	0.0546	0.0535	0.0543	0.0471	0.0517	0.0494	0.0591	0.0527	0.0544	0.0541	0.0541	0.0632	0.0594	0.0507	0.0532	0.0603	0.0659	0.0666	0.0677	0.0636	0.0737	0.0685	0.0687	0.0668	0.0715	0.0746	0.0651	0.0698	0.0761	0.0848	0.0852	0.0751	0.0842	0.0813	0.0869	0.0800	0.0866	0.0934	0.0891	0.0836	0.0799	0.0941	0.1017
0.0000	0.0000	0.0000	0.0051	0.0009	0.0000	0.0000	0.0138	0.0030	0.0040	0.0168	0.0277	0.0246	0.0279	0.0344	0.0352	0.0400	0.0303	0.0394	0.0474	0.0471	0.0376	0.0311	0.0375	0.0394	0.0434	0.0577	0.0546	0.0495	0.0500	0.0526	0.0459	0.0520	0.0495	0.0534	0.0580	0.0583	0.0601	0.0575	0.0465	0.0600	0.0536	0.0608	0.0610	0.0565	0.0627	0.0673	0.0640	0.0583	0.0620	0.0710	0.0662	0.0589	0.0675	0.0792	0.0853	0.0748	0.0718	0.0721	0.0782	0.0774	0.0743	0.0750	0.0686	0.0705	0.0621	0.0663	0.0836	0.0797
0.0000	0.0004	0.0000	0.0000	0.0000	0.0000	0.0007	0.0031	0.0049	0.0119	0.0133	0.0267	0.0326	0.0344	0.0294	0.0253	0.0340	0.0330	0.0246	0.0356	0.0377	0.0415	0.0385	0.0380	0.0318	0.0443	0.0412	0.0501	0.0453	0.0496	0.0423	0.0509	0.0532	0.0525	0.0511	0.0532	0.0435	0.0543	0.0562	0.0523	0.0568	0.0520	0.0582	0.0573	0.0544	0.0571	0.0665	0.0642	0.0650	0.0635	0.0626	0.0635	0.0696	0.0709	0.0761	0.0723	0.0709	0.0740	0.0627	0.0627	0.0683	0.0654	0.0699	0.0741	0.0726	0.0585	0.0663	0.0604	0.0585
0.0000	0.0000	0.0000	0.0000	0.0000	0.0028	0.0064	0.0000	0.0000	0.0071	0.0056	0.0194	0.0144	0.0219	0.0176	0.0196	0.0193	0.0277	0.0229	0.0355	0.0355	0.0228	0.0300	0.0329	0.0406	0.0430	0.0373	0.0444	0.0454	0.0439	0.0437	0.0424	0.0378	0.0487	0.0475	0.0435	0.0437	0.0517	0.0490	0.0501	0.0455	0.0552	0.0653	0.0569	0.0570	0.0576	0.0585	0.0629	0.0636	0.0570	0.0611	0.0596	0.0549	0.0618	0.0590	0.0674	0.0630	0.0569	0.0581	0.0575	0.0637	0.0619	0.0573	0.0615	0.0625	0.0526	0.0495	0.0569	0.0498
0.0000	0.0000	0.0000	0.0000	0.0000	0.0000	0.0090	0.0016	0.0000	0.0000	0.0192	0.0206	0.0249	0.0248	0.0115	0.0064	0.0178	0.0235	0.0259	0.0239	0.0227	0.0307	0.0314	0.0266	0.0469	0.0440	0.0373	0.0426	0.0409	0.0387	0.0472	0.0415	0.0479	0.0395	0.0472	0.0485	0.0455	0.0498	0.0491	0.0508	0.0586	0.0504	0.0557	0.0578	0.0505	0.0492	0.0624	0.0588	0.0479	0.0539	0.0667	0.0661	0.0608	0.0553	0.0628	0.0713	0.0699	0.0668	0.0650	0.0746	0.0725	0.0739	0.0693	0.0784	0.0759	0.0625	0.0535	0.0562	0.0657
