0.0000	0.0000	0.0000	0.0000	0.0000	0.0000	0.0000	0.0129	0.0061	0.0000	0.0226	0.0151	0.0059	0.0209	0.0170	0.0379	0.0410	0.0343	0.0296	0.0380	0.0376	0.0305	0.0337	0.0480	0.0658	0.0685	0.0828	0.0486	0.0776	0.0945	0.0789	0.0839	0.0935	0.0881	0.0818	0.0854	0.0991	0.0914	0.0955	0.0858	0.0859	0.0941	0.0830	0.0891	0.0803	0.0792	0.0930	0.0838	0.0666	0.0789	0.0799	0.0563	0.0578	0.0846	0.0857	0.0601	0.0506	0.0583	0.0608	0.0417	0.0473	0.0428	0.0304	0.0370	0.0390	0.0282	0.0188	0.0303	0.0244
0.0000	0.0000	0.0000	0.0000	0.0001	0.0000	0.0092	0.0072	0.0085	0.0132	0.0167	0.0235	0.0240	0.0362	0.0301	0.0526	0.0496	0.0388	0.0250	0.0400	0.0614	0.0607	0.0494	0.0611	0.0758	0.0629	0.0635	0.0836	0.0886	0.0957	0.0808	0.0899	0.1068	0.1029	0.0986	0.0997	0.1122	0.1158	0.1226	0.1013	0.0990	0.0977	0.0894	0.1014	0.0918	0.0905	0.0986	0.1076	0.0958	0.0845	0.0851	0.0646	0.0619	0.0763	0.0933	0.0768	0.0641	0.0634	0.0559	0.0509	0.0492	0.0454	0.0433	0.0421	0.0417	0.0205	0.0284	0.0294	0.0361
0.0000	0.0000	0.0000	0.0079	0.0085	0.0091	0.0013	0.0128	0.0147	0.0100	0.0255	0.0197	0.0381	0.0394	0.0369	0.0519	0.0459	0.0327	0.0388	0.0422	0.0464	0.0606	0.0651	0.0608	0.0805	0.0733	0.0884	0.0890	0.0862	0.0931	0.0889	0.0810	0.1042	0.1082	0.1150	0.0952	0.1126	0.1126	0.1219	0.1137	0.1261	0.0995	0.1095	0.1018	0.0945	0.1132	0.0949	0.1009	0.0935	0.0956	0.1032	0.0983	0.0890	0.0907	0.0832	0.0864	0.0852	0.0692	0.0626	0.0759	0.0671	0.0563	0.0493	0.0433	0.0478	0.0421	0.0323	0.0379	0.0379
0.0000	0.0000	0.0004	0.0000	0.0137	0.0076	0.0000	0.0173	0.0216	0.0263	0.0233	0.0299	0.0427	0.0493	0.0460	0.0391	0.0505	0.0550	0.0472	0.0562	0.0471	0.0633	0.0520	0.0537	0.0740	0.0723	0.0758	0.0886	0.0902	0.0912	0.1062	0.0949	0.1088	0.1058	0.1234	0.1056	0.1059	0.1007	0.1148	0.1155	0.1332	0.1211	0.0977	0.0894	0.0937	0.0947	0.1009	0.0951	0.0999	0.0972	0.1132	0.1044	0.0786	0.1044	0.0896	0.0715	0.0762	0.0755	0.0782	0.0628	0.0718	0.0676	0.0592	0.0495	0.0494	0.0458	0.0432	0.0500	0.0594
0.0000	0.0000	0.0000	0.0000	0.0007	0.0088	0.0053	0.0207	0.0186	0.0073	0.0187	0.0390	0.0485	0.0418	0.0347	0.0326	0.0393	0.0344	0.0478	0.0706	0.0750	0.0616	0.0538	0.0628	0.0709	0.0794	0.0830	0.0668	0.0821	0.0976	0.1039	0.1047	0.1391	0.1119	0.1194	0.1202	0.1040	0.1022	0.1314	0.1114	0.1338	0.1267	0.1179	0.0989	0.1031	0.1088	0.1173	0.0962	0.1126	0.1174	0.1124	0.1048	0.0735	0.0905	0.1011	0.1113	0.0857	0.0771	0.0741	0.0665	0.0744	0.0717	0.0661	0.0622	0.0492	0.0522	0.0635	0.0732	0.0718
0.0000	0.0000	0.0000	0.0015	0.0000	0.0155	0.0083	0.0271	0.0286	0.0250	0.0191	0.0307	0.0505	0.0562	0.0448	0.0533	0.0602	0.0459	0.0444	0.0606	0.0825	0.0777	0.0867	0.0766	0.0842	0.0771	0.0891	0.0827	0.0818	0.1099	0.1153	0.1041	0.1144	0.1271	0.1238	0.1278	0.1206	0.1146	0.1165	0.1197	0.1253	0.1146	0.1350	0.1317	0.1351	0.1128	0.1154	0.1240	0.1210	0.1231	0.1078	0.1166	0.1046	0.0987	0.1156	0.1242	0.0930	0.0951	0.0809	0.0896	0.0825	0.0705	0.0711	0.0773	0.0734	0.0659	0.0662	0.0837	0.0856
0.0000	0.0000	0.0000	0.0084	0.0051	0.0033	0.0171	0.0258	0.0323	0.0327	0.0487	0.0488	0.0467	0.0392	0.0432	0.0600	0.0822	0.0663	0.0641	0.0718	0.0857	0.0911	0.0837	0.0873	0.0933	0.0943	0.0955	0.1027	0.0992	0.1168	0.1067	0.1185	0.1258	0.1329	0.1321	0.1221	0.1349	0.1349	0.1460	0.1256	0.1299	0.1327	0.1418	0.1398	0.1241	0.1257	0.1417	0.1466	0.1163	0.1324	0.1310	0.1406	0.1488	0.1199	0.1339	0.1260	0.1090	0.1009	0.1081	0.1084	0.0950	0.0913	0.0990	0.1126	0.1108	0.1024	0.0852	0.0848	0.0980
0.0000	0.0000	0.0026	0.0199	0.0137	0.0049	0.0269	0.0399	0.0206	0.0279	0.0394	0.0515	0.0626	0.0483	0.0443	0.0699	0.0610	0.0704	0.0802	0.0595	0.0726	0.0950	0.1012	0.0911	0.0931	0.1275	0.1031	0.1017	0.1262	0.1358	0.1143	0.1148	0.1335	0.1422	0.1451	0.1481	0.1435	0.1573	0.1896	0.1607	0.1694	0.1886	0.1697	0.1494	0.1401	0.1537	0.1477	0.1478	0.1374	0.1491	0.1385	0.1295	0.1330	0.1174	0.1321	0.1576	0.1156	0.1234	0.1217	0.1233	0.1181	0.1285	0.1309	0.1133	0.1277	0.1299	0.1260	0.1108	0.1229
0.0092	0.0035	0.0137	0.0260	0.0265	0.0112	0.0252	0.0391	0.0511	0.0453	0.0325	0.0526	0.0572	0.0739	0.0713	0.0742	0.0662	0.0809	0.1000	0.0943	0.0995	0.1176	0.1003	0.0935	0.1058	0.1276	0.1204	0.1093	0.1610	0.1567	0.1324	0.1607	0.1682	0.1524	0.1695	0.1661	0.1644	0.1675	0.1823	0.2058	0.1884	0.1891	0.1779	0.1760	0.1818	0.2041	0.2093	0.1988	0.1876	0.1864	0.1736	0.1634	0.1651	0.1852	0.1687	0.1724	0.1581	0.1556	0.1517	0.1499	0.1424	0.1303	0.1258	0.1299	0.1280	0.1312	0.1434	0.1523	0.1471
0.0000	0.0000	0.0175	0.0297	0.0324	0.0293	0.0427	0.0431	0.0514	0.0603	0.0723	0.0725	0.0590	0.0617	0.0912	0.0714	0.0730	0.0959	0.1060	0.0936	0.0898	0.1060	0.0960	0.1052	0.1253	0.1255	0.1261	0.1311	0.1759	0.1580	0.1531	0.1637	0.1628	0.1806	0.1990	0.1765	0.1864	0.2152	0.2066	0.2149	0.2141	0.1885	0.1881	0.2181	0.2150	0.1964	0.2289	0.2318	0.2332	0.2099	0.2172	0.1955	0.2045	0.2062	0.2151	0.1954	0.2131	0.1942	0.1689	0.1652	0.1641	0.1556	0.1539	0.1517	0.1399	0.1513	0.1376	0.1462	0.1613
0.0000	0.0197	0.0321	0.0114	0.0327	0.0301	0.0413	0.0497	0.0552	0.0638	0.0721	0.0673	0.0614	0.0761	0.0880	0.0937	0.0989	0.0904	0.1007	0.1031	0.1150	0.1120	0.1369	0.1181	0.1337	0.1609	0.1563	0.1623	0.1596	0.1713	0.1782	0.1936	0.1922	0.2214	0.2282	0.2254	0.2413	0.2802	0.2952	0.2806	0.2757	0.2672	0.2793	0.2578	0.2693	0.2534	0.2828	0.3237	0.3624	0.3112	0.2604	0.2452	0.2354	0.2435	0.2363	0.2355	0.2706	0.2041	0.1846	0.1924	0.1844	0.1563	0.1707	0.1616	0.1674	0.1588	0.1543	0.1503	0.1649
0.0182	0.0273	0.0331	0.0176	0.0325	0.0341	0.0393	0.0513	0.0574	0.0622	0.0763	0.0814	0.0759	0.0836	0.0875	0.1149	0.1021	0.1021	0.1136	0.1182	0.1316	0.1387	0.1423	0.1462	0.1643	0.1795	0.1897	0.1832	0.2012	0.2418	0.2565	0.2549	0.2466	0.2485	0.2708	0.2983	0.3515	0.4009	0.6709	0.6899	0.5631	0.5187	0.4812	0.3839	0.4069	0.3807	0.4620	0.5786	0.6726	0.6852	0.3757	0.2737	0.2683	0.2764	0.2754	0.2833	0.2837	0.2465	0.2233	0.2258	0.2290	0.1938	0.1720	0.1882	0.1990	0.1696	0.1443	0.1723	0.1696
0.0080	0.0199	0.0389	0.0471	0.0459	0.0416	0.0485	0.0464	0.0790	0.0766	0.0719	0.0786	0.0930	0.1005	0.0892	0.1056	0.1115	0.1214	0.1293	0.1430	0.1489	0.1667	0.1837	0.1918	0.2037	0.2404	0.2597	0.2904	0.3493	0.3551	0.3666	0.4039	0.3744	0.3781	0.4032	0.3998	0.4823	0.6213	0.8862	0.9748	0.9384	0.8928	0.8100	0.7314	0.7396	0.6725	0.7807	0.8255	0.8184	0.8014	0.5271	0.2925	0.2937	0.3175	0.3137	0.3155	0.2931	0.2761	0.2642	0.2467	0.2273	0.2252	0.2108	0.2128	0.2067	0.1861	0.1843	0.1980	0.1785
0.0067	0.0247	0.0389	0.0321	0.0503	0.0470	0.0637	0.0668	0.0678	0.0703	0.0883	0.0911	0.0984	0.1231	0.1050	0.1170	0.1467	0.1515	0.1749	0.1812	0.1893	0.2235	0.2595	0.2543	0.3063	0.3677	0.4946	0.6625	0.6749	0.6840	0.7246	0.8327	0.8053	0.7438	0.7153	0.6563	0.7558	0.8622	0.8629	0.8392	0.8749	0.8297	0.8646	0.8527	0.8679	0.8277	0.8270	0.7549	0.7938	0.7674	0.6099	0.3849	0.3730	0.3415	0.3406	0.3628	0.3187	0.2913	0.2601	0.2606	0.2321	0.2219	0.2399	0.2391	0.2350	0.1827	0.2085	0.1874	0.1918
0.0150	0.0276	0.0509	0.0470	0.0586	0.0568	0.0779	0.0886	0.0843	0.0886	0.1131	0.1187	0.1197	0.1369	0.1702	0.1598	0.2033	0.2307	0.2475	0.2803	0.3267	0.3618	0.4365	0.4564	0.4884	0.6283	0.7757	0.8191	0.8252	0.8678	0.8802	0.9439	0.9874	0.9839	0.9084	0.8944	0.9310	0.9160	0.8202	0.8108	0.8231	0.8037	0.8207	0.8167	0.8270	0.7830	0.7425	0.7833	0.7878	0.7731	0.7308	0.5931	0.5477	0.3942	0.4199	0.4800	0.4968	0.3836	0.3090	0.3085	0.2670	0.2920	0.2839	0.2480	0.2303	0.1981	0.2004	0.1837	0.2063
0.0253	0.0206	0.0373	0.0596	0.0782	0.0778	0.0932	0.1023	0.1255	0.1116	0.1425	0.1713	0.1802	0.2041	0.2430	0.2607	0.3425	0.3548	0.4404	0.5362	0.6212	0.7232	0.7085	0.7206	0.7411	0.7556	0.7873	0.7586	0.7995	0.7970	0.8293	0.8830	0.8956	0.9219	0.8374	0.8733	0.9299	0.8684	0.7841	0.7795	0.8355	0.7844	0.8165	0.8134	0.7643	0.7764	0.7355	0.7690	0.7451	0.7460	0.7950	0.8037	0.7771	0.6301	0.6162	0.7182	0.6638	0.5874	0.4403	0.3951	0.4111	0.4441	0.4185	0.2944	0.2183	0.2145	0.2141	0.2069	0.2172
0.0402	0.0313	0.0540	0.0888	0.1096	0.1184	0.1400	0.1810	0.2005	0.2167	0.2578	0.2815	0.3302	0.3302	0.3541	0.4447	0.5538	0.6284	0.7095	0.7648	0.8133	0.7830	0.7302	0.7400	0.7369	0.7168	0.7305	0.7441	0.6812	0.7364	0.8388	0.8792	0.9225	0.8127	0.8487	0.8230	0.8577	0.8563	0.8410	0.7474	0.7744	0.7814	0.8144	0.7723	0.7853	0.7483	0.7548	0.7652	0.6943	0.7306	0.7600	0.8072	0.7963	0.7873	0.7416	0.7540	0.7130	0.6712	0.5998	0.5817	0.5842	0.5149	0.4483	0.3117	0.2722	0.2191	0.2190	0.2238	0.2322
0.0475	0.0792	0.1143	0.1429	0.1751	0.2348	0.2609	0.3752	0.4774	0.4415	0.4352	0.5197	0.6042	0.6031	0.5694	0.6857	0.7779	0.7799	0.7705	0.7433	0.7205	0.7491	0.7043	0.7253	0.6669	0.6536	0.6939	0.6974	0.6490	0.7253	0.7729	0.8492	0.8091	0.8181	0.8338	0.8087	0.8169	0.8169	0.7821	0.8320	0.7577	0.7326	0.7911	0.7528	0.7633	0.6963	0.7213	0.6822	0.6818	0.7045	0.7132	0.7328	0.7472	0.7256	0.7470	0.6816	0.6262	0.5944	0.6225	0.6073	0.5686	0.5328	0.4660	0.3589	0.3209	0.2521	0.2248	0.2125	0.2171
0.1056	0.1641	0.2565	0.3496	0.4374	0.5157	0.5567	0.5998	0.6685	0.6098	0.6220	0.6934	0.7566	0.7220	0.7397	0.7633	0.7650	0.7196	0.7435	0.7183	0.6654	0.6973	0.6474	0.6202	0.6096	0.6022	0.6520	0.6150	0.6506	0.7322	0.6995	0.7137	0.7711	0.7864	0.8369	0.7969	0.7569	0.7960	0.7901	0.8326	0.7799	0.7130	0.7445	0.7430	0.7168	0.6898	0.6508	0.6402	0.6531	0.7191	0.7240	0.6806	0.6869	0.7105	0.7000	0.6341	0.5837	0.5703	0.5512	0.5296	0.5560	0.4784	0.4747	0.4295	0.3771	0.2518	0.2284	0.2211	0.2471
0.2414	0.3145	0.3917	0.4662	0.5003	0.5292	0.5298	0.4843	0.5268	0.5499	0.6295	0.6748	0.6795	0.6370	0.7007	0.6916	0.7183	0.7433	0.6788	0.6165	0.5791	0.6107	0.5966	0.5906	0.5677	0.5693	0.6271	0.6200	0.6688	0.7097	0.7137	0.6977	0.7363	0.7569	0.7600	0.7989	0.7743	0.7964	0.7623	0.7693	0.7444	0.7349	0.7516	0.7265	0.7639	0.6945	0.6502	0.6583	0.6404	0.6275	0.6399	0.6525	0.6341	0.6891	0.6825	0.6228	0.5876	0.5841	0.5300	0.5127	0.5127	0.4644	0.4623	0.4695	0.4350	0.2951	0.2362	0.2659	0.2561
0.2657	0.2896	0.3123	0.3146	0.3485	0.3710	0.4009	0.4059	0.4578	0.5015	0.5478	0.5325	0.5913	0.5794	0.5429	0.5965	0.6102	0.6274	0.5973	0.5328	0.5082	0.5280	0.5621	0.5712	0.5546	0.6065	0.5835	0.6159	0.6316	0.6453	0.7549	0.7590	0.7468	0.7661	0.7550	0.7638	0.8121	0.7643	0.7405	0.7281	0.7541	0.7274	0.7449	0.7264	0.7065	0.6671	0.6885	0.6666	0.6536	0.6117	0.6315	0.6430	0.6053	0.6689	0.6660	0.6034	0.5786	0.5580	0.5382	0.5175	0.5040	0.5340	0.5230	0.4873	0.4312	0.2802	0.2516	0.2646	0.2597
0.2045	0.2436	0.2714	0.2545	0.2690	0.3065	0.3651	0.3802	0.4233	0.4324	0.4551	0.4747	0.5131	0.5729	0.4862	0.5266	0.5858	0.5967	0.5814	0.5857	0.5399	0.5355	0.5485	0.5373	0.5655	0.5696	0.5802	0.6026	0.6097	0.6488	0.6984	0.7284	0.7133	0.7218	0.7661	0.7455	0.7274	0.7595	0.7341	0.7519	0.7989	0.7031	0.7238	0.7345	0.6944	0.6598	0.6759	0.6734	0.6358	0.6120	0.6443	0.6625	0.6290	0.6467	0.6129	0.6260	0.5671	0.5359	0.5189	0.4954	0.5027	0.5190	0.5119	0.4734	0.4099	0.3436	0.2941	0.2737	0.2723
0.1780	0.2226	0.2348	0.2619	0.2624	0.3008	0.3578	0.3413	0.3675	0.3806	0.4093	0.4294	0.4610	0.5027	0.4851	0.5194	0.5804	0.5930	0.5629	0.5472	0.5498	0.5344	0.5656	0.5660	0.5365	0.5591	0.6285	0.6193	0.6501	0.6681	0.6909	0.6768	0.7717	0.7305	0.7330	0.7293	0.7196	0.7658	0.7525	0.7116	0.7470	0.7005	0.7069	0.7023	0.6980	0.6980	0.6672	0.6910	0.6378	0.6142	0.6324	0.6699	0.7013	0.6602	0.6517	0.6760	0.6092	0.5538	0.5420	0.5471	0.5090	0.5024	0.5036	0.4795	0.4418	0.4582	0.3864	0.2900	0.3095
0.1947	0.1913	0.2375	0.2788	0.2659	0.2959	0.3486	0.3376	0.3322	0.3403	0.3723	0.3827	0.4380	0.4673	0.4538	0.5086	0.5377	0.5564	0.5905	0.5786	0.5590	0.5770	0.5407	0.5176	0.5708	0.5415	0.5664	0.6382	0.6419	0.6599	0.6725	0.6938	0.7232	0.6985	0.7021	0.6909	0.7077	0.7204	0.7037	0.6826	0.7182	0.6807	0.7235	0.7016	0.6619	0.6959	0.6841	0.6416	0.6173	0.6449	0.5984	0.6007	0.6433	0.6371	0.6205	0.6411	0.6025	0.5945	0.5576	0.5302	0.5122	0.5052	0.4888	0.4671	0.4405	0.4499	0.3752	0.2875	0.3698
0.2113	0.2260	0.2423	0.2599	0.2942	0.3154	0.3275	0.3411	0.3763	0.3667	0.3982	0.3921	0.4504	0.4309	0.4794	0.4837	0.5418	0.5558	0.5593	0.5608	0.5149	0.5373	0.5473	0.5672	0.6220	0.5681	0.5714	0.6056	0.6660	0.6802	0.6571	0.6721	0.6709	0.7211	0.7172	0.7015	0.7232	0.6956	0.7011	0.6865	0.7062	0.7200	0.7050	0.6412	0.6504	0.6475	0.6457	0.6603	0.6601	0.6623	0.6222	0.6053	0.6177	0.6261	0.6254	0.5977	0.6105	0.5900	0.5489	0.5440	0.5091	0.4996	0.4923	0.4717	0.4542	0.4268	0.3903	0.3152	0.3681
0.2170	0.2378	0.2483	0.2684	0.2847	0.3176	0.3360	0.3628	0.4030	0.3848	0.3897	0.4171	0.4711	0.4675	0.4786	0.4866	0.5536	0.5638	0.5409	0.5412	0.5677	0.5192	0.4999	0.5571	0.5989	0.5673	0.6017	0.6137	0.6783	0.6739	0.7263	0.6560	0.6636	0.6711	0.6951	0.6780	0.6619	0.6749	0.7032	0.6666	0.6886	0.7065	0.6604	0.6576	0.6541	0.6594	0.6459	0.6654	0.6571	0.6441	0.6296	0.6007	0.5933	0.6180	0.6493	0.6199	0.5917	0.5881	0.5508	0.5282	0.5173	0.4898	0.4817	0.4593	0.4440	0.4393	0.4180	0.4118	0.3860
0.2233	0.2469	0.2569	0.3419	0.3081	0.3312	0.3252	0.3717	0.3530	0.3678	0.3810	0.4232	0.4808	0.4861	0.4871	0.5006	0.5252	0.5089	0.5811	0.5644	0.5384	0.5170	0.5068	0.5841	0.5767	0.5251	0.5750	0.6071	0.6108	0.6499	0.6804	0.7099	0.7048	0.6740	0.6489	0.6493	0.6488	0.6704	0.7159	0.6931	0.7506	0.7118	0.6844	0.6560	0.6799	0.6789	0.6397	0.6227	0.6461	0.6202	0.6354	0.6035	0.6050	0.6097	0.6363	0.6071	0.5635	0.5310	0.5445	0.5318	0.4836	0.4756	0.4752	0.4444	0.4400	0.4227	0.3961	0.3974	0.3734
0.2098	0.2459	0.2585	0.2899	0.2982	0.3340	0.3466	0.3561	0.3678	0.3776	0.4078	0.4433	0.4660	0.4732	0.4856	0.4925	0.4909	0.5088	0.5276	0.5619	0.5062	0.5121	0.5118	0.5478	0.5552	0.5409	0.5443	0.5937	0.6190	0.6238	0.6629	0.6952	0.6746	0.6712	0.6646	0.6852	0.6996	0.6929	0.7206	0.7085	0.7599	0.7511	0.6959	0.6542	0.6783	0.6485	0.6571	0.6689	0.6437	0.5996	0.6476	0.6381	0.6480	0.6240	0.5809	0.6099	0.5770	0.5024	0.5124	0.5426	0.5002	0.5036	0.4656	0.4423	0.4312	0.4185	0.4068	0.4098	0.3749
0.2046	0.2565	0.2826	0.2603	0.2881	0.3433	0.3679	0.3649	0.3714	0.4237	0.4356	0.4211	0.4285	0.4824	0.4958	0.4878	0.4981	0.5235	0.5556	0.5384	0.5382	0.5184	0.5265	0.5518	0.5641	0.5318	0.5639	0.6299	0.6579	0.6423	0.6966	0.7077	0.7106	0.6860	0.6796	0.6876	0.7428	0.7498	0.7496	0.7341	0.7696	0.7141	0.7205	0.6676	0.6789	0.6551	0.6773	0.6772	0.6430	0.6096	0.6069	0.6072	0.6360	0.6316	0.6458	0.6009	0.5652	0.5481	0.5154	0.4935	0.4891	0.4712	0.4423	0.4469	0.4373	0.4116	0.3723	0.3634	0.3322
0.2371	0.2496	0.3010	0.3293	0.3167	0.3231	0.3643	0.3868	0.4269	0.3942	0.4270	0.4381	0.4632	0.4977	0.4691	0.5066	0.5492	0.5555	0.5394	0.5509	0.5201	0.5303	0.5484	0.5717	0.5377	0.5459	0.5858	0.6466	0.6548	0.6750	0.7318	0.7383	0.7735	0.7166	0.7009	0.6955	0.7710	0.7765	0.7485	0.7484	0.7838	0.7248	0.6986	0.6910	0.6778	0.6508	0.6757	0.6888	0.6293	0.6438	0.6346	0.6209	0.6576	0.6439	0.6532	0.6287	0.5417	0.5367	0.5024	0.4971	0.4776	0.4594	0.4571	0.4482	0.4393	0.4130	0.3943	0.3899	0.3704
0.2112	0.2206	0.2887	0.2948	0.3195	0.3227	0.3729	0.4078	0.4322	0.4205	0.4310	0.4705	0.4996	0.4613	0.4678	0.5178	0.5483	0.5419	0.5280	0.5062	0.5427	0.5648	0.5393	0.5805	0.5575	0.5788	0.5729	0.6149	0.6441	0.6693	0.7102	0.7208	0.7386	0.7308	0.7599	0.7629	0.7486	0.7190	0.7558	0.7881	0.7370	0.7684	0.7565	0.7324	0.6919	0.6173	0.6664	0.6688	0.6651	0.6803	0.6909	0.6980	0.6817	0.6605	0.6293	0.6571	0.6331	0.5535	0.5314	0.5584	0.5019	0.4770	0.4669	0.4599	0.4523	0.4509	0.4366	0.4022	0.3906
0.1940	0.2045	0.2537	0.3067	0.3247	0.3505	0.3635	0.3785	0.4094	0.4270	0.4190	0.4343	0.4640	0.4625	0.5070	0.5112	0.5396	0.5515	0.5387	0.5251	0.5621	0.5778	0.5508	0.5598	0.5972	0.6256	0.6026	0.6138	0.6214	0.6610	0.6985	0.7525	0.7317	0.6694	0.7496	0.7439	0.7352	0.7602	0.8016	0.7591	0.7296	0.7486	0.7968	0.7296	0.7225	0.7159	0.6817	0.7330	0.6602	0.6812	0.7147	0.6787	0.6730	0.7166	0.6887	0.6855	0.6634	0.6009	0.5476	0.5472	0.5140	0.5100	0.5440	0.5196	0.4893	0.4548	0.4417	0.4270	0.3980
0.1716	0.2350	0.2781	0.3089	0.3264	0.3298	0.3657	0.3704	0.4232	0.4275	0.4147	0.4409	0.4613	0.4819	0.5233	0.4958	0.5478	0.5471	0.5540	0.5475	0.5797	0.5717	0.5606	0.6177	0.6727	0.6256	0.6096	0.6295	0.6443	0.6446	0.6766	0.7191	0.7189	0.7400	0.7678	0.7926	0.7831	0.7690	0.7802	0.7450	0.7872	0.8143	0.7922	0.7603	0.7446	0.6990	0.7374	0.7538	0.7319	0.6766	0.6943	0.6620	0.7233	0.6872	0.6766	0.7150	0.6342	0.6089	0.5539	0.5698	0.5646	0.5621	0.5354	0.5086	0.4881	0.4728	0.4756	0.4334	0.4298
0.2100	0.2528	0.3070	0.3023	0.3021	0.3241	0.3667	0.4071	0.4033	0.3937	0.3964	0.4066	0.4570	0.5006	0.4882	0.5375	0.5352	0.5571	0.5452	0.5634	0.5797	0.5439	0.5712	0.5958	0.6079	0.6431	0.6215	0.6517	0.6618	0.6455	0.6910	0.7132	0.7488	0.7823	0.7874	0.7656	0.7501	0.7914	0.8172	0.7608	0.8257	0.8274	0.7994	0.7699	0.7061	0.7105	0.7554	0.7337	0.7481	0.7383	0.7126	0.6940	0.7180	0.7094	0.6962	0.6950	0.6417	0.6367	0.6004	0.6081	0.5856	0.5726	0.5268	0.5414	0.5015	0.5102	0.5141	0.4783	0.4492
0.1962	0.2238	0.2726	0.2813	0.3063	0.3170	0.3486	0.3973	0.3923	0.3847	0.3752	0.3858	0.4578	0.4993	0.4627	0.5462	0.5748	0.5632	0.5181	0.5763	0.5958	0.5621	0.5655	0.6074	0.6171	0.6667	0.6605	0.6274	0.6402	0.6555	0.6723	0.7116	0.7352	0.7279	0.8313	0.7997	0.7650	0.7839	0.8436	0.7797	0.8241	0.8302	0.8144	0.7429	0.7256	0.7399	0.7305	0.7412	0.7159	0.7600	0.7044	0.7120	0.7193	0.7380	0.7250	0.7097	0.7049	0.6682	0.6437	0.6561	0.5929	0.5964	0.6296	0.5800	0.5542	0.5620	0.5467	0.5057	0.4283
0.2050	0.2271	0.2564	0.2891	0.3059	0.3805	0.3611	0.3823	0.3675	0.3782	0.3993	0.4026	0.4310	0.4929	0.4830	0.5038	0.5155	0.5546	0.5325	0.5535	0.5741	0.5730	0.5491	0.5932	0.6094	0.6159	0.6320	0.6511	0.6445	0.6320	0.6647	0.6944	0.7395	0.8001	0.7915	0.7646	0.7754	0.7863	0.7713	0.7423	0.7928	0.8116	0.8097	0.7723	0.7630	0.7477	0.7680	0.7486	0.7568	0.7514	0.7336	0.7291	0.7216	0.7339	0.7308	0.7127	0.6883	0.6539	0.6633	0.6184	0.6260	0.6440	0.6863	0.6804	0.6033	0.5624	0.5596	0.5433	0.4862
0.1945	0.2606	0.2853	0.2949	0.3385	0.3721	0.3681	0.3863	0.4003	0.4253	0.4138	0.4633	0.4660	0.4705	0.4839	0.5005	0.5454	0.5494	0.5468	0.5614	0.5883	0.6067	0.5555	0.6060	0.5433	0.5724	0.6184	0.6453	0.6610	0.6464	0.6624	0.7169	0.7483	0.7937	0.7763	0.8012	0.7499	0.7770	0.7329	0.7488	0.7897	0.8280	0.7846	0.7784	0.7602	0.7289	0.7496	0.7385	0.7963	0.7613	0.7240	0.7298	0.7111	0.7390	0.7286	0.7506	0.7015	0.6832	0.6727	0.6466	0.6123	0.6275	0.6840	0.6758	0.6089	0.5829	0.5675	0.5449	0.5220
0.2350	0.2950	0.3166	0.3732	0.3689	0.3923	0.4384	0.4661	0.4928	0.5068	0.5106	0.5752	0.5954	0.5626	0.6348	0.6209	0.6436	0.6960	0.6214	0.6005	0.6024	0.6033	0.5885	0.6025	0.6032	0.6093	0.6282	0.6338	0.6741	0.6380	0.7008	0.7170	0.7089	0.7418	0.7944	0.7836	0.7931	0.7995	0.8008	0.7900	0.8184	0.7675	0.7836	0.7779	0.7437	0.7428	0.7544	0.7602	0.7730	0.7691	0.7528	0.7653	0.7464	0.7791	0.7588	0.7302	0.7180	0.7023	0.7022	0.6536	0.6394	0.6455	0.6228	0.6193	0.6416	0.5992	0.6148	0.5755	0.5483
0.2691	0.3667	0.4071	0.4774	0.4884	0.5301	0.5728	0.5506	0.5783	0.6071	0.6057	0.6375	0.6493	0.6734	0.7102	0.6999	0.7496	0.7358	0.6933	0.6953	0.6621	0.6485	0.6226	0.6321	0.6629	0.6350	0.6701	0.6300	0.6521	0.6712	0.7178	0.7293	0.7407	0.7755	0.8330	0.7976	0.8173	0.8376	0.8398	0.8217	0.8229	0.8056	0.8231	0.7879	0.7825	0.7678	0.7613	0.7530	0.7400	0.7675	0.7650	0.7883	0.7886	0.7550	0.7144	0.7475	0.7162	0.7243	0.6822	0.6652	0.6531	0.6534	0.5583	0.4319	0.5216	0.5736	0.6075	0.5552	0.5308
0.1584	0.2693	0.3686	0.5147	0.5696	0.6530	0.6633	0.6782	0.6967	0.7062	0.6550	0.6822	0.6695	0.7498	0.7679	0.8126	0.7996	0.8026	0.7629	0.7286	0.6812	0.6891	0.6957	0.7096	0.6794	0.6352	0.6756	0.6533	0.6922	0.7331	0.7696	0.7451	0.7886	0.8188	0.8001	0.8242	0.8223	0.8032	0.8258	0.7903	0.7861	0.7917	0.8136	0.8127	0.7909	0.8034	0.7961	0.7796	0.7616	0.7831	0.7711	0.7499	0.7785	0.7758	0.7401	0.7471	0.7266	0.7146	0.7027	0.7065	0.7047	0.6902	0.5119	0.3289	0.3379	0.4745	0.6136	0.4973	0.5006
0.0520	0.1022	0.1414	0.2148	0.2806	0.3378	0.3893	0.4524	0.4501	0.4871	0.5403	0.5998	0.6773	0.7533	0.7909	0.8779	0.8763	0.8656	0.8577	0.8572	0.8127	0.7496	0.7226	0.7393	0.7154	0.6828	0.6734	0.6622	0.7649	0.8040	0.8341	0.8166	0.8156	0.8226	0.8272	0.8411	0.8340	0.8032	0.8164	0.7813	0.8289	0.7593	0.8314	0.8132	0.7623	0.7493	0.7901	0.7839	0.7560	0.7604	0.7444	0.7528	0.7536	0.7673	0.7435	0.8252	0.7779	0.7484	0.7019	0.7181	0.7140	0.6689	0.4187	0.3190	0.3287	0.4968	0.5680	0.4192	0.5048
0.0391	0.0435	0.0637	0.1050	0.1052	0.1163	0.1285	0.1669	0.1820	0.1934	0.2554	0.2907	0.3408	0.3908	0.4804	0.5950	0.7852	0.7594	0.7576	0.8279	0.8536	0.7954	0.7718	0.7527	0.7765	0.7155	0.6969	0.7317	0.7859	0.8384	0.8712	0.8388	0.8565	0.8935	0.8721	0.9018	0.8308	0.8299	0.8285	0.7966	0.8024	0.7915	0.8252	0.7831	0.7646	0.7622	0.8140	0.8187	0.7779	0.7695	0.7877	0.7807	0.7870	0.7775	0.7736	0.8027	0.7828	0.7505	0.6773	0.6784	0.6986	0.5151	0.3059	0.3553	0.3397	0.4636	0.4253	0.3305	0.4583
0.0208	0.0337	0.0488	0.0665	0.0644	0.0705	0.0828	0.0867	0.1008	0.1072	0.1072	0.1304	0.1735	0.1802	0.2078	0.2444	0.3619	0.3867	0.4244	0.5208	0.6471	0.6851	0.6677	0.7014	0.8174	0.7908	0.7613	0.7804	0.8658	0.8933	0.8857	0.8904	0.9137	0.9335	0.8703	0.8666	0.8545	0.8711	0.8597	0.8173	0.8837	0.8474	0.8255	0.8106	0.8025	0.7664	0.8227	0.8401	0.8218	0.7909	0.7729	0.7672	0.8049	0.8047	0.8259	0.8402	0.8407	0.8409	0.7296	0.7072	0.7008	0.4115	0.2333	0.2732	0.2526	0.2902	0.2617	0.2400	0.2805
0.0124	0.0291	0.0316	0.0366	0.0478	0.0559	0.0811	0.0830	0.0858	0.0884	0.0823	0.0977	0.1101	0.1108	0.1251	0.1492	0.1570	0.1813	0.1944	0.2223	0.2846	0.2965	0.3265	0.3903	0.4631	0.5496	0.5479	0.5667	0.7164	0.8897	0.9489	0.9836	0.9569	0.9308	0.9030	0.8787	0.8790	0.8855	0.9303	0.8420	0.8852	0.9029	0.8637	0.8441	0.8557	0.8391	0.8453	0.8562	0.8488	0.8158	0.7984	0.8166	0.7925	0.7895	0.8294	0.8668	0.8454	0.8210	0.7346	0.6819	0.5148	0.3066	0.2164	0.2224	0.2131	0.2311	0.2131	0.2120	0.2034
0.0192	0.0208	0.0296	0.0348	0.0338	0.0528	0.0633	0.0690	0.0698	0.0724	0.0784	0.0864	0.0969	0.0922	0.1027	0.1073	0.1157	0.1155	0.1235	0.1383	0.1538	0.1609	0.1781	0.2192	0.2337	0.2613	0.3207	0.3417	0.4732	0.7553	0.9739	1.0000	0.9835	0.9532	0.9480	0.9149	0.9447	0.9542	0.9723	0.9408	0.8981	0.9241	0.9321	0.9002	0.8853	0.8667	0.8592	0.8688	0.8414	0.8678	0.8190	0.8304	0.8873	0.8418	0.8534	0.8000	0.7460	0.7597	0.7300	0.5102	0.2670	0.2148	0.1910	0.1885	0.1971	0.2047	0.2017	0.2024	0.1896
0.0088	0.0170	0.0333	0.0284	0.0340	0.0609	0.0690	0.0613	0.0590	0.0648	0.0601	0.0617	0.0841	0.0747	0.0895	0.0872	0.0964	0.1111	0.1169	0.1064	0.1226	0.1227	0.1229	0.1437	0.1552	0.1696	0.1904	0.2378	0.3335	0.5388	0.7434	0.8811	0.9452	0.9463	0.9716	0.9600	0.9517	0.9462	0.9456	0.9217	0.9033	0.9276	0.9036	0.8893	0.8652	0.8540	0.8510	0.8523	0.8257	0.7890	0.6178	0.8034	0.8964	0.8283	0.8240	0.7734	0.7545	0.7002	0.4284	0.2599	0.2228	0.2093	0.1932	0.1821	0.1820	0.1803	0.1741	0.1713	0.1713
0.0011	0.0167	0.0322	0.0261	0.0339	0.0481	0.0609	0.0608	0.0434	0.0539	0.0584	0.0565	0.0740	0.0716	0.0692	0.0822	0.1019	0.0907	0.0992	0.1003	0.1112	0.1254	0.1014	0.1289	0.1296	0.1378	0.1444	0.1614	0.1969	0.2187	0.2905	0.4017	0.5047	0.6712	0.9071	0.9351	0.9243	0.9178	0.9082	0.8948	0.8975	0.8832	0.8640	0.8656	0.8204	0.7720	0.8242	0.8408	0.7952	0.5577	0.4240	0.6937	0.8617	0.8667	0.8146	0.7960	0.7820	0.6669	0.2496	0.1789	0.1878	0.1852	0.1689	0.1629	0.1534	0.1557	0.1629	0.1606	0.1659
0.0214	0.0316	0.0252	0.0138	0.0324	0.0435	0.0503	0.0517	0.0395	0.0366	0.0560	0.0533	0.0617	0.0639	0.0704	0.0798	0.0895	0.0824	0.0837	0.0832	0.0857	0.1035	0.1048	0.0912	0.1086	0.1215	0.1181	0.1390	0.1424	0.1453	0.1551	0.1644	0.1893	0.2595	0.4457	0.5434	0.6086	0.6892	0.8130	0.8620	0.8615	0.8437	0.7419	0.5978	0.4074	0.3455	0.4586	0.5302	0.4940	0.3032	0.2988	0.4275	0.7303	0.8731	0.8490	0.8638	0.8377	0.5969	0.1889	0.1517	0.1631	0.1529	0.1485	0.1470	0.1388	0.1440	0.1429	0.1484	0.1388
0.0076	0.0256	0.0216	0.0228	0.0374	0.0359	0.0322	0.0404	0.0500	0.0493	0.0471	0.0545	0.0622	0.0713	0.0621	0.0752	0.0762	0.0759	0.0734	0.0692	0.0832	0.0767	0.0943	0.1027	0.0889	0.1003	0.1076	0.1084	0.1063	0.1198	0.1300	0.1251	0.1290	0.1284	0.1491	0.1622	0.1768	0.2231	0.3622	0.5443	0.6424	0.5099	0.3089	0.1977	0.1693	0.1565	0.1677	0.1816	0.1960	0.1931	0.2244	0.2749	0.5374	0.8192	0.8510	0.8307	0.6730	0.3047	0.1461	0.1474	0.1335	0.1344	0.1319	0.1218	0.1167	0.1167	0.1193	0.1352	0.1233
0.0007	0.0072	0.0203	0.0191	0.0103	0.0126	0.0236	0.0272	0.0423	0.0351	0.0359	0.0599	0.0502	0.0615	0.0653	0.0612	0.0634	0.0736	0.0628	0.0589	0.0777	0.0748	0.0811	0.0847	0.0897	0.0842	0.0948	0.0899	0.0933	0.0968	0.1031	0.1062	0.1142	0.1146	0.1204	0.1168	0.1221	0.1380	0.1507	0.1751	0.1927	0.1695	0.1486	0.1255	0.1474	0.1222	0.1279	0.1303	0.1304	0.1313	0.1424	0.1570	0.2312	0.4554	0.6265	0.6117	0.3414	0.1293	0.1132	0.1275	0.1168	0.1114	0.1024	0.1131	0.1036	0.1037	0.1106	0.1129	0.1062
0.0000	0.0000	0.0081	0.0042	0.0134	0.0114	0.0250	0.0289	0.0254	0.0292	0.0283	0.0365	0.0430	0.0429	0.0437	0.0486	0.0626	0.0575	0.0528	0.0676	0.0715	0.0689	0.0817	0.0802	0.0884	0.0819	0.0831	0.0872	0.0913	0.0898	0.0949	0.1001	0.0934	0.0946	0.1043	0.1138	0.1173	0.1257	0.1214	0.1252	0.1219	0.1197	0.1179	0.1292	0.1139	0.1103	0.1071	0.1137	0.1114	0.1080	0.1110	0.1150	0.1148	0.1504	0.2031	0.1920	0.1313	0.0964	0.1038	0.1078	0.0953	0.0936	0.0849	0.0953	0.0899	0.0950	0.0907	0.0885	0.0913
0.0000	0.0000	0.0000	0.0044	0.0106	0.0066	0.0139	0.0244	0.0281	0.0408	0.0381	0.0372	0.0328	0.0407	0.0513	0.0516	0.0554	0.0510	0.0503	0.0573	0.0617	0.0605	0.0706	0.0712	0.0722	0.0753	0.0661	0.0791	0.0860	0.0829	0.0752	0.0837	0.0815	0.0939	0.0945	0.1015	0.1075	0.1036	0.1076	0.1040	0.1108	0.1120	0.1037	0.1116	0.1005	0.0970	0.0908	0.0952	0.0977	0.0932	0.0983	0.0948	0.0943	0.1123	0.1118	0.0934	0.1035	0.0861	0.0775	0.0792	0.0808	0.0805	0.0743	0.0761	0.0808	0.0817	0.0697	0.0672	0.0699
0.0000	0.0000	0.0018	0.0045	0.0000	0.0043	0.0159	0.0152	0.0151	0.0151	0.0263	0.0270	0.0220	0.0231	0.0486	0.0523	0.0417	0.0523	0.0429	0.0568	0.0565	0.0594	0.0614	0.0560	0.0705	0.0786	0.0677	0.0743	0.0791	0.0769	0.0701	0.0769	0.0727	0.0809	0.0794	0.0912	0.0972	0.0854	0.0928	0.0996	0.0869	0.1006	0.0947	0.0882	0.0935	0.0914	0.0931	0.0792	0.0864	0.0767	0.0723	0.0809	0.0930	0.0998	0.0978	0.1005	0.0889	0.0793	0.0743	0.0728	0.0694	0.0596	0.0569	0.0693	0.0649	0.0574	0.0546	0.0533	0.0554
0.0000	0.0000	0.0000	0.0014	0.0000	0.0000	0.0174	0.0059	0.0094	0.0149	0.0242	0.0332	0.0281	0.0262	0.0322	0.0394	0.0529	0.0377	0.0383	0.0536	0.0522	0.0464	0.0507	0.0622	0.0556	0.0528	0.0649	0.0667	0.0729	0.0729	0.0685	0.0749	0.0750	0.0779	0.0787	0.0750	0.0831	0.0842	0.0959	0.0886	0.0797	0.0905	0.0918	0.0849	0.0882	0.0843	0.0900	0.0836	0.0796	0.0758	0.0812	0.0925	0.0859	0.0780	0.0821	0.0811	0.0791	0.0640	0.0672	0.0709	0.0696	0.0526	0.0577	0.0553	0.0598	0.0559	0.0603	0.0546	0.0480
0.0000	0.0000	0.0000	0.0013	0.0000	0.0034	0.0091	0.0066	0.0087	0.0081	0.0107	0.0323	0.0306	0.0284	0.0397	0.0276	0.0497	0.0434	0.0371	0.0432	0.0442	0.0398	0.0364	0.0432	0.0494	0.0540	0.0497	0.0592	0.0652	0.0717	0.0764	0.0669	0.0734	0.0771	0.0800	0.0696	0.0790	0.0797	0.0845	0.0797	0.0825	0.0793	0.0811	0.0808	0.0776	0.0837	0.0835	0.0788	0.0698	0.0731	0.0746	0.0792	0.0748	0.0650	0.0782	0.0897	0.0724	0.0594	0.0630	0.0611	0.0570	0.0508	0.0515	0.0537	0.0544	0.0466	0.0451	0.0476	0.0426
0.0000	0.0000	0.0000	0.0026	0.0029	0.0000	0.0000	0.0174	0.0202	0.0089	0.0203	0.0213	0.0344	0.0210	0.0279	0.0253	0.0344	0.0299	0.0277	0.0362	0.0408	0.0340	0.0444	0.0528	0.0486	0.0581	0.0523	0.0499	0.0615	0.0627	0.0672	0.0654	0.0762	0.0657	0.0731	0.0704	0.0795	0.0811	0.0814	0.0737	0.0800	0.0780	0.0801	0.0755	0.0739	0.0778	0.0726	0.0735	0.0749	0.0690	0.0678	0.0749	0.0745	0.0718	0.0756	0.0762	0.0654	0.0574	0.0627	0.0568	0.0448	0.0478	0.0484	0.0539	0.0481	0.0401	0.0395	0.0305	0.0309
0.0000	0.0000	0.0000	0.0000	0.0063	0.0077	0.0007	0.0154	0.0000	0.0043	0.0123	0.0383	0.0387	0.0184	0.0302	0.0323	0.0349	0.0305	0.0274	0.0354	0.0351	0.0330	0.0457	0.0452	0.0563	0.0480	0.0494	0.0529	0.0560	0.0584	0.0603	0.0585	0.0633	0.0684	0.0718	0.0714	0.0603	0.0682	0.0740	0.0727	0.0679	0.0730	0.0737	0.0737	0.0698	0.0708	0.0631	0.0686	0.0748	0.0640	0.0593	0.0608	0.0767	0.0720	0.0640	0.0656	0.0582	0.0494	0.0499	0.0490	0.0474	0.0481	0.0476	0.0507	0.0427	0.0415	0.0338	0.0309	0.0276
0.0000	0.0000	0.0000	0.0000	0.0000	0.0000	0.0017	0.0000	0.0000	0.0216	0.0396	0.0259	0.0185	0.0097	0.0290	0.0185	0.0286	0.0327	0.0268	0.0361	0.0538	0.0435	0.0289	0.0385	0.0451	0.0497	0.0505	0.0579	0.0699	0.0675	0.0700	0.0631	0.0817	0.0672	0.0722	0.0776	0.0623	0.0684	0.0735	0.0760	0.0848	0.0820	0.0824	0.0798	0.0728	0.0624	0.0634	0.0696	0.0589	0.0625	0.0700	0.0736	0.0790	0.0678	0.0757	0.0759	0.0577	0.0555	0.0521	0.0526	0.0612	0.0531	0.0439	0.0429	0.0439	0.0352	0.0417	0.0424	0.0268
