0.0000	0.0000	0.0000	0.0005	0.0000	0.0000	0.0056	0.0174	0.0218	0.0131	0.0109	0.0210	0.0210	0.0272	0.0297	0.0473	0.0402	0.0365	0.0445	0.0525	0.0495	0.0517	0.0365	0.0472	0.0862	0.0828	0.0734	0.0528	0.0691	0.0800	0.0762	0.0845	0.0784	0.0759	0.0851	0.0784	0.0735	0.0732	0.0787	0.0683	0.0815	0.0812	0.0681	0.0672	0.0642	0.0664	0.0760	0.0745	0.0641	0.0698	0.0599	0.0488	0.0487	0.0620	0.0610	0.0646	0.0562	0.0535	0.0525	0.0647	0.0602	0.0440	0.0451	0.0420	0.0465	0.0505	0.0470	0.0441	0.0469
0.0000	0.0000	0.0000	0.0089	0.0000	0.0000	0.0062	0.0255	0.0270	0.0161	0.0117	0.0276	0.0246	0.0260	0.0321	0.0432	0.0418	0.0461	0.0469	0.0403	0.0526	0.0760	0.0613	0.0559	0.0859	0.0753	0.0790	0.0770	0.0762	0.0905	0.0938	0.0853	0.0851	0.0896	0.0946	0.0833	0.0853	0.0985	0.0986	0.0745	0.0892	0.0994	0.0879	0.0778	0.0650	0.0687	0.0703	0.0798	0.0789	0.0850	0.0650	0.0519	0.0521	0.0688	0.0605	0.0629	0.0662	0.0734	0.0548	0.0665	0.0655	0.0576	0.0470	0.0596	0.0586	0.0515	0.0538	0.0509	0.0405
0.0000	0.0000	0.0038	0.0132	0.0000	0.0000	0.0041	0.0278	0.0229	0.0219	0.0312	0.0354	0.0485	0.0411	0.0395	0.0524	0.0367	0.0534	0.0658	0.0630	0.0760	0.0876	0.0780	0.0614	0.0745	0.0741	0.0932	0.0769	0.0890	0.1015	0.1021	0.0875	0.0911	0.0944	0.0942	0.0838	0.0907	0.1036	0.1158	0.0869	0.0979	0.1016	0.0974	0.0851	0.0826	0.0886	0.1005	0.0777	0.0792	0.0849	0.0726	0.0777	0.0732	0.0826	0.0734	0.0737	0.0786	0.0739	0.0578	0.0796	0.0768	0.0776	0.0698	0.0679	0.0655	0.0615	0.0651	0.0663	0.0674
0.0000	0.0035	0.0030	0.0104	0.0175	0.0053	0.0282	0.0392	0.0176	0.0266	0.0415	0.0364	0.0593	0.0459	0.0525	0.0655	0.0519	0.0688	0.0629	0.0693	0.0895	0.0787	0.0714	0.0676	0.0842	0.0787	0.0909	0.0769	0.0804	0.0977	0.0985	0.0855	0.0998	0.0939	0.0944	0.1021	0.0999	0.0919	0.1005	0.0929	0.0917	0.1019	0.0893	0.0961	0.1024	0.0921	0.0887	0.0840	0.0785	0.0827	0.0788	0.0757	0.0681	0.0866	0.0790	0.0731	0.0749	0.0798	0.0623	0.0625	0.0800	0.0774	0.0847	0.0718	0.0724	0.0690	0.0769	0.0744	0.0827
0.0000	0.0008	0.0077	0.0113	0.0105	0.0088	0.0109	0.0297	0.0275	0.0511	0.0488	0.0449	0.0675	0.0531	0.0635	0.0581	0.0634	0.0667	0.0648	0.0717	0.0755	0.0712	0.0655	0.0932	0.0915	0.0904	0.0877	0.0878	0.0908	0.0993	0.0977	0.0862	0.1066	0.1077	0.1140	0.1076	0.1014	0.0887	0.1002	0.0918	0.1011	0.0886	0.0995	0.1031	0.1101	0.1013	0.0793	0.0826	0.0809	0.0856	0.0795	0.0806	0.0918	0.0850	0.0788	0.0783	0.0793	0.0803	0.0780	0.0821	0.0847	0.0774	0.0780	0.0870	0.0948	0.0908	0.1193	0.1358	0.1416
0.0000	0.0000	0.0078	0.0289	0.0143	0.0198	0.0247	0.0404	0.0472	0.0540	0.0493	0.0510	0.0662	0.0556	0.0604	0.0655	0.0664	0.0472	0.0499	0.0829	0.0776	0.0741	0.0724	0.0849	0.0952	0.0896	0.0962	0.0894	0.0941	0.1077	0.0950	0.0915	0.1062	0.1147	0.1118	0.1005	0.0968	0.0950	0.1037	0.1021	0.0992	0.0939	0.1082	0.0996	0.1114	0.0976	0.0851	0.0899	0.0964	0.0898	0.0871	0.0850	0.1060	0.0979	0.0863	0.0987	0.0948	0.0963	0.1058	0.1116	0.1075	0.1015	0.1278	0.1363	0.1312	0.1382	0.2301	0.2983	0.2421
0.0000	0.0073	0.0159	0.0188	0.0144	0.0288	0.0252	0.0486	0.0534	0.0428	0.0562	0.0632	0.0617	0.0602	0.0629	0.0753	0.0675	0.0759	0.0634	0.0890	0.1003	0.1043	0.0806	0.0660	0.0995	0.1080	0.1050	0.1079	0.1217	0.1116	0.1012	0.0951	0.1111	0.1239	0.1169	0.1112	0.1068	0.1102	0.1313	0.1114	0.1005	0.1116	0.1279	0.1109	0.1189	0.1052	0.0885	0.1111	0.0862	0.0829	0.0980	0.1072	0.1260	0.1312	0.1204	0.1221	0.1352	0.1277	0.1361	0.1489	0.1368	0.1562	0.1580	0.1850	0.1718	0.1817	0.2900	0.3177	0.2748
0.0044	0.0075	0.0194	0.0188	0.0229	0.0251	0.0212	0.0428	0.0428	0.0480	0.0471	0.0680	0.0517	0.0664	0.0766	0.0800	0.0823	0.1032	0.1008	0.0920	0.0997	0.1153	0.1060	0.0970	0.1197	0.1472	0.1006	0.0996	0.1298	0.1246	0.1124	0.1088	0.1214	0.1566	0.1184	0.0937	0.1195	0.1331	0.1294	0.1413	0.1255	0.1321	0.1344	0.1126	0.1077	0.1131	0.1111	0.1159	0.1034	0.1170	0.1111	0.1150	0.1171	0.1156	0.1330	0.1616	0.1543	0.1467	0.1535	0.1616	0.1722	0.1802	0.1890	0.2234	0.2128	0.2282	0.3363	0.3108	0.2922
0.0315	0.0018	0.0174	0.0319	0.0200	0.0291	0.0467	0.0464	0.0545	0.0409	0.0532	0.0863	0.0767	0.0875	0.0820	0.0815	0.0857	0.0860	0.0976	0.1074	0.0997	0.1134	0.1035	0.1145	0.1360	0.1199	0.1099	0.1074	0.1293	0.1347	0.1325	0.1100	0.1303	0.1293	0.1128	0.1118	0.1300	0.1430	0.1240	0.1395	0.1231	0.1245	0.1521	0.1302	0.1407	0.1328	0.1404	0.1350	0.1399	0.1449	0.1388	0.1458	0.1590	0.1786	0.1845	0.1910	0.1726	0.1781	0.1758	0.1918	0.2070	0.2003	0.2007	0.2322	0.2246	0.2538	0.3474	0.3771	0.3159
0.0038	0.0159	0.0210	0.0379	0.0350	0.0602	0.0566	0.0526	0.0539	0.0751	0.0710	0.0772	0.0882	0.0798	0.0843	0.0815	0.0908	0.1039	0.0983	0.1201	0.1373	0.1210	0.1157	0.1299	0.1379	0.1342	0.1346	0.1433	0.1268	0.1324	0.1295	0.1207	0.1338	0.1496	0.1362	0.1386	0.1677	0.1682	0.1575	0.1497	0.1510	0.1551	0.1567	0.1618	0.1809	0.1775	0.1918	0.1635	0.1679	0.1698	0.1636	0.1660	0.1798	0.2063	0.2016	0.1975	0.2048	0.1968	0.2075	0.2103	0.2373	0.2384	0.2283	0.2658	0.2631	0.2561	0.3278	0.4169	0.3334
0.0103	0.0213	0.0343	0.0287	0.0512	0.0504	0.0348	0.0562	0.0578	0.0668	0.0756	0.0745	0.0760	0.0891	0.0798	0.0980	0.1319	0.1190	0.1130	0.1271	0.1569	0.1367	0.1513	0.1388	0.1479	0.1584	0.1335	0.1515	0.1521	0.1475	0.1359	0.1341	0.1431	0.1772	0.1595	0.1380	0.1658	0.1848	0.1909	0.1683	0.1923	0.1933	0.1918	0.1923	0.1888	0.2030	0.2074	0.1975	0.1897	0.1996	0.2009	0.2081	0.1945	0.2156	0.2122	0.2090	0.2401	0.2288	0.2343	0.2570	0.2343	0.2247	0.2380	0.2810	0.2952	0.2807	0.3002	0.3529	0.3547
0.0086	0.0374	0.0362	0.0465	0.0399	0.0387	0.0516	0.0701	0.0781	0.0631	0.0860	0.0826	0.0778	0.1107	0.1080	0.1139	0.1406	0.1195	0.1550	0.1578	0.1661	0.1709	0.1625	0.2069	0.2139	0.1943	0.2017	0.1768	0.1947	0.1717	0.1723	0.1898	0.1790	0.1850	0.1839	0.1664	0.1979	0.2149	0.2242	0.2291	0.2142	0.2132	0.2380	0.2370	0.2260	0.2184	0.2127	0.2167	0.2132	0.2224	0.2220	0.2385	0.2367	0.2534	0.2390	0.2417	0.2809	0.2788	0.2651	0.2739	0.2824	0.2519	0.2605	0.2945	0.3082	0.3097	0.3173	0.3148	0.3444
0.0129	0.0357	0.0455	0.0497	0.0435	0.0507	0.0638	0.0774	0.0653	0.0734	0.1104	0.1097	0.1281	0.1149	0.1149	0.1446	0.1416	0.1539	0.1675	0.1951	0.2192	0.2617	0.3012	0.3784	0.3454	0.3298	0.3358	0.2805	0.2709	0.2527	0.2267	0.2302	0.2459	0.2597	0.2530	0.2415	0.2630	0.2904	0.2650	0.3283	0.3026	0.2587	0.3045	0.2626	0.2475	0.2475	0.2366	0.2356	0.2605	0.2460	0.2303	0.2655	0.2728	0.2972	0.2687	0.2761	0.2974	0.2879	0.2966	0.3010	0.3048	0.3181	0.3255	0.3554	0.4061	0.4246	0.4054	0.3804	0.3451
0.0331	0.0247	0.0514	0.0384	0.0427	0.0350	0.0748	0.0965	0.0810	0.0721	0.1034	0.1323	0.1503	0.1384	0.1522	0.1718	0.2076	0.2393	0.2949	0.3329	0.4232	0.5418	0.6183	0.6218	0.6362	0.6338	0.6233	0.5820	0.5074	0.4549	0.3413	0.3211	0.3596	0.3962	0.3142	0.3197	0.3369	0.3861	0.3899	0.5594	0.5302	0.4034	0.3911	0.3180	0.3074	0.2658	0.2692	0.2429	0.2445	0.2434	0.2614	0.2923	0.2978	0.2941	0.2969	0.3093	0.3156	0.3306	0.3251	0.3221	0.3385	0.3479	0.3805	0.4158	0.4442	0.4275	0.3976	0.3592	0.3404
0.0182	0.0376	0.0632	0.0576	0.0566	0.0705	0.0876	0.1133	0.1186	0.1156	0.1345	0.1539	0.1893	0.2042	0.2761	0.3121	0.4372	0.5523	0.6104	0.6119	0.6359	0.7108	0.7189	0.6968	0.6654	0.6809	0.6835	0.7358	0.6728	0.7253	0.5832	0.5496	0.6489	0.7116	0.5558	0.4871	0.5689	0.6635	0.6673	0.7380	0.7455	0.6844	0.6294	0.4515	0.3734	0.3250	0.2750	0.2761	0.2904	0.2900	0.3035	0.3019	0.2973	0.2844	0.3144	0.3254	0.3647	0.4079	0.3795	0.4410	0.4811	0.4575	0.4889	0.4427	0.4496	0.3882	0.3554	0.3262	0.3359
0.0207	0.0495	0.0557	0.0705	0.0813	0.0994	0.0979	0.1393	0.1607	0.1713	0.1891	0.2294	0.2756	0.3470	0.5321	0.6453	0.7732	0.7320	0.7004	0.6881	0.6431	0.6526	0.6113	0.6240	0.6360	0.6660	0.6721	0.6799	0.7415	0.7442	0.7995	0.8827	0.9022	0.9248	0.8876	0.8258	0.8538	0.8403	0.7917	0.7721	0.7850	0.7326	0.7509	0.7284	0.5625	0.4552	0.3167	0.3069	0.3315	0.3342	0.3296	0.3493	0.3431	0.3142	0.3492	0.3975	0.4541	0.5863	0.4860	0.5670	0.5903	0.4738	0.5195	0.4988	0.4102	0.3485	0.3285	0.3300	0.3094
0.0620	0.0767	0.0749	0.0998	0.1351	0.1475	0.1696	0.2153	0.2478	0.3016	0.3677	0.4303	0.5336	0.6272	0.6942	0.7083	0.7023	0.6724	0.6222	0.6653	0.6237	0.6066	0.5669	0.5935	0.6213	0.6223	0.6854	0.6857	0.6917	0.7365	0.8152	0.8843	0.9333	0.8996	0.9365	0.8451	0.8482	0.8200	0.8262	0.7047	0.7223	0.7335	0.7976	0.7555	0.7120	0.5837	0.3851	0.3630	0.3547	0.3719	0.3884	0.4581	0.5056	0.4411	0.4215	0.4555	0.5509	0.6361	0.5647	0.5937	0.5299	0.4617	0.4462	0.4308	0.3889	0.3105	0.3053	0.3055	0.2934
0.0773	0.1217	0.1484	0.1869	0.2275	0.2931	0.3673	0.5247	0.5894	0.5215	0.6705	0.6791	0.6921	0.6236	0.6523	0.6466	0.6303	0.6323	0.5958	0.6139	0.6600	0.6178	0.5890	0.5908	0.5934	0.5671	0.6646	0.6982	0.6511	0.7340	0.7722	0.8337	0.8294	0.8563	0.8501	0.8308	0.8161	0.7979	0.8094	0.7546	0.6856	0.7036	0.7744	0.7511	0.7337	0.6326	0.4640	0.4134	0.4559	0.4382	0.4608	0.6481	0.7276	0.5897	0.4810	0.4579	0.5556	0.6308	0.6209	0.5645	0.5315	0.4810	0.4199	0.4186	0.3654	0.2986	0.3033	0.3260	0.3158
0.1091	0.2018	0.2955	0.4439	0.5201	0.6095	0.6589	0.7176	0.7394	0.6562	0.6101	0.6141	0.6402	0.5766	0.5555	0.5642	0.5963	0.5983	0.6124	0.6086	0.6149	0.6557	0.6307	0.6184	0.6426	0.6088	0.6593	0.6517	0.6920	0.7693	0.7429	0.7802	0.8282	0.8775	0.8510	0.8137	0.7701	0.7407	0.7442	0.7755	0.7131	0.7054	0.7960	0.7779	0.7955	0.7585	0.5865	0.4965	0.5957	0.6322	0.5422	0.7160	0.7867	0.7444	0.6682	0.5673	0.5286	0.5824	0.5514	0.4842	0.4814	0.4163	0.4124	0.3766	0.3401	0.3197	0.3228	0.3199	0.3327
0.1938	0.3385	0.4213	0.4987	0.5799	0.6324	0.5921	0.5658	0.5926	0.5596	0.5098	0.4858	0.5457	0.4986	0.5156	0.5417	0.5878	0.6271	0.5790	0.6048	0.6191	0.6500	0.6677	0.6311	0.6325	0.6199	0.6989	0.6830	0.7039	0.7419	0.7639	0.7713	0.8090	0.8103	0.7995	0.7932	0.7449	0.7311	0.7173	0.7188	0.7208	0.7079	0.7693	0.7893	0.8413	0.7968	0.7142	0.6744	0.7879	0.6745	0.4954	0.6868	0.7463	0.7959	0.7778	0.6322	0.5724	0.5501	0.4999	0.4458	0.4225	0.4100	0.4218	0.3927	0.3647	0.3524	0.3539	0.3246	0.3105
0.2061	0.3172	0.3390	0.3695	0.4208	0.4575	0.4556	0.4177	0.4278	0.4429	0.4540	0.4623	0.4986	0.4690	0.4777	0.5230	0.5720	0.6115	0.5735	0.5883	0.6393	0.6035	0.6099	0.6175	0.5962	0.6090	0.6155	0.6620	0.6819	0.6877	0.7346	0.7717	0.7576	0.7854	0.7693	0.7600	0.7400	0.7418	0.7058	0.7445	0.7369	0.7301	0.7701	0.8058	0.7969	0.8109	0.8073	0.7686	0.7788	0.6816	0.5810	0.7344	0.6934	0.7385	0.7021	0.6034	0.5592	0.4939	0.4630	0.4198	0.4415	0.4362	0.4155	0.3866	0.3860	0.3509	0.3306	0.3198	0.3109
0.2097	0.2620	0.2790	0.2852	0.2959	0.3236	0.3573	0.3869	0.3700	0.3933	0.4089	0.4579	0.4460	0.4802	0.4821	0.5370	0.6050	0.5907	0.5917	0.5925	0.6079	0.6156	0.6278	0.5990	0.5892	0.5660	0.5942	0.6035	0.6475	0.7006	0.6803	0.7106	0.7314	0.7464	0.7358	0.7214	0.6813	0.7153	0.6966	0.7521	0.8012	0.7550	0.7598	0.7923	0.7794	0.7694	0.7485	0.7323	0.7154	0.7241	0.7435	0.7474	0.6564	0.6537	0.6347	0.6192	0.5290	0.5148	0.4793	0.4268	0.4532	0.3939	0.4003	0.3698	0.3560	0.3609	0.3241	0.3332	0.2979
0.2220	0.2631	0.2828	0.2812	0.3046	0.3366	0.3470	0.3349	0.3485	0.3745	0.4248	0.4381	0.4457	0.4639	0.5053	0.5513	0.6128	0.6122	0.5844	0.5539	0.6269	0.6881	0.6224	0.6106	0.6045	0.5665	0.6058	0.6653	0.6624	0.6952	0.6564	0.6699	0.7248	0.7448	0.7004	0.6895	0.7099	0.7359	0.7029	0.7159	0.7313	0.6891	0.6937	0.7382	0.7866	0.7076	0.7239	0.7444	0.6924	0.6767	0.7071	0.6977	0.6558	0.6084	0.5647	0.5587	0.5408	0.5199	0.4577	0.4624	0.4274	0.4300	0.4134	0.3878	0.3477	0.3491	0.3184	0.2986	0.2858
0.2206	0.2395	0.2633	0.3066	0.3379	0.3463	0.3798	0.3292	0.3333	0.3640	0.3847	0.4087	0.4319	0.4708	0.4994	0.5478	0.5859	0.6462	0.6239	0.5909	0.6289	0.6684	0.6170	0.6009	0.6628	0.5858	0.6146	0.6738	0.6363	0.6499	0.6773	0.6965	0.7131	0.7025	0.7071	0.6727	0.6808	0.7113	0.6547	0.6665	0.6748	0.7086	0.7044	0.7187	0.7489	0.7243	0.7669	0.7174	0.6855	0.6333	0.6238	0.6234	0.6313	0.5743	0.5378	0.5205	0.5324	0.5203	0.5003	0.4741	0.4520	0.4505	0.4077	0.3789	0.3546	0.3303	0.3264	0.3013	0.2858
0.2325	0.2755	0.2696	0.2976	0.3070	0.3311	0.3735	0.3649	0.3577	0.3593	0.3842	0.4033	0.4519	0.4705	0.4779	0.5255	0.5560	0.5961	0.5754	0.5954	0.5966	0.6254	0.6161	0.6668	0.6397	0.6180	0.6095	0.6377	0.6613	0.6534	0.6581	0.6953	0.6869	0.6931	0.6883	0.6757	0.7222	0.6796	0.6799	0.6801	0.6826	0.7119	0.7015	0.6449	0.6847	0.6733	0.6772	0.6475	0.6604	0.6558	0.6132	0.5774	0.5831	0.5472	0.5682	0.5551	0.5281	0.5169	0.4881	0.5015	0.4773	0.4501	0.4251	0.3876	0.3744	0.3426	0.3101	0.3068	0.2949
0.2488	0.2775	0.2996	0.3391	0.3233	0.3237	0.3496	0.3783	0.3819	0.3473	0.4182	0.4293	0.4827	0.4770	0.4907	0.5351	0.5678	0.5749	0.5711	0.6038	0.6244	0.5870	0.6054	0.6305	0.6082	0.6086	0.6251	0.6447	0.6252	0.6306	0.6693	0.6675	0.6848	0.6661	0.6759	0.6739	0.6773	0.6640	0.6981	0.6907	0.6833	0.6943	0.6518	0.6142	0.6733	0.6543	0.6594	0.6413	0.6921	0.6745	0.6101	0.6219	0.5723	0.5355	0.5541	0.5579	0.5577	0.5295	0.4970	0.4688	0.4678	0.4495	0.4220	0.4172	0.3776	0.3650	0.3226	0.3264	0.3019
0.2752	0.3040	0.3467	0.3321	0.3396	0.3548	0.3534	0.3676	0.3529	0.3561	0.4010	0.4562	0.5021	0.4914	0.4893	0.5473	0.5503	0.5602	0.6238	0.5984	0.6136	0.5692	0.5806	0.6103	0.5717	0.5907	0.5904	0.6037	0.5668	0.6494	0.6494	0.6737	0.6641	0.6711	0.6557	0.6488	0.6641	0.6771	0.6769	0.6998	0.7025	0.6311	0.6526	0.6365	0.6735	0.6296	0.6078	0.6157	0.6350	0.6097	0.5837	0.5923	0.5666	0.5675	0.5546	0.5441	0.5061	0.5152	0.4935	0.5064	0.4770	0.4453	0.4518	0.4107	0.3866	0.3558	0.3226	0.3452	0.3177
0.2667	0.2901	0.3084	0.3404	0.3647	0.3304	0.3238	0.3230	0.3339	0.3853	0.4077	0.4310	0.4898	0.5124	0.4839	0.5123	0.5341	0.5260	0.5860	0.6004	0.5698	0.5780	0.5979	0.6117	0.5993	0.5930	0.5628	0.5942	0.6047	0.6045	0.6491	0.6691	0.6449	0.6560	0.6459	0.6375	0.6413	0.6475	0.6692	0.6553	0.6890	0.6694	0.6493	0.5969	0.6375	0.5794	0.6059	0.6313	0.6113	0.5608	0.5794	0.5896	0.6138	0.5785	0.5603	0.5222	0.5182	0.5054	0.5102	0.5565	0.5080	0.4773	0.4418	0.3916	0.3992	0.3765	0.3368	0.3370	0.3201
0.2466	0.2798	0.2974	0.3202	0.3462	0.3448	0.3435	0.3403	0.3405	0.3605	0.4093	0.4625	0.4420	0.5067	0.5250	0.5480	0.5380	0.5652	0.5989	0.6122	0.6055	0.6047	0.6205	0.6439	0.6140	0.5859	0.6169	0.6367	0.6539	0.6163	0.6467	0.6475	0.6610	0.6263	0.6133	0.6170	0.6210	0.6549	0.6418	0.6202	0.6497	0.6674	0.6651	0.5839	0.6012	0.5756	0.6037	0.5827	0.5865	0.5811	0.5587	0.5371	0.5602	0.5730	0.5563	0.5426	0.5269	0.5121	0.4893	0.4925	0.4877	0.4714	0.4440	0.4330	0.4231	0.3728	0.3429	0.3295	0.3232
0.2878	0.3035	0.3305	0.3596	0.3521	0.3406	0.3707	0.3455	0.3580	0.3686	0.4153	0.4929	0.4810	0.4779	0.4852	0.5566	0.5545	0.5747	0.5963	0.6083	0.6071	0.5976	0.5848	0.6310	0.5694	0.5773	0.5929	0.6487	0.6156	0.6263	0.6175	0.6101	0.6769	0.6388	0.5929	0.6050	0.6605	0.6397	0.6326	0.6112	0.6414	0.6790	0.6360	0.6093	0.5995	0.5957	0.5805	0.5656	0.5667	0.5913	0.5727	0.5534	0.5566	0.5696	0.5628	0.5524	0.5025	0.5136	0.4817	0.4888	0.4943	0.4814	0.4648	0.4547	0.4087	0.3654	0.3516	0.3831	0.3665
0.2423	0.2860	0.3440	0.3539	0.3423	0.3289	0.3503	0.3606	0.4182	0.3980	0.4202	0.4655	0.4898	0.5187	0.4921	0.5409	0.5548	0.5634	0.5620	0.6108	0.5740	0.6122	0.5699	0.5971	0.5865	0.5793	0.5398	0.6001	0.6084	0.6061	0.6142	0.6278	0.6481	0.6321	0.6269	0.6432	0.6575	0.6140	0.6141	0.6317	0.6035	0.6493	0.5983	0.5891	0.5665	0.5533	0.5669	0.5637	0.5928	0.6024	0.5735	0.5717	0.5910	0.5942	0.5525	0.5615	0.5580	0.5325	0.5134	0.5038	0.4968	0.5018	0.4534	0.4569	0.4263	0.3614	0.3744	0.3621	0.3296
0.2383	0.2720	0.2936	0.3040	0.3213	0.3361	0.3841	0.3776	0.4135	0.4254	0.4267	0.4709	0.4976	0.4908	0.4847	0.5323	0.5809	0.6009	0.5628	0.5697	0.6029	0.6008	0.6067	0.6395	0.6346	0.5979	0.5756	0.6019	0.6053	0.6138	0.6319	0.6302	0.6219	0.6346	0.6801	0.6333	0.5994	0.6099	0.6069	0.5929	0.5878	0.6088	0.6371	0.5756	0.5927	0.5900	0.5628	0.5936	0.5651	0.5826	0.5898	0.5702	0.5968	0.6121	0.5911	0.5731	0.5909	0.5724	0.5547	0.5019	0.5346	0.5179	0.5143	0.4992	0.4264	0.4038	0.4062	0.3808	0.3304
0.2416	0.2860	0.2840	0.3236	0.3424	0.3648	0.4092	0.3876	0.3956	0.4495	0.4337	0.4927	0.5025	0.4849	0.5299	0.5618	0.6058	0.6067	0.5918	0.6014	0.6265	0.6429	0.6307	0.6858	0.6654	0.6477	0.6374	0.6522	0.6176	0.6266	0.6544	0.6461	0.6392	0.6533	0.6828	0.6491	0.6566	0.6349	0.6282	0.5910	0.6275	0.6336	0.6183	0.6026	0.5913	0.5800	0.6010	0.5881	0.6034	0.5993	0.5670	0.5811	0.6163	0.6030	0.5840	0.5583	0.5567	0.5871	0.5173	0.5286	0.5154	0.5253	0.5206	0.4825	0.4330	0.4180	0.4053	0.3654	0.3521
0.1972	0.2633	0.3013	0.3351	0.3085	0.3242	0.3978	0.4217	0.4177	0.4742	0.4826	0.4779	0.5184	0.5518	0.5347	0.5723	0.5690	0.6146	0.5818	0.6328	0.6352	0.6398	0.6543	0.6414	0.6475	0.6773	0.6713	0.6862	0.6515	0.6638	0.6950	0.7077	0.7001	0.7147	0.6906	0.6940	0.6714	0.6719	0.6596	0.6259	0.6034	0.6323	0.6162	0.5961	0.5565	0.5878	0.6293	0.5998	0.6491	0.7259	0.6537	0.5876	0.5780	0.5708	0.5630	0.5653	0.5731	0.5760	0.5739	0.5788	0.5651	0.5458	0.4830	0.4802	0.4410	0.4169	0.4083	0.3783	0.3715
0.1943	0.2289	0.2597	0.2853	0.3237	0.3438	0.3704	0.3998	0.4527	0.4957	0.4832	0.4935	0.5130	0.5570	0.5501	0.5748	0.5900	0.6075	0.5828	0.6284	0.6457	0.6666	0.6468	0.6768	0.6987	0.6447	0.6574	0.6652	0.6357	0.6995	0.7012	0.7146	0.7405	0.7186	0.7343	0.7303	0.7084	0.6938	0.7376	0.6380	0.6267	0.6419	0.6712	0.6254	0.5846	0.6332	0.6378	0.6649	0.6744	0.7996	0.7826	0.6993	0.6509	0.6362	0.6022	0.6031	0.6024	0.6351	0.6200	0.6213	0.5730	0.5279	0.5163	0.5012	0.4874	0.4198	0.4263	0.4059	0.3811
0.2021	0.2232	0.2868	0.2997	0.3226	0.3412	0.3949	0.4177	0.4246	0.4820	0.5273	0.5063	0.5224	0.5656	0.5049	0.5429	0.5532	0.5880	0.5848	0.6551	0.6490	0.6566	0.6488	0.6886	0.6751	0.6506	0.6480	0.6911	0.7158	0.7280	0.7557	0.7108	0.7701	0.7912	0.7744	0.7815	0.7529	0.6965	0.6761	0.6729	0.7177	0.6905	0.7315	0.7279	0.7039	0.6939	0.7643	0.7748	0.7993	0.8588	0.8205	0.7960	0.7348	0.7009	0.6643	0.6532	0.6175	0.6613	0.6278	0.6098	0.5951	0.5793	0.5583	0.5349	0.4587	0.4249	0.4324	0.4076	0.4059
0.1860	0.2111	0.2790	0.3126	0.3617	0.3847	0.4238	0.4436	0.4666	0.5090	0.5113	0.5441	0.5554	0.5766	0.5148	0.5563	0.5393	0.5793	0.5890	0.6180	0.6757	0.6883	0.6261	0.6541	0.6068	0.6440	0.6572	0.6891	0.7350	0.7670	0.7724	0.7898	0.7987	0.8235	0.8100	0.7856	0.7900	0.7808	0.7233	0.7049	0.7526	0.7890	0.7503	0.7746	0.7856	0.7533	0.8065	0.8300	0.9072	0.9563	0.7656	0.7343	0.8410	0.8012	0.7294	0.7050	0.7006	0.6943	0.6560	0.6107	0.5926	0.5763	0.5537	0.5122	0.4585	0.4425	0.4471	0.4198	0.4325
0.2344	0.2601	0.2926	0.3595	0.3978	0.4267	0.5069	0.5375	0.5219	0.5170	0.5486	0.5608	0.5635	0.5419	0.5766	0.5716	0.5927	0.6460	0.6390	0.6274	0.6295	0.6657	0.6659	0.6617	0.6648	0.6967	0.6964	0.7310	0.7755	0.7473	0.8342	0.8613	0.8229	0.8568	0.8919	0.8180	0.7889	0.8032	0.8137	0.7778	0.7955	0.7617	0.7890	0.7965	0.8277	0.8199	0.8803	0.9064	0.9471	0.9860	0.7816	0.8245	0.9647	0.9215	0.8386	0.7402	0.7543	0.7602	0.7150	0.6579	0.6368	0.5826	0.5731	0.5471	0.5008	0.4654	0.4722	0.4292	0.4556
0.2330	0.3588	0.4159	0.5007	0.4958	0.5518	0.6398	0.6092	0.5742	0.6358	0.6405	0.6820	0.6307	0.6175	0.6381	0.6391	0.6983	0.6888	0.6603	0.6413	0.6272	0.6806	0.7202	0.6732	0.7238	0.7074	0.7523	0.7392	0.7685	0.7925	0.8597	0.9233	0.8752	0.8757	0.9147	0.8660	0.8586	0.8748	0.8558	0.8092	0.8035	0.8075	0.8526	0.8398	0.8390	0.8386	0.8961	0.9184	0.9631	0.9402	0.6633	0.7983	0.9977	0.9482	0.8578	0.7803	0.8101	0.8022	0.7148	0.7286	0.6867	0.6354	0.6000	0.5878	0.5541	0.5252	0.4594	0.4322	0.4577
0.1380	0.2768	0.4186	0.5924	0.6682	0.7413	0.8012	0.7659	0.7531	0.7977	0.7534	0.7642	0.7239	0.7157	0.7413	0.7549	0.7815	0.7794	0.7307	0.7030	0.6800	0.7142	0.7180	0.7078	0.6857	0.7004	0.6861	0.7374	0.8094	0.8442	0.9055	0.8586	0.8599	0.9129	0.8852	0.9009	0.9051	0.8614	0.8514	0.8186	0.8202	0.8439	0.8919	0.8720	0.8787	0.9088	0.8594	0.7082	0.9182	0.9723	0.6198	0.5439	0.7595	0.8668	0.8120	0.6807	0.8534	0.8609	0.8255	0.7767	0.7373	0.6957	0.6383	0.6180	0.5838	0.5456	0.5293	0.4861	0.4511
0.0601	0.1216	0.1836	0.2628	0.3774	0.4486	0.5403	0.6346	0.6896	0.7373	0.7311	0.7919	0.8023	0.8289	0.8494	0.8645	0.8628	0.8714	0.8386	0.8264	0.7590	0.7424	0.7296	0.7171	0.7065	0.6955	0.6802	0.7299	0.8781	0.9145	0.9285	0.9214	0.8986	0.9162	0.8993	0.9054	0.9344	0.9120	0.8675	0.8223	0.8877	0.8284	0.8728	0.8053	0.8026	0.7780	0.5827	0.3999	0.5379	0.6673	0.4339	0.3632	0.4118	0.5411	0.5559	0.5317	0.7618	0.7506	0.6927	0.7648	0.8181	0.7479	0.6893	0.6592	0.6410	0.5793	0.5516	0.5062	0.4550
0.0351	0.0501	0.1037	0.1119	0.1378	0.1622	0.2141	0.2808	0.3319	0.3610	0.4170	0.4961	0.6597	0.7668	0.8916	0.9093	0.8920	0.9121	0.8762	0.8979	0.8865	0.7651	0.7875	0.8051	0.7990	0.7244	0.7371	0.7857	0.8551	0.9103	0.9548	0.9661	0.9670	0.9805	0.9939	0.9873	0.9530	0.9515	0.9633	0.9129	0.9085	0.8584	0.8374	0.7656	0.7806	0.7375	0.5125	0.2927	0.2853	0.2965	0.3035	0.2967	0.3019	0.3152	0.3515	0.3790	0.4317	0.4633	0.5009	0.7770	0.7618	0.6595	0.7316	0.7037	0.6379	0.6047	0.5634	0.4860	0.4725
0.0189	0.0235	0.0529	0.0703	0.0710	0.1010	0.1074	0.1205	0.1394	0.1885	0.2121	0.2415	0.3175	0.4202	0.6094	0.7906	0.8591	0.9245	0.9526	0.9283	0.8999	0.8650	0.8717	0.8544	0.8453	0.7665	0.7538	0.7908	0.8764	0.8807	0.8610	0.8289	0.8735	0.9516	0.9401	0.8802	0.8887	1.0000	0.9444	0.9158	0.9167	0.9044	0.8994	0.7974	0.8034	0.8132	0.5189	0.2607	0.2625	0.2619	0.2592	0.2677	0.2788	0.2901	0.3070	0.3232	0.3480	0.3726	0.4087	0.5694	0.5774	0.5812	0.7257	0.6603	0.6165	0.6205	0.6020	0.5077	0.4865
0.0147	0.0083	0.0403	0.0500	0.0606	0.0769	0.0971	0.0809	0.1057	0.1247	0.1196	0.1497	0.1707	0.2134	0.2910	0.4579	0.7017	0.7481	0.7543	0.7775	0.7932	0.7336	0.8305	0.8606	0.7782	0.7245	0.7073	0.7271	0.6622	0.4875	0.3959	0.4061	0.3793	0.4254	0.4869	0.4974	0.5409	0.8265	0.9690	0.7458	0.5268	0.7700	0.9334	0.6345	0.6374	0.7852	0.4379	0.2331	0.2418	0.2365	0.2400	0.2523	0.2458	0.2649	0.2828	0.3085	0.3253	0.3297	0.3394	0.3954	0.4212	0.5134	0.6365	0.6175	0.6216	0.6144	0.5935	0.5402	0.4961
0.0088	0.0220	0.0483	0.0452	0.0570	0.0590	0.0772	0.0772	0.0822	0.0970	0.1133	0.1070	0.1292	0.1268	0.1485	0.2063	0.2845	0.2852	0.3050	0.3320	0.4393	0.4094	0.4051	0.4990	0.5679	0.5553	0.5083	0.3865	0.3215	0.2511	0.2119	0.2212	0.2034	0.2160	0.2388	0.2512	0.3059	0.5889	0.6498	0.3784	0.2805	0.6179	0.7778	0.4275	0.3029	0.3825	0.2513	0.2186	0.2075	0.2145	0.2390	0.2283	0.2353	0.2442	0.2741	0.2803	0.2875	0.3171	0.3446	0.4016	0.4758	0.6362	0.7274	0.6937	0.6402	0.6171	0.6021	0.5435	0.5089
0.0149	0.0436	0.0523	0.0407	0.0492	0.0469	0.0573	0.0696	0.0653	0.0613	0.0751	0.0955	0.1072	0.1160	0.1104	0.1298	0.1417	0.1647	0.1585	0.1636	0.1776	0.1796	0.1962	0.1952	0.2172	0.2161	0.2044	0.1756	0.1626	0.1694	0.1589	0.1591	0.1606	0.1489	0.1698	0.1632	0.1872	0.2171	0.2217	0.1854	0.1861	0.3516	0.3490	0.2101	0.1735	0.1792	0.1687	0.1708	0.1673	0.1655	0.1876	0.1732	0.1974	0.2011	0.2186	0.2394	0.2553	0.2820	0.3283	0.4156	0.6532	0.8076	0.7512	0.6959	0.6383	0.5890	0.5727	0.5386	0.5133
0.0224	0.0383	0.0592	0.0485	0.0255	0.0460	0.0682	0.0601	0.0522	0.0595	0.0725	0.0708	0.0773	0.0811	0.0773	0.1067	0.1134	0.1090	0.1217	0.1456	0.1357	0.1394	0.1369	0.1441	0.1401	0.1433	0.1455	0.1369	0.1281	0.1173	0.1290	0.1336	0.1159	0.1246	0.1385	0.1300	0.1442	0.1433	0.1423	0.1446	0.1486	0.1513	0.1509	0.1493	0.1552	0.1419	0.1396	0.1433	0.1354	0.1345	0.1473	0.1462	0.1503	0.1615	0.1625	0.1857	0.2016	0.2292	0.2541	0.3260	0.5148	0.5753	0.5600	0.6586	0.6446	0.5742	0.6152	0.5634	0.5530
0.0143	0.0212	0.0197	0.0394	0.0372	0.0615	0.0592	0.0602	0.0591	0.0456	0.0500	0.0604	0.0815	0.0795	0.0870	0.1026	0.1093	0.1021	0.1028	0.1163	0.1038	0.1068	0.1076	0.1215	0.1076	0.1204	0.1080	0.1172	0.1221	0.1178	0.1089	0.1025	0.1057	0.1041	0.1092	0.1149	0.1203	0.1213	0.1145	0.1125	0.1182	0.1177	0.1190	0.1202	0.1239	0.1240	0.1215	0.1319	0.1187	0.1209	0.1256	0.1294	0.1312	0.1316	0.1420	0.1580	0.1784	0.1935	0.2190	0.2507	0.2977	0.3413	0.5206	0.6968	0.6162	0.5764	0.5513	0.5791	0.5229
0.0000	0.0079	0.0190	0.0246	0.0310	0.0397	0.0420	0.0624	0.0508	0.0440	0.0509	0.0633	0.0770	0.0633	0.0795	0.0760	0.0936	0.0973	0.0824	0.0834	0.0903	0.0882	0.0868	0.0941	0.0938	0.1024	0.1057	0.0958	0.0984	0.0957	0.0983	0.0912	0.0990	0.0954	0.0830	0.0891	0.0951	0.1002	0.0935	0.0916	0.0892	0.0891	0.1002	0.0991	0.1060	0.1067	0.1027	0.1042	0.1026	0.1003	0.1028	0.1074	0.1101	0.1142	0.1175	0.1245	0.1315	0.1499	0.1670	0.2059	0.2167	0.2623	0.4139	0.5849	0.6133	0.5523	0.5261	0.5165	0.4042
0.0000	0.0051	0.0198	0.0269	0.0185	0.0269	0.0277	0.0365	0.0447	0.0364	0.0420	0.0589	0.0574	0.0694	0.0830	0.0804	0.0723	0.0813	0.0765	0.0743	0.0854	0.0908	0.0758	0.0788	0.0902	0.0869	0.0880	0.0887	0.0907	0.0817	0.0823	0.0859	0.0901	0.0935	0.0875	0.0852	0.0854	0.0862	0.0844	0.0798	0.0755	0.0825	0.0891	0.0863	0.0937	0.0909	0.0832	0.0832	0.0890	0.0906	0.0892	0.0894	0.0964	0.0837	0.0918	0.1061	0.1073	0.1013	0.1139	0.1428	0.1518	0.1651	0.1971	0.2869	0.3958	0.4943	0.5078	0.3784	0.2119
0.0000	0.0092	0.0134	0.0072	0.0141	0.0232	0.0230	0.0400	0.0406	0.0351	0.0392	0.0471	0.0492	0.0556	0.0638	0.0787	0.0773	0.0690	0.0641	0.0664	0.0813	0.0741	0.0776	0.0772	0.0838	0.0871	0.0821	0.0794	0.0791	0.0792	0.0773	0.0789	0.0855	0.0863	0.0838	0.0697	0.0804	0.0843	0.0772	0.0802	0.0826	0.0753	0.0704	0.0759	0.0785	0.0681	0.0753	0.0717	0.0778	0.0797	0.0845	0.0713	0.0742	0.0772	0.0884	0.0838	0.0785	0.0810	0.0953	0.0984	0.1016	0.1058	0.1157	0.1423	0.1700	0.2191	0.2635	0.2175	0.1448
0.0000	0.0000	0.0025	0.0104	0.0237	0.0228	0.0266	0.0354	0.0371	0.0439	0.0418	0.0508	0.0507	0.0575	0.0634	0.0634	0.0756	0.0739	0.0644	0.0628	0.0672	0.0762	0.0705	0.0659	0.0779	0.0811	0.0696	0.0671	0.0664	0.0741	0.0758	0.0648	0.0687	0.0714	0.0774	0.0784	0.0772	0.0712	0.0727	0.0723	0.0721	0.0713	0.0714	0.0714	0.0709	0.0645	0.0639	0.0692	0.0686	0.0653	0.0728	0.0692	0.0625	0.0710	0.0764	0.0707	0.0668	0.0704	0.0737	0.0787	0.0810	0.0841	0.0852	0.1007	0.1084	0.0960	0.0986	0.1119	0.1049
0.0000	0.0000	0.0000	0.0068	0.0122	0.0107	0.0187	0.0171	0.0141	0.0247	0.0314	0.0284	0.0490	0.0417	0.0435	0.0473	0.0489	0.0582	0.0551	0.0672	0.0640	0.0686	0.0590	0.0637	0.0740	0.0748	0.0694	0.0632	0.0712	0.0709	0.0701	0.0690	0.0653	0.0761	0.0704	0.0685	0.0657	0.0616	0.0649	0.0641	0.0676	0.0582	0.0691	0.0657	0.0623	0.0644	0.0586	0.0572	0.0602	0.0600	0.0607	0.0631	0.0633	0.0641	0.0707	0.0706	0.0603	0.0582	0.0695	0.0748	0.0687	0.0709	0.0671	0.0756	0.0778	0.0833	0.0876	0.0795	0.0860
0.0000	0.0000	0.0000	0.0044	0.0000	0.0032	0.0033	0.0188	0.0189	0.0200	0.0269	0.0324	0.0295	0.0187	0.0355	0.0513	0.0470	0.0516	0.0446	0.0598	0.0567	0.0522	0.0456	0.0570	0.0623	0.0690	0.0630	0.0532	0.0627	0.0694	0.0624	0.0564	0.0581	0.0547	0.0556	0.0614	0.0486	0.0667	0.0706	0.0597	0.0584	0.0573	0.0612	0.0618	0.0564	0.0547	0.0564	0.0583	0.0509	0.0512	0.0586	0.0631	0.0617	0.0543	0.0608	0.0590	0.0605	0.0584	0.0654	0.0671	0.0729	0.0638	0.0633	0.0720	0.0778	0.0736	0.0704	0.0717	0.0687
0.0000	0.0000	0.0000	0.0000	0.0044	0.0039	0.0043	0.0160	0.0239	0.0195	0.0294	0.0372	0.0281	0.0322	0.0561	0.0519	0.0549	0.0523	0.0372	0.0494	0.0528	0.0484	0.0453	0.0459	0.0477	0.0527	0.0544	0.0492	0.0547	0.0641	0.0668	0.0577	0.0563	0.0579	0.0556	0.0592	0.0586	0.0642	0.0646	0.0519	0.0614	0.0571	0.0621	0.0596	0.0495	0.0531	0.0589	0.0601	0.0523	0.0540	0.0649	0.0618	0.0592	0.0557	0.0600	0.0523	0.0546	0.0468	0.0501	0.0668	0.0602	0.0557	0.0529	0.0565	0.0504	0.0532	0.0658	0.0635	0.0591
0.0000	0.0000	0.0000	0.0000	0.0020	0.0036	0.0067	0.0094	0.0271	0.0282	0.0204	0.0259	0.0292	0.0287	0.0336	0.0331	0.0439	0.0389	0.0319	0.0529	0.0416	0.0352	0.0410	0.0518	0.0567	0.0509	0.0432	0.0530	0.0453	0.0496	0.0607	0.0619	0.0607	0.0525	0.0513	0.0573	0.0499	0.0498	0.0562	0.0486	0.0466	0.0522	0.0493	0.0564	0.0538	0.0556	0.0516	0.0574	0.0477	0.0582	0.0523	0.0455	0.0516	0.0540	0.0531	0.0498	0.0548	0.0475	0.0426	0.0545	0.0512	0.0557	0.0606	0.0574	0.0513	0.0406	0.0570	0.0456	0.0450
0.0000	0.0000	0.0000	0.0000	0.0000	0.0028	0.0019	0.0105	0.0064	0.0089	0.0150	0.0225	0.0288	0.0213	0.0171	0.0203	0.0308	0.0298	0.0238	0.0322	0.0338	0.0394	0.0419	0.0441	0.0500	0.0478	0.0522	0.0524	0.0493	0.0491	0.0603	0.0531	0.0557	0.0448	0.0525	0.0550	0.0498	0.0506	0.0526	0.0504	0.0466	0.0477	0.0475	0.0461	0.0417	0.0447	0.0445	0.0471	0.0413	0.0481	0.0373	0.0355	0.0388	0.0422	0.0465	0.0476	0.0423	0.0356	0.0424	0.0461	0.0451	0.0442	0.0427	0.0519	0.0440	0.0439	0.0412	0.0461	0.0392
0.0000	0.0000	0.0000	0.0000	0.0000	0.0029	0.0000	0.0000	0.0000	0.0299	0.0511	0.0253	0.0320	0.0135	0.0312	0.0170	0.0207	0.0450	0.0453	0.0328	0.0350	0.0328	0.0319	0.0358	0.0436	0.0418	0.0482	0.0567	0.0584	0.0466	0.0561	0.0587	0.0470	0.0407	0.0480	0.0430	0.0476	0.0547	0.0474	0.0480	0.0509	0.0493	0.0605	0.0450	0.0395	0.0455	0.0427	0.0476	0.0430	0.0324	0.0415	0.0397	0.0450	0.0404	0.0404	0.0388	0.0451	0.0461	0.0447	0.0585	0.0565	0.0580	0.0469	0.0446	0.0519	0.0544	0.0467	0.0468	0.0483
