0.0000	0.0000	0.0067	0.0088	0.0000	0.0000	0.0000	0.0168	0.0235	0.0035	0.0076	0.0285	0.0351	0.0281	0.0282	0.0508	0.0404	0.0315	0.0312	0.0351	0.0340	0.0383	0.0458	0.0636	0.0737	0.0678	0.0663	0.0570	0.0555	0.0674	0.0585	0.0577	0.0630	0.0749	0.0908	0.0584	0.0546	0.0565	0.0669	0.0584	0.0564	0.0614	0.0620	0.0661	0.0576	0.0733	0.0841	0.0767	0.0696	0.0778	0.0821	0.0634	0.0566	0.0713	0.0786	0.0856	0.0773	0.0873	0.0806	0.0742	0.0660	0.0717	0.0643	0.0621	0.0610	0.0509	0.0514	0.0465	0.0507
0.0000	0.0000	0.0000	0.0039	0.0000	0.0050	0.0000	0.0124	0.0160	0.0000	0.0033	0.0281	0.0404	0.0382	0.0285	0.0434	0.0305	0.0362	0.0425	0.0381	0.0555	0.0616	0.0547	0.0623	0.0802	0.0765	0.0579	0.0671	0.0716	0.0740	0.0722	0.0651	0.0912	0.0880	0.0829	0.0653	0.0718	0.0753	0.0773	0.0653	0.0676	0.0855	0.0661	0.0741	0.0698	0.0717	0.0779	0.0901	0.0953	0.0733	0.0841	0.0652	0.0654	0.0665	0.0772	0.0907	0.0903	0.0829	0.0952	0.0997	0.0883	0.0707	0.0744	0.0693	0.0674	0.0553	0.0619	0.0602	0.0560
0.0000	0.0000	0.0050	0.0000	0.0038	0.0000	0.0057	0.0219	0.0164	0.0009	0.0154	0.0219	0.0364	0.0453	0.0480	0.0462	0.0436	0.0536	0.0498	0.0638	0.0623	0.0548	0.0514	0.0600	0.0691	0.0710	0.0707	0.0729	0.0831	0.0826	0.0779	0.0826	0.1005	0.1072	0.0855	0.0786	0.0904	0.0814	0.0709	0.0743	0.0752	0.0789	0.0823	0.0724	0.0752	0.0804	0.0889	0.0855	0.1018	0.0698	0.0877	0.0897	0.0867	0.0918	0.0933	0.0939	0.0980	0.0933	0.0996	0.1012	0.1129	0.0879	0.0975	0.0810	0.0798	0.0805	0.0673	0.0738	0.0769
0.0000	0.0000	0.0000	0.0000	0.0000	0.0108	0.0199	0.0261	0.0321	0.0166	0.0238	0.0321	0.0463	0.0460	0.0417	0.0516	0.0493	0.0441	0.0528	0.0618	0.0729	0.0581	0.0582	0.0746	0.0655	0.0728	0.0817	0.0730	0.0825	0.0841	0.0827	0.0805	0.0790	0.0795	0.0972	0.0997	0.0750	0.0757	0.0731	0.0950	0.1021	0.0767	0.0835	0.0913	0.0808	0.0709	0.0829	0.0827	0.0882	0.0824	0.1035	0.0978	0.0868	0.1090	0.1103	0.0987	0.1019	0.1075	0.1073	0.1040	0.1138	0.1143	0.1082	0.1016	0.0974	0.0938	0.1023	0.0782	0.0923
0.0000	0.0000	0.0000	0.0000	0.0000	0.0143	0.0147	0.0167	0.0213	0.0115	0.0134	0.0359	0.0505	0.0339	0.0209	0.0382	0.0398	0.0513	0.0502	0.0529	0.0731	0.0689	0.0639	0.0726	0.0643	0.0707	0.0758	0.0747	0.0853	0.0749	0.0924	0.0870	0.1029	0.0787	0.0947	0.0790	0.0825	0.0756	0.0742	0.0899	0.0848	0.0761	0.0980	0.0887	0.0957	0.0890	0.0895	0.0885	0.1038	0.1095	0.0969	0.0886	0.0924	0.1045	0.1192	0.1219	0.1152	0.1301	0.1173	0.1212	0.1319	0.1220	0.1118	0.1229	0.1224	0.0876	0.1328	0.1148	0.1213
0.0000	0.0000	0.0000	0.0199	0.0262	0.0274	0.0136	0.0117	0.0255	0.0263	0.0315	0.0334	0.0500	0.0500	0.0338	0.0507	0.0446	0.0433	0.0398	0.0593	0.0745	0.0758	0.0678	0.0608	0.0913	0.0797	0.0778	0.0684	0.0842	0.0874	0.0825	0.0835	0.0960	0.1168	0.0897	0.0910	0.0906	0.0768	0.0941	0.0900	0.0706	0.0786	0.0966	0.0981	0.0890	0.0985	0.1009	0.1021	0.0980	0.1267	0.1119	0.0939	0.1080	0.1060	0.1372	0.1475	0.1530	0.2040	0.2076	0.2179	0.2187	0.1681	0.1667	0.1616	0.1602	0.1649	0.1736	0.1627	0.1655
0.0000	0.0037	0.0144	0.0175	0.0147	0.0206	0.0185	0.0216	0.0308	0.0355	0.0572	0.0585	0.0483	0.0279	0.0505	0.0735	0.0712	0.0730	0.0654	0.0645	0.0840	0.0825	0.0724	0.0600	0.0887	0.1066	0.0842	0.0703	0.0828	0.0905	0.0935	0.0949	0.1062	0.1119	0.1015	0.1123	0.0969	0.0954	0.0873	0.0964	0.0841	0.0937	0.1140	0.1057	0.0839	0.0997	0.1038	0.1264	0.1106	0.1325	0.1292	0.1198	0.1313	0.1450	0.1709	0.2105	0.3112	0.4485	0.4030	0.4107	0.4054	0.2838	0.2926	0.2685	0.2579	0.2854	0.2967	0.2207	0.2294
0.0053	0.0085	0.0146	0.0167	0.0142	0.0087	0.0241	0.0399	0.0364	0.0445	0.0398	0.0779	0.0648	0.0445	0.0556	0.0791	0.0803	0.0828	0.0753	0.0603	0.0815	0.0989	0.0697	0.0737	0.0927	0.1187	0.0933	0.0964	0.1018	0.1182	0.1107	0.0954	0.1175	0.1242	0.1196	0.0969	0.1181	0.1108	0.0974	0.1144	0.1046	0.1048	0.1264	0.1142	0.0997	0.1135	0.1216	0.1515	0.1394	0.1368	0.1456	0.1598	0.1617	0.1699	0.2112	0.2699	0.4810	0.5580	0.5044	0.4496	0.4660	0.4596	0.4322	0.4261	0.3998	0.3461	0.3385	0.2995	0.3058
0.0077	0.0000	0.0116	0.0216	0.0363	0.0193	0.0431	0.0454	0.0497	0.0544	0.0433	0.0705	0.0718	0.0698	0.0667	0.0751	0.0761	0.0750	0.0820	0.1064	0.0867	0.0819	0.0909	0.0835	0.0903	0.1075	0.0957	0.1082	0.1097	0.1198	0.1012	0.1044	0.1329	0.1313	0.1308	0.1060	0.1128	0.1162	0.1228	0.1276	0.1100	0.1136	0.1270	0.1223	0.1341	0.1354	0.1481	0.1597	0.1680	0.1878	0.2047	0.1926	0.2245	0.2493	0.2899	0.3448	0.5308	0.5864	0.5288	0.4717	0.4924	0.4544	0.4361	0.4504	0.4093	0.3660	0.3638	0.3631	0.3209
0.0021	0.0000	0.0089	0.0275	0.0404	0.0554	0.0636	0.0488	0.0602	0.0525	0.0569	0.0621	0.0761	0.0737	0.0671	0.0715	0.0977	0.0874	0.0958	0.1147	0.1014	0.0826	0.0832	0.0923	0.1106	0.1132	0.1145	0.1040	0.1191	0.1216	0.1131	0.1089	0.1266	0.1343	0.1441	0.1207	0.1147	0.1291	0.1287	0.1426	0.1213	0.1347	0.1440	0.1609	0.1809	0.1841	0.1920	0.1923	0.1874	0.2162	0.2305	0.2249	0.2630	0.2807	0.3300	0.3794	0.6165	0.6588	0.5379	0.4655	0.4901	0.4624	0.4475	0.4679	0.4118	0.3674	0.3588	0.3727	0.3470
0.0001	0.0085	0.0196	0.0266	0.0221	0.0455	0.0440	0.0483	0.0606	0.0562	0.0607	0.0723	0.0647	0.0775	0.0730	0.0757	0.0991	0.0916	0.0875	0.1017	0.1216	0.0962	0.1007	0.1024	0.1244	0.1181	0.1077	0.1166	0.1296	0.1260	0.1139	0.1247	0.1283	0.1554	0.1499	0.1452	0.1446	0.1495	0.1572	0.1542	0.1542	0.1726	0.1802	0.1802	0.2045	0.2118	0.2245	0.2543	0.2410	0.2599	0.2728	0.2850	0.2893	0.3113	0.3616	0.3964	0.5871	0.6267	0.5563	0.4998	0.4846	0.4371	0.4377	0.4520	0.4483	0.4005	0.3478	0.3492	0.3575
0.0120	0.0130	0.0269	0.0401	0.0310	0.0300	0.0392	0.0617	0.0638	0.0668	0.0642	0.0984	0.0895	0.0727	0.0806	0.0977	0.1191	0.1065	0.1105	0.1171	0.1136	0.1129	0.1284	0.1199	0.1287	0.1152	0.1353	0.1333	0.1354	0.1524	0.1545	0.1744	0.1780	0.1762	0.1810	0.1712	0.1752	0.1957	0.2093	0.2059	0.1809	0.1890	0.2158	0.2284	0.2207	0.2280	0.2356	0.2457	0.2744	0.3127	0.3075	0.3116	0.3524	0.3730	0.3889	0.4198	0.5139	0.6111	0.5471	0.5320	0.5424	0.4504	0.4255	0.4495	0.4277	0.3927	0.3783	0.3853	0.3763
0.0143	0.0203	0.0354	0.0457	0.0493	0.0282	0.0429	0.0743	0.0654	0.0697	0.0900	0.1031	0.1245	0.1064	0.1080	0.1145	0.1322	0.1314	0.1257	0.1405	0.1317	0.1303	0.1562	0.1554	0.1592	0.1704	0.1641	0.1602	0.1747	0.1832	0.1765	0.1936	0.2274	0.2216	0.2188	0.2114	0.2163	0.2200	0.2170	0.2310	0.2140	0.2086	0.2390	0.2581	0.2432	0.2444	0.2652	0.2684	0.2981	0.3161	0.3303	0.3259	0.3441	0.4189	0.4615	0.4948	0.4908	0.6081	0.5879	0.5221	0.4801	0.4796	0.4835	0.4877	0.4956	0.3959	0.4065	0.4078	0.3648
0.0213	0.0296	0.0461	0.0423	0.0572	0.0473	0.0547	0.0779	0.0803	0.0930	0.1141	0.1160	0.1379	0.1552	0.1532	0.1782	0.2281	0.2125	0.2075	0.1835	0.1653	0.1711	0.1871	0.1859	0.2135	0.2034	0.2139	0.2268	0.2245	0.2527	0.2417	0.2495	0.2575	0.2583	0.2578	0.2236	0.2287	0.2436	0.2397	0.2503	0.2374	0.2438	0.2814	0.2754	0.2596	0.2725	0.2900	0.3050	0.3102	0.3275	0.3797	0.4017	0.4188	0.5163	0.6445	0.6453	0.5684	0.6059	0.5649	0.5077	0.4941	0.4768	0.4943	0.4537	0.4495	0.3851	0.4185	0.3562	0.3343
0.0169	0.0164	0.0446	0.0582	0.0671	0.0783	0.0885	0.1186	0.1277	0.1252	0.1552	0.1913	0.2523	0.3275	0.3574	0.3904	0.4768	0.4403	0.4062	0.3237	0.2502	0.2455	0.2420	0.2914	0.2848	0.2830	0.3203	0.3505	0.4081	0.4746	0.3812	0.4387	0.4606	0.3637	0.3195	0.3023	0.2469	0.2473	0.2602	0.2633	0.2716	0.2634	0.2814	0.2980	0.2925	0.2977	0.3076	0.3395	0.3706	0.4028	0.4367	0.4263	0.4865	0.5726	0.6764	0.6708	0.6442	0.6316	0.5106	0.5172	0.5069	0.4773	0.4659	0.4402	0.4165	0.3855	0.3951	0.3656	0.3295
0.0228	0.0438	0.0478	0.0705	0.0909	0.1202	0.1172	0.1352	0.1773	0.1813	0.2781	0.4235	0.4880	0.4860	0.5397	0.5603	0.6227	0.6186	0.5788	0.5261	0.4865	0.4075	0.3560	0.4260	0.4634	0.4528	0.5449	0.5952	0.7046	0.7242	0.6981	0.7642	0.7839	0.6909	0.5361	0.4378	0.2919	0.2799	0.2686	0.2769	0.2996	0.2781	0.2945	0.3519	0.3270	0.3600	0.3593	0.3921	0.4186	0.4672	0.5223	0.5802	0.6244	0.6297	0.6666	0.6290	0.5917	0.5985	0.5024	0.5332	0.5014	0.4615	0.4545	0.4320	0.3949	0.3659	0.3588	0.3450	0.3098
0.0387	0.0689	0.0768	0.0997	0.1469	0.1895	0.2017	0.2708	0.3546	0.4238	0.5265	0.5307	0.5190	0.4768	0.4967	0.5543	0.5852	0.6286	0.6386	0.6532	0.6871	0.6179	0.5986	0.6558	0.6853	0.6594	0.6375	0.6444	0.7112	0.7233	0.7418	0.8090	0.8546	0.8661	0.8780	0.6524	0.4023	0.3351	0.3399	0.3097	0.3265	0.3326	0.3687	0.4027	0.3975	0.4060	0.4133	0.4877	0.5123	0.6596	0.7183	0.7822	0.7650	0.7090	0.6784	0.6091	0.5904	0.5760	0.5578	0.5376	0.4954	0.4546	0.4439	0.4184	0.3943	0.3547	0.3493	0.3318	0.3140
0.0797	0.0968	0.1125	0.1703	0.2366	0.3530	0.4387	0.5036	0.5520	0.4594	0.4772	0.4440	0.4045	0.4155	0.4570	0.5261	0.5389	0.5841	0.5931	0.6255	0.6725	0.6651	0.6504	0.6468	0.6804	0.6556	0.6235	0.6487	0.6161	0.7231	0.8004	0.7781	0.8192	0.8365	0.9128	0.8331	0.6203	0.4396	0.4554	0.4433	0.3785	0.3790	0.4792	0.6064	0.5145	0.4312	0.4995	0.6547	0.6417	0.7002	0.7430	0.7752	0.7627	0.7362	0.6232	0.5580	0.5446	0.5505	0.5044	0.4822	0.4844	0.4677	0.4337	0.4068	0.3671	0.3420	0.3382	0.3554	0.3188
0.1220	0.1720	0.2800	0.3978	0.4244	0.4936	0.5187	0.4445	0.4471	0.3867	0.3602	0.3832	0.4227	0.4435	0.4426	0.5348	0.5882	0.5814	0.5667	0.5932	0.5952	0.5986	0.6442	0.6275	0.5798	0.6005	0.6561	0.6160	0.6339	0.7358	0.7706	0.7688	0.8085	0.8679	0.8602	0.9098	0.7568	0.6556	0.7763	0.7372	0.4969	0.4125	0.5930	0.7852	0.7701	0.5715	0.5466	0.7299	0.6568	0.6499	0.7626	0.6944	0.6654	0.6810	0.6596	0.5720	0.5089	0.5362	0.4982	0.4641	0.4818	0.4385	0.4111	0.3902	0.3784	0.3525	0.3328	0.3184	0.3099
0.1891	0.2939	0.4115	0.4316	0.3924	0.3880	0.3487	0.3274	0.3375	0.3476	0.3612	0.3870	0.4744	0.4685	0.4654	0.5242	0.5887	0.6241	0.5770	0.5796	0.5673	0.5808	0.5962	0.5908	0.5505	0.5512	0.6435	0.6640	0.6927	0.7682	0.7690	0.7955	0.8161	0.8894	0.8933	0.9301	0.8492	0.8276	0.8720	0.8463	0.7396	0.5842	0.6805	0.8655	0.9600	0.7123	0.6563	0.7814	0.7083	0.5978	0.6339	0.5940	0.5790	0.6156	0.6030	0.5686	0.5351	0.5265	0.4780	0.4488	0.4638	0.4108	0.4120	0.3838	0.3583	0.3588	0.3277	0.3259	0.3056
0.1855	0.2524	0.3040	0.2831	0.2910	0.3055	0.2995	0.2918	0.3154	0.3285	0.3762	0.4117	0.4779	0.4738	0.4456	0.5109	0.5670	0.6045	0.5694	0.5358	0.5488	0.5225	0.5538	0.5574	0.5111	0.5643	0.5890	0.6428	0.6565	0.6929	0.7805	0.7684	0.8109	0.8753	0.8503	0.9081	0.9013	0.8719	0.8428	0.8597	0.8746	0.7843	0.7594	0.8937	0.8175	0.7735	0.7441	0.7020	0.6573	0.6044	0.5841	0.5432	0.5283	0.5775	0.5982	0.5486	0.5171	0.5128	0.4383	0.4575	0.4605	0.4143	0.4091	0.3657	0.3646	0.3340	0.3312	0.3322	0.2871
0.1801	0.2099	0.2648	0.2622	0.2687	0.2935	0.2976	0.2901	0.3192	0.3543	0.3864	0.4048	0.4475	0.4939	0.4749	0.5313	0.5818	0.6338	0.5982	0.5429	0.5507	0.5796	0.5756	0.5689	0.5303	0.5786	0.6031	0.6206	0.6699	0.6859	0.7083	0.7264	0.7480	0.7704	0.8127	0.8123	0.7966	0.8429	0.7839	0.8127	0.8691	0.8081	0.7865	0.7898	0.6933	0.6750	0.6504	0.5967	0.5657	0.5757	0.5936	0.5589	0.5700	0.5685	0.5392	0.5485	0.5268	0.4952	0.4588	0.4587	0.4454	0.4417	0.4099	0.3693	0.3674	0.3205	0.3177	0.3191	0.2895
0.1771	0.1975	0.2374	0.2495	0.2731	0.2768	0.3082	0.2943	0.3205	0.3294	0.3610	0.3915	0.4368	0.4639	0.4599	0.5337	0.5951	0.5641	0.5685	0.5375	0.5682	0.6035	0.5788	0.6213	0.5693	0.5730	0.6170	0.6261	0.6359	0.6668	0.6504	0.6425	0.7049	0.7360	0.7429	0.7112	0.7398	0.7746	0.7329	0.7010	0.7334	0.7239	0.7188	0.6747	0.6582	0.6041	0.6038	0.5917	0.5408	0.5579	0.5566	0.5736	0.5954	0.5972	0.5704	0.5581	0.5458	0.4956	0.4525	0.4845	0.4422	0.4143	0.4189	0.3861	0.3627	0.3427	0.3217	0.2798	0.3054
0.1874	0.2129	0.2385	0.2652	0.2810	0.3123	0.3278	0.2989	0.3231	0.3005	0.3522	0.3888	0.4310	0.4598	0.4456	0.5024	0.5769	0.6026	0.5991	0.5897	0.5801	0.5944	0.5772	0.5504	0.6001	0.5794	0.6002	0.6080	0.6298	0.6555	0.6286	0.6647	0.6834	0.7336	0.6992	0.6614	0.6653	0.6889	0.6794	0.6410	0.6412	0.6419	0.6183	0.5944	0.6086	0.6275	0.6188	0.5843	0.5750	0.5740	0.5551	0.5565	0.5813	0.5815	0.5466	0.5405	0.5374	0.5282	0.4720	0.4395	0.4205	0.4184	0.3907	0.3798	0.3411	0.3486	0.3175	0.2939	0.3087
0.2039	0.2437	0.2538	0.2733	0.2892	0.3250	0.3261	0.2901	0.3108	0.3468	0.3674	0.3906	0.4311	0.4395	0.4426	0.5081	0.5376	0.5733	0.5718	0.5992	0.5528	0.5844	0.5934	0.5936	0.5957	0.5874	0.5774	0.6074	0.6527	0.6521	0.6345	0.6487	0.6749	0.6541	0.6477	0.6478	0.6463	0.5943	0.6277	0.6256	0.6270	0.6416	0.6284	0.5860	0.6110	0.5872	0.5941	0.6263	0.6033	0.5982	0.5748	0.5270	0.5379	0.5521	0.5448	0.5124	0.5103	0.5359	0.4701	0.4490	0.4575	0.4159	0.4043	0.3661	0.3583	0.3425	0.3113	0.3146	0.3040
0.2134	0.2429	0.2614	0.2960	0.2958	0.2783	0.2713	0.2867	0.3062	0.3144	0.3509	0.4089	0.4408	0.4335	0.4541	0.4823	0.5229	0.5520	0.5186	0.5621	0.5797	0.5404	0.5395	0.5615	0.5678	0.5464	0.5887	0.5947	0.6167	0.5951	0.6495	0.6144	0.6086	0.5974	0.6198	0.6190	0.6061	0.6175	0.6019	0.5984	0.5991	0.6106	0.5900	0.6185	0.6146	0.6214	0.6197	0.6317	0.6198	0.6003	0.5730	0.5364	0.5047	0.5397	0.5531	0.5299	0.5034	0.5026	0.4910	0.4418	0.4853	0.4279	0.4151	0.3853	0.3781	0.3694	0.3259	0.3129	0.2782
0.2471	0.2708	0.2798	0.3372	0.3104	0.2824	0.2957	0.3025	0.3114	0.3082	0.3474	0.4234	0.4553	0.4751	0.4569	0.4806	0.4852	0.4859	0.5531	0.5544	0.5533	0.5298	0.5428	0.5764	0.5301	0.5137	0.5552	0.5534	0.5469	0.5606	0.6036	0.6279	0.6388	0.6358	0.6239	0.5934	0.6113	0.6132	0.6226	0.6097	0.5966	0.6003	0.5971	0.6244	0.6495	0.6023	0.5872	0.5632	0.5972	0.5870	0.5646	0.5347	0.5249	0.5408	0.5318	0.5307	0.4904	0.4641	0.4746	0.4658	0.4541	0.4126	0.4074	0.3828	0.3698	0.3548	0.3220	0.3381	0.3287
0.2335	0.2612	0.2961	0.3142	0.2840	0.3037	0.3005	0.2797	0.3009	0.3425	0.3533	0.3998	0.4484	0.4794	0.4768	0.5006	0.4871	0.4725	0.5362	0.5402	0.5154	0.5167	0.5480	0.5396	0.5330	0.5345	0.5185	0.5387	0.5393	0.5520	0.5884	0.6410	0.6222	0.5871	0.5934	0.5893	0.5760	0.5691	0.6245	0.5969	0.5907	0.5977	0.6022	0.5928	0.6076	0.5663	0.5895	0.5853	0.6064	0.5599	0.6001	0.5534	0.5602	0.5597	0.5120	0.5131	0.4986	0.4708	0.4490	0.4595	0.4666	0.4416	0.4205	0.3747	0.3743	0.3499	0.3505	0.3410	0.3308
0.2398	0.2453	0.2943	0.3130	0.2801	0.2977	0.3189	0.2884	0.2961	0.3083	0.3661	0.3843	0.4055	0.4610	0.4976	0.4851	0.4926	0.5365	0.5523	0.5395	0.5324	0.4997	0.5252	0.5120	0.5098	0.5028	0.5325	0.5420	0.6134	0.5960	0.6028	0.6175	0.6301	0.5942	0.5879	0.6037	0.5686	0.6288	0.6276	0.6101	0.5972	0.5995	0.6098	0.5912	0.5857	0.5489	0.5938	0.6019	0.5867	0.5703	0.5852	0.5561	0.5443	0.5746	0.5554	0.5110	0.4792	0.4796	0.4488	0.4325	0.4358	0.4303	0.3848	0.3729	0.3850	0.3529	0.3408	0.3201	0.3080
0.2024	0.2651	0.2673	0.2960	0.3027	0.2924	0.3061	0.3028	0.3335	0.3202	0.3760	0.4092	0.4275	0.4448	0.4461	0.4929	0.5141	0.5281	0.5222	0.5115	0.5038	0.5235	0.5215	0.5356	0.5090	0.5050	0.5278	0.5467	0.5851	0.5859	0.5789	0.5790	0.6396	0.6122	0.6040	0.5921	0.6056	0.6143	0.6093	0.6110	0.6361	0.6397	0.5971	0.5990	0.5836	0.5631	0.5886	0.5950	0.5434	0.5696	0.5634	0.5327	0.5512	0.5276	0.5326	0.5382	0.4952	0.4694	0.4249	0.4418	0.4261	0.4178	0.4089	0.3961	0.3743	0.3600	0.3292	0.3473	0.3226
0.1978	0.2434	0.2910	0.2879	0.2948	0.3109	0.3289	0.3408	0.3666	0.3631	0.3967	0.4169	0.4616	0.4631	0.4580	0.4956	0.5130	0.5014	0.5095	0.5204	0.5074	0.5262	0.5087	0.5298	0.5151	0.5143	0.4850	0.5269	0.5681	0.5599	0.5712	0.5841	0.5968	0.5999	0.6306	0.6317	0.6175	0.5698	0.5654	0.5939	0.5885	0.6086	0.5789	0.5855	0.5579	0.5567	0.5586	0.5553	0.5753	0.6079	0.5850	0.5598	0.5940	0.5748	0.5467	0.4875	0.5173	0.4933	0.4436	0.4341	0.4336	0.4229	0.4026	0.3783	0.3810	0.3525	0.3310	0.3179	0.3069
0.2120	0.2176	0.2255	0.2792	0.3137	0.3275	0.3232	0.3214	0.3630	0.3649	0.3771	0.4037	0.4532	0.4204	0.4861	0.5394	0.5519	0.5489	0.5445	0.5573	0.5410	0.5281	0.4975	0.5088	0.5319	0.5389	0.5173	0.5541	0.5996	0.5889	0.5832	0.6051	0.6050	0.5955	0.6455	0.6312	0.6087	0.5966	0.5955	0.5947	0.5894	0.5871	0.6090	0.5631	0.5556	0.5599	0.5535	0.6009	0.5791	0.6041	0.6240	0.5787	0.6097	0.6077	0.5661	0.5156	0.5065	0.5037	0.4634	0.4734	0.4610	0.4310	0.4301	0.3959	0.3602	0.3425	0.3437	0.3369	0.3140
0.2089	0.2374	0.2411	0.2637	0.3097	0.3206	0.3685	0.3695	0.3831	0.3889	0.3891	0.4472	0.4969	0.4773	0.4969	0.5262	0.5609	0.5746	0.6015	0.5960	0.5762	0.5472	0.5421	0.5900	0.5751	0.5519	0.5820	0.5747	0.5960	0.5766	0.6119	0.6311	0.6155	0.6255	0.6668	0.6305	0.6292	0.6328	0.6212	0.6020	0.5792	0.5960	0.5665	0.5709	0.5673	0.5524	0.5884	0.6184	0.6108	0.5941	0.6148	0.5946	0.5902	0.5887	0.5762	0.5300	0.5382	0.5187	0.4695	0.4859	0.4503	0.4714	0.4582	0.3912	0.3801	0.3548	0.3697	0.3406	0.3245
0.2039	0.2165	0.2355	0.2605	0.2760	0.2842	0.3517	0.3721	0.4057	0.4145	0.4267	0.4547	0.5038	0.5359	0.5341	0.5591	0.5872	0.5704	0.5517	0.6062	0.6032	0.5557	0.6034	0.5861	0.5713	0.5838	0.5831	0.5963	0.6051	0.6192	0.6422	0.6759	0.6780	0.6666	0.6511	0.6381	0.6392	0.6171	0.6167	0.6337	0.5779	0.5911	0.5895	0.5839	0.5338	0.5624	0.5895	0.6042	0.6139	0.6479	0.6427	0.6022	0.6057	0.6055	0.5881	0.5491	0.5523	0.5097	0.4985	0.4761	0.4546	0.4581	0.4485	0.4173	0.3971	0.3949	0.3640	0.3459	0.3264
0.1774	0.1971	0.2312	0.2294	0.2730	0.2962	0.3366	0.3670	0.3855	0.3919	0.4438	0.4581	0.4865	0.5049	0.5151	0.5744	0.5888	0.5770	0.5574	0.5849	0.5887	0.5713	0.5768	0.6296	0.6370	0.6277	0.6193	0.6318	0.5999	0.6344	0.6369	0.6746	0.6918	0.7087	0.7566	0.6956	0.6789	0.6798	0.6952	0.6415	0.6491	0.6399	0.6119	0.5839	0.5554	0.5822	0.5984	0.6078	0.6212	0.7133	0.6710	0.6585	0.6531	0.6701	0.6242	0.5616	0.5551	0.5672	0.5234	0.4961	0.4675	0.4331	0.4580	0.4378	0.4159	0.4011	0.3686	0.3597	0.3221
0.1653	0.1968	0.2222	0.2148	0.2536	0.2881	0.3266	0.3600	0.3736	0.3742	0.4048	0.4501	0.4946	0.5119	0.5142	0.5687	0.5685	0.5652	0.5820	0.6089	0.5679	0.5736	0.5591	0.5738	0.6493	0.6463	0.6207	0.6506	0.6789	0.6570	0.6711	0.6713	0.7208	0.7780	0.7994	0.7853	0.7528	0.7569	0.7617	0.7482	0.7655	0.7468	0.7265	0.6658	0.6388	0.6383	0.6717	0.6842	0.6874	0.7339	0.7257	0.7113	0.6856	0.6851	0.6650	0.5905	0.5370	0.5472	0.5222	0.4973	0.5054	0.4722	0.4440	0.4421	0.4240	0.4087	0.3637	0.3681	0.3431
0.1875	0.1883	0.2294	0.2508	0.2785	0.3183	0.3188	0.3409	0.3623	0.4162	0.4052	0.4462	0.4696	0.4623	0.4963	0.5455	0.5316	0.5698	0.5984	0.5813	0.5920	0.5840	0.5683	0.6117	0.5898	0.6227	0.6602	0.6738	0.7172	0.6885	0.6967	0.7286	0.7246	0.7835	0.8021	0.8046	0.8107	0.8018	0.7937	0.8300	0.8427	0.7602	0.7527	0.7967	0.7883	0.7520	0.7630	0.7277	0.7552	0.7773	0.7693	0.7398	0.7137	0.6750	0.6526	0.6344	0.5713	0.5477	0.5432	0.4934	0.4766	0.4592	0.4633	0.4296	0.4138	0.3870	0.3676	0.3740	0.3519
0.1994	0.2417	0.2686	0.2949	0.2779	0.3196	0.3607	0.3531	0.3593	0.3834	0.3940	0.4537	0.4967	0.4880	0.5382	0.5272	0.5711	0.6282	0.5992	0.5952	0.6036	0.6303	0.6450	0.6453	0.6348	0.6709	0.7023	0.7369	0.7686	0.7094	0.7618	0.7725	0.7681	0.8278	0.8569	0.8167	0.8562	0.8767	0.8577	0.8522	0.7768	0.5048	0.6204	0.7715	0.8973	0.9040	0.9083	0.8250	0.7985	0.8185	0.7985	0.7801	0.7249	0.7366	0.7123	0.6592	0.6182	0.5981	0.5465	0.5056	0.4948	0.4892	0.4673	0.4420	0.4458	0.3899	0.3937	0.3906	0.3666
0.2173	0.3101	0.3890	0.4118	0.3975	0.3849	0.4363	0.3996	0.3854	0.4002	0.4297	0.4680	0.4871	0.5109	0.5449	0.5853	0.6654	0.6363	0.6379	0.6558	0.6514	0.7106	0.7203	0.6831	0.7128	0.7592	0.7477	0.7331	0.7377	0.7504	0.7979	0.8046	0.8120	0.8427	0.8895	0.8618	0.8710	0.9090	0.8849	0.6903	0.5384	0.4387	0.6431	0.7757	0.7406	0.9004	0.9568	0.8488	0.8405	0.8530	0.8027	0.8389	0.8069	0.7638	0.7022	0.6840	0.6475	0.5921	0.5469	0.5582	0.5387	0.5210	0.5046	0.4740	0.4490	0.4194	0.3832	0.3890	0.3795
0.1498	0.2343	0.3860	0.5586	0.5736	0.5606	0.5801	0.5252	0.5299	0.5190	0.4578	0.5123	0.5135	0.5331	0.5931	0.6610	0.6783	0.6831	0.7248	0.7675	0.7255	0.7830	0.7669	0.7559	0.7254	0.7303	0.7343	0.7339	0.7547	0.7733	0.8025	0.8163	0.8319	0.8613	0.8723	0.9051	0.9129	0.8306	0.8788	0.6262	0.3566	0.3813	0.5236	0.6212	0.5465	0.7848	1.0000	0.9318	0.8946	0.8788	0.8147	0.7835	0.6956	0.6051	0.6042	0.6947	0.6505	0.6001	0.5742	0.5872	0.5550	0.5474	0.5307	0.5092	0.4835	0.4490	0.4209	0.3932	0.3902
0.0754	0.0943	0.1459	0.2304	0.3600	0.4970	0.6248	0.6639	0.6463	0.6422	0.6059	0.5698	0.5548	0.5658	0.6611	0.7003	0.7433	0.7397	0.7725	0.8167	0.8354	0.8219	0.7659	0.7715	0.7574	0.6975	0.7325	0.7559	0.8343	0.8410	0.8416	0.8569	0.8070	0.8173	0.8617	0.8313	0.6589	0.4962	0.4990	0.4752	0.3006	0.3075	0.3501	0.3600	0.3953	0.4809	0.6747	0.7308	0.6993	0.8155	0.7982	0.6614	0.4705	0.4555	0.5192	0.7087	0.7129	0.6337	0.6043	0.6127	0.5810	0.5600	0.5524	0.5358	0.5202	0.4714	0.4579	0.4338	0.3959
0.0557	0.0671	0.0841	0.1156	0.1391	0.2105	0.3244	0.5070	0.5862	0.6106	0.6553	0.6050	0.5888	0.6231	0.6671	0.6600	0.7191	0.7035	0.7346	0.7656	0.8233	0.7879	0.7990	0.8319	0.8077	0.7419	0.7604	0.7788	0.8655	0.8709	0.8397	0.8690	0.8155	0.8247	0.8326	0.5641	0.2860	0.2599	0.2487	0.2447	0.2327	0.2491	0.2590	0.2707	0.2944	0.3088	0.3546	0.3714	0.4012	0.6115	0.7280	0.4845	0.4291	0.4732	0.6438	0.7780	0.7291	0.6694	0.6221	0.6395	0.6381	0.5592	0.5507	0.5247	0.5334	0.5185	0.4721	0.4393	0.4119
0.0223	0.0345	0.0694	0.0756	0.0984	0.1092	0.1459	0.1795	0.2567	0.3821	0.4370	0.4178	0.4556	0.5263	0.6229	0.6609	0.6725	0.6575	0.6610	0.5947	0.5686	0.6088	0.5955	0.6181	0.5823	0.5473	0.5380	0.6720	0.7834	0.6509	0.5182	0.6378	0.6736	0.6928	0.7572	0.3830	0.2059	0.2343	0.2163	0.2198	0.2424	0.2361	0.2395	0.2483	0.2551	0.2685	0.3012	0.3166	0.3172	0.3692	0.4102	0.4026	0.4524	0.6219	0.8349	0.8591	0.8127	0.7642	0.6900	0.6459	0.6093	0.5621	0.5721	0.5470	0.5311	0.5263	0.4891	0.4426	0.4237
0.0248	0.0268	0.0359	0.0551	0.0803	0.0603	0.0787	0.0897	0.1108	0.1576	0.1761	0.1713	0.1898	0.2330	0.3787	0.4574	0.4788	0.4231	0.3173	0.2779	0.2408	0.2346	0.2470	0.2384	0.2284	0.2319	0.2579	0.4343	0.3925	0.2639	0.2441	0.3161	0.2975	0.3323	0.3799	0.2351	0.2018	0.2016	0.2068	0.1969	0.2098	0.2279	0.2270	0.2345	0.2429	0.2621	0.2709	0.2853	0.2884	0.3013	0.3553	0.3892	0.4961	0.7481	0.8276	0.8626	0.8262	0.7674	0.6741	0.6819	0.6363	0.6226	0.6450	0.6006	0.5706	0.5733	0.5187	0.4730	0.4459
0.0173	0.0282	0.0404	0.0354	0.0428	0.0470	0.0538	0.0758	0.0703	0.0907	0.1077	0.1058	0.1213	0.1153	0.1443	0.1717	0.1523	0.1373	0.1333	0.1291	0.1277	0.1252	0.1308	0.1418	0.1458	0.1411	0.1517	0.1607	0.1631	0.1536	0.1646	0.1782	0.1674	0.1784	0.1843	0.1657	0.1686	0.1743	0.1639	0.1721	0.1619	0.1871	0.1933	0.1966	0.2032	0.2177	0.2307	0.2481	0.2628	0.2816	0.3303	0.3657	0.6057	0.7519	0.7104	0.7774	0.7969	0.7895	0.7349	0.6689	0.6715	0.6486	0.6747	0.6132	0.5913	0.6081	0.5728	0.5092	0.4314
0.0106	0.0181	0.0266	0.0222	0.0263	0.0424	0.0608	0.0654	0.0727	0.0709	0.0743	0.0865	0.0853	0.0880	0.0952	0.1010	0.1006	0.1027	0.0944	0.1002	0.1102	0.1172	0.1063	0.1064	0.1095	0.1130	0.1166	0.1150	0.1321	0.1300	0.1366	0.1445	0.1442	0.1350	0.1385	0.1257	0.1276	0.1260	0.1302	0.1358	0.1177	0.1335	0.1456	0.1532	0.1572	0.1500	0.1662	0.1820	0.1844	0.2004	0.2240	0.2649	0.3846	0.3854	0.4016	0.4719	0.5432	0.6351	0.5774	0.4597	0.5840	0.6911	0.6424	0.4991	0.4716	0.4803	0.4299	0.4071	0.3462
0.0306	0.0174	0.0361	0.0336	0.0352	0.0395	0.0502	0.0504	0.0537	0.0578	0.0592	0.0659	0.0722	0.0773	0.0697	0.0804	0.0899	0.0862	0.0849	0.0844	0.0999	0.0979	0.0937	0.0950	0.0883	0.0964	0.0954	0.1089	0.1178	0.0980	0.1051	0.1058	0.1056	0.1034	0.1138	0.1077	0.1085	0.1134	0.1046	0.1070	0.1119	0.1136	0.1179	0.1331	0.1343	0.1281	0.1295	0.1434	0.1383	0.1468	0.1696	0.1778	0.1956	0.2351	0.3783	0.3231	0.2830	0.3656	0.3149	0.3015	0.4652	0.6101	0.5117	0.3146	0.2628	0.2853	0.2777	0.2874	0.3035
0.0151	0.0201	0.0349	0.0243	0.0294	0.0368	0.0401	0.0618	0.0530	0.0583	0.0639	0.0632	0.0587	0.0662	0.0741	0.0782	0.0844	0.0835	0.0751	0.0780	0.0836	0.0857	0.0832	0.0847	0.0886	0.0913	0.0859	0.0976	0.1004	0.0926	0.0820	0.0822	0.0918	0.0903	0.1038	0.0964	0.0982	0.0981	0.0930	0.0864	0.0925	0.0939	0.0910	0.1000	0.1030	0.1134	0.1126	0.1201	0.1156	0.1191	0.1325	0.1397	0.1572	0.1772	0.3599	0.3795	0.2597	0.2949	0.2278	0.2099	0.2678	0.3513	0.2920	0.2268	0.2218	0.2256	0.2161	0.2481	0.2336
0.0051	0.0093	0.0196	0.0238	0.0231	0.0376	0.0456	0.0416	0.0434	0.0458	0.0499	0.0598	0.0643	0.0509	0.0576	0.0703	0.0744	0.0856	0.0714	0.0674	0.0827	0.0746	0.0757	0.0729	0.0764	0.0807	0.0805	0.0773	0.0819	0.0878	0.0801	0.0780	0.0797	0.0766	0.0849	0.0738	0.0782	0.0773	0.0737	0.0760	0.0765	0.0794	0.0811	0.0780	0.0855	0.1012	0.1005	0.0958	0.0940	0.0974	0.1096	0.1158	0.1175	0.1281	0.1648	0.2109	0.1877	0.1552	0.1524	0.1739	0.1675	0.1757	0.1772	0.1806	0.1746	0.1765	0.1742	0.1937	0.1851
0.0000	0.0000	0.0162	0.0269	0.0199	0.0173	0.0230	0.0282	0.0399	0.0453	0.0336	0.0496	0.0614	0.0489	0.0561	0.0640	0.0625	0.0727	0.0645	0.0606	0.0717	0.0720	0.0703	0.0653	0.0701	0.0716	0.0720	0.0630	0.0745	0.0835	0.0711	0.0660	0.0704	0.0658	0.0748	0.0711	0.0614	0.0653	0.0625	0.0680	0.0647	0.0681	0.0777	0.0676	0.0752	0.0784	0.0805	0.0779	0.0775	0.0845	0.0834	0.0845	0.0891	0.0966	0.0965	0.1145	0.1308	0.1122	0.1148	0.1362	0.1341	0.1311	0.1311	0.1419	0.1385	0.1402	0.1480	0.1454	0.1316
0.0000	0.0000	0.0143	0.0168	0.0162	0.0085	0.0198	0.0389	0.0271	0.0384	0.0358	0.0445	0.0462	0.0433	0.0549	0.0670	0.0549	0.0510	0.0459	0.0661	0.0709	0.0612	0.0587	0.0619	0.0682	0.0620	0.0638	0.0684	0.0608	0.0700	0.0563	0.0618	0.0716	0.0673	0.0646	0.0597	0.0657	0.0552	0.0573	0.0650	0.0676	0.0667	0.0701	0.0615	0.0596	0.0713	0.0697	0.0690	0.0673	0.0726	0.0709	0.0693	0.0671	0.0757	0.0845	0.0869	0.0988	0.0822	0.0898	0.1059	0.1006	0.0987	0.1035	0.1154	0.1080	0.1229	0.1215	0.1023	0.1005
0.0000	0.0000	0.0230	0.0133	0.0141	0.0172	0.0299	0.0337	0.0383	0.0394	0.0331	0.0397	0.0425	0.0335	0.0465	0.0495	0.0553	0.0447	0.0526	0.0539	0.0564	0.0603	0.0651	0.0579	0.0611	0.0623	0.0521	0.0637	0.0573	0.0531	0.0578	0.0549	0.0510	0.0564	0.0626	0.0544	0.0572	0.0574	0.0600	0.0565	0.0596	0.0622	0.0594	0.0613	0.0623	0.0631	0.0619	0.0629	0.0646	0.0580	0.0578	0.0700	0.0634	0.0734	0.0725	0.0706	0.0756	0.0737	0.0750	0.0839	0.0764	0.0702	0.0822	0.0833	0.0895	0.0803	0.0814	0.0894	0.0748
0.0000	0.0000	0.0020	0.0000	0.0030	0.0074	0.0193	0.0328	0.0298	0.0232	0.0235	0.0220	0.0246	0.0240	0.0376	0.0416	0.0428	0.0381	0.0392	0.0430	0.0525	0.0545	0.0604	0.0501	0.0466	0.0532	0.0598	0.0560	0.0545	0.0560	0.0535	0.0513	0.0493	0.0544	0.0508	0.0548	0.0505	0.0506	0.0563	0.0494	0.0471	0.0559	0.0613	0.0559	0.0532	0.0521	0.0524	0.0562	0.0590	0.0541	0.0430	0.0550	0.0620	0.0617	0.0577	0.0645	0.0669	0.0633	0.0665	0.0725	0.0744	0.0722	0.0660	0.0633	0.0591	0.0543	0.0684	0.0660	0.0639
0.0000	0.0000	0.0000	0.0000	0.0106	0.0000	0.0144	0.0224	0.0187	0.0129	0.0151	0.0319	0.0227	0.0206	0.0213	0.0320	0.0399	0.0441	0.0379	0.0405	0.0420	0.0370	0.0383	0.0420	0.0439	0.0488	0.0525	0.0443	0.0556	0.0573	0.0510	0.0498	0.0459	0.0387	0.0457	0.0526	0.0451	0.0480	0.0467	0.0473	0.0453	0.0541	0.0523	0.0465	0.0454	0.0495	0.0534	0.0544	0.0484	0.0508	0.0522	0.0559	0.0579	0.0556	0.0536	0.0562	0.0590	0.0565	0.0618	0.0663	0.0688	0.0580	0.0589	0.0606	0.0675	0.0532	0.0563	0.0505	0.0522
0.0000	0.0000	0.0000	0.0000	0.0000	0.0040	0.0110	0.0112	0.0228	0.0123	0.0188	0.0319	0.0227	0.0271	0.0285	0.0370	0.0411	0.0374	0.0379	0.0455	0.0469	0.0410	0.0444	0.0394	0.0416	0.0385	0.0431	0.0489	0.0447	0.0489	0.0510	0.0506	0.0465	0.0453	0.0511	0.0402	0.0421	0.0541	0.0487	0.0427	0.0402	0.0479	0.0486	0.0505	0.0434	0.0545	0.0571	0.0524	0.0474	0.0534	0.0545	0.0525	0.0457	0.0479	0.0595	0.0555	0.0552	0.0547	0.0614	0.0587	0.0610	0.0518	0.0530	0.0544	0.0467	0.0441	0.0420	0.0539	0.0438
0.0000	0.0000	0.0000	0.0000	0.0000	0.0000	0.0035	0.0104	0.0306	0.0113	0.0118	0.0253	0.0238	0.0309	0.0249	0.0289	0.0405	0.0461	0.0389	0.0363	0.0325	0.0388	0.0377	0.0485	0.0375	0.0419	0.0360	0.0413	0.0402	0.0478	0.0461	0.0445	0.0417	0.0479	0.0489	0.0418	0.0384	0.0474	0.0434	0.0423	0.0410	0.0363	0.0463	0.0442	0.0435	0.0441	0.0556	0.0504	0.0469	0.0502	0.0483	0.0463	0.0452	0.0546	0.0513	0.0534	0.0589	0.0532	0.0534	0.0500	0.0569	0.0440	0.0535	0.0557	0.0400	0.0369	0.0375	0.0401	0.0321
0.0000	0.0008	0.0000	0.0000	0.0000	0.0111	0.0100	0.0083	0.0071	0.0036	0.0115	0.0222	0.0173	0.0173	0.0148	0.0189	0.0243	0.0229	0.0295	0.0341	0.0408	0.0270	0.0256	0.0322	0.0385	0.0391	0.0470	0.0459	0.0408	0.0475	0.0394	0.0390	0.0371	0.0424	0.0481	0.0411	0.0360	0.0333	0.0343	0.0379	0.0401	0.0406	0.0469	0.0477	0.0404	0.0362	0.0435	0.0391	0.0402	0.0389	0.0415	0.0395	0.0412	0.0464	0.0451	0.0493	0.0509	0.0377	0.0363	0.0461	0.0417	0.0378	0.0353	0.0397	0.0371	0.0374	0.0403	0.0403	0.0324
0.0000	0.0000	0.0000	0.0000	0.0000	0.0006	0.0001	0.0000	0.0051	0.0060	0.0145	0.0130	0.0309	0.0107	0.0197	0.0283	0.0250	0.0356	0.0386	0.0301	0.0290	0.0332	0.0287	0.0305	0.0410	0.0311	0.0388	0.0417	0.0463	0.0394	0.0367	0.0292	0.0357	0.0297	0.0434	0.0396	0.0399	0.0380	0.0406	0.0323	0.0375	0.0417	0.0388	0.0395	0.0471	0.0380	0.0388	0.0436	0.0363	0.0285	0.0468	0.0427	0.0405	0.0429	0.0481	0.0573	0.0434	0.0338	0.0448	0.0632	0.0516	0.0476	0.0432	0.0539	0.0493	0.0522	0.0459	0.0325	0.0376
