0.0000	0.0000	0.0000	0.0117	0.0000	0.0000	0.0039	0.0200	0.0156	0.0221	0.0189	0.0238	0.0215	0.0208	0.0271	0.0341	0.0394	0.0316	0.0271	0.0464	0.0599	0.0369	0.0403	0.0529	0.0654	0.0574	0.0647	0.0592	0.0764	0.0722	0.0556	0.0644	0.0663	0.0697	0.0660	0.0592	0.0597	0.0505	0.0567	0.0558	0.0536	0.0631	0.0656	0.0521	0.0604	0.0674	0.0821	0.0669	0.0649	0.0686	0.0737	0.0654	0.0669	0.0705	0.0559	0.0589	0.0609	0.0584	0.0697	0.0506	0.0445	0.0413	0.0464	0.0485	0.0448	0.0377	0.0335	0.0381	0.0353
0.0000	0.0000	0.0000	0.0070	0.0000	0.0000	0.0069	0.0226	0.0110	0.0122	0.0211	0.0263	0.0248	0.0303	0.0359	0.0430	0.0371	0.0331	0.0386	0.0398	0.0469	0.0449	0.0573	0.0680	0.0797	0.0741	0.0680	0.0767	0.0794	0.0770	0.0771	0.0744	0.0838	0.0723	0.0793	0.0819	0.0798	0.0659	0.0825	0.0769	0.0738	0.0682	0.0670	0.0721	0.0832	0.0795	0.0723	0.0736	0.0647	0.0775	0.0887	0.0701	0.0530	0.0734	0.0710	0.0786	0.0659	0.0657	0.0600	0.0542	0.0542	0.0444	0.0536	0.0616	0.0579	0.0472	0.0479	0.0426	0.0390
0.0000	0.0000	0.0000	0.0077	0.0024	0.0000	0.0079	0.0180	0.0159	0.0078	0.0271	0.0357	0.0365	0.0423	0.0370	0.0426	0.0298	0.0459	0.0532	0.0599	0.0502	0.0483	0.0586	0.0631	0.0729	0.0767	0.0849	0.0794	0.0796	0.0736	0.0804	0.0763	0.0817	0.0929	0.0789	0.0837	0.0843	0.0798	0.0842	0.0712	0.0786	0.0854	0.0817	0.0797	0.0831	0.0761	0.0759	0.0841	0.0783	0.0594	0.0845	0.0888	0.0710	0.0800	0.0785	0.0764	0.0749	0.0824	0.0663	0.0667	0.0705	0.0564	0.0540	0.0687	0.0612	0.0513	0.0459	0.0577	0.0537
0.0000	0.0000	0.0018	0.0217	0.0007	0.0117	0.0221	0.0277	0.0257	0.0210	0.0235	0.0391	0.0542	0.0401	0.0296	0.0393	0.0521	0.0579	0.0500	0.0493	0.0613	0.0612	0.0575	0.0671	0.0773	0.0679	0.0699	0.0695	0.0674	0.0737	0.0817	0.0891	0.0859	0.0994	0.0883	0.0767	0.0715	0.0848	0.0949	0.0657	0.0820	0.0808	0.0766	0.0829	0.0858	0.0720	0.0698	0.0739	0.0698	0.0579	0.0769	0.0776	0.0801	0.0793	0.0943	0.0713	0.0729	0.0884	0.0776	0.0743	0.0803	0.0644	0.0677	0.0790	0.0710	0.0493	0.0623	0.0624	0.0641
0.0000	0.0055	0.0139	0.0122	0.0000	0.0095	0.0109	0.0215	0.0298	0.0196	0.0242	0.0361	0.0556	0.0490	0.0376	0.0487	0.0582	0.0534	0.0510	0.0614	0.0632	0.0685	0.0694	0.0738	0.0774	0.0750	0.0798	0.0763	0.0857	0.0837	0.0878	0.0777	0.0971	0.1066	0.0954	0.0768	0.0721	0.0805	0.0871	0.0716	0.0839	0.0709	0.0783	0.0891	0.0895	0.0946	0.0878	0.0700	0.0838	0.0736	0.0937	0.0957	0.0842	0.0728	0.0941	0.0877	0.0908	0.0903	0.0840	0.0832	0.0841	0.0695	0.0846	0.0928	0.0847	0.0629	0.0843	0.0891	0.0751
0.0000	0.0011	0.0020	0.0000	0.0048	0.0030	0.0102	0.0297	0.0373	0.0331	0.0330	0.0577	0.0632	0.0386	0.0318	0.0413	0.0518	0.0543	0.0462	0.0743	0.0801	0.0774	0.0716	0.0691	0.0873	0.0778	0.0749	0.0766	0.1022	0.0968	0.0955	0.0998	0.1016	0.1149	0.1091	0.0903	0.0831	0.0988	0.0884	0.0818	0.0773	0.0945	0.0836	0.0876	0.0818	0.0895	0.0847	0.0822	0.0884	0.0859	0.1000	0.1054	0.0966	0.0971	0.0958	0.1095	0.1072	0.0889	0.0778	0.0909	0.0894	0.0836	0.0941	0.0965	0.1208	0.1045	0.0999	0.0882	0.0906
0.0000	0.0031	0.0023	0.0026	0.0155	0.0076	0.0175	0.0220	0.0392	0.0332	0.0395	0.0459	0.0506	0.0384	0.0343	0.0525	0.0608	0.0663	0.0668	0.0743	0.0860	0.0926	0.0676	0.0697	0.0816	0.1021	0.0987	0.0842	0.0889	0.0947	0.0910	0.1084	0.0979	0.1049	0.1014	0.0924	0.0888	0.1000	0.0981	0.0962	0.0900	0.0857	0.0936	0.0932	0.0914	0.0920	0.0878	0.0997	0.0975	0.0942	0.1165	0.1216	0.1079	0.1034	0.1180	0.1188	0.1185	0.1189	0.1168	0.1187	0.1130	0.1001	0.1038	0.1076	0.1300	0.1238	0.1128	0.1093	0.1276
0.0000	0.0065	0.0024	0.0183	0.0102	0.0136	0.0276	0.0360	0.0377	0.0316	0.0452	0.0571	0.0574	0.0555	0.0483	0.0604	0.0676	0.0744	0.0747	0.0740	0.0900	0.0975	0.0880	0.0793	0.0956	0.1127	0.0925	0.0960	0.1077	0.1067	0.1036	0.1032	0.0980	0.0970	0.1031	0.0927	0.1043	0.1137	0.1175	0.1094	0.1048	0.1054	0.1041	0.0949	0.0951	0.1051	0.1149	0.1130	0.1013	0.1054	0.1147	0.1233	0.1166	0.1160	0.1381	0.1251	0.1205	0.1315	0.1426	0.1372	0.1281	0.1236	0.1372	0.1495	0.1447	0.1416	0.1532	0.1609	0.1558
0.0000	0.0001	0.0013	0.0197	0.0260	0.0350	0.0399	0.0408	0.0533	0.0413	0.0438	0.0528	0.0522	0.0697	0.0763	0.0702	0.0684	0.0729	0.0778	0.0920	0.0912	0.0905	0.0989	0.0790	0.1178	0.1051	0.0947	0.1082	0.1196	0.1067	0.1091	0.1222	0.1249	0.1031	0.1158	0.1044	0.0996	0.1151	0.1253	0.1233	0.1058	0.1097	0.0996	0.0979	0.1207	0.1147	0.1180	0.1242	0.1325	0.1260	0.1348	0.1555	0.1641	0.1591	0.1456	0.1588	0.1593	0.1611	0.1650	0.1717	0.1710	0.1546	0.1679	0.1808	0.1808	0.2231	0.3009	0.2828	0.2396
0.0039	0.0002	0.0011	0.0169	0.0304	0.0431	0.0391	0.0338	0.0512	0.0499	0.0574	0.0593	0.0533	0.0664	0.0753	0.0821	0.0758	0.0817	0.0877	0.1029	0.0994	0.1036	0.1063	0.0960	0.1114	0.1193	0.1148	0.1175	0.1336	0.1451	0.1187	0.1300	0.1245	0.1215	0.1328	0.1228	0.1230	0.1365	0.1279	0.1292	0.1163	0.1113	0.1179	0.1232	0.1205	0.1345	0.1473	0.1466	0.1576	0.1567	0.1654	0.1827	0.2120	0.1849	0.1796	0.1901	0.2043	0.2297	0.2138	0.2063	0.2197	0.2090	0.2151	0.2329	0.2520	0.3229	0.3505	0.3575	0.3520
0.0011	0.0137	0.0112	0.0072	0.0213	0.0456	0.0381	0.0423	0.0548	0.0480	0.0564	0.0597	0.0678	0.0649	0.0654	0.0912	0.0934	0.0929	0.1023	0.1137	0.1196	0.1237	0.1314	0.1141	0.1264	0.1402	0.1604	0.1264	0.1451	0.1588	0.1473	0.1448	0.1452	0.1434	0.1406	0.1415	0.1453	0.1651	0.1552	0.1442	0.1333	0.1423	0.1436	0.1427	0.1555	0.1584	0.1738	0.1780	0.1817	0.1847	0.1919	0.2177	0.2236	0.2106	0.2200	0.2532	0.3101	0.3827	0.3270	0.2790	0.2483	0.2274	0.2446	0.2633	0.2674	0.3482	0.3506	0.3674	0.3340
0.0000	0.0059	0.0212	0.0304	0.0198	0.0415	0.0466	0.0616	0.0628	0.0497	0.0621	0.0694	0.0802	0.0783	0.0692	0.0884	0.1019	0.1059	0.1139	0.1437	0.1579	0.1386	0.1376	0.1520	0.1625	0.1524	0.1996	0.1821	0.1883	0.1961	0.1869	0.1719	0.1764	0.1744	0.1665	0.1623	0.1962	0.1948	0.1958	0.1666	0.1663	0.1683	0.1831	0.1764	0.1914	0.1901	0.1886	0.1980	0.2027	0.2304	0.2238	0.2377	0.2481	0.2593	0.2770	0.3289	0.4878	0.5538	0.4829	0.3854	0.3024	0.2697	0.2833	0.3394	0.2932	0.2892	0.3459	0.3321	0.3237
0.0150	0.0161	0.0255	0.0384	0.0327	0.0375	0.0468	0.0523	0.0678	0.0708	0.0748	0.0772	0.0907	0.0740	0.0773	0.1085	0.1337	0.1489	0.1498	0.2014	0.2604	0.2594	0.2817	0.3336	0.2994	0.2682	0.2752	0.3186	0.3946	0.4311	0.3245	0.2564	0.2315	0.2574	0.2847	0.2245	0.2223	0.2414	0.2355	0.2308	0.2244	0.2063	0.2089	0.2229	0.2041	0.2077	0.2241	0.2291	0.2363	0.2522	0.2670	0.2732	0.2799	0.3076	0.3289	0.3742	0.4323	0.5442	0.5727	0.4071	0.3363	0.3153	0.3441	0.4190	0.3548	0.3690	0.3995	0.4070	0.3465
0.0157	0.0242	0.0344	0.0502	0.0418	0.0366	0.0487	0.0681	0.0730	0.0801	0.0954	0.0893	0.1026	0.1101	0.1121	0.1381	0.1880	0.2200	0.2823	0.4462	0.5521	0.5850	0.5768	0.5256	0.5371	0.5229	0.4902	0.5643	0.5857	0.6158	0.5731	0.5042	0.4634	0.4731	0.5010	0.3992	0.3268	0.3526	0.4273	0.3963	0.2911	0.2620	0.2560	0.2390	0.2329	0.2397	0.2437	0.2407	0.2474	0.2625	0.2991	0.3263	0.3336	0.3378	0.3909	0.4148	0.4818	0.6082	0.5695	0.5182	0.4719	0.4288	0.4430	0.3974	0.3824	0.4294	0.4534	0.4045	0.3577
0.0157	0.0202	0.0371	0.0469	0.0522	0.0559	0.0640	0.0747	0.0851	0.0906	0.1017	0.1290	0.1244	0.1479	0.1668	0.1993	0.2767	0.3274	0.4281	0.5985	0.6557	0.6464	0.6365	0.6295	0.6173	0.5977	0.6204	0.6849	0.6716	0.6617	0.6752	0.7054	0.7343	0.7446	0.7378	0.6933	0.5943	0.6293	0.6590	0.6189	0.3806	0.2692	0.2826	0.2808	0.2670	0.2770	0.2821	0.2917	0.3267	0.3222	0.3432	0.3904	0.4174	0.4017	0.4039	0.4355	0.6117	0.6608	0.5808	0.5720	0.5373	0.4932	0.5433	0.4852	0.4199	0.4080	0.4409	0.3733	0.3576
0.0160	0.0260	0.0328	0.0447	0.0683	0.0720	0.0802	0.0950	0.1083	0.1171	0.1392	0.1787	0.1844	0.2134	0.2708	0.3168	0.4415	0.4851	0.6012	0.6462	0.6413	0.6268	0.5964	0.5961	0.6056	0.5865	0.5955	0.6215	0.6549	0.6568	0.6412	0.6978	0.7305	0.7808	0.7231	0.7138	0.7364	0.6746	0.6390	0.6131	0.4988	0.3268	0.3360	0.3380	0.3065	0.3538	0.3421	0.3365	0.3707	0.3909	0.4133	0.5904	0.5872	0.6066	0.5479	0.4814	0.6135	0.6675	0.5994	0.5892	0.5356	0.5021	0.5294	0.5329	0.4347	0.3825	0.4134	0.3986	0.3523
0.0343	0.0397	0.0551	0.0672	0.0818	0.1031	0.1354	0.1633	0.1654	0.1828	0.2249	0.2654	0.3210	0.3428	0.4200	0.4698	0.5788	0.6578	0.6554	0.6844	0.6832	0.6354	0.5895	0.5910	0.6068	0.5806	0.5766	0.5706	0.5810	0.6279	0.6462	0.6728	0.6941	0.7179	0.7246	0.6811	0.7209	0.6740	0.6858	0.5974	0.6096	0.5438	0.4719	0.4152	0.3935	0.4007	0.4092	0.4278	0.4330	0.4578	0.5437	0.7298	0.7252	0.7434	0.6730	0.5183	0.6006	0.6361	0.5729	0.5937	0.5348	0.4937	0.5088	0.4683	0.3985	0.3730	0.4011	0.3515	0.3333
0.0523	0.0839	0.1068	0.1360	0.1821	0.2055	0.2528	0.3408	0.3855	0.3223	0.4107	0.4494	0.4998	0.5545	0.6330	0.6479	0.6221	0.6398	0.5932	0.5984	0.6374	0.6167	0.5769	0.5538	0.5774	0.5609	0.5596	0.5811	0.5460	0.6125	0.6653	0.6884	0.7023	0.7164	0.7018	0.6630	0.6943	0.6800	0.6579	0.6726	0.6485	0.6653	0.7001	0.6127	0.5904	0.5132	0.5343	0.5103	0.5515	0.6327	0.6914	0.7607	0.7546	0.6854	0.6453	0.5144	0.5579	0.5911	0.5855	0.5642	0.5427	0.5059	0.4411	0.4184	0.4382	0.3782	0.3597	0.3387	0.3230
0.0996	0.1554	0.2232	0.3356	0.4169	0.4811	0.5173	0.5643	0.6058	0.5448	0.5345	0.6072	0.6058	0.5776	0.5566	0.5655	0.5467	0.5501	0.5390	0.5328	0.5438	0.5619	0.5406	0.5278	0.5529	0.5246	0.5749	0.5306	0.5441	0.6317	0.6072	0.6427	0.7157	0.7396	0.7098	0.6593	0.6209	0.6559	0.6210	0.6488	0.6358	0.6350	0.7114	0.7072	0.7242	0.6779	0.6468	0.5546	0.6137	0.7571	0.7493	0.7173	0.6943	0.6549	0.6369	0.5282	0.4865	0.5585	0.5479	0.5012	0.5285	0.4813	0.4654	0.4483	0.4327	0.3932	0.3653	0.3495	0.3268
0.1685	0.2871	0.3532	0.4475	0.4923	0.5222	0.4909	0.5115	0.4846	0.5119	0.4957	0.5176	0.5342	0.4606	0.4540	0.4894	0.4877	0.5091	0.5020	0.5086	0.5084	0.5459	0.5073	0.5380	0.5355	0.5032	0.5265	0.5512	0.5711	0.6106	0.6238	0.6299	0.6976	0.7151	0.6969	0.6736	0.5955	0.6168	0.5904	0.6200	0.6116	0.6253	0.6596	0.6516	0.7147	0.6868	0.7141	0.6342	0.6666	0.6778	0.6999	0.6738	0.6399	0.6385	0.6368	0.5457	0.5063	0.5793	0.5375	0.4876	0.4947	0.4683	0.5068	0.4576	0.4102	0.3801	0.3661	0.3637	0.3124
0.1817	0.2707	0.2897	0.3126	0.3331	0.3937	0.3897	0.3975	0.4067	0.3994	0.3975	0.4060	0.4313	0.4103	0.4130	0.4510	0.4533	0.4889	0.4922	0.4936	0.5174	0.4911	0.5133	0.5468	0.5117	0.5413	0.5288	0.5742	0.5518	0.5630	0.6361	0.6492	0.6762	0.6722	0.6841	0.6707	0.6283	0.6414	0.5888	0.5993	0.6046	0.5746	0.5990	0.6285	0.6587	0.6689	0.7411	0.7115	0.6807	0.6167	0.6617	0.6402	0.6139	0.6140	0.6142	0.5959	0.5793	0.6026	0.5210	0.4580	0.4731	0.4455	0.4553	0.4121	0.4144	0.3720	0.3346	0.3399	0.3204
0.1730	0.2074	0.2506	0.2559	0.2695	0.3004	0.3149	0.3116	0.3130	0.3142	0.3498	0.3693	0.3853	0.3927	0.4274	0.4284	0.4992	0.5293	0.5113	0.5157	0.5464	0.5217	0.5443	0.4914	0.5136	0.5226	0.5262	0.5716	0.5784	0.5750	0.5937	0.6198	0.6393	0.6627	0.6790	0.6730	0.6227	0.6606	0.5907	0.5937	0.6253	0.6211	0.6345	0.6758	0.6747	0.6656	0.6948	0.6709	0.6300	0.6345	0.6755	0.6452	0.5955	0.6044	0.5955	0.6637	0.6234	0.6041	0.5164	0.4405	0.4553	0.4425	0.4223	0.3960	0.3910	0.3805	0.3498	0.3337	0.3227
0.1535	0.1943	0.2257	0.2532	0.2623	0.2687	0.3053	0.2989	0.2962	0.2917	0.3641	0.3648	0.3892	0.4123	0.4344	0.4680	0.5303	0.5358	0.5014	0.4899	0.5449	0.5735	0.5292	0.5071	0.5155	0.5069	0.5466	0.5826	0.5894	0.6085	0.5963	0.5778	0.6742	0.6837	0.6418	0.6126	0.6375	0.6383	0.5922	0.5857	0.6243	0.6096	0.6194	0.6166	0.6704	0.6877	0.6590	0.6265	0.6258	0.6188	0.6426	0.6569	0.6551	0.6258	0.6178	0.6412	0.5930	0.5661	0.5213	0.4893	0.4415	0.4192	0.4086	0.4155	0.3814	0.3711	0.3552	0.3446	0.3031
0.1708	0.2010	0.2374	0.2705	0.2501	0.2578	0.3142	0.3414	0.2966	0.3146	0.3178	0.3516	0.3899	0.4168	0.4225	0.4935	0.5401	0.5394	0.5506	0.5257	0.5650	0.5655	0.5094	0.4964	0.5706	0.5291	0.5575	0.5883	0.5681	0.6109	0.5941	0.6032	0.6313	0.6843	0.6335	0.6027	0.6074	0.5849	0.5894	0.5893	0.6032	0.6026	0.6369	0.6410	0.6366	0.6416	0.6869	0.6121	0.6367	0.6112	0.5598	0.6020	0.6506	0.6076	0.6030	0.5883	0.5777	0.5646	0.5474	0.4720	0.4500	0.4417	0.4349	0.3816	0.3502	0.3544	0.3240	0.2970	0.2976
0.1889	0.2095	0.2427	0.2621	0.2832	0.3066	0.3252	0.3328	0.3385	0.3384	0.3324	0.3684	0.3856	0.4033	0.4295	0.4543	0.5030	0.5402	0.5652	0.5486	0.5411	0.5512	0.5632	0.5812	0.5753	0.5407	0.5419	0.5454	0.6115	0.6407	0.6187	0.6400	0.6336	0.6658	0.6468	0.6562	0.6451	0.6126	0.6099	0.6216	0.5993	0.6343	0.6303	0.6070	0.6163	0.6137	0.6200	0.6488	0.6501	0.6254	0.5944	0.5857	0.6014	0.6009	0.6126	0.5868	0.5586	0.5303	0.5225	0.4941	0.4644	0.4370	0.4449	0.3822	0.3852	0.3565	0.3399	0.3100	0.2826
0.1909	0.2062	0.2434	0.2757	0.3093	0.3141	0.3160	0.3193	0.3274	0.3335	0.3521	0.3672	0.3756	0.4099	0.4133	0.4538	0.5198	0.5123	0.5001	0.5224	0.5433	0.5384	0.5275	0.5592	0.5851	0.5416	0.5555	0.5843	0.6388	0.6201	0.6913	0.6341	0.6511	0.6320	0.6441	0.6173	0.6112	0.6135	0.6225	0.6157	0.6174	0.6290	0.5886	0.6018	0.6352	0.6283	0.6451	0.6442	0.6401	0.5954	0.6356	0.6183	0.5895	0.5784	0.6358	0.6131	0.5722	0.5547	0.5101	0.4670	0.4601	0.4265	0.4295	0.3935	0.3920	0.3521	0.3339	0.3168	0.2845
0.2024	0.2523	0.2712	0.2899	0.3003	0.2896	0.3040	0.3231	0.3309	0.3261	0.3630	0.3482	0.3915	0.4124	0.4351	0.4800	0.5148	0.4816	0.5108	0.5106	0.5263	0.5356	0.5172	0.5274	0.5421	0.5348	0.5618	0.5557	0.5768	0.6322	0.6267	0.6488	0.6598	0.6087	0.5870	0.5967	0.5996	0.5994	0.6018	0.6142	0.6347	0.5923	0.6100	0.6237	0.6336	0.6193	0.6161	0.6142	0.6113	0.6131	0.6437	0.6218	0.5903	0.5875	0.5996	0.6086	0.5361	0.5351	0.5042	0.5138	0.4620	0.4310	0.4364	0.3979	0.3890	0.3563	0.3138	0.3171	0.2910
0.2101	0.2291	0.2711	0.2804	0.2926	0.2927	0.3033	0.3139	0.2993	0.3436	0.3965	0.3724	0.4116	0.4265	0.4343	0.4509	0.4560	0.5029	0.5063	0.5055	0.4951	0.5039	0.5155	0.5235	0.5133	0.5326	0.5372	0.5359	0.5783	0.5783	0.5694	0.5887	0.5741	0.5899	0.5680	0.5884	0.5560	0.5820	0.6084	0.5900	0.5937	0.6223	0.6105	0.5853	0.5956	0.6028	0.6321	0.6468	0.6114	0.5898	0.6590	0.6551	0.6498	0.5980	0.5734	0.5764	0.5407	0.5083	0.4755	0.5159	0.4707	0.4732	0.4439	0.3820	0.3719	0.3610	0.3345	0.3298	0.3259
0.2066	0.2038	0.2501	0.2617	0.3040	0.2935	0.3038	0.3181	0.3234	0.3373	0.3872	0.3802	0.3765	0.4189	0.4210	0.4565	0.4745	0.5135	0.5509	0.5024	0.5190	0.5136	0.5055	0.5117	0.5505	0.5342	0.5363	0.5762	0.5984	0.5355	0.5424	0.5956	0.5802	0.5651	0.5512	0.5741	0.5817	0.5939	0.5495	0.5686	0.5812	0.5893	0.5776	0.5930	0.5908	0.5808	0.6038	0.5955	0.6212	0.6092	0.6064	0.6004	0.6175	0.6017	0.5793	0.5358	0.5082	0.5166	0.4743	0.4846	0.4679	0.4365	0.4192	0.3962	0.3923	0.3765	0.3498	0.3100	0.2871
0.1860	0.1921	0.2424	0.3084	0.2945	0.2818	0.3081	0.3153	0.3228	0.3405	0.3763	0.3971	0.3965	0.4138	0.4012	0.4348	0.4757	0.5273	0.5113	0.5171	0.4841	0.5244	0.5248	0.5277	0.5098	0.4958	0.5340	0.5614	0.5712	0.5827	0.5621	0.5641	0.6104	0.5793	0.5461	0.5465	0.5866	0.5841	0.5460	0.5472	0.5722	0.5771	0.5356	0.5685	0.5664	0.5334	0.5985	0.5838	0.5721	0.5977	0.5897	0.5817	0.5986	0.5683	0.5451	0.5250	0.4922	0.4934	0.4746	0.4631	0.4597	0.4353	0.4148	0.4130	0.4025	0.3567	0.3376	0.3284	0.3221
0.1860	0.2099	0.2599	0.2713	0.2707	0.2905	0.3256	0.3111	0.3333	0.3472	0.3552	0.3691	0.4145	0.4319	0.4461	0.4662	0.5319	0.5180	0.5054	0.5053	0.5260	0.5465	0.5209	0.5458	0.5267	0.5187	0.4998	0.5558	0.5579	0.5694	0.5619	0.5552	0.5803	0.5882	0.5859	0.5665	0.5814	0.5528	0.5519	0.5470	0.5198	0.5741	0.5722	0.5668	0.5383	0.5092	0.5631	0.5562	0.5976	0.6188	0.6078	0.5837	0.6163	0.5874	0.5218	0.5097	0.4946	0.4978	0.5070	0.4886	0.4384	0.4323	0.4358	0.4095	0.3885	0.3482	0.3346	0.3254	0.2936
0.1941	0.2389	0.2491	0.2547	0.2499	0.2727	0.3086	0.3362	0.3434	0.3560	0.3445	0.3488	0.3804	0.4150	0.4396	0.4883	0.5408	0.5147	0.5445	0.5272	0.5623	0.5672	0.5372	0.5587	0.5769	0.5790	0.5478	0.5708	0.6082	0.5729	0.5509	0.5860	0.5782	0.5616	0.5841	0.5832	0.5731	0.5477	0.5725	0.5400	0.5017	0.5354	0.5771	0.5319	0.5524	0.5335	0.5470	0.5980	0.5649	0.5953	0.6017	0.5512	0.5931	0.6096	0.5646	0.5259	0.5094	0.5045	0.4966	0.4647	0.4649	0.4325	0.4612	0.4099	0.3573	0.3397	0.3580	0.3450	0.3231
0.1976	0.2442	0.2439	0.2475	0.2482	0.2775	0.3316	0.3355	0.3409	0.3638	0.3675	0.3676	0.3880	0.4083	0.4327	0.4777	0.5163	0.5319	0.5411	0.5533	0.5746	0.5899	0.5738	0.5884	0.6106	0.5946	0.6076	0.6075	0.5898	0.5794	0.5986	0.5686	0.5744	0.5805	0.5830	0.5978	0.6002	0.5774	0.5807	0.5513	0.5697	0.5860	0.5605	0.5747	0.5681	0.5215	0.5538	0.5832	0.5948	0.5713	0.5597	0.5739	0.6146	0.5736	0.5457	0.5498	0.5463	0.5181	0.4974	0.4600	0.4571	0.4522	0.4563	0.4187	0.3881	0.3547	0.3630	0.3395	0.3384
0.1859	0.2094	0.2429	0.2497	0.2626	0.2776	0.3034	0.3125	0.3482	0.3419	0.3594	0.3677	0.4220	0.4220	0.4336	0.4760	0.4847	0.5175	0.5235	0.5653	0.5831	0.5818	0.5903	0.5720	0.5928	0.5994	0.5878	0.6154	0.6028	0.5884	0.6297	0.6171	0.5774	0.5960	0.6001	0.5916	0.5768	0.5718	0.6009	0.5728	0.5777	0.6016	0.5668	0.5712	0.5331	0.5374	0.5832	0.5612	0.5936	0.6055	0.5807	0.5815	0.5917	0.5724	0.5876	0.5829	0.5407	0.5378	0.5383	0.5394	0.4701	0.4601	0.4500	0.4580	0.4167	0.4090	0.4080	0.3896	0.3617
0.1912	0.2145	0.2098	0.2283	0.2495	0.2639	0.2887	0.3321	0.3352	0.3277	0.3591	0.3683	0.4003	0.4408	0.4545	0.4806	0.4917	0.5225	0.5158	0.5449	0.5742	0.5524	0.5502	0.5945	0.6071	0.5972	0.6066	0.5814	0.5761	0.6121	0.6189	0.6366	0.6046	0.5971	0.6339	0.5834	0.5645	0.5785	0.6120	0.5735	0.5795	0.5970	0.5845	0.5670	0.5768	0.5855	0.5415	0.5603	0.5534	0.6071	0.6246	0.5950	0.6154	0.6673	0.6215	0.5887	0.6030	0.6111	0.5613	0.5896	0.5203	0.4982	0.5040	0.4931	0.4668	0.4475	0.4385	0.4105	0.3590
0.2013	0.2103	0.2117	0.2515	0.2649	0.2774	0.3204	0.3485	0.3611	0.3470	0.3503	0.3940	0.3984	0.4615	0.4565	0.4835	0.5178	0.4816	0.5201	0.5464	0.5218	0.5436	0.5412	0.5605	0.5995	0.5856	0.5601	0.5918	0.6060	0.6069	0.6165	0.6227	0.6310	0.6510	0.6343	0.6038	0.5924	0.5946	0.5739	0.5689	0.5719	0.5717	0.5962	0.5967	0.5817	0.5935	0.6045	0.6044	0.5970	0.6214	0.6526	0.6469	0.6670	0.6851	0.6735	0.6339	0.6170	0.6286	0.5628	0.5901	0.5717	0.5448	0.5501	0.5431	0.4823	0.4468	0.4512	0.4438	0.4130
0.1743	0.1985	0.2429	0.2850	0.3307	0.3406	0.3757	0.3854	0.3777	0.3934	0.3849	0.4320	0.4461	0.4647	0.4669	0.4895	0.5033	0.5272	0.5084	0.5304	0.5592	0.5463	0.5402	0.5580	0.5287	0.5461	0.5425	0.5728	0.6130	0.6113	0.6026	0.6315	0.6712	0.6874	0.6375	0.6165	0.6246	0.6025	0.5779	0.5837	0.6025	0.6342	0.6154	0.6580	0.6530	0.6244	0.6507	0.6512	0.6761	0.6878	0.6842	0.7003	0.7494	0.7484	0.7045	0.6949	0.6324	0.6413	0.6170	0.6167	0.5781	0.5528	0.5520	0.5288	0.4843	0.4688	0.4691	0.4550	0.4308
0.2145	0.2741	0.2937	0.3263	0.3758	0.3947	0.4331	0.4551	0.4676	0.4852	0.5136	0.5227	0.4884	0.4854	0.5241	0.5425	0.5551	0.6067	0.5959	0.5911	0.5823	0.5794	0.5728	0.5734	0.5539	0.5679	0.5517	0.5807	0.6037	0.5858	0.6752	0.6683	0.6613	0.6922	0.6986	0.6511	0.6463	0.6511	0.6436	0.6185	0.6757	0.6531	0.6802	0.6887	0.7211	0.7039	0.7643	0.7771	0.7758	0.7589	0.8009	0.8373	0.8286	0.7920	0.7928	0.7001	0.6831	0.6777	0.6857	0.6591	0.6498	0.6011	0.6109	0.5712	0.5073	0.4843	0.5015	0.4660	0.4582
0.2269	0.3739	0.4205	0.4502	0.4748	0.5052	0.5563	0.5835	0.5681	0.5812	0.6046	0.6062	0.5958	0.5900	0.5892	0.6298	0.6497	0.6293	0.6143	0.6154	0.5858	0.6054	0.5843	0.5706	0.6048	0.5883	0.6086	0.5854	0.6473	0.6536	0.6992	0.7223	0.7564	0.7281	0.7408	0.6990	0.6698	0.7027	0.6898	0.6773	0.7032	0.7084	0.7805	0.7978	0.7820	0.7544	0.8097	0.8024	0.8528	0.8542	0.8445	0.8896	0.9189	0.8625	0.7790	0.7360	0.6948	0.7017	0.6854	0.6979	0.7201	0.6662	0.6545	0.6256	0.5706	0.5217	0.4921	0.4939	0.4661
0.1297	0.2266	0.3286	0.4594	0.4921	0.5387	0.6115	0.6415	0.6334	0.6552	0.6314	0.6709	0.6285	0.6850	0.7360	0.7320	0.7149	0.7113	0.6773	0.6594	0.6474	0.6563	0.6325	0.6206	0.6229	0.6075	0.6171	0.6173	0.6851	0.7045	0.7441	0.7193	0.7419	0.7384	0.7123	0.6876	0.7187	0.7082	0.7156	0.7107	0.7539	0.7959	0.8650	0.8642	0.8495	0.8524	0.8746	0.8651	0.8902	0.9130	0.8961	0.9044	0.8969	0.8595	0.7926	0.7333	0.7174	0.6759	0.7165	0.7572	0.7668	0.7545	0.7126	0.6233	0.5746	0.5383	0.5124	0.5002	0.4558
0.0657	0.0644	0.1068	0.1591	0.2056	0.2738	0.3216	0.3426	0.3464	0.3958	0.4564	0.4949	0.4985	0.6748	0.8165	0.8022	0.7905	0.8200	0.8037	0.7617	0.7594	0.7293	0.6908	0.6657	0.6822	0.6302	0.6374	0.6597	0.7299	0.7651	0.7475	0.7335	0.7521	0.7427	0.7329	0.7134	0.7230	0.7406	0.7411	0.7344	0.8083	0.7928	0.7870	0.8407	0.8582	0.7882	0.8648	0.9052	0.9251	0.9251	0.9069	0.9256	0.8968	0.8406	0.7852	0.7747	0.7732	0.7382	0.7428	0.7199	0.7387	0.7393	0.6930	0.6784	0.5921	0.5504	0.5374	0.5120	0.4949
0.0213	0.0322	0.0619	0.0809	0.0942	0.0970	0.1123	0.1474	0.1761	0.2011	0.2382	0.2825	0.3527	0.4799	0.6722	0.6507	0.6845	0.7593	0.7570	0.7343	0.7525	0.7207	0.7170	0.7112	0.7074	0.6403	0.6693	0.6952	0.7268	0.7418	0.7667	0.7371	0.7761	0.7631	0.7772	0.7879	0.7352	0.7466	0.7189	0.7239	0.7346	0.5942	0.5066	0.5658	0.7238	0.5900	0.7396	0.9152	0.8521	0.7674	0.8769	0.9576	0.8808	0.8556	0.8371	0.8210	0.7860	0.7491	0.6893	0.7217	0.7394	0.6697	0.6269	0.6932	0.6466	0.6039	0.5578	0.5231	0.4954
0.0235	0.0184	0.0471	0.0611	0.0649	0.0661	0.0691	0.0678	0.0853	0.1141	0.1264	0.1538	0.1967	0.2183	0.2923	0.3425	0.4360	0.6264	0.7027	0.7211	0.7117	0.7368	0.7278	0.7601	0.7792	0.7341	0.7029	0.7241	0.8005	0.7857	0.7660	0.7345	0.7897	0.8118	0.7938	0.7647	0.7403	0.7468	0.6706	0.6349	0.6561	0.4545	0.3873	0.3715	0.4010	0.3874	0.5099	0.6493	0.5639	0.5625	0.7718	0.9780	0.9306	0.8957	0.8719	0.8713	0.8477	0.8043	0.7493	0.7495	0.7364	0.5899	0.5783	0.6917	0.6073	0.6168	0.6043	0.5600	0.5517
0.0055	0.0226	0.0361	0.0409	0.0500	0.0707	0.0728	0.0681	0.0734	0.0761	0.0848	0.0807	0.1021	0.1185	0.1375	0.1619	0.2185	0.2889	0.3122	0.3789	0.4562	0.5247	0.5948	0.6850	0.6650	0.6611	0.6516	0.6988	0.7670	0.7535	0.7343	0.7278	0.6899	0.5699	0.4999	0.5003	0.5896	0.6340	0.6076	0.4386	0.4528	0.3599	0.2898	0.2751	0.2893	0.3076	0.3429	0.3846	0.4135	0.4539	0.6535	0.9896	0.9748	0.9398	0.9049	0.9284	0.8934	0.8169	0.7401	0.7361	0.6827	0.4869	0.3985	0.4455	0.4269	0.5363	0.5453	0.5098	0.4879
0.0074	0.0108	0.0329	0.0283	0.0337	0.0599	0.0711	0.0582	0.0517	0.0663	0.0787	0.0686	0.0767	0.0863	0.0988	0.1074	0.1197	0.1265	0.1433	0.1517	0.1800	0.2175	0.2163	0.2811	0.3153	0.2958	0.3301	0.3477	0.4262	0.4319	0.4230	0.4160	0.3389	0.2586	0.2291	0.2156	0.2410	0.2948	0.3008	0.2333	0.2018	0.2127	0.2104	0.2205	0.2233	0.2385	0.2538	0.2845	0.3122	0.3651	0.4986	0.8323	1.0000	0.9602	0.9537	0.9203	0.7973	0.7925	0.7581	0.7109	0.6150	0.3645	0.2718	0.2744	0.2696	0.3188	0.3260	0.3116	0.3151
0.0115	0.0227	0.0357	0.0199	0.0345	0.0501	0.0661	0.0614	0.0695	0.0609	0.0599	0.0606	0.0825	0.0828	0.0834	0.0892	0.0903	0.0999	0.1102	0.1107	0.1142	0.1220	0.1360	0.1413	0.1524	0.1505	0.1542	0.1531	0.1736	0.1696	0.1712	0.1893	0.1771	0.1668	0.1722	0.1656	0.1727	0.1701	0.1794	0.1724	0.1500	0.1570	0.1687	0.1766	0.1735	0.1763	0.1816	0.1978	0.2079	0.2297	0.2867	0.4264	0.6734	0.6541	0.7440	0.7939	0.5890	0.5380	0.6368	0.7287	0.5497	0.2837	0.2394	0.2442	0.2474	0.2463	0.2597	0.2588	0.2686
0.0224	0.0182	0.0282	0.0307	0.0364	0.0542	0.0671	0.0548	0.0641	0.0501	0.0559	0.0634	0.0608	0.0621	0.0683	0.0828	0.0922	0.0794	0.0885	0.0994	0.0935	0.0956	0.1055	0.1074	0.0990	0.1135	0.1199	0.1123	0.1196	0.1184	0.1251	0.1277	0.1190	0.1331	0.1352	0.1277	0.1364	0.1270	0.1332	0.1374	0.1374	0.1422	0.1391	0.1525	0.1553	0.1514	0.1591	0.1603	0.1686	0.1707	0.1943	0.2192	0.2490	0.2517	0.3154	0.3895	0.2902	0.2542	0.3295	0.3992	0.2990	0.2243	0.2149	0.2112	0.2095	0.2224	0.2349	0.2556	0.2705
0.0020	0.0057	0.0160	0.0387	0.0441	0.0408	0.0538	0.0502	0.0525	0.0381	0.0442	0.0539	0.0563	0.0577	0.0680	0.0731	0.0846	0.0831	0.0819	0.0858	0.0780	0.0910	0.0854	0.0818	0.0787	0.0924	0.0901	0.0991	0.1038	0.1012	0.0928	0.0922	0.0963	0.0962	0.1048	0.0977	0.1092	0.1078	0.1074	0.1086	0.1124	0.1109	0.1188	0.1247	0.1265	0.1350	0.1356	0.1476	0.1465	0.1552	0.1643	0.1727	0.1776	0.1773	0.1767	0.1919	0.2073	0.2018	0.1939	0.1973	0.2049	0.1969	0.1976	0.2036	0.1897	0.2103	0.2120	0.2407	0.2318
0.0000	0.0058	0.0149	0.0404	0.0360	0.0232	0.0332	0.0386	0.0489	0.0465	0.0463	0.0471	0.0596	0.0493	0.0591	0.0691	0.0648	0.0721	0.0680	0.0813	0.0841	0.0713	0.0769	0.0768	0.0784	0.0784	0.0709	0.0718	0.0847	0.0932	0.0875	0.0821	0.0868	0.0825	0.0848	0.0816	0.0844	0.0836	0.0876	0.0881	0.0871	0.0857	0.0963	0.0957	0.0991	0.1091	0.1053	0.1138	0.1188	0.1250	0.1312	0.1434	0.1295	0.1360	0.1431	0.1490	0.1597	0.1626	0.1628	0.1834	0.1807	0.1638	0.1702	0.1777	0.1677	0.1754	0.1888	0.1971	0.2073
0.0000	0.0000	0.0030	0.0202	0.0111	0.0192	0.0218	0.0335	0.0309	0.0395	0.0449	0.0423	0.0469	0.0374	0.0537	0.0631	0.0537	0.0612	0.0627	0.0688	0.0782	0.0707	0.0727	0.0658	0.0717	0.0699	0.0653	0.0710	0.0765	0.0756	0.0793	0.0755	0.0795	0.0765	0.0670	0.0711	0.0727	0.0746	0.0769	0.0756	0.0804	0.0796	0.0834	0.0747	0.0865	0.0887	0.0826	0.0825	0.0873	0.0918	0.1020	0.1087	0.1101	0.1115	0.1065	0.1182	0.1234	0.1226	0.1252	0.1356	0.1334	0.1268	0.1382	0.1416	0.1301	0.1378	0.1564	0.1498	0.1513
0.0000	0.0000	0.0056	0.0100	0.0087	0.0058	0.0187	0.0370	0.0328	0.0419	0.0346	0.0357	0.0469	0.0447	0.0514	0.0531	0.0526	0.0579	0.0588	0.0578	0.0698	0.0573	0.0629	0.0696	0.0716	0.0696	0.0743	0.0721	0.0719	0.0666	0.0630	0.0669	0.0737	0.0712	0.0670	0.0670	0.0737	0.0685	0.0746	0.0685	0.0763	0.0807	0.0703	0.0754	0.0735	0.0758	0.0782	0.0755	0.0755	0.0828	0.0790	0.0866	0.0833	0.0971	0.1004	0.1007	0.0963	0.0963	0.1024	0.1062	0.1056	0.0987	0.1002	0.1206	0.1200	0.1157	0.1115	0.1122	0.1129
0.0000	0.0000	0.0045	0.0187	0.0194	0.0069	0.0158	0.0188	0.0219	0.0376	0.0336	0.0355	0.0445	0.0467	0.0450	0.0491	0.0503	0.0553	0.0531	0.0446	0.0558	0.0628	0.0702	0.0607	0.0608	0.0680	0.0634	0.0666	0.0624	0.0626	0.0663	0.0572	0.0593	0.0701	0.0670	0.0683	0.0709	0.0692	0.0654	0.0657	0.0696	0.0672	0.0695	0.0703	0.0650	0.0643	0.0655	0.0695	0.0657	0.0714	0.0751	0.0833	0.0735	0.0766	0.0833	0.0734	0.0766	0.0798	0.0788	0.0868	0.0872	0.0840	0.0841	0.0867	0.0978	0.0890	0.0730	0.0805	0.0828
0.0000	0.0000	0.0031	0.0000	0.0041	0.0075	0.0178	0.0359	0.0226	0.0238	0.0171	0.0226	0.0356	0.0392	0.0330	0.0455	0.0445	0.0470	0.0367	0.0419	0.0532	0.0552	0.0549	0.0500	0.0578	0.0625	0.0618	0.0548	0.0497	0.0534	0.0645	0.0584	0.0550	0.0575	0.0586	0.0575	0.0625	0.0548	0.0576	0.0572	0.0609	0.0629	0.0628	0.0603	0.0631	0.0602	0.0575	0.0607	0.0561	0.0601	0.0645	0.0735	0.0687	0.0684	0.0670	0.0658	0.0711	0.0733	0.0711	0.0726	0.0740	0.0629	0.0679	0.0705	0.0694	0.0667	0.0600	0.0617	0.0652
0.0000	0.0000	0.0017	0.0035	0.0000	0.0000	0.0072	0.0140	0.0063	0.0028	0.0090	0.0341	0.0295	0.0271	0.0221	0.0331	0.0355	0.0350	0.0358	0.0454	0.0392	0.0292	0.0371	0.0399	0.0452	0.0570	0.0519	0.0482	0.0570	0.0562	0.0502	0.0508	0.0512	0.0526	0.0524	0.0484	0.0448	0.0552	0.0588	0.0506	0.0471	0.0536	0.0635	0.0566	0.0580	0.0567	0.0631	0.0591	0.0566	0.0554	0.0662	0.0693	0.0643	0.0586	0.0635	0.0657	0.0641	0.0583	0.0607	0.0663	0.0643	0.0550	0.0645	0.0680	0.0598	0.0546	0.0577	0.0635	0.0622
0.0000	0.0000	0.0000	0.0077	0.0000	0.0000	0.0135	0.0108	0.0085	0.0000	0.0274	0.0394	0.0284	0.0295	0.0251	0.0369	0.0491	0.0406	0.0296	0.0397	0.0445	0.0453	0.0404	0.0436	0.0554	0.0441	0.0514	0.0529	0.0567	0.0589	0.0546	0.0433	0.0523	0.0504	0.0524	0.0496	0.0493	0.0599	0.0568	0.0510	0.0504	0.0524	0.0571	0.0599	0.0593	0.0564	0.0577	0.0589	0.0526	0.0592	0.0647	0.0589	0.0579	0.0580	0.0653	0.0705	0.0569	0.0521	0.0562	0.0644	0.0577	0.0513	0.0497	0.0471	0.0568	0.0515	0.0463	0.0513	0.0498
0.0000	0.0000	0.0000	0.0000	0.0000	0.0000	0.0115	0.0000	0.0000	0.0071	0.0241	0.0293	0.0287	0.0193	0.0202	0.0347	0.0415	0.0379	0.0330	0.0400	0.0428	0.0344	0.0307	0.0372	0.0417	0.0398	0.0374	0.0407	0.0418	0.0543	0.0503	0.0417	0.0446	0.0420	0.0480	0.0451	0.0467	0.0559	0.0472	0.0528	0.0522	0.0509	0.0489	0.0578	0.0476	0.0543	0.0569	0.0598	0.0519	0.0530	0.0520	0.0528	0.0612	0.0613	0.0566	0.0530	0.0572	0.0551	0.0557	0.0519	0.0502	0.0396	0.0467	0.0560	0.0452	0.0448	0.0388	0.0403	0.0341
0.0000	0.0000	0.0000	0.0000	0.0000	0.0000	0.0153	0.0010	0.0122	0.0190	0.0080	0.0143	0.0228	0.0238	0.0185	0.0294	0.0309	0.0221	0.0279	0.0356	0.0348	0.0319	0.0294	0.0387	0.0456	0.0326	0.0426	0.0427	0.0444	0.0541	0.0441	0.0367	0.0385	0.0384	0.0455	0.0452	0.0392	0.0371	0.0440	0.0464	0.0402	0.0500	0.0473	0.0458	0.0458	0.0560	0.0500	0.0506	0.0484	0.0474	0.0455	0.0451	0.0571	0.0475	0.0492	0.0581	0.0548	0.0472	0.0469	0.0467	0.0417	0.0362	0.0410	0.0497	0.0434	0.0381	0.0322	0.0267	0.0300
0.0000	0.0000	0.0000	0.0000	0.0000	0.0000	0.0010	0.0094	0.0139	0.0085	0.0104	0.0148	0.0169	0.0151	0.0205	0.0246	0.0271	0.0255	0.0275	0.0337	0.0268	0.0437	0.0309	0.0293	0.0454	0.0359	0.0372	0.0397	0.0433	0.0464	0.0542	0.0387	0.0486	0.0450	0.0453	0.0502	0.0441	0.0399	0.0424	0.0494	0.0401	0.0454	0.0481	0.0435	0.0423	0.0454	0.0520	0.0453	0.0450	0.0499	0.0569	0.0532	0.0543	0.0519	0.0484	0.0570	0.0545	0.0488	0.0461	0.0530	0.0563	0.0513	0.0436	0.0537	0.0480	0.0382	0.0414	0.0291	0.0297
