0.0000	0.0000	0.0000	0.0047	0.0000	0.0000	0.0004	0.0115	0.0139	0.0026	0.0148	0.0192	0.0180	0.0270	0.0250	0.0217	0.0490	0.0368	0.0322	0.0419	0.0479	0.0352	0.0414	0.0737	0.0695	0.0623	0.0636	0.0577	0.0654	0.0728	0.0673	0.0599	0.0764	0.0684	0.0634	0.0701	0.0776	0.0657	0.0699	0.0593	0.0513	0.0656	0.0736	0.0599	0.0475	0.0579	0.0747	0.0652	0.0592	0.0648	0.0649	0.0656	0.0583	0.0530	0.0674	0.0706	0.0689	0.0673	0.0773	0.0758	0.0481	0.0561	0.0624	0.0479	0.0552	0.0490	0.0455	0.0598	0.0451
0.0000	0.0000	0.0045	0.0126	0.0000	0.0000	0.0084	0.0135	0.0189	0.0115	0.0238	0.0255	0.0278	0.0387	0.0320	0.0362	0.0518	0.0536	0.0418	0.0464	0.0613	0.0429	0.0410	0.0654	0.0726	0.0566	0.0576	0.0703	0.0616	0.0749	0.0793	0.0596	0.0847	0.0732	0.0650	0.0914	0.0968	0.0734	0.0689	0.0741	0.0730	0.0787	0.0750	0.0737	0.0675	0.0655	0.0669	0.0769	0.0803	0.0734	0.0654	0.0580	0.0564	0.0583	0.0682	0.0736	0.0706	0.0635	0.0636	0.0620	0.0507	0.0596	0.0609	0.0580	0.0698	0.0643	0.0563	0.0691	0.0551
0.0000	0.0000	0.0000	0.0141	0.0245	0.0006	0.0021	0.0214	0.0145	0.0202	0.0488	0.0393	0.0427	0.0418	0.0343	0.0545	0.0519	0.0623	0.0556	0.0459	0.0512	0.0674	0.0382	0.0470	0.0694	0.0697	0.0723	0.0694	0.0729	0.0796	0.0826	0.0651	0.0914	0.0958	0.0855	0.0857	0.1052	0.0835	0.0744	0.0736	0.0842	0.0760	0.0721	0.0767	0.0773	0.0695	0.0723	0.0803	0.0832	0.0725	0.0784	0.0920	0.0645	0.0762	0.0740	0.0760	0.0879	0.0691	0.0715	0.0773	0.0800	0.0887	0.0745	0.0740	0.0805	0.0840	0.0989	0.0858	0.0796
0.0000	0.0000	0.0000	0.0159	0.0167	0.0179	0.0280	0.0195	0.0224	0.0268	0.0367	0.0324	0.0454	0.0350	0.0360	0.0486	0.0530	0.0508	0.0487	0.0624	0.0570	0.0562	0.0555	0.0473	0.0613	0.0654	0.0596	0.0590	0.0680	0.0864	0.0750	0.0598	0.0713	0.0786	0.0786	0.1026	0.0932	0.0711	0.0710	0.0898	0.0936	0.0727	0.0810	0.0713	0.0766	0.0701	0.0766	0.0748	0.0691	0.0687	0.0738	0.0851	0.0754	0.0768	0.0797	0.0776	0.0711	0.0807	0.0754	0.0901	0.0996	0.1044	0.1103	0.0977	0.0850	0.1050	0.0944	0.1018	0.0934
0.0000	0.0085	0.0031	0.0155	0.0078	0.0125	0.0145	0.0250	0.0266	0.0161	0.0314	0.0351	0.0458	0.0424	0.0291	0.0443	0.0565	0.0432	0.0515	0.0692	0.0653	0.0483	0.0602	0.0542	0.0577	0.0744	0.0733	0.0659	0.0791	0.0836	0.0850	0.0720	0.0734	0.0840	0.0937	0.0916	0.0661	0.0787	0.0814	0.0716	0.0864	0.0750	0.0754	0.0765	0.0828	0.0826	0.0832	0.0860	0.0796	0.0814	0.0743	0.0758	0.0736	0.0807	0.0926	0.0887	0.0759	0.0799	0.0772	0.0932	0.1015	0.0978	0.1209	0.1310	0.1193	0.1064	0.1055	0.1152	0.0975
0.0024	0.0035	0.0112	0.0167	0.0161	0.0169	0.0162	0.0391	0.0435	0.0249	0.0431	0.0351	0.0543	0.0490	0.0478	0.0525	0.0636	0.0550	0.0615	0.0654	0.0683	0.0612	0.0625	0.0725	0.0898	0.0761	0.0678	0.0815	0.0934	0.0914	0.0872	0.0857	0.0837	0.1102	0.1109	0.0925	0.0871	0.0940	0.0848	0.0654	0.0794	0.0964	0.0935	0.0737	0.0852	0.0929	0.0898	0.0894	0.0906	0.0978	0.0890	0.0865	0.0921	0.0907	0.0955	0.1019	0.0982	0.0936	0.1148	0.1226	0.1182	0.1304	0.1340	0.1426	0.1364	0.1242	0.1204	0.1333	0.1195
0.0000	0.0000	0.0058	0.0110	0.0026	0.0059	0.0212	0.0331	0.0351	0.0251	0.0468	0.0537	0.0426	0.0313	0.0399	0.0512	0.0564	0.0621	0.0629	0.0697	0.0932	0.0860	0.0835	0.0710	0.0930	0.0966	0.0872	0.0839	0.0903	0.0994	0.0825	0.0779	0.0941	0.1125	0.1064	0.0963	0.0885	0.0955	0.0974	0.0838	0.0785	0.0934	0.0927	0.0847	0.0864	0.0894	0.0958	0.0994	0.0998	0.0997	0.1063	0.1054	0.1052	0.1018	0.1244	0.1296	0.1307	0.1253	0.1326	0.1446	0.1742	0.1787	0.1416	0.1573	0.1530	0.1295	0.1351	0.1555	0.1279
0.0000	0.0000	0.0120	0.0145	0.0064	0.0093	0.0293	0.0467	0.0434	0.0460	0.0450	0.0606	0.0663	0.0501	0.0499	0.0712	0.0636	0.0701	0.0773	0.0741	0.0705	0.0797	0.0885	0.0725	0.0883	0.0903	0.0806	0.0979	0.1088	0.0963	0.1038	0.0903	0.1110	0.1027	0.1031	0.0992	0.0990	0.1041	0.1100	0.1030	0.1095	0.1038	0.1028	0.0875	0.0934	0.0990	0.1143	0.1083	0.1099	0.1053	0.1205	0.1184	0.1102	0.1247	0.1359	0.1490	0.1360	0.1488	0.1911	0.1860	0.2735	0.3066	0.2455	0.1797	0.1714	0.1535	0.1491	0.1693	0.1750
0.0000	0.0000	0.0115	0.0234	0.0071	0.0200	0.0377	0.0457	0.0471	0.0481	0.0570	0.0529	0.0560	0.0570	0.0537	0.0665	0.0605	0.0675	0.0798	0.0919	0.0912	0.0823	0.0816	0.0794	0.1058	0.0962	0.0928	0.0962	0.1012	0.0985	0.0968	0.1004	0.1098	0.1114	0.1197	0.1334	0.1197	0.1193	0.1136	0.1207	0.1065	0.1009	0.1127	0.0998	0.1114	0.1179	0.1231	0.1246	0.1220	0.1315	0.1404	0.1445	0.1317	0.1719	0.1680	0.1658	0.1726	0.1873	0.2188	0.2193	0.3389	0.3653	0.3103	0.1953	0.1973	0.1876	0.1820	0.1942	0.1924
0.0000	0.0173	0.0220	0.0165	0.0307	0.0325	0.0539	0.0416	0.0445	0.0639	0.0596	0.0612	0.0511	0.0678	0.0747	0.0730	0.0861	0.0725	0.0790	0.1106	0.1039	0.0999	0.0948	0.0970	0.1094	0.1001	0.1056	0.0918	0.0985	0.1093	0.1121	0.1057	0.1125	0.1219	0.1251	0.1213	0.1178	0.1294	0.1368	0.1301	0.1228	0.1133	0.1036	0.1086	0.1339	0.1393	0.1511	0.1407	0.1532	0.1598	0.1635	0.1697	0.1716	0.1736	0.1916	0.2021	0.1980	0.2678	0.2662	0.3124	0.3543	0.2859	0.2845	0.2984	0.2969	0.2364	0.1966	0.2202	0.2532
0.0060	0.0067	0.0197	0.0256	0.0406	0.0426	0.0443	0.0511	0.0471	0.0571	0.0587	0.0591	0.0586	0.0757	0.0942	0.0817	0.0755	0.0881	0.0913	0.1034	0.1083	0.1167	0.1009	0.1138	0.1259	0.1350	0.1347	0.1228	0.1265	0.1251	0.1190	0.1363	0.1361	0.1393	0.1404	0.1238	0.1247	0.1499	0.1418	0.1338	0.1391	0.1365	0.1371	0.1267	0.1538	0.1629	0.1755	0.1748	0.1999	0.1924	0.2085	0.2181	0.2055	0.2041	0.2340	0.2552	0.2809	0.3009	0.3104	0.3915	0.3677	0.2929	0.3537	0.4147	0.4346	0.3247	0.2552	0.2882	0.2919
0.0142	0.0084	0.0214	0.0362	0.0266	0.0348	0.0465	0.0535	0.0530	0.0432	0.0612	0.0751	0.0869	0.0879	0.0821	0.0879	0.0989	0.1214	0.1148	0.1114	0.1063	0.1243	0.1309	0.1401	0.1537	0.1446	0.1679	0.1474	0.1421	0.1522	0.1620	0.1597	0.1554	0.1682	0.1736	0.1494	0.1572	0.1866	0.1959	0.1683	0.1644	0.1665	0.1746	0.1653	0.1785	0.1918	0.2152	0.1985	0.2072	0.2340	0.2387	0.2374	0.2448	0.2592	0.2715	0.2997	0.3331	0.3229	0.3216	0.3349	0.3570	0.4359	0.4593	0.4590	0.4241	0.3657	0.3473	0.3484	0.3182
0.0256	0.0169	0.0347	0.0275	0.0341	0.0266	0.0458	0.0650	0.0702	0.0561	0.0818	0.0915	0.1041	0.0822	0.0727	0.0885	0.1275	0.1282	0.1282	0.1412	0.1546	0.1504	0.1762	0.1965	0.2121	0.1984	0.1913	0.2010	0.2192	0.1994	0.2492	0.2548	0.2137	0.2154	0.2011	0.1992	0.1868	0.2197	0.2233	0.2028	0.1938	0.1956	0.1958	0.2059	0.1925	0.2127	0.2452	0.2290	0.2469	0.2617	0.2607	0.2774	0.2719	0.3018	0.3094	0.3446	0.3633	0.3781	0.3919	0.3566	0.3789	0.5083	0.4895	0.4933	0.4461	0.3885	0.3805	0.3567	0.3319
0.0223	0.0224	0.0249	0.0222	0.0409	0.0369	0.0568	0.0853	0.0682	0.0766	0.0962	0.1044	0.0953	0.1036	0.1233	0.1362	0.1590	0.1669	0.1975	0.2060	0.2318	0.2287	0.2543	0.3185	0.3009	0.2540	0.2502	0.2789	0.2972	0.3133	0.4240	0.5272	0.4346	0.3123	0.2508	0.2266	0.2388	0.2527	0.2424	0.2199	0.2183	0.2107	0.2188	0.2213	0.2147	0.2432	0.2658	0.2637	0.2678	0.2650	0.3060	0.3375	0.3193	0.3334	0.3604	0.3998	0.4574	0.5506	0.5578	0.5195	0.4960	0.5282	0.5017	0.5131	0.4684	0.3812	0.3929	0.3494	0.3170
0.0104	0.0245	0.0451	0.0504	0.0459	0.0508	0.0657	0.0955	0.0963	0.0997	0.1241	0.1529	0.1545	0.1786	0.2037	0.1774	0.2412	0.3019	0.3163	0.3491	0.3993	0.4335	0.4539	0.5464	0.4546	0.4059	0.4036	0.4258	0.4678	0.5391	0.6089	0.7134	0.6950	0.5975	0.4037	0.3116	0.3047	0.3278	0.3427	0.2784	0.2710	0.2481	0.2472	0.2434	0.2607	0.2708	0.2769	0.2859	0.3098	0.2990	0.3426	0.3478	0.3450	0.3449	0.3951	0.4426	0.5295	0.5931	0.5356	0.5444	0.5349	0.5136	0.5175	0.4963	0.4392	0.3624	0.3751	0.3401	0.3050
0.0160	0.0171	0.0411	0.0564	0.0762	0.0845	0.1016	0.1169	0.1283	0.1353	0.1653	0.2187	0.2495	0.2684	0.3002	0.4033	0.5704	0.5505	0.5588	0.6075	0.6036	0.5685	0.5624	0.5727	0.5116	0.5506	0.6068	0.5690	0.6220	0.6348	0.6379	0.6661	0.7159	0.8124	0.6899	0.5278	0.4815	0.5632	0.5737	0.3632	0.2750	0.2571	0.2600	0.2743	0.2866	0.3251	0.3261	0.3337	0.3456	0.3534	0.3801	0.4003	0.4125	0.4541	0.5349	0.6063	0.6046	0.5799	0.5675	0.5502	0.5160	0.4647	0.4840	0.4961	0.3768	0.3292	0.3251	0.3169	0.3085
0.0375	0.0385	0.0508	0.0650	0.0937	0.1144	0.1372	0.1697	0.1979	0.2286	0.3069	0.4100	0.5179	0.4691	0.4759	0.6102	0.6124	0.5696	0.5713	0.5744	0.5895	0.5104	0.5068	0.4952	0.5119	0.5051	0.5458	0.5516	0.5448	0.5930	0.6761	0.6962	0.7311	0.7244	0.7575	0.7066	0.7374	0.7628	0.7204	0.5396	0.3398	0.2905	0.2881	0.3017	0.3071	0.3311	0.3384	0.3762	0.3421	0.3801	0.4208	0.4667	0.4530	0.5217	0.6732	0.6719	0.5999	0.5715	0.5388	0.5653	0.5067	0.4634	0.4408	0.4365	0.3692	0.3327	0.3137	0.3161	0.2908
0.0473	0.0775	0.0904	0.1122	0.1399	0.1960	0.2813	0.3911	0.4475	0.4419	0.5215	0.5576	0.5563	0.5309	0.5251	0.5377	0.5010	0.5015	0.4952	0.4696	0.5070	0.4925	0.4560	0.4777	0.4805	0.4939	0.5252	0.5400	0.5190	0.5998	0.6512	0.7051	0.7077	0.7048	0.7037	0.6710	0.7246	0.7271	0.6949	0.6614	0.4887	0.3272	0.3105	0.3190	0.3259	0.3404	0.3777	0.3993	0.4086	0.4259	0.4545	0.5431	0.5569	0.5529	0.6450	0.6352	0.5668	0.5156	0.5164	0.5318	0.4822	0.4394	0.4244	0.4165	0.3730	0.3218	0.3251	0.3262	0.2816
0.0846	0.1176	0.2116	0.2696	0.3365	0.4176	0.5055	0.4998	0.5576	0.4784	0.4721	0.4790	0.4883	0.4565	0.4131	0.4571	0.5067	0.4977	0.5095	0.4863	0.5026	0.5008	0.5022	0.4979	0.4724	0.4859	0.5385	0.5013	0.5079	0.6068	0.6232	0.6619	0.6725	0.7001	0.7018	0.6834	0.6819	0.7002	0.6575	0.6939	0.5860	0.4094	0.3499	0.3294	0.3607	0.4036	0.4328	0.4399	0.5201	0.5019	0.5013	0.5919	0.6507	0.6650	0.6676	0.6013	0.5163	0.4701	0.4666	0.4730	0.4765	0.4184	0.4247	0.3809	0.3500	0.3186	0.3243	0.3188	0.2857
0.1272	0.2146	0.3469	0.3985	0.4284	0.4220	0.4233	0.3800	0.3994	0.3784	0.3758	0.3713	0.4046	0.3878	0.3829	0.4479	0.4909	0.5155	0.5065	0.5080	0.5365	0.5677	0.5367	0.5349	0.5157	0.4937	0.5228	0.5105	0.5323	0.6368	0.6593	0.6319	0.6732	0.7231	0.6736	0.6797	0.6529	0.7139	0.6522	0.6320	0.6279	0.5825	0.4354	0.3757	0.4318	0.4933	0.5854	0.6040	0.6636	0.5214	0.4828	0.5913	0.6481	0.6320	0.6068	0.5742	0.5217	0.4849	0.4508	0.4498	0.4460	0.4132	0.3774	0.3861	0.3763	0.3426	0.3253	0.2980	0.2648
0.1492	0.2187	0.2803	0.2695	0.2751	0.2863	0.3165	0.2897	0.3078	0.2909	0.2800	0.2939	0.3737	0.3719	0.3536	0.4378	0.4514	0.4783	0.4808	0.4798	0.5409	0.5020	0.5076	0.5069	0.4778	0.5132	0.5267	0.5594	0.5978	0.6050	0.6658	0.6635	0.6632	0.7116	0.6917	0.6706	0.6373	0.7033	0.6459	0.6550	0.6398	0.6449	0.6025	0.4689	0.4857	0.6283	0.7078	0.7079	0.7012	0.5440	0.5013	0.5962	0.5760	0.6202	0.5773	0.5312	0.4915	0.4434	0.4425	0.4346	0.4235	0.4033	0.3762	0.3938	0.3652	0.3283	0.3059	0.2932	0.2748
0.1610	0.1681	0.1950	0.2084	0.1950	0.2224	0.2607	0.2757	0.2500	0.2545	0.2605	0.2766	0.3610	0.3664	0.3723	0.4049	0.5147	0.5190	0.4844	0.5132	0.5315	0.5184	0.4954	0.4695	0.4810	0.4788	0.5319	0.5246	0.5716	0.6115	0.6300	0.6300	0.6332	0.6475	0.6877	0.6505	0.6287	0.6860	0.6690	0.6913	0.6864	0.6723	0.6773	0.6110	0.6605	0.7285	0.7143	0.6877	0.6552	0.5750	0.5712	0.6534	0.5875	0.5555	0.5073	0.5113	0.4847	0.4691	0.4459	0.4233	0.4430	0.4299	0.3963	0.3517	0.3279	0.3063	0.2916	0.2810	0.2723
0.1608	0.1657	0.1755	0.1925	0.2024	0.2129	0.2429	0.2588	0.2488	0.2405	0.2748	0.2888	0.3413	0.3815	0.4041	0.4436	0.5165	0.4933	0.4465	0.4898	0.5589	0.5613	0.4926	0.4928	0.4727	0.4653	0.5070	0.5138	0.5435	0.6193	0.5973	0.6270	0.6787	0.6178	0.6024	0.6179	0.6583	0.6806	0.6714	0.6494	0.6691	0.6557	0.6818	0.6918	0.7519	0.7120	0.6845	0.6786	0.6475	0.6066	0.5841	0.6292	0.5933	0.6006	0.5303	0.5198	0.4897	0.4640	0.4410	0.4448	0.4326	0.3787	0.3582	0.3561	0.3306	0.3072	0.3185	0.2890	0.2670
0.1344	0.1563	0.1657	0.1995	0.2254	0.2210	0.2245	0.2380	0.2220	0.2185	0.2599	0.3082	0.3329	0.3711	0.3819	0.4562	0.4766	0.4751	0.4665	0.5324	0.5305	0.5570	0.5129	0.4804	0.5055	0.4724	0.5019	0.5307	0.5529	0.5875	0.5825	0.6145	0.6285	0.6268	0.6370	0.6056	0.6290	0.6374	0.6193	0.6119	0.6423	0.6542	0.7009	0.7319	0.7619	0.7236	0.7332	0.6983	0.6389	0.6490	0.6000	0.5597	0.5718	0.5719	0.5099	0.5136	0.4822	0.4694	0.4670	0.4224	0.4093	0.3906	0.3776	0.3687	0.3175	0.3080	0.2987	0.2943	0.3039
0.1451	0.1618	0.2011	0.1922	0.2109	0.2159	0.2270	0.2214	0.2175	0.2408	0.2770	0.3079	0.3244	0.3730	0.3524	0.3959	0.4352	0.4701	0.4944	0.4899	0.4643	0.4741	0.5097	0.5344	0.5379	0.5088	0.4992	0.5279	0.5832	0.5893	0.5964	0.6023	0.6196	0.6150	0.6295	0.6513	0.6632	0.6362	0.6333	0.6715	0.6550	0.6583	0.7064	0.6728	0.7001	0.7031	0.6776	0.6892	0.6409	0.6135	0.5986	0.5375	0.5217	0.5044	0.4809	0.4826	0.4671	0.4595	0.4433	0.4228	0.4136	0.3984	0.4051	0.3590	0.3396	0.3202	0.3075	0.3081	0.2949
0.1700	0.1617	0.1800	0.2149	0.1789	0.1956	0.2245	0.2280	0.2345	0.2613	0.2815	0.2996	0.3382	0.3685	0.3888	0.4127	0.4323	0.4357	0.4786	0.4736	0.4833	0.4731	0.4863	0.4913	0.5062	0.5173	0.5211	0.5585	0.5830	0.5974	0.6095	0.5819	0.6185	0.5873	0.6074	0.6208	0.6253	0.6170	0.6354	0.6466	0.6473	0.6499	0.6294	0.6674	0.6614	0.7013	0.6830	0.6573	0.6342	0.6003	0.6200	0.5493	0.5160	0.4950	0.4911	0.5034	0.4758	0.4609	0.4670	0.4232	0.4306	0.3943	0.3798	0.3763	0.3403	0.3576	0.3190	0.3039	0.2750
0.1606	0.1769	0.1952	0.2302	0.2115	0.1998	0.2206	0.2475	0.2464	0.2510	0.2909	0.3021	0.3422	0.3826	0.4043	0.4349	0.4479	0.4145	0.4833	0.4914	0.4606	0.4832	0.4843	0.5096	0.4885	0.4839	0.5084	0.5302	0.5521	0.5628	0.5808	0.5939	0.6260	0.6231	0.6008	0.5648	0.5937	0.6098	0.6420	0.6318	0.6548	0.6199	0.6348	0.6599	0.6468	0.6309	0.6286	0.6195	0.6114	0.5885	0.6044	0.5590	0.5369	0.5047	0.4808	0.4751	0.4636	0.4727	0.4506	0.4552	0.4318	0.3880	0.3822	0.3882	0.3587	0.3298	0.3115	0.3137	0.3107
0.1655	0.1898	0.1925	0.2031	0.2026	0.1936	0.2090	0.2362	0.2603	0.2660	0.2782	0.3078	0.3729	0.3662	0.3955	0.4320	0.4486	0.4278	0.4386	0.4887	0.4707	0.4775	0.4799	0.4826	0.4896	0.4971	0.5051	0.5234	0.5276	0.5345	0.5753	0.6198	0.6085	0.5830	0.5787	0.6141	0.6194	0.5964	0.6416	0.6362	0.6357	0.6306	0.6320	0.5752	0.6003	0.6009	0.5938	0.6019	0.6041	0.5556	0.5933	0.5643	0.5573	0.5171	0.4733	0.4795	0.4699	0.4298	0.4329	0.4633	0.4398	0.4510	0.4107	0.3649	0.3415	0.3331	0.3252	0.3227	0.3225
0.1813	0.1778	0.1867	0.1885	0.1993	0.2009	0.2202	0.2476	0.2654	0.2816	0.3140	0.3157	0.3535	0.3687	0.4073	0.4091	0.4187	0.4555	0.4587	0.4418	0.4575	0.4462	0.4559	0.4797	0.4985	0.4898	0.4980	0.5427	0.5565	0.5471	0.5554	0.5742	0.6126	0.5764	0.5667	0.5925	0.6223	0.5984	0.6161	0.6221	0.6073	0.5795	0.5921	0.5524	0.5566	0.5695	0.6076	0.6008	0.6001	0.5460	0.5507	0.5255	0.5148	0.5097	0.5066	0.4674	0.4597	0.4580	0.4447	0.4466	0.4346	0.4043	0.3907	0.3778	0.3638	0.3592	0.3423	0.3174	0.3185
0.1594	0.1905	0.2086	0.2184	0.2108	0.2235	0.2348	0.2633	0.2817	0.2871	0.3104	0.3375	0.3379	0.3671	0.3846	0.4119	0.4605	0.4678	0.4614	0.4650	0.4634	0.4685	0.4802	0.4807	0.4671	0.4594	0.5023	0.5346	0.5279	0.5360	0.5639	0.5635	0.6220	0.5937	0.5678	0.5526	0.6234	0.6129	0.5844	0.6083	0.5843	0.5746	0.5602	0.5626	0.5459	0.5427	0.5707	0.5791	0.5627	0.5519	0.5464	0.5096	0.4878	0.4693	0.4707	0.4541	0.4362	0.4496	0.4367	0.4256	0.4150	0.3970	0.3848	0.4007	0.3704	0.3652	0.3494	0.3404	0.3189
0.1332	0.1796	0.2230	0.2154	0.1955	0.1999	0.2641	0.2875	0.2875	0.3012	0.3291	0.3552	0.3322	0.3572	0.4015	0.4290	0.4743	0.4627	0.4453	0.4661	0.4659	0.4814	0.4699	0.4647	0.4929	0.4756	0.4369	0.4961	0.5447	0.5257	0.5594	0.5729	0.5895	0.5761	0.6029	0.6102	0.6220	0.5610	0.5278	0.5868	0.5470	0.5787	0.5505	0.5619	0.5328	0.5303	0.5306	0.5214	0.5477	0.5493	0.5370	0.5153	0.5219	0.4924	0.4449	0.4615	0.4658	0.4725	0.4493	0.4319	0.4165	0.3846	0.3836	0.3773	0.3666	0.3438	0.3219	0.3307	0.3025
0.1515	0.1611	0.1897	0.2196	0.2114	0.1932	0.2391	0.2690	0.2994	0.2773	0.2943	0.3469	0.3521	0.3588	0.3862	0.4017	0.4490	0.4609	0.4498	0.4446	0.4768	0.4755	0.4707	0.4740	0.5004	0.4816	0.4799	0.4992	0.5561	0.5304	0.5435	0.5744	0.5943	0.5600	0.6103	0.6013	0.6133	0.5892	0.5782	0.5634	0.5577	0.5717	0.5631	0.5281	0.5338	0.5275	0.5317	0.5564	0.5160	0.5380	0.5594	0.5047	0.5110	0.5197	0.5058	0.4793	0.4876	0.4892	0.4470	0.4160	0.4256	0.4033	0.4210	0.4012	0.3545	0.3399	0.3473	0.3383	0.3062
0.1571	0.1889	0.1895	0.2170	0.2132	0.2272	0.2546	0.2679	0.3196	0.3015	0.3133	0.3420	0.3609	0.3661	0.3847	0.4137	0.4540	0.4657	0.4628	0.4678	0.4955	0.4649	0.4534	0.4967	0.5208	0.4872	0.5051	0.5071	0.5457	0.5502	0.5639	0.5530	0.5659	0.5999	0.6589	0.6314	0.6937	0.6651	0.6614	0.6165	0.6385	0.6354	0.6143	0.6035	0.5735	0.5476	0.5704	0.5603	0.5503	0.5379	0.5385	0.5141	0.5193	0.4953	0.5164	0.5180	0.5009	0.4905	0.4598	0.4422	0.4526	0.4378	0.3927	0.4036	0.3593	0.3418	0.3576	0.3340	0.2970
0.1489	0.1817	0.1790	0.2019	0.2279	0.2319	0.2291	0.2891	0.3079	0.2779	0.3216	0.3252	0.3759	0.3964	0.3722	0.4423	0.4476	0.4747	0.4613	0.4879	0.5072	0.4530	0.4610	0.4641	0.5031	0.5066	0.4912	0.5088	0.5452	0.5353	0.5504	0.5683	0.6023	0.6645	0.6672	0.6863	0.6773	0.6758	0.6898	0.6959	0.6906	0.7247	0.6798	0.7075	0.6548	0.6148	0.6383	0.5918	0.5987	0.5954	0.5800	0.5445	0.5451	0.5360	0.5370	0.5578	0.5365	0.4802	0.4779	0.4675	0.4591	0.4361	0.4163	0.4207	0.3639	0.3502	0.3586	0.3345	0.2982
0.1375	0.1740	0.1953	0.1903	0.2276	0.2286	0.2547	0.2677	0.2823	0.2651	0.3008	0.3003	0.3629	0.4112	0.3789	0.4232	0.4461	0.4780	0.4517	0.4898	0.4976	0.4935	0.4953	0.5356	0.5467	0.5501	0.5267	0.5322	0.5316	0.5807	0.5697	0.6077	0.6441	0.6696	0.7176	0.7181	0.6779	0.6744	0.7277	0.6845	0.7075	0.7197	0.5750	0.6905	0.7361	0.6935	0.6381	0.6475	0.6208	0.6620	0.6060	0.5901	0.6092	0.6228	0.5859	0.5687	0.5545	0.5038	0.5006	0.5197	0.4857	0.4400	0.4578	0.4229	0.3964	0.3629	0.3472	0.3255	0.3005
0.1554	0.1709	0.1757	0.1995	0.2064	0.2427	0.2689	0.2476	0.2914	0.3090	0.3192	0.3183	0.3523	0.4314	0.4442	0.4394	0.4373	0.4762	0.4898	0.5171	0.5140	0.5474	0.5492	0.5591	0.5665	0.5695	0.5550	0.5677	0.5738	0.5767	0.5801	0.5808	0.6326	0.6743	0.7158	0.7053	0.6684	0.6857	0.6751	0.6900	0.7067	0.6854	0.5266	0.5972	0.7602	0.7274	0.7419	0.7508	0.7205	0.7084	0.7061	0.6323	0.6152	0.6538	0.6347	0.5928	0.5241	0.5429	0.5267	0.4883	0.4993	0.4750	0.4680	0.4430	0.4018	0.3897	0.3784	0.3566	0.3410
0.1541	0.1893	0.2225	0.2417	0.2167	0.2378	0.2596	0.2891	0.3041	0.3050	0.2892	0.3149	0.3734	0.3841	0.4177	0.4591	0.4845	0.5090	0.4921	0.5221	0.5559	0.5423	0.5349	0.5493	0.5251	0.5357	0.5483	0.5594	0.5948	0.5955	0.6045	0.6605	0.6652	0.6886	0.6919	0.6566	0.6728	0.6910	0.6585	0.6611	0.7339	0.7167	0.5105	0.5121	0.7441	0.7748	0.7772	0.7444	0.7611	0.7598	0.7295	0.6918	0.6687	0.6497	0.6253	0.6428	0.5948	0.5845	0.5845	0.5248	0.4841	0.4687	0.4652	0.4361	0.4331	0.3965	0.3969	0.3876	0.3578
0.1758	0.2351	0.2557	0.2600	0.2549	0.2534	0.2934	0.3082	0.3119	0.2863	0.2862	0.3413	0.3631	0.3770	0.4340	0.4746	0.5064	0.5530	0.5589	0.5546	0.5883	0.5906	0.5620	0.5616	0.5398	0.5637	0.5487	0.5543	0.5799	0.5561	0.6294	0.6917	0.6666	0.6851	0.7277	0.6856	0.6949	0.7326	0.7181	0.7207	0.7576	0.7344	0.5293	0.4492	0.6544	0.8390	0.8435	0.8029	0.8067	0.8066	0.7862	0.7591	0.7286	0.7076	0.5342	0.5865	0.6395	0.6151	0.5985	0.5266	0.5231	0.5201	0.4870	0.4731	0.4479	0.4089	0.4273	0.3917	0.3909
0.2203	0.3256	0.3988	0.3964	0.4307	0.3888	0.4012	0.3587	0.3524	0.3251	0.3333	0.3645	0.3914	0.4105	0.4355	0.4929	0.5340	0.5389	0.5421	0.5565	0.5640	0.6023	0.5773	0.5618	0.5952	0.5617	0.5788	0.5760	0.5829	0.6085	0.6450	0.6996	0.6749	0.6961	0.7379	0.6966	0.7105	0.7746	0.7448	0.7379	0.7726	0.7591	0.5564	0.4189	0.5317	0.7930	0.8837	0.8406	0.8155	0.8067	0.8015	0.7741	0.6973	0.5907	0.4143	0.4524	0.6357	0.6582	0.6290	0.5832	0.6007	0.5647	0.5071	0.4950	0.4579	0.4459	0.4277	0.4218	0.4098
0.1506	0.2632	0.3893	0.4469	0.4803	0.5367	0.5777	0.5308	0.5124	0.4820	0.4233	0.4260	0.4564	0.4270	0.4358	0.5010	0.5124	0.5271	0.5557	0.5453	0.5332	0.5817	0.5587	0.5374	0.5350	0.5271	0.5446	0.5550	0.5969	0.6513	0.6588	0.6828	0.6928	0.6894	0.6801	0.6863	0.7478	0.7603	0.7448	0.7426	0.7582	0.6859	0.4586	0.4267	0.5049	0.8315	0.9739	0.8803	0.8584	0.8454	0.8029	0.8117	0.5685	0.4333	0.3947	0.4873	0.6663	0.6621	0.6693	0.6449	0.6196	0.5775	0.5426	0.5285	0.4701	0.4737	0.4748	0.4480	0.4423
0.0587	0.0995	0.1423	0.2014	0.2645	0.3403	0.4577	0.5241	0.5525	0.5986	0.5734	0.5492	0.5426	0.5071	0.5389	0.5509	0.5567	0.5424	0.5706	0.5459	0.5472	0.5214	0.5381	0.5162	0.5189	0.5200	0.5429	0.5606	0.6545	0.6738	0.6736	0.6673	0.6732	0.6609	0.6978	0.7067	0.7375	0.7335	0.7255	0.6843	0.5940	0.4278	0.3573	0.3840	0.4511	0.6903	0.9721	0.9969	0.9573	0.8814	0.8524	0.8158	0.5481	0.3896	0.3967	0.5103	0.7297	0.7011	0.6540	0.6663	0.6365	0.5939	0.5766	0.5729	0.5380	0.5561	0.5280	0.4901	0.4701
0.0319	0.0465	0.0634	0.0703	0.1065	0.1349	0.1749	0.2445	0.3143	0.4002	0.4798	0.5363	0.5745	0.5541	0.5949	0.6065	0.6137	0.6045	0.5831	0.5816	0.5996	0.5746	0.5929	0.5764	0.5944	0.5759	0.5764	0.6004	0.6629	0.6957	0.6895	0.7130	0.7279	0.7354	0.7234	0.7521	0.7274	0.7252	0.6437	0.4291	0.3238	0.2902	0.2942	0.3188	0.3689	0.4232	0.6289	0.9179	1.0000	0.8888	0.8960	0.7697	0.4512	0.3688	0.3893	0.4675	0.6661	0.7223	0.6639	0.6773	0.6507	0.5773	0.5832	0.5928	0.5825	0.6058	0.5062	0.4655	0.4419
0.0221	0.0199	0.0461	0.0593	0.0652	0.0627	0.0802	0.1039	0.1169	0.1539	0.2047	0.2541	0.3229	0.3999	0.4698	0.5357	0.5786	0.6568	0.6534	0.6343	0.6380	0.6351	0.6390	0.6558	0.6475	0.6292	0.6317	0.6213	0.6677	0.7274	0.6969	0.7174	0.7412	0.6891	0.6226	0.6598	0.7149	0.6970	0.4508	0.2476	0.2420	0.2378	0.2410	0.2499	0.2754	0.3106	0.3841	0.6088	0.8628	0.9180	0.8203	0.5222	0.3311	0.3224	0.3507	0.4053	0.5357	0.7476	0.7177	0.6746	0.6562	0.6120	0.6229	0.5950	0.5313	0.5380	0.4129	0.4456	0.4810
0.0000	0.0177	0.0364	0.0410	0.0451	0.0496	0.0614	0.0768	0.0819	0.0856	0.1135	0.1105	0.1231	0.1609	0.1986	0.2396	0.3161	0.3976	0.4404	0.4506	0.4882	0.4846	0.5153	0.5336	0.5185	0.5112	0.5209	0.5727	0.5746	0.5801	0.5276	0.5123	0.4230	0.3165	0.2938	0.3740	0.4390	0.4559	0.2699	0.1935	0.2018	0.2211	0.2017	0.2005	0.2188	0.2464	0.2638	0.2995	0.4284	0.5250	0.4619	0.3245	0.2814	0.2904	0.3269	0.3766	0.4656	0.6939	0.7161	0.7249	0.6930	0.6333	0.6319	0.6371	0.5728	0.5022	0.4172	0.4934	0.4886
0.0038	0.0159	0.0293	0.0297	0.0377	0.0492	0.0496	0.0653	0.0652	0.0650	0.0782	0.0808	0.0993	0.0969	0.0874	0.1029	0.1306	0.1343	0.1606	0.1854	0.1955	0.2127	0.2055	0.2282	0.2281	0.2087	0.2603	0.2840	0.2941	0.2403	0.2220	0.2237	0.1997	0.1916	0.1996	0.1895	0.1920	0.2096	0.1878	0.1767	0.1724	0.1798	0.1813	0.1813	0.1851	0.1976	0.2078	0.2190	0.2327	0.2632	0.2588	0.2393	0.2545	0.2645	0.2858	0.3049	0.3257	0.4497	0.5324	0.6348	0.6891	0.6579	0.6490	0.6100	0.5580	0.4592	0.4518	0.5216	0.4541
0.0054	0.0151	0.0238	0.0203	0.0400	0.0489	0.0497	0.0581	0.0699	0.0568	0.0544	0.0630	0.0658	0.0710	0.0782	0.0937	0.1085	0.1041	0.1165	0.1136	0.1158	0.1191	0.1321	0.1361	0.1255	0.1286	0.1334	0.1375	0.1686	0.1494	0.1532	0.1675	0.1627	0.1536	0.1563	0.1519	0.1512	0.1572	0.1551	0.1482	0.1432	0.1518	0.1604	0.1662	0.1660	0.1727	0.1738	0.1858	0.1879	0.1984	0.1978	0.2013	0.2122	0.2110	0.2171	0.2384	0.2576	0.2835	0.3071	0.3855	0.5278	0.5653	0.5278	0.5564	0.4753	0.3748	0.4779	0.5078	0.4593
0.0261	0.0142	0.0196	0.0161	0.0257	0.0369	0.0483	0.0503	0.0544	0.0489	0.0521	0.0633	0.0585	0.0696	0.0771	0.0910	0.0889	0.0830	0.1048	0.0988	0.0880	0.1000	0.1054	0.1256	0.1012	0.1068	0.1015	0.1050	0.1187	0.1122	0.1149	0.1221	0.1160	0.1246	0.1285	0.1243	0.1241	0.1217	0.1248	0.1192	0.1203	0.1254	0.1266	0.1391	0.1415	0.1386	0.1462	0.1605	0.1667	0.1709	0.1714	0.1717	0.1821	0.1764	0.1828	0.2042	0.2180	0.2181	0.2253	0.2443	0.2835	0.3053	0.2983	0.3557	0.3478	0.3279	0.4615	0.5137	0.4640
0.0194	0.0056	0.0196	0.0140	0.0170	0.0211	0.0339	0.0434	0.0434	0.0538	0.0662	0.0561	0.0585	0.0603	0.0662	0.0670	0.0792	0.0796	0.0796	0.0789	0.0706	0.0811	0.0823	0.0766	0.0880	0.0949	0.0807	0.0916	0.0970	0.1025	0.0970	0.0922	0.0922	0.0952	0.0941	0.0937	0.1040	0.0939	0.0924	0.0995	0.1000	0.0846	0.0962	0.0985	0.1098	0.1177	0.1215	0.1222	0.1236	0.1368	0.1371	0.1354	0.1431	0.1482	0.1654	0.1877	0.2009	0.1944	0.1971	0.2087	0.2336	0.2478	0.2564	0.2511	0.2705	0.3016	0.4516	0.5298	0.4270
0.0000	0.0117	0.0184	0.0190	0.0213	0.0253	0.0329	0.0542	0.0323	0.0489	0.0443	0.0420	0.0632	0.0492	0.0575	0.0639	0.0701	0.0718	0.0616	0.0570	0.0722	0.0747	0.0731	0.0758	0.0736	0.0727	0.0791	0.0789	0.0800	0.0792	0.0772	0.0751	0.0822	0.0794	0.0763	0.0737	0.0854	0.0817	0.0779	0.0707	0.0721	0.0718	0.0782	0.0780	0.0798	0.0898	0.0912	0.0995	0.0994	0.1025	0.1008	0.0995	0.1002	0.1084	0.1212	0.1314	0.1380	0.1423	0.1603	0.1851	0.1787	0.1715	0.1967	0.1968	0.1863	0.2006	0.2827	0.3924	0.2997
0.0000	0.0102	0.0060	0.0161	0.0168	0.0231	0.0153	0.0367	0.0368	0.0407	0.0296	0.0417	0.0501	0.0362	0.0409	0.0527	0.0550	0.0613	0.0508	0.0575	0.0680	0.0672	0.0647	0.0667	0.0747	0.0755	0.0741	0.0666	0.0715	0.0729	0.0670	0.0666	0.0702	0.0659	0.0666	0.0619	0.0721	0.0776	0.0746	0.0741	0.0596	0.0678	0.0739	0.0610	0.0720	0.0806	0.0820	0.0848	0.0805	0.0877	0.0858	0.0888	0.0836	0.0774	0.0830	0.1011	0.1063	0.1075	0.1237	0.1340	0.1278	0.1191	0.1287	0.1348	0.1305	0.1359	0.1714	0.1896	0.1575
0.0000	0.0000	0.0112	0.0069	0.0147	0.0244	0.0116	0.0153	0.0263	0.0250	0.0361	0.0377	0.0416	0.0316	0.0556	0.0499	0.0550	0.0699	0.0595	0.0604	0.0694	0.0698	0.0574	0.0603	0.0698	0.0732	0.0657	0.0561	0.0679	0.0632	0.0586	0.0608	0.0672	0.0568	0.0642	0.0603	0.0628	0.0684	0.0737	0.0667	0.0607	0.0659	0.0610	0.0652	0.0682	0.0664	0.0758	0.0676	0.0747	0.0831	0.0834	0.0771	0.0762	0.0722	0.0764	0.0824	0.0876	0.0857	0.0985	0.1030	0.1013	0.0992	0.0980	0.1030	0.1203	0.1236	0.1245	0.1218	0.1213
0.0000	0.0060	0.0099	0.0078	0.0332	0.0317	0.0062	0.0162	0.0196	0.0185	0.0263	0.0281	0.0445	0.0356	0.0479	0.0482	0.0513	0.0623	0.0523	0.0527	0.0551	0.0633	0.0586	0.0543	0.0562	0.0614	0.0556	0.0611	0.0627	0.0595	0.0600	0.0567	0.0555	0.0590	0.0660	0.0644	0.0598	0.0616	0.0655	0.0581	0.0633	0.0618	0.0618	0.0668	0.0656	0.0622	0.0730	0.0696	0.0723	0.0690	0.0677	0.0623	0.0627	0.0698	0.0687	0.0651	0.0726	0.0715	0.0761	0.0863	0.0836	0.0830	0.0887	0.0900	0.1076	0.1046	0.0931	0.1052	0.1015
0.0000	0.0000	0.0127	0.0039	0.0181	0.0104	0.0076	0.0156	0.0089	0.0183	0.0323	0.0232	0.0269	0.0275	0.0317	0.0373	0.0468	0.0367	0.0340	0.0442	0.0508	0.0465	0.0545	0.0617	0.0591	0.0534	0.0578	0.0629	0.0576	0.0550	0.0529	0.0557	0.0481	0.0552	0.0525	0.0598	0.0547	0.0471	0.0557	0.0583	0.0509	0.0530	0.0548	0.0564	0.0570	0.0551	0.0635	0.0567	0.0647	0.0637	0.0548	0.0578	0.0550	0.0563	0.0599	0.0650	0.0710	0.0591	0.0672	0.0811	0.0846	0.0712	0.0722	0.0797	0.0756	0.0807	0.0825	0.0836	0.0849
0.0000	0.0000	0.0000	0.0050	0.0020	0.0000	0.0077	0.0125	0.0000	0.0040	0.0204	0.0258	0.0256	0.0200	0.0240	0.0294	0.0384	0.0257	0.0409	0.0381	0.0379	0.0415	0.0347	0.0508	0.0557	0.0528	0.0588	0.0576	0.0557	0.0587	0.0438	0.0479	0.0520	0.0493	0.0474	0.0470	0.0478	0.0509	0.0579	0.0576	0.0495	0.0469	0.0533	0.0538	0.0431	0.0466	0.0650	0.0544	0.0546	0.0540	0.0593	0.0621	0.0525	0.0501	0.0511	0.0636	0.0641	0.0551	0.0581	0.0638	0.0705	0.0559	0.0622	0.0683	0.0736	0.0724	0.0748	0.0766	0.0848
0.0000	0.0000	0.0000	0.0000	0.0000	0.0000	0.0069	0.0108	0.0110	0.0041	0.0146	0.0217	0.0230	0.0218	0.0266	0.0298	0.0451	0.0442	0.0373	0.0419	0.0467	0.0449	0.0359	0.0383	0.0485	0.0396	0.0482	0.0482	0.0470	0.0599	0.0484	0.0525	0.0451	0.0417	0.0423	0.0416	0.0476	0.0552	0.0470	0.0481	0.0540	0.0494	0.0497	0.0469	0.0420	0.0509	0.0508	0.0509	0.0403	0.0507	0.0561	0.0547	0.0536	0.0541	0.0523	0.0588	0.0603	0.0555	0.0593	0.0559	0.0540	0.0567	0.0602	0.0574	0.0586	0.0541	0.0538	0.0653	0.0619
0.0000	0.0000	0.0014	0.0000	0.0000	0.0000	0.0018	0.0048	0.0048	0.0116	0.0197	0.0314	0.0160	0.0156	0.0252	0.0295	0.0248	0.0192	0.0229	0.0412	0.0429	0.0320	0.0262	0.0441	0.0421	0.0371	0.0396	0.0407	0.0438	0.0496	0.0495	0.0421	0.0446	0.0494	0.0472	0.0421	0.0375	0.0632	0.0372	0.0408	0.0466	0.0407	0.0542	0.0427	0.0413	0.0477	0.0466	0.0540	0.0482	0.0498	0.0521	0.0460	0.0459	0.0521	0.0539	0.0494	0.0560	0.0505	0.0476	0.0469	0.0478	0.0523	0.0581	0.0617	0.0521	0.0460	0.0490	0.0548	0.0462
0.0000	0.0000	0.0000	0.0000	0.0000	0.0000	0.0000	0.0115	0.0170	0.0169	0.0127	0.0156	0.0197	0.0269	0.0235	0.0197	0.0224	0.0171	0.0292	0.0289	0.0321	0.0248	0.0338	0.0393	0.0523	0.0484	0.0373	0.0345	0.0371	0.0432	0.0390	0.0407	0.0393	0.0435	0.0378	0.0429	0.0450	0.0517	0.0374	0.0397	0.0378	0.0386	0.0550	0.0426	0.0396	0.0441	0.0484	0.0488	0.0460	0.0404	0.0420	0.0395	0.0399	0.0485	0.0499	0.0495	0.0462	0.0445	0.0456	0.0477	0.0463	0.0473	0.0471	0.0529	0.0545	0.0498	0.0383	0.0515	0.0471
0.0000	0.0000	0.0000	0.0027	0.0000	0.0000	0.0000	0.0085	0.0028	0.0127	0.0146	0.0188	0.0189	0.0214	0.0231	0.0118	0.0229	0.0213	0.0213	0.0254	0.0243	0.0446	0.0333	0.0210	0.0347	0.0398	0.0305	0.0355	0.0333	0.0322	0.0381	0.0427	0.0413	0.0310	0.0381	0.0440	0.0499	0.0465	0.0356	0.0383	0.0389	0.0357	0.0436	0.0403	0.0335	0.0415	0.0439	0.0494	0.0379	0.0298	0.0465	0.0489	0.0439	0.0477	0.0432	0.0484	0.0389	0.0404	0.0425	0.0464	0.0462	0.0437	0.0398	0.0503	0.0560	0.0473	0.0357	0.0451	0.0459
