0.0000	0.0000	0.0000	0.0000	0.0000	0.0000	0.0000	0.0032	0.0152	0.0097	0.0000	0.0160	0.0204	0.0313	0.0276	0.0483	0.0455	0.0419	0.0325	0.0333	0.0331	0.0401	0.0550	0.0499	0.0591	0.0704	0.0665	0.0668	0.0619	0.0652	0.0866	0.0939	0.0914	0.0888	0.0843	0.0979	0.1042	0.0903	0.0916	0.0756	0.0831	0.0946	0.0906	0.0903	0.0658	0.0687	0.0929	0.0903	0.0731	0.0859	0.0764	0.0596	0.0727	0.0720	0.0705	0.0607	0.0701	0.0703	0.0673	0.0421	0.0498	0.0561	0.0496	0.0495	0.0501	0.0395	0.0360	0.0324	0.0386
0.0000	0.0000	0.0000	0.0000	0.0020	0.0000	0.0023	0.0086	0.0136	0.0072	0.0127	0.0229	0.0367	0.0371	0.0380	0.0237	0.0445	0.0514	0.0329	0.0397	0.0626	0.0524	0.0566	0.0668	0.0678	0.0590	0.0798	0.0904	0.0816	0.0679	0.1061	0.0912	0.1006	0.0960	0.1047	0.1123	0.1261	0.1138	0.1152	0.0991	0.1027	0.0974	0.0800	0.1109	0.0805	0.0833	0.1028	0.0978	0.0882	0.0910	0.0970	0.0832	0.0527	0.0771	0.0789	0.0768	0.0682	0.0714	0.0510	0.0749	0.0605	0.0556	0.0462	0.0475	0.0517	0.0355	0.0368	0.0410	0.0433
0.0000	0.0000	0.0000	0.0060	0.0029	0.0000	0.0069	0.0164	0.0259	0.0077	0.0292	0.0312	0.0323	0.0474	0.0476	0.0484	0.0412	0.0540	0.0689	0.0645	0.0732	0.0625	0.0682	0.0831	0.1055	0.0726	0.0935	0.0729	0.1002	0.0998	0.1172	0.0949	0.0893	0.1054	0.1000	0.1103	0.1058	0.1283	0.1177	0.1059	0.1007	0.1235	0.0930	0.1123	0.0882	0.0934	0.1027	0.1091	0.1057	0.0935	0.1064	0.0925	0.0755	0.0862	0.0973	0.0967	0.0659	0.0683	0.0724	0.0776	0.0895	0.0664	0.0708	0.0529	0.0512	0.0406	0.0450	0.0542	0.0515
0.0000	0.0000	0.0000	0.0000	0.0065	0.0104	0.0191	0.0164	0.0212	0.0422	0.0325	0.0451	0.0453	0.0635	0.0316	0.0482	0.0523	0.0469	0.0607	0.0642	0.0798	0.0759	0.0781	0.0632	0.0755	0.0756	0.0735	0.0759	0.0942	0.0932	0.0897	0.0925	0.1005	0.1035	0.1099	0.1050	0.0933	0.1019	0.1078	0.1031	0.1095	0.1085	0.1048	0.0888	0.0863	0.0962	0.1004	0.0840	0.0885	0.0868	0.0999	0.0949	0.0751	0.0941	0.1103	0.0875	0.0741	0.0705	0.0637	0.0691	0.0869	0.0800	0.0766	0.0640	0.0649	0.0519	0.0525	0.0518	0.0598
0.0000	0.0000	0.0106	0.0028	0.0018	0.0126	0.0151	0.0190	0.0263	0.0258	0.0294	0.0402	0.0607	0.0445	0.0341	0.0443	0.0557	0.0477	0.0518	0.0733	0.0763	0.0843	0.0571	0.0710	0.0764	0.0850	0.0828	0.0894	0.0987	0.0881	0.1011	0.1070	0.1076	0.1089	0.1424	0.1226	0.1216	0.1038	0.1124	0.1213	0.1262	0.0998	0.1100	0.1083	0.0988	0.1040	0.1014	0.1071	0.0970	0.0907	0.1028	0.0982	0.0997	0.1021	0.1153	0.0944	0.0831	0.0875	0.0904	0.0955	0.0757	0.0799	0.0732	0.0782	0.0698	0.0614	0.0693	0.0663	0.0544
0.0026	0.0027	0.0066	0.0039	0.0000	0.0105	0.0155	0.0262	0.0378	0.0291	0.0414	0.0426	0.0628	0.0521	0.0412	0.0648	0.0558	0.0586	0.0513	0.0844	0.0775	0.0866	0.0650	0.0684	0.0965	0.0975	0.0894	0.1111	0.1050	0.1073	0.1173	0.0951	0.1155	0.1278	0.1269	0.1418	0.1418	0.1166	0.1258	0.1074	0.1061	0.1294	0.1278	0.1270	0.1196	0.1100	0.1183	0.1351	0.1159	0.1168	0.1112	0.1058	0.1105	0.1056	0.1153	0.1266	0.1061	0.0895	0.0929	0.1026	0.0881	0.0806	0.0841	0.0999	0.0791	0.0760	0.0813	0.0752	0.0722
0.0000	0.0000	0.0073	0.0016	0.0000	0.0186	0.0227	0.0241	0.0243	0.0389	0.0589	0.0415	0.0524	0.0400	0.0498	0.0691	0.0767	0.0724	0.0853	0.0707	0.0790	0.0984	0.0740	0.0750	0.0859	0.1074	0.1011	0.0992	0.1033	0.1315	0.1255	0.1029	0.1222	0.1423	0.1176	0.1200	0.1380	0.1233	0.1228	0.1270	0.1170	0.1434	0.1319	0.1143	0.1202	0.1180	0.1280	0.1356	0.1097	0.1114	0.1348	0.1502	0.1336	0.1187	0.1341	0.1366	0.1309	0.1022	0.1126	0.1300	0.1135	0.1077	0.1097	0.1084	0.1097	0.0858	0.0927	0.0836	0.0755
0.0157	0.0089	0.0128	0.0163	0.0186	0.0290	0.0272	0.0450	0.0452	0.0386	0.0619	0.0518	0.0623	0.0464	0.0419	0.0706	0.0778	0.0752	0.0918	0.0690	0.0954	0.1145	0.0905	0.0802	0.1142	0.1206	0.1071	0.1122	0.1401	0.1312	0.1334	0.1192	0.1566	0.1518	0.1394	0.1293	0.1626	0.1388	0.1459	0.1461	0.1433	0.1443	0.1643	0.1434	0.1192	0.1428	0.1611	0.1474	0.1348	0.1359	0.1583	0.1590	0.1338	0.1364	0.1434	0.1556	0.1490	0.1355	0.1470	0.1401	0.1496	0.1252	0.1242	0.1226	0.1269	0.1112	0.1014	0.1013	0.0990
0.0106	0.0063	0.0173	0.0259	0.0349	0.0316	0.0596	0.0490	0.0572	0.0637	0.0533	0.0683	0.0680	0.0636	0.0797	0.0803	0.0745	0.0763	0.0942	0.1050	0.1118	0.1149	0.1108	0.1080	0.1226	0.1067	0.1135	0.1148	0.1346	0.1382	0.1392	0.1313	0.1688	0.1700	0.1733	0.1515	0.1523	0.1624	0.1548	0.1627	0.1554	0.1555	0.1583	0.1482	0.1493	0.1645	0.1981	0.1734	0.1913	0.1839	0.1783	0.1698	0.1729	0.1997	0.1904	0.1952	0.1756	0.1729	0.1967	0.1671	0.1723	0.1477	0.1528	0.1684	0.1726	0.1435	0.1256	0.1277	0.1302
0.0017	0.0000	0.0178	0.0158	0.0303	0.0510	0.0554	0.0332	0.0572	0.0707	0.0595	0.0623	0.0684	0.0828	0.0954	0.0851	0.0797	0.0827	0.0961	0.0914	0.1037	0.1019	0.1230	0.1116	0.1284	0.1326	0.1214	0.1432	0.1504	0.1453	0.1528	0.1485	0.1640	0.1848	0.1957	0.1835	0.1788	0.1953	0.2077	0.2064	0.1847	0.1827	0.1915	0.1899	0.1876	0.1929	0.2259	0.2004	0.2072	0.2047	0.2185	0.2105	0.2073	0.2122	0.2136	0.2102	0.2162	0.2099	0.2297	0.2020	0.2048	0.1941	0.2028	0.2303	0.2163	0.1875	0.1522	0.1633	0.1661
0.0121	0.0185	0.0292	0.0346	0.0417	0.0531	0.0406	0.0391	0.0615	0.0608	0.0701	0.0706	0.0799	0.0772	0.0794	0.0949	0.0988	0.1054	0.1094	0.1035	0.1070	0.1504	0.1365	0.1115	0.1413	0.1482	0.1468	0.1706	0.1675	0.1745	0.1647	0.1990	0.2197	0.2528	0.2530	0.2722	0.2782	0.2514	0.2487	0.2333	0.2505	0.2487	0.2387	0.2316	0.2474	0.2371	0.2545	0.2445	0.2435	0.2436	0.2649	0.2501	0.2482	0.2239	0.2142	0.2440	0.2571	0.2531	0.2509	0.2500	0.2445	0.2422	0.3177	0.3904	0.4097	0.2754	0.1674	0.2059	0.1951
0.0063	0.0241	0.0413	0.0539	0.0355	0.0433	0.0432	0.0625	0.0704	0.0642	0.0792	0.1184	0.1161	0.0995	0.0993	0.1094	0.1158	0.1168	0.1266	0.1149	0.1275	0.1457	0.1376	0.1255	0.1619	0.1524	0.1797	0.1830	0.1883	0.2317	0.2858	0.3274	0.3386	0.3423	0.3362	0.3568	0.4163	0.5049	0.4957	0.4175	0.3935	0.3567	0.3046	0.2884	0.2607	0.2806	0.2908	0.2705	0.2636	0.2752	0.2724	0.2712	0.2752	0.2878	0.2736	0.2934	0.3088	0.3066	0.3073	0.3081	0.3163	0.3509	0.4223	0.4763	0.4529	0.3493	0.2164	0.2336	0.2291
0.0269	0.0181	0.0412	0.0608	0.0531	0.0393	0.0403	0.0623	0.0822	0.0799	0.0826	0.1020	0.1123	0.0919	0.0875	0.1128	0.1295	0.1236	0.1288	0.1360	0.1435	0.1521	0.1556	0.1572	0.1800	0.2301	0.2328	0.2305	0.2910	0.3450	0.5634	0.7448	0.7267	0.7023	0.6492	0.6443	0.7185	0.7956	0.8079	0.7286	0.7138	0.6127	0.4596	0.3623	0.3017	0.3265	0.4035	0.3658	0.3408	0.3187	0.3008	0.3059	0.3376	0.3557	0.3598	0.3877	0.3592	0.3683	0.3803	0.3800	0.4117	0.5014	0.5258	0.5314	0.4841	0.4124	0.2854	0.2556	0.2327
0.0228	0.0319	0.0549	0.0381	0.0445	0.0457	0.0661	0.0753	0.0741	0.0785	0.0928	0.1050	0.0943	0.0944	0.0905	0.1136	0.1389	0.1557	0.1490	0.1588	0.1803	0.1874	0.2273	0.2167	0.2429	0.2611	0.3119	0.3573	0.3984	0.5081	0.8029	0.9890	0.9493	0.9325	0.8854	0.8139	0.8529	0.8042	0.7983	0.7986	0.7954	0.7141	0.7685	0.6773	0.5714	0.5617	0.6955	0.6479	0.5879	0.5379	0.4440	0.4211	0.4089	0.4348	0.5585	0.6196	0.5633	0.5889	0.5754	0.5105	0.5425	0.5588	0.5396	0.5045	0.5089	0.4494	0.3609	0.2947	0.2535
0.0261	0.0416	0.0495	0.0554	0.0490	0.0553	0.0791	0.0861	0.0872	0.0885	0.1081	0.1401	0.1240	0.1307	0.1339	0.1457	0.1661	0.2030	0.1924	0.2036	0.2580	0.2507	0.2713	0.3041	0.3199	0.3292	0.3756	0.4300	0.5278	0.8049	0.9192	0.9502	0.9321	0.9213	0.8769	0.8436	0.8477	0.8206	0.8307	0.8292	0.8191	0.7878	0.8410	0.8409	0.8142	0.8005	0.7887	0.8096	0.8491	0.7921	0.6925	0.5719	0.5177	0.5291	0.6743	0.7105	0.7359	0.6949	0.6291	0.5972	0.5619	0.5554	0.5567	0.5194	0.4904	0.4530	0.4641	0.3880	0.3429
0.0219	0.0418	0.0523	0.0635	0.0820	0.0935	0.0980	0.1081	0.1204	0.1117	0.1168	0.1506	0.1600	0.1748	0.2058	0.1860	0.2272	0.2417	0.2661	0.2696	0.2960	0.3171	0.3260	0.3807	0.4163	0.4214	0.4960	0.6219	0.7192	0.8981	0.9006	0.9218	0.8482	0.9113	0.8554	0.8385	0.8592	0.8028	0.7548	0.7421	0.7576	0.7303	0.7768	0.8036	0.7539	0.7966	0.7912	0.8262	0.8678	0.8014	0.8013	0.7817	0.7422	0.6877	0.6806	0.6835	0.6479	0.6375	0.6027	0.6105	0.5759	0.5357	0.5261	0.5225	0.4509	0.4094	0.4383	0.4218	0.4096
0.0407	0.0437	0.0862	0.1088	0.0963	0.1182	0.1435	0.1540	0.1699	0.1786	0.1962	0.2146	0.2345	0.2446	0.2596	0.2799	0.2910	0.3090	0.3302	0.3616	0.4004	0.4151	0.4384	0.4784	0.5414	0.5667	0.7730	0.9240	0.8380	0.8546	0.8293	0.8566	0.8042	0.7708	0.8345	0.7642	0.8044	0.8255	0.7737	0.7083	0.7395	0.7401	0.7940	0.7776	0.7472	0.7190	0.7649	0.7945	0.7464	0.7236	0.7452	0.7910	0.7468	0.7276	0.6875	0.6462	0.6211	0.6313	0.6073	0.5358	0.5343	0.5015	0.4942	0.4778	0.4276	0.4000	0.4159	0.4054	0.3808
0.0526	0.0898	0.1133	0.1331	0.1759	0.2428	0.2702	0.3117	0.3649	0.2980	0.3134	0.3048	0.3226	0.3165	0.3431	0.4044	0.4190	0.4337	0.4841	0.5061	0.5481	0.6709	0.7278	0.7524	0.7926	0.8483	0.9005	0.8828	0.7438	0.7315	0.7626	0.7634	0.7151	0.6958	0.7594	0.7110	0.6955	0.7020	0.6843	0.6979	0.7099	0.6875	0.7338	0.7331	0.6970	0.6636	0.7058	0.6981	0.7372	0.7451	0.7214	0.7359	0.6964	0.6869	0.6347	0.5881	0.5730	0.5832	0.5616	0.5029	0.5007	0.4905	0.4622	0.4563	0.4462	0.3930	0.3877	0.3751	0.3509
0.1143	0.1718	0.2603	0.3464	0.4586	0.6318	0.6624	0.6547	0.7105	0.6377	0.6074	0.6045	0.5903	0.6011	0.5797	0.7100	0.7762	0.7277	0.8005	0.8140	0.7777	0.9551	1.0000	0.9088	0.8435	0.8747	0.8812	0.7789	0.7267	0.7080	0.6553	0.6534	0.6855	0.7186	0.6918	0.6950	0.6771	0.6676	0.6483	0.6745	0.6646	0.6483	0.6846	0.7120	0.6841	0.6898	0.6731	0.6586	0.6763	0.7435	0.7258	0.6935	0.6389	0.6365	0.6031	0.5532	0.5103	0.5191	0.5045	0.4816	0.4984	0.4591	0.4506	0.4418	0.4375	0.3912	0.3601	0.3941	0.3617
0.1836	0.3269	0.4416	0.5397	0.5841	0.6574	0.6893	0.6857	0.7580	0.7570	0.7548	0.7814	0.8341	0.8055	0.7869	0.8598	0.8955	0.9407	0.9407	0.9448	0.8778	0.8987	0.9130	0.8780	0.8178	0.7962	0.7546	0.7047	0.6486	0.6720	0.6312	0.6136	0.6800	0.7096	0.6833	0.7128	0.6757	0.6524	0.6205	0.6065	0.6115	0.6264	0.6368	0.6430	0.7028	0.6247	0.6023	0.6682	0.6586	0.6627	0.6521	0.6486	0.6016	0.6031	0.6169	0.5612	0.5119	0.5219	0.4934	0.4412	0.4640	0.4326	0.4116	0.4170	0.4134	0.3945	0.3720	0.3582	0.3420
0.2376	0.2979	0.3151	0.3755	0.4331	0.4642	0.5108	0.5149	0.5387	0.5961	0.6522	0.6828	0.8085	0.7982	0.7175	0.7911	0.8132	0.8243	0.7819	0.8448	0.8407	0.8083	0.8175	0.7870	0.7109	0.7531	0.6410	0.6545	0.6287	0.6294	0.6686	0.6508	0.6715	0.7188	0.6822	0.7151	0.6871	0.6420	0.6408	0.6283	0.6434	0.6180	0.6097	0.6266	0.6111	0.6182	0.6381	0.6661	0.6444	0.6488	0.6654	0.6227	0.5530	0.5948	0.6062	0.5492	0.5107	0.5166	0.4959	0.4528	0.4622	0.4641	0.4275	0.4022	0.4026	0.3991	0.3788	0.3372	0.3100
0.2413	0.2951	0.3165	0.3176	0.3596	0.3842	0.4141	0.4745	0.4908	0.5193	0.5711	0.6274	0.6929	0.7657	0.6929	0.7494	0.8369	0.8387	0.8106	0.8131	0.8448	0.7971	0.7903	0.7443	0.6856	0.6744	0.6005	0.5713	0.6241	0.6421	0.6173	0.6259	0.6180	0.6290	0.7149	0.6743	0.6463	0.6795	0.6437	0.6361	0.6665	0.6220	0.6221	0.6491	0.6274	0.6438	0.6065	0.6242	0.5937	0.5860	0.6481	0.6235	0.5872	0.5990	0.5795	0.5545	0.5489	0.5282	0.4951	0.4456	0.4429	0.4405	0.4160	0.4092	0.3971	0.3994	0.3585	0.3379	0.3246
0.2249	0.2554	0.3112	0.3300	0.3559	0.3718	0.4191	0.4511	0.5025	0.4912	0.5591	0.6128	0.6454	0.7162	0.6911	0.7565	0.8247	0.8538	0.7734	0.6936	0.7945	0.8199	0.7018	0.6951	0.6971	0.6200	0.6325	0.6012	0.6115	0.6451	0.6193	0.6032	0.6549	0.6300	0.6575	0.6373	0.6420	0.6800	0.6721	0.6032	0.6425	0.5998	0.6056	0.6231	0.6524	0.6418	0.6215	0.6405	0.5943	0.5889	0.6094	0.6293	0.6117	0.6159	0.5590	0.5818	0.5704	0.5117	0.4729	0.4747	0.4249	0.4191	0.4130	0.4047	0.3988	0.3992	0.3753	0.3291	0.3289
0.2057	0.2528	0.3134	0.3367	0.3469	0.3584	0.3933	0.4456	0.4426	0.4190	0.4897	0.5479	0.5943	0.6073	0.6482	0.7132	0.7373	0.8152	0.7854	0.7440	0.7384	0.7583	0.6862	0.6212	0.6675	0.6004	0.6076	0.6414	0.6320	0.6616	0.6415	0.6199	0.6053	0.6632	0.6761	0.6255	0.6427	0.6251	0.6051	0.6131	0.6008	0.6200	0.6555	0.6478	0.6254	0.6215	0.6511	0.6361	0.5973	0.6062	0.5613	0.5519	0.6191	0.5908	0.5431	0.5483	0.5242	0.5290	0.5068	0.4618	0.4300	0.4319	0.4304	0.3859	0.3558	0.3927	0.3455	0.3069	0.3121
0.2228	0.2632	0.2734	0.3402	0.3280	0.3442	0.3518	0.3661	0.3954	0.3992	0.4372	0.4811	0.5365	0.5670	0.5806	0.6393	0.6500	0.7131	0.7115	0.7143	0.6426	0.6424	0.6388	0.6577	0.6284	0.6014	0.6062	0.5970	0.6418	0.6243	0.6246	0.6304	0.6433	0.6617	0.6674	0.6603	0.6698	0.6079	0.6305	0.6240	0.6160	0.6383	0.6695	0.6366	0.5987	0.5907	0.5911	0.6162	0.6041	0.6203	0.5634	0.5334	0.5615	0.5393	0.5311	0.5293	0.5314	0.5062	0.4801	0.4765	0.4697	0.4271	0.4191	0.3849	0.3745	0.3703	0.3264	0.3281	0.3142
0.2492	0.3012	0.2770	0.3109	0.3245	0.3357	0.3269	0.3356	0.3621	0.3838	0.4282	0.4045	0.5031	0.5476	0.5585	0.5763	0.6437	0.5972	0.6074	0.6367	0.6257	0.6029	0.6254	0.5951	0.6080	0.5976	0.6066	0.6019	0.6039	0.6205	0.6735	0.6249	0.6596	0.6607	0.6681	0.6293	0.6462	0.6420	0.6638	0.6419	0.6410	0.6397	0.5666	0.6112	0.6123	0.6093	0.6342	0.5937	0.5938	0.5563	0.5718	0.5751	0.5324	0.5423	0.5245	0.5307	0.5343	0.5231	0.5027	0.4561	0.4454	0.4396	0.4287	0.3949	0.4056	0.3780	0.3345	0.3422	0.3146
0.2448	0.2728	0.2985	0.3049	0.3166	0.3162	0.3211	0.3320	0.3352	0.3698	0.4186	0.4047	0.4706	0.4996	0.5277	0.5461	0.5700	0.5297	0.6082	0.5867	0.6199	0.6059	0.6050	0.5939	0.5679	0.5765	0.6263	0.5905	0.5762	0.6448	0.6266	0.6632	0.6629	0.6452	0.6142	0.6001	0.6513	0.6184	0.6604	0.6489	0.6302	0.6188	0.6093	0.5949	0.5916	0.5703	0.5642	0.5515	0.5653	0.5425	0.5601	0.5650	0.5420	0.5481	0.5492	0.5477	0.5129	0.5116	0.5031	0.4972	0.4573	0.4127	0.4236	0.4068	0.3872	0.3576	0.3535	0.3430	0.3231
0.2746	0.2826	0.2726	0.3133	0.3204	0.3146	0.3440	0.3565	0.3410	0.3745	0.4040	0.4302	0.4820	0.4804	0.5032	0.5006	0.5231	0.5409	0.5581	0.5940	0.5852	0.6301	0.5762	0.5690	0.5809	0.6163	0.5913	0.5883	0.5838	0.6204	0.5824	0.6431	0.6026	0.6206	0.6354	0.6403	0.6189	0.6001	0.6409	0.6277	0.6441	0.6459	0.6332	0.5858	0.5949	0.5530	0.5964	0.5767	0.5914	0.5386	0.5746	0.6136	0.5906	0.5575	0.5385	0.5279	0.5296	0.4876	0.4620	0.4963	0.4608	0.4416	0.4226	0.3900	0.3860	0.3836	0.3852	0.3753	0.3323
0.2641	0.3232	0.2788	0.3246	0.3431	0.3376	0.3393	0.3439	0.3387	0.3743	0.4258	0.4683	0.4681	0.4712	0.5488	0.5047	0.5200	0.5663	0.5647	0.5922	0.6196	0.6037	0.5747	0.5967	0.6010	0.5790	0.6139	0.6282	0.6663	0.6041	0.6126	0.6330	0.6385	0.6178	0.6305	0.6403	0.6469	0.6487	0.6118	0.6178	0.6377	0.6396	0.6296	0.5899	0.5834	0.5863	0.6135	0.5575	0.6044	0.5583	0.5547	0.5786	0.5662	0.5622	0.5699	0.5463	0.5086	0.4978	0.4613	0.4659	0.4566	0.4626	0.4358	0.4120	0.4182	0.4033	0.3667	0.3623	0.3214
0.2532	0.2864	0.3210	0.3394	0.3645	0.3409	0.3490	0.3662	0.3782	0.3923	0.4264	0.4940	0.5121	0.5061	0.4818	0.5222	0.5872	0.5712	0.5618	0.5923	0.6129	0.5779	0.5778	0.6303	0.5903	0.6062	0.5998	0.6467	0.6883	0.6773	0.6434	0.6408	0.6969	0.6693	0.6479	0.6399	0.7073	0.6929	0.6466	0.6584	0.6477	0.6500	0.6000	0.6020	0.5901	0.5745	0.5885	0.5811	0.5826	0.5889	0.5645	0.5809	0.5776	0.5673	0.5716	0.5514	0.4829	0.4877	0.4893	0.4540	0.4657	0.4583	0.4488	0.4182	0.4161	0.3843	0.3537	0.3651	0.3607
0.2500	0.2826	0.3223	0.3440	0.3509	0.3316	0.3679	0.4022	0.4357	0.4369	0.4669	0.4952	0.4852	0.4830	0.4805	0.5251	0.5739	0.5406	0.5482	0.5611	0.5783	0.5895	0.5994	0.6112	0.5895	0.6094	0.5685	0.6173	0.6468	0.6578	0.6699	0.6670	0.6699	0.6925	0.7010	0.6836	0.6938	0.6585	0.6523	0.6539	0.6238	0.6466	0.6253	0.6029	0.5820	0.5946	0.5939	0.5787	0.5985	0.6166	0.6071	0.6003	0.6375	0.6044	0.5644	0.5481	0.5190	0.5116	0.4993	0.4871	0.4667	0.4616	0.4329	0.4163	0.3986	0.3748	0.3510	0.3414	0.3404
0.2652	0.2750	0.2931	0.3315	0.3457	0.3611	0.3736	0.3982	0.4191	0.4364	0.4690	0.4479	0.4831	0.4841	0.5278	0.5185	0.5811	0.5671	0.5757	0.5593	0.5905	0.6146	0.6058	0.6068	0.6107	0.6062	0.5872	0.6427	0.6528	0.6102	0.6240	0.6659	0.6567	0.6644	0.6913	0.6657	0.6883	0.6637	0.6633	0.6117	0.6069	0.5963	0.6526	0.5995	0.6066	0.6173	0.5890	0.6419	0.6121	0.6056	0.6014	0.5917	0.6113	0.6172	0.5876	0.5434	0.5167	0.5194	0.4962	0.4571	0.4705	0.4656	0.4724	0.4560	0.4043	0.3968	0.3852	0.3701	0.3496
0.2569	0.2616	0.2884	0.3331	0.3348	0.3401	0.3968	0.4167	0.4266	0.4418	0.4350	0.4569	0.4728	0.5107	0.4959	0.5155	0.5679	0.5812	0.6045	0.5867	0.5865	0.6059	0.6027	0.6029	0.6309	0.5886	0.6331	0.6737	0.6736	0.6396	0.6788	0.6934	0.6565	0.6869	0.7178	0.6949	0.7156	0.6732	0.6710	0.6174	0.6516	0.6347	0.6161	0.6138	0.6057	0.5854	0.6068	0.6214	0.6271	0.6343	0.6066	0.6061	0.6148	0.6271	0.5912	0.5736	0.5780	0.5319	0.4918	0.4767	0.4464	0.4799	0.4669	0.4488	0.4036	0.3932	0.3804	0.3571	0.3579
0.2483	0.2899	0.3081	0.3119	0.3380	0.3433	0.3662	0.4074	0.4316	0.4217	0.4490	0.4746	0.5202	0.5774	0.5455	0.5681	0.5747	0.5952	0.5765	0.6017	0.6002	0.6016	0.6106	0.6151	0.5857	0.6054	0.6145	0.6567	0.6724	0.6629	0.6652	0.6521	0.6725	0.7330	0.7441	0.7061	0.6968	0.6791	0.7309	0.6594	0.6597	0.6577	0.6459	0.6275	0.5823	0.5881	0.6588	0.6243	0.6358	0.6463	0.6576	0.6185	0.6215	0.6222	0.6180	0.5910	0.5827	0.5212	0.5087	0.4990	0.4877	0.4869	0.4595	0.4713	0.4241	0.4331	0.4053	0.3784	0.3802
0.2106	0.2738	0.2965	0.3106	0.3622	0.3318	0.3425	0.4110	0.4219	0.4155	0.4673	0.4888	0.5953	0.5776	0.6069	0.6156	0.6563	0.6294	0.6176	0.6281	0.6510	0.6083	0.5956	0.6107	0.6181	0.6308	0.6322	0.6135	0.6181	0.6675	0.6512	0.6333	0.6571	0.7111	0.7529	0.7344	0.7226	0.7019	0.7204	0.6794	0.6624	0.6651	0.6475	0.6399	0.6134	0.6156	0.6010	0.6173	0.6005	0.6817	0.6555	0.6423	0.6721	0.6414	0.5783	0.5955	0.5824	0.5760	0.5636	0.5270	0.5035	0.4855	0.4745	0.4545	0.4714	0.4630	0.4330	0.3886	0.3631
0.2425	0.2734	0.2842	0.2814	0.3210	0.3506	0.3843	0.4167	0.4320	0.4669	0.5503	0.6169	0.6786	0.6928	0.7013	0.7038	0.6887	0.6732	0.7039	0.7351	0.6622	0.6360	0.6383	0.6558	0.6424	0.6500	0.6275	0.5967	0.6457	0.6571	0.6594	0.6339	0.6706	0.7091	0.7333	0.7419	0.7056	0.6638	0.6522	0.6555	0.6606	0.6515	0.6503	0.6551	0.6320	0.5916	0.6347	0.6551	0.6598	0.6802	0.6805	0.6513	0.6455	0.6141	0.6070	0.6002	0.5763	0.5561	0.5231	0.5164	0.5245	0.5112	0.5095	0.4832	0.4739	0.4707	0.4464	0.4231	0.3841
0.2504	0.2671	0.3079	0.3216	0.3527	0.3701	0.4099	0.4682	0.4992	0.5660	0.6288	0.6953	0.7274	0.7460	0.7279	0.7654	0.7638	0.7509	0.7858	0.7661	0.7537	0.7591	0.7398	0.7488	0.6225	0.6158	0.5925	0.6066	0.6388	0.6362	0.6332	0.6731	0.6776	0.7001	0.6926	0.6819	0.6955	0.6880	0.6450	0.6411	0.6375	0.6319	0.6011	0.6371	0.6339	0.5943	0.6156	0.6447	0.6972	0.6857	0.6760	0.6502	0.6631	0.6153	0.5957	0.6090	0.5924	0.5884	0.5464	0.5016	0.5138	0.5325	0.5232	0.5095	0.4673	0.4546	0.4754	0.4371	0.4274
0.3120	0.3118	0.3273	0.3556	0.3752	0.4082	0.4940	0.5517	0.5974	0.6264	0.6907	0.7764	0.8077	0.7507	0.7895	0.8023	0.8607	0.9219	0.8648	0.8138	0.8175	0.8602	0.8408	0.7989	0.7438	0.7128	0.6308	0.6344	0.6587	0.6042	0.6682	0.6934	0.6688	0.6658	0.6938	0.6904	0.6798	0.6952	0.6488	0.6535	0.6469	0.6056	0.6080	0.6320	0.6391	0.6515	0.6564	0.6509	0.6888	0.6993	0.6618	0.6928	0.6749	0.6682	0.6116	0.6017	0.6019	0.6015	0.6076	0.5334	0.5388	0.5568	0.5550	0.5101	0.4997	0.4956	0.5116	0.4950	0.4872
0.2932	0.3815	0.4732	0.4904	0.5195	0.5390	0.6399	0.6617	0.7238	0.7633	0.8187	0.8662	0.8579	0.8704	0.8673	0.8979	0.9441	0.9474	0.9268	0.9155	0.8774	0.9146	0.9306	0.8878	0.8725	0.8140	0.7356	0.6837	0.6639	0.6346	0.6799	0.7106	0.7151	0.6922	0.7295	0.7059	0.6915	0.7027	0.6551	0.6408	0.6646	0.6648	0.6739	0.6753	0.6919	0.6687	0.6782	0.6789	0.7079	0.7308	0.7082	0.7205	0.6853	0.7076	0.6318	0.6430	0.6298	0.6096	0.6157	0.5997	0.6111	0.5905	0.5914	0.5837	0.5769	0.5604	0.5259	0.5447	0.5260
0.1710	0.3235	0.4609	0.5646	0.6177	0.7279	0.7794	0.7920	0.7866	0.7260	0.7141	0.7697	0.7125	0.7300	0.7101	0.7323	0.8205	0.8122	0.8607	0.8861	0.7882	0.7966	0.7502	0.8406	0.8885	0.8348	0.7628	0.7631	0.7565	0.7266	0.7347	0.6924	0.7190	0.7009	0.7061	0.6966	0.7324	0.6966	0.7111	0.6779	0.6917	0.7250	0.7315	0.7570	0.7548	0.7387	0.7369	0.7196	0.7406	0.7516	0.7389	0.7228	0.7311	0.7184	0.6696	0.6435	0.6526	0.6572	0.6453	0.6500	0.6500	0.6217	0.6339	0.6340	0.6170	0.5827	0.5093	0.5347	0.5124
0.0662	0.1334	0.1827	0.2417	0.3157	0.3998	0.3810	0.3856	0.3809	0.3344	0.3481	0.3449	0.3265	0.3132	0.3310	0.3755	0.3923	0.4130	0.4365	0.4303	0.4154	0.4165	0.4242	0.4936	0.6957	0.6700	0.5527	0.7252	0.8858	0.8528	0.8593	0.7853	0.7779	0.7708	0.7561	0.7570	0.7737	0.7393	0.7312	0.7049	0.7473	0.7302	0.7682	0.7643	0.7531	0.7367	0.7718	0.7553	0.7498	0.7440	0.7211	0.7398	0.7246	0.7123	0.6734	0.6924	0.6763	0.6605	0.6412	0.6501	0.6246	0.6436	0.6732	0.6583	0.6407	0.5122	0.5279	0.5789	0.5335
0.0466	0.0496	0.0677	0.0868	0.0991	0.1235	0.1173	0.1332	0.1622	0.1472	0.1878	0.1887	0.2061	0.1928	0.2189	0.2251	0.2292	0.2518	0.2500	0.2663	0.3037	0.2927	0.2942	0.3184	0.3980	0.3964	0.3805	0.4642	0.6577	0.8040	0.8774	0.8780	0.8730	0.8733	0.8451	0.8432	0.7939	0.8166	0.7469	0.7510	0.7694	0.7249	0.7521	0.7594	0.7654	0.7562	0.7986	0.7714	0.7435	0.7501	0.7521	0.7493	0.7207	0.7345	0.6758	0.6900	0.6856	0.6582	0.5938	0.6412	0.6292	0.6211	0.6718	0.6640	0.6085	0.5032	0.6056	0.5773	0.5235
0.0323	0.0380	0.0478	0.0482	0.0791	0.0971	0.0960	0.0900	0.1112	0.1097	0.1073	0.1162	0.1521	0.1459	0.1647	0.1722	0.1910	0.2122	0.2013	0.2193	0.2285	0.2311	0.2455	0.2801	0.2971	0.3060	0.3130	0.3738	0.4588	0.5586	0.7603	0.8635	0.9421	0.9579	0.8880	0.8115	0.8273	0.8284	0.7997	0.7885	0.8166	0.7775	0.7817	0.7940	0.8162	0.7890	0.8139	0.8372	0.8118	0.8117	0.7619	0.7362	0.7201	0.7065	0.6791	0.7043	0.7109	0.6802	0.6533	0.6471	0.6361	0.6216	0.6442	0.5870	0.4299	0.5391	0.6501	0.5714	0.5239
0.0289	0.0350	0.0523	0.0440	0.0528	0.0684	0.0804	0.0734	0.0683	0.0915	0.0839	0.0795	0.1046	0.1122	0.1185	0.1222	0.1415	0.1607	0.1462	0.1758	0.1842	0.1900	0.2223	0.2485	0.2446	0.2440	0.2660	0.3160	0.3618	0.3917	0.4956	0.6783	0.8401	0.9888	0.9084	0.8855	0.9101	0.8660	0.8702	0.8029	0.8260	0.8408	0.8348	0.8253	0.8355	0.8530	0.8584	0.8545	0.8240	0.8597	0.8146	0.7909	0.7394	0.7189	0.6835	0.7648	0.7412	0.6883	0.6150	0.6466	0.6415	0.6417	0.6957	0.5491	0.3624	0.5545	0.6295	0.5701	0.5278
0.0213	0.0355	0.0502	0.0444	0.0520	0.0568	0.0780	0.0670	0.0571	0.0792	0.0816	0.0765	0.0859	0.0838	0.0873	0.0873	0.1117	0.0995	0.1055	0.1201	0.1298	0.1439	0.1590	0.1799	0.1858	0.1998	0.2339	0.2325	0.2796	0.3055	0.3715	0.4366	0.6215	0.9821	0.9848	0.9003	0.9307	0.9092	0.9099	0.8664	0.8303	0.8775	0.8836	0.8598	0.8565	0.8278	0.7856	0.7035	0.6562	0.8606	0.8516	0.7619	0.7016	0.7544	0.7485	0.6982	0.6841	0.6753	0.6459	0.6277	0.6184	0.6394	0.6144	0.4318	0.3629	0.5481	0.5962	0.5680	0.5005
0.0174	0.0347	0.0430	0.0344	0.0377	0.0626	0.0699	0.0675	0.0723	0.0676	0.0749	0.0696	0.0783	0.0708	0.0734	0.0750	0.0849	0.0832	0.0973	0.1000	0.1093	0.1152	0.1151	0.1254	0.1301	0.1341	0.1477	0.1629	0.2023	0.2273	0.2702	0.3316	0.4708	0.8342	0.9396	0.9085	0.9320	0.8754	0.8366	0.8342	0.7984	0.8259	0.7556	0.7234	0.6534	0.5293	0.4710	0.4016	0.4211	0.6454	0.6179	0.5167	0.6200	0.7936	0.7556	0.6956	0.6771	0.6857	0.6515	0.6434	0.6426	0.6658	0.5235	0.3150	0.3329	0.4391	0.5371	0.5453	0.4574
0.0046	0.0213	0.0320	0.0377	0.0394	0.0513	0.0565	0.0569	0.0684	0.0666	0.0720	0.0596	0.0796	0.0754	0.0634	0.0872	0.0904	0.0829	0.0961	0.1059	0.0905	0.0857	0.0931	0.1063	0.1030	0.1123	0.1102	0.1203	0.1373	0.1452	0.1612	0.1890	0.2199	0.3736	0.4627	0.4748	0.6426	0.5271	0.4665	0.6958	0.7859	0.6879	0.4251	0.3069	0.2898	0.2427	0.2213	0.2371	0.2635	0.3398	0.3505	0.4541	0.7446	0.7936	0.7337	0.7328	0.7171	0.7175	0.6472	0.6451	0.6158	0.5844	0.3886	0.2457	0.2150	0.2766	0.4532	0.4282	0.2988
0.0006	0.0202	0.0253	0.0281	0.0231	0.0294	0.0497	0.0632	0.0500	0.0304	0.0444	0.0481	0.0525	0.0611	0.0650	0.0731	0.0808	0.0811	0.0769	0.0830	0.0817	0.0763	0.0824	0.0874	0.0950	0.0955	0.0926	0.1004	0.1202	0.1108	0.1116	0.1176	0.1257	0.1362	0.1522	0.1624	0.2089	0.2095	0.2226	0.3355	0.4469	0.3445	0.1827	0.1442	0.1553	0.1554	0.1563	0.1589	0.1666	0.2042	0.2397	0.4293	0.6668	0.5322	0.6422	0.8110	0.7488	0.7527	0.6603	0.5806	0.4608	0.3455	0.2169	0.1682	0.1622	0.1843	0.2296	0.2179	0.1570
0.0000	0.0152	0.0136	0.0341	0.0359	0.0284	0.0361	0.0542	0.0379	0.0379	0.0527	0.0546	0.0519	0.0489	0.0572	0.0695	0.0677	0.0692	0.0722	0.0682	0.0735	0.0618	0.0642	0.0707	0.0876	0.0862	0.0876	0.0922	0.0934	0.0955	0.0960	0.1063	0.1106	0.1130	0.1160	0.1264	0.1236	0.1325	0.1385	0.1353	0.1329	0.1301	0.1211	0.1212	0.1274	0.1244	0.1262	0.1240	0.1274	0.1488	0.1640	0.2424	0.3423	0.3406	0.6205	0.7190	0.4840	0.6212	0.7101	0.5520	0.2387	0.1533	0.1301	0.1247	0.1252	0.1269	0.1354	0.1367	0.1199
0.0000	0.0039	0.0180	0.0367	0.0172	0.0189	0.0307	0.0407	0.0410	0.0410	0.0410	0.0517	0.0450	0.0453	0.0551	0.0584	0.0624	0.0683	0.0627	0.0649	0.0673	0.0741	0.0667	0.0669	0.0813	0.0764	0.0826	0.0774	0.0807	0.0854	0.0928	0.0942	0.0968	0.0967	0.1053	0.1073	0.1034	0.1071	0.1168	0.1083	0.0943	0.1098	0.1125	0.1047	0.1238	0.1019	0.1092	0.1058	0.1105	0.1114	0.1265	0.1416	0.1778	0.2607	0.5966	0.5421	0.2254	0.2876	0.5534	0.4335	0.1663	0.1120	0.1088	0.1019	0.1106	0.1119	0.1166	0.1165	0.1017
0.0000	0.0000	0.0164	0.0112	0.0110	0.0163	0.0155	0.0233	0.0273	0.0276	0.0306	0.0422	0.0443	0.0407	0.0551	0.0523	0.0528	0.0651	0.0522	0.0656	0.0768	0.0629	0.0583	0.0647	0.0745	0.0716	0.0734	0.0755	0.0750	0.0717	0.0683	0.0881	0.0848	0.0821	0.0925	0.0940	0.1006	0.0977	0.1012	0.1015	0.0984	0.0972	0.0924	0.1036	0.1136	0.0955	0.1067	0.0990	0.1076	0.1037	0.0998	0.1105	0.1129	0.1699	0.3651	0.2698	0.1105	0.1170	0.1977	0.1887	0.1132	0.0954	0.0878	0.0894	0.0927	0.0998	0.0920	0.0926	0.0929
0.0063	0.0000	0.0000	0.0122	0.0200	0.0291	0.0123	0.0212	0.0287	0.0282	0.0312	0.0353	0.0499	0.0384	0.0373	0.0508	0.0513	0.0612	0.0503	0.0544	0.0613	0.0564	0.0581	0.0602	0.0663	0.0708	0.0630	0.0661	0.0640	0.0659	0.0663	0.0765	0.0733	0.0755	0.0840	0.0887	0.0886	0.0878	0.0856	0.0889	0.0970	0.0930	0.0829	0.0824	0.0938	0.0964	0.0932	0.0892	0.0984	0.0940	0.0892	0.0999	0.0880	0.1045	0.1282	0.1091	0.1048	0.1000	0.0908	0.1040	0.0977	0.0868	0.0879	0.0851	0.0845	0.0863	0.0755	0.0761	0.0775
0.0000	0.0000	0.0000	0.0044	0.0202	0.0088	0.0181	0.0168	0.0316	0.0353	0.0259	0.0261	0.0337	0.0348	0.0316	0.0323	0.0373	0.0442	0.0382	0.0488	0.0640	0.0517	0.0441	0.0527	0.0588	0.0663	0.0582	0.0616	0.0672	0.0695	0.0635	0.0618	0.0590	0.0667	0.0695	0.0782	0.0779	0.0727	0.0726	0.0775	0.0876	0.0852	0.0844	0.0733	0.0751	0.0872	0.0868	0.0793	0.0939	0.0841	0.0732	0.0820	0.0828	0.0902	0.0930	0.0880	0.0825	0.0799	0.0834	0.0881	0.0849	0.0764	0.0682	0.0765	0.0764	0.0709	0.0720	0.0659	0.0634
0.0000	0.0000	0.0000	0.0089	0.0000	0.0000	0.0139	0.0140	0.0054	0.0079	0.0144	0.0233	0.0252	0.0230	0.0292	0.0214	0.0375	0.0192	0.0320	0.0470	0.0456	0.0399	0.0418	0.0434	0.0458	0.0530	0.0615	0.0589	0.0646	0.0644	0.0540	0.0576	0.0582	0.0635	0.0659	0.0590	0.0664	0.0669	0.0682	0.0674	0.0658	0.0673	0.0690	0.0682	0.0708	0.0761	0.0767	0.0702	0.0748	0.0750	0.0743	0.0808	0.0800	0.0779	0.0779	0.0863	0.0786	0.0720	0.0767	0.0767	0.0730	0.0685	0.0642	0.0681	0.0715	0.0626	0.0663	0.0676	0.0502
0.0000	0.0000	0.0000	0.0021	0.0052	0.0000	0.0000	0.0052	0.0077	0.0033	0.0141	0.0267	0.0287	0.0207	0.0344	0.0300	0.0461	0.0331	0.0287	0.0382	0.0379	0.0327	0.0329	0.0383	0.0432	0.0497	0.0534	0.0601	0.0563	0.0545	0.0564	0.0663	0.0599	0.0696	0.0698	0.0573	0.0697	0.0731	0.0757	0.0646	0.0672	0.0592	0.0589	0.0641	0.0648	0.0674	0.0692	0.0784	0.0670	0.0727	0.0707	0.0782	0.0674	0.0772	0.0790	0.0819	0.0721	0.0704	0.0672	0.0702	0.0660	0.0556	0.0602	0.0568	0.0595	0.0469	0.0489	0.0535	0.0455
0.0000	0.0000	0.0000	0.0000	0.0027	0.0000	0.0000	0.0000	0.0058	0.0054	0.0119	0.0202	0.0210	0.0305	0.0277	0.0221	0.0262	0.0321	0.0316	0.0376	0.0348	0.0330	0.0358	0.0446	0.0398	0.0504	0.0463	0.0477	0.0453	0.0554	0.0564	0.0592	0.0583	0.0619	0.0638	0.0607	0.0593	0.0658	0.0650	0.0625	0.0609	0.0622	0.0657	0.0662	0.0660	0.0643	0.0642	0.0666	0.0600	0.0668	0.0652	0.0628	0.0650	0.0693	0.0766	0.0714	0.0634	0.0607	0.0645	0.0604	0.0576	0.0495	0.0536	0.0547	0.0456	0.0384	0.0427	0.0434	0.0337
0.0000	0.0000	0.0000	0.0000	0.0000	0.0003	0.0011	0.0031	0.0048	0.0076	0.0174	0.0194	0.0167	0.0288	0.0229	0.0275	0.0281	0.0255	0.0274	0.0288	0.0304	0.0285	0.0404	0.0456	0.0391	0.0393	0.0466	0.0470	0.0404	0.0569	0.0526	0.0493	0.0479	0.0550	0.0601	0.0583	0.0551	0.0589	0.0631	0.0624	0.0563	0.0639	0.0693	0.0656	0.0586	0.0659	0.0560	0.0541	0.0604	0.0560	0.0553	0.0526	0.0593	0.0602	0.0633	0.0677	0.0650	0.0491	0.0566	0.0556	0.0484	0.0484	0.0443	0.0442	0.0440	0.0375	0.0331	0.0336	0.0425
0.0000	0.0000	0.0000	0.0000	0.0000	0.0000	0.0000	0.0082	0.0000	0.0065	0.0289	0.0334	0.0267	0.0178	0.0227	0.0188	0.0178	0.0199	0.0220	0.0244	0.0176	0.0356	0.0300	0.0300	0.0294	0.0337	0.0437	0.0394	0.0391	0.0560	0.0471	0.0441	0.0652	0.0548	0.0586	0.0543	0.0552	0.0546	0.0622	0.0586	0.0573	0.0632	0.0552	0.0587	0.0606	0.0564	0.0528	0.0533	0.0534	0.0514	0.0654	0.0599	0.0680	0.0600	0.0566	0.0580	0.0644	0.0558	0.0494	0.0620	0.0551	0.0563	0.0524	0.0446	0.0549	0.0465	0.0436	0.0325	0.0375
