0.0000	0.0000	0.0000	0.0000	0.0033	0.0000	0.0000	0.0029	0.0059	0.0083	0.0000	0.0088	0.0205	0.0253	0.0319	0.0600	0.0473	0.0445	0.0379	0.0272	0.0518	0.0512	0.0348	0.0590	0.0628	0.0663	0.0863	0.0562	0.0692	0.0670	0.0501	0.0594	0.0612	0.0673	0.0559	0.0714	0.0680	0.0594	0.0637	0.0634	0.0635	0.0742	0.0792	0.0618	0.0553	0.0722	0.0687	0.0784	0.0730	0.0792	0.0836	0.0708	0.0676	0.0721	0.0652	0.0757	0.0636	0.0460	0.0752	0.0694	0.0536	0.0570	0.0599	0.0417	0.0471	0.0443	0.0579	0.0552	0.0390
0.0000	0.0000	0.0029	0.0004	0.0073	0.0127	0.0210	0.0114	0.0174	0.0122	0.0182	0.0295	0.0324	0.0295	0.0337	0.0424	0.0385	0.0492	0.0617	0.0314	0.0381	0.0598	0.0564	0.0615	0.0624	0.0834	0.0792	0.0691	0.0622	0.0633	0.0738	0.0821	0.0686	0.0769	0.0697	0.0773	0.0779	0.0587	0.0718	0.0780	0.0708	0.0816	0.0840	0.0724	0.0913	0.0827	0.0855	0.0991	0.0873	0.0775	0.0795	0.0674	0.0622	0.0822	0.0764	0.0816	0.0846	0.0709	0.0682	0.0882	0.0715	0.0499	0.0632	0.0643	0.0593	0.0430	0.0475	0.0484	0.0422
0.0000	0.0000	0.0000	0.0043	0.0000	0.0123	0.0131	0.0164	0.0108	0.0177	0.0236	0.0298	0.0427	0.0481	0.0326	0.0380	0.0408	0.0468	0.0652	0.0666	0.0557	0.0737	0.0779	0.0631	0.0682	0.0760	0.0838	0.0711	0.0757	0.0747	0.0848	0.0775	0.0626	0.0954	0.0869	0.0797	0.0910	0.0688	0.0704	0.0746	0.0825	0.0880	0.0907	0.0957	0.0851	0.0952	0.0890	0.0885	0.0936	0.0830	0.0896	0.0840	0.0838	0.0901	0.0883	0.0937	0.0827	0.0721	0.0827	0.0778	0.0795	0.0686	0.0722	0.0775	0.0716	0.0774	0.0592	0.0450	0.0532
0.0000	0.0000	0.0000	0.0000	0.0000	0.0112	0.0133	0.0214	0.0068	0.0176	0.0416	0.0459	0.0568	0.0440	0.0263	0.0511	0.0477	0.0484	0.0555	0.0734	0.0738	0.0679	0.0749	0.0782	0.0681	0.0768	0.0776	0.0737	0.0753	0.0681	0.0656	0.0882	0.0940	0.0838	0.0927	0.0886	0.0712	0.0760	0.0807	0.0785	0.0999	0.0937	0.0874	0.1088	0.0893	0.1003	0.1006	0.0940	0.0814	0.0813	0.1093	0.0973	0.1014	0.0852	0.0944	0.0873	0.0752	0.0973	0.0792	0.0762	0.0870	0.0852	0.0779	0.0816	0.0798	0.0783	0.0656	0.0656	0.0781
0.0000	0.0000	0.0009	0.0046	0.0098	0.0152	0.0127	0.0206	0.0198	0.0189	0.0308	0.0340	0.0567	0.0566	0.0307	0.0458	0.0564	0.0503	0.0613	0.0553	0.0724	0.0732	0.0696	0.0792	0.0811	0.0849	0.0781	0.0653	0.0786	0.0637	0.0685	0.0833	0.0933	0.0947	0.0900	0.0860	0.0809	0.0744	0.0814	0.0762	0.0822	0.0865	0.0865	0.0987	0.0938	0.0974	0.0961	0.1008	0.0956	0.1048	0.1167	0.0975	0.1086	0.1066	0.1041	0.1160	0.1036	0.1000	0.0934	0.1050	0.0959	0.0836	0.0915	0.0945	0.0871	0.0683	0.0743	0.0789	0.0919
0.0076	0.0000	0.0066	0.0130	0.0060	0.0110	0.0247	0.0234	0.0305	0.0396	0.0362	0.0395	0.0625	0.0479	0.0479	0.0502	0.0555	0.0665	0.0600	0.0734	0.0816	0.0883	0.0832	0.0877	0.0843	0.0890	0.0809	0.0818	0.0806	0.0640	0.0883	0.0767	0.0875	0.1026	0.0938	0.0990	0.0979	0.1107	0.0919	0.0837	0.0944	0.0822	0.1011	0.1088	0.1053	0.0968	0.0933	0.1076	0.1177	0.1403	0.1185	0.1070	0.1265	0.1324	0.1343	0.1191	0.1328	0.1070	0.1179	0.1376	0.1179	0.0967	0.1097	0.1244	0.1204	0.1024	0.0863	0.0980	0.1236
0.0000	0.0034	0.0172	0.0175	0.0189	0.0161	0.0199	0.0360	0.0473	0.0525	0.0534	0.0477	0.0710	0.0489	0.0730	0.0576	0.0611	0.0685	0.0732	0.0703	0.0924	0.1028	0.0760	0.0827	0.0878	0.1100	0.0745	0.0939	0.0915	0.0882	0.0855	0.0873	0.0950	0.0968	0.1095	0.1026	0.0853	0.1038	0.1041	0.0928	0.0996	0.1055	0.1097	0.1110	0.1124	0.1153	0.1163	0.1390	0.1363	0.1350	0.1449	0.1475	0.1526	0.1526	0.1522	0.1571	0.1440	0.1141	0.1315	0.1408	0.1268	0.1253	0.1431	0.1460	0.1442	0.1267	0.1222	0.1211	0.1387
0.0000	0.0023	0.0164	0.0219	0.0212	0.0044	0.0283	0.0544	0.0529	0.0607	0.0522	0.0553	0.0644	0.0688	0.0745	0.0819	0.0585	0.0762	0.0800	0.0777	0.0850	0.1036	0.0846	0.0876	0.0984	0.1040	0.0886	0.0943	0.1080	0.1093	0.1060	0.0913	0.0918	0.1070	0.1176	0.1003	0.0999	0.1075	0.1176	0.0962	0.0992	0.1064	0.1203	0.1222	0.1272	0.1471	0.1440	0.1585	0.1718	0.1628	0.1586	0.1494	0.1617	0.1444	0.1659	0.1913	0.1618	0.1437	0.1659	0.1580	0.1606	0.1556	0.1855	0.1631	0.1588	0.1397	0.1433	0.1520	0.1770
0.0000	0.0088	0.0113	0.0232	0.0274	0.0310	0.0393	0.0562	0.0620	0.0676	0.0482	0.0679	0.0763	0.0779	0.0632	0.0665	0.0583	0.0774	0.0815	0.0929	0.0917	0.1137	0.0975	0.0987	0.1194	0.1048	0.1041	0.1146	0.1158	0.1078	0.1054	0.1033	0.1017	0.1163	0.1276	0.1177	0.1228	0.1098	0.1206	0.1222	0.1055	0.1255	0.1279	0.1286	0.1587	0.1727	0.1694	0.1743	0.1835	0.1921	0.1935	0.1825	0.2118	0.2196	0.1956	0.1974	0.2068	0.1850	0.2311	0.2096	0.1869	0.1842	0.1977	0.1930	0.1791	0.1635	0.1607	0.1787	0.1557
0.0000	0.0000	0.0125	0.0231	0.0330	0.0416	0.0467	0.0646	0.0697	0.0474	0.0476	0.0551	0.0664	0.0725	0.0748	0.0709	0.0848	0.0947	0.1183	0.1161	0.1108	0.1046	0.1066	0.1196	0.1283	0.1170	0.1219	0.1163	0.1126	0.1068	0.1111	0.1129	0.1256	0.1493	0.1273	0.1181	0.1255	0.1319	0.1345	0.1374	0.1329	0.1450	0.1510	0.1546	0.1788	0.1972	0.2125	0.2174	0.2367	0.2937	0.2679	0.2327	0.2787	0.3348	0.2980	0.2487	0.2581	0.2882	0.3182	0.2946	0.2773	0.2276	0.2471	0.2480	0.1965	0.1700	0.1729	0.1671	0.1608
0.0000	0.0067	0.0203	0.0288	0.0299	0.0455	0.0576	0.0463	0.0632	0.0688	0.0584	0.0570	0.0628	0.0739	0.0734	0.0901	0.1073	0.0969	0.1157	0.1119	0.1182	0.1237	0.1096	0.1155	0.1448	0.1480	0.1368	0.1384	0.1318	0.1285	0.1200	0.1204	0.1269	0.1430	0.1379	0.1401	0.1425	0.1582	0.1613	0.1495	0.1639	0.1854	0.2042	0.1966	0.2405	0.2647	0.3040	0.3278	0.4168	0.5870	0.5549	0.4625	0.4810	0.5068	0.4601	0.3603	0.4242	0.4930	0.4867	0.4875	0.4214	0.3035	0.3290	0.3526	0.2558	0.1825	0.1467	0.1615	0.1769
0.0000	0.0164	0.0308	0.0295	0.0303	0.0418	0.0528	0.0696	0.0712	0.0686	0.0750	0.0790	0.0805	0.0959	0.0838	0.0930	0.1190	0.1243	0.1210	0.1305	0.1390	0.1404	0.1450	0.1576	0.1656	0.1412	0.1516	0.1301	0.1469	0.1495	0.1279	0.1344	0.1517	0.1544	0.1605	0.1522	0.1699	0.1921	0.2085	0.2096	0.1975	0.2244	0.2644	0.2802	0.2967	0.3328	0.3518	0.4467	0.6503	0.7674	0.7378	0.6828	0.6400	0.5989	0.5931	0.5459	0.6459	0.6199	0.5838	0.5580	0.5141	0.4483	0.4239	0.4456	0.3126	0.2082	0.1680	0.1637	0.1821
0.0254	0.0330	0.0273	0.0357	0.0337	0.0405	0.0484	0.0623	0.0767	0.0686	0.0772	0.0958	0.1005	0.1024	0.0920	0.1087	0.1427	0.1391	0.1370	0.1345	0.1640	0.1679	0.1702	0.1626	0.1829	0.1714	0.1613	0.1543	0.1811	0.1694	0.1579	0.1633	0.1936	0.2071	0.2164	0.2075	0.2129	0.2275	0.2437	0.2403	0.2510	0.2755	0.3200	0.3393	0.3287	0.3816	0.4195	0.5397	0.7814	0.7458	0.6920	0.7061	0.6673	0.6300	0.6163	0.6482	0.6414	0.5742	0.6129	0.5282	0.4875	0.4956	0.4822	0.4986	0.4039	0.2653	0.2075	0.2062	0.2055
0.0230	0.0328	0.0309	0.0427	0.0498	0.0522	0.0734	0.0686	0.0717	0.0880	0.1009	0.1214	0.1294	0.1109	0.1205	0.1591	0.1656	0.1675	0.1538	0.1730	0.1752	0.1829	0.2087	0.1836	0.1804	0.2017	0.2034	0.2212	0.2047	0.1978	0.1909	0.2131	0.2357	0.2422	0.2589	0.2405	0.2628	0.2563	0.2790	0.2851	0.3051	0.3170	0.3624	0.3543	0.3722	0.4299	0.4362	0.5179	0.6746	0.6740	0.7195	0.7138	0.6690	0.5925	0.6183	0.6476	0.6181	0.5593	0.5733	0.5345	0.5024	0.5119	0.5495	0.5123	0.4595	0.3884	0.2944	0.2605	0.2573
0.0046	0.0316	0.0531	0.0509	0.0597	0.0605	0.0715	0.0951	0.1055	0.1091	0.1443	0.1707	0.1738	0.1693	0.2258	0.2499	0.3024	0.2788	0.2285	0.2361	0.2667	0.2576	0.2503	0.2756	0.2390	0.2248	0.2228	0.2277	0.2386	0.2358	0.2238	0.2537	0.2776	0.2926	0.2821	0.2910	0.3031	0.2981	0.3021	0.3180	0.3574	0.3828	0.4039	0.4170	0.4417	0.4977	0.5449	0.5709	0.6940	0.7034	0.7168	0.6712	0.6232	0.5279	0.5861	0.5972	0.5974	0.5771	0.5295	0.5375	0.5247	0.5284	0.5826	0.5549	0.5023	0.4542	0.3777	0.3640	0.3798
0.0285	0.0336	0.0637	0.0672	0.0881	0.0846	0.0906	0.1229	0.1419	0.1360	0.1741	0.2485	0.3072	0.3749	0.5518	0.5853	0.6938	0.6502	0.5467	0.5071	0.4866	0.4748	0.5065	0.5432	0.3457	0.2815	0.2618	0.2440	0.2830	0.2539	0.2609	0.2964	0.3044	0.3268	0.3339	0.3527	0.3509	0.3537	0.3480	0.3661	0.3977	0.3975	0.4294	0.4978	0.5566	0.7477	0.7492	0.7653	0.7100	0.6742	0.6448	0.6292	0.5878	0.5228	0.5262	0.5587	0.5499	0.5353	0.5511	0.5478	0.5112	0.4944	0.5651	0.5700	0.4560	0.4011	0.4065	0.4200	0.4135
0.0479	0.0536	0.0708	0.0934	0.1075	0.1197	0.1619	0.2052	0.2469	0.2803	0.3507	0.4979	0.6354	0.6126	0.7012	0.7422	0.7738	0.8407	0.7824	0.8084	0.8740	0.8746	0.8638	0.8434	0.6240	0.4008	0.3342	0.2890	0.2727	0.2658	0.3037	0.3185	0.3516	0.3488	0.3816	0.3786	0.4015	0.4022	0.4332	0.4106	0.4204	0.4829	0.6043	0.7073	0.7555	0.7540	0.7061	0.7378	0.6257	0.5988	0.6185	0.6030	0.5351	0.5189	0.5263	0.5390	0.4867	0.4836	0.4961	0.5000	0.4949	0.4834	0.4657	0.4854	0.4433	0.3722	0.3814	0.3966	0.3799
0.0591	0.0735	0.0996	0.1405	0.1939	0.3228	0.4419	0.5087	0.5982	0.5589	0.5717	0.6178	0.6405	0.6052	0.6206	0.6889	0.7450	0.7946	0.7941	0.8553	0.9313	0.9040	0.8421	0.8191	0.8018	0.6590	0.5680	0.5075	0.3706	0.3503	0.3503	0.3618	0.3721	0.4276	0.4377	0.4379	0.4443	0.4386	0.4976	0.5945	0.6768	0.7441	0.8319	0.8118	0.7881	0.6915	0.6369	0.6332	0.6444	0.6193	0.5827	0.5510	0.5268	0.4974	0.4844	0.4913	0.4469	0.4514	0.4968	0.4652	0.4634	0.4920	0.4769	0.4646	0.4117	0.3688	0.3543	0.3692	0.3485
0.0836	0.1358	0.2551	0.3651	0.4774	0.5700	0.6063	0.5788	0.6053	0.5476	0.4823	0.4688	0.5285	0.5112	0.5594	0.6258	0.7047	0.7268	0.7770	0.7777	0.8016	0.8682	0.8900	0.8282	0.7997	0.8188	0.9115	0.8235	0.7469	0.5753	0.3978	0.3928	0.4460	0.5444	0.5267	0.4794	0.4760	0.5000	0.6233	0.8309	0.8615	0.7986	0.8204	0.7548	0.6891	0.6615	0.6198	0.5905	0.5568	0.6158	0.5799	0.5192	0.4756	0.4998	0.4950	0.4681	0.4296	0.4286	0.4317	0.4329	0.4608	0.4450	0.4493	0.4238	0.3909	0.3724	0.3531	0.3618	0.3559
0.1416	0.2260	0.3688	0.4037	0.4288	0.4183	0.4402	0.4032	0.4221	0.4221	0.4012	0.4356	0.5224	0.5139	0.5565	0.6016	0.6217	0.6921	0.7244	0.7403	0.7474	0.8443	0.8367	0.8612	0.8632	0.8135	0.8913	0.9548	0.9606	0.9285	0.6829	0.6101	0.7404	0.7613	0.7140	0.5755	0.5138	0.5681	0.7535	0.8112	0.8056	0.7673	0.7659	0.6986	0.7289	0.6514	0.6021	0.5556	0.5465	0.5438	0.5121	0.4753	0.4425	0.4764	0.4881	0.4784	0.4772	0.4823	0.4586	0.4171	0.4412	0.4508	0.4398	0.4448	0.3995	0.3876	0.3438	0.3434	0.3527
0.1805	0.2256	0.2915	0.2903	0.2963	0.3133	0.3513	0.3266	0.3289	0.3687	0.3869	0.4142	0.5524	0.5566	0.5473	0.6014	0.6249	0.6802	0.6582	0.6531	0.7465	0.7786	0.7667	0.7765	0.7644	0.8047	0.8003	0.8939	0.9411	0.9375	0.9779	0.9565	0.9489	0.9791	0.8999	0.7478	0.7134	0.7086	0.8243	0.7869	0.7261	0.7196	0.6774	0.6751	0.6470	0.5917	0.5630	0.5384	0.5122	0.4968	0.4852	0.4839	0.4544	0.5168	0.4939	0.4730	0.4642	0.4659	0.4602	0.4218	0.4336	0.4633	0.4275	0.4002	0.3803	0.3635	0.3598	0.3343	0.3150
0.1917	0.2097	0.2529	0.2735	0.2397	0.2811	0.3281	0.3336	0.3204	0.3539	0.3877	0.3854	0.5044	0.5576	0.5519	0.5814	0.7072	0.6909	0.7064	0.6932	0.7492	0.7843	0.7875	0.7570	0.7689	0.7412	0.7561	0.7813	0.8622	0.8659	0.8892	0.9408	0.8947	0.8892	0.9275	0.8851	0.8586	0.8650	0.7728	0.7866	0.7627	0.6983	0.6458	0.6666	0.6207	0.5849	0.5500	0.5321	0.4848	0.4848	0.5333	0.5511	0.4958	0.4939	0.4647	0.4926	0.4808	0.4700	0.4747	0.4287	0.4482	0.4603	0.4260	0.4083	0.3991	0.3729	0.3396	0.3266	0.3221
0.1598	0.1784	0.2317	0.2548	0.2516	0.2536	0.2897	0.3162	0.3153	0.3302	0.3714	0.4100	0.4695	0.5409	0.5603	0.6000	0.6952	0.6920	0.6907	0.6364	0.7475	0.7996	0.7866	0.7629	0.7311	0.6749	0.7804	0.7963	0.8038	0.8520	0.7926	0.8283	0.8582	0.8958	0.8482	0.8370	0.8304	0.8409	0.7691	0.7377	0.7032	0.6730	0.6227	0.6035	0.6426	0.5969	0.5388	0.5185	0.5034	0.4795	0.5129	0.5346	0.5313	0.5095	0.4940	0.4911	0.5075	0.4538	0.4782	0.5089	0.4417	0.4517	0.4345	0.4231	0.4014	0.3715	0.3464	0.3467	0.3415
0.1699	0.1834	0.2093	0.2537	0.2624	0.2504	0.2876	0.2874	0.2885	0.3020	0.3627	0.4198	0.4445	0.4949	0.5204	0.6032	0.6319	0.7054	0.7097	0.6962	0.7157	0.7682	0.7594	0.7083	0.7616	0.6798	0.7612	0.8197	0.7808	0.7832	0.7903	0.8349	0.8108	0.8342	0.8353	0.7876	0.7904	0.7421	0.7000	0.6969	0.6608	0.6383	0.6651	0.6164	0.6077	0.5841	0.5514	0.5115	0.4864	0.4960	0.4857	0.4903	0.5171	0.4976	0.4885	0.4876	0.5188	0.4822	0.4719	0.4628	0.4372	0.4603	0.4411	0.4048	0.3813	0.3871	0.3594	0.3438	0.3575
0.1867	0.2124	0.2116	0.2344	0.2587	0.2596	0.2556	0.2649	0.2826	0.2995	0.3597	0.4186	0.4454	0.4518	0.5166	0.5871	0.6237	0.6373	0.6477	0.6735	0.6582	0.6825	0.7079	0.7352	0.7252	0.7113	0.7329	0.7541	0.8129	0.8059	0.7554	0.7990	0.7955	0.7846	0.7754	0.7602	0.8048	0.7113	0.6941	0.6756	0.6177	0.6180	0.6557	0.5855	0.5639	0.5524	0.5211	0.5102	0.5113	0.5161	0.4964	0.4809	0.4958	0.5005	0.5116	0.4871	0.5004	0.5029	0.4710	0.4819	0.4629	0.4413	0.4395	0.3836	0.3853	0.3752	0.3443	0.3580	0.3279
0.2142	0.2163	0.2385	0.2316	0.2282	0.2510	0.2516	0.2734	0.2910	0.3113	0.3681	0.3906	0.4668	0.4611	0.4923	0.5450	0.5916	0.5987	0.5996	0.6109	0.6353	0.6707	0.6638	0.6807	0.6773	0.6848	0.7085	0.7619	0.7790	0.7509	0.7767	0.7834	0.7818	0.8028	0.7646	0.7373	0.7179	0.6911	0.6717	0.6311	0.5922	0.5636	0.5592	0.5695	0.5715	0.5630	0.5619	0.5268	0.5477	0.5471	0.5349	0.5115	0.5074	0.5056	0.5342	0.5264	0.5101	0.5167	0.4981	0.4673	0.4674	0.4316	0.4338	0.4088	0.3826	0.3847	0.3633	0.3847	0.3357
0.2059	0.2179	0.2407	0.2416	0.2250	0.2301	0.2471	0.2648	0.2607	0.3134	0.3635	0.3935	0.4701	0.4649	0.4809	0.5373	0.5301	0.5435	0.6169	0.6091	0.5994	0.6536	0.6689	0.6819	0.6878	0.6964	0.7210	0.6973	0.6849	0.7327	0.7343	0.7867	0.7853	0.7630	0.7371	0.6991	0.6867	0.6402	0.6413	0.6071	0.6084	0.5630	0.5828	0.5632	0.5844	0.5389	0.5121	0.5252	0.5501	0.5347	0.5426	0.5294	0.5124	0.5017	0.5180	0.5239	0.5055	0.5024	0.4876	0.4755	0.4331	0.4420	0.4582	0.4198	0.3939	0.3661	0.3520	0.3631	0.3596
0.2062	0.2142	0.2226	0.2401	0.2365	0.2304	0.2559	0.2568	0.2810	0.3386	0.3699	0.4050	0.4472	0.4897	0.4957	0.5288	0.5309	0.5537	0.5588	0.5848	0.5914	0.6232	0.6617	0.6831	0.6874	0.6873	0.6663	0.6988	0.7271	0.7254	0.7246	0.7453	0.7165	0.7125	0.6734	0.7021	0.6576	0.5915	0.5887	0.5726	0.6000	0.5838	0.5673	0.5206	0.5309	0.5067	0.5118	0.5286	0.5416	0.5070	0.5472	0.5600	0.5669	0.5223	0.4984	0.4978	0.5036	0.4826	0.4688	0.4847	0.4753	0.4669	0.4559	0.4059	0.3941	0.3715	0.3656	0.3718	0.3700
0.2208	0.2406	0.2310	0.2520	0.2672	0.2296	0.2773	0.2779	0.3268	0.3464	0.3715	0.4197	0.4252	0.4548	0.4864	0.5170	0.5311	0.5602	0.5806	0.5845	0.6217	0.6451	0.6375	0.6879	0.6487	0.6553	0.7109	0.7184	0.7322	0.6925	0.7036	0.7086	0.7127	0.6789	0.6652	0.6193	0.6286	0.6296	0.5762	0.5631	0.5860	0.5672	0.5684	0.5533	0.5211	0.5015	0.5313	0.5173	0.5146	0.5262	0.5323	0.5281	0.5406	0.5531	0.5619	0.5021	0.4771	0.4831	0.4644	0.4453	0.4457	0.4592	0.4329	0.4174	0.4046	0.3790	0.3695	0.3663	0.3608
0.2005	0.2213	0.2226	0.2598	0.2432	0.2566	0.2927	0.3062	0.3469	0.3377	0.3781	0.4182	0.4277	0.4500	0.4849	0.5291	0.5341	0.5754	0.5818	0.5806	0.6122	0.6198	0.6256	0.6690	0.6009	0.6400	0.6803	0.7180	0.7207	0.6817	0.6558	0.6848	0.7112	0.6930	0.6363	0.6010	0.6452	0.6041	0.5808	0.5465	0.5681	0.5949	0.5565	0.5572	0.5403	0.4954	0.5447	0.5645	0.5023	0.5232	0.5537	0.5265	0.5226	0.5148	0.5499	0.5197	0.4805	0.4846	0.4955	0.4759	0.4457	0.4370	0.4359	0.4103	0.3941	0.3885	0.3469	0.3932	0.3808
0.1946	0.1886	0.2228	0.2427	0.2501	0.2652	0.2925	0.3340	0.3540	0.3740	0.4008	0.4025	0.4285	0.4507	0.4547	0.4864	0.5388	0.5354	0.5746	0.6028	0.5827	0.6039	0.5908	0.6127	0.5826	0.6092	0.5953	0.6727	0.6602	0.6462	0.6573	0.6630	0.6665	0.6589	0.6485	0.6328	0.6351	0.5797	0.5484	0.5597	0.5326	0.5778	0.5573	0.5443	0.5442	0.5529	0.5435	0.5346	0.5280	0.5426	0.5474	0.5637	0.5630	0.5096	0.4935	0.4830	0.4987	0.4910	0.4574	0.4702	0.4424	0.4474	0.4359	0.4182	0.4232	0.3844	0.3551	0.3478	0.3444
0.1794	0.2016	0.2375	0.2621	0.2672	0.2728	0.2743	0.3087	0.3614	0.3576	0.3874	0.3939	0.4230	0.4466	0.4605	0.4987	0.5525	0.5423	0.5735	0.5893	0.5843	0.5968	0.6325	0.6126	0.6513	0.6406	0.5983	0.6554	0.6520	0.6169	0.6299	0.6569	0.6730	0.6496	0.6831	0.6448	0.6172	0.5896	0.5813	0.5604	0.5222	0.5318	0.5852	0.5486	0.5502	0.5379	0.5179	0.5445	0.5156	0.5591	0.5416	0.5068	0.5191	0.5515	0.5456	0.4954	0.4873	0.5056	0.4659	0.4587	0.4641	0.4432	0.4788	0.4469	0.4050	0.3798	0.3699	0.3728	0.3379
0.2103	0.2433	0.2435	0.2677	0.2861	0.2822	0.2958	0.3345	0.3463	0.3553	0.3547	0.4013	0.4140	0.4448	0.4630	0.4916	0.5253	0.5568	0.5891	0.6084	0.6381	0.6417	0.6486	0.6601	0.6529	0.6426	0.6412	0.6648	0.6736	0.6301	0.6703	0.6582	0.6549	0.6676	0.7048	0.6699	0.6454	0.6103	0.6176	0.5484	0.5418	0.5750	0.5851	0.5657	0.5525	0.5357	0.5405	0.5528	0.5475	0.5446	0.5241	0.5160	0.5394	0.5248	0.5206	0.5233	0.5137	0.5122	0.4662	0.4509	0.4554	0.4700	0.4581	0.4338	0.3925	0.3790	0.3670	0.3368	0.3283
0.1674	0.2101	0.2379	0.2675	0.2876	0.2808	0.2759	0.3558	0.3350	0.3598	0.3666	0.3898	0.4204	0.4621	0.5085	0.5361	0.5161	0.5571	0.6116	0.6307	0.6438	0.6245	0.6587	0.6524	0.6678	0.6846	0.6824	0.6881	0.7047	0.7173	0.7135	0.7154	0.7209	0.7384	0.7244	0.6553	0.6323	0.6185	0.6183	0.5698	0.5626	0.6068	0.5630	0.5631	0.5526	0.5529	0.5820	0.5484	0.5356	0.5300	0.5412	0.5403	0.5130	0.5199	0.5208	0.5227	0.5246	0.4828	0.4882	0.4545	0.4415	0.4476	0.4014	0.4195	0.3944	0.3789	0.3729	0.3403	0.3590
0.1708	0.2042	0.2102	0.2384	0.2638	0.2555	0.2818	0.3290	0.3388	0.3290	0.3523	0.3948	0.4209	0.4573	0.5155	0.5528	0.5679	0.6081	0.6424	0.6677	0.6862	0.6673	0.6823	0.7337	0.7435	0.7171	0.7201	0.7245	0.7334	0.7392	0.7409	0.7384	0.7444	0.7500	0.8157	0.7483	0.7014	0.6228	0.6316	0.5874	0.5871	0.6088	0.5886	0.5753	0.5684	0.5534	0.5473	0.5475	0.4847	0.5694	0.5519	0.5351	0.5403	0.5653	0.5192	0.4947	0.4912	0.4946	0.4902	0.4544	0.4341	0.4335	0.4194	0.4056	0.4066	0.3935	0.3765	0.3574	0.3161
0.1964	0.2190	0.2247	0.2358	0.2627	0.3060	0.3230	0.3360	0.3389	0.3387	0.3769	0.4077	0.4536	0.5341	0.5536	0.6039	0.6350	0.6465	0.6731	0.7123	0.6862	0.6904	0.6907	0.6925	0.7803	0.7740	0.7353	0.7867	0.7968	0.7581	0.7994	0.7806	0.8255	0.8201	0.7936	0.7811	0.7595	0.7090	0.6747	0.6465	0.6356	0.6171	0.6402	0.6123	0.5971	0.5675	0.5742	0.5774	0.5539	0.5737	0.5699	0.5441	0.5289	0.5198	0.5198	0.5141	0.4689	0.4685	0.4561	0.4569	0.4720	0.4710	0.4703	0.4427	0.4162	0.3927	0.3906	0.3872	0.3642
0.1911	0.2029	0.2274	0.2739	0.2833	0.2960	0.3135	0.3673	0.3679	0.3869	0.3737	0.4254	0.4886	0.5580	0.5860	0.6260	0.6340	0.6727	0.6892	0.7149	0.7415	0.7493	0.7328	0.7778	0.7650	0.7679	0.7671	0.8294	0.8636	0.8812	0.8431	0.8392	0.8762	0.9107	0.8582	0.8046	0.8142	0.7945	0.7221	0.6897	0.7129	0.7011	0.6563	0.6449	0.6175	0.5884	0.6139	0.5963	0.5940	0.5707	0.5419	0.5225	0.5214	0.5000	0.4796	0.4863	0.4749	0.4770	0.4757	0.4560	0.4506	0.4815	0.4795	0.4405	0.4134	0.4064	0.3822	0.3668	0.3813
0.2331	0.2813	0.2536	0.2721	0.2696	0.2755	0.3036	0.3347	0.3674	0.3971	0.4075	0.4283	0.4876	0.5354	0.6300	0.6408	0.6572	0.7310	0.7152	0.7246	0.7956	0.8356	0.8394	0.8567	0.8085	0.8161	0.7945	0.8790	0.8948	0.8043	0.6288	0.5537	0.7512	0.9861	0.9585	0.8908	0.8444	0.8081	0.8318	0.7611	0.7527	0.7422	0.7318	0.6955	0.6828	0.6462	0.6526	0.6351	0.6226	0.5790	0.5811	0.5726	0.5442	0.5587	0.5142	0.4770	0.5159	0.4957	0.5076	0.4652	0.4935	0.4768	0.4702	0.4511	0.4365	0.4236	0.4205	0.3966	0.3998
0.2766	0.3607	0.3559	0.3635	0.3742	0.3759	0.3736	0.3860	0.3954	0.4027	0.4283	0.4603	0.4752	0.5284	0.5981	0.6338	0.6760	0.6799	0.7515	0.7531	0.7872	0.8746	0.8938	0.8398	0.8440	0.8372	0.8357	0.8559	0.8055	0.5467	0.4101	0.4391	0.6352	1.0000	0.9968	0.9487	0.8368	0.6400	0.7181	0.5882	0.5618	0.6551	0.8057	0.7675	0.7207	0.7220	0.6873	0.6683	0.6507	0.6444	0.6107	0.6276	0.6091	0.5784	0.5355	0.5373	0.5613	0.5273	0.5395	0.5204	0.5355	0.5035	0.4773	0.5050	0.4766	0.4459	0.4349	0.4386	0.4210
0.1711	0.3343	0.4292	0.4877	0.5489	0.5792	0.5498	0.5267	0.5218	0.4992	0.4812	0.4721	0.4799	0.5443	0.5969	0.6475	0.6743	0.6981	0.7631	0.7933	0.8041	0.8712	0.8705	0.8370	0.8157	0.7827	0.7911	0.7461	0.5550	0.3225	0.3273	0.3492	0.4540	0.8699	0.9883	0.9301	0.8563	0.4603	0.3876	0.3801	0.3768	0.4661	0.7888	0.8535	0.8201	0.8068	0.7772	0.7245	0.7382	0.6980	0.6726	0.6617	0.6570	0.6033	0.5764	0.5665	0.5457	0.5671	0.5842	0.5898	0.5840	0.5511	0.5293	0.5364	0.4954	0.4770	0.4614	0.4555	0.4372
0.0813	0.1269	0.2205	0.3195	0.4575	0.5827	0.6032	0.6324	0.6201	0.6619	0.6813	0.6090	0.6038	0.5855	0.6203	0.6501	0.6894	0.7613	0.8159	0.8495	0.8423	0.8407	0.8252	0.8441	0.8495	0.8116	0.7220	0.4525	0.2753	0.2488	0.2492	0.2657	0.2876	0.4739	0.6493	0.6765	0.6807	0.3706	0.2932	0.3145	0.3559	0.4057	0.7256	0.8604	0.8112	0.8141	0.8356	0.7833	0.7596	0.7538	0.6891	0.6601	0.6452	0.6421	0.6443	0.6239	0.5941	0.5996	0.5678	0.6003	0.5786	0.5680	0.5500	0.5144	0.5183	0.5210	0.5031	0.5043	0.4463
0.0312	0.0554	0.0888	0.1017	0.1345	0.1999	0.2558	0.3494	0.4266	0.5099	0.6153	0.6806	0.6915	0.6625	0.6882	0.7012	0.7010	0.7723	0.7614	0.7904	0.8465	0.8239	0.8267	0.7941	0.7156	0.5453	0.3711	0.2209	0.2101	0.2125	0.2137	0.2182	0.2221	0.2464	0.2729	0.3070	0.3244	0.2758	0.2755	0.2988	0.3233	0.3698	0.5872	0.8234	0.8564	0.8224	0.8586	0.8099	0.7602	0.7730	0.7395	0.7404	0.7235	0.7003	0.6458	0.6444	0.6530	0.6040	0.5731	0.6181	0.5938	0.5587	0.5559	0.5395	0.5561	0.5647	0.5514	0.5077	0.4707
0.0140	0.0364	0.0341	0.0627	0.0614	0.0740	0.0901	0.1050	0.1384	0.1820	0.2500	0.3277	0.4016	0.4103	0.4386	0.4389	0.4611	0.5082	0.5263	0.5332	0.5385	0.4921	0.4498	0.3888	0.2901	0.2164	0.2011	0.1963	0.1964	0.2025	0.1941	0.1860	0.2044	0.2206	0.2107	0.2120	0.2221	0.2356	0.2307	0.2592	0.3117	0.3400	0.4336	0.6879	0.8540	0.8420	0.8318	0.8242	0.7642	0.6477	0.5576	0.6880	0.7531	0.7672	0.6920	0.6611	0.6801	0.6579	0.6372	0.6421	0.6059	0.5901	0.5932	0.5671	0.5701	0.5864	0.5858	0.5544	0.4953
0.0190	0.0364	0.0434	0.0493	0.0644	0.0628	0.0738	0.0722	0.0869	0.1053	0.1106	0.1115	0.1318	0.1464	0.1577	0.1707	0.1736	0.1874	0.1987	0.2054	0.2030	0.1812	0.1812	0.1821	0.1814	0.1759	0.1689	0.1735	0.1746	0.1748	0.1735	0.1839	0.1845	0.1900	0.1890	0.1900	0.2005	0.2090	0.2140	0.2230	0.2437	0.2790	0.3056	0.4158	0.6270	0.7552	0.8022	0.7742	0.6399	0.4276	0.3652	0.4660	0.6454	0.7179	0.6914	0.7164	0.7028	0.6884	0.6196	0.6396	0.6116	0.6093	0.6374	0.5978	0.5972	0.6296	0.6134	0.5406	0.5104
0.0262	0.0253	0.0391	0.0464	0.0541	0.0524	0.0449	0.0662	0.0663	0.0675	0.0727	0.0727	0.0992	0.1046	0.1035	0.1088	0.1043	0.1151	0.1211	0.1129	0.1373	0.1268	0.1292	0.1364	0.1353	0.1356	0.1440	0.1428	0.1617	0.1513	0.1486	0.1674	0.1712	0.1692	0.1727	0.1629	0.1683	0.1805	0.1871	0.1901	0.1882	0.2177	0.2368	0.2593	0.2954	0.4070	0.5493	0.5862	0.4116	0.3500	0.3566	0.4449	0.6750	0.7369	0.6879	0.7125	0.6796	0.6596	0.6502	0.6228	0.6143	0.6076	0.6168	0.5875	0.5827	0.5815	0.4919	0.3474	0.4026
0.0170	0.0212	0.0357	0.0380	0.0414	0.0567	0.0481	0.0612	0.0617	0.0653	0.0657	0.0714	0.0778	0.0686	0.0783	0.0944	0.0923	0.1100	0.0952	0.0996	0.1046	0.1085	0.1044	0.1077	0.1115	0.1035	0.1061	0.1089	0.1229	0.1257	0.1195	0.1306	0.1357	0.1308	0.1418	0.1416	0.1487	0.1512	0.1635	0.1549	0.1592	0.1801	0.1924	0.2168	0.2225	0.2378	0.2826	0.3096	0.2819	0.2995	0.3475	0.5072	0.7290	0.6863	0.6655	0.6577	0.6624	0.6577	0.6579	0.6409	0.6305	0.6044	0.6108	0.5850	0.4382	0.3114	0.2497	0.2430	0.2809
0.0212	0.0125	0.0234	0.0218	0.0386	0.0441	0.0495	0.0516	0.0522	0.0566	0.0533	0.0548	0.0721	0.0708	0.0762	0.0882	0.0938	0.0928	0.0898	0.1006	0.0870	0.0870	0.0906	0.0962	0.0887	0.0927	0.0940	0.0948	0.0943	0.0938	0.0984	0.1008	0.0939	0.1008	0.1197	0.1147	0.1132	0.1136	0.1222	0.1220	0.1365	0.1348	0.1512	0.1805	0.1920	0.1915	0.1984	0.2144	0.2266	0.2520	0.3049	0.4917	0.7473	0.6996	0.5370	0.5386	0.6858	0.6705	0.6201	0.6231	0.6224	0.6038	0.6082	0.5479	0.3432	0.2136	0.2010	0.2112	0.2161
0.0155	0.0141	0.0215	0.0194	0.0262	0.0296	0.0437	0.0477	0.0448	0.0426	0.0474	0.0462	0.0631	0.0736	0.0682	0.0736	0.0851	0.0811	0.0809	0.0843	0.0823	0.0847	0.0839	0.0784	0.0732	0.0785	0.0772	0.0956	0.0820	0.0835	0.0861	0.0837	0.0813	0.0891	0.0981	0.0921	0.0919	0.0856	0.0847	0.0868	0.0991	0.0998	0.1093	0.1178	0.1237	0.1352	0.1427	0.1555	0.1597	0.1796	0.2125	0.3332	0.5413	0.4586	0.3219	0.4569	0.6595	0.5380	0.5417	0.6110	0.5709	0.5230	0.5294	0.4026	0.2538	0.1890	0.1898	0.1999	0.1906
0.0050	0.0127	0.0179	0.0183	0.0127	0.0272	0.0337	0.0426	0.0394	0.0436	0.0559	0.0493	0.0553	0.0624	0.0612	0.0642	0.0752	0.0739	0.0667	0.0751	0.0724	0.0672	0.0705	0.0680	0.0711	0.0717	0.0722	0.0713	0.0704	0.0761	0.0698	0.0738	0.0757	0.0709	0.0745	0.0667	0.0757	0.0718	0.0679	0.0729	0.0709	0.0736	0.0847	0.0918	0.0912	0.0972	0.1035	0.1002	0.1025	0.1073	0.1238	0.1459	0.1702	0.1644	0.1668	0.2147	0.2897	0.2795	0.4292	0.4883	0.2782	0.2309	0.2351	0.2100	0.1717	0.1662	0.1650	0.1700	0.1735
0.0000	0.0000	0.0114	0.0136	0.0219	0.0280	0.0313	0.0297	0.0244	0.0305	0.0415	0.0475	0.0520	0.0555	0.0648	0.0632	0.0610	0.0672	0.0548	0.0520	0.0663	0.0738	0.0622	0.0693	0.0706	0.0745	0.0635	0.0570	0.0602	0.0685	0.0742	0.0670	0.0722	0.0671	0.0676	0.0535	0.0605	0.0682	0.0677	0.0642	0.0714	0.0673	0.0768	0.0739	0.0802	0.0858	0.0855	0.0891	0.0867	0.0926	0.0973	0.1035	0.1161	0.1052	0.1147	0.1313	0.1395	0.1446	0.1899	0.2109	0.1596	0.1448	0.1414	0.1518	0.1357	0.1423	0.1440	0.1404	0.1462
0.0000	0.0053	0.0173	0.0150	0.0301	0.0142	0.0228	0.0257	0.0220	0.0380	0.0465	0.0502	0.0512	0.0502	0.0454	0.0498	0.0571	0.0525	0.0490	0.0628	0.0595	0.0573	0.0568	0.0568	0.0557	0.0683	0.0625	0.0589	0.0578	0.0571	0.0543	0.0599	0.0690	0.0592	0.0604	0.0581	0.0686	0.0640	0.0621	0.0630	0.0785	0.0762	0.0687	0.0660	0.0691	0.0695	0.0823	0.0816	0.0852	0.0842	0.0831	0.0961	0.0938	0.1011	0.1144	0.1094	0.1114	0.1043	0.1128	0.1232	0.1295	0.1182	0.1078	0.1158	0.1279	0.1280	0.1248	0.1227	0.1195
0.0000	0.0000	0.0005	0.0186	0.0168	0.0147	0.0051	0.0275	0.0219	0.0200	0.0312	0.0400	0.0442	0.0422	0.0419	0.0486	0.0550	0.0477	0.0396	0.0532	0.0513	0.0510	0.0537	0.0471	0.0543	0.0558	0.0489	0.0600	0.0527	0.0491	0.0421	0.0479	0.0469	0.0504	0.0607	0.0589	0.0661	0.0588	0.0562	0.0599	0.0608	0.0600	0.0625	0.0600	0.0679	0.0720	0.0692	0.0746	0.0728	0.0762	0.0720	0.0831	0.0741	0.0891	0.0964	0.0909	0.0948	0.0878	0.0899	0.1059	0.1074	0.1022	0.1068	0.1014	0.1041	0.1057	0.0990	0.1087	0.1020
0.0000	0.0000	0.0022	0.0062	0.0122	0.0166	0.0056	0.0266	0.0253	0.0176	0.0262	0.0232	0.0252	0.0293	0.0310	0.0427	0.0395	0.0349	0.0384	0.0315	0.0397	0.0389	0.0413	0.0439	0.0516	0.0487	0.0512	0.0522	0.0486	0.0509	0.0408	0.0473	0.0526	0.0577	0.0483	0.0528	0.0530	0.0453	0.0462	0.0467	0.0496	0.0545	0.0548	0.0544	0.0677	0.0698	0.0666	0.0683	0.0654	0.0665	0.0646	0.0665	0.0691	0.0745	0.0746	0.0792	0.0866	0.0822	0.0791	0.0826	0.0859	0.0837	0.0812	0.0892	0.0784	0.0830	0.0841	0.0865	0.0901
0.0000	0.0000	0.0002	0.0055	0.0000	0.0000	0.0000	0.0075	0.0097	0.0132	0.0145	0.0242	0.0286	0.0213	0.0270	0.0388	0.0393	0.0368	0.0371	0.0440	0.0336	0.0404	0.0375	0.0376	0.0373	0.0396	0.0387	0.0491	0.0395	0.0411	0.0414	0.0507	0.0484	0.0489	0.0445	0.0461	0.0394	0.0447	0.0516	0.0441	0.0458	0.0467	0.0521	0.0551	0.0603	0.0595	0.0625	0.0633	0.0529	0.0543	0.0659	0.0679	0.0677	0.0737	0.0719	0.0720	0.0692	0.0688	0.0796	0.0707	0.0710	0.0665	0.0783	0.0797	0.0717	0.0675	0.0777	0.0828	0.0834
0.0000	0.0000	0.0000	0.0000	0.0000	0.0005	0.0146	0.0119	0.0000	0.0119	0.0269	0.0319	0.0282	0.0247	0.0316	0.0381	0.0363	0.0398	0.0328	0.0333	0.0404	0.0365	0.0308	0.0310	0.0393	0.0430	0.0352	0.0349	0.0436	0.0399	0.0404	0.0428	0.0415	0.0456	0.0453	0.0389	0.0415	0.0443	0.0468	0.0428	0.0494	0.0437	0.0555	0.0562	0.0549	0.0547	0.0576	0.0562	0.0517	0.0544	0.0601	0.0640	0.0676	0.0698	0.0711	0.0662	0.0629	0.0664	0.0701	0.0675	0.0629	0.0634	0.0688	0.0596	0.0568	0.0521	0.0544	0.0650	0.0522
0.0000	0.0000	0.0000	0.0000	0.0000	0.0034	0.0066	0.0188	0.0087	0.0159	0.0264	0.0161	0.0201	0.0255	0.0245	0.0230	0.0297	0.0316	0.0206	0.0300	0.0354	0.0323	0.0235	0.0312	0.0328	0.0404	0.0414	0.0407	0.0382	0.0427	0.0430	0.0444	0.0406	0.0424	0.0419	0.0406	0.0382	0.0408	0.0432	0.0386	0.0433	0.0411	0.0508	0.0479	0.0498	0.0487	0.0491	0.0522	0.0491	0.0489	0.0478	0.0521	0.0593	0.0632	0.0551	0.0582	0.0638	0.0538	0.0611	0.0607	0.0583	0.0514	0.0605	0.0594	0.0540	0.0429	0.0482	0.0435	0.0381
0.0000	0.0000	0.0000	0.0000	0.0000	0.0104	0.0090	0.0122	0.0078	0.0102	0.0024	0.0146	0.0151	0.0154	0.0149	0.0189	0.0258	0.0265	0.0241	0.0225	0.0260	0.0302	0.0248	0.0308	0.0330	0.0261	0.0348	0.0356	0.0306	0.0380	0.0402	0.0324	0.0309	0.0359	0.0474	0.0406	0.0345	0.0424	0.0406	0.0414	0.0382	0.0419	0.0414	0.0424	0.0445	0.0524	0.0475	0.0484	0.0429	0.0406	0.0443	0.0491	0.0517	0.0554	0.0578	0.0555	0.0493	0.0448	0.0445	0.0508	0.0536	0.0478	0.0465	0.0500	0.0480	0.0408	0.0405	0.0372	0.0349
0.0000	0.0000	0.0000	0.0000	0.0138	0.0000	0.0085	0.0105	0.0060	0.0142	0.0107	0.0081	0.0233	0.0048	0.0181	0.0088	0.0047	0.0182	0.0318	0.0210	0.0313	0.0353	0.0280	0.0271	0.0399	0.0228	0.0271	0.0274	0.0338	0.0276	0.0297	0.0264	0.0344	0.0353	0.0385	0.0337	0.0345	0.0279	0.0388	0.0473	0.0390	0.0452	0.0422	0.0403	0.0457	0.0465	0.0520	0.0457	0.0478	0.0407	0.0556	0.0580	0.0477	0.0456	0.0567	0.0507	0.0487	0.0504	0.0448	0.0498	0.0519	0.0512	0.0475	0.0490	0.0501	0.0475	0.0478	0.0465	0.0297
