0.0000	0.0000	0.0000	0.0000	0.0000	0.0000	0.0000	0.0163	0.0109	0.0168	0.0000	0.0300	0.0305	0.0240	0.0299	0.0270	0.0582	0.0351	0.0357	0.0361	0.0497	0.0490	0.0508	0.0580	0.0671	0.0585	0.0858	0.0720	0.0637	0.0715	0.0723	0.0576	0.0845	0.0667	0.0590	0.0688	0.0620	0.0625	0.0579	0.0597	0.0716	0.0804	0.0848	0.0727	0.0637	0.0783	0.0910	0.0780	0.0781	0.1002	0.0894	0.0887	0.0734	0.0772	0.0958	0.0941	0.0712	0.0742	0.0834	0.0731	0.0534	0.0550	0.0602	0.0507	0.0615	0.0559	0.0473	0.0426	0.0370
0.0000	0.0000	0.0134	0.0011	0.0000	0.0061	0.0072	0.0106	0.0051	0.0000	0.0121	0.0218	0.0328	0.0392	0.0440	0.0348	0.0415	0.0435	0.0612	0.0527	0.0525	0.0556	0.0597	0.0543	0.0523	0.0568	0.0722	0.0806	0.0664	0.0679	0.0760	0.0575	0.0773	0.0741	0.0719	0.0793	0.0796	0.0701	0.0843	0.0673	0.0845	0.0890	0.0878	0.0733	0.0780	0.0864	0.1003	0.1023	0.0888	0.0985	0.1053	0.0955	0.0762	0.0866	0.0844	0.0754	0.0868	0.0699	0.0634	0.0839	0.0703	0.0608	0.0603	0.0624	0.0575	0.0563	0.0393	0.0470	0.0444
0.0000	0.0000	0.0082	0.0061	0.0115	0.0053	0.0021	0.0284	0.0127	0.0008	0.0318	0.0312	0.0464	0.0557	0.0518	0.0608	0.0601	0.0538	0.0715	0.0528	0.0477	0.0704	0.0632	0.0569	0.0732	0.0704	0.0751	0.0710	0.0765	0.0815	0.0857	0.0782	0.0718	0.0969	0.0941	0.0887	0.0871	0.0871	0.0912	0.0753	0.0828	0.0901	0.0935	0.0770	0.0885	0.0797	0.0930	0.0977	0.0963	0.0971	0.1089	0.0957	0.0970	0.0967	0.1009	0.0882	0.0968	0.0739	0.0831	0.0816	0.0812	0.0781	0.0802	0.0810	0.0782	0.0717	0.0673	0.0540	0.0641
0.0000	0.0000	0.0000	0.0136	0.0134	0.0000	0.0075	0.0208	0.0207	0.0204	0.0195	0.0439	0.0506	0.0543	0.0474	0.0481	0.0506	0.0772	0.0690	0.0681	0.0750	0.0737	0.0645	0.0594	0.0778	0.0626	0.0915	0.0759	0.0754	0.0793	0.0758	0.0816	0.0988	0.0742	0.0775	0.0767	0.0912	0.0910	0.0791	0.0922	0.1100	0.0926	0.0796	0.0905	0.0953	0.0949	0.0978	0.0764	0.0811	0.1051	0.0985	0.1027	0.1118	0.1065	0.1093	0.0952	0.0885	0.0898	0.0948	0.0941	0.1105	0.1016	0.1057	0.1021	0.1005	0.0815	0.0817	0.0930	0.0863
0.0014	0.0024	0.0112	0.0179	0.0143	0.0001	0.0121	0.0166	0.0233	0.0289	0.0358	0.0387	0.0511	0.0328	0.0441	0.0698	0.0529	0.0505	0.0407	0.0738	0.0782	0.0671	0.0652	0.0787	0.0906	0.0740	0.0809	0.0771	0.0740	0.0724	0.1001	0.0866	0.1048	0.0972	0.1025	0.0668	0.0867	0.0787	0.0857	0.0826	0.0686	0.0822	0.1026	0.0909	0.0955	0.0930	0.0936	0.1040	0.1139	0.1119	0.1088	0.1090	0.1249	0.1132	0.1099	0.1033	0.1005	0.0916	0.0951	0.1147	0.1272	0.1213	0.1110	0.1205	0.1203	0.0982	0.1060	0.1156	0.1016
0.0002	0.0000	0.0084	0.0189	0.0126	0.0081	0.0115	0.0227	0.0328	0.0322	0.0535	0.0453	0.0716	0.0483	0.0588	0.0633	0.0654	0.0506	0.0498	0.0633	0.0860	0.0721	0.0685	0.0765	0.0934	0.0748	0.0868	0.0905	0.0902	0.0799	0.1225	0.1081	0.1100	0.1115	0.0843	0.0953	0.0964	0.1064	0.0928	0.0911	0.0817	0.0932	0.1142	0.0899	0.1046	0.1188	0.1137	0.1245	0.1199	0.1157	0.1229	0.1169	0.1328	0.1360	0.1288	0.1361	0.1242	0.1050	0.1149	0.1420	0.1431	0.1377	0.1367	0.1461	0.1346	0.1125	0.1121	0.1242	0.1057
0.0000	0.0000	0.0000	0.0150	0.0061	0.0215	0.0271	0.0353	0.0334	0.0456	0.0457	0.0564	0.0644	0.0537	0.0498	0.0731	0.0790	0.0696	0.0629	0.0655	0.0747	0.0773	0.0732	0.0724	0.0859	0.1098	0.0929	0.0810	0.0994	0.0957	0.0922	0.0782	0.1055	0.1248	0.1003	0.1021	0.1088	0.1072	0.1047	0.1043	0.0947	0.1089	0.1170	0.1057	0.1081	0.1032	0.1136	0.1344	0.1137	0.1179	0.1485	0.1481	0.1546	0.1576	0.1595	0.1706	0.1390	0.1324	0.1565	0.1724	0.1707	0.1661	0.1512	0.1455	0.1579	0.1358	0.1234	0.1394	0.1260
0.0178	0.0164	0.0143	0.0131	0.0188	0.0325	0.0317	0.0394	0.0300	0.0382	0.0373	0.0703	0.0590	0.0507	0.0540	0.0795	0.0849	0.0781	0.0824	0.0732	0.0916	0.0884	0.0841	0.0990	0.1093	0.1159	0.1001	0.0922	0.1123	0.1118	0.1004	0.0935	0.1114	0.1154	0.1123	0.1081	0.1123	0.1164	0.1087	0.1125	0.1068	0.1236	0.1201	0.1223	0.1155	0.1225	0.1235	0.1410	0.1469	0.1614	0.1495	0.1498	0.1703	0.1639	0.1673	0.2075	0.1786	0.1639	0.2282	0.2723	0.3067	0.2754	0.2279	0.1877	0.1805	0.1419	0.1502	0.1561	0.1456
0.0070	0.0045	0.0185	0.0127	0.0242	0.0318	0.0416	0.0474	0.0561	0.0512	0.0511	0.0618	0.0589	0.0642	0.0556	0.0707	0.0740	0.0731	0.1038	0.1127	0.1060	0.0911	0.1017	0.1002	0.1221	0.0932	0.0981	0.1053	0.1187	0.1183	0.1156	0.0995	0.1219	0.1138	0.1270	0.1176	0.1055	0.1141	0.1229	0.1320	0.1186	0.1225	0.1379	0.1303	0.1508	0.1461	0.1537	0.1665	0.1785	0.1968	0.2072	0.1990	0.2036	0.2525	0.2652	0.2636	0.2361	0.2479	0.3352	0.4642	0.4610	0.3997	0.3536	0.2645	0.2486	0.1919	0.1919	0.2216	0.2044
0.0000	0.0000	0.0104	0.0293	0.0254	0.0412	0.0478	0.0562	0.0583	0.0695	0.0720	0.0674	0.0754	0.0858	0.0705	0.0751	0.0808	0.0913	0.0925	0.1091	0.1054	0.0911	0.0897	0.1037	0.1062	0.1089	0.1092	0.0969	0.1042	0.1230	0.1285	0.1214	0.1106	0.1327	0.1293	0.1286	0.1278	0.1432	0.1302	0.1348	0.1249	0.1355	0.1429	0.1368	0.1569	0.1513	0.1840	0.1869	0.1872	0.2133	0.2455	0.2640	0.3053	0.4182	0.4877	0.3955	0.2791	0.3047	0.4211	0.5327	0.4789	0.4225	0.4530	0.4354	0.3918	0.2650	0.2532	0.3262	0.3040
0.0000	0.0029	0.0243	0.0271	0.0443	0.0412	0.0360	0.0331	0.0651	0.0612	0.0741	0.0707	0.0864	0.0790	0.0576	0.0902	0.0971	0.1092	0.1135	0.1115	0.1356	0.1176	0.1078	0.1182	0.1181	0.1320	0.1258	0.1137	0.1186	0.1218	0.1198	0.1329	0.1292	0.1548	0.1349	0.1386	0.1457	0.1593	0.1537	0.1440	0.1558	0.1538	0.1747	0.1686	0.1908	0.1833	0.2125	0.2273	0.2533	0.2973	0.3026	0.3606	0.5054	0.6224	0.5559	0.5390	0.3858	0.3435	0.4330	0.5729	0.5009	0.4529	0.4409	0.4459	0.4119	0.3614	0.2952	0.3550	0.3067
0.0000	0.0101	0.0350	0.0338	0.0393	0.0479	0.0462	0.0450	0.0787	0.0723	0.0766	0.0938	0.0965	0.0781	0.0735	0.1033	0.0937	0.1077	0.1198	0.1155	0.1231	0.1070	0.1192	0.1248	0.1296	0.1285	0.1470	0.1386	0.1457	0.1410	0.1417	0.1451	0.1471	0.1646	0.1500	0.1512	0.1554	0.1673	0.1829	0.1781	0.1941	0.1846	0.2217	0.2204	0.2156	0.2161	0.2477	0.2901	0.3166	0.3506	0.3664	0.4085	0.5644	0.7259	0.6448	0.6496	0.5736	0.4766	0.4514	0.6050	0.5514	0.4607	0.4259	0.4570	0.4574	0.3911	0.3260	0.3627	0.3350
0.0170	0.0282	0.0375	0.0357	0.0474	0.0375	0.0435	0.0512	0.0585	0.0715	0.0838	0.0761	0.0933	0.0769	0.0788	0.0950	0.1113	0.1276	0.1268	0.1397	0.1268	0.1282	0.1455	0.1432	0.1467	0.1593	0.1579	0.1508	0.1750	0.1587	0.1549	0.1741	0.1829	0.2022	0.1887	0.1707	0.2050	0.2219	0.2274	0.2366	0.2427	0.2458	0.2726	0.2848	0.2811	0.2973	0.3152	0.3667	0.3960	0.4229	0.4806	0.4813	0.5317	0.7415	0.6935	0.6656	0.6496	0.6190	0.5318	0.5455	0.4963	0.4590	0.4976	0.4889	0.4855	0.4345	0.3933	0.3725	0.3300
0.0187	0.0217	0.0346	0.0404	0.0393	0.0358	0.0526	0.0786	0.0701	0.0791	0.0974	0.1051	0.0969	0.0942	0.1006	0.1318	0.1524	0.1635	0.1599	0.1361	0.1438	0.1543	0.1604	0.1687	0.1697	0.1861	0.1856	0.1900	0.1834	0.1763	0.2080	0.2098	0.2463	0.2342	0.2383	0.2144	0.2496	0.2606	0.2854	0.2808	0.2926	0.2980	0.3575	0.3440	0.3489	0.3615	0.3929	0.5331	0.6000	0.6528	0.7669	0.6000	0.6043	0.7224	0.7089	0.6381	0.6462	0.6133	0.6000	0.6130	0.5443	0.4827	0.4711	0.4653	0.4714	0.4147	0.4042	0.3668	0.3314
0.0054	0.0142	0.0302	0.0628	0.0577	0.0548	0.0640	0.0882	0.1088	0.0960	0.1158	0.1352	0.1237	0.1521	0.1695	0.1652	0.2031	0.1859	0.1894	0.1738	0.1984	0.1953	0.1826	0.2123	0.2103	0.2146	0.2073	0.2222	0.2273	0.2347	0.2478	0.2640	0.2817	0.2868	0.2669	0.2711	0.2958	0.3018	0.3323	0.3392	0.3333	0.3782	0.4283	0.4058	0.4210	0.4057	0.4526	0.7299	0.8823	0.8463	0.8101	0.6372	0.6935	0.6249	0.6140	0.5847	0.6085	0.6156	0.6161	0.6116	0.5344	0.4557	0.4484	0.4483	0.4601	0.3922	0.3873	0.3370	0.2805
0.0208	0.0207	0.0407	0.0775	0.0813	0.1000	0.1072	0.1282	0.1676	0.1788	0.1935	0.2243	0.2593	0.2420	0.2705	0.3212	0.3586	0.3206	0.3443	0.3291	0.3088	0.2959	0.2484	0.2661	0.2580	0.2507	0.2481	0.2552	0.2918	0.2637	0.2783	0.3132	0.3207	0.3148	0.3185	0.3141	0.3496	0.3686	0.3682	0.3737	0.4668	0.5851	0.6282	0.5597	0.4778	0.4735	0.4929	0.7054	0.8625	0.8422	0.7813	0.7838	0.7570	0.6182	0.6031	0.6082	0.6020	0.5796	0.5770	0.6192	0.5167	0.4416	0.4670	0.4504	0.4103	0.3720	0.3590	0.3511	0.2944
0.0384	0.0478	0.0638	0.0909	0.1319	0.1449	0.1978	0.2366	0.2776	0.3389	0.3930	0.4864	0.5982	0.5496	0.5426	0.6472	0.6328	0.6388	0.6824	0.6790	0.6511	0.5224	0.4421	0.3855	0.3579	0.3190	0.3347	0.3497	0.3256	0.3025	0.3253	0.3825	0.3740	0.3587	0.3905	0.3577	0.3769	0.4291	0.4510	0.4286	0.5457	0.8142	0.9233	0.8686	0.6650	0.4829	0.6390	0.8220	0.8288	0.8279	0.7633	0.7793	0.7024	0.6739	0.5958	0.5810	0.5670	0.5278	0.5460	0.5644	0.5112	0.4555	0.4445	0.4206	0.3892	0.3535	0.3655	0.3513	0.2958
0.0533	0.0858	0.1222	0.1399	0.1966	0.2830	0.4080	0.5118	0.5824	0.5916	0.6348	0.6270	0.6483	0.6188	0.6665	0.6722	0.6871	0.7491	0.7205	0.7908	0.8366	0.7779	0.7007	0.6482	0.6475	0.5455	0.5904	0.5651	0.4467	0.4150	0.4510	0.5450	0.5237	0.4269	0.4027	0.4117	0.4454	0.4412	0.4625	0.4818	0.5478	0.7735	0.8924	0.8553	0.7332	0.5474	0.8084	0.8623	0.8063	0.7807	0.7462	0.7375	0.6502	0.6271	0.5928	0.5434	0.5012	0.4953	0.5352	0.5196	0.4988	0.4567	0.4452	0.4361	0.3930	0.3522	0.3452	0.3427	0.3072
0.0948	0.1251	0.2287	0.3263	0.3827	0.4812	0.5184	0.4861	0.5380	0.5146	0.5305	0.5188	0.5253	0.5379	0.5473	0.6215	0.6701	0.6520	0.6844	0.7324	0.7467	0.7710	0.7424	0.7312	0.7636	0.7470	0.8472	0.7771	0.8047	0.7806	0.7387	0.8437	0.8234	0.6142	0.4466	0.4718	0.5899	0.6488	0.5373	0.5205	0.6055	0.7630	0.8345	0.8148	0.7784	0.7016	0.7929	0.7601	0.6937	0.7149	0.7000	0.6533	0.6547	0.6291	0.5752	0.5242	0.4631	0.4539	0.4583	0.4832	0.4805	0.4098	0.4350	0.4153	0.3600	0.3541	0.3237	0.3231	0.3044
0.1228	0.1909	0.2952	0.3657	0.3807	0.3754	0.3657	0.3335	0.3817	0.3897	0.4197	0.4290	0.5011	0.4703	0.4974	0.5474	0.5851	0.6038	0.6374	0.6678	0.6935	0.7406	0.6989	0.7117	0.7508	0.7782	0.8525	0.8035	0.8582	0.9224	0.9121	0.8960	0.9044	0.8408	0.6375	0.6444	0.8274	0.8927	0.6438	0.6571	0.7712	0.8040	0.7563	0.7515	0.8071	0.7077	0.6709	0.6515	0.6587	0.6001	0.5960	0.5975	0.6144	0.5994	0.5593	0.5178	0.4732	0.4863	0.4983	0.4650	0.4312	0.4241	0.4455	0.3974	0.3459	0.3383	0.3253	0.3362	0.3025
0.1634	0.2174	0.2518	0.2696	0.2835	0.2842	0.2866	0.2709	0.2944	0.3311	0.3588	0.4106	0.4976	0.4873	0.4506	0.5070	0.5795	0.5909	0.5855	0.5880	0.6553	0.6508	0.6603	0.7179	0.6973	0.7642	0.7322	0.7960	0.7911	0.7744	0.8674	0.8875	0.8784	0.9703	0.8720	0.8726	0.9375	0.9116	0.8059	0.7884	0.7552	0.7338	0.6893	0.6808	0.6149	0.5832	0.5707	0.5726	0.5603	0.5677	0.5778	0.5770	0.5712	0.5664	0.5589	0.5185	0.4871	0.4777	0.4725	0.4626	0.4593	0.4339	0.4206	0.3817	0.3878	0.3722	0.3484	0.3328	0.3071
0.1977	0.2295	0.2522	0.2633	0.2532	0.2497	0.2333	0.2602	0.2843	0.2965	0.3425	0.4001	0.4247	0.4661	0.4674	0.5301	0.6253	0.6031	0.6062	0.6186	0.6694	0.6782	0.6750	0.6761	0.6741	0.6975	0.6916	0.7400	0.7406	0.7496	0.8026	0.8558	0.8425	0.8995	0.9258	0.9114	0.8493	0.8393	0.7793	0.7396	0.7381	0.6533	0.6277	0.6213	0.5877	0.5392	0.5392	0.5474	0.5164	0.5368	0.6080	0.5581	0.5502	0.5385	0.5021	0.4959	0.4898	0.4792	0.4546	0.4407	0.4273	0.4252	0.3975	0.3706	0.3709	0.3901	0.3367	0.3184	0.2870
0.2045	0.2102	0.2446	0.2456	0.2222	0.2278	0.2609	0.2494	0.2646	0.2957	0.3723	0.3791	0.4083	0.4680	0.4854	0.5660	0.6888	0.6445	0.5980	0.5921	0.6801	0.6855	0.6685	0.6670	0.6702	0.6349	0.6824	0.7480	0.7401	0.7848	0.7675	0.7674	0.8296	0.8628	0.8393	0.7694	0.7669	0.7855	0.7371	0.6514	0.6467	0.5751	0.5665	0.5682	0.5973	0.5652	0.5586	0.5534	0.5515	0.5103	0.5376	0.5469	0.5882	0.5080	0.4892	0.5012	0.4989	0.4648	0.4485	0.4581	0.4246	0.4222	0.4188	0.3817	0.3850	0.3623	0.3295	0.3141	0.3015
0.1804	0.2138	0.2582	0.2442	0.2455	0.2344	0.2355	0.2394	0.2464	0.2941	0.3442	0.3743	0.3751	0.4516	0.5196	0.5591	0.5845	0.6254	0.6226	0.6145	0.6517	0.6658	0.6619	0.6208	0.6820	0.6398	0.6911	0.7405	0.7451	0.7390	0.7406	0.7586	0.7786	0.7795	0.7342	0.6942	0.7025	0.6617	0.6169	0.6058	0.6106	0.5720	0.5978	0.5966	0.5854	0.5780	0.6084	0.5625	0.5277	0.5303	0.5102	0.5107	0.5449	0.5179	0.4443	0.4906	0.4896	0.4719	0.4543	0.4528	0.4383	0.4064	0.3875	0.3704	0.3529	0.3424	0.3085	0.3173	0.2989
0.1929	0.2189	0.2464	0.2528	0.2407	0.2327	0.2009	0.2227	0.2627	0.3301	0.3395	0.3300	0.3619	0.4151	0.4865	0.5427	0.5509	0.6086	0.6514	0.6200	0.6346	0.6482	0.6754	0.6730	0.6541	0.6611	0.6918	0.7032	0.7422	0.7262	0.7309	0.7234	0.7487	0.7544	0.6719	0.6657	0.6919	0.6251	0.6011	0.5695	0.5986	0.6082	0.6352	0.5701	0.5889	0.5529	0.5626	0.5679	0.5749	0.5412	0.5252	0.5218	0.5083	0.4603	0.5085	0.5043	0.4890	0.4680	0.4553	0.4563	0.4388	0.4118	0.4134	0.3663	0.3790	0.3588	0.3311	0.3125	0.2891
0.2105	0.2279	0.2423	0.2263	0.2019	0.2057	0.2070	0.2419	0.2729	0.3045	0.3721	0.3629	0.4043	0.4370	0.4824	0.5421	0.5739	0.5962	0.5812	0.6356	0.6389	0.5959	0.6058	0.5915	0.6055	0.6412	0.6840	0.7015	0.7123	0.7001	0.7354	0.6909	0.7019	0.6674	0.6457	0.6373	0.6351	0.6213	0.6240	0.6017	0.6236	0.6087	0.5701	0.5674	0.5995	0.5811	0.5699	0.5889	0.5668	0.5514	0.5449	0.5323	0.5217	0.5195	0.5180	0.5145	0.4888	0.4732	0.4595	0.4483	0.4436	0.4174	0.4043	0.3948	0.4062	0.3823	0.3512	0.3348	0.2965
0.1945	0.2111	0.2172	0.2038	0.1880	0.2069	0.2103	0.2328	0.2713	0.2856	0.3347	0.3744	0.4227	0.4386	0.4504	0.5155	0.5491	0.4968	0.5726	0.5882	0.5765	0.5536	0.5809	0.5911	0.5657	0.5721	0.6022	0.5984	0.6135	0.6490	0.6692	0.6821	0.6726	0.6307	0.6162	0.6136	0.6307	0.6015	0.6225	0.6248	0.6368	0.5866	0.5811	0.5644	0.6184	0.5763	0.5510	0.5263	0.5614	0.5344	0.5440	0.5387	0.5403	0.5281	0.4880	0.5015	0.4791	0.4637	0.4658	0.4660	0.4207	0.4210	0.4161	0.3774	0.3818	0.3637	0.3398	0.3054	0.2870
0.2009	0.2161	0.2092	0.2197	0.2117	0.2089	0.2459	0.2379	0.2536	0.2817	0.2878	0.3571	0.3872	0.4132	0.4115	0.4608	0.4865	0.4856	0.5015	0.5538	0.5174	0.5162	0.5381	0.5470	0.5474	0.5661	0.6315	0.6046	0.6161	0.6088	0.6147	0.6473	0.6274	0.6332	0.5991	0.6086	0.6226	0.6041	0.6124	0.5995	0.6301	0.5911	0.5816	0.5510	0.5854	0.5497	0.5626	0.5634	0.5544	0.5127	0.5589	0.5590	0.5804	0.5338	0.4903	0.5047	0.4882	0.4419	0.4434	0.4784	0.4604	0.4310	0.4099	0.3772	0.3543	0.3521	0.3397	0.3340	0.3103
0.1931	0.1948	0.1946	0.1968	0.1926	0.2102	0.2322	0.2113	0.2372	0.2678	0.2826	0.3301	0.3695	0.3959	0.4374	0.4828	0.4648	0.5223	0.5225	0.5289	0.5245	0.5125	0.5403	0.5688	0.5799	0.5655	0.6335	0.6469	0.6663	0.6378	0.6774	0.6969	0.6577	0.6402	0.6218	0.6207	0.6228	0.6289	0.6274	0.6173	0.6234	0.5962	0.5740	0.5472	0.5588	0.5342	0.5793	0.5629	0.5384	0.5232	0.5496	0.5250	0.5442	0.5231	0.4840	0.4947	0.4705	0.4655	0.4320	0.4601	0.4641	0.4094	0.4040	0.3994	0.3920	0.3619	0.3415	0.3181	0.2899
0.1715	0.2032	0.2181	0.2411	0.2186	0.2215	0.2318	0.2284	0.2414	0.2362	0.2803	0.3156	0.3618	0.3678	0.4209	0.4860	0.5420	0.5343	0.5162	0.5191	0.5139	0.5086	0.5150	0.5723	0.5460	0.5539	0.5774	0.6370	0.6488	0.7064	0.6790	0.6942	0.7157	0.6950	0.6632	0.6389	0.6638	0.6298	0.6215	0.6199	0.6140	0.6240	0.5830	0.5837	0.5899	0.5212	0.5852	0.5554	0.5215	0.5490	0.5447	0.5360	0.5275	0.5186	0.5027	0.4781	0.4710	0.4660	0.4402	0.4436	0.4318	0.4210	0.3987	0.3957	0.3886	0.3511	0.3426	0.3384	0.2917
0.1803	0.1905	0.2124	0.2378	0.2402	0.2329	0.2550	0.2380	0.2702	0.2583	0.3278	0.3334	0.3378	0.3741	0.4324	0.4729	0.5384	0.5005	0.5230	0.5229	0.5196	0.5368	0.5044	0.5420	0.5573	0.5648	0.5640	0.5923	0.6166	0.6605	0.6611	0.6957	0.6987	0.7086	0.7163	0.7104	0.7102	0.6184	0.6309	0.6676	0.5962	0.6204	0.5914	0.6056	0.6063	0.5534	0.5683	0.5673	0.5787	0.5933	0.5878	0.5672	0.5633	0.5484	0.4896	0.4884	0.4947	0.4617	0.4693	0.4552	0.4292	0.4111	0.3965	0.3805	0.3943	0.3488	0.3242	0.3306	0.3153
0.1558	0.2016	0.2043	0.1974	0.2334	0.2347	0.2295	0.2618	0.3187	0.2957	0.3040	0.3068	0.3430	0.3761	0.4362	0.5142	0.5147	0.5432	0.5592	0.5619	0.5878	0.5946	0.5651	0.5619	0.5603	0.5893	0.5883	0.5972	0.6324	0.6422	0.6687	0.7046	0.7042	0.6536	0.7170	0.7058	0.6899	0.6578	0.6356	0.6360	0.6063	0.6291	0.6437	0.6113	0.6209	0.6015	0.5768	0.5980	0.5389	0.5878	0.6131	0.5671	0.5569	0.5535	0.5291	0.4720	0.4754	0.4819	0.4519	0.4283	0.4539	0.4542	0.4568	0.4196	0.4054	0.3669	0.3485	0.3538	0.3010
0.1571	0.2051	0.2206	0.2082	0.2140	0.2260	0.2691	0.2735	0.2927	0.3322	0.3104	0.3081	0.3363	0.3704	0.4236	0.5024	0.5564	0.5705	0.5851	0.6327	0.6551	0.6471	0.6340	0.6233	0.6396	0.6393	0.6362	0.6735	0.6832	0.6813	0.7138	0.7550	0.7029	0.7009	0.7461	0.7413	0.7457	0.6948	0.6968	0.6746	0.6573	0.6755	0.6158	0.6105	0.6254	0.5773	0.6054	0.6142	0.6260	0.5792	0.5845	0.5638	0.5729	0.5500	0.5088	0.4866	0.5023	0.4663	0.4333	0.4149	0.4402	0.4580	0.4401	0.4282	0.4006	0.3551	0.3436	0.3282	0.3108
0.1636	0.2085	0.2328	0.2026	0.2244	0.2384	0.2558	0.2909	0.3116	0.3270	0.3894	0.3642	0.3549	0.4057	0.4331	0.5075	0.5756	0.6035	0.6050	0.6441	0.6308	0.6355	0.6167	0.6274	0.6653	0.6354	0.6564	0.7064	0.7067	0.7019	0.7726	0.7822	0.7457	0.7757	0.7614	0.7408	0.7307	0.6967	0.7075	0.7080	0.6977	0.6657	0.6705	0.6424	0.6051	0.5962	0.6342	0.5909	0.6153	0.6180	0.6168	0.5680	0.5471	0.5327	0.5324	0.5046	0.4913	0.4666	0.4681	0.4534	0.4434	0.4662	0.4407	0.4406	0.4108	0.3805	0.3671	0.3571	0.3470
0.1480	0.1953	0.1959	0.1876	0.2338	0.2352	0.2490	0.3183	0.3241	0.3082	0.3873	0.3894	0.3875	0.4154	0.4568	0.5198	0.5815	0.6210	0.6005	0.6380	0.6521	0.6376	0.6533	0.6645	0.6602	0.6594	0.6815	0.6834	0.7139	0.7039	0.7347	0.7826	0.7675	0.7637	0.7979	0.7871	0.7472	0.7084	0.7341	0.7220	0.6914	0.6674	0.6909	0.6693	0.6348	0.6218	0.6104	0.6150	0.5785	0.6461	0.6161	0.5918	0.5715	0.6014	0.5848	0.5034	0.5257	0.5351	0.4757	0.4806	0.4519	0.4356	0.4548	0.4259	0.4345	0.4003	0.3789	0.3726	0.3103
0.1864	0.2157	0.2193	0.2105	0.2392	0.2566	0.2798	0.3325	0.3412	0.3339	0.3627	0.4120	0.4124	0.4626	0.5003	0.5744	0.5600	0.5876	0.6047	0.6494	0.6508	0.6711	0.6511	0.6751	0.6879	0.7071	0.6947	0.6817	0.7389	0.6810	0.7416	0.7894	0.8026	0.8141	0.8116	0.8284	0.7936	0.7806	0.7193	0.7029	0.6992	0.6872	0.6959	0.6697	0.6573	0.6436	0.6513	0.6532	0.6123	0.6088	0.6053	0.6039	0.5864	0.5865	0.5419	0.5408	0.5113	0.5006	0.4744	0.4833	0.4823	0.4281	0.4362	0.4405	0.4196	0.3985	0.4019	0.3920	0.3422
0.1807	0.2168	0.2444	0.2513	0.2468	0.2927	0.2987	0.3053	0.3383	0.3579	0.3842	0.4178	0.4282	0.4753	0.4977	0.5430	0.5893	0.5966	0.6025	0.6335	0.6606	0.6593	0.6542	0.7102	0.6386	0.6764	0.7072	0.6844	0.7489	0.7528	0.7580	0.8234	0.8412	0.9137	0.8816	0.8555	0.8564	0.8273	0.7840	0.7199	0.7235	0.7185	0.6687	0.7202	0.6907	0.6664	0.6884	0.6437	0.6598	0.6429	0.5820	0.5782	0.5467	0.5566	0.5426	0.5518	0.5246	0.5179	0.5287	0.5016	0.4835	0.4752	0.4597	0.4472	0.4251	0.4044	0.3938	0.3901	0.3690
0.1875	0.2251	0.2521	0.2774	0.2919	0.3245	0.3550	0.3492	0.3630	0.3736	0.4032	0.4312	0.4364	0.4502	0.5117	0.5268	0.5905	0.6630	0.6172	0.6296	0.6583	0.7098	0.7107	0.7172	0.7202	0.7409	0.7493	0.7311	0.7796	0.7683	0.8521	0.8919	0.9047	0.9341	0.9322	0.8903	0.9120	0.8725	0.8583	0.8020	0.7839	0.7182	0.7359	0.7273	0.7504	0.7177	0.7423	0.6857	0.6792	0.6494	0.6172	0.5989	0.5691	0.5741	0.5604	0.5581	0.5711	0.5575	0.5573	0.5180	0.5056	0.4879	0.4905	0.4485	0.4556	0.4209	0.4173	0.3978	0.3893
0.2026	0.2949	0.4050	0.4019	0.3880	0.3880	0.4097	0.4408	0.4305	0.4189	0.4708	0.4698	0.4675	0.5072	0.5429	0.5604	0.6299	0.6183	0.6491	0.6447	0.6493	0.6985	0.7289	0.7453	0.7903	0.7476	0.8002	0.7943	0.8350	0.8605	0.9144	0.9957	1.0000	0.9326	0.6741	0.5855	0.6393	0.6768	0.8413	0.8918	0.8515	0.8121	0.7990	0.8041	0.8143	0.7591	0.7602	0.6763	0.6891	0.6837	0.6354	0.6270	0.5963	0.5973	0.5347	0.5521	0.5751	0.5555	0.5153	0.5341	0.5587	0.5292	0.5193	0.4819	0.4598	0.4397	0.4014	0.3893	0.3985
0.1293	0.2203	0.3404	0.5217	0.5413	0.6122	0.6086	0.6082	0.5991	0.5953	0.6112	0.6123	0.5862	0.6180	0.6591	0.6910	0.7100	0.7012	0.7591	0.7713	0.7535	0.7672	0.7806	0.8092	0.7654	0.8009	0.8134	0.8402	0.8809	0.8787	0.8864	0.7825	0.8096	0.7349	0.3906	0.3493	0.4129	0.4952	0.7555	0.9534	0.9063	0.9124	0.8698	0.8859	0.8840	0.8429	0.8325	0.7731	0.7506	0.7498	0.6828	0.6553	0.6417	0.6264	0.5819	0.5839	0.6042	0.5580	0.5673	0.6030	0.6022	0.5597	0.5379	0.5070	0.4540	0.4547	0.4395	0.4237	0.4009
0.0681	0.0841	0.1349	0.2339	0.3399	0.4603	0.5989	0.6982	0.6978	0.7102	0.7435	0.7273	0.7623	0.7805	0.7651	0.8102	0.8154	0.8193	0.8294	0.9024	0.8926	0.8294	0.8188	0.8334	0.8109	0.7941	0.8360	0.8649	0.8891	0.7439	0.5332	0.3869	0.3519	0.3533	0.3161	0.3379	0.3693	0.4201	0.5393	0.8104	0.9807	0.9249	0.9533	0.9017	0.8917	0.8962	0.8655	0.8538	0.8197	0.7765	0.7380	0.7224	0.6993	0.6909	0.6140	0.6366	0.6159	0.5833	0.6165	0.6304	0.6132	0.5963	0.5367	0.4983	0.4768	0.4673	0.4610	0.4440	0.3994
0.0380	0.0400	0.0784	0.0990	0.1093	0.1488	0.2213	0.3233	0.3884	0.4208	0.5245	0.5154	0.5604	0.5771	0.6174	0.6577	0.6646	0.6742	0.6629	0.6597	0.6581	0.6802	0.5745	0.5309	0.5092	0.4589	0.5290	0.5579	0.4585	0.3437	0.2639	0.2566	0.2468	0.2698	0.2857	0.2984	0.2913	0.3366	0.3721	0.4887	0.6662	0.7135	0.9164	0.9157	0.9381	0.8507	0.7082	0.8351	0.8542	0.8167	0.8177	0.7527	0.7191	0.7326	0.6470	0.6534	0.6538	0.6168	0.5941	0.6321	0.6129	0.5601	0.5485	0.5394	0.5306	0.4854	0.4679	0.4207	0.4045
0.0276	0.0353	0.0584	0.0638	0.0667	0.0868	0.0870	0.1010	0.1300	0.1333	0.1586	0.1652	0.1931	0.2124	0.2431	0.2801	0.2865	0.2797	0.2826	0.2568	0.2574	0.2949	0.2383	0.2509	0.2451	0.2068	0.2179	0.2312	0.2244	0.2181	0.2142	0.2210	0.2335	0.2448	0.2405	0.2341	0.2387	0.2691	0.2863	0.3108	0.3702	0.4479	0.6959	0.7582	0.7949	0.6026	0.5896	0.9098	0.9079	0.9084	0.8375	0.7892	0.7355	0.7414	0.6807	0.7036	0.7083	0.6782	0.6299	0.6504	0.6313	0.5673	0.5722	0.5576	0.5043	0.5128	0.4820	0.4284	0.4107
0.0266	0.0213	0.0363	0.0459	0.0640	0.0697	0.0820	0.0896	0.0924	0.0963	0.1008	0.0894	0.1079	0.1158	0.1310	0.1296	0.1341	0.1315	0.1347	0.1522	0.1567	0.1472	0.1518	0.1756	0.1825	0.1740	0.1661	0.1904	0.1935	0.2067	0.2101	0.2074	0.2146	0.2072	0.2170	0.2117	0.2319	0.2453	0.2491	0.2487	0.2724	0.2994	0.3447	0.3613	0.4113	0.4127	0.5079	0.8535	0.9164	0.8769	0.8436	0.8081	0.7443	0.7388	0.6863	0.7271	0.7292	0.7088	0.6428	0.6596	0.6131	0.5889	0.5801	0.5408	0.5288	0.5395	0.4908	0.4403	0.4252
0.0090	0.0242	0.0441	0.0279	0.0468	0.0498	0.0589	0.0764	0.0700	0.0728	0.0760	0.0871	0.0842	0.0902	0.1037	0.0980	0.0958	0.0902	0.1053	0.1050	0.1232	0.1157	0.1204	0.1288	0.1324	0.1289	0.1477	0.1504	0.1562	0.1565	0.1704	0.1829	0.1853	0.1865	0.1985	0.1942	0.2030	0.2205	0.2231	0.2221	0.2245	0.2424	0.2728	0.2832	0.2936	0.3301	0.3765	0.6199	0.7207	0.8092	0.9005	0.7949	0.8068	0.7566	0.7286	0.7068	0.6706	0.7024	0.6732	0.6766	0.6526	0.5744	0.5863	0.5350	0.5243	0.5386	0.4729	0.4600	0.4398
0.0165	0.0302	0.0533	0.0360	0.0467	0.0591	0.0591	0.0578	0.0667	0.0703	0.0687	0.0711	0.0671	0.0630	0.0850	0.0919	0.0766	0.0920	0.0974	0.0965	0.0985	0.1052	0.1059	0.1146	0.1070	0.0987	0.1121	0.1136	0.1203	0.1237	0.1227	0.1381	0.1482	0.1393	0.1482	0.1616	0.1658	0.1721	0.1907	0.1947	0.1958	0.2201	0.2267	0.2478	0.2589	0.2752	0.2900	0.3744	0.4341	0.6602	0.8759	0.8424	0.8119	0.7392	0.7077	0.6978	0.6944	0.7237	0.7047	0.7089	0.6841	0.6281	0.5717	0.5582	0.5084	0.4856	0.4772	0.4667	0.4763
0.0064	0.0217	0.0360	0.0303	0.0383	0.0503	0.0614	0.0537	0.0402	0.0515	0.0692	0.0536	0.0635	0.0658	0.0712	0.0910	0.0919	0.0744	0.0896	0.1042	0.0834	0.0899	0.0894	0.1028	0.0995	0.0995	0.0946	0.1006	0.1096	0.0991	0.0975	0.0980	0.1045	0.1029	0.1183	0.1159	0.1204	0.1258	0.1298	0.1472	0.1561	0.1635	0.1837	0.2125	0.2216	0.2210	0.2455	0.2771	0.3383	0.4482	0.8126	0.9043	0.8536	0.7860	0.7272	0.7368	0.7645	0.7552	0.7038	0.6785	0.6689	0.6293	0.5749	0.5456	0.4927	0.4587	0.4579	0.4976	0.4934
0.0000	0.0038	0.0160	0.0205	0.0239	0.0473	0.0370	0.0502	0.0482	0.0456	0.0547	0.0537	0.0608	0.0671	0.0687	0.0796	0.0865	0.0767	0.0770	0.0776	0.0747	0.0803	0.0866	0.0830	0.0832	0.0834	0.0867	0.0939	0.0971	0.0943	0.0911	0.0854	0.0841	0.0877	0.1030	0.1013	0.1043	0.0972	0.1009	0.1035	0.1047	0.1139	0.1279	0.1343	0.1593	0.1780	0.1903	0.2251	0.2704	0.3213	0.6246	0.8998	0.8817	0.8394	0.7822	0.7261	0.7324	0.6302	0.5594	0.6405	0.6938	0.6333	0.5883	0.5380	0.5159	0.4962	0.4856	0.5198	0.4912
0.0000	0.0064	0.0096	0.0293	0.0143	0.0418	0.0399	0.0302	0.0408	0.0396	0.0478	0.0480	0.0562	0.0500	0.0492	0.0744	0.0799	0.0703	0.0574	0.0673	0.0733	0.0698	0.0726	0.0792	0.0747	0.0709	0.0724	0.0721	0.0826	0.0855	0.0793	0.0895	0.0812	0.0781	0.0838	0.0745	0.0802	0.0788	0.0889	0.0828	0.0898	0.0845	0.0967	0.1027	0.1222	0.1283	0.1301	0.1481	0.1721	0.2098	0.3254	0.6454	0.7189	0.6395	0.4455	0.3469	0.3607	0.3378	0.3409	0.6419	0.7057	0.6057	0.5637	0.5280	0.4796	0.4787	0.4953	0.5032	0.4643
0.0007	0.0015	0.0075	0.0152	0.0097	0.0182	0.0242	0.0177	0.0325	0.0373	0.0461	0.0427	0.0501	0.0424	0.0566	0.0644	0.0638	0.0593	0.0557	0.0701	0.0766	0.0662	0.0592	0.0633	0.0702	0.0718	0.0686	0.0674	0.0629	0.0593	0.0731	0.0862	0.0807	0.0737	0.0685	0.0674	0.0733	0.0763	0.0847	0.0823	0.0789	0.0806	0.0906	0.0840	0.0954	0.0973	0.0993	0.1008	0.1250	0.1274	0.1390	0.2041	0.2534	0.2194	0.1898	0.1914	0.2177	0.2281	0.2969	0.6164	0.7346	0.6115	0.5769	0.5539	0.5134	0.5141	0.5115	0.4858	0.4117
0.0000	0.0049	0.0148	0.0000	0.0158	0.0029	0.0162	0.0270	0.0325	0.0406	0.0373	0.0425	0.0449	0.0436	0.0534	0.0465	0.0556	0.0533	0.0524	0.0616	0.0609	0.0552	0.0571	0.0602	0.0629	0.0716	0.0617	0.0638	0.0675	0.0587	0.0590	0.0620	0.0752	0.0685	0.0682	0.0715	0.0749	0.0809	0.0743	0.0758	0.0780	0.0767	0.0748	0.0773	0.0859	0.0842	0.0852	0.0792	0.1065	0.0964	0.1080	0.1084	0.1012	0.1182	0.1346	0.1404	0.1633	0.1665	0.2177	0.3634	0.5489	0.6178	0.6285	0.6145	0.5768	0.5312	0.5283	0.5051	0.2795
0.0000	0.0000	0.0000	0.0116	0.0277	0.0209	0.0168	0.0248	0.0365	0.0330	0.0263	0.0234	0.0270	0.0345	0.0458	0.0420	0.0530	0.0424	0.0482	0.0617	0.0565	0.0539	0.0614	0.0566	0.0518	0.0595	0.0558	0.0720	0.0649	0.0588	0.0610	0.0594	0.0610	0.0695	0.0692	0.0681	0.0677	0.0739	0.0674	0.0616	0.0681	0.0650	0.0706	0.0728	0.0774	0.0824	0.0816	0.0779	0.0873	0.0836	0.0910	0.1040	0.0931	0.1040	0.1006	0.0976	0.1123	0.1237	0.1329	0.1722	0.2317	0.4282	0.6056	0.5554	0.5755	0.5719	0.4905	0.3501	0.1298
0.0000	0.0000	0.0000	0.0084	0.0182	0.0222	0.0214	0.0368	0.0260	0.0149	0.0238	0.0361	0.0326	0.0274	0.0429	0.0449	0.0393	0.0365	0.0414	0.0466	0.0445	0.0429	0.0466	0.0477	0.0553	0.0548	0.0506	0.0442	0.0486	0.0548	0.0599	0.0587	0.0565	0.0552	0.0523	0.0596	0.0646	0.0622	0.0655	0.0554	0.0611	0.0729	0.0746	0.0653	0.0600	0.0644	0.0688	0.0733	0.0741	0.0744	0.0810	0.0832	0.0834	0.0895	0.0899	0.0820	0.0924	0.0902	0.1035	0.1123	0.1169	0.1431	0.2131	0.2159	0.2556	0.3287	0.2372	0.1219	0.0688
0.0000	0.0000	0.0000	0.0150	0.0042	0.0033	0.0110	0.0228	0.0259	0.0071	0.0171	0.0350	0.0179	0.0193	0.0243	0.0438	0.0451	0.0358	0.0308	0.0358	0.0366	0.0331	0.0401	0.0344	0.0469	0.0463	0.0472	0.0389	0.0475	0.0455	0.0499	0.0470	0.0485	0.0444	0.0492	0.0510	0.0467	0.0556	0.0529	0.0478	0.0611	0.0656	0.0633	0.0581	0.0511	0.0564	0.0717	0.0731	0.0707	0.0761	0.0752	0.0845	0.0757	0.0758	0.0813	0.0808	0.0826	0.0727	0.0796	0.0928	0.0987	0.0822	0.0854	0.0927	0.0940	0.0948	0.0932	0.0873	0.0685
0.0000	0.0000	0.0000	0.0140	0.0000	0.0000	0.0042	0.0065	0.0148	0.0042	0.0218	0.0410	0.0278	0.0284	0.0309	0.0469	0.0551	0.0371	0.0365	0.0394	0.0478	0.0371	0.0331	0.0419	0.0371	0.0320	0.0459	0.0429	0.0396	0.0485	0.0493	0.0427	0.0459	0.0537	0.0540	0.0423	0.0481	0.0441	0.0534	0.0458	0.0562	0.0567	0.0625	0.0658	0.0511	0.0541	0.0666	0.0623	0.0640	0.0774	0.0813	0.0804	0.0716	0.0739	0.0744	0.0770	0.0774	0.0678	0.0713	0.0791	0.0865	0.0799	0.0805	0.0795	0.0766	0.0812	0.0718	0.0713	0.0595
0.0000	0.0008	0.0023	0.0000	0.0012	0.0017	0.0000	0.0168	0.0064	0.0122	0.0170	0.0209	0.0229	0.0284	0.0227	0.0346	0.0420	0.0313	0.0314	0.0290	0.0307	0.0325	0.0272	0.0372	0.0383	0.0354	0.0420	0.0378	0.0474	0.0425	0.0415	0.0394	0.0423	0.0516	0.0519	0.0434	0.0436	0.0552	0.0574	0.0495	0.0491	0.0465	0.0548	0.0562	0.0510	0.0574	0.0645	0.0674	0.0628	0.0649	0.0689	0.0711	0.0730	0.0756	0.0735	0.0664	0.0656	0.0672	0.0674	0.0646	0.0688	0.0702	0.0708	0.0768	0.0718	0.0714	0.0699	0.0548	0.0374
0.0000	0.0000	0.0000	0.0000	0.0000	0.0064	0.0000	0.0181	0.0041	0.0097	0.0158	0.0215	0.0197	0.0057	0.0196	0.0258	0.0319	0.0217	0.0226	0.0276	0.0274	0.0294	0.0247	0.0258	0.0369	0.0353	0.0294	0.0415	0.0464	0.0350	0.0293	0.0326	0.0369	0.0467	0.0396	0.0427	0.0442	0.0489	0.0488	0.0507	0.0490	0.0519	0.0520	0.0486	0.0589	0.0599	0.0565	0.0671	0.0559	0.0536	0.0626	0.0729	0.0689	0.0701	0.0707	0.0819	0.0599	0.0551	0.0611	0.0578	0.0552	0.0588	0.0602	0.0644	0.0566	0.0522	0.0555	0.0574	0.0354
0.0000	0.0000	0.0000	0.0000	0.0053	0.0053	0.0013	0.0136	0.0000	0.0000	0.0102	0.0218	0.0209	0.0055	0.0278	0.0190	0.0185	0.0158	0.0189	0.0238	0.0271	0.0282	0.0185	0.0261	0.0479	0.0367	0.0304	0.0348	0.0437	0.0394	0.0327	0.0372	0.0318	0.0355	0.0422	0.0480	0.0410	0.0398	0.0445	0.0447	0.0515	0.0636	0.0528	0.0483	0.0556	0.0537	0.0500	0.0598	0.0612	0.0517	0.0663	0.0693	0.0756	0.0633	0.0733	0.0823	0.0618	0.0651	0.0604	0.0701	0.0730	0.0779	0.0671	0.0747	0.0706	0.0641	0.0697	0.0680	0.0453
