0.0000	0.0000	0.0000	0.0000	0.0000	0.0000	0.0041	0.0055	0.0082	0.0170	0.0100	0.0161	0.0334	0.0319	0.0333	0.0279	0.0349	0.0323	0.0297	0.0509	0.0421	0.0349	0.0466	0.0631	0.0686	0.0630	0.0716	0.0520	0.0460	0.0523	0.0587	0.0691	0.0659	0.0617	0.0573	0.0545	0.0592	0.0601	0.0724	0.0690	0.0722	0.0875	0.0877	0.0729	0.0912	0.1012	0.0883	0.0813	0.0920	0.1014	0.1077	0.0954	0.0835	0.0976	0.0972	0.1057	0.0980	0.0698	0.0937	0.0819	0.0735	0.0693	0.0688	0.0494	0.0641	0.0575	0.0410	0.0394	0.0467
0.0000	0.0000	0.0000	0.0016	0.0039	0.0000	0.0104	0.0088	0.0129	0.0109	0.0168	0.0089	0.0280	0.0211	0.0381	0.0385	0.0372	0.0550	0.0570	0.0382	0.0501	0.0490	0.0537	0.0816	0.0762	0.0508	0.0649	0.0724	0.0668	0.0689	0.0764	0.0845	0.0933	0.0691	0.0645	0.0514	0.0712	0.0703	0.0882	0.0790	0.0694	0.0770	0.0816	0.0777	0.1029	0.0929	0.0922	0.0964	0.0959	0.1118	0.1150	0.0968	0.0767	0.1008	0.1229	0.0987	0.1000	0.0970	0.1026	0.0835	0.0885	0.0774	0.0611	0.0674	0.0650	0.0515	0.0526	0.0473	0.0571
0.0000	0.0006	0.0000	0.0087	0.0069	0.0067	0.0087	0.0302	0.0261	0.0101	0.0299	0.0351	0.0348	0.0367	0.0312	0.0493	0.0431	0.0396	0.0634	0.0623	0.0386	0.0482	0.0537	0.0895	0.0868	0.0670	0.0765	0.0771	0.0698	0.0868	0.0689	0.0656	0.0889	0.0803	0.0760	0.0720	0.0731	0.0881	0.0825	0.0803	0.0777	0.0770	0.0940	0.0947	0.0860	0.1024	0.1135	0.0993	0.0845	0.0906	0.1242	0.1394	0.1050	0.1191	0.1408	0.1236	0.0977	0.0955	0.1130	0.0967	0.0965	0.0913	0.0869	0.0794	0.0673	0.0646	0.0704	0.0599	0.0653
0.0021	0.0000	0.0000	0.0092	0.0000	0.0075	0.0173	0.0351	0.0365	0.0225	0.0304	0.0464	0.0485	0.0416	0.0313	0.0409	0.0394	0.0482	0.0557	0.0558	0.0533	0.0581	0.0562	0.0622	0.0773	0.0705	0.0656	0.0616	0.0872	0.0896	0.0660	0.0721	0.0830	0.0866	0.0879	0.0806	0.0695	0.0791	0.0814	0.0842	0.0923	0.0796	0.0875	0.0947	0.0914	0.1052	0.1084	0.1028	0.0991	0.0985	0.1194	0.1282	0.1286	0.1565	0.1495	0.1240	0.1206	0.1190	0.1189	0.1151	0.1150	0.1117	0.0961	0.0980	0.0861	0.0810	0.0727	0.0705	0.0842
0.0000	0.0000	0.0000	0.0105	0.0082	0.0174	0.0262	0.0275	0.0223	0.0213	0.0257	0.0382	0.0434	0.0448	0.0302	0.0484	0.0417	0.0418	0.0566	0.0628	0.0729	0.0624	0.0723	0.0733	0.0681	0.0903	0.0785	0.0606	0.0737	0.0847	0.0778	0.0848	0.0824	0.0937	0.0895	0.0786	0.0736	0.0717	0.0898	0.0977	0.0849	0.0873	0.0960	0.0994	0.1010	0.1098	0.1017	0.1091	0.1143	0.1130	0.1186	0.1186	0.1341	0.1838	0.2878	0.2877	0.1798	0.1331	0.1341	0.1225	0.1201	0.1085	0.1004	0.0990	0.0962	0.0966	0.1072	0.0990	0.0988
0.0000	0.0000	0.0008	0.0101	0.0122	0.0104	0.0153	0.0252	0.0234	0.0241	0.0285	0.0365	0.0537	0.0412	0.0413	0.0672	0.0571	0.0537	0.0458	0.0629	0.0709	0.0599	0.0646	0.0747	0.0889	0.0804	0.0627	0.0558	0.0844	0.0972	0.0814	0.0802	0.1135	0.1162	0.0977	0.0918	0.0823	0.0848	0.0974	0.0887	0.0726	0.0979	0.1139	0.1093	0.1024	0.1013	0.1157	0.1295	0.1097	0.1338	0.1541	0.1648	0.2202	0.4301	0.6087	0.6153	0.3602	0.2404	0.2088	0.1634	0.1448	0.1352	0.1476	0.1397	0.1204	0.1147	0.0993	0.0954	0.1002
0.0000	0.0000	0.0011	0.0058	0.0049	0.0160	0.0226	0.0321	0.0145	0.0350	0.0499	0.0388	0.0515	0.0331	0.0475	0.0666	0.0614	0.0697	0.0641	0.0767	0.0910	0.0888	0.0694	0.0683	0.0833	0.0872	0.0762	0.0791	0.0810	0.0816	0.0768	0.0900	0.1027	0.1183	0.1027	0.0947	0.0901	0.0864	0.0996	0.1035	0.0958	0.1073	0.1321	0.1086	0.1173	0.1126	0.1277	0.1489	0.1446	0.1721	0.2174	0.2495	0.3244	0.6346	0.6999	0.6514	0.5228	0.4682	0.4111	0.2611	0.1671	0.1678	0.1595	0.1603	0.1476	0.1264	0.1150	0.1262	0.1379
0.0000	0.0000	0.0136	0.0130	0.0059	0.0085	0.0166	0.0321	0.0251	0.0255	0.0423	0.0400	0.0541	0.0448	0.0565	0.0718	0.0581	0.0733	0.0870	0.0821	0.1015	0.0942	0.0741	0.0634	0.0964	0.0987	0.0868	0.0988	0.1065	0.0959	0.1029	0.0925	0.1046	0.1200	0.1202	0.0994	0.1052	0.1086	0.1022	0.1232	0.1029	0.1080	0.1343	0.1289	0.1162	0.1430	0.1569	0.1652	0.1778	0.2032	0.2315	0.2651	0.3055	0.5072	0.6436	0.5887	0.4978	0.4915	0.4885	0.3833	0.2640	0.1793	0.1672	0.1642	0.1604	0.1488	0.1492	0.1917	0.2529
0.0000	0.0000	0.0086	0.0178	0.0205	0.0313	0.0217	0.0373	0.0469	0.0424	0.0440	0.0479	0.0583	0.0526	0.0642	0.0720	0.0602	0.0683	0.0824	0.0952	0.1060	0.1019	0.0930	0.0756	0.1040	0.1014	0.0936	0.1005	0.1214	0.1165	0.1166	0.1011	0.1102	0.1095	0.1203	0.1132	0.1079	0.1113	0.1171	0.1374	0.1138	0.1246	0.1507	0.1439	0.1602	0.1618	0.1782	0.2076	0.2254	0.2777	0.3869	0.4976	0.4286	0.5865	0.6645	0.5805	0.4979	0.4621	0.5016	0.4733	0.4031	0.2781	0.2280	0.2237	0.1929	0.1891	0.1768	0.2490	0.3193
0.0015	0.0004	0.0121	0.0259	0.0129	0.0248	0.0318	0.0373	0.0517	0.0562	0.0718	0.0575	0.0695	0.0771	0.0729	0.0772	0.0886	0.0850	0.0918	0.0965	0.0898	0.0859	0.0973	0.1108	0.1110	0.1053	0.1104	0.0953	0.1070	0.1011	0.1177	0.1106	0.1156	0.1196	0.1251	0.1167	0.1135	0.1225	0.1316	0.1351	0.1318	0.1480	0.1668	0.1752	0.1835	0.2100	0.2493	0.2778	0.3117	0.4781	0.7586	0.8434	0.7002	0.6746	0.6321	0.5432	0.5368	0.5218	0.4883	0.4905	0.4778	0.4229	0.3754	0.3625	0.2890	0.2109	0.1922	0.2599	0.3107
0.0000	0.0110	0.0208	0.0209	0.0263	0.0307	0.0350	0.0445	0.0532	0.0645	0.0622	0.0606	0.0829	0.0858	0.0704	0.0836	0.1068	0.1081	0.0957	0.1002	0.1032	0.1099	0.1165	0.1128	0.1286	0.1205	0.1275	0.1252	0.1266	0.1231	0.1119	0.1333	0.1327	0.1583	0.1359	0.1293	0.1335	0.1649	0.1656	0.1498	0.1582	0.1782	0.2103	0.2253	0.2361	0.2598	0.2999	0.3513	0.4433	0.8059	0.9692	0.9064	0.7419	0.6595	0.6008	0.5800	0.5409	0.5134	0.4771	0.5031	0.4697	0.4414	0.4476	0.4451	0.4065	0.2990	0.2317	0.2374	0.2587
0.0056	0.0082	0.0202	0.0314	0.0177	0.0202	0.0457	0.0726	0.0529	0.0475	0.0738	0.0753	0.0940	0.0881	0.0901	0.0995	0.1092	0.1184	0.1082	0.1148	0.1198	0.1121	0.1078	0.1208	0.1304	0.1246	0.1246	0.1395	0.1392	0.1507	0.1431	0.1465	0.1724	0.1816	0.1627	0.1362	0.1583	0.1882	0.1888	0.1953	0.1959	0.2171	0.2526	0.2624	0.2690	0.3144	0.3594	0.3788	0.4989	0.9245	0.9242	0.8791	0.7517	0.6739	0.6588	0.6469	0.6034	0.5544	0.5515	0.5015	0.4864	0.4589	0.4401	0.4424	0.4155	0.3475	0.2804	0.2541	0.2592
0.0100	0.0094	0.0198	0.0309	0.0522	0.0405	0.0311	0.0610	0.0715	0.0705	0.0887	0.0820	0.0897	0.0884	0.0995	0.1183	0.1249	0.1391	0.1414	0.1380	0.1576	0.1606	0.1391	0.1437	0.1801	0.1453	0.1322	0.1531	0.1688	0.1648	0.1639	0.1760	0.1863	0.2039	0.2033	0.1748	0.1809	0.2103	0.2326	0.2411	0.2565	0.2387	0.2817	0.3056	0.2935	0.3310	0.3786	0.4138	0.5200	0.8268	0.9237	0.8159	0.7727	0.7332	0.7052	0.6637	0.6200	0.5689	0.5711	0.4834	0.4751	0.4840	0.4666	0.4579	0.4454	0.3986	0.3606	0.3421	0.3284
0.0160	0.0319	0.0241	0.0203	0.0435	0.0375	0.0661	0.0851	0.0879	0.0864	0.1003	0.1285	0.1131	0.1243	0.1327	0.1446	0.1749	0.1853	0.1852	0.1959	0.1962	0.2140	0.2589	0.2533	0.2358	0.2072	0.2250	0.2208	0.2065	0.2004	0.2134	0.2280	0.2291	0.2382	0.2524	0.2209	0.2151	0.2334	0.2488	0.2452	0.2504	0.2610	0.3099	0.3095	0.3038	0.3359	0.3603	0.3948	0.4325	0.5807	0.7792	0.8007	0.7391	0.7594	0.7098	0.6919	0.5978	0.5525	0.5369	0.4931	0.4825	0.4852	0.4646	0.4501	0.4306	0.3932	0.4145	0.3559	0.3124
0.0126	0.0225	0.0308	0.0527	0.0565	0.0640	0.0798	0.1032	0.1171	0.1286	0.1462	0.1793	0.1710	0.2224	0.2582	0.2477	0.2728	0.2763	0.2858	0.2929	0.3509	0.4515	0.5172	0.5528	0.4769	0.3949	0.3427	0.3107	0.2805	0.2702	0.2575	0.2645	0.2667	0.2630	0.2417	0.2371	0.2452	0.2583	0.2807	0.2658	0.2779	0.3053	0.3151	0.3301	0.3337	0.3853	0.4273	0.4376	0.4616	0.5462	0.6940	0.6669	0.6184	0.6261	0.6922	0.6921	0.6523	0.5843	0.5117	0.4910	0.4692	0.4410	0.4516	0.4548	0.4313	0.3649	0.3775	0.3224	0.3169
0.0130	0.0330	0.0599	0.0792	0.0865	0.1002	0.1048	0.1294	0.1815	0.2008	0.2501	0.2580	0.3509	0.4533	0.5176	0.5619	0.5632	0.5307	0.5297	0.5547	0.6099	0.6816	0.5884	0.6073	0.6126	0.5757	0.5660	0.5356	0.5276	0.4748	0.3975	0.3375	0.3058	0.2877	0.2687	0.2690	0.2730	0.2852	0.2832	0.2873	0.3263	0.3224	0.3749	0.4257	0.4204	0.6165	0.8112	0.7576	0.6391	0.7884	0.8381	0.8155	0.7251	0.6047	0.6248	0.7026	0.6511	0.5886	0.5183	0.5124	0.4786	0.4404	0.4490	0.4595	0.3709	0.3317	0.3451	0.3281	0.3114
0.0299	0.0418	0.0672	0.0972	0.1211	0.1440	0.2167	0.2937	0.3619	0.4294	0.4924	0.5056	0.6050	0.5433	0.5689	0.6337	0.6596	0.6563	0.6362	0.6344	0.6709	0.6247	0.6173	0.6118	0.6279	0.6068	0.6092	0.6305	0.6298	0.6874	0.7014	0.5805	0.4047	0.3378	0.3248	0.2939	0.3078	0.3448	0.3710	0.3454	0.3695	0.4035	0.5998	0.7299	0.5878	0.6400	0.8713	0.9237	0.8019	0.8048	0.8073	0.8143	0.7575	0.7306	0.6911	0.6700	0.5771	0.5340	0.5201	0.5389	0.4706	0.4193	0.4460	0.4363	0.3872	0.3059	0.3328	0.3144	0.2965
0.0517	0.0800	0.0988	0.1543	0.2154	0.3088	0.4398	0.4960	0.5092	0.4611	0.4934	0.4847	0.4854	0.4493	0.4958	0.5432	0.5671	0.5786	0.5478	0.5624	0.6288	0.6225	0.5927	0.5901	0.5898	0.5822	0.5780	0.6369	0.5815	0.6994	0.7789	0.8028	0.6446	0.4235	0.3644	0.3312	0.3420	0.3919	0.4240	0.4628	0.4375	0.5048	0.8507	1.0000	0.7150	0.6205	0.8438	0.8717	0.8586	0.7937	0.7297	0.7296	0.6850	0.6631	0.6289	0.5490	0.5309	0.4882	0.4943	0.4828	0.4479	0.4365	0.4190	0.3844	0.3572	0.3266	0.3279	0.3114	0.3013
0.0843	0.1296	0.2007	0.2913	0.3674	0.4400	0.4600	0.4236	0.4045	0.3515	0.3371	0.3461	0.3982	0.4088	0.4342	0.5279	0.5683	0.5696	0.5645	0.5811	0.5821	0.6143	0.5754	0.6014	0.5761	0.5772	0.6458	0.6417	0.6258	0.7316	0.7547	0.8191	0.8949	0.7103	0.4730	0.4047	0.3941	0.4595	0.5659	0.7166	0.6407	0.6281	0.9354	0.9629	0.8183	0.7798	0.7935	0.7901	0.7467	0.7437	0.7211	0.6661	0.5862	0.5779	0.5697	0.5303	0.4655	0.4373	0.4474	0.4573	0.4516	0.4233	0.4173	0.3821	0.3690	0.3292	0.3277	0.3056	0.2949
0.1183	0.2066	0.2747	0.3101	0.2898	0.3039	0.2966	0.2921	0.3231	0.3118	0.3389	0.3626	0.4388	0.4380	0.4399	0.5157	0.5721	0.6120	0.5946	0.6016	0.5708	0.5813	0.5570	0.6026	0.6062	0.5851	0.6798	0.6834	0.6614	0.7462	0.7765	0.8005	0.8661	0.8969	0.7156	0.5623	0.5236	0.6453	0.7668	0.8846	0.8495	0.8224	0.8681	0.8520	0.7985	0.7307	0.6946	0.7053	0.6496	0.6197	0.6083	0.5698	0.5413	0.5366	0.5379	0.5112	0.4667	0.4513	0.4192	0.4075	0.4088	0.4201	0.4081	0.3960	0.3736	0.3343	0.3348	0.3175	0.2799
0.1312	0.1969	0.2111	0.1884	0.2093	0.2138	0.2169	0.2497	0.2613	0.3066	0.3453	0.3737	0.4564	0.4569	0.4388	0.5187	0.5406	0.5941	0.5603	0.5691	0.5458	0.5560	0.5190	0.5542	0.5801	0.6083	0.6233	0.6435	0.6725	0.6819	0.7595	0.7916	0.8494	0.9413	0.9267	0.7518	0.6973	0.8541	0.8233	0.8303	0.8538	0.8086	0.7940	0.7712	0.6646	0.6402	0.6360	0.6017	0.5713	0.5448	0.5741	0.5571	0.5158	0.5396	0.4992	0.4754	0.4744	0.4478	0.4421	0.4108	0.3891	0.4012	0.3983	0.3691	0.3420	0.3291	0.3304	0.3034	0.2821
0.1375	0.1764	0.1778	0.1811	0.1920	0.1862	0.2126	0.2625	0.2792	0.3114	0.3521	0.3851	0.4156	0.4732	0.4635	0.5222	0.5716	0.5925	0.5649	0.5656	0.5994	0.5894	0.5509	0.5266	0.5771	0.6004	0.5936	0.6062	0.6523	0.6976	0.7118	0.7342	0.8148	0.8657	0.9078	0.8621	0.8325	0.8497	0.7474	0.7488	0.7695	0.7219	0.7276	0.7156	0.6587	0.6297	0.5715	0.5759	0.5619	0.5467	0.5900	0.5090	0.5053	0.5168	0.4814	0.5085	0.4909	0.4877	0.4436	0.4096	0.4059	0.4055	0.3665	0.3378	0.3374	0.3464	0.3085	0.3042	0.3168
0.1183	0.1323	0.1585	0.1627	0.1828	0.2011	0.2461	0.2623	0.2812	0.2808	0.3594	0.3825	0.3768	0.4453	0.4487	0.5053	0.5941	0.6018	0.5542	0.5205	0.5775	0.5934	0.5488	0.5645	0.5957	0.5459	0.5787	0.6129	0.6289	0.6572	0.6642	0.6857	0.7770	0.8007	0.7944	0.8055	0.7517	0.7612	0.7135	0.6719	0.7045	0.6692	0.6522	0.6354	0.6487	0.5962	0.5614	0.5672	0.5623	0.5447	0.5468	0.5423	0.5483	0.5181	0.5017	0.5104	0.5269	0.5010	0.4272	0.4426	0.4168	0.4012	0.3885	0.3646	0.3466	0.3357	0.3185	0.3152	0.3093
0.1175	0.1471	0.1644	0.1891	0.2132	0.2251	0.2728	0.2807	0.2747	0.2664	0.3392	0.3491	0.3676	0.4336	0.4399	0.4982	0.5797	0.5896	0.5750	0.5960	0.5807	0.5830	0.5342	0.5525	0.6155	0.5705	0.5894	0.6203	0.6270	0.6484	0.6453	0.6924	0.7429	0.7455	0.7309	0.6932	0.6771	0.6723	0.6419	0.6330	0.6445	0.6309	0.5808	0.6219	0.5842	0.5780	0.5861	0.5571	0.5290	0.5366	0.5203	0.5241	0.5407	0.5141	0.5073	0.5030	0.5125	0.4923	0.4691	0.4395	0.4250	0.4195	0.4000	0.3908	0.3352	0.3270	0.3140	0.2959	0.2945
0.1322	0.1596	0.1711	0.1834	0.1814	0.2354	0.2955	0.2724	0.2996	0.3121	0.3422	0.3479	0.4116	0.4205	0.4258	0.4770	0.5189	0.5475	0.5756	0.5983	0.5376	0.5423	0.5463	0.5775	0.5806	0.5767	0.5760	0.5960	0.6269	0.6187	0.6100	0.6780	0.7313	0.6959	0.6692	0.6614	0.6804	0.6274	0.6341	0.6306	0.5988	0.6169	0.5932	0.5873	0.6061	0.5811	0.5539	0.5883	0.5749	0.5356	0.5494	0.5033	0.4966	0.5074	0.5160	0.5342	0.5002	0.4755	0.4546	0.4500	0.4426	0.4118	0.3852	0.3658	0.3493	0.3166	0.2979	0.3084	0.2902
0.1438	0.1516	0.1526	0.1681	0.1891	0.2277	0.2790	0.2717	0.3179	0.3244	0.3364	0.3549	0.4119	0.4155	0.4072	0.4718	0.5258	0.5205	0.4974	0.5066	0.5142	0.5069	0.5024	0.5188	0.5381	0.5563	0.5402	0.5799	0.5990	0.6088	0.6656	0.6454	0.6652	0.6523	0.6355	0.6350	0.6326	0.6277	0.6196	0.6033	0.6012	0.5827	0.5869	0.5979	0.5967	0.6024	0.6027	0.6040	0.6302	0.5928	0.5782	0.5368	0.5108	0.5176	0.5466	0.5276	0.4969	0.4872	0.4548	0.4329	0.4227	0.3968	0.3867	0.3648	0.3461	0.3284	0.3148	0.2878	0.2789
0.1244	0.1587	0.1884	0.2006	0.1928	0.2321	0.2599	0.2769	0.2897	0.3067	0.3286	0.3561	0.4126	0.4196	0.4270	0.4850	0.4993	0.4543	0.5104	0.5222	0.5175	0.4970	0.4875	0.5067	0.5229	0.5503	0.5147	0.5251	0.5593	0.6163	0.6476	0.6409	0.6661	0.6064	0.5737	0.5999	0.5903	0.6273	0.6191	0.6008	0.6256	0.5781	0.5813	0.6468	0.6305	0.5964	0.6001	0.5763	0.5655	0.5736	0.5903	0.5565	0.5242	0.5226	0.5150	0.5136	0.4787	0.5064	0.4794	0.4841	0.4417	0.4165	0.3987	0.3560	0.3449	0.3300	0.3059	0.3016	0.3110
0.1466	0.1625	0.1655	0.1894	0.1884	0.2185	0.2904	0.2875	0.2912	0.3307	0.3314	0.3747	0.3941	0.3972	0.4256	0.4433	0.4705	0.4886	0.4737	0.5133	0.4866	0.4763	0.4669	0.4875	0.5149	0.5154	0.5391	0.5510	0.5519	0.5724	0.5942	0.6349	0.6372	0.6030	0.5640	0.5878	0.5954	0.6231	0.6180	0.6015	0.6218	0.6076	0.6324	0.5971	0.5952	0.5802	0.6009	0.5831	0.5870	0.5285	0.5831	0.5641	0.5747	0.5411	0.5162	0.5144	0.5051	0.4666	0.4700	0.4861	0.4717	0.4423	0.4129	0.3689	0.3593	0.3439	0.3153	0.3075	0.3021
0.1342	0.1443	0.1721	0.1894	0.2103	0.2484	0.2856	0.2857	0.3157	0.3163	0.3563	0.3620	0.3783	0.3937	0.4192	0.4358	0.4609	0.5044	0.5121	0.4875	0.5170	0.4871	0.4972	0.5168	0.5140	0.4898	0.5224	0.5429	0.5729	0.5760	0.5845	0.6073	0.6222	0.6077	0.5799	0.5990	0.6129	0.6201	0.6190	0.5983	0.6064	0.6001	0.6118	0.5891	0.5683	0.5636	0.5784	0.5762	0.5949	0.5701	0.5676	0.5337	0.5248	0.5348	0.5158	0.4920	0.4869	0.4682	0.4464	0.4541	0.4230	0.4161	0.4046	0.3718	0.3732	0.3601	0.3447	0.2919	0.2799
0.1607	0.1497	0.1717	0.1860	0.2087	0.2561	0.2801	0.2944	0.3143	0.3022	0.3336	0.3568	0.3831	0.4103	0.4005	0.4349	0.4526	0.4918	0.5105	0.5179	0.5024	0.4942	0.4900	0.5056	0.4926	0.4897	0.4992	0.5520	0.5820	0.5919	0.6100	0.5889	0.6331	0.6217	0.6083	0.5928	0.6204	0.6128	0.5922	0.5862	0.6169	0.6077	0.5797	0.6016	0.5702	0.5543	0.5902	0.6008	0.5710	0.5720	0.5532	0.5396	0.5209	0.5336	0.5124	0.5032	0.4662	0.4639	0.4588	0.4579	0.4364	0.4097	0.4051	0.3712	0.3656	0.3496	0.3358	0.3333	0.3266
0.1550	0.1752	0.1747	0.1693	0.1975	0.2456	0.2881	0.3032	0.3317	0.3218	0.3325	0.3647	0.3904	0.3846	0.4111	0.4584	0.4867	0.4958	0.4874	0.4721	0.5083	0.5388	0.5002	0.5050	0.5213	0.5410	0.4928	0.5457	0.5940	0.6164	0.6198	0.6265	0.6580	0.6362	0.6170	0.6396	0.6306	0.5770	0.5846	0.6111	0.5799	0.6015	0.5775	0.6036	0.5882	0.5507	0.5782	0.5957	0.5785	0.5875	0.5597	0.5728	0.5832	0.5265	0.4782	0.4798	0.4869	0.4785	0.4538	0.4612	0.4285	0.4185	0.4117	0.3802	0.3668	0.3238	0.3291	0.3178	0.2876
0.1381	0.1530	0.1674	0.1804	0.1911	0.2186	0.2709	0.2731	0.3138	0.3146	0.3346	0.3465	0.3916	0.3783	0.4309	0.4703	0.4914	0.5034	0.5042	0.5150	0.5394	0.5517	0.5366	0.5434	0.5691	0.5768	0.5420	0.5817	0.6078	0.6412	0.6728	0.6885	0.7168	0.6693	0.6552	0.6439	0.5927	0.5854	0.6075	0.5966	0.5726	0.5680	0.6003	0.5617	0.5669	0.5674	0.5653	0.6303	0.5882	0.5880	0.5891	0.5485	0.5304	0.5423	0.5289	0.5200	0.4597	0.4789	0.4514	0.4444	0.4351	0.4375	0.4325	0.4237	0.3854	0.3319	0.3486	0.3419	0.3273
0.1366	0.1516	0.1670	0.1741	0.1986	0.2130	0.2575	0.2951	0.3131	0.3286	0.3335	0.3609	0.3979	0.4015	0.4341	0.4849	0.5085	0.5256	0.5156	0.5428	0.5602	0.5714	0.5725	0.5926	0.5932	0.5897	0.6013	0.5965	0.6308	0.6476	0.6976	0.6982	0.7467	0.7166	0.7418	0.7133	0.7083	0.6735	0.6561	0.6176	0.6164	0.6091	0.5899	0.5883	0.5783	0.5592	0.6048	0.6259	0.6271	0.6150	0.5934	0.5305	0.5494	0.5578	0.5556	0.5094	0.5028	0.5111	0.4338	0.4453	0.4199	0.4445	0.4282	0.3843	0.3544	0.3412	0.3493	0.3345	0.3177
0.1331	0.1435	0.1699	0.1692	0.1824	0.2043	0.2584	0.3080	0.3382	0.3510	0.3342	0.3712	0.3989	0.4333	0.4518	0.5324	0.5331	0.5474	0.5319	0.5668	0.5777	0.5481	0.5771	0.5718	0.5717	0.5861	0.5811	0.6228	0.6308	0.6786	0.7270	0.7451	0.8096	0.7907	0.8046	0.7824	0.7660	0.7646	0.7625	0.7169	0.6836	0.6713	0.6866	0.6530	0.5745	0.5925	0.6613	0.6426	0.6636	0.6592	0.6127	0.5469	0.5357	0.4918	0.5409	0.5115	0.4858	0.4876	0.4684	0.4736	0.4686	0.4402	0.4204	0.4301	0.3707	0.3802	0.4126	0.3471	0.3285
0.1248	0.1611	0.1828	0.1816	0.1934	0.2107	0.2638	0.3052	0.3005	0.3071	0.3527	0.3507	0.3996	0.4442	0.4995	0.5378	0.5560	0.5621	0.5422	0.5772	0.5733	0.5802	0.5677	0.6138	0.6156	0.5842	0.5897	0.6336	0.6284	0.6633	0.6949	0.7197	0.7670	0.8099	0.8952	0.8606	0.8259	0.8275	0.8501	0.8141	0.7887	0.7659	0.7538	0.7127	0.6515	0.6654	0.6521	0.6703	0.6444	0.6648	0.6049	0.5623	0.5397	0.5367	0.5415	0.5242	0.5022	0.4780	0.4700	0.4870	0.4406	0.4104	0.4305	0.4162	0.4281	0.3791	0.4011	0.3627	0.3346
0.1194	0.1575	0.1691	0.1917	0.2157	0.2640	0.2938	0.3056	0.3127	0.3171	0.3693	0.3919	0.4048	0.4767	0.4933	0.5246	0.5475	0.5713	0.5860	0.6077	0.5974	0.5909	0.5778	0.5724	0.6042	0.6105	0.6261	0.6444	0.6402	0.6608	0.6831	0.6829	0.7947	0.8780	0.9123	0.8990	0.8706	0.8895	0.8441	0.7994	0.8509	0.8459	0.8554	0.7928	0.7517	0.7340	0.7641	0.7527	0.7076	0.6667	0.6384	0.5677	0.5239	0.5257	0.5242	0.5284	0.4903	0.4801	0.4654	0.4691	0.4515	0.4467	0.4595	0.4594	0.4377	0.3943	0.4034	0.3875	0.3524
0.1303	0.1644	0.1850	0.1958	0.2595	0.2927	0.2906	0.2846	0.3174	0.3518	0.3578	0.4204	0.4434	0.4739	0.5063	0.5566	0.5640	0.6263	0.6405	0.6216	0.6110	0.6085	0.5711	0.5860	0.5697	0.6113	0.6091	0.6558	0.6787	0.6918	0.7215	0.7652	0.8255	0.9100	0.8866	0.7948	0.7148	0.8752	0.8391	0.6757	0.6576	0.8715	0.9019	0.8767	0.8383	0.7620	0.7987	0.7784	0.7927	0.7277	0.6472	0.5903	0.5446	0.5216	0.4982	0.5211	0.5030	0.4914	0.4750	0.4520	0.4656	0.4642	0.4615	0.4442	0.4029	0.4093	0.4179	0.3863	0.3754
0.1573	0.2128	0.2129	0.2275	0.2585	0.2775	0.2923	0.3028	0.3400	0.3367	0.3525	0.4404	0.4681	0.4552	0.5080	0.5436	0.6037	0.6573	0.6455	0.6299	0.6161	0.6228	0.6034	0.5897	0.5992	0.6171	0.6409	0.6699	0.6966	0.6904	0.7617	0.7787	0.8187	0.8711	0.9110	0.6750	0.4897	0.6811	0.8199	0.6502	0.4677	0.6742	0.9051	0.9056	0.9107	0.8284	0.8371	0.8235	0.7989	0.7553	0.7051	0.6438	0.5852	0.5639	0.5396	0.5428	0.5321	0.5170	0.5157	0.4782	0.4905	0.4794	0.4834	0.4538	0.4363	0.4114	0.4367	0.3895	0.4068
0.1455	0.2599	0.3040	0.3454	0.3518	0.3400	0.3252	0.3536	0.3464	0.3462	0.3577	0.4086	0.4751	0.4816	0.5094	0.5451	0.6164	0.6139	0.5729	0.5968	0.5488	0.6059	0.6108	0.6036	0.6439	0.6286	0.6593	0.6777	0.6716	0.6914	0.7632	0.7923	0.8301	0.8371	0.8671	0.5309	0.3393	0.4038	0.5138	0.4584	0.4001	0.5378	0.8121	0.8746	0.9163	0.8768	0.8844	0.8594	0.8156	0.8043	0.7449	0.7143	0.6570	0.6235	0.5831	0.5765	0.5404	0.5112	0.5264	0.5315	0.5143	0.5111	0.5199	0.4949	0.4781	0.4429	0.4204	0.4251	0.4041
0.1104	0.2205	0.3342	0.4387	0.4581	0.4675	0.4845	0.4461	0.4252	0.4386	0.3964	0.4191	0.4561	0.4567	0.4906	0.5510	0.5961	0.5773	0.5633	0.5792	0.5587	0.6081	0.5969	0.6145	0.6231	0.6267	0.6422	0.6514	0.6578	0.7148	0.7616	0.7637	0.8342	0.8731	0.7421	0.3439	0.2618	0.2694	0.2964	0.2897	0.3081	0.3782	0.5205	0.6046	0.8176	0.8882	0.8872	0.8647	0.8117	0.8423	0.8099	0.7781	0.7278	0.7035	0.6590	0.6249	0.5739	0.5543	0.5970	0.5630	0.5489	0.5507	0.5498	0.5017	0.4932	0.4586	0.4524	0.4306	0.4078
0.0699	0.1013	0.1567	0.2580	0.3717	0.4662	0.5616	0.5735	0.5772	0.5561	0.5510	0.5029	0.5312	0.5406	0.5596	0.5794	0.6180	0.5989	0.6333	0.6559	0.6649	0.6585	0.6498	0.6235	0.6528	0.6279	0.6349	0.6647	0.7106	0.7518	0.8065	0.8054	0.8607	0.6525	0.3694	0.2441	0.2269	0.2284	0.2253	0.2401	0.2725	0.2804	0.3234	0.3492	0.4502	0.5459	0.6178	0.5765	0.5290	0.5722	0.6737	0.7838	0.7570	0.7205	0.6810	0.6684	0.6520	0.6212	0.6122	0.5994	0.5912	0.5687	0.5453	0.5366	0.5250	0.4926	0.4734	0.4442	0.4271
0.0235	0.0563	0.0809	0.0954	0.1279	0.1983	0.2804	0.4259	0.5385	0.5342	0.6647	0.6155	0.6319	0.6272	0.6794	0.6639	0.6779	0.6930	0.7054	0.7139	0.7520	0.7465	0.7076	0.6614	0.7084	0.6827	0.6777	0.7286	0.7610	0.7858	0.7980	0.8276	0.7587	0.3702	0.2132	0.2321	0.2111	0.2298	0.2190	0.2260	0.2465	0.2408	0.2628	0.2727	0.2933	0.3060	0.3517	0.3560	0.3470	0.3639	0.5148	0.7746	0.7845	0.7396	0.6764	0.6958	0.6655	0.6368	0.6242	0.6464	0.6266	0.5731	0.5694	0.5635	0.5378	0.5557	0.5152	0.4541	0.4286
0.0218	0.0389	0.0532	0.0642	0.0826	0.1174	0.1100	0.1247	0.1690	0.2722	0.3616	0.4004	0.4526	0.4210	0.4167	0.4669	0.5493	0.6812	0.7525	0.7416	0.7475	0.7345	0.7260	0.7328	0.7300	0.6513	0.5568	0.5800	0.6595	0.7693	0.7150	0.5971	0.4447	0.2347	0.1997	0.1945	0.1920	0.2066	0.1986	0.2112	0.2316	0.2285	0.2376	0.2466	0.2599	0.2690	0.2955	0.3202	0.3387	0.3628	0.4265	0.6707	0.7828	0.7558	0.7133	0.7286	0.7306	0.6843	0.6614	0.6686	0.6348	0.6000	0.6035	0.5749	0.5487	0.5281	0.4901	0.4893	0.5002
0.0120	0.0191	0.0352	0.0476	0.0704	0.0808	0.0624	0.0869	0.0972	0.1116	0.1533	0.1572	0.1632	0.1607	0.1674	0.1834	0.2198	0.2721	0.3433	0.4225	0.4641	0.4775	0.4578	0.4232	0.3152	0.2759	0.2251	0.2376	0.2941	0.3844	0.3333	0.2374	0.2034	0.1830	0.1807	0.1778	0.1825	0.1809	0.1824	0.1887	0.2032	0.2207	0.2184	0.2201	0.2490	0.2577	0.2646	0.2919	0.3193	0.3336	0.3684	0.5596	0.7709	0.7756	0.7441	0.7545	0.7875	0.7184	0.6583	0.6600	0.6403	0.6114	0.6222	0.5683	0.5195	0.3996	0.3413	0.3684	0.4270
0.0086	0.0244	0.0213	0.0382	0.0455	0.0525	0.0614	0.0587	0.0684	0.0850	0.0951	0.0960	0.0968	0.0992	0.1129	0.1210	0.1224	0.1071	0.1244	0.1330	0.1385	0.1578	0.1437	0.1573	0.1509	0.1281	0.1446	0.1454	0.1649	0.1569	0.1588	0.1670	0.1563	0.1591	0.1652	0.1519	0.1551	0.1662	0.1706	0.1768	0.1662	0.1829	0.2026	0.2050	0.2145	0.2175	0.2258	0.2479	0.2705	0.3026	0.3472	0.4002	0.6490	0.7753	0.7901	0.7708	0.7113	0.6954	0.6793	0.6515	0.6422	0.6186	0.6221	0.4988	0.3861	0.3182	0.3303	0.3771	0.3134
0.0090	0.0161	0.0242	0.0258	0.0318	0.0477	0.0607	0.0488	0.0639	0.0647	0.0750	0.0687	0.0716	0.0747	0.0793	0.0832	0.0905	0.0973	0.0998	0.1114	0.1010	0.1013	0.1069	0.1055	0.1068	0.1008	0.1121	0.1191	0.1213	0.1220	0.1207	0.1148	0.1264	0.1165	0.1303	0.1245	0.1185	0.1291	0.1287	0.1272	0.1346	0.1480	0.1579	0.1663	0.1754	0.1764	0.1865	0.1988	0.1995	0.2210	0.2635	0.2875	0.3854	0.5039	0.6813	0.7873	0.7418	0.7100	0.6972	0.7076	0.7000	0.6555	0.6477	0.5366	0.3955	0.3544	0.4185	0.4534	0.3283
0.0093	0.0322	0.0303	0.0331	0.0294	0.0489	0.0529	0.0489	0.0488	0.0563	0.0631	0.0666	0.0673	0.0652	0.0685	0.0765	0.0823	0.0822	0.0913	0.0963	0.0946	0.0863	0.0866	0.0914	0.0902	0.0997	0.0951	0.0998	0.1069	0.0975	0.1006	0.0935	0.0999	0.0911	0.1019	0.0949	0.0967	0.0967	0.0913	0.1001	0.1076	0.1186	0.1246	0.1295	0.1372	0.1378	0.1445	0.1554	0.1644	0.1803	0.2102	0.2338	0.2742	0.3007	0.4132	0.6089	0.7521	0.7568	0.6978	0.6909	0.7010	0.6495	0.6247	0.5985	0.5517	0.5084	0.5282	0.4954	0.3469
0.0057	0.0135	0.0217	0.0200	0.0210	0.0237	0.0487	0.0511	0.0447	0.0532	0.0544	0.0600	0.0608	0.0611	0.0589	0.0710	0.0839	0.0796	0.0725	0.0738	0.0797	0.0854	0.0825	0.0828	0.0819	0.0798	0.0716	0.0867	0.0900	0.0933	0.0827	0.0831	0.0881	0.0754	0.0864	0.0932	0.0929	0.0850	0.0838	0.0800	0.0851	0.0923	0.0928	0.0986	0.1086	0.1116	0.1234	0.1405	0.1436	0.1583	0.1875	0.2024	0.2457	0.2905	0.3754	0.6518	0.8210	0.7516	0.7028	0.7071	0.7442	0.6897	0.6397	0.5770	0.5295	0.5323	0.5056	0.4369	0.2574
0.0000	0.0024	0.0156	0.0134	0.0295	0.0249	0.0302	0.0472	0.0392	0.0371	0.0477	0.0486	0.0556	0.0520	0.0579	0.0662	0.0661	0.0644	0.0622	0.0658	0.0722	0.0634	0.0678	0.0749	0.0714	0.0748	0.0710	0.0703	0.0706	0.0724	0.0671	0.0743	0.0725	0.0647	0.0675	0.0662	0.0706	0.0681	0.0757	0.0731	0.0684	0.0689	0.0764	0.0811	0.0819	0.0866	0.0983	0.1065	0.1050	0.1159	0.1359	0.1612	0.1876	0.2305	0.3816	0.7616	0.8051	0.7470	0.7077	0.7044	0.6742	0.6206	0.5396	0.5254	0.4827	0.4075	0.3245	0.2338	0.1850
0.0000	0.0046	0.0223	0.0140	0.0124	0.0280	0.0181	0.0311	0.0333	0.0387	0.0453	0.0443	0.0486	0.0539	0.0485	0.0607	0.0615	0.0588	0.0553	0.0595	0.0690	0.0649	0.0651	0.0679	0.0712	0.0694	0.0642	0.0664	0.0694	0.0723	0.0639	0.0609	0.0636	0.0614	0.0650	0.0615	0.0630	0.0622	0.0665	0.0697	0.0725	0.0682	0.0721	0.0668	0.0784	0.0770	0.0799	0.0768	0.0745	0.0829	0.0912	0.0980	0.1125	0.1290	0.1898	0.4063	0.5431	0.4552	0.3780	0.4259	0.4457	0.3248	0.2591	0.3828	0.3701	0.2312	0.1783	0.1567	0.1452
0.0000	0.0105	0.0297	0.0089	0.0110	0.0239	0.0229	0.0281	0.0297	0.0292	0.0314	0.0392	0.0400	0.0394	0.0465	0.0458	0.0516	0.0631	0.0441	0.0564	0.0702	0.0612	0.0608	0.0591	0.0625	0.0621	0.0632	0.0553	0.0622	0.0602	0.0526	0.0570	0.0642	0.0642	0.0613	0.0574	0.0664	0.0564	0.0563	0.0590	0.0704	0.0688	0.0595	0.0672	0.0618	0.0641	0.0683	0.0699	0.0651	0.0719	0.0778	0.0793	0.0779	0.0787	0.0966	0.1155	0.1510	0.1338	0.1414	0.1497	0.1537	0.1421	0.1283	0.1522	0.1724	0.1522	0.1345	0.1308	0.1189
0.0000	0.0000	0.0056	0.0037	0.0134	0.0176	0.0186	0.0316	0.0316	0.0264	0.0317	0.0319	0.0234	0.0424	0.0511	0.0448	0.0574	0.0562	0.0437	0.0550	0.0602	0.0639	0.0544	0.0539	0.0638	0.0597	0.0521	0.0495	0.0554	0.0556	0.0519	0.0503	0.0483	0.0594	0.0534	0.0557	0.0540	0.0595	0.0607	0.0542	0.0555	0.0561	0.0588	0.0564	0.0548	0.0586	0.0586	0.0685	0.0647	0.0621	0.0665	0.0656	0.0730	0.0759	0.0766	0.0789	0.0951	0.0913	0.0884	0.0913	0.0953	0.0996	0.1096	0.1009	0.1140	0.1078	0.0906	0.1030	0.0969
0.0000	0.0000	0.0000	0.0000	0.0052	0.0149	0.0109	0.0295	0.0239	0.0148	0.0182	0.0285	0.0357	0.0311	0.0388	0.0423	0.0442	0.0393	0.0385	0.0443	0.0485	0.0501	0.0461	0.0486	0.0576	0.0543	0.0464	0.0488	0.0508	0.0530	0.0581	0.0484	0.0469	0.0475	0.0443	0.0540	0.0523	0.0525	0.0496	0.0488	0.0419	0.0496	0.0555	0.0508	0.0523	0.0517	0.0538	0.0586	0.0606	0.0576	0.0627	0.0626	0.0677	0.0676	0.0695	0.0730	0.0814	0.0860	0.0808	0.0790	0.0774	0.0852	0.0838	0.0844	0.0844	0.0770	0.0682	0.0815	0.0712
0.0000	0.0000	0.0000	0.0000	0.0110	0.0163	0.0122	0.0057	0.0115	0.0139	0.0197	0.0226	0.0184	0.0211	0.0260	0.0438	0.0322	0.0293	0.0384	0.0488	0.0481	0.0342	0.0446	0.0454	0.0460	0.0453	0.0427	0.0359	0.0468	0.0447	0.0528	0.0424	0.0461	0.0480	0.0403	0.0436	0.0369	0.0508	0.0439	0.0408	0.0417	0.0488	0.0528	0.0503	0.0460	0.0465	0.0548	0.0583	0.0594	0.0594	0.0610	0.0621	0.0597	0.0584	0.0764	0.0719	0.0710	0.0805	0.0750	0.0721	0.0771	0.0646	0.0631	0.0758	0.0746	0.0692	0.0708	0.0806	0.0618
0.0000	0.0000	0.0000	0.0000	0.0000	0.0056	0.0231	0.0105	0.0029	0.0089	0.0171	0.0254	0.0301	0.0269	0.0273	0.0357	0.0312	0.0379	0.0363	0.0422	0.0412	0.0346	0.0437	0.0475	0.0381	0.0378	0.0423	0.0457	0.0443	0.0449	0.0534	0.0462	0.0471	0.0469	0.0466	0.0411	0.0420	0.0504	0.0451	0.0454	0.0463	0.0489	0.0437	0.0465	0.0426	0.0496	0.0484	0.0530	0.0519	0.0523	0.0575	0.0563	0.0581	0.0636	0.0687	0.0695	0.0618	0.0608	0.0660	0.0622	0.0637	0.0549	0.0656	0.0669	0.0585	0.0575	0.0641	0.0664	0.0566
0.0000	0.0000	0.0000	0.0005	0.0000	0.0016	0.0108	0.0123	0.0056	0.0076	0.0177	0.0250	0.0293	0.0226	0.0156	0.0287	0.0411	0.0325	0.0327	0.0377	0.0436	0.0330	0.0278	0.0371	0.0340	0.0340	0.0422	0.0369	0.0373	0.0403	0.0362	0.0348	0.0394	0.0405	0.0388	0.0383	0.0404	0.0507	0.0401	0.0388	0.0397	0.0453	0.0427	0.0419	0.0412	0.0470	0.0490	0.0487	0.0459	0.0502	0.0494	0.0506	0.0605	0.0593	0.0616	0.0610	0.0624	0.0545	0.0618	0.0596	0.0518	0.0515	0.0566	0.0590	0.0554	0.0436	0.0494	0.0494	0.0409
0.0000	0.0000	0.0000	0.0000	0.0000	0.0000	0.0011	0.0070	0.0171	0.0248	0.0212	0.0200	0.0160	0.0188	0.0197	0.0427	0.0319	0.0198	0.0325	0.0287	0.0333	0.0285	0.0316	0.0325	0.0361	0.0273	0.0308	0.0383	0.0366	0.0374	0.0360	0.0332	0.0404	0.0437	0.0337	0.0344	0.0319	0.0381	0.0382	0.0397	0.0432	0.0441	0.0484	0.0393	0.0435	0.0451	0.0425	0.0417	0.0485	0.0426	0.0454	0.0415	0.0488	0.0543	0.0553	0.0621	0.0563	0.0524	0.0463	0.0539	0.0546	0.0486	0.0522	0.0539	0.0535	0.0417	0.0433	0.0477	0.0391
0.0000	0.0000	0.0000	0.0000	0.0028	0.0000	0.0050	0.0101	0.0130	0.0239	0.0296	0.0181	0.0135	0.0137	0.0167	0.0327	0.0201	0.0176	0.0322	0.0218	0.0314	0.0309	0.0201	0.0327	0.0368	0.0434	0.0317	0.0336	0.0345	0.0357	0.0362	0.0298	0.0284	0.0422	0.0424	0.0308	0.0357	0.0400	0.0374	0.0415	0.0309	0.0335	0.0397	0.0441	0.0453	0.0478	0.0449	0.0478	0.0489	0.0493	0.0521	0.0435	0.0506	0.0451	0.0552	0.0664	0.0543	0.0625	0.0639	0.0625	0.0586	0.0588	0.0567	0.0580	0.0516	0.0531	0.0479	0.0470	0.0463
