0.0000	0.0000	0.0174	0.0132	0.0100	0.0000	0.0000	0.0167	0.0143	0.0189	0.0070	0.0209	0.0263	0.0247	0.0267	0.0451	0.0507	0.0537	0.0403	0.0476	0.0462	0.0370	0.0443	0.0586	0.0629	0.0739	0.0692	0.0598	0.0776	0.1111	0.0826	0.0883	0.1052	0.1019	0.0901	0.0892	0.0978	0.0843	0.0832	0.0770	0.0800	0.0902	0.0974	0.0956	0.0746	0.0678	0.0850	0.0903	0.0826	0.0888	0.0908	0.0828	0.0677	0.0593	0.0663	0.0710	0.0651	0.0650	0.0788	0.0635	0.0643	0.0561	0.0488	0.0386	0.0383	0.0407	0.0422	0.0420	0.0454
0.0000	0.0000	0.0048	0.0276	0.0064	0.0077	0.0013	0.0073	0.0260	0.0218	0.0224	0.0309	0.0347	0.0313	0.0339	0.0455	0.0404	0.0489	0.0495	0.0480	0.0744	0.0607	0.0605	0.0858	0.0951	0.0790	0.0811	0.0849	0.0890	0.0900	0.0921	0.0884	0.0902	0.1106	0.1010	0.1041	0.1001	0.0846	0.0947	0.1099	0.1068	0.0970	0.1062	0.1064	0.1013	0.0821	0.0768	0.1027	0.0988	0.0863	0.0950	0.0806	0.0632	0.0710	0.0701	0.0840	0.0832	0.0730	0.0735	0.0768	0.0687	0.0642	0.0529	0.0616	0.0470	0.0495	0.0591	0.0534	0.0494
0.0000	0.0000	0.0044	0.0229	0.0241	0.0000	0.0000	0.0192	0.0265	0.0131	0.0374	0.0416	0.0407	0.0367	0.0414	0.0498	0.0480	0.0451	0.0563	0.0594	0.0638	0.0696	0.0715	0.0722	0.0963	0.0896	0.0968	0.0756	0.0865	0.1075	0.1125	0.1004	0.1173	0.1268	0.1293	0.1000	0.1061	0.1045	0.1093	0.1231	0.1325	0.1120	0.1074	0.1156	0.1006	0.1055	0.0988	0.1022	0.0992	0.0904	0.0991	0.0981	0.0963	0.0923	0.0895	0.0822	0.0943	0.0798	0.0740	0.0812	0.0848	0.0733	0.0789	0.0661	0.0673	0.0628	0.0640	0.0697	0.0685
0.0000	0.0048	0.0114	0.0134	0.0163	0.0000	0.0114	0.0165	0.0170	0.0268	0.0375	0.0558	0.0494	0.0329	0.0425	0.0483	0.0536	0.0622	0.0487	0.0756	0.0734	0.0685	0.0805	0.0806	0.0886	0.0955	0.0979	0.0906	0.0892	0.0968	0.1011	0.0932	0.0995	0.1105	0.1171	0.1139	0.1118	0.1070	0.1275	0.1141	0.1240	0.1063	0.1237	0.1107	0.0903	0.1040	0.1021	0.1083	0.0889	0.0928	0.1121	0.1078	0.0899	0.0920	0.1116	0.0934	0.0830	0.0929	0.0890	0.0818	0.0908	0.0839	0.0896	0.0802	0.0798	0.0674	0.0654	0.0651	0.0794
0.0000	0.0024	0.0072	0.0167	0.0305	0.0134	0.0120	0.0140	0.0128	0.0254	0.0237	0.0435	0.0462	0.0311	0.0399	0.0450	0.0676	0.0579	0.0595	0.0764	0.0653	0.0757	0.0789	0.0971	0.1005	0.0966	0.1036	0.0840	0.1074	0.1003	0.0933	0.0926	0.1294	0.1303	0.1035	0.1062	0.1341	0.1095	0.1247	0.1106	0.1156	0.1100	0.1115	0.1046	0.1071	0.1120	0.1145	0.1064	0.0993	0.1152	0.1177	0.1026	0.0882	0.0936	0.1038	0.1095	0.0943	0.0909	0.1022	0.0908	0.0869	0.0893	0.0880	0.0932	0.0880	0.0728	0.0822	0.0892	0.0795
0.0000	0.0004	0.0127	0.0183	0.0174	0.0087	0.0115	0.0249	0.0149	0.0253	0.0377	0.0478	0.0492	0.0540	0.0359	0.0541	0.0620	0.0658	0.0686	0.0784	0.0712	0.0795	0.0807	0.0756	0.1018	0.0985	0.1025	0.1014	0.1073	0.1141	0.1233	0.1027	0.1121	0.1350	0.1277	0.1182	0.1206	0.1291	0.1041	0.1019	0.1205	0.1294	0.1108	0.1052	0.1221	0.1215	0.1216	0.1327	0.1161	0.1160	0.1225	0.1103	0.1110	0.1148	0.1096	0.1309	0.1118	0.1075	0.1053	0.1084	0.1184	0.1077	0.1094	0.1164	0.1151	0.0923	0.0738	0.0998	0.0909
0.0000	0.0152	0.0240	0.0258	0.0193	0.0227	0.0337	0.0471	0.0393	0.0414	0.0621	0.0708	0.0480	0.0462	0.0542	0.0785	0.0754	0.0657	0.0661	0.0725	0.0900	0.0923	0.0787	0.0780	0.1106	0.1142	0.0958	0.1027	0.1113	0.1240	0.1080	0.1258	0.1258	0.1337	0.1381	0.1339	0.1173	0.1198	0.1117	0.1281	0.1242	0.1441	0.1356	0.1318	0.1226	0.1218	0.1313	0.1340	0.1342	0.1251	0.1448	0.1455	0.1429	0.1310	0.1321	0.1460	0.1357	0.1182	0.1303	0.1275	0.1296	0.1316	0.1137	0.1119	0.1245	0.1064	0.1051	0.1166	0.1054
0.0170	0.0303	0.0233	0.0172	0.0148	0.0156	0.0359	0.0497	0.0597	0.0529	0.0534	0.0666	0.0594	0.0493	0.0584	0.0672	0.0690	0.0782	0.0769	0.0680	0.0915	0.1090	0.0980	0.0925	0.1074	0.1143	0.0959	0.1037	0.1323	0.1314	0.1175	0.1269	0.1420	0.1338	0.1532	0.1285	0.1409	0.1526	0.1525	0.1605	0.1620	0.1523	0.1633	0.1391	0.1275	0.1376	0.1596	0.1586	0.1475	0.1388	0.1434	0.1473	0.1340	0.1264	0.1313	0.1429	0.1399	0.1456	0.1602	0.1424	0.1411	0.1460	0.1467	0.1314	0.1451	0.1261	0.1335	0.1257	0.1330
0.0159	0.0003	0.0138	0.0375	0.0231	0.0285	0.0384	0.0566	0.0634	0.0519	0.0603	0.0580	0.0692	0.0800	0.0576	0.0713	0.0682	0.0678	0.0859	0.1107	0.0993	0.1071	0.1105	0.0996	0.1189	0.1123	0.1270	0.1153	0.1311	0.1294	0.1443	0.1423	0.1606	0.1537	0.1648	0.1539	0.1561	0.1623	0.1749	0.1663	0.1689	0.1624	0.1679	0.1490	0.1528	0.1620	0.1619	0.1772	0.1731	0.1867	0.1749	0.1520	0.1636	0.1799	0.1523	0.1878	0.1776	0.1753	0.1837	0.1659	0.1740	0.1569	0.1558	0.1567	0.1575	0.1354	0.1423	0.1546	0.1528
0.0111	0.0196	0.0254	0.0353	0.0309	0.0400	0.0378	0.0500	0.0570	0.0595	0.0548	0.0711	0.0729	0.0817	0.0808	0.0887	0.0976	0.0928	0.0983	0.1039	0.1099	0.1075	0.1085	0.1239	0.1282	0.1342	0.1549	0.1346	0.1314	0.1418	0.1608	0.1557	0.1632	0.2037	0.2092	0.1975	0.1874	0.1900	0.2024	0.2234	0.2321	0.2205	0.2476	0.1992	0.1977	0.2146	0.2033	0.1942	0.1908	0.1783	0.1855	0.1954	0.1987	0.1843	0.1928	0.2115	0.1998	0.2148	0.2227	0.1982	0.2055	0.1970	0.1994	0.1902	0.1697	0.1665	0.1573	0.1835	0.1793
0.0047	0.0113	0.0211	0.0245	0.0308	0.0405	0.0394	0.0583	0.0598	0.0572	0.0653	0.0745	0.0777	0.0711	0.0709	0.0889	0.0942	0.0917	0.0945	0.1052	0.1273	0.1168	0.1242	0.1240	0.1366	0.1611	0.1562	0.1510	0.1562	0.1801	0.1834	0.2042	0.2182	0.2446	0.2499	0.2178	0.2472	0.2345	0.2476	0.2975	0.3855	0.4978	0.4977	0.3127	0.2854	0.3114	0.2855	0.2518	0.2244	0.2143	0.2269	0.2421	0.2176	0.2238	0.2303	0.2394	0.2805	0.3059	0.3544	0.3295	0.2537	0.1906	0.2070	0.2100	0.2159	0.1779	0.1694	0.2025	0.1910
0.0113	0.0217	0.0366	0.0452	0.0238	0.0323	0.0446	0.0667	0.0721	0.0725	0.0655	0.0720	0.0824	0.0823	0.0793	0.1115	0.0974	0.1212	0.1238	0.1171	0.1366	0.1209	0.1332	0.1582	0.1728	0.1632	0.1737	0.1689	0.2140	0.2276	0.2374	0.3044	0.3745	0.4533	0.5451	0.4217	0.3736	0.3673	0.4482	0.6447	0.7126	0.7016	0.6412	0.4873	0.5662	0.5720	0.4573	0.3069	0.2649	0.3007	0.2732	0.2712	0.2739	0.3001	0.3074	0.3465	0.4485	0.5937	0.6138	0.5410	0.4491	0.2589	0.2307	0.2493	0.2210	0.1960	0.1914	0.2162	0.1959
0.0201	0.0175	0.0421	0.0400	0.0506	0.0374	0.0547	0.0601	0.0718	0.0706	0.0775	0.0858	0.0929	0.0916	0.1026	0.1061	0.1263	0.1372	0.1329	0.1404	0.1613	0.1678	0.1686	0.1838	0.2051	0.2248	0.2342	0.2699	0.3251	0.3108	0.3756	0.5569	0.8216	0.9351	0.8861	0.7682	0.7326	0.6808	0.6935	0.8407	0.8022	0.7244	0.7158	0.6969	0.6658	0.6556	0.6238	0.4134	0.3624	0.3558	0.3367	0.3088	0.3232	0.3540	0.3731	0.4223	0.5962	0.6641	0.6466	0.5835	0.5380	0.4185	0.3163	0.2819	0.2582	0.2542	0.2454	0.2502	0.2439
0.0154	0.0137	0.0434	0.0430	0.0570	0.0483	0.0660	0.0710	0.0727	0.0844	0.0934	0.1049	0.1059	0.0988	0.1192	0.1114	0.1401	0.1488	0.1812	0.1762	0.1899	0.2018	0.2750	0.2877	0.3281	0.3887	0.4253	0.4852	0.4756	0.5571	0.6906	0.9025	1.0000	0.9674	0.9109	0.8232	0.8062	0.7424	0.7582	0.7500	0.7475	0.7221	0.7742	0.7161	0.6592	0.6787	0.6739	0.6208	0.5952	0.5430	0.4561	0.4123	0.4061	0.4098	0.4770	0.5188	0.5919	0.6812	0.6638	0.5695	0.5359	0.5013	0.3970	0.2984	0.2834	0.2682	0.2762	0.2555	0.2528
0.0112	0.0271	0.0557	0.0557	0.0491	0.0544	0.0653	0.0813	0.0970	0.0857	0.0947	0.1182	0.1267	0.1280	0.1404	0.1511	0.1992	0.2011	0.2232	0.2584	0.3182	0.3913	0.5361	0.6486	0.6371	0.7135	0.7318	0.7789	0.7768	0.8660	0.9016	0.8880	0.9317	0.8783	0.7945	0.7523	0.7731	0.7372	0.7420	0.7097	0.7212	0.7351	0.7272	0.7206	0.7071	0.6881	0.7281	0.7621	0.7903	0.7624	0.7043	0.6091	0.6109	0.6259	0.6824	0.6647	0.6642	0.6855	0.6589	0.6427	0.5712	0.5536	0.4724	0.3576	0.3238	0.2984	0.2828	0.2691	0.2709
0.0159	0.0282	0.0440	0.0768	0.0864	0.0851	0.0799	0.1060	0.1143	0.1200	0.1274	0.1615	0.1589	0.1680	0.1994	0.2245	0.2930	0.3046	0.3687	0.3933	0.4906	0.7132	0.8027	0.8964	0.8819	0.8413	0.8245	0.7591	0.8514	0.8153	0.7790	0.8251	0.8083	0.8098	0.7643	0.7612	0.7616	0.7367	0.6953	0.6986	0.7616	0.6954	0.7554	0.7724	0.7453	0.7529	0.7648	0.7802	0.7733	0.7807	0.8296	0.8425	0.7926	0.7867	0.7241	0.7333	0.6760	0.6763	0.6910	0.6639	0.6193	0.5850	0.5403	0.4900	0.3429	0.3257	0.3333	0.3097	0.3642
0.0384	0.0503	0.0556	0.0824	0.1140	0.1225	0.1372	0.1578	0.1539	0.1773	0.2114	0.2490	0.2634	0.2771	0.2984	0.3515	0.3732	0.4740	0.5920	0.6595	0.7270	0.8219	0.8052	0.8516	0.7859	0.6941	0.6651	0.6191	0.6286	0.6567	0.6525	0.7117	0.7441	0.7030	0.7182	0.7223	0.7414	0.7176	0.7142	0.6736	0.6800	0.6803	0.7297	0.7236	0.6811	0.6812	0.6985	0.7210	0.7188	0.7365	0.7592	0.8322	0.7660	0.7784	0.7369	0.7119	0.7107	0.6703	0.6733	0.6816	0.6378	0.6091	0.5526	0.5713	0.4184	0.4055	0.3843	0.3457	0.4111
0.0624	0.0758	0.1099	0.1538	0.1672	0.1980	0.2667	0.3441	0.3630	0.3367	0.4210	0.4528	0.4433	0.4339	0.4495	0.5258	0.5726	0.6897	0.8261	0.8290	0.8288	0.7585	0.7100	0.6823	0.6609	0.5712	0.5540	0.5600	0.5456	0.6210	0.6407	0.6344	0.6657	0.6857	0.6735	0.6393	0.6449	0.6499	0.6709	0.6730	0.6755	0.6288	0.7209	0.7201	0.6513	0.6245	0.6563	0.6770	0.7527	0.7183	0.6994	0.7645	0.7446	0.7389	0.6929	0.6758	0.6350	0.6349	0.6736	0.6338	0.6255	0.6625	0.6091	0.5757	0.4384	0.4640	0.4368	0.3898	0.4373
0.0918	0.1458	0.2289	0.3028	0.3649	0.4626	0.5168	0.5778	0.6123	0.6137	0.6605	0.6848	0.7196	0.6953	0.6905	0.7864	0.8279	0.8002	0.8232	0.7769	0.7117	0.6482	0.6328	0.5892	0.5474	0.5152	0.5604	0.5584	0.5478	0.6521	0.6563	0.6437	0.6496	0.6913	0.6696	0.6233	0.5797	0.5869	0.6121	0.6484	0.6173	0.6068	0.6504	0.6553	0.6554	0.6609	0.6495	0.6378	0.6817	0.7170	0.7043	0.7170	0.6737	0.6991	0.6949	0.6479	0.5790	0.5840	0.6015	0.6252	0.6172	0.6460	0.6222	0.5708	0.4745	0.4776	0.4584	0.4388	0.4733
0.1557	0.2894	0.4148	0.4508	0.4910	0.5506	0.5337	0.5424	0.5697	0.5582	0.5955	0.5812	0.6731	0.6560	0.6889	0.6967	0.7321	0.7480	0.6732	0.6308	0.5686	0.5312	0.5244	0.5555	0.5624	0.5544	0.5877	0.5861	0.6136	0.6538	0.6504	0.6400	0.6431	0.6913	0.6319	0.6397	0.5910	0.5915	0.5876	0.5789	0.6177	0.6306	0.5989	0.6495	0.6722	0.6251	0.6325	0.6368	0.6670	0.6607	0.6323	0.6424	0.6475	0.6738	0.6554	0.6279	0.6330	0.6049	0.5718	0.5758	0.5768	0.5997	0.6118	0.6239	0.4970	0.5181	0.5171	0.5178	0.4840
0.1815	0.2680	0.3122	0.3376	0.3515	0.3669	0.3932	0.4096	0.4305	0.4689	0.5111	0.5196	0.6059	0.5764	0.5700	0.5570	0.5868	0.6176	0.5537	0.5439	0.5404	0.5072	0.5329	0.5541	0.5734	0.6129	0.5907	0.6230	0.6499	0.6274	0.6611	0.6552	0.6454	0.6732	0.6732	0.6701	0.6443	0.6204	0.5728	0.5874	0.6267	0.6055	0.6138	0.6443	0.5949	0.6022	0.6590	0.6591	0.6448	0.6182	0.6344	0.6325	0.6081	0.6770	0.6445	0.6155	0.6261	0.5870	0.6049	0.5977	0.6126	0.6013	0.5869	0.5466	0.5618	0.5655	0.5231	0.4766	0.4624
0.1851	0.2186	0.2714	0.2507	0.2818	0.2990	0.3142	0.3531	0.3856	0.4263	0.4264	0.4509	0.4979	0.5002	0.4890	0.5073	0.5767	0.5489	0.5332	0.5351	0.5691	0.5450	0.5650	0.5412	0.5767	0.5954	0.6104	0.6169	0.6627	0.6290	0.6282	0.6507	0.6394	0.6255	0.6386	0.6541	0.6040	0.6013	0.5568	0.5819	0.6448	0.5973	0.5977	0.6064	0.6092	0.6127	0.6293	0.6277	0.5815	0.5983	0.6609	0.6275	0.6134	0.6260	0.6164	0.6388	0.6095	0.5909	0.5807	0.5608	0.6100	0.6053	0.5653	0.5439	0.5651	0.5367	0.5083	0.4980	0.4476
0.1308	0.1730	0.2178	0.2326	0.2367	0.2576	0.2959	0.3242	0.3240	0.3309	0.3394	0.3907	0.4397	0.4440	0.4444	0.5199	0.5912	0.5456	0.5170	0.4737	0.5446	0.5867	0.5840	0.5729	0.5585	0.5642	0.6165	0.6223	0.6482	0.6442	0.6258	0.6207	0.6756	0.6273	0.5868	0.5998	0.6077	0.6182	0.5724	0.5613	0.6189	0.5895	0.6118	0.6052	0.6387	0.6143	0.6295	0.5942	0.5847	0.5861	0.5933	0.6192	0.6187	0.5877	0.6432	0.6262	0.5979	0.6013	0.5794	0.6052	0.5885	0.5556	0.5405	0.5330	0.5145	0.4938	0.4689	0.4604	0.4238
0.1371	0.1724	0.1976	0.2416	0.2580	0.2512	0.3039	0.3017	0.3073	0.3057	0.3568	0.3791	0.3875	0.4258	0.4505	0.4763	0.5176	0.5140	0.5112	0.5462	0.5537	0.5794	0.5693	0.5621	0.6092	0.5892	0.5882	0.5929	0.6256	0.6396	0.6100	0.6301	0.6539	0.6414	0.6493	0.5989	0.5985	0.6086	0.5714	0.5760	0.5860	0.5987	0.6043	0.6143	0.6360	0.6113	0.6376	0.6032	0.5715	0.5761	0.5535	0.5689	0.6166	0.5927	0.5908	0.6172	0.6179	0.5969	0.6100	0.5638	0.5617	0.5598	0.5494	0.5138	0.4764	0.4684	0.4402	0.4593	0.4397
0.1508	0.2001	0.2098	0.2471	0.2699	0.2718	0.2871	0.3080	0.3092	0.3373	0.3851	0.3900	0.3961	0.4051	0.4355	0.4552	0.5093	0.5117	0.5285	0.5935	0.5327	0.5393	0.5442	0.5749	0.6079	0.6018	0.5920	0.5881	0.6473	0.6497	0.6414	0.6703	0.6583	0.6475	0.6462	0.6254	0.6537	0.6181	0.6162	0.6202	0.6137	0.6318	0.6288	0.5929	0.6044	0.5797	0.5838	0.5808	0.5778	0.5879	0.5710	0.5418	0.5679	0.5606	0.5753	0.5842	0.5879	0.5713	0.5769	0.5620	0.5524	0.5176	0.5234	0.4910	0.4796	0.4626	0.4414	0.4316	0.3776
0.1602	0.1949	0.2188	0.2316	0.2499	0.2759	0.2778	0.3091	0.3456	0.3614	0.3792	0.3888	0.4263	0.4433	0.4432	0.4609	0.5072	0.4850	0.4809	0.5206	0.5562	0.4995	0.5299	0.5620	0.5923	0.5599	0.5795	0.5987	0.6357	0.6294	0.6774	0.6495	0.6330	0.6248	0.6259	0.6282	0.6482	0.6140	0.6158	0.6199	0.6110	0.6243	0.5715	0.5850	0.6057	0.6011	0.6051	0.6123	0.6218	0.6033	0.6020	0.5624	0.5761	0.5761	0.5931	0.5828	0.5678	0.5807	0.5736	0.5508	0.5645	0.5230	0.5249	0.4697	0.4495	0.4641	0.4203	0.4031	0.3861
0.1740	0.1978	0.2440	0.2569	0.2657	0.3039	0.2953	0.3277	0.3435	0.3420	0.3623	0.3854	0.4266	0.4552	0.4646	0.4972	0.4883	0.4609	0.5458	0.5317	0.5514	0.5092	0.5373	0.5865	0.5742	0.5644	0.6067	0.6035	0.5707	0.6469	0.6342	0.6096	0.6431	0.6558	0.6355	0.6076	0.6135	0.6127	0.6525	0.6192	0.6161	0.5804	0.5851	0.6017	0.6030	0.5855	0.5665	0.5682	0.5943	0.5819	0.6083	0.5835	0.5744	0.5956	0.5848	0.5929	0.5491	0.5753	0.5629	0.5270	0.5103	0.5126	0.5210	0.4693	0.4454	0.4406	0.3986	0.4073	0.3960
0.1914	0.2318	0.2523	0.2425	0.2444	0.2816	0.2847	0.3329	0.3400	0.3563	0.3711	0.4018	0.4533	0.4427	0.4430	0.4852	0.4829	0.4804	0.4965	0.5461	0.5357	0.5324	0.5267	0.5373	0.5364	0.5618	0.5692	0.5971	0.5897	0.6358	0.6370	0.6326	0.5992	0.6161	0.5865	0.6011	0.5700	0.5976	0.6102	0.5885	0.6209	0.5955	0.6065	0.5695	0.5788	0.5427	0.6039	0.5945	0.5852	0.5488	0.6029	0.5963	0.6053	0.5831	0.5526	0.5657	0.5756	0.5463	0.5283	0.5375	0.5214	0.5513	0.4900	0.4738	0.4619	0.4396	0.4226	0.4241	0.3769
0.1893	0.2039	0.2215	0.2516	0.2591	0.2732	0.2727	0.3271	0.3297	0.3457	0.3879	0.3835	0.4194	0.4432	0.4534	0.4924	0.4852	0.5264	0.5316	0.5238	0.5557	0.5234	0.5284	0.5850	0.5967	0.5454	0.5713	0.6059	0.6588	0.6407	0.6163	0.6349	0.6593	0.5992	0.5833	0.5817	0.5969	0.6150	0.5828	0.5703	0.5935	0.5829	0.5927	0.5713	0.5737	0.5564	0.5887	0.5723	0.5871	0.5874	0.5692	0.5595	0.5696	0.5756	0.5647	0.5655	0.5563	0.5253	0.5243	0.5185	0.5177	0.5016	0.4636	0.4752	0.4841	0.4166	0.3955	0.4017	0.3633
0.1706	0.1873	0.2177	0.2398	0.2620	0.2544	0.2721	0.3242	0.3306	0.3499	0.3932	0.4285	0.4571	0.4598	0.4613	0.5087	0.5571	0.5644	0.5636	0.5517	0.5579	0.5490	0.5421	0.5878	0.5831	0.5540	0.5719	0.6078	0.6324	0.6351	0.5972	0.6033	0.6968	0.6311	0.5868	0.5939	0.6292	0.5994	0.5578	0.5671	0.5962	0.6013	0.5819	0.5776	0.5584	0.5295	0.5675	0.5897	0.5562	0.5593	0.5469	0.5515	0.5453	0.5480	0.5409	0.5481	0.5178	0.5200	0.4986	0.5035	0.5032	0.4740	0.4753	0.4725	0.4621	0.4126	0.3999	0.3948	0.3585
0.1550	0.1793	0.2076	0.2093	0.2285	0.2560	0.2885	0.3066	0.3678	0.4139	0.3766	0.4071	0.4470	0.4446	0.4758	0.5279	0.5792	0.5622	0.5215	0.5664	0.5562	0.5609	0.5344	0.5740	0.5630	0.5409	0.5437	0.5943	0.6034	0.5962	0.6306	0.6270	0.6461	0.6238	0.6312	0.6178	0.6103	0.5838	0.5834	0.5796	0.5462	0.6077	0.5790	0.5564	0.5500	0.5141	0.5295	0.5565	0.5571	0.5640	0.5627	0.5523	0.6055	0.5643	0.5382	0.5383	0.5414	0.5358	0.5353	0.5459	0.4783	0.4663	0.5011	0.4776	0.4469	0.3953	0.4016	0.3872	0.3538
0.1314	0.1557	0.1841	0.1896	0.2425	0.2456	0.2492	0.3183	0.3566	0.3849	0.3884	0.4033	0.4322	0.4354	0.5021	0.5432	0.5672	0.5733	0.5724	0.5674	0.5451	0.5447	0.5512	0.5738	0.5991	0.6008	0.5638	0.5829	0.6128	0.5975	0.6136	0.6320	0.6521	0.6090	0.6400	0.6441	0.6193	0.5917	0.6134	0.5901	0.5645	0.5573	0.5778	0.5486	0.5542	0.5263	0.5445	0.6131	0.5521	0.5613	0.5993	0.5703	0.5834	0.6060	0.5884	0.5615	0.5642	0.5617	0.5425	0.5424	0.5256	0.4997	0.5429	0.5000	0.4715	0.4168	0.4348	0.4207	0.4057
0.1196	0.1504	0.1743	0.1966	0.2078	0.2157	0.2451	0.2923	0.3357	0.3616	0.3844	0.3952	0.4413	0.4525	0.4777	0.5177	0.5613	0.5750	0.6001	0.5972	0.6163	0.5925	0.5833	0.6213	0.6404	0.5867	0.5689	0.5952	0.6306	0.6384	0.6862	0.6989	0.6614	0.6509	0.6706	0.6507	0.6850	0.6364	0.6088	0.5955	0.5956	0.5644	0.5630	0.5577	0.5488	0.5236	0.5632	0.5801	0.6086	0.5788	0.6015	0.5730	0.6118	0.6260	0.6198	0.5742	0.5649	0.5472	0.5445	0.5320	0.5303	0.5313	0.5254	0.5110	0.4820	0.4421	0.4785	0.4455	0.4339
0.1178	0.1258	0.1569	0.1990	0.2295	0.2498	0.2516	0.2975	0.3135	0.3527	0.3835	0.3933	0.4211	0.4635	0.4754	0.4994	0.5091	0.5648	0.5759	0.6002	0.6369	0.6043	0.5868	0.5960	0.6259	0.5985	0.5796	0.6343	0.6423	0.6624	0.7197	0.7025	0.7054	0.7068	0.6899	0.6462	0.6551	0.6759	0.6606	0.6083	0.6064	0.5815	0.5590	0.5391	0.5251	0.5596	0.6050	0.5607	0.6260	0.6581	0.6266	0.6063	0.6108	0.6188	0.6156	0.5887	0.5786	0.5635	0.5946	0.5688	0.5729	0.5630	0.5457	0.5411	0.5120	0.5139	0.5142	0.4635	0.4601
0.1136	0.1310	0.1652	0.1753	0.2407	0.2487	0.2537	0.3217	0.3518	0.3550	0.3748	0.3832	0.4285	0.4741	0.4503	0.4765	0.5163	0.5365	0.5188	0.5661	0.5883	0.5589	0.5713	0.5949	0.6438	0.6165	0.5997	0.6101	0.6524	0.6696	0.6337	0.6673	0.6951	0.6721	0.7274	0.6520	0.6502	0.6655	0.6926	0.6394	0.6451	0.6331	0.5876	0.5912	0.5493	0.5826	0.5745	0.5749	0.5868	0.6752	0.6312	0.6307	0.6292	0.6491	0.6209	0.6214	0.5999	0.6110	0.6251	0.6042	0.5811	0.5889	0.5869	0.5527	0.5729	0.5604	0.5113	0.5064	0.4414
0.1055	0.1642	0.1983	0.2175	0.2445	0.2660	0.3064	0.3635	0.3858	0.3918	0.4279	0.4647	0.4708	0.5248	0.5246	0.5547	0.5857	0.5894	0.5698	0.6103	0.5710	0.5669	0.6056	0.6221	0.6060	0.5901	0.6092	0.6402	0.6862	0.6318	0.6528	0.6339	0.6813	0.6810	0.6907	0.6818	0.6256	0.6512	0.6628	0.6454	0.6667	0.6424	0.6342	0.6098	0.5815	0.5689	0.5998	0.6435	0.6381	0.6313	0.6441	0.6432	0.6242	0.6240	0.6464	0.6481	0.6023	0.6439	0.6262	0.6106	0.5852	0.5952	0.5997	0.5837	0.5869	0.5638	0.5867	0.5605	0.5006
0.1245	0.1715	0.2040	0.2480	0.2974	0.3275	0.3569	0.4154	0.4346	0.4797	0.4836	0.5357	0.5548	0.6082	0.5857	0.6449	0.6644	0.6657	0.6587	0.6298	0.6340	0.6213	0.6007	0.6379	0.5767	0.5792	0.5950	0.6258	0.6540	0.6598	0.6587	0.6508	0.6675	0.6600	0.6669	0.6433	0.6522	0.6656	0.6463	0.6383	0.6770	0.6719	0.6568	0.6237	0.6036	0.5620	0.6133	0.6247	0.6704	0.6578	0.6496	0.6312	0.6368	0.6156	0.6217	0.6580	0.6326	0.6425	0.6334	0.6238	0.6002	0.6305	0.6232	0.6106	0.6197	0.6008	0.6064	0.5502	0.5748
0.1778	0.2202	0.2604	0.2973	0.3152	0.3554	0.4004	0.4468	0.4973	0.5597	0.5684	0.6019	0.6319	0.6362	0.6970	0.7256	0.7573	0.7651	0.7418	0.6900	0.6869	0.6730	0.6790	0.6897	0.6511	0.6320	0.6357	0.6174	0.6584	0.6095	0.6722	0.6706	0.6483	0.6744	0.6718	0.6569	0.6967	0.7124	0.6894	0.6695	0.6682	0.6591	0.6786	0.6418	0.6585	0.6229	0.6080	0.6160	0.6600	0.6700	0.6652	0.6832	0.6816	0.6941	0.6535	0.6538	0.6641	0.6797	0.6889	0.6359	0.6694	0.6721	0.6537	0.6401	0.6669	0.6066	0.6578	0.6333	0.5841
0.2049	0.3017	0.3473	0.4007	0.4401	0.4762	0.4877	0.4915	0.5463	0.6159	0.6810	0.6988	0.7023	0.6980	0.7498	0.8046	0.8820	0.8370	0.8232	0.7840	0.6755	0.7340	0.7428	0.6906	0.6796	0.6546	0.6695	0.6449	0.6190	0.6151	0.6463	0.6706	0.6910	0.7172	0.7287	0.7007	0.7258	0.7461	0.7150	0.6895	0.7179	0.6891	0.6989	0.7172	0.6663	0.6466	0.6457	0.6345	0.6722	0.6774	0.6660	0.7073	0.7017	0.6978	0.6349	0.6885	0.6527	0.6724	0.6827	0.6771	0.7110	0.7205	0.7150	0.7279	0.6839	0.6311	0.6211	0.6241	0.6136
0.1293	0.2098	0.3052	0.4113	0.4587	0.5318	0.6017	0.6383	0.6848	0.7016	0.7356	0.7534	0.7697	0.7231	0.7947	0.8566	0.8858	0.8842	0.8598	0.8667	0.7910	0.8145	0.7741	0.7381	0.6995	0.6739	0.6521	0.6445	0.6700	0.6658	0.6913	0.7128	0.7489	0.7545	0.7108	0.6903	0.7600	0.7277	0.7360	0.7174	0.7316	0.7134	0.7380	0.7162	0.7140	0.6977	0.7249	0.6690	0.7082	0.7108	0.7120	0.7349	0.7507	0.7602	0.7348	0.7012	0.6927	0.6938	0.7438	0.7650	0.7990	0.7617	0.7427	0.7346	0.7058	0.6788	0.6326	0.6351	0.6105
0.0659	0.1016	0.1237	0.1732	0.2193	0.2790	0.3469	0.3979	0.4142	0.4389	0.5400	0.5244	0.5275	0.5102	0.5466	0.5991	0.7064	0.7299	0.7085	0.8330	0.8934	0.8881	0.8809	0.8060	0.7416	0.7037	0.7268	0.7084	0.7574	0.7656	0.7812	0.7692	0.7641	0.7685	0.7550	0.7397	0.7788	0.7480	0.7458	0.7352	0.7589	0.7134	0.7810	0.7569	0.7164	0.7181	0.7630	0.7480	0.7698	0.7766	0.7690	0.8066	0.8039	0.8094	0.7621	0.7525	0.7535	0.7089	0.7504	0.7732	0.7884	0.7468	0.5929	0.5833	0.6376	0.6591	0.5960	0.6483	0.5781
0.0251	0.0320	0.0624	0.0821	0.1141	0.1116	0.1341	0.1503	0.1919	0.1865	0.2262	0.2355	0.2653	0.2619	0.3045	0.3047	0.3570	0.3742	0.3831	0.4510	0.5767	0.7418	0.8718	0.9009	0.8542	0.7742	0.7611	0.7798	0.7805	0.8065	0.8409	0.8120	0.8374	0.8562	0.8340	0.8447	0.7670	0.7987	0.7649	0.7760	0.7921	0.7585	0.7740	0.7550	0.7285	0.7672	0.8389	0.8410	0.7989	0.8007	0.8398	0.8494	0.8185	0.7718	0.7530	0.7992	0.7825	0.7437	0.7432	0.7801	0.7131	0.6069	0.4307	0.3662	0.5156	0.5257	0.4150	0.4870	0.5221
0.0171	0.0321	0.0503	0.0621	0.0811	0.0808	0.0741	0.0748	0.0819	0.1058	0.1288	0.1198	0.1524	0.1518	0.1678	0.1828	0.2082	0.2381	0.2618	0.2888	0.3345	0.4165	0.5693	0.7740	0.8636	0.8488	0.8226	0.8441	0.8932	0.9121	0.8989	0.8595	0.8849	0.9287	0.8984	0.8265	0.7984	0.8322	0.7905	0.7853	0.8397	0.7980	0.7833	0.8104	0.7816	0.7139	0.7962	0.8568	0.8264	0.8225	0.7080	0.5944	0.5819	0.5676	0.5157	0.7225	0.7931	0.7750	0.7274	0.6930	0.4740	0.3422	0.3195	0.2846	0.3179	0.3344	0.3028	0.3123	0.4273
0.0135	0.0318	0.0339	0.0469	0.0667	0.0646	0.0639	0.0667	0.0647	0.0825	0.0990	0.0924	0.1048	0.1080	0.1017	0.1260	0.1395	0.1441	0.1542	0.1712	0.1978	0.2084	0.2587	0.3551	0.4461	0.4968	0.5011	0.5601	0.6873	0.7540	0.7386	0.7109	0.6876	0.7221	0.8016	0.8647	0.8362	0.8105	0.8286	0.7761	0.7676	0.7953	0.7205	0.6190	0.5192	0.4365	0.5144	0.7133	0.7936	0.7468	0.4768	0.3052	0.3120	0.3426	0.3564	0.5688	0.7895	0.7392	0.5317	0.5043	0.3544	0.2616	0.2523	0.2274	0.2416	0.2647	0.2679	0.2522	0.2830
0.0059	0.0223	0.0402	0.0317	0.0453	0.0561	0.0619	0.0573	0.0624	0.0741	0.0816	0.0784	0.0890	0.0900	0.0933	0.1074	0.1137	0.1058	0.1094	0.1073	0.1274	0.1455	0.1432	0.1684	0.1818	0.1833	0.2132	0.2138	0.2728	0.3004	0.3019	0.3024	0.3206	0.3559	0.4528	0.6641	0.7965	0.6924	0.5787	0.6804	0.6565	0.5693	0.4078	0.2771	0.2477	0.2656	0.2829	0.3587	0.5352	0.6048	0.3568	0.2260	0.2601	0.2542	0.2801	0.3422	0.5274	0.6014	0.3543	0.2470	0.2389	0.2185	0.2331	0.2118	0.2083	0.2293	0.2226	0.2254	0.2324
0.0032	0.0164	0.0258	0.0188	0.0428	0.0455	0.0451	0.0546	0.0585	0.0533	0.0632	0.0776	0.0816	0.0762	0.0770	0.0845	0.0912	0.1014	0.1050	0.1035	0.1076	0.1083	0.1122	0.1263	0.1339	0.1350	0.1278	0.1484	0.1575	0.1560	0.1786	0.1744	0.1904	0.1807	0.2042	0.2909	0.3943	0.3042	0.2436	0.3121	0.2933	0.2409	0.1854	0.1958	0.1882	0.1779	0.1918	0.2017	0.2297	0.2583	0.2112	0.1807	0.1976	0.1922	0.1913	0.2090	0.2439	0.2633	0.2203	0.2048	0.2081	0.2154	0.2104	0.2000	0.1975	0.1944	0.1908	0.1837	0.2043
0.0078	0.0135	0.0377	0.0276	0.0404	0.0410	0.0351	0.0458	0.0569	0.0629	0.0607	0.0626	0.0725	0.0677	0.0777	0.0857	0.0814	0.0852	0.0954	0.0988	0.1010	0.1040	0.0973	0.1103	0.1095	0.1171	0.1218	0.1199	0.1277	0.1228	0.1307	0.1265	0.1291	0.1324	0.1384	0.1427	0.1472	0.1445	0.1522	0.1626	0.1480	0.1407	0.1428	0.1580	0.1584	0.1419	0.1561	0.1585	0.1574	0.1621	0.1699	0.1558	0.1689	0.1644	0.1602	0.1785	0.1772	0.1772	0.1833	0.1756	0.1739	0.1678	0.1712	0.1700	0.1821	0.1607	0.1624	0.1671	0.1683
0.0030	0.0184	0.0303	0.0207	0.0343	0.0318	0.0403	0.0576	0.0457	0.0422	0.0581	0.0541	0.0606	0.0635	0.0661	0.0767	0.0783	0.0759	0.0772	0.0784	0.0772	0.0916	0.0877	0.0776	0.0952	0.0933	0.0895	0.0964	0.1133	0.1125	0.1046	0.0960	0.0993	0.1033	0.1255	0.1309	0.1180	0.1152	0.1204	0.1139	0.1092	0.1052	0.1066	0.1149	0.1173	0.1208	0.1202	0.1238	0.1280	0.1328	0.1301	0.1238	0.1394	0.1352	0.1326	0.1479	0.1558	0.1497	0.1496	0.1503	0.1469	0.1524	0.1588	0.1547	0.1484	0.1427	0.1292	0.1510	0.1480
0.0131	0.0298	0.0156	0.0166	0.0298	0.0342	0.0371	0.0454	0.0387	0.0419	0.0488	0.0516	0.0598	0.0566	0.0681	0.0732	0.0682	0.0788	0.0673	0.0798	0.0649	0.0707	0.0714	0.0767	0.0767	0.0839	0.0800	0.0836	0.0898	0.1006	0.0947	0.0924	0.0935	0.0907	0.1023	0.0980	0.0889	0.0948	0.0986	0.0984	0.0900	0.0917	0.1002	0.0922	0.1005	0.1006	0.1028	0.1057	0.1007	0.1049	0.1132	0.1079	0.1033	0.1016	0.1072	0.1156	0.1118	0.1147	0.1176	0.1393	0.1257	0.1290	0.1284	0.1172	0.1118	0.1131	0.1093	0.1159	0.1270
0.0000	0.0073	0.0248	0.0238	0.0239	0.0263	0.0241	0.0340	0.0302	0.0438	0.0458	0.0476	0.0473	0.0621	0.0674	0.0653	0.0611	0.0707	0.0626	0.0633	0.0658	0.0665	0.0728	0.0777	0.0753	0.0821	0.0869	0.0767	0.0837	0.0809	0.0797	0.0784	0.0922	0.0830	0.0754	0.0818	0.0810	0.0770	0.0862	0.0914	0.0820	0.0808	0.0830	0.0768	0.0919	0.0855	0.0823	0.0783	0.0872	0.0834	0.0872	0.0917	0.0842	0.0757	0.0870	0.0922	0.0858	0.0879	0.0971	0.1073	0.1004	0.0956	0.0974	0.1021	0.0969	0.0838	0.0946	0.0985	0.1004
0.0000	0.0004	0.0159	0.0000	0.0129	0.0248	0.0299	0.0402	0.0333	0.0459	0.0431	0.0458	0.0421	0.0522	0.0661	0.0699	0.0624	0.0612	0.0517	0.0627	0.0649	0.0650	0.0702	0.0717	0.0665	0.0810	0.0824	0.0734	0.0802	0.0797	0.0785	0.0720	0.0784	0.0819	0.0704	0.0789	0.0850	0.0724	0.0743	0.0804	0.0934	0.0837	0.0706	0.0741	0.0743	0.0756	0.0828	0.0675	0.0827	0.0752	0.0776	0.0770	0.0693	0.0772	0.0827	0.0734	0.0798	0.0702	0.0798	0.0782	0.0708	0.0748	0.0738	0.0763	0.0791	0.0828	0.0752	0.0781	0.0833
0.0000	0.0000	0.0035	0.0037	0.0106	0.0035	0.0270	0.0477	0.0345	0.0282	0.0349	0.0348	0.0403	0.0433	0.0450	0.0648	0.0666	0.0466	0.0456	0.0578	0.0713	0.0691	0.0612	0.0570	0.0545	0.0723	0.0762	0.0760	0.0667	0.0649	0.0663	0.0622	0.0607	0.0654	0.0715	0.0750	0.0835	0.0710	0.0780	0.0714	0.0758	0.0739	0.0734	0.0664	0.0730	0.0669	0.0646	0.0669	0.0635	0.0696	0.0715	0.0699	0.0637	0.0691	0.0706	0.0668	0.0676	0.0612	0.0695	0.0705	0.0616	0.0566	0.0613	0.0702	0.0676	0.0641	0.0580	0.0621	0.0634
0.0000	0.0021	0.0064	0.0173	0.0011	0.0000	0.0171	0.0322	0.0316	0.0191	0.0240	0.0306	0.0308	0.0305	0.0461	0.0434	0.0535	0.0516	0.0486	0.0447	0.0507	0.0470	0.0534	0.0448	0.0542	0.0660	0.0602	0.0584	0.0616	0.0644	0.0590	0.0589	0.0650	0.0665	0.0623	0.0639	0.0667	0.0650	0.0696	0.0651	0.0620	0.0670	0.0637	0.0615	0.0653	0.0630	0.0615	0.0607	0.0590	0.0617	0.0534	0.0604	0.0635	0.0575	0.0613	0.0591	0.0644	0.0592	0.0613	0.0646	0.0635	0.0539	0.0488	0.0632	0.0542	0.0470	0.0510	0.0536	0.0470
0.0000	0.0000	0.0000	0.0074	0.0000	0.0025	0.0142	0.0155	0.0103	0.0032	0.0123	0.0319	0.0236	0.0276	0.0259	0.0266	0.0432	0.0388	0.0379	0.0366	0.0412	0.0442	0.0397	0.0473	0.0503	0.0506	0.0548	0.0585	0.0572	0.0616	0.0473	0.0543	0.0667	0.0677	0.0614	0.0579	0.0527	0.0629	0.0569	0.0576	0.0524	0.0590	0.0549	0.0543	0.0593	0.0598	0.0583	0.0530	0.0525	0.0536	0.0572	0.0658	0.0531	0.0482	0.0602	0.0612	0.0551	0.0445	0.0584	0.0556	0.0577	0.0473	0.0523	0.0518	0.0484	0.0514	0.0538	0.0553	0.0505
0.0000	0.0000	0.0000	0.0000	0.0000	0.0000	0.0178	0.0062	0.0087	0.0110	0.0217	0.0445	0.0283	0.0274	0.0226	0.0244	0.0315	0.0338	0.0286	0.0455	0.0450	0.0384	0.0341	0.0367	0.0512	0.0457	0.0485	0.0520	0.0564	0.0550	0.0523	0.0478	0.0568	0.0558	0.0538	0.0475	0.0584	0.0624	0.0650	0.0570	0.0623	0.0567	0.0591	0.0577	0.0537	0.0535	0.0566	0.0509	0.0529	0.0496	0.0592	0.0513	0.0504	0.0533	0.0521	0.0520	0.0473	0.0471	0.0518	0.0471	0.0531	0.0460	0.0422	0.0378	0.0439	0.0489	0.0442	0.0387	0.0339
0.0000	0.0000	0.0000	0.0000	0.0000	0.0000	0.0008	0.0000	0.0064	0.0064	0.0134	0.0243	0.0260	0.0304	0.0212	0.0300	0.0360	0.0255	0.0304	0.0401	0.0407	0.0451	0.0458	0.0401	0.0466	0.0447	0.0432	0.0498	0.0474	0.0546	0.0551	0.0474	0.0550	0.0541	0.0526	0.0482	0.0449	0.0665	0.0551	0.0569	0.0610	0.0479	0.0579	0.0514	0.0487	0.0522	0.0489	0.0570	0.0506	0.0489	0.0552	0.0564	0.0553	0.0585	0.0495	0.0467	0.0480	0.0498	0.0448	0.0407	0.0469	0.0420	0.0389	0.0414	0.0378	0.0296	0.0364	0.0377	0.0270
0.0000	0.0000	0.0000	0.0000	0.0000	0.0103	0.0057	0.0107	0.0047	0.0068	0.0115	0.0141	0.0193	0.0211	0.0220	0.0228	0.0479	0.0300	0.0263	0.0326	0.0373	0.0405	0.0389	0.0341	0.0427	0.0356	0.0341	0.0414	0.0468	0.0482	0.0526	0.0485	0.0500	0.0476	0.0523	0.0547	0.0410	0.0510	0.0500	0.0474	0.0452	0.0469	0.0515	0.0504	0.0473	0.0550	0.0456	0.0486	0.0448	0.0467	0.0436	0.0413	0.0416	0.0331	0.0432	0.0464	0.0427	0.0338	0.0391	0.0421	0.0416	0.0332	0.0353	0.0301	0.0322	0.0261	0.0242	0.0322	0.0296
0.0000	0.0000	0.0000	0.0000	0.0003	0.0079	0.0137	0.0052	0.0078	0.0049	0.0207	0.0384	0.0313	0.0177	0.0277	0.0075	0.0256	0.0337	0.0235	0.0242	0.0296	0.0343	0.0288	0.0246	0.0500	0.0406	0.0408	0.0528	0.0460	0.0556	0.0403	0.0402	0.0416	0.0352	0.0511	0.0516	0.0480	0.0525	0.0524	0.0564	0.0565	0.0448	0.0423	0.0449	0.0555	0.0452	0.0418	0.0610	0.0461	0.0423	0.0564	0.0461	0.0472	0.0422	0.0415	0.0412	0.0352	0.0318	0.0367	0.0499	0.0436	0.0364	0.0372	0.0396	0.0360	0.0276	0.0327	0.0186	0.0297
