0.0000	0.0000	0.0000	0.0131	0.0000	0.0000	0.0002	0.0168	0.0111	0.0089	0.0255	0.0283	0.0227	0.0254	0.0303	0.0325	0.0426	0.0396	0.0304	0.0407	0.0494	0.0360	0.0585	0.0619	0.0471	0.0721	0.0827	0.0610	0.0628	0.0736	0.0583	0.0635	0.0701	0.0633	0.0650	0.0637	0.0555	0.0682	0.0804	0.0707	0.0702	0.0718	0.0761	0.0792	0.0642	0.0694	0.0719	0.0802	0.0729	0.0901	0.0851	0.0653	0.0738	0.0728	0.0744	0.0756	0.0671	0.0671	0.0702	0.0556	0.0526	0.0481	0.0501	0.0570	0.0617	0.0471	0.0394	0.0369	0.0434
0.0000	0.0016	0.0000	0.0114	0.0000	0.0000	0.0123	0.0235	0.0116	0.0202	0.0355	0.0202	0.0201	0.0290	0.0244	0.0481	0.0416	0.0440	0.0491	0.0516	0.0529	0.0415	0.0429	0.0599	0.0732	0.0784	0.0694	0.0567	0.0586	0.0801	0.0776	0.0639	0.0668	0.0684	0.0668	0.0641	0.0709	0.0819	0.0746	0.0680	0.0771	0.0746	0.0756	0.0803	0.0826	0.0936	0.0960	0.0969	0.0940	0.0921	0.0893	0.0902	0.0641	0.0835	0.0823	0.0678	0.0663	0.0663	0.0679	0.0683	0.0651	0.0508	0.0469	0.0678	0.0676	0.0493	0.0455	0.0584	0.0628
0.0000	0.0000	0.0000	0.0027	0.0000	0.0000	0.0033	0.0250	0.0075	0.0267	0.0404	0.0363	0.0311	0.0351	0.0471	0.0406	0.0370	0.0500	0.0533	0.0539	0.0529	0.0562	0.0498	0.0820	0.0841	0.0713	0.0926	0.0574	0.0685	0.0899	0.0682	0.0778	0.0670	0.0786	0.0712	0.0680	0.0799	0.0733	0.0775	0.0812	0.0866	0.0998	0.0945	0.0904	0.0975	0.1035	0.0860	0.0975	0.1057	0.0957	0.0873	0.0985	0.0768	0.0812	0.0936	0.0848	0.0869	0.0757	0.0779	0.0859	0.0786	0.0744	0.0740	0.0627	0.0634	0.0653	0.0625	0.0661	0.0655
0.0000	0.0000	0.0110	0.0127	0.0068	0.0017	0.0068	0.0233	0.0157	0.0208	0.0354	0.0406	0.0494	0.0439	0.0495	0.0493	0.0458	0.0479	0.0497	0.0568	0.0657	0.0574	0.0596	0.0607	0.0833	0.0736	0.0603	0.0689	0.0897	0.0675	0.0598	0.0738	0.0721	0.0788	0.0803	0.0859	0.0710	0.0739	0.0756	0.0868	0.0906	0.0857	0.0894	0.0885	0.0847	0.0899	0.0848	0.0765	0.0988	0.0994	0.1103	0.0944	0.1035	0.0914	0.1005	0.0957	0.0925	0.0771	0.0819	0.0792	0.0965	0.0770	0.1053	0.0868	0.0877	0.0940	0.0817	0.0869	0.0855
0.0000	0.0052	0.0261	0.0141	0.0002	0.0006	0.0128	0.0191	0.0245	0.0172	0.0339	0.0363	0.0508	0.0514	0.0396	0.0505	0.0603	0.0567	0.0502	0.0577	0.0554	0.0500	0.0533	0.0445	0.0693	0.0661	0.0633	0.0796	0.0737	0.0650	0.0820	0.0900	0.0911	0.0918	0.0875	0.0844	0.0796	0.0888	0.0819	0.0764	0.0884	0.0878	0.1083	0.0930	0.0953	0.0888	0.0919	0.0867	0.0903	0.0859	0.1017	0.1037	0.1032	0.0955	0.0972	0.1088	0.0940	0.0829	0.0926	0.0847	0.1000	0.0856	0.1016	0.1089	0.1146	0.0988	0.1017	0.1045	0.1039
0.0000	0.0000	0.0185	0.0181	0.0121	0.0168	0.0182	0.0264	0.0240	0.0331	0.0336	0.0418	0.0560	0.0438	0.0472	0.0537	0.0652	0.0608	0.0483	0.0741	0.0633	0.0579	0.0715	0.0675	0.0856	0.0824	0.0914	0.0797	0.0778	0.0869	0.0817	0.0797	0.0850	0.0957	0.1035	0.0899	0.0926	0.0913	0.0789	0.0834	0.1031	0.1070	0.1050	0.1047	0.1039	0.1011	0.0910	0.0988	0.1005	0.0980	0.1011	0.1051	0.1209	0.1181	0.1081	0.1125	0.1101	0.0920	0.0898	0.1102	0.1115	0.1151	0.1122	0.1306	0.1177	0.1114	0.1099	0.1246	0.1178
0.0013	0.0057	0.0186	0.0178	0.0183	0.0182	0.0291	0.0410	0.0319	0.0433	0.0404	0.0433	0.0389	0.0405	0.0521	0.0647	0.0640	0.0640	0.0510	0.0759	0.0817	0.0832	0.0731	0.0747	0.0739	0.0907	0.0967	0.0790	0.0872	0.0947	0.0830	0.0853	0.1055	0.1024	0.0901	0.0865	0.0872	0.0776	0.0864	0.0940	0.0980	0.1112	0.1253	0.1040	0.1043	0.0995	0.0910	0.1145	0.1195	0.1056	0.1165	0.1235	0.1322	0.1223	0.1305	0.1342	0.1276	0.1190	0.1202	0.1263	0.1263	0.1351	0.1448	0.1490	0.1465	0.1199	0.1263	0.1293	0.1397
0.0037	0.0205	0.0144	0.0044	0.0108	0.0187	0.0364	0.0531	0.0407	0.0409	0.0494	0.0670	0.0426	0.0479	0.0602	0.0633	0.0713	0.0904	0.0789	0.0870	0.0960	0.1001	0.0858	0.0905	0.0957	0.1010	0.0772	0.0854	0.1044	0.1115	0.0912	0.0881	0.0970	0.0997	0.0959	0.0841	0.0894	0.1028	0.1129	0.1069	0.1014	0.1088	0.1371	0.1169	0.1125	0.1137	0.1324	0.1344	0.1383	0.1336	0.1375	0.1396	0.1560	0.1302	0.1473	0.1624	0.1375	0.1358	0.1440	0.1402	0.1531	0.1458	0.1588	0.1678	0.1667	0.1653	0.1634	0.1667	0.2208
0.0121	0.0035	0.0253	0.0358	0.0271	0.0227	0.0394	0.0562	0.0567	0.0429	0.0398	0.0610	0.0707	0.0670	0.0626	0.0692	0.0710	0.0850	0.0918	0.0990	0.1081	0.0891	0.0937	0.0990	0.0902	0.0980	0.0870	0.0929	0.1069	0.1050	0.1048	0.0992	0.1076	0.1042	0.1067	0.1085	0.1053	0.1069	0.1171	0.1354	0.1120	0.1142	0.1244	0.1367	0.1455	0.1302	0.1360	0.1543	0.1538	0.1668	0.1813	0.1837	0.1987	0.1879	0.1889	0.1948	0.1873	0.1781	0.1775	0.1943	0.1973	0.1816	0.1991	0.2035	0.1856	0.1861	0.2036	0.2204	0.2595
0.0106	0.0113	0.0179	0.0435	0.0463	0.0347	0.0460	0.0538	0.0650	0.0618	0.0489	0.0629	0.0666	0.0671	0.0754	0.1035	0.0841	0.0936	0.0896	0.0963	0.0992	0.1099	0.0943	0.1137	0.0996	0.0984	0.1025	0.1105	0.1157	0.1177	0.1082	0.1100	0.1230	0.1127	0.1101	0.1147	0.1131	0.1156	0.1172	0.1382	0.1172	0.1172	0.1269	0.1484	0.1626	0.1495	0.1569	0.1790	0.1932	0.2030	0.2249	0.2742	0.3684	0.3241	0.2955	0.2627	0.2319	0.2277	0.2253	0.2095	0.2504	0.2392	0.2383	0.2635	0.2290	0.2490	0.2788	0.3036	0.3192
0.0174	0.0299	0.0309	0.0451	0.0379	0.0373	0.0474	0.0688	0.0656	0.0496	0.0629	0.0592	0.0697	0.0869	0.0861	0.0935	0.0963	0.0986	0.0852	0.0997	0.1094	0.1113	0.0989	0.1111	0.1089	0.1178	0.1221	0.1189	0.1298	0.1279	0.1259	0.1250	0.1187	0.1152	0.1218	0.1213	0.1298	0.1359	0.1362	0.1390	0.1511	0.1564	0.1680	0.1620	0.1747	0.1709	0.1920	0.2277	0.2537	0.2585	0.3212	0.5306	0.6208	0.5453	0.4647	0.4194	0.3066	0.2665	0.2750	0.2865	0.2948	0.2828	0.2658	0.3399	0.3381	0.3264	0.3255	0.3333	0.2913
0.0113	0.0246	0.0221	0.0304	0.0389	0.0445	0.0608	0.0678	0.0871	0.0655	0.0639	0.0758	0.0900	0.1040	0.0833	0.0892	0.1027	0.1202	0.1133	0.1136	0.1239	0.1157	0.1182	0.1131	0.1181	0.1263	0.1308	0.1227	0.1209	0.1409	0.1389	0.1432	0.1440	0.1429	0.1469	0.1250	0.1468	0.1613	0.1742	0.1876	0.1816	0.2120	0.2242	0.2124	0.2117	0.2245	0.2498	0.2875	0.3154	0.3600	0.3925	0.6327	0.7182	0.6560	0.6003	0.5693	0.4767	0.3622	0.3904	0.4712	0.4285	0.3761	0.3272	0.4193	0.4204	0.3481	0.3080	0.3081	0.2875
0.0093	0.0184	0.0397	0.0396	0.0518	0.0548	0.0653	0.0897	0.0941	0.0755	0.1043	0.1106	0.1347	0.1010	0.1018	0.1088	0.1309	0.1517	0.1271	0.1335	0.1374	0.1412	0.1359	0.1366	0.1379	0.1621	0.1320	0.1419	0.1493	0.1503	0.1452	0.1587	0.1797	0.1826	0.1707	0.1612	0.1891	0.2046	0.2176	0.2327	0.2265	0.2439	0.2725	0.2613	0.2517	0.2879	0.3176	0.3483	0.4764	0.5708	0.5164	0.6728	0.7314	0.6989	0.6490	0.6075	0.6091	0.4929	0.5703	0.5585	0.4956	0.4781	0.4390	0.4617	0.4428	0.3642	0.3150	0.3349	0.3130
0.0211	0.0190	0.0353	0.0371	0.0451	0.0541	0.0579	0.1003	0.1083	0.1082	0.1126	0.1288	0.1248	0.1242	0.1305	0.1461	0.1498	0.1745	0.1681	0.1699	0.1649	0.1506	0.1828	0.1764	0.1799	0.1812	0.1798	0.1936	0.1856	0.1917	0.1960	0.2051	0.2241	0.2306	0.2293	0.2053	0.2244	0.2437	0.2553	0.2493	0.2809	0.2925	0.3362	0.3252	0.3089	0.3467	0.3896	0.4870	0.7239	0.7915	0.7465	0.7775	0.6990	0.6485	0.6214	0.6076	0.6113	0.6043	0.6058	0.5366	0.4796	0.4569	0.4390	0.4483	0.4012	0.3668	0.3336	0.3203	0.2964
0.0209	0.0225	0.0448	0.0596	0.0871	0.0809	0.0892	0.1284	0.1466	0.1348	0.1587	0.2040	0.2226	0.2296	0.2590	0.2421	0.2824	0.2776	0.2766	0.3278	0.3124	0.2552	0.2448	0.2369	0.2382	0.2335	0.2254	0.2181	0.2294	0.2411	0.2377	0.2545	0.2619	0.2627	0.2537	0.2614	0.2670	0.2841	0.2932	0.3031	0.3335	0.4662	0.5655	0.4671	0.3686	0.3991	0.4479	0.6666	0.8666	0.7927	0.7575	0.6909	0.6307	0.5608	0.5685	0.5644	0.5808	0.5773	0.5501	0.5071	0.4565	0.4250	0.4279	0.4177	0.3831	0.3360	0.3289	0.3104	0.2971
0.0227	0.0439	0.0530	0.0805	0.1158	0.1227	0.1295	0.1671	0.1989	0.1990	0.2913	0.3604	0.4050	0.5085	0.5246	0.4951	0.5421	0.5038	0.5321	0.5975	0.5813	0.5201	0.4486	0.4151	0.4062	0.3621	0.3167	0.2608	0.2810	0.2703	0.2651	0.2910	0.3056	0.2985	0.2835	0.2877	0.2974	0.3197	0.3342	0.3593	0.4965	0.7438	0.8657	0.7059	0.4507	0.4686	0.5232	0.7406	0.8326	0.7716	0.7337	0.6809	0.6174	0.5728	0.5479	0.5928	0.5498	0.5429	0.5250	0.5115	0.4407	0.4096	0.4125	0.4152	0.3404	0.2902	0.3269	0.3219	0.3107
0.0388	0.0664	0.0720	0.1222	0.1291	0.1631	0.2518	0.3487	0.4068	0.4673	0.5394	0.5737	0.6180	0.6297	0.6248	0.6323	0.6440	0.6852	0.6935	0.7226	0.7173	0.7001	0.6556	0.6487	0.6603	0.6064	0.5869	0.5170	0.4153	0.3823	0.3747	0.4526	0.3954	0.3189	0.3304	0.3200	0.3438	0.3723	0.3856	0.4047	0.6311	0.8552	0.8573	0.8306	0.6165	0.4882	0.6723	0.7237	0.7389	0.7154	0.6966	0.6942	0.6071	0.6036	0.5370	0.5188	0.5119	0.5297	0.4863	0.4809	0.4298	0.4099	0.3843	0.3753	0.3437	0.2986	0.3008	0.2782	0.2640
0.0503	0.0846	0.1316	0.1808	0.2663	0.3494	0.4872	0.5709	0.5424	0.4940	0.5144	0.5225	0.5466	0.5049	0.4884	0.5464	0.5159	0.6160	0.6004	0.6372	0.6943	0.7502	0.6653	0.6628	0.6775	0.6207	0.6884	0.7201	0.6667	0.6904	0.7066	0.8050	0.6067	0.3730	0.3533	0.3640	0.3841	0.4439	0.5062	0.4826	0.6710	0.8452	0.8286	0.8090	0.7176	0.5651	0.7619	0.7105	0.7065	0.6876	0.6486	0.6408	0.5872	0.5583	0.5051	0.4571	0.4493	0.4510	0.4629	0.4444	0.4361	0.4110	0.3793	0.3657	0.3328	0.2912	0.2969	0.2832	0.2526
0.0955	0.1627	0.2420	0.3924	0.4754	0.5160	0.5108	0.5034	0.4591	0.4213	0.4150	0.3865	0.4263	0.4305	0.4668	0.5260	0.5140	0.5395	0.5661	0.5656	0.6149	0.6760	0.6554	0.6405	0.6593	0.6486	0.7232	0.6871	0.7433	0.8348	0.8279	0.8744	0.8310	0.6693	0.5324	0.4481	0.4393	0.6250	0.7190	0.6151	0.6846	0.7691	0.7678	0.7518	0.7159	0.6389	0.7098	0.6607	0.6186	0.6595	0.6223	0.5850	0.5331	0.5412	0.4971	0.4392	0.3942	0.3752	0.4071	0.4004	0.4227	0.3750	0.3681	0.3459	0.3378	0.3006	0.2948	0.2816	0.2744
0.1526	0.2728	0.3491	0.3634	0.3728	0.3779	0.3353	0.3599	0.3795	0.3399	0.3404	0.3714	0.4587	0.4514	0.5060	0.5212	0.5595	0.5875	0.5518	0.5360	0.5358	0.6109	0.6227	0.6664	0.6652	0.6441	0.6824	0.6851	0.7375	0.8278	0.8245	0.8472	0.8742	0.9285	0.8213	0.6056	0.5571	0.7604	0.7993	0.8019	0.7605	0.7395	0.7386	0.7193	0.7504	0.6614	0.6523	0.6227	0.5808	0.5611	0.5439	0.5223	0.4920	0.4727	0.4612	0.4160	0.4243	0.3786	0.3748	0.3663	0.3869	0.3555	0.3640	0.3475	0.3140	0.2872	0.2810	0.2665	0.2536
0.1565	0.2130	0.2265	0.2397	0.2460	0.2805	0.2908	0.2951	0.3259	0.3327	0.3517	0.3823	0.4812	0.4937	0.4741	0.5314	0.5423	0.5884	0.5442	0.5278	0.5312	0.5498	0.5790	0.6256	0.6077	0.6167	0.6206	0.6722	0.6632	0.7020	0.7834	0.8077	0.8548	0.8918	0.8407	0.7751	0.7556	0.8071	0.7453	0.7591	0.7005	0.6623	0.6969	0.7309	0.6559	0.6417	0.6326	0.5759	0.5606	0.5190	0.5275	0.4914	0.4379	0.4842	0.4366	0.4200	0.4123	0.3914	0.3889	0.3434	0.3697	0.3607	0.3431	0.3407	0.3262	0.2787	0.2787	0.2780	0.2536
0.1555	0.1765	0.2062	0.2317	0.2348	0.2580	0.2937	0.3100	0.3022	0.3331	0.3373	0.3692	0.4465	0.5170	0.5351	0.5381	0.5876	0.6013	0.5627	0.5370	0.5494	0.5487	0.5967	0.5787	0.5802	0.5977	0.5974	0.6138	0.6433	0.6634	0.6716	0.7229	0.7694	0.8041	0.8260	0.8045	0.7499	0.7407	0.6907	0.6888	0.6921	0.6380	0.6220	0.6659	0.6140	0.6035	0.6025	0.5588	0.4676	0.4872	0.5385	0.4933	0.4508	0.4425	0.4149	0.4440	0.4392	0.4074	0.3761	0.3558	0.3735	0.3465	0.3205	0.3219	0.3229	0.3025	0.2696	0.2531	0.2490
0.1472	0.1695	0.2207	0.2092	0.2423	0.2731	0.3210	0.3096	0.3057	0.3180	0.3374	0.3642	0.4055	0.4755	0.5142	0.5887	0.6585	0.6119	0.5318	0.5173	0.5821	0.5906	0.5889	0.5903	0.5749	0.5596	0.5807	0.5952	0.6192	0.6831	0.6719	0.6858	0.7087	0.7047	0.6890	0.7031	0.6431	0.6626	0.6388	0.5855	0.5844	0.5746	0.5965	0.6086	0.6527	0.6050	0.5620	0.5403	0.4834	0.4883	0.4977	0.5093	0.4865	0.4434	0.4420	0.4715	0.4500	0.3816	0.3887	0.3982	0.3768	0.3549	0.3209	0.3195	0.3118	0.3084	0.2929	0.2595	0.2580
0.1609	0.1997	0.2563	0.2525	0.2812	0.3112	0.3430	0.3102	0.2961	0.3102	0.3257	0.3693	0.3931	0.4181	0.4569	0.5304	0.5928	0.5982	0.6009	0.5915	0.5844	0.6021	0.5581	0.5396	0.5837	0.5686	0.5659	0.5873	0.6020	0.6619	0.6549	0.6310	0.6713	0.6512	0.6332	0.6011	0.6043	0.5915	0.5566	0.5702	0.5600	0.5549	0.5859	0.6020	0.5905	0.5814	0.5826	0.5288	0.5050	0.5134	0.4605	0.4862	0.4962	0.4754	0.4392	0.4627	0.4134	0.4058	0.4007	0.3814	0.3851	0.3511	0.3377	0.3133	0.2877	0.2909	0.2690	0.2643	0.2677
0.1797	0.2174	0.2587	0.2682	0.2637	0.2637	0.3135	0.3283	0.3202	0.3304	0.3382	0.3772	0.3884	0.3965	0.4119	0.4654	0.5179	0.5730	0.5647	0.5797	0.5443	0.5415	0.5605	0.6051	0.5955	0.5613	0.5308	0.5498	0.6018	0.5849	0.5920	0.5862	0.6299	0.6047	0.5951	0.5737	0.5794	0.5705	0.5443	0.5705	0.6198	0.5936	0.5658	0.5335	0.5429	0.5638	0.5551	0.5369	0.5405	0.5318	0.4633	0.4578	0.4878	0.4637	0.4594	0.4550	0.4412	0.4208	0.3980	0.3855	0.3892	0.3656	0.3630	0.3254	0.3074	0.2951	0.2865	0.2650	0.2449
0.2092	0.2117	0.2465	0.2756	0.3060	0.2812	0.3093	0.3480	0.3368	0.3292	0.3626	0.3923	0.3929	0.4196	0.4574	0.4642	0.4967	0.5373	0.5134	0.5404	0.5331	0.5305	0.5176	0.5262	0.5405	0.5550	0.5331	0.5426	0.5705	0.5570	0.6007	0.5358	0.5786	0.5551	0.5710	0.5737	0.5429	0.5431	0.5981	0.5584	0.5617	0.5933	0.5338	0.5378	0.5654	0.5817	0.5639	0.5447	0.5444	0.5298	0.4921	0.4908	0.4725	0.4425	0.4557	0.4443	0.4571	0.4393	0.4167	0.4029	0.4212	0.3784	0.3485	0.3402	0.3210	0.2931	0.2775	0.2688	0.2604
0.2256	0.2602	0.2901	0.3213	0.3006	0.3012	0.3046	0.3374	0.3141	0.3405	0.3553	0.3693	0.4108	0.4453	0.4424	0.4521	0.4679	0.4613	0.5343	0.4989	0.5446	0.5120	0.5272	0.5492	0.4972	0.5241	0.5242	0.5137	0.5453	0.5641	0.5498	0.5579	0.5854	0.5654	0.5310	0.5628	0.5506	0.5465	0.5890	0.5750	0.5697	0.5402	0.5554	0.5391	0.5814	0.5575	0.5241	0.4996	0.5125	0.5124	0.4945	0.4699	0.4755	0.4707	0.4627	0.4374	0.4198	0.4155	0.4296	0.4390	0.4011	0.3766	0.3609	0.3485	0.3187	0.3047	0.2946	0.2902	0.2681
0.2377	0.2799	0.2611	0.3203	0.2947	0.3050	0.3097	0.3097	0.2987	0.3403	0.3610	0.3756	0.4027	0.4368	0.4569	0.4439	0.4493	0.4509	0.4697	0.5023	0.5142	0.5081	0.4799	0.4964	0.5053	0.5287	0.5341	0.5404	0.5392	0.5460	0.5835	0.5791	0.5592	0.5592	0.5478	0.5702	0.5569	0.5611	0.5626	0.5526	0.5547	0.5505	0.5501	0.5070	0.5124	0.5204	0.5323	0.5232	0.5179	0.4933	0.5022	0.4936	0.4962	0.4918	0.4317	0.4229	0.4339	0.3799	0.3936	0.4535	0.4118	0.3941	0.3849	0.3473	0.3337	0.3125	0.3070	0.2918	0.2617
0.2330	0.2498	0.2583	0.2864	0.2917	0.3212	0.3296	0.3167	0.3365	0.3422	0.3755	0.4040	0.3866	0.4308	0.4420	0.4542	0.4526	0.4755	0.5028	0.4774	0.5098	0.4944	0.4866	0.4898	0.5136	0.4813	0.5183	0.5498	0.6014	0.5781	0.6036	0.5526	0.5850	0.5793	0.5611	0.5870	0.5363	0.5605	0.5701	0.5490	0.5358	0.5522	0.5392	0.5125	0.5017	0.5052	0.5305	0.5272	0.5198	0.5072	0.5067	0.4584	0.4678	0.4850	0.4593	0.4298	0.4205	0.4282	0.4171	0.4095	0.3928	0.4024	0.3751	0.3359	0.3424	0.3360	0.3070	0.2638	0.2523
0.2227	0.2455	0.2754	0.2923	0.2856	0.3090	0.3247	0.3405	0.3504	0.3319	0.3618	0.3982	0.4184	0.4170	0.4281	0.4886	0.5230	0.5044	0.5197	0.4947	0.4858	0.4826	0.4726	0.5141	0.4754	0.4605	0.4858	0.5371	0.5663	0.5931	0.5736	0.5732	0.5935	0.5767	0.5347	0.5275	0.5549	0.5646	0.5480	0.5468	0.5462	0.5658	0.5355	0.5426	0.5182	0.5176	0.5432	0.5134	0.5058	0.5257	0.4814	0.4443	0.4488	0.4673	0.4649	0.4543	0.4190	0.4219	0.4124	0.4100	0.4015	0.3638	0.3540	0.3592	0.3629	0.3179	0.3057	0.3000	0.2811
0.1789	0.2098	0.2652	0.2833	0.3131	0.3134	0.3461	0.3431	0.3706	0.3915	0.3992	0.3993	0.4196	0.4314	0.4386	0.4649	0.5007	0.5119	0.5157	0.5101	0.5157	0.5311	0.4838	0.4847	0.4615	0.4656	0.4570	0.4798	0.5033	0.5284	0.5582	0.5738	0.5941	0.5665	0.5465	0.5581	0.5598	0.5351	0.5189	0.5618	0.4992	0.5628	0.5414	0.5265	0.5023	0.5094	0.5255	0.5087	0.5312	0.5465	0.5054	0.4832	0.5005	0.4899	0.4374	0.4255	0.4401	0.4011	0.3954	0.4325	0.4104	0.4062	0.3859	0.3587	0.3624	0.3254	0.3097	0.3006	0.2781
0.1873	0.2259	0.2244	0.2510	0.3033	0.3011	0.2930	0.3457	0.3763	0.3844	0.3869	0.3821	0.4087	0.4115	0.4245	0.4704	0.4658	0.5019	0.4959	0.4945	0.5160	0.4927	0.4753	0.4889	0.4844	0.4682	0.4477	0.4725	0.5197	0.5260	0.5454	0.5567	0.5714	0.5405	0.5678	0.5745	0.5607	0.5572	0.5403	0.5379	0.4975	0.5159	0.5511	0.4841	0.4985	0.5214	0.5021	0.5281	0.4949	0.5006	0.5166	0.4573	0.4747	0.4999	0.4750	0.4452	0.4272	0.4100	0.4208	0.4300	0.4115	0.3891	0.4044	0.3816	0.3461	0.3347	0.3231	0.3260	0.2744
0.1891	0.2179	0.2208	0.2543	0.2823	0.3097	0.3156	0.3395	0.3766	0.3726	0.3789	0.3874	0.4096	0.4369	0.4544	0.4647	0.5116	0.5038	0.5153	0.4963	0.4946	0.4946	0.4714	0.4907	0.5101	0.4635	0.4748	0.4948	0.5403	0.5270	0.5343	0.5757	0.5886	0.5831	0.6145	0.6010	0.6370	0.5892	0.6125	0.5937	0.5821	0.5661	0.5373	0.5087	0.4831	0.4942	0.5218	0.5413	0.5351	0.5046	0.5018	0.4617	0.4911	0.4830	0.4615	0.4460	0.4407	0.4435	0.4369	0.4040	0.4115	0.4054	0.4045	0.3879	0.3584	0.3350	0.3237	0.2897	0.2792
0.1897	0.2207	0.2526	0.2456	0.2490	0.2782	0.3322	0.3488	0.3623	0.3831	0.3910	0.4029	0.4298	0.4929	0.4601	0.5069	0.5420	0.5673	0.5568	0.5687	0.5681	0.5385	0.5247	0.4811	0.4794	0.4918	0.4871	0.5077	0.5300	0.5363	0.5372	0.5624	0.6190	0.6488	0.6178	0.6140	0.6446	0.6479	0.6559	0.6216	0.6296	0.6560	0.5845	0.5418	0.5175	0.5274	0.5357	0.5092	0.5254	0.5294	0.5001	0.4827	0.4824	0.4743	0.4707	0.4363	0.4496	0.4406	0.4424	0.4160	0.4251	0.4278	0.3922	0.3940	0.3454	0.3382	0.3494	0.3121	0.3024
0.2057	0.2245	0.2586	0.2323	0.2557	0.2759	0.3040	0.3526	0.3815	0.4121	0.4151	0.4554	0.4585	0.4946	0.5290	0.5872	0.5733	0.5761	0.5788	0.6180	0.6345	0.6056	0.5376	0.5452	0.5670	0.5439	0.5376	0.5219	0.5194	0.5553	0.5416	0.5755	0.6058	0.6233	0.6586	0.6750	0.6394	0.6412	0.7359	0.6673	0.6849	0.6752	0.6561	0.6156	0.5560	0.5525	0.5409	0.5542	0.5065	0.5452	0.5048	0.4913	0.4986	0.4992	0.4656	0.4597	0.4489	0.4522	0.4505	0.4468	0.4125	0.3916	0.3937	0.3979	0.3850	0.3570	0.3392	0.3077	0.3061
0.1930	0.2078	0.2504	0.2558	0.2631	0.2800	0.3220	0.3623	0.3782	0.4496	0.4526	0.4910	0.5258	0.5717	0.5487	0.5815	0.6163	0.6177	0.6120	0.6312	0.6016	0.6057	0.6106	0.6056	0.6070	0.5960	0.6024	0.5743	0.6024	0.6089	0.6459	0.6442	0.6851	0.7352	0.7280	0.7254	0.7020	0.7107	0.6982	0.7214	0.6926	0.6866	0.6773	0.6688	0.6465	0.6221	0.6156	0.5980	0.5731	0.5706	0.5405	0.5513	0.5347	0.4979	0.4713	0.4783	0.4428	0.4428	0.4504	0.4558	0.4310	0.4286	0.4425	0.4222	0.3736	0.3569	0.3730	0.3370	0.3198
0.1979	0.2118	0.2388	0.2623	0.2923	0.3243	0.3288	0.3560	0.3855	0.4189	0.4438	0.4824	0.5064	0.5408	0.5765	0.5849	0.6100	0.6375	0.6251	0.6050	0.6148	0.6145	0.6226	0.6385	0.6127	0.6273	0.6148	0.6471	0.6863	0.7102	0.6988	0.7401	0.8191	0.8266	0.8023	0.7941	0.7929	0.8186	0.7353	0.7087	0.7501	0.7552	0.7097	0.7420	0.7098	0.6737	0.6451	0.6358	0.6450	0.6431	0.5935	0.5597	0.5396	0.5067	0.4874	0.5079	0.4625	0.4804	0.4672	0.4395	0.4274	0.4339	0.4160	0.3950	0.3660	0.3359	0.3426	0.3422	0.3375
0.2015	0.2440	0.2754	0.3034	0.2915	0.3412	0.3597	0.3692	0.4032	0.4130	0.4366	0.4811	0.4895	0.4969	0.5814	0.5969	0.6167	0.6909	0.6387	0.6068	0.6226	0.6468	0.6634	0.6837	0.6723	0.6895	0.6509	0.7072	0.7381	0.6993	0.7943	0.8371	0.8923	0.9258	0.9157	0.8403	0.8910	0.8674	0.8368	0.8494	0.8444	0.7800	0.7877	0.7849	0.7756	0.7034	0.6983	0.6632	0.6642	0.6651	0.6384	0.6214	0.5747	0.5718	0.5399	0.5295	0.5237	0.5176	0.5072	0.4666	0.4391	0.4340	0.4277	0.4076	0.3822	0.3436	0.3504	0.3386	0.3391
0.2316	0.3456	0.3939	0.3844	0.3725	0.3992	0.4098	0.4178	0.4343	0.4327	0.4576	0.4974	0.5254	0.5423	0.5679	0.5868	0.6623	0.6439	0.6414	0.5943	0.6056	0.6770	0.7241	0.6809	0.6881	0.6983	0.7111	0.7327	0.7695	0.7757	0.8578	0.9060	0.8939	0.7878	0.7084	0.6251	0.7188	0.7089	0.6523	0.7917	0.7328	0.7718	0.8026	0.8198	0.7949	0.7831	0.7718	0.7144	0.6853	0.6768	0.6469	0.6421	0.6412	0.6004	0.5238	0.5744	0.5481	0.5047	0.4856	0.4869	0.4950	0.4775	0.4687	0.4410	0.4272	0.3992	0.3816	0.3546	0.3518
0.1663	0.2989	0.4115	0.5157	0.5369	0.5835	0.5625	0.5622	0.5843	0.5657	0.5232	0.5341	0.5220	0.5423	0.5686	0.6157	0.6470	0.6504	0.6462	0.6360	0.6480	0.7100	0.7415	0.7234	0.7066	0.7259	0.7130	0.7248	0.7747	0.8419	0.8031	0.7278	0.5607	0.3767	0.3352	0.3300	0.3744	0.3700	0.3851	0.4538	0.4451	0.6079	0.5980	0.7827	0.8987	0.8869	0.8500	0.7837	0.7897	0.7384	0.6832	0.6789	0.6910	0.6523	0.5904	0.5830	0.5655	0.5404	0.5367	0.5235	0.5070	0.4871	0.4751	0.4628	0.4261	0.4207	0.4106	0.3797	0.3460
0.0789	0.1332	0.2024	0.2818	0.3897	0.5597	0.6735	0.6698	0.6400	0.6214	0.6561	0.6518	0.6553	0.6560	0.6609	0.6795	0.6956	0.7079	0.7263	0.6999	0.7170	0.7210	0.7167	0.7147	0.7365	0.7323	0.7039	0.7100	0.6963	0.5227	0.4367	0.4052	0.2975	0.2562	0.2637	0.2711	0.2790	0.2729	0.2998	0.3122	0.3354	0.4013	0.4531	0.6012	0.8588	0.8272	0.8914	0.8873	0.8242	0.7441	0.7051	0.6891	0.6929	0.6865	0.6606	0.6332	0.5925	0.5530	0.5646	0.5672	0.5447	0.5144	0.5005	0.5046	0.4728	0.4378	0.4275	0.4164	0.3990
0.0356	0.0549	0.1027	0.1150	0.1480	0.2076	0.3244	0.5272	0.6198	0.6076	0.6930	0.6752	0.6701	0.6241	0.6497	0.6713	0.6966	0.7399	0.7357	0.6974	0.7496	0.7303	0.7071	0.6996	0.6758	0.5727	0.5047	0.4502	0.3317	0.2541	0.2414	0.2490	0.2531	0.2337	0.2398	0.2584	0.2520	0.2560	0.2598	0.2642	0.2832	0.3021	0.3227	0.3828	0.5217	0.6729	0.9555	0.9201	0.8254	0.7663	0.8188	0.7443	0.7238	0.7260	0.6892	0.6567	0.6455	0.5846	0.5776	0.5763	0.5675	0.5328	0.5503	0.5233	0.5088	0.4963	0.4866	0.4509	0.4179
0.0242	0.0443	0.0656	0.0716	0.0904	0.1188	0.1417	0.1820	0.2434	0.3565	0.4279	0.4396	0.4229	0.3274	0.2905	0.3401	0.3807	0.4858	0.5115	0.5053	0.5025	0.4692	0.4773	0.4415	0.3773	0.2748	0.2274	0.2207	0.2120	0.2136	0.2127	0.2032	0.2056	0.2152	0.2102	0.2018	0.2083	0.2319	0.2265	0.2457	0.2845	0.2782	0.2940	0.3439	0.3832	0.5210	0.8952	1.0000	0.8934	0.8720	0.8380	0.8267	0.7820	0.7637	0.7422	0.7236	0.7152	0.6880	0.6595	0.6443	0.6074	0.5667	0.5695	0.5472	0.5043	0.5443	0.5172	0.4723	0.4486
0.0262	0.0237	0.0408	0.0581	0.0545	0.0770	0.0909	0.0867	0.1037	0.1325	0.1467	0.1517	0.1571	0.1460	0.1479	0.1719	0.1765	0.1926	0.1940	0.2051	0.1986	0.1685	0.1941	0.1844	0.1694	0.1530	0.1499	0.1673	0.1600	0.1607	0.1737	0.1762	0.1681	0.1793	0.1707	0.1700	0.1855	0.1912	0.2101	0.2109	0.2260	0.2445	0.2553	0.2945	0.3520	0.4323	0.7613	0.9933	0.9657	0.9194	0.8559	0.8569	0.7674	0.7524	0.7413	0.7920	0.7710	0.7109	0.6776	0.6780	0.6239	0.6107	0.6000	0.5502	0.5118	0.5488	0.5219	0.4747	0.4622
0.0172	0.0181	0.0257	0.0407	0.0497	0.0496	0.0704	0.0796	0.0793	0.0885	0.0953	0.0804	0.1101	0.1010	0.1048	0.1169	0.1123	0.1141	0.1156	0.1278	0.1280	0.1049	0.1118	0.1350	0.1243	0.1107	0.1185	0.1119	0.1237	0.1216	0.1153	0.1318	0.1406	0.1391	0.1412	0.1384	0.1461	0.1612	0.1615	0.1534	0.1670	0.1815	0.1865	0.2182	0.2501	0.3231	0.5233	0.8183	0.9090	0.9296	0.8933	0.7706	0.7285	0.6581	0.6775	0.7685	0.6971	0.6300	0.6082	0.6684	0.6715	0.6352	0.5953	0.5600	0.5183	0.5423	0.5072	0.4897	0.4481
0.0130	0.0248	0.0293	0.0442	0.0483	0.0506	0.0619	0.0623	0.0789	0.0718	0.0771	0.0674	0.0803	0.0745	0.0639	0.0824	0.0904	0.1024	0.0975	0.1072	0.0998	0.0961	0.0881	0.1025	0.0989	0.1010	0.1013	0.0955	0.1019	0.1084	0.1056	0.1052	0.1087	0.1012	0.1116	0.1119	0.1114	0.1222	0.1272	0.1147	0.1184	0.1281	0.1369	0.1511	0.1706	0.1895	0.2257	0.3283	0.4758	0.6669	0.7067	0.4760	0.4292	0.3457	0.4087	0.5254	0.4788	0.4140	0.3621	0.4918	0.6082	0.6329	0.6438	0.5923	0.5324	0.5157	0.4734	0.4551	0.4771
0.0021	0.0248	0.0262	0.0370	0.0378	0.0488	0.0513	0.0612	0.0684	0.0660	0.0683	0.0729	0.0735	0.0687	0.0537	0.0758	0.0818	0.0829	0.0892	0.0869	0.0797	0.0843	0.0908	0.0846	0.0801	0.0825	0.0926	0.0850	0.0964	0.0899	0.0940	0.0944	0.0866	0.0970	0.0972	0.0880	0.0917	0.0972	0.0962	0.0921	0.1049	0.1088	0.1120	0.1239	0.1337	0.1301	0.1392	0.1564	0.1654	0.2114	0.2599	0.2058	0.1998	0.1828	0.2219	0.2580	0.2533	0.2442	0.2515	0.2923	0.4119	0.6027	0.6289	0.5755	0.5107	0.4820	0.4552	0.4502	0.4287
0.0148	0.0172	0.0219	0.0301	0.0303	0.0380	0.0462	0.0592	0.0476	0.0512	0.0539	0.0660	0.0680	0.0521	0.0637	0.0721	0.0809	0.0829	0.0783	0.0825	0.0658	0.0715	0.0820	0.0813	0.0773	0.0805	0.0729	0.0742	0.0858	0.0814	0.0858	0.0759	0.0831	0.0835	0.0853	0.0886	0.0863	0.0824	0.0771	0.0817	0.0849	0.0903	0.0835	0.0858	0.1008	0.1087	0.1211	0.1294	0.1187	0.1289	0.1390	0.1369	0.1483	0.1383	0.1538	0.1946	0.1922	0.1864	0.2111	0.2563	0.3618	0.5768	0.6275	0.5559	0.4904	0.4699	0.4416	0.4700	0.3139
0.0167	0.0245	0.0245	0.0275	0.0206	0.0251	0.0412	0.0497	0.0402	0.0341	0.0436	0.0605	0.0669	0.0516	0.0651	0.0616	0.0679	0.0684	0.0615	0.0576	0.0607	0.0620	0.0644	0.0725	0.0671	0.0687	0.0624	0.0656	0.0677	0.0724	0.0756	0.0674	0.0774	0.0745	0.0718	0.0653	0.0703	0.0723	0.0731	0.0706	0.0649	0.0716	0.0728	0.0801	0.0877	0.0926	0.0965	0.1141	0.1015	0.1155	0.1143	0.1067	0.1055	0.1101	0.1176	0.1390	0.1439	0.1454	0.1739	0.2280	0.2696	0.4646	0.5428	0.5137	0.4793	0.4436	0.4278	0.4332	0.2858
0.0000	0.0000	0.0251	0.0182	0.0101	0.0372	0.0339	0.0357	0.0300	0.0504	0.0370	0.0425	0.0512	0.0569	0.0584	0.0579	0.0521	0.0570	0.0579	0.0566	0.0594	0.0617	0.0545	0.0655	0.0627	0.0628	0.0630	0.0548	0.0606	0.0596	0.0639	0.0639	0.0655	0.0658	0.0625	0.0594	0.0554	0.0656	0.0727	0.0676	0.0647	0.0742	0.0709	0.0651	0.0776	0.0786	0.0919	0.0934	0.0854	0.0827	0.0825	0.0847	0.0897	0.0828	0.0902	0.1092	0.1115	0.1069	0.1274	0.1510	0.1763	0.2305	0.3168	0.4796	0.4841	0.4387	0.4053	0.3347	0.1913
0.0000	0.0000	0.0102	0.0056	0.0062	0.0173	0.0227	0.0386	0.0374	0.0419	0.0301	0.0446	0.0419	0.0415	0.0535	0.0545	0.0567	0.0521	0.0525	0.0555	0.0664	0.0549	0.0461	0.0535	0.0523	0.0703	0.0707	0.0532	0.0486	0.0492	0.0554	0.0587	0.0529	0.0599	0.0532	0.0619	0.0614	0.0638	0.0650	0.0667	0.0681	0.0731	0.0707	0.0657	0.0682	0.0710	0.0842	0.0778	0.0755	0.0732	0.0772	0.0779	0.0791	0.0801	0.0897	0.0876	0.0878	0.0811	0.0885	0.0988	0.1176	0.1338	0.1795	0.3749	0.4431	0.3641	0.2408	0.1612	0.1099
0.0000	0.0000	0.0023	0.0067	0.0127	0.0284	0.0221	0.0245	0.0330	0.0290	0.0318	0.0317	0.0334	0.0389	0.0412	0.0534	0.0599	0.0552	0.0464	0.0485	0.0577	0.0499	0.0465	0.0583	0.0590	0.0522	0.0568	0.0582	0.0512	0.0485	0.0479	0.0506	0.0521	0.0652	0.0543	0.0618	0.0585	0.0669	0.0590	0.0562	0.0575	0.0603	0.0577	0.0607	0.0655	0.0644	0.0642	0.0669	0.0644	0.0686	0.0769	0.0700	0.0685	0.0737	0.0725	0.0667	0.0748	0.0725	0.0711	0.0848	0.0874	0.0929	0.1046	0.1451	0.1855	0.1472	0.1015	0.0944	0.0826
0.0000	0.0016	0.0024	0.0121	0.0086	0.0159	0.0252	0.0274	0.0143	0.0142	0.0221	0.0218	0.0268	0.0380	0.0265	0.0386	0.0445	0.0478	0.0366	0.0389	0.0435	0.0475	0.0441	0.0523	0.0565	0.0478	0.0443	0.0460	0.0543	0.0492	0.0535	0.0473	0.0463	0.0480	0.0479	0.0531	0.0510	0.0523	0.0479	0.0558	0.0474	0.0461	0.0575	0.0525	0.0627	0.0611	0.0588	0.0550	0.0564	0.0661	0.0618	0.0598	0.0654	0.0590	0.0620	0.0659	0.0709	0.0676	0.0618	0.0716	0.0793	0.0696	0.0698	0.0793	0.0895	0.0834	0.0742	0.0729	0.0710
0.0000	0.0000	0.0000	0.0003	0.0000	0.0004	0.0169	0.0107	0.0055	0.0076	0.0198	0.0247	0.0184	0.0173	0.0150	0.0333	0.0336	0.0408	0.0443	0.0387	0.0323	0.0363	0.0346	0.0383	0.0381	0.0425	0.0357	0.0401	0.0497	0.0439	0.0412	0.0387	0.0494	0.0397	0.0406	0.0442	0.0386	0.0497	0.0500	0.0459	0.0424	0.0438	0.0521	0.0535	0.0490	0.0490	0.0596	0.0543	0.0574	0.0583	0.0600	0.0639	0.0596	0.0527	0.0630	0.0655	0.0690	0.0568	0.0642	0.0664	0.0686	0.0613	0.0652	0.0710	0.0753	0.0733	0.0691	0.0664	0.0610
0.0000	0.0000	0.0000	0.0099	0.0000	0.0040	0.0002	0.0023	0.0055	0.0080	0.0257	0.0359	0.0386	0.0246	0.0268	0.0279	0.0378	0.0393	0.0378	0.0273	0.0326	0.0285	0.0326	0.0360	0.0383	0.0443	0.0407	0.0390	0.0297	0.0486	0.0350	0.0329	0.0433	0.0387	0.0393	0.0400	0.0405	0.0507	0.0497	0.0486	0.0491	0.0429	0.0500	0.0518	0.0515	0.0506	0.0558	0.0557	0.0510	0.0585	0.0650	0.0619	0.0628	0.0588	0.0661	0.0631	0.0541	0.0531	0.0667	0.0609	0.0633	0.0534	0.0624	0.0583	0.0627	0.0567	0.0590	0.0670	0.0521
0.0000	0.0000	0.0000	0.0065	0.0000	0.0000	0.0133	0.0165	0.0063	0.0075	0.0281	0.0373	0.0352	0.0227	0.0179	0.0224	0.0261	0.0312	0.0297	0.0317	0.0401	0.0329	0.0328	0.0349	0.0369	0.0325	0.0422	0.0420	0.0351	0.0479	0.0369	0.0342	0.0341	0.0423	0.0405	0.0413	0.0392	0.0453	0.0401	0.0397	0.0439	0.0460	0.0470	0.0424	0.0452	0.0521	0.0538	0.0600	0.0578	0.0535	0.0549	0.0568	0.0530	0.0515	0.0591	0.0604	0.0574	0.0503	0.0522	0.0517	0.0524	0.0524	0.0535	0.0611	0.0509	0.0489	0.0502	0.0447	0.0385
0.0000	0.0000	0.0000	0.0000	0.0000	0.0024	0.0046	0.0067	0.0070	0.0143	0.0198	0.0194	0.0170	0.0204	0.0210	0.0263	0.0203	0.0141	0.0247	0.0222	0.0324	0.0289	0.0319	0.0376	0.0323	0.0369	0.0318	0.0350	0.0396	0.0434	0.0394	0.0335	0.0308	0.0348	0.0405	0.0410	0.0406	0.0368	0.0362	0.0398	0.0414	0.0467	0.0465	0.0387	0.0424	0.0457	0.0547	0.0542	0.0543	0.0465	0.0457	0.0475	0.0472	0.0487	0.0468	0.0522	0.0477	0.0417	0.0442	0.0514	0.0475	0.0483	0.0488	0.0527	0.0505	0.0460	0.0505	0.0508	0.0450
0.0000	0.0000	0.0000	0.0000	0.0000	0.0012	0.0000	0.0123	0.0156	0.0006	0.0104	0.0101	0.0076	0.0237	0.0140	0.0259	0.0151	0.0228	0.0337	0.0247	0.0261	0.0376	0.0239	0.0432	0.0439	0.0314	0.0371	0.0364	0.0322	0.0362	0.0278	0.0272	0.0318	0.0279	0.0284	0.0322	0.0417	0.0399	0.0352	0.0311	0.0415	0.0467	0.0426	0.0418	0.0457	0.0403	0.0476	0.0405	0.0423	0.0482	0.0540	0.0456	0.0491	0.0412	0.0406	0.0460	0.0409	0.0426	0.0503	0.0558	0.0481	0.0423	0.0496	0.0615	0.0663	0.0473	0.0500	0.0478	0.0413
