0.0000	0.0000	0.0000	0.0043	0.0006	0.0032	0.0000	0.0138	0.0142	0.0000	0.0057	0.0287	0.0244	0.0236	0.0216	0.0418	0.0587	0.0247	0.0317	0.0386	0.0325	0.0376	0.0518	0.0535	0.0731	0.0731	0.0772	0.0597	0.0587	0.0812	0.0827	0.0797	0.0970	0.0895	0.0905	0.0815	0.0760	0.0788	0.0811	0.0741	0.0889	0.0787	0.0800	0.0869	0.0765	0.0858	0.0998	0.0788	0.0862	0.0954	0.0777	0.0590	0.0732	0.0736	0.0749	0.0825	0.0687	0.0655	0.0656	0.0573	0.0481	0.0522	0.0491	0.0484	0.0536	0.0365	0.0262	0.0345	0.0454
0.0000	0.0000	0.0000	0.0029	0.0000	0.0097	0.0110	0.0139	0.0313	0.0070	0.0164	0.0269	0.0345	0.0306	0.0274	0.0325	0.0420	0.0503	0.0504	0.0349	0.0540	0.0593	0.0742	0.0668	0.0810	0.0654	0.0695	0.0756	0.0825	0.0806	0.0965	0.0956	0.1044	0.1030	0.0929	0.1092	0.0871	0.0812	0.1118	0.1010	0.0971	0.0988	0.0901	0.0846	0.0884	0.0838	0.0995	0.1053	0.0937	0.0966	0.1075	0.0704	0.0680	0.0799	0.0798	0.0815	0.0671	0.0638	0.0799	0.0750	0.0678	0.0468	0.0442	0.0499	0.0530	0.0484	0.0359	0.0398	0.0572
0.0000	0.0000	0.0000	0.0029	0.0065	0.0032	0.0073	0.0129	0.0201	0.0181	0.0351	0.0252	0.0304	0.0416	0.0311	0.0426	0.0422	0.0383	0.0522	0.0621	0.0591	0.0644	0.0706	0.0688	0.0737	0.0779	0.0919	0.0872	0.0813	0.0855	0.1130	0.0972	0.0841	0.1054	0.1017	0.1000	0.1093	0.0915	0.1006	0.1040	0.1075	0.1119	0.1038	0.0906	0.0891	0.0971	0.0960	0.1032	0.0967	0.0970	0.1034	0.1067	0.0942	0.1032	0.1025	0.0824	0.0750	0.0784	0.0805	0.0943	0.0831	0.0748	0.0749	0.0691	0.0565	0.0556	0.0501	0.0646	0.0567
0.0000	0.0000	0.0112	0.0147	0.0025	0.0077	0.0152	0.0223	0.0275	0.0310	0.0321	0.0269	0.0402	0.0359	0.0334	0.0380	0.0354	0.0435	0.0700	0.0731	0.0601	0.0653	0.0665	0.0775	0.0676	0.0744	0.0817	0.0581	0.0908	0.0952	0.0762	0.0923	0.0965	0.1097	0.1057	0.0929	0.0977	0.1018	0.0905	0.1022	0.1095	0.1223	0.1225	0.1107	0.0941	0.1060	0.0930	0.0880	0.0965	0.0941	0.1122	0.1166	0.1146	0.0974	0.0976	0.0928	0.0839	0.0869	0.0817	0.0810	0.0847	0.0795	0.0834	0.0833	0.0722	0.0700	0.0564	0.0594	0.0660
0.0000	0.0000	0.0100	0.0145	0.0025	0.0094	0.0203	0.0223	0.0200	0.0207	0.0271	0.0331	0.0606	0.0596	0.0318	0.0387	0.0431	0.0477	0.0480	0.0630	0.0700	0.0609	0.0676	0.0773	0.0668	0.0699	0.0880	0.0626	0.0848	0.0860	0.0923	0.1024	0.1104	0.1123	0.1164	0.1008	0.0989	0.0966	0.1081	0.1010	0.0991	0.1040	0.1051	0.1049	0.1094	0.1083	0.1140	0.1028	0.1079	0.0904	0.1133	0.1059	0.1126	0.1171	0.1148	0.1065	0.0847	0.0854	0.1027	0.0992	0.0844	0.0812	0.0855	0.0904	0.0803	0.0771	0.0767	0.0774	0.0652
0.0000	0.0000	0.0000	0.0174	0.0177	0.0111	0.0176	0.0271	0.0354	0.0210	0.0306	0.0512	0.0675	0.0557	0.0486	0.0636	0.0592	0.0479	0.0462	0.0677	0.0534	0.0623	0.0582	0.0708	0.0877	0.0792	0.0905	0.0853	0.1003	0.0949	0.1047	0.1014	0.1202	0.1224	0.1255	0.1166	0.1134	0.1068	0.1035	0.0996	0.0951	0.1176	0.1200	0.1231	0.1270	0.1053	0.1135	0.1140	0.1114	0.1188	0.1245	0.1350	0.1216	0.1250	0.1353	0.1211	0.1212	0.0952	0.1073	0.1048	0.1039	0.0964	0.1073	0.1051	0.0833	0.0845	0.0819	0.0770	0.0760
0.0000	0.0000	0.0000	0.0209	0.0144	0.0157	0.0276	0.0204	0.0267	0.0373	0.0419	0.0565	0.0592	0.0392	0.0411	0.0565	0.0653	0.0802	0.0640	0.0613	0.0578	0.0743	0.0610	0.0831	0.0896	0.0915	0.0877	0.0967	0.1001	0.1051	0.0964	0.0932	0.1051	0.1136	0.1120	0.1116	0.1125	0.1180	0.1070	0.1038	0.1123	0.1265	0.1338	0.1332	0.1217	0.1225	0.1317	0.1511	0.1299	0.1297	0.1539	0.1624	0.1380	0.1414	0.1542	0.1402	0.1394	0.1169	0.1145	0.1204	0.1043	0.1068	0.1115	0.1214	0.1164	0.0899	0.0869	0.0973	0.0916
0.0000	0.0070	0.0090	0.0075	0.0163	0.0258	0.0218	0.0297	0.0411	0.0437	0.0472	0.0659	0.0532	0.0563	0.0547	0.0645	0.0694	0.0849	0.0770	0.0773	0.0914	0.1059	0.0896	0.0916	0.1081	0.0974	0.0861	0.1080	0.1177	0.1062	0.1103	0.1114	0.1209	0.1340	0.1223	0.1140	0.1316	0.1367	0.1355	0.1330	0.1582	0.1626	0.1661	0.1301	0.1331	0.1470	0.1541	0.1643	0.1684	0.1452	0.1570	0.2014	0.2004	0.1703	0.1699	0.1715	0.1427	0.1208	0.1299	0.1297	0.1266	0.1218	0.1154	0.1287	0.1370	0.1072	0.1165	0.1157	0.1143
0.0003	0.0066	0.0142	0.0171	0.0286	0.0338	0.0146	0.0419	0.0554	0.0415	0.0670	0.0556	0.0569	0.0619	0.0703	0.0822	0.0891	0.0777	0.0905	0.0891	0.1032	0.1025	0.1003	0.0839	0.1009	0.1134	0.0990	0.1112	0.1303	0.1251	0.1188	0.1328	0.1491	0.1464	0.1416	0.1348	0.1281	0.1242	0.1426	0.1701	0.1594	0.1699	0.1778	0.1705	0.1736	0.2009	0.1932	0.1945	0.2100	0.2324	0.2614	0.3937	0.4849	0.3409	0.2036	0.2221	0.1857	0.1606	0.1613	0.1507	0.1724	0.1371	0.1245	0.1429	0.1404	0.1383	0.1443	0.1561	0.1662
0.0000	0.0102	0.0199	0.0432	0.0341	0.0199	0.0228	0.0591	0.0642	0.0438	0.0483	0.0579	0.0621	0.0661	0.0851	0.0838	0.0896	0.0820	0.0928	0.0999	0.1001	0.0942	0.0919	0.0977	0.1130	0.1287	0.1136	0.1067	0.1262	0.1173	0.1190	0.1313	0.1444	0.1616	0.1489	0.1467	0.1457	0.1678	0.1694	0.1957	0.1844	0.1886	0.2071	0.2437	0.2783	0.2360	0.2436	0.2524	0.2778	0.3641	0.4738	0.5378	0.5976	0.4361	0.3772	0.4083	0.2759	0.2174	0.1920	0.1723	0.2049	0.1773	0.1704	0.1827	0.1655	0.1629	0.1809	0.2439	0.2914
0.0113	0.0050	0.0192	0.0275	0.0292	0.0311	0.0426	0.0556	0.0600	0.0483	0.0539	0.0622	0.0743	0.0746	0.0661	0.0894	0.1006	0.0937	0.0935	0.1023	0.1030	0.1006	0.1098	0.1112	0.1295	0.1251	0.1245	0.1320	0.1563	0.1483	0.1382	0.1603	0.1666	0.1648	0.1885	0.1759	0.1901	0.2171	0.2118	0.2203	0.2547	0.3187	0.3695	0.4954	0.5932	0.4213	0.4081	0.3565	0.4157	0.5424	0.6073	0.6410	0.5798	0.5215	0.5306	0.5423	0.4207	0.2651	0.2066	0.2208	0.2236	0.1907	0.1970	0.2125	0.2270	0.2200	0.3079	0.3915	0.3670
0.0020	0.0114	0.0336	0.0366	0.0456	0.0520	0.0467	0.0556	0.0557	0.0328	0.0598	0.0815	0.0830	0.0799	0.0734	0.0872	0.1104	0.1133	0.1037	0.1025	0.1083	0.1075	0.1181	0.1126	0.1400	0.1323	0.1447	0.1429	0.1591	0.1798	0.1765	0.1974	0.2061	0.2112	0.2408	0.2157	0.2540	0.2868	0.3164	0.3295	0.3954	0.5886	0.7063	0.7163	0.6968	0.6301	0.6245	0.5366	0.5903	0.6393	0.6184	0.6424	0.6390	0.6218	0.5748	0.5729	0.5511	0.3688	0.2562	0.2573	0.2514	0.2312	0.2396	0.2703	0.2540	0.2395	0.3776	0.4086	0.3597
0.0169	0.0192	0.0334	0.0391	0.0348	0.0415	0.0493	0.0651	0.0794	0.0591	0.0729	0.0794	0.0820	0.0849	0.0911	0.0818	0.1017	0.1015	0.1130	0.1203	0.1268	0.1360	0.1273	0.1519	0.1492	0.1663	0.1702	0.1807	0.2068	0.2178	0.2649	0.2822	0.2859	0.3372	0.3694	0.3676	0.3844	0.3829	0.4368	0.5364	0.6717	0.7375	0.7454	0.6982	0.6546	0.6348	0.6714	0.6742	0.6534	0.6549	0.6663	0.6224	0.6505	0.6461	0.6030	0.5895	0.5692	0.4655	0.3712	0.3116	0.2656	0.2824	0.2828	0.3024	0.3283	0.3407	0.4245	0.4221	0.3295
0.0148	0.0251	0.0288	0.0442	0.0381	0.0352	0.0743	0.0976	0.0810	0.0795	0.0810	0.0862	0.1104	0.1255	0.1031	0.1116	0.1225	0.1258	0.1409	0.1499	0.1463	0.1615	0.1791	0.1692	0.1933	0.2299	0.2447	0.2692	0.2998	0.3779	0.6003	0.6279	0.6086	0.6580	0.6990	0.6958	0.6315	0.5438	0.5976	0.7271	0.7440	0.7234	0.6993	0.6712	0.6692	0.6636	0.6391	0.6455	0.6273	0.6090	0.6944	0.7209	0.6529	0.5900	0.5769	0.5939	0.5659	0.5552	0.5188	0.4629	0.3675	0.3156	0.3460	0.3832	0.4444	0.4617	0.4759	0.3738	0.3501
0.0229	0.0062	0.0383	0.0514	0.0435	0.0523	0.0699	0.0853	0.1015	0.0793	0.1073	0.1415	0.1270	0.0966	0.1188	0.1331	0.1597	0.1686	0.1673	0.1753	0.1947	0.2056	0.2142	0.2452	0.2575	0.2864	0.3362	0.3986	0.4796	0.7246	0.9546	1.0000	0.9818	0.9499	0.8747	0.8792	0.8301	0.7668	0.7412	0.7314	0.7114	0.6900	0.6769	0.6645	0.6396	0.6132	0.6048	0.6652	0.6682	0.6448	0.6389	0.6847	0.6103	0.5037	0.5511	0.5560	0.5793	0.5726	0.5383	0.5468	0.4651	0.3686	0.4641	0.5087	0.4773	0.4500	0.4520	0.3757	0.3487
0.0247	0.0294	0.0433	0.0530	0.0618	0.0894	0.0844	0.0928	0.1007	0.0996	0.1096	0.1429	0.1466	0.1408	0.1625	0.1607	0.2101	0.2158	0.2374	0.2479	0.2571	0.2606	0.2631	0.2988	0.3328	0.3736	0.5339	0.6811	0.7887	0.8660	0.9085	0.9028	0.8855	0.8751	0.7976	0.7671	0.7637	0.7353	0.6448	0.6645	0.6874	0.6429	0.6546	0.6380	0.6031	0.6372	0.6193	0.6545	0.6509	0.6716	0.6513	0.6812	0.6200	0.5464	0.5540	0.5951	0.5816	0.5603	0.5545	0.5908	0.5537	0.4888	0.5480	0.5845	0.4604	0.4130	0.4264	0.4081	0.3400
0.0389	0.0483	0.0547	0.0752	0.0740	0.1110	0.1267	0.1331	0.1318	0.1325	0.1651	0.2037	0.2148	0.2197	0.2289	0.2381	0.2788	0.2840	0.3002	0.3487	0.3692	0.3139	0.3192	0.3614	0.4282	0.5382	0.7836	0.8333	0.8409	0.7542	0.7545	0.7783	0.7792	0.7147	0.7194	0.6803	0.6762	0.6520	0.6353	0.5797	0.5851	0.5820	0.6434	0.6206	0.5742	0.5615	0.5674	0.6254	0.6054	0.6178	0.6298	0.6373	0.5960	0.5827	0.5611	0.5413	0.5296	0.5249	0.5256	0.5555	0.5235	0.5033	0.5316	0.5566	0.4393	0.3779	0.3986	0.3833	0.3319
0.0515	0.0630	0.0803	0.1345	0.1506	0.2081	0.2435	0.2763	0.2865	0.2765	0.2924	0.3077	0.3104	0.3660	0.3952	0.3948	0.4223	0.4239	0.5115	0.6689	0.6573	0.5048	0.4333	0.5288	0.5675	0.6468	0.7382	0.7572	0.6789	0.6708	0.6606	0.6577	0.6519	0.6539	0.6228	0.5696	0.6035	0.5755	0.5813	0.5654	0.5496	0.5516	0.5764	0.5733	0.5796	0.5305	0.5596	0.6001	0.6159	0.5902	0.5749	0.5868	0.5771	0.5695	0.5483	0.5025	0.4981	0.4958	0.5161	0.5136	0.5166	0.4929	0.5013	0.4878	0.4275	0.3756	0.3735	0.3603	0.3478
0.0931	0.1183	0.1739	0.2750	0.3469	0.4046	0.4481	0.4959	0.5988	0.5524	0.5271	0.5439	0.6162	0.6449	0.6652	0.7141	0.7908	0.7697	0.8102	0.8804	0.8928	0.7769	0.7010	0.7339	0.7228	0.7120	0.7116	0.6331	0.6404	0.6391	0.5822	0.5772	0.5776	0.6390	0.5808	0.5863	0.5501	0.5562	0.5355	0.5483	0.5343	0.4859	0.5128	0.5368	0.5668	0.5526	0.5443	0.5375	0.5583	0.5789	0.5931	0.5822	0.5269	0.5464	0.5403	0.4858	0.4704	0.4529	0.4753	0.4896	0.5159	0.4600	0.4479	0.4398	0.4060	0.3743	0.3795	0.3669	0.3766
0.1773	0.2593	0.3221	0.3604	0.4026	0.4354	0.4769	0.4727	0.5509	0.5809	0.6019	0.6240	0.7054	0.6766	0.6801	0.7241	0.7642	0.8356	0.8180	0.7998	0.7580	0.7501	0.7449	0.7044	0.6779	0.6215	0.6374	0.5747	0.5708	0.6222	0.5853	0.5898	0.6042	0.6221	0.5798	0.6016	0.5241	0.5573	0.5212	0.5021	0.4977	0.4795	0.5085	0.5180	0.5504	0.5201	0.5094	0.5514	0.5467	0.5451	0.5395	0.5333	0.5085	0.5132	0.5145	0.5035	0.4943	0.4722	0.4930	0.4551	0.4604	0.4316	0.4091	0.4254	0.4223	0.3969	0.3725	0.3673	0.3430
0.1803	0.2232	0.2618	0.2557	0.2830	0.2975	0.3326	0.3588	0.4042	0.4351	0.4680	0.5482	0.6106	0.6064	0.5916	0.6439	0.6832	0.6985	0.6927	0.6535	0.6599	0.6244	0.6020	0.5911	0.5760	0.5699	0.5291	0.5405	0.5858	0.5512	0.6305	0.6225	0.6226	0.6488	0.6085	0.5804	0.5631	0.5683	0.5452	0.5102	0.4944	0.4777	0.4955	0.5204	0.4929	0.4879	0.4985	0.5303	0.5088	0.5448	0.5283	0.5370	0.4838	0.5116	0.5095	0.5054	0.4833	0.4655	0.4652	0.4558	0.4402	0.4460	0.4520	0.4285	0.4099	0.3888	0.3874	0.3703	0.3272
0.1653	0.1989	0.1958	0.2283	0.2376	0.2547	0.2904	0.3501	0.3990	0.4082	0.4432	0.4760	0.5201	0.5613	0.5671	0.5736	0.6718	0.6553	0.6034	0.5758	0.5789	0.5717	0.5702	0.5101	0.5052	0.5274	0.5292	0.5448	0.5754	0.5696	0.5795	0.6089	0.5914	0.5874	0.5948	0.5406	0.5173	0.5541	0.5333	0.5265	0.5370	0.5008	0.5047	0.5397	0.5081	0.5056	0.5164	0.5233	0.4756	0.5081	0.5322	0.5135	0.5012	0.4878	0.4770	0.5052	0.4814	0.4932	0.4675	0.4349	0.4338	0.4362	0.4159	0.3968	0.3792	0.3664	0.3546	0.3442	0.3253
0.1350	0.1804	0.2009	0.2169	0.2208	0.2604	0.2949	0.2937	0.3382	0.3565	0.4236	0.4500	0.4894	0.5099	0.4890	0.5379	0.5903	0.5819	0.5243	0.5333	0.5214	0.5430	0.5307	0.5265	0.5139	0.4779	0.5047	0.5430	0.5607	0.6167	0.5752	0.5632	0.6049	0.6040	0.5431	0.5417	0.5248	0.5528	0.5352	0.5304	0.5205	0.4952	0.4899	0.4882	0.4963	0.4997	0.4808	0.5116	0.4873	0.4956	0.5116	0.5347	0.5335	0.5061	0.5132	0.5051	0.4870	0.4555	0.4398	0.4494	0.4306	0.4293	0.4232	0.3940	0.3810	0.3753	0.3702	0.3234	0.3161
0.1236	0.1651	0.2049	0.2255	0.2357	0.2551	0.2813	0.2894	0.2832	0.3047	0.3330	0.3870	0.4097	0.4529	0.4726	0.4562	0.4948	0.5502	0.5119	0.4961	0.4979	0.5296	0.5123	0.4823	0.5373	0.5060	0.5245	0.5562	0.5781	0.6088	0.5722	0.5914	0.5720	0.6064	0.5826	0.5629	0.5502	0.5452	0.5224	0.5336	0.4906	0.4916	0.5111	0.5114	0.5002	0.5068	0.5120	0.5107	0.4947	0.4888	0.4551	0.4885	0.4961	0.4975	0.4631	0.4931	0.4823	0.4803	0.4549	0.4413	0.4220	0.4254	0.4250	0.4120	0.3718	0.3569	0.3236	0.3370	0.3210
0.1572	0.1781	0.2339	0.2459	0.2625	0.2723	0.2807	0.2864	0.3134	0.3325	0.3369	0.3576	0.4034	0.4274	0.4484	0.4415	0.4397	0.4775	0.4897	0.4819	0.5103	0.4999	0.4872	0.5339	0.5370	0.5472	0.5391	0.5519	0.5980	0.5714	0.5635	0.6027	0.5995	0.5945	0.5852	0.5622	0.5694	0.5502	0.5477	0.5406	0.5431	0.5213	0.5254	0.5147	0.5054	0.4919	0.5167	0.5012	0.4993	0.5032	0.4897	0.4755	0.4868	0.4754	0.4799	0.4868	0.4671	0.4680	0.4478	0.4642	0.4356	0.3999	0.4184	0.3858	0.3790	0.3582	0.3164	0.3216	0.3108
0.1471	0.1851	0.2394	0.2676	0.2514	0.2635	0.2819	0.2998	0.3282	0.3206	0.3502	0.3710	0.4154	0.4290	0.4146	0.4518	0.4697	0.4683	0.4848	0.4794	0.5200	0.5079	0.5148	0.5005	0.5050	0.5027	0.5787	0.5604	0.5763	0.5764	0.6291	0.6022	0.5983	0.5932	0.5964	0.5585	0.5351	0.5427	0.5852	0.5322	0.5563	0.5353	0.4838	0.5216	0.5355	0.5147	0.5062	0.5173	0.5195	0.4992	0.5319	0.4950	0.4984	0.4778	0.4987	0.5008	0.5025	0.4982	0.4469	0.4390	0.4447	0.4088	0.4055	0.3901	0.3783	0.3584	0.3461	0.3182	0.3136
0.1708	0.2054	0.2579	0.2972	0.2970	0.2795	0.2791	0.3109	0.2980	0.2990	0.3261	0.3744	0.4322	0.4293	0.4482	0.4387	0.4672	0.4649	0.5057	0.4792	0.5111	0.4983	0.5046	0.5128	0.4628	0.4905	0.5645	0.5590	0.5498	0.5640	0.5813	0.5973	0.6001	0.5707	0.5460	0.5260	0.5277	0.5213	0.5614	0.5610	0.5583	0.5162	0.5050	0.5124	0.5406	0.5073	0.4744	0.4962	0.5161	0.5064	0.5267	0.5077	0.4700	0.4933	0.4774	0.4871	0.4782	0.4772	0.4526	0.4622	0.4363	0.3966	0.4024	0.3777	0.3739	0.3501	0.3354	0.3155	0.2816
0.1837	0.2228	0.2499	0.2939	0.2997	0.3152	0.3113	0.3153	0.2850	0.3332	0.3373	0.3865	0.3995	0.4320	0.4450	0.4280	0.4345	0.4563	0.4883	0.5086	0.5107	0.5230	0.4915	0.5021	0.4964	0.5057	0.5567	0.5500	0.5918	0.5760	0.5554	0.6173	0.5671	0.5407	0.5472	0.5375	0.5225	0.5268	0.5305	0.5423	0.5575	0.5449	0.5122	0.4939	0.5201	0.5041	0.5102	0.5146	0.5306	0.4884	0.5321	0.5112	0.5186	0.5092	0.4890	0.4854	0.4786	0.4459	0.4347	0.4620	0.4232	0.3965	0.4012	0.3617	0.3607	0.3541	0.3404	0.3290	0.3045
0.1872	0.2230	0.2497	0.2597	0.2757	0.2723	0.3028	0.3050	0.3383	0.3426	0.3650	0.3859	0.4074	0.4372	0.4441	0.4444	0.4725	0.4818	0.5123	0.4963	0.4915	0.4823	0.4906	0.5229	0.5350	0.5269	0.5442	0.6064	0.6327	0.5585	0.5608	0.6015	0.5988	0.5513	0.5584	0.5516	0.5387	0.5774	0.5280	0.5272	0.5388	0.5046	0.5019	0.5080	0.5003	0.4975	0.5065	0.5209	0.5181	0.4981	0.5145	0.4787	0.5155	0.4780	0.4652	0.4667	0.4555	0.4550	0.4293	0.4277	0.4034	0.3823	0.3840	0.3833	0.3771	0.3546	0.3460	0.3210	0.3021
0.1601	0.2184	0.2586	0.2836	0.2667	0.2715	0.3087	0.2930	0.3428	0.3568	0.3884	0.4208	0.4327	0.4511	0.4420	0.4797	0.5055	0.5227	0.5184	0.4911	0.4789	0.4983	0.4917	0.5098	0.5206	0.5521	0.5511	0.5890	0.5993	0.5755	0.5746	0.6117	0.6359	0.5839	0.5266	0.5310	0.5540	0.5612	0.5344	0.5290	0.5243	0.5500	0.5140	0.5211	0.5131	0.4913	0.5091	0.5339	0.4909	0.5090	0.4944	0.5038	0.4838	0.4789	0.4744	0.4707	0.4468	0.4492	0.4359	0.4214	0.4021	0.3915	0.3840	0.3829	0.3847	0.3403	0.3455	0.3557	0.3413
0.1396	0.2066	0.2597	0.2872	0.2764	0.2852	0.3276	0.3180	0.3649	0.3693	0.3784	0.4286	0.4321	0.4189	0.4275	0.4894	0.5373	0.5245	0.5068	0.5295	0.5212	0.5394	0.5038	0.5204	0.5308	0.5573	0.5223	0.5515	0.5594	0.5721	0.5803	0.5920	0.5872	0.5707	0.5619	0.5862	0.5567	0.5166	0.5310	0.5598	0.5015	0.5732	0.5273	0.5130	0.5128	0.4791	0.4697	0.4888	0.4692	0.5137	0.5025	0.5183	0.4786	0.4726	0.4732	0.4345	0.4666	0.4604	0.4306	0.4486	0.3994	0.3822	0.4173	0.3978	0.3932	0.3560	0.3299	0.3473	0.3094
0.1341	0.1673	0.2084	0.2649	0.2691	0.2622	0.2764	0.3058	0.3598	0.3686	0.3844	0.4015	0.4090	0.4245	0.4608	0.4931	0.5310	0.4903	0.5151	0.5132	0.5366	0.5396	0.5262	0.5545	0.5619	0.5664	0.5377	0.5460	0.5852	0.5546	0.5695	0.5875	0.5865	0.5800	0.5989	0.5639	0.5561	0.5534	0.5511	0.5563	0.5224	0.5373	0.5645	0.5013	0.5116	0.4982	0.4884	0.5369	0.4777	0.5105	0.5009	0.4660	0.4752	0.4932	0.4976	0.4663	0.4685	0.4475	0.4213	0.4261	0.4029	0.3936	0.4305	0.4231	0.3874	0.3779	0.3663	0.3584	0.3316
0.1098	0.1608	0.2085	0.2549	0.2488	0.2482	0.2790	0.3094	0.3463	0.3642	0.3553	0.3980	0.4298	0.4428	0.4563	0.5116	0.5439	0.4884	0.5315	0.5553	0.5652	0.5635	0.5198	0.5646	0.6078	0.5710	0.5546	0.5709	0.5746	0.5512	0.5910	0.5820	0.5731	0.5657	0.6047	0.5847	0.5882	0.5629	0.5631	0.5370	0.5700	0.5315	0.5325	0.5351	0.5490	0.5126	0.5133	0.5389	0.5187	0.5113	0.4918	0.4701	0.4924	0.4792	0.4961	0.4676	0.4638	0.4225	0.4171	0.4160	0.4011	0.4211	0.4302	0.4056	0.3705	0.3772	0.3851	0.3612	0.3317
0.0952	0.1300	0.1921	0.2313	0.2222	0.2392	0.2771	0.3280	0.3357	0.3565	0.3725	0.4110	0.4479	0.4917	0.4891	0.5410	0.5560	0.5367	0.5193	0.5515	0.5587	0.5321	0.5224	0.5283	0.5576	0.5748	0.5364	0.5713	0.5589	0.5658	0.5990	0.5682	0.5766	0.6155	0.5999	0.5845	0.5712	0.5575	0.5866	0.5672	0.5620	0.5416	0.5313	0.5404	0.5191	0.5250	0.5562	0.5222	0.5454	0.5477	0.5311	0.4951	0.5028	0.4746	0.4651	0.4500	0.4608	0.4650	0.4594	0.4578	0.4420	0.4263	0.4114	0.4346	0.3764	0.3930	0.4044	0.3757	0.3404
0.1117	0.1435	0.1758	0.1906	0.2375	0.2409	0.2570	0.3175	0.3023	0.3313	0.4105	0.4380	0.4890	0.5621	0.5624	0.5844	0.6287	0.6235	0.5593	0.5809	0.5618	0.5330	0.5321	0.5476	0.5838	0.5545	0.5505	0.5588	0.5300	0.5452	0.5379	0.5707	0.5814	0.5937	0.6234	0.5835	0.5605	0.5620	0.5908	0.5456	0.5692	0.5389	0.5402	0.5282	0.5091	0.5522	0.5486	0.5507	0.5304	0.5951	0.5293	0.5080	0.4991	0.4954	0.4787	0.4424	0.4758	0.4861	0.4805	0.4753	0.4516	0.4066	0.4189	0.4113	0.4202	0.4168	0.3980	0.3581	0.3382
0.1319	0.1592	0.1913	0.2105	0.2539	0.2603	0.2933	0.3300	0.3478	0.3710	0.4464	0.4896	0.5359	0.6284	0.6158	0.6349	0.6268	0.6122	0.6314	0.6453	0.6185	0.5665	0.5651	0.5538	0.5809	0.5983	0.5859	0.5861	0.5848	0.5369	0.5513	0.5523	0.5776	0.6135	0.6038	0.5651	0.5654	0.5605	0.5292	0.5296	0.5553	0.5324	0.5611	0.5705	0.5608	0.5789	0.5814	0.5643	0.5741	0.6247	0.5911	0.5559	0.5057	0.4774	0.4775	0.4707	0.4655	0.4667	0.4532	0.4524	0.4559	0.4134	0.4464	0.4551	0.4340	0.4304	0.4018	0.3664	0.3587
0.1315	0.1590	0.2211	0.2407	0.2651	0.3046	0.3109	0.3631	0.4061	0.4277	0.4523	0.5651	0.5670	0.6193	0.6396	0.6704	0.6886	0.6674	0.6907	0.6947	0.6718	0.6620	0.6230	0.5749	0.5559	0.5767	0.5880	0.5975	0.6182	0.6226	0.5644	0.5946	0.5812	0.6076	0.5815	0.5630	0.5681	0.5504	0.5203	0.5112	0.5537	0.5527	0.5418	0.5844	0.5694	0.5590	0.5751	0.5580	0.6052	0.6135	0.5797	0.5509	0.5380	0.5102	0.4723	0.4475	0.4650	0.4755	0.4731	0.4700	0.4507	0.4530	0.4603	0.4490	0.4357	0.4123	0.4143	0.3897	0.3844
0.1734	0.2200	0.2645	0.2771	0.2823	0.3109	0.3588	0.4052	0.4373	0.4702	0.5042	0.5607	0.5993	0.6295	0.6978	0.7009	0.7229	0.7884	0.7928	0.7593	0.7309	0.7532	0.7491	0.7054	0.6467	0.6256	0.6002	0.5961	0.6210	0.6024	0.6242	0.6504	0.5971	0.5978	0.6131	0.5826	0.5574	0.5572	0.5726	0.5755	0.5779	0.5665	0.5525	0.5677	0.6071	0.6001	0.5930	0.6078	0.5986	0.5946	0.5765	0.5887	0.5609	0.5671	0.5084	0.4620	0.5147	0.4878	0.4903	0.4771	0.4761	0.4697	0.4729	0.4520	0.4576	0.4498	0.4549	0.4235	0.4097
0.1875	0.2707	0.3551	0.3932	0.3812	0.4145	0.4817	0.5261	0.5279	0.5723	0.6142	0.6481	0.7016	0.7312	0.7478	0.7948	0.8359	0.8339	0.8603	0.8125	0.7757	0.8289	0.8307	0.7529	0.7629	0.6899	0.6792	0.6522	0.6575	0.6226	0.6713	0.7166	0.6678	0.6454	0.6584	0.6219	0.5901	0.6038	0.5862	0.6187	0.6003	0.6150	0.6242	0.6429	0.6404	0.6204	0.6006	0.5981	0.6231	0.6269	0.5991	0.6164	0.5861	0.5567	0.5093	0.5099	0.5088	0.5051	0.4909	0.5073	0.5347	0.5046	0.5190	0.4965	0.4709	0.4713	0.4590	0.4405	0.4419
0.1227	0.2016	0.2877	0.3851	0.4481	0.5469	0.6148	0.6618	0.6689	0.6832	0.6523	0.7174	0.7006	0.7112	0.7893	0.8048	0.8152	0.8443	0.8553	0.8564	0.8530	0.8232	0.7556	0.7524	0.7758	0.7807	0.7420	0.7219	0.7770	0.7437	0.7295	0.7194	0.6883	0.6725	0.6582	0.6621	0.6768	0.6107	0.6095	0.5994	0.6010	0.6357	0.6786	0.6505	0.6413	0.6179	0.6248	0.6227	0.6386	0.6246	0.6220	0.6174	0.5944	0.5539	0.5454	0.5305	0.5300	0.5335	0.5367	0.5580	0.5899	0.5591	0.5358	0.5498	0.4951	0.5010	0.4843	0.4547	0.4447
0.0571	0.0924	0.1130	0.1527	0.2122	0.2885	0.3158	0.3585	0.3561	0.3709	0.3995	0.3907	0.3847	0.4029	0.4501	0.4633	0.4270	0.4684	0.4908	0.5320	0.5979	0.5611	0.4363	0.5070	0.5976	0.6497	0.5890	0.7397	0.8865	0.8125	0.8080	0.8128	0.7513	0.7177	0.6977	0.6958	0.6821	0.6494	0.6397	0.6369	0.6428	0.6147	0.6730	0.6605	0.6580	0.6485	0.6638	0.6434	0.6429	0.6659	0.6560	0.6573	0.6223	0.6223	0.5777	0.5847	0.5932	0.5942	0.5938	0.5979	0.6235	0.6251	0.6290	0.6010	0.5589	0.5360	0.5027	0.5004	0.4655
0.0414	0.0670	0.0688	0.0688	0.1007	0.1073	0.1101	0.1220	0.1488	0.1401	0.1647	0.1824	0.1978	0.1909	0.2139	0.2161	0.2127	0.2294	0.2292	0.2476	0.2803	0.2562	0.2740	0.3117	0.3583	0.3575	0.3575	0.5573	0.6935	0.6399	0.8015	0.8971	0.8415	0.8038	0.7782	0.7762	0.7105	0.6949	0.6800	0.6791	0.6863	0.6728	0.6583	0.6767	0.6915	0.6688	0.6962	0.6903	0.6576	0.6592	0.6917	0.6622	0.6498	0.6461	0.6280	0.6511	0.6788	0.6429	0.6071	0.6122	0.6488	0.6381	0.6643	0.6337	0.6005	0.5702	0.5581	0.5071	0.4540
0.0287	0.0372	0.0521	0.0501	0.0573	0.0640	0.0830	0.0601	0.0891	0.1030	0.1135	0.1128	0.1173	0.1195	0.1307	0.1443	0.1583	0.1643	0.1724	0.1817	0.1987	0.1989	0.2136	0.2427	0.2629	0.2520	0.2661	0.3439	0.4143	0.4081	0.5346	0.7710	0.8744	0.8969	0.8374	0.7696	0.7623	0.7566	0.7127	0.7175	0.7700	0.7476	0.7439	0.7222	0.7066	0.6612	0.6896	0.7202	0.7003	0.6941	0.6579	0.6657	0.6390	0.6499	0.6924	0.7214	0.7179	0.7034	0.6339	0.6193	0.6189	0.5620	0.4769	0.5468	0.5681	0.5149	0.5048	0.5033	0.4783
0.0240	0.0311	0.0415	0.0373	0.0421	0.0483	0.0689	0.0798	0.0701	0.0896	0.0749	0.0848	0.0902	0.0925	0.0934	0.1025	0.1257	0.1145	0.1091	0.1185	0.1370	0.1341	0.1481	0.1677	0.1690	0.1794	0.1821	0.2164	0.2384	0.2735	0.3435	0.4496	0.5831	0.7034	0.6995	0.6994	0.7300	0.7340	0.7714	0.7095	0.6774	0.6780	0.6676	0.7119	0.7378	0.7193	0.7221	0.7207	0.7001	0.6650	0.6850	0.6896	0.6484	0.6741	0.6761	0.7174	0.6747	0.6677	0.6118	0.6108	0.5666	0.4597	0.2921	0.3224	0.3695	0.3554	0.4163	0.4843	0.4750
0.0109	0.0215	0.0389	0.0491	0.0466	0.0590	0.0636	0.0732	0.0473	0.0734	0.0776	0.0705	0.0769	0.0738	0.0930	0.0861	0.1047	0.0940	0.0874	0.0935	0.1054	0.1052	0.1042	0.1206	0.1281	0.1175	0.1342	0.1310	0.1486	0.1668	0.1900	0.2159	0.2234	0.2806	0.3198	0.3135	0.3417	0.4247	0.4643	0.3998	0.3614	0.3524	0.4389	0.6279	0.7415	0.7024	0.6974	0.6737	0.6736	0.6919	0.6636	0.6008	0.5486	0.5408	0.4682	0.4352	0.3790	0.4746	0.5968	0.6350	0.5552	0.4171	0.2258	0.2275	0.2368	0.2614	0.3351	0.4751	0.4708
0.0142	0.0037	0.0391	0.0372	0.0346	0.0421	0.0443	0.0636	0.0604	0.0564	0.0582	0.0637	0.0637	0.0641	0.0751	0.0855	0.0866	0.0837	0.0764	0.0864	0.1024	0.1057	0.1035	0.1039	0.1100	0.1014	0.1046	0.1019	0.1147	0.1313	0.1314	0.1313	0.1424	0.1440	0.1624	0.1640	0.1657	0.1776	0.1923	0.1836	0.1925	0.2218	0.2509	0.4213	0.6292	0.6543	0.5679	0.4529	0.5224	0.5733	0.4514	0.3009	0.2437	0.2436	0.2104	0.2014	0.2097	0.2405	0.3441	0.4459	0.4159	0.2824	0.1931	0.1848	0.1918	0.2015	0.2236	0.3213	0.3292
0.0050	0.0106	0.0214	0.0272	0.0279	0.0402	0.0461	0.0490	0.0627	0.0602	0.0545	0.0631	0.0646	0.0580	0.0680	0.0758	0.0733	0.0739	0.0757	0.0792	0.0853	0.0793	0.0846	0.0914	0.0881	0.0966	0.0912	0.0929	0.0943	0.0920	0.1076	0.1046	0.1049	0.1147	0.1249	0.1232	0.1171	0.1285	0.1235	0.1343	0.1472	0.1402	0.1535	0.1880	0.2912	0.3395	0.2593	0.1791	0.2196	0.2445	0.1984	0.1566	0.1617	0.1540	0.1589	0.1668	0.1623	0.1625	0.1640	0.1805	0.1771	0.1626	0.1545	0.1662	0.1603	0.1517	0.1570	0.1601	0.1783
0.0112	0.0113	0.0203	0.0177	0.0153	0.0434	0.0550	0.0392	0.0411	0.0460	0.0529	0.0679	0.0579	0.0536	0.0687	0.0646	0.0735	0.0761	0.0636	0.0677	0.0634	0.0730	0.0778	0.0790	0.0822	0.0780	0.0792	0.0870	0.1003	0.0919	0.0840	0.0848	0.1024	0.0976	0.1018	0.1059	0.1082	0.1054	0.1053	0.1030	0.1108	0.1079	0.1137	0.1166	0.1258	0.1356	0.1236	0.1262	0.1333	0.1352	0.1311	0.1274	0.1340	0.1240	0.1273	0.1343	0.1359	0.1381	0.1319	0.1292	0.1407	0.1316	0.1342	0.1448	0.1354	0.1373	0.1355	0.1472	0.1400
0.0000	0.0135	0.0233	0.0234	0.0135	0.0274	0.0298	0.0315	0.0291	0.0494	0.0484	0.0522	0.0576	0.0519	0.0567	0.0593	0.0713	0.0667	0.0562	0.0586	0.0584	0.0579	0.0709	0.0636	0.0668	0.0710	0.0658	0.0712	0.0707	0.0803	0.0841	0.0723	0.0812	0.0776	0.0842	0.0787	0.0892	0.0798	0.0877	0.0750	0.0821	0.0877	0.0918	0.0916	0.1042	0.1038	0.0966	0.1070	0.0972	0.1059	0.1074	0.1098	0.1044	0.1025	0.0969	0.0983	0.1030	0.1172	0.1103	0.1274	0.1185	0.1189	0.1109	0.1071	0.1055	0.1161	0.1107	0.1182	0.1155
0.0000	0.0074	0.0225	0.0258	0.0080	0.0112	0.0145	0.0245	0.0261	0.0286	0.0306	0.0401	0.0463	0.0543	0.0502	0.0495	0.0497	0.0587	0.0592	0.0571	0.0702	0.0622	0.0630	0.0545	0.0604	0.0729	0.0753	0.0634	0.0662	0.0633	0.0780	0.0695	0.0687	0.0664	0.0682	0.0699	0.0682	0.0700	0.0793	0.0777	0.0723	0.0731	0.0775	0.0729	0.0957	0.0827	0.0861	0.0836	0.0866	0.0899	0.0927	0.0830	0.0845	0.0820	0.0882	0.0844	0.0872	0.0916	0.0892	0.1039	0.0954	0.0868	0.0858	0.0930	0.0971	0.0780	0.0852	0.0817	0.0750
0.0000	0.0000	0.0102	0.0138	0.0060	0.0032	0.0206	0.0250	0.0208	0.0164	0.0267	0.0301	0.0394	0.0386	0.0384	0.0558	0.0553	0.0540	0.0480	0.0603	0.0687	0.0534	0.0564	0.0589	0.0570	0.0644	0.0690	0.0577	0.0660	0.0574	0.0583	0.0643	0.0679	0.0721	0.0685	0.0633	0.0661	0.0722	0.0721	0.0716	0.0716	0.0748	0.0756	0.0731	0.0732	0.0703	0.0722	0.0744	0.0749	0.0742	0.0782	0.0665	0.0613	0.0675	0.0757	0.0751	0.0688	0.0663	0.0709	0.0745	0.0748	0.0737	0.0683	0.0833	0.0825	0.0809	0.0809	0.0719	0.0643
0.0000	0.0000	0.0127	0.0139	0.0180	0.0264	0.0082	0.0185	0.0149	0.0335	0.0317	0.0252	0.0412	0.0379	0.0343	0.0421	0.0574	0.0498	0.0373	0.0511	0.0566	0.0472	0.0563	0.0565	0.0582	0.0505	0.0537	0.0580	0.0601	0.0560	0.0543	0.0511	0.0535	0.0630	0.0616	0.0679	0.0643	0.0621	0.0644	0.0677	0.0692	0.0668	0.0728	0.0663	0.0734	0.0743	0.0671	0.0666	0.0663	0.0671	0.0704	0.0659	0.0621	0.0649	0.0620	0.0586	0.0610	0.0641	0.0597	0.0698	0.0662	0.0587	0.0611	0.0623	0.0699	0.0661	0.0576	0.0570	0.0533
0.0000	0.0000	0.0000	0.0007	0.0162	0.0129	0.0123	0.0164	0.0128	0.0201	0.0222	0.0343	0.0296	0.0241	0.0345	0.0431	0.0388	0.0347	0.0361	0.0446	0.0510	0.0486	0.0447	0.0387	0.0504	0.0482	0.0520	0.0512	0.0530	0.0576	0.0601	0.0546	0.0494	0.0614	0.0510	0.0596	0.0581	0.0559	0.0653	0.0606	0.0614	0.0603	0.0605	0.0572	0.0614	0.0601	0.0607	0.0637	0.0643	0.0583	0.0546	0.0565	0.0584	0.0589	0.0552	0.0553	0.0522	0.0524	0.0655	0.0625	0.0568	0.0521	0.0495	0.0541	0.0537	0.0456	0.0450	0.0426	0.0383
0.0000	0.0000	0.0000	0.0000	0.0000	0.0000	0.0024	0.0064	0.0098	0.0058	0.0085	0.0283	0.0226	0.0194	0.0264	0.0360	0.0262	0.0235	0.0301	0.0370	0.0402	0.0432	0.0354	0.0370	0.0367	0.0481	0.0520	0.0436	0.0450	0.0538	0.0504	0.0488	0.0583	0.0519	0.0466	0.0520	0.0437	0.0528	0.0594	0.0496	0.0528	0.0514	0.0595	0.0552	0.0557	0.0590	0.0621	0.0554	0.0530	0.0490	0.0537	0.0683	0.0544	0.0482	0.0511	0.0550	0.0464	0.0469	0.0585	0.0610	0.0536	0.0453	0.0480	0.0529	0.0460	0.0389	0.0417	0.0424	0.0373
0.0000	0.0000	0.0000	0.0000	0.0015	0.0062	0.0027	0.0055	0.0054	0.0013	0.0107	0.0356	0.0231	0.0214	0.0312	0.0244	0.0220	0.0237	0.0226	0.0260	0.0296	0.0348	0.0398	0.0341	0.0371	0.0426	0.0398	0.0411	0.0506	0.0508	0.0478	0.0501	0.0523	0.0484	0.0456	0.0494	0.0481	0.0498	0.0451	0.0510	0.0568	0.0512	0.0558	0.0530	0.0419	0.0513	0.0565	0.0585	0.0497	0.0516	0.0539	0.0563	0.0531	0.0535	0.0496	0.0521	0.0542	0.0502	0.0536	0.0476	0.0496	0.0420	0.0460	0.0426	0.0438	0.0346	0.0337	0.0365	0.0380
0.0000	0.0000	0.0000	0.0000	0.0037	0.0147	0.0076	0.0083	0.0119	0.0081	0.0175	0.0277	0.0216	0.0181	0.0211	0.0314	0.0206	0.0153	0.0264	0.0333	0.0282	0.0278	0.0408	0.0377	0.0390	0.0366	0.0371	0.0345	0.0429	0.0458	0.0519	0.0428	0.0464	0.0523	0.0551	0.0523	0.0474	0.0480	0.0454	0.0500	0.0502	0.0473	0.0541	0.0524	0.0462	0.0511	0.0551	0.0538	0.0496	0.0433	0.0471	0.0473	0.0462	0.0439	0.0491	0.0480	0.0497	0.0400	0.0480	0.0481	0.0440	0.0348	0.0331	0.0401	0.0382	0.0302	0.0324	0.0301	0.0181
0.0000	0.0022	0.0000	0.0000	0.0020	0.0000	0.0000	0.0034	0.0112	0.0169	0.0113	0.0181	0.0135	0.0166	0.0226	0.0205	0.0225	0.0224	0.0292	0.0304	0.0315	0.0262	0.0280	0.0370	0.0399	0.0343	0.0387	0.0440	0.0406	0.0435	0.0511	0.0430	0.0437	0.0436	0.0445	0.0477	0.0453	0.0441	0.0385	0.0413	0.0461	0.0458	0.0512	0.0510	0.0517	0.0504	0.0453	0.0455	0.0437	0.0420	0.0420	0.0393	0.0501	0.0434	0.0466	0.0487	0.0361	0.0324	0.0377	0.0354	0.0343	0.0301	0.0274	0.0368	0.0320	0.0263	0.0279	0.0290	0.0200
0.0000	0.0000	0.0000	0.0000	0.0036	0.0000	0.0000	0.0065	0.0000	0.0037	0.0212	0.0204	0.0183	0.0133	0.0248	0.0070	0.0216	0.0216	0.0243	0.0185	0.0284	0.0351	0.0303	0.0379	0.0488	0.0409	0.0355	0.0391	0.0385	0.0344	0.0409	0.0477	0.0496	0.0377	0.0468	0.0386	0.0531	0.0504	0.0486	0.0418	0.0446	0.0421	0.0531	0.0445	0.0411	0.0404	0.0364	0.0398	0.0423	0.0454	0.0457	0.0472	0.0432	0.0448	0.0527	0.0464	0.0373	0.0316	0.0279	0.0319	0.0429	0.0379	0.0321	0.0370	0.0338	0.0336	0.0293	0.0264	0.0314
