0.0000	0.0000	0.0027	0.0000	0.0018	0.0055	0.0000	0.0053	0.0125	0.0125	0.0143	0.0136	0.0401	0.0240	0.0157	0.0468	0.0329	0.0415	0.0508	0.0446	0.0497	0.0364	0.0521	0.0487	0.0526	0.0568	0.0698	0.0492	0.0590	0.0774	0.0764	0.0648	0.0716	0.0717	0.0667	0.0612	0.0754	0.0640	0.0743	0.0754	0.0640	0.0875	0.0847	0.0757	0.0803	0.0829	0.0955	0.0955	0.0961	0.1025	0.1031	0.0740	0.0681	0.0799	0.0849	0.0776	0.0747	0.0751	0.0968	0.0752	0.0556	0.0666	0.0551	0.0492	0.0531	0.0486	0.0403	0.0371	0.0331
0.0000	0.0000	0.0000	0.0015	0.0000	0.0157	0.0060	0.0061	0.0136	0.0073	0.0211	0.0284	0.0433	0.0208	0.0425	0.0496	0.0513	0.0574	0.0633	0.0410	0.0650	0.0440	0.0549	0.0594	0.0594	0.0618	0.0646	0.0651	0.0698	0.0966	0.0876	0.0748	0.0789	0.0636	0.0696	0.0748	0.0709	0.0832	0.0885	0.0958	0.0888	0.0850	0.0887	0.0870	0.0855	0.0725	0.1003	0.1080	0.0840	0.0895	0.1036	0.0872	0.0766	0.0800	0.1004	0.0884	0.0751	0.0772	0.0648	0.0885	0.0722	0.0608	0.0598	0.0604	0.0608	0.0466	0.0538	0.0477	0.0527
0.0000	0.0000	0.0000	0.0042	0.0050	0.0000	0.0099	0.0164	0.0076	0.0175	0.0247	0.0313	0.0362	0.0239	0.0349	0.0346	0.0326	0.0498	0.0481	0.0578	0.0581	0.0670	0.0630	0.0691	0.0717	0.0717	0.0810	0.0695	0.0781	0.0822	0.0816	0.0687	0.0674	0.0853	0.0819	0.0729	0.0744	0.0887	0.0843	0.0860	0.0885	0.0920	0.0873	0.0897	0.0863	0.1050	0.1062	0.0982	0.0919	0.0797	0.1117	0.0968	0.0882	0.0986	0.1000	0.0947	0.0862	0.0901	0.0883	0.0953	0.0898	0.0820	0.0926	0.0777	0.0769	0.0636	0.0424	0.0566	0.0567
0.0000	0.0000	0.0000	0.0089	0.0030	0.0000	0.0128	0.0282	0.0117	0.0186	0.0354	0.0393	0.0427	0.0296	0.0409	0.0596	0.0523	0.0534	0.0519	0.0695	0.0552	0.0520	0.0624	0.0678	0.0755	0.0633	0.0654	0.0651	0.0762	0.0664	0.0621	0.0679	0.0718	0.0792	0.0711	0.0744	0.0801	0.0817	0.0891	0.0991	0.0904	0.0895	0.0968	0.0865	0.1013	0.1034	0.1074	0.0889	0.0838	0.1027	0.1129	0.1016	0.0823	0.0893	0.1082	0.0951	0.0871	0.0983	0.1203	0.1099	0.0999	0.0922	0.1045	0.0941	0.0821	0.0757	0.0615	0.0733	0.0848
0.0000	0.0094	0.0082	0.0000	0.0000	0.0032	0.0083	0.0038	0.0139	0.0184	0.0216	0.0478	0.0509	0.0401	0.0383	0.0560	0.0667	0.0406	0.0440	0.0669	0.0565	0.0561	0.0681	0.0646	0.0714	0.0655	0.0684	0.0598	0.0703	0.0658	0.0836	0.1020	0.0882	0.0851	0.0840	0.0778	0.0772	0.0798	0.0964	0.1046	0.0932	0.0890	0.0988	0.1009	0.1132	0.1113	0.1165	0.0936	0.0963	0.1022	0.1164	0.0942	0.0972	0.1054	0.1217	0.1165	0.1140	0.1071	0.1295	0.1132	0.1130	0.1140	0.1122	0.1111	0.1040	0.0750	0.0833	0.0842	0.0844
0.0000	0.0039	0.0143	0.0044	0.0229	0.0180	0.0231	0.0241	0.0225	0.0333	0.0333	0.0309	0.0521	0.0544	0.0375	0.0595	0.0499	0.0496	0.0501	0.0763	0.0758	0.0686	0.0639	0.0615	0.0814	0.0699	0.0571	0.0659	0.0770	0.0912	0.0829	0.0827	0.0891	0.1097	0.0985	0.1033	0.0897	0.0932	0.0894	0.0907	0.1038	0.0993	0.1077	0.1144	0.1163	0.1156	0.1251	0.1305	0.1228	0.1140	0.1247	0.1175	0.1213	0.1448	0.1455	0.1703	0.1679	0.2050	0.2322	0.1611	0.1443	0.1337	0.1199	0.1270	0.1239	0.1027	0.1069	0.1146	0.1033
0.0000	0.0000	0.0232	0.0197	0.0054	0.0151	0.0278	0.0283	0.0399	0.0353	0.0411	0.0362	0.0637	0.0521	0.0332	0.0679	0.0616	0.0569	0.0702	0.0766	0.0678	0.0895	0.0589	0.0624	0.0756	0.0943	0.0865	0.0828	0.0808	0.0878	0.0811	0.0840	0.1171	0.1243	0.0979	0.0888	0.0934	0.0973	0.1054	0.1067	0.1134	0.1195	0.1253	0.1249	0.1157	0.1219	0.1185	0.1428	0.1367	0.1334	0.1579	0.1625	0.1757	0.1956	0.2306	0.3549	0.3660	0.3856	0.4149	0.2925	0.1888	0.2118	0.1934	0.1588	0.1558	0.1317	0.1210	0.1274	0.1320
0.0000	0.0000	0.0232	0.0155	0.0083	0.0169	0.0269	0.0411	0.0342	0.0380	0.0369	0.0407	0.0463	0.0470	0.0597	0.0746	0.0831	0.0753	0.0660	0.0715	0.0854	0.0851	0.0760	0.0792	0.0857	0.1106	0.0861	0.0869	0.0914	0.0908	0.0913	0.0812	0.1107	0.1172	0.1086	0.0947	0.1078	0.1166	0.1177	0.1178	0.1224	0.1433	0.1614	0.1410	0.1313	0.1667	0.1702	0.1582	0.1568	0.1664	0.1906	0.1969	0.2023	0.2320	0.3969	0.5338	0.4530	0.4432	0.4284	0.3938	0.3373	0.3454	0.2816	0.1973	0.1538	0.1294	0.1346	0.1336	0.1382
0.0162	0.0079	0.0177	0.0223	0.0165	0.0233	0.0462	0.0407	0.0478	0.0450	0.0410	0.0395	0.0522	0.0552	0.0630	0.0700	0.0639	0.0849	0.0808	0.0829	0.0931	0.0890	0.0915	0.0901	0.0977	0.0850	0.0706	0.0999	0.1140	0.0993	0.0908	0.0905	0.1070	0.1089	0.1093	0.1064	0.1201	0.1294	0.1351	0.1477	0.1360	0.1498	0.1800	0.1709	0.2331	0.2878	0.3024	0.2330	0.2036	0.2138	0.2798	0.2820	0.2616	0.3024	0.4306	0.5560	0.4694	0.4459	0.4622	0.4454	0.4072	0.3498	0.3317	0.2549	0.1725	0.1616	0.1560	0.1780	0.1625
0.0059	0.0179	0.0184	0.0194	0.0177	0.0229	0.0505	0.0330	0.0568	0.0528	0.0546	0.0579	0.0574	0.0797	0.0896	0.0839	0.0873	0.0822	0.0892	0.1064	0.0940	0.1049	0.0909	0.0992	0.1070	0.1019	0.0897	0.1070	0.0969	0.0899	0.1076	0.1086	0.1152	0.1196	0.1139	0.1159	0.1316	0.1389	0.1490	0.1625	0.1676	0.2038	0.2363	0.2862	0.5123	0.5466	0.5695	0.3953	0.2438	0.2759	0.4289	0.4663	0.3309	0.2877	0.3829	0.5231	0.5357	0.5078	0.4741	0.4394	0.4158	0.3764	0.3835	0.3119	0.2080	0.1903	0.1791	0.1955	0.1924
0.0040	0.0218	0.0149	0.0151	0.0080	0.0207	0.0541	0.0570	0.0522	0.0535	0.0620	0.0668	0.0722	0.0736	0.0818	0.0836	0.0872	0.0930	0.1082	0.1003	0.1153	0.0889	0.1023	0.1025	0.1108	0.1324	0.1121	0.1042	0.1112	0.1242	0.1272	0.1262	0.1347	0.1429	0.1571	0.1400	0.1610	0.2011	0.2014	0.2024	0.2295	0.2707	0.3136	0.4211	0.6997	0.6757	0.6378	0.5731	0.3949	0.4602	0.5996	0.6141	0.3938	0.3127	0.3699	0.5035	0.5712	0.5061	0.4920	0.4582	0.4324	0.4042	0.3890	0.3704	0.2911	0.2447	0.1758	0.2309	0.2431
0.0090	0.0076	0.0181	0.0453	0.0248	0.0194	0.0457	0.0643	0.0483	0.0449	0.0647	0.0855	0.0793	0.0913	0.0954	0.1088	0.1081	0.1073	0.1077	0.0915	0.1087	0.1123	0.1091	0.1191	0.1163	0.1198	0.1234	0.1150	0.1361	0.1357	0.1448	0.1446	0.1713	0.1792	0.1898	0.1848	0.1981	0.2438	0.2741	0.2961	0.2996	0.3170	0.3798	0.4920	0.7099	0.7087	0.6772	0.6557	0.6291	0.6887	0.6602	0.5999	0.5136	0.5381	0.4945	0.5537	0.5497	0.5411	0.4881	0.4690	0.4545	0.4341	0.4337	0.4652	0.4070	0.3368	0.2660	0.2774	0.3091
0.0141	0.0308	0.0424	0.0366	0.0515	0.0295	0.0542	0.0735	0.0557	0.0618	0.0751	0.0887	0.0829	0.0783	0.0822	0.1074	0.1015	0.1187	0.1219	0.1141	0.1278	0.1425	0.1363	0.1391	0.1429	0.1533	0.1544	0.1552	0.1589	0.1605	0.1753	0.2013	0.2132	0.2313	0.2387	0.2363	0.2507	0.2718	0.3131	0.3493	0.3882	0.3951	0.4551	0.5605	0.7096	0.7034	0.7100	0.6688	0.6990	0.6802	0.6692	0.6276	0.6354	0.6618	0.6006	0.5845	0.5044	0.4911	0.5282	0.4833	0.4485	0.4695	0.4640	0.4758	0.4560	0.3831	0.3901	0.4251	0.3316
0.0179	0.0347	0.0558	0.0334	0.0393	0.0373	0.0682	0.0801	0.0819	0.0962	0.1095	0.0957	0.0996	0.1004	0.0949	0.1149	0.1290	0.1511	0.1568	0.1400	0.1581	0.1475	0.1849	0.1763	0.1757	0.1914	0.2001	0.2078	0.2012	0.2102	0.2402	0.2493	0.2699	0.2857	0.2973	0.3055	0.3212	0.3475	0.3643	0.4211	0.4542	0.5258	0.6779	0.6515	0.6653	0.6763	0.6768	0.6284	0.6537	0.6509	0.6653	0.6740	0.6614	0.5533	0.5494	0.5518	0.4895	0.4899	0.5339	0.4872	0.4308	0.4455	0.4532	0.4475	0.4043	0.3794	0.3815	0.3771	0.3297
0.0081	0.0274	0.0442	0.0474	0.0532	0.0523	0.0649	0.0864	0.1170	0.0871	0.1032	0.1355	0.1455	0.1141	0.1533	0.1379	0.1657	0.1815	0.1884	0.1923	0.1957	0.1923	0.1966	0.2389	0.2343	0.2095	0.2072	0.2178	0.2511	0.2760	0.2702	0.2933	0.3297	0.3333	0.3238	0.3594	0.3765	0.4403	0.5081	0.6400	0.6194	0.6599	0.7375	0.6981	0.6544	0.6451	0.6299	0.6517	0.6774	0.6190	0.6109	0.5970	0.6023	0.5173	0.5102	0.5211	0.5194	0.4978	0.4640	0.4655	0.4395	0.4076	0.4221	0.4040	0.3575	0.3402	0.3753	0.3341	0.2975
0.0171	0.0304	0.0335	0.0555	0.0768	0.0791	0.0869	0.1080	0.1405	0.1221	0.1467	0.1756	0.1979	0.1911	0.2439	0.2315	0.2480	0.2409	0.2446	0.2413	0.2342	0.2327	0.2273	0.2397	0.2464	0.2407	0.2530	0.2520	0.2762	0.2763	0.2810	0.3395	0.3828	0.3900	0.3820	0.4485	0.5581	0.6599	0.7039	0.7344	0.7547	0.6179	0.6999	0.6950	0.6631	0.6523	0.5845	0.5988	0.6239	0.5868	0.6212	0.6139	0.5739	0.5258	0.5072	0.5452	0.5115	0.4805	0.4456	0.4691	0.4444	0.4114	0.4103	0.3975	0.3494	0.3339	0.3401	0.3338	0.2985
0.0377	0.0517	0.0573	0.0949	0.1110	0.1187	0.1457	0.1757	0.1974	0.2419	0.3166	0.3626	0.4366	0.4139	0.5002	0.5130	0.4705	0.4630	0.4365	0.4077	0.3667	0.2905	0.2891	0.2777	0.2782	0.2800	0.3022	0.3128	0.2895	0.2938	0.3566	0.3938	0.4357	0.4755	0.5102	0.5476	0.7491	0.8139	0.8190	0.6868	0.6961	0.6443	0.6997	0.6489	0.6118	0.5505	0.5736	0.5997	0.5488	0.5734	0.5840	0.5987	0.5551	0.5197	0.5042	0.5090	0.4847	0.4714	0.4479	0.4788	0.4449	0.3753	0.3868	0.3999	0.3573	0.3255	0.3184	0.3321	0.3069
0.0536	0.0662	0.1097	0.1536	0.1455	0.2052	0.2673	0.3356	0.4446	0.4758	0.5977	0.5990	0.6208	0.6292	0.6424	0.6939	0.6922	0.7130	0.7652	0.8176	0.7781	0.5388	0.4951	0.4969	0.4253	0.4136	0.4256	0.5260	0.4122	0.3822	0.4061	0.4386	0.4873	0.5680	0.6851	0.7181	0.7931	0.6979	0.7127	0.6657	0.6106	0.5978	0.6148	0.5698	0.5370	0.4893	0.5447	0.5434	0.5640	0.5619	0.5233	0.5556	0.5486	0.5544	0.5250	0.4597	0.4431	0.4630	0.4545	0.4556	0.4072	0.3838	0.3730	0.4305	0.3649	0.3223	0.3081	0.3317	0.2876
0.0715	0.0967	0.1309	0.2233	0.3194	0.3894	0.4458	0.4841	0.5633	0.5197	0.5042	0.5550	0.5954	0.5817	0.5445	0.6528	0.6920	0.7163	0.8154	0.8296	0.8919	0.8362	0.7933	0.8061	0.7417	0.6653	0.7554	0.7322	0.6214	0.6091	0.5420	0.5263	0.5686	0.7265	0.8210	0.7277	0.6815	0.6412	0.5753	0.6070	0.5789	0.5186	0.5353	0.4964	0.4849	0.4847	0.4725	0.4647	0.4850	0.5278	0.5374	0.5137	0.5246	0.5365	0.5097	0.4641	0.4401	0.4177	0.4277	0.4464	0.4388	0.4293	0.3920	0.3748	0.3298	0.3057	0.3060	0.3336	0.3180
0.1061	0.1484	0.1954	0.2357	0.2822	0.3519	0.4078	0.4040	0.4475	0.4282	0.4576	0.4862	0.5361	0.5128	0.5535	0.6175	0.6726	0.7593	0.7812	0.7543	0.7379	0.7858	0.7871	0.7789	0.7720	0.7164	0.7654	0.7291	0.7372	0.7674	0.7555	0.6954	0.7181	0.7653	0.7176	0.6494	0.5878	0.5574	0.5027	0.4905	0.5266	0.5121	0.5223	0.4887	0.5045	0.4534	0.4567	0.4829	0.4712	0.4911	0.4701	0.4734	0.4689	0.4652	0.4706	0.4632	0.4430	0.4375	0.4081	0.3931	0.4022	0.3954	0.3747	0.3742	0.3512	0.3083	0.3119	0.3314	0.3177
0.1353	0.1752	0.1677	0.1728	0.2214	0.3093	0.3518	0.3555	0.3676	0.4075	0.4626	0.4528	0.4886	0.5002	0.4876	0.5743	0.6341	0.6908	0.7094	0.7099	0.6969	0.6527	0.6547	0.7203	0.6898	0.7015	0.6361	0.7130	0.7106	0.6726	0.7412	0.7108	0.7093	0.6707	0.6247	0.5682	0.5755	0.5433	0.5230	0.5009	0.4900	0.4824	0.5037	0.4918	0.4705	0.4603	0.4776	0.4707	0.4708	0.4777	0.4826	0.4573	0.4461	0.4874	0.4701	0.4390	0.4286	0.4404	0.4116	0.3988	0.4221	0.4135	0.3862	0.3523	0.3549	0.3147	0.3185	0.3261	0.3112
0.1642	0.1883	0.1839	0.1892	0.2445	0.2820	0.3285	0.3534	0.3578	0.4079	0.4401	0.4590	0.4660	0.5113	0.4931	0.5793	0.6645	0.6859	0.7000	0.6858	0.6503	0.6797	0.7173	0.6498	0.6432	0.6447	0.6291	0.6615	0.6548	0.6759	0.6784	0.6330	0.6030	0.5843	0.5676	0.5281	0.5234	0.5281	0.5081	0.5092	0.5523	0.4951	0.4863	0.5030	0.4890	0.4756	0.4637	0.4543	0.4549	0.4556	0.4962	0.4705	0.4478	0.4488	0.4352	0.4466	0.4452	0.4377	0.4155	0.3678	0.3868	0.4011	0.3669	0.3216	0.3415	0.3302	0.3120	0.3085	0.2948
0.1290	0.1647	0.1942	0.2436	0.2530	0.2824	0.3755	0.3534	0.3731	0.3770	0.4527	0.4537	0.4536	0.5086	0.5109	0.5526	0.6408	0.6508	0.6322	0.6287	0.6622	0.7018	0.6871	0.6560	0.6519	0.6207	0.6470	0.6650	0.6570	0.6577	0.6152	0.5489	0.5876	0.5812	0.5451	0.5202	0.5186	0.5256	0.5413	0.5050	0.5134	0.4906	0.5054	0.5025	0.5051	0.4922	0.4813	0.4949	0.4993	0.4885	0.4975	0.4794	0.4786	0.4641	0.4365	0.4530	0.4559	0.4159	0.4035	0.4196	0.3980	0.3967	0.3849	0.3621	0.3170	0.3292	0.3324	0.3115	0.2854
0.1538	0.1646	0.2068	0.2734	0.2898	0.3140	0.3769	0.3524	0.3554	0.3611	0.4030	0.4360	0.4381	0.4643	0.4955	0.5647	0.6095	0.6515	0.6778	0.6466	0.6456	0.6932	0.6414	0.6020	0.6660	0.6332	0.6212	0.6306	0.6221	0.6327	0.6035	0.5722	0.5677	0.5874	0.5529	0.5145	0.5508	0.5273	0.4974	0.4921	0.5139	0.5143	0.5124	0.5127	0.5091	0.5047	0.5133	0.4994	0.4853	0.5090	0.4725	0.4602	0.4858	0.4654	0.4270	0.4604	0.4631	0.4415	0.4404	0.4007	0.4195	0.4068	0.3879	0.3697	0.3264	0.3392	0.2959	0.3121	0.2993
0.1726	0.2196	0.2441	0.2916	0.2838	0.3404	0.3427	0.3677	0.3670	0.3846	0.4079	0.4378	0.4896	0.4609	0.4677	0.5223	0.5535	0.5739	0.5986	0.6246	0.5816	0.6064	0.6153	0.6467	0.6175	0.6017	0.5919	0.5780	0.6240	0.5949	0.5832	0.5728	0.5630	0.5739	0.5694	0.5345	0.5431	0.5206	0.5120	0.5151	0.5336	0.5241	0.5112	0.5029	0.4917	0.4813	0.4928	0.4844	0.4730	0.4962	0.4837	0.4630	0.4693	0.4474	0.4523	0.4762	0.4617	0.4488	0.4158	0.4338	0.4330	0.4127	0.3995	0.3571	0.3350	0.3345	0.2950	0.3321	0.3005
0.2164	0.2240	0.2431	0.3054	0.2794	0.2958	0.3325	0.3636	0.3897	0.3784	0.4135	0.4141	0.4616	0.4839	0.4446	0.4842	0.5533	0.5373	0.5671	0.5997	0.5904	0.5718	0.5629	0.5791	0.5836	0.5621	0.5432	0.5541	0.6065	0.6014	0.6105	0.5586	0.5910	0.5942	0.5693	0.5446	0.5356	0.5299	0.5489	0.5155	0.5144	0.5267	0.5067	0.5135	0.5184	0.5244	0.5124	0.4870	0.4886	0.4836	0.4886	0.4928	0.4644	0.4815	0.4927	0.4864	0.4471	0.4597	0.4467	0.4080	0.4027	0.4149	0.4005	0.3502	0.3383	0.3427	0.3143	0.3160	0.2758
0.2063	0.2407	0.3053	0.3149	0.3162	0.3054	0.3040	0.3716	0.3474	0.3131	0.3722	0.3767	0.4292	0.4290	0.4313	0.4864	0.4850	0.5040	0.5434	0.5546	0.5527	0.5438	0.5380	0.5534	0.5253	0.5399	0.5473	0.5431	0.5406	0.5712	0.5617	0.5712	0.6068	0.5759	0.5324	0.5222	0.5172	0.5353	0.5549	0.5295	0.5391	0.5222	0.5363	0.5018	0.5288	0.5190	0.5053	0.4738	0.5057	0.4975	0.5018	0.5061	0.4739	0.4582	0.4951	0.4657	0.4350	0.4257	0.4379	0.4498	0.4132	0.3960	0.4128	0.3535	0.3565	0.3075	0.3073	0.3157	0.2919
0.1992	0.2395	0.2682	0.2890	0.3116	0.2759	0.2985	0.3535	0.3338	0.3749	0.3958	0.4087	0.4225	0.4508	0.4456	0.4835	0.4947	0.4914	0.5153	0.5374	0.5214	0.5204	0.5283	0.5362	0.5293	0.5276	0.5305	0.5092	0.5260	0.5695	0.5318	0.5943	0.5638	0.5315	0.5309	0.5396	0.5372	0.5418	0.5634	0.5346	0.5525	0.5370	0.5195	0.4770	0.4948	0.5085	0.5340	0.5004	0.5120	0.5002	0.5202	0.5248	0.5208	0.4899	0.4757	0.4761	0.4565	0.4138	0.4205	0.4606	0.4285	0.4216	0.4190	0.3760	0.3713	0.3366	0.2939	0.3158	0.3099
0.2019	0.2307	0.2495	0.2656	0.3018	0.2829	0.3436	0.3706	0.3463	0.3715	0.3993	0.4036	0.4108	0.4721	0.4438	0.4923	0.4840	0.4670	0.5441	0.5292	0.5160	0.4975	0.5199	0.5177	0.5037	0.4855	0.5013	0.5361	0.5422	0.5363	0.5473	0.5775	0.5871	0.5705	0.5601	0.5554	0.5615	0.5808	0.5540	0.5478	0.5478	0.5306	0.5289	0.5009	0.5246	0.5208	0.5302	0.5246	0.4945	0.5016	0.5145	0.4931	0.4990	0.5084	0.5135	0.4837	0.4421	0.4337	0.4147	0.4056	0.4192	0.4253	0.4067	0.3967	0.3605	0.3499	0.3195	0.3145	0.2892
0.1720	0.2191	0.2864	0.3035	0.3046	0.2980	0.3357	0.3528	0.3541	0.3578	0.3868	0.4152	0.4476	0.4588	0.4447	0.4628	0.5146	0.5551	0.5741	0.5536	0.5233	0.5076	0.5076	0.5260	0.4846	0.4825	0.4919	0.5476	0.5784	0.5597	0.5388	0.5843	0.6199	0.6083	0.5613	0.5736	0.5860	0.5764	0.5640	0.5469	0.5608	0.5799	0.5542	0.5456	0.5342	0.5078	0.5256	0.5307	0.5004	0.5147	0.5148	0.5004	0.4962	0.4859	0.5071	0.5032	0.4423	0.4214	0.4167	0.4271	0.4125	0.4192	0.4091	0.3974	0.3744	0.3519	0.3585	0.3752	0.3433
0.1848	0.2042	0.2613	0.2975	0.2974	0.3099	0.3539	0.3294	0.3782	0.3786	0.3915	0.4326	0.4270	0.4408	0.4437	0.4841	0.5584	0.5873	0.5970	0.5960	0.5677	0.5862	0.5541	0.5301	0.4839	0.4756	0.4633	0.5210	0.5332	0.5322	0.5510	0.5784	0.6003	0.5778	0.5939	0.6055	0.5873	0.5443	0.5598	0.5475	0.5183	0.5705	0.5572	0.5465	0.5253	0.5058	0.5006	0.5146	0.5309	0.5469	0.5354	0.5207	0.5580	0.5316	0.4962	0.4989	0.4482	0.4448	0.4342	0.4594	0.4324	0.4162	0.4033	0.3762	0.3922	0.3657	0.3525	0.3406	0.3337
0.1864	0.2119	0.2452	0.2892	0.2937	0.3040	0.3503	0.3493	0.3615	0.3841	0.4097	0.4185	0.4211	0.4275	0.4985	0.5464	0.5914	0.6282	0.6768	0.6665	0.6119	0.5813	0.5810	0.5805	0.5441	0.5071	0.4844	0.5262	0.5625	0.5349	0.5437	0.5995	0.6176	0.5893	0.6055	0.6034	0.5762	0.5468	0.5818	0.5701	0.5516	0.5467	0.5555	0.5399	0.5495	0.5288	0.4976	0.5416	0.5222	0.5631	0.5601	0.5171	0.5336	0.5483	0.5219	0.5061	0.4817	0.4558	0.4486	0.4448	0.4454	0.4244	0.4215	0.4095	0.3560	0.3505	0.3694	0.3524	0.3306
0.1812	0.2321	0.2606	0.2928	0.3044	0.2962	0.3366	0.3457	0.3684	0.3805	0.4111	0.4328	0.4495	0.4741	0.4725	0.5431	0.6281	0.6460	0.6936	0.6897	0.6721	0.6533	0.6294	0.6396	0.6070	0.5471	0.5308	0.5388	0.5896	0.5741	0.5740	0.6030	0.5929	0.5957	0.6221	0.5994	0.6325	0.5738	0.5940	0.5553	0.5733	0.5745	0.5625	0.5342	0.5402	0.5061	0.5300	0.5522	0.5556	0.5303	0.5407	0.5007	0.5233	0.5097	0.5199	0.5029	0.5189	0.4918	0.4450	0.4605	0.4156	0.4224	0.4332	0.4104	0.3592	0.3396	0.3706	0.3531	0.3299
0.1970	0.2119	0.2489	0.2562	0.2845	0.3019	0.3442	0.3728	0.3807	0.3935	0.4219	0.4252	0.4895	0.5386	0.5288	0.6244	0.6386	0.6508	0.6589	0.7281	0.7250	0.6443	0.6139	0.6169	0.5998	0.5789	0.5445	0.5954	0.5925	0.6064	0.6080	0.6153	0.6301	0.6457	0.6412	0.6122	0.6154	0.6006	0.5906	0.5752	0.5640	0.5569	0.5615	0.5665	0.5156	0.5281	0.5512	0.5216	0.5338	0.5629	0.5392	0.5030	0.5172	0.5183	0.5502	0.5273	0.5171	0.4908	0.5059	0.4731	0.4418	0.4448	0.4456	0.4372	0.3863	0.3928	0.3992	0.3806	0.3548
0.1788	0.1925	0.2128	0.2199	0.2927	0.2996	0.3422	0.3717	0.3901	0.3866	0.4195	0.4520	0.4827	0.5539	0.5544	0.5841	0.6620	0.6804	0.6727	0.7134	0.7344	0.6674	0.6442	0.6642	0.6854	0.6704	0.6373	0.6294	0.5981	0.6073	0.5797	0.6065	0.5954	0.6134	0.6376	0.6109	0.6222	0.6052	0.6323	0.5754	0.5732	0.5672	0.5620	0.5653	0.5104	0.5394	0.5237	0.5368	0.5143	0.5801	0.5521	0.5360	0.5499	0.5592	0.5378	0.5360	0.5193	0.4950	0.4976	0.4974	0.4927	0.4543	0.4501	0.4423	0.4286	0.4343	0.4004	0.3842	0.3543
0.1841	0.2017	0.2055	0.2391	0.2935	0.3247	0.3622	0.4147	0.4025	0.3794	0.4535	0.4942	0.4808	0.5919	0.6046	0.5984	0.6379	0.6667	0.6901	0.7158	0.6997	0.6903	0.6928	0.6794	0.6875	0.6765	0.6657	0.6591	0.6636	0.6109	0.5716	0.5761	0.6127	0.6442	0.6110	0.5972	0.5863	0.5999	0.5809	0.5805	0.5818	0.5823	0.6120	0.5842	0.5502	0.5632	0.5517	0.5785	0.5615	0.5822	0.5665	0.5511	0.5547	0.5536	0.5425	0.5349	0.5155	0.4998	0.4866	0.4816	0.4970	0.4642	0.4694	0.4568	0.4518	0.4171	0.4351	0.3998	0.3764
0.1550	0.1929	0.2349	0.2594	0.2976	0.3319	0.3756	0.3889	0.3979	0.4295	0.4342	0.5088	0.5430	0.5816	0.6043	0.6220	0.6495	0.7167	0.7461	0.7325	0.7404	0.7721	0.7270	0.7007	0.6781	0.6783	0.6869	0.7223	0.7164	0.6751	0.6506	0.6600	0.6577	0.6585	0.6076	0.5821	0.5859	0.5874	0.5658	0.5765	0.5979	0.6046	0.5829	0.5825	0.5722	0.5452	0.5639	0.5803	0.5948	0.6041	0.5694	0.5622	0.5786	0.5560	0.5365	0.5446	0.5059	0.5150	0.5105	0.4983	0.4555	0.4618	0.4798	0.4330	0.4016	0.3935	0.4024	0.3885	0.3944
0.1667	0.2150	0.2236	0.2540	0.2980	0.3528	0.3827	0.4061	0.4429	0.4511	0.4867	0.5156	0.5633	0.5714	0.6135	0.6328	0.7142	0.8184	0.7997	0.8068	0.8021	0.8091	0.8083	0.7837	0.7915	0.7870	0.7796	0.7895	0.7699	0.7267	0.7667	0.7568	0.7423	0.7154	0.7092	0.6446	0.6264	0.6256	0.6085	0.5900	0.6010	0.5714	0.5887	0.6067	0.5967	0.5603	0.6123	0.6115	0.6111	0.5892	0.6143	0.6150	0.5969	0.5922	0.5548	0.5578	0.5363	0.5244	0.5218	0.5049	0.5106	0.4806	0.4646	0.4581	0.4379	0.4225	0.4321	0.4111	0.3977
0.1692	0.2579	0.3123	0.3379	0.3865	0.4054	0.4181	0.4802	0.4645	0.4578	0.5141	0.5192	0.5430	0.5975	0.6086	0.7047	0.8184	0.8167	0.8293	0.8537	0.8385	0.8914	0.9130	0.8421	0.8608	0.8783	0.9080	0.8664	0.8616	0.8183	0.8499	0.8849	0.8771	0.8109	0.8086	0.7701	0.7336	0.7096	0.6650	0.6313	0.6177	0.6431	0.6438	0.6359	0.6183	0.5789	0.5849	0.5921	0.6141	0.6225	0.6153	0.6200	0.6154	0.5897	0.5571	0.5574	0.5333	0.5394	0.5166	0.5161	0.5437	0.5156	0.4967	0.5288	0.4950	0.4472	0.4501	0.4398	0.4076
0.1061	0.1993	0.3028	0.4131	0.5082	0.5467	0.6496	0.6756	0.6244	0.6293	0.5766	0.6116	0.6092	0.6685	0.6982	0.8014	0.8429	0.8838	0.9006	0.9136	0.8223	0.7279	0.7005	0.6246	0.5928	0.6564	0.7639	0.7688	0.8717	0.9488	0.9618	0.9257	0.8887	0.9175	0.8609	0.8128	0.8407	0.7740	0.7301	0.7083	0.6809	0.7016	0.6816	0.6829	0.6411	0.6318	0.6347	0.6309	0.6280	0.6392	0.6354	0.6295	0.6322	0.6399	0.6039	0.5577	0.5641	0.5755	0.5687	0.5868	0.5721	0.5521	0.5406	0.5358	0.4775	0.4530	0.4768	0.4752	0.3996
0.0642	0.1175	0.1385	0.1873	0.2799	0.3887	0.4768	0.5320	0.5387	0.6015	0.6494	0.6694	0.6995	0.7228	0.7682	0.8220	0.8229	0.8149	0.7295	0.6764	0.5026	0.3858	0.3506	0.3551	0.3668	0.3762	0.4450	0.4500	0.6244	0.7848	0.8680	0.9954	0.9612	0.9564	0.9563	0.9505	0.8803	0.8330	0.8060	0.7608	0.7698	0.7104	0.7366	0.7030	0.6579	0.6530	0.6846	0.6550	0.6561	0.6805	0.6565	0.6816	0.6609	0.6388	0.6010	0.6113	0.5974	0.5903	0.5772	0.5859	0.5932	0.5954	0.5731	0.5402	0.5263	0.5073	0.4751	0.4691	0.4349
0.0239	0.0487	0.0760	0.0911	0.0895	0.1175	0.1398	0.1829	0.2113	0.2535	0.3123	0.3855	0.4437	0.4480	0.4529	0.4954	0.5081	0.4149	0.3195	0.2755	0.2675	0.2451	0.2542	0.2675	0.2814	0.2662	0.2949	0.3094	0.3727	0.4245	0.5161	0.8104	1.0000	0.9443	0.9123	0.8177	0.6601	0.7799	0.8291	0.8370	0.8539	0.7204	0.7234	0.7094	0.7254	0.7051	0.7502	0.7152	0.6765	0.6795	0.7174	0.7114	0.6582	0.6369	0.6267	0.6289	0.6184	0.6035	0.5954	0.6060	0.6153	0.5662	0.6074	0.5368	0.5235	0.5353	0.4835	0.4554	0.4368
0.0122	0.0289	0.0403	0.0578	0.0759	0.0626	0.0726	0.0942	0.1156	0.1222	0.1303	0.1581	0.1758	0.1661	0.1851	0.2082	0.1953	0.1969	0.2010	0.1908	0.1846	0.1841	0.1923	0.2137	0.2288	0.2300	0.2243	0.2544	0.3054	0.3154	0.3543	0.5036	0.7988	0.7446	0.5445	0.4125	0.3999	0.5815	0.6564	0.7099	0.9206	0.8134	0.7959	0.8095	0.7671	0.7589	0.7848	0.7743	0.7102	0.7052	0.7165	0.7110	0.6803	0.6536	0.6598	0.6687	0.6766	0.6772	0.6466	0.6593	0.6301	0.5937	0.5846	0.5474	0.5178	0.5184	0.5129	0.4678	0.4325
0.0032	0.0152	0.0353	0.0327	0.0625	0.0657	0.0743	0.0687	0.0842	0.0930	0.0952	0.0960	0.0982	0.0988	0.1083	0.1206	0.1277	0.1352	0.1333	0.1463	0.1512	0.1465	0.1578	0.1766	0.1685	0.1747	0.1825	0.1952	0.2199	0.2412	0.2621	0.2971	0.3896	0.3587	0.3000	0.3015	0.3254	0.3614	0.4141	0.5672	0.8090	0.7219	0.8202	0.8255	0.8112	0.8277	0.8001	0.7587	0.7446	0.7540	0.7115	0.6882	0.6543	0.6508	0.6945	0.7224	0.7175	0.7043	0.6504	0.6560	0.6208	0.5961	0.5896	0.5222	0.4970	0.5430	0.5112	0.4699	0.4393
0.0010	0.0096	0.0321	0.0416	0.0435	0.0470	0.0619	0.0563	0.0536	0.0622	0.0782	0.0621	0.0814	0.0720	0.0823	0.0915	0.1018	0.0943	0.0946	0.1102	0.1069	0.1058	0.1183	0.1333	0.1371	0.1318	0.1522	0.1458	0.1733	0.1813	0.1863	0.2084	0.2112	0.2184	0.2373	0.2312	0.2359	0.2704	0.3024	0.4084	0.4959	0.5287	0.8488	0.8555	0.7691	0.8151	0.7623	0.7546	0.7380	0.7572	0.7308	0.7248	0.7284	0.7049	0.7200	0.7036	0.6598	0.6719	0.6805	0.6809	0.6257	0.5950	0.5837	0.5496	0.5061	0.5605	0.5466	0.5112	0.4574
0.0145	0.0221	0.0353	0.0433	0.0422	0.0481	0.0520	0.0520	0.0620	0.0643	0.0646	0.0607	0.0720	0.0730	0.0740	0.0793	0.0879	0.1060	0.0976	0.0938	0.1019	0.0930	0.0924	0.0994	0.1045	0.0947	0.1004	0.1139	0.1305	0.1329	0.1237	0.1478	0.1485	0.1449	0.1550	0.1519	0.1646	0.1856	0.1991	0.2124	0.2441	0.3290	0.5567	0.5525	0.4143	0.5572	0.5434	0.4860	0.5892	0.7046	0.7904	0.7593	0.7443	0.6936	0.7000	0.7033	0.7096	0.6898	0.6958	0.6881	0.6980	0.6593	0.6205	0.5609	0.5012	0.5426	0.5221	0.5055	0.4685
0.0140	0.0231	0.0225	0.0241	0.0366	0.0605	0.0496	0.0446	0.0521	0.0585	0.0483	0.0577	0.0631	0.0609	0.0669	0.0898	0.0954	0.0791	0.0934	0.0997	0.0973	0.0788	0.0905	0.1042	0.0868	0.0904	0.0953	0.1003	0.1079	0.1007	0.0903	0.1165	0.1031	0.1064	0.1159	0.1064	0.1082	0.1197	0.1209	0.1230	0.1440	0.1642	0.2002	0.2201	0.2179	0.2887	0.2892	0.2570	0.3854	0.6417	0.6435	0.4814	0.5381	0.7021	0.6865	0.6721	0.6025	0.5552	0.5029	0.5174	0.5813	0.6309	0.6294	0.5470	0.5098	0.4934	0.3999	0.5058	0.4991
0.0029	0.0118	0.0052	0.0261	0.0330	0.0429	0.0534	0.0523	0.0458	0.0454	0.0453	0.0467	0.0638	0.0588	0.0563	0.0798	0.0865	0.0799	0.0799	0.0856	0.0686	0.0705	0.0791	0.0703	0.0704	0.0781	0.0953	0.0899	0.0951	0.1023	0.0887	0.0887	0.0883	0.0919	0.1004	0.1020	0.0987	0.1004	0.0991	0.0921	0.1018	0.1120	0.1191	0.1177	0.1339	0.1490	0.1459	0.1665	0.2009	0.3231	0.3135	0.2298	0.2803	0.4182	0.4296	0.3865	0.3117	0.2595	0.2426	0.2880	0.3426	0.4885	0.5405	0.5223	0.4273	0.3376	0.2809	0.4337	0.4666
0.0082	0.0065	0.0221	0.0307	0.0231	0.0299	0.0443	0.0420	0.0363	0.0492	0.0459	0.0497	0.0689	0.0585	0.0551	0.0630	0.0643	0.0719	0.0582	0.0647	0.0739	0.0698	0.0671	0.0692	0.0668	0.0705	0.0751	0.0793	0.0705	0.0799	0.0850	0.0853	0.0812	0.0772	0.0934	0.0818	0.0769	0.0836	0.0883	0.0889	0.0906	0.0935	0.1043	0.0957	0.1120	0.1145	0.1097	0.1189	0.1226	0.1386	0.1528	0.1438	0.1478	0.1561	0.1634	0.1717	0.1742	0.1868	0.1922	0.2156	0.2068	0.2366	0.2593	0.2899	0.2506	0.2137	0.2331	0.3780	0.4905
0.0043	0.0004	0.0134	0.0237	0.0098	0.0224	0.0217	0.0339	0.0374	0.0331	0.0434	0.0393	0.0381	0.0412	0.0511	0.0491	0.0568	0.0549	0.0624	0.0524	0.0660	0.0749	0.0628	0.0638	0.0681	0.0725	0.0701	0.0651	0.0685	0.0688	0.0715	0.0801	0.0771	0.0732	0.0806	0.0679	0.0699	0.0743	0.0909	0.0869	0.0895	0.0854	0.0903	0.0849	0.0870	0.0965	0.0937	0.0916	0.1001	0.1093	0.1071	0.1146	0.1228	0.1151	0.1339	0.1377	0.1441	0.1442	0.1546	0.1692	0.1595	0.1676	0.1696	0.1875	0.1946	0.1855	0.2306	0.3535	0.4356
0.0000	0.0000	0.0049	0.0166	0.0173	0.0248	0.0230	0.0256	0.0271	0.0368	0.0261	0.0292	0.0260	0.0367	0.0551	0.0556	0.0627	0.0503	0.0576	0.0535	0.0633	0.0599	0.0533	0.0617	0.0699	0.0733	0.0723	0.0655	0.0637	0.0646	0.0611	0.0728	0.0711	0.0764	0.0725	0.0677	0.0682	0.0708	0.0793	0.0796	0.0857	0.0832	0.0822	0.0869	0.0791	0.0812	0.0841	0.0858	0.0939	0.0983	0.0967	0.0981	0.1018	0.1096	0.1181	0.1218	0.1216	0.1095	0.1355	0.1423	0.1367	0.1430	0.1499	0.1571	0.1811	0.2016	0.2577	0.4142	0.4052
0.0000	0.0000	0.0000	0.0135	0.0251	0.0200	0.0165	0.0202	0.0243	0.0329	0.0241	0.0216	0.0257	0.0358	0.0529	0.0489	0.0610	0.0594	0.0466	0.0473	0.0550	0.0530	0.0482	0.0446	0.0560	0.0574	0.0512	0.0568	0.0625	0.0612	0.0527	0.0633	0.0594	0.0645	0.0667	0.0682	0.0702	0.0617	0.0676	0.0610	0.0721	0.0665	0.0688	0.0718	0.0678	0.0700	0.0775	0.0793	0.0802	0.0797	0.0812	0.0891	0.0762	0.0988	0.0987	0.0847	0.1021	0.1081	0.1102	0.1156	0.1206	0.1170	0.1319	0.1437	0.1646	0.1757	0.2707	0.4485	0.4004
0.0000	0.0000	0.0124	0.0000	0.0001	0.0000	0.0141	0.0300	0.0247	0.0119	0.0195	0.0199	0.0224	0.0203	0.0246	0.0334	0.0421	0.0434	0.0386	0.0447	0.0459	0.0401	0.0434	0.0446	0.0543	0.0515	0.0420	0.0445	0.0486	0.0588	0.0593	0.0570	0.0595	0.0607	0.0538	0.0549	0.0639	0.0593	0.0609	0.0656	0.0615	0.0549	0.0629	0.0637	0.0701	0.0690	0.0695	0.0644	0.0702	0.0622	0.0632	0.0717	0.0663	0.0750	0.0801	0.0738	0.0790	0.0841	0.0870	0.0902	0.0904	0.0902	0.0883	0.1115	0.1200	0.1352	0.1858	0.2697	0.2854
0.0000	0.0000	0.0000	0.0000	0.0000	0.0000	0.0057	0.0238	0.0080	0.0054	0.0196	0.0213	0.0202	0.0242	0.0261	0.0290	0.0370	0.0334	0.0278	0.0367	0.0417	0.0269	0.0253	0.0422	0.0502	0.0440	0.0511	0.0497	0.0492	0.0572	0.0523	0.0437	0.0576	0.0564	0.0589	0.0494	0.0471	0.0540	0.0567	0.0569	0.0594	0.0603	0.0615	0.0647	0.0665	0.0719	0.0696	0.0632	0.0578	0.0678	0.0720	0.0671	0.0639	0.0650	0.0705	0.0735	0.0724	0.0680	0.0668	0.0767	0.0717	0.0696	0.0747	0.0814	0.0859	0.0957	0.1071	0.1159	0.1523
0.0000	0.0000	0.0000	0.0000	0.0000	0.0000	0.0034	0.0004	0.0038	0.0043	0.0181	0.0195	0.0178	0.0164	0.0356	0.0360	0.0311	0.0292	0.0356	0.0281	0.0348	0.0419	0.0350	0.0307	0.0357	0.0359	0.0444	0.0410	0.0525	0.0566	0.0437	0.0441	0.0504	0.0567	0.0572	0.0446	0.0514	0.0523	0.0545	0.0562	0.0653	0.0602	0.0656	0.0576	0.0506	0.0583	0.0695	0.0631	0.0593	0.0677	0.0668	0.0632	0.0642	0.0675	0.0730	0.0766	0.0719	0.0574	0.0669	0.0694	0.0642	0.0639	0.0629	0.0710	0.0645	0.0695	0.0776	0.0822	0.0859
0.0000	0.0000	0.0068	0.0076	0.0000	0.0000	0.0000	0.0078	0.0017	0.0070	0.0214	0.0204	0.0250	0.0161	0.0196	0.0260	0.0254	0.0222	0.0345	0.0400	0.0293	0.0246	0.0319	0.0372	0.0314	0.0382	0.0398	0.0349	0.0441	0.0541	0.0414	0.0436	0.0372	0.0423	0.0455	0.0422	0.0466	0.0579	0.0575	0.0610	0.0651	0.0575	0.0594	0.0576	0.0519	0.0547	0.0570	0.0545	0.0583	0.0633	0.0580	0.0632	0.0626	0.0609	0.0688	0.0683	0.0647	0.0599	0.0641	0.0534	0.0556	0.0536	0.0616	0.0668	0.0578	0.0616	0.0686	0.0627	0.0549
0.0000	0.0000	0.0000	0.0000	0.0000	0.0000	0.0000	0.0177	0.0050	0.0027	0.0047	0.0082	0.0210	0.0217	0.0266	0.0259	0.0158	0.0235	0.0226	0.0205	0.0256	0.0297	0.0237	0.0300	0.0353	0.0319	0.0291	0.0429	0.0471	0.0434	0.0444	0.0467	0.0396	0.0402	0.0472	0.0449	0.0472	0.0515	0.0482	0.0543	0.0481	0.0572	0.0566	0.0544	0.0543	0.0570	0.0524	0.0529	0.0548	0.0563	0.0488	0.0532	0.0570	0.0552	0.0602	0.0640	0.0549	0.0476	0.0503	0.0489	0.0530	0.0551	0.0503	0.0572	0.0567	0.0557	0.0516	0.0470	0.0467
0.0000	0.0000	0.0000	0.0000	0.0000	0.0075	0.0020	0.0187	0.0107	0.0109	0.0120	0.0048	0.0082	0.0066	0.0132	0.0219	0.0181	0.0203	0.0310	0.0163	0.0186	0.0242	0.0149	0.0353	0.0404	0.0308	0.0272	0.0387	0.0397	0.0415	0.0432	0.0419	0.0547	0.0423	0.0387	0.0528	0.0472	0.0451	0.0386	0.0481	0.0578	0.0530	0.0498	0.0552	0.0489	0.0518	0.0574	0.0575	0.0521	0.0554	0.0548	0.0601	0.0558	0.0516	0.0666	0.0540	0.0564	0.0524	0.0499	0.0529	0.0575	0.0526	0.0546	0.0608	0.0675	0.0591	0.0563	0.0585	0.0522
