0.0000	0.0000	0.0000	0.0000	0.0000	0.0000	0.0057	0.0269	0.0177	0.0018	0.0057	0.0343	0.0271	0.0239	0.0215	0.0300	0.0385	0.0358	0.0240	0.0342	0.0448	0.0362	0.0482	0.0482	0.0620	0.0690	0.0463	0.0629	0.0738	0.0799	0.0798	0.0812	0.0865	0.0964	0.0891	0.0875	0.0777	0.0888	0.1041	0.0933	0.0833	0.0981	0.1026	0.0995	0.0865	0.0988	0.1008	0.0983	0.0922	0.1020	0.1004	0.0766	0.1012	0.0957	0.0848	0.0759	0.0744	0.0601	0.0570	0.0606	0.0454	0.0561	0.0560	0.0599	0.0460	0.0409	0.0305	0.0433	0.0372
0.0000	0.0000	0.0000	0.0127	0.0000	0.0087	0.0168	0.0162	0.0201	0.0043	0.0257	0.0325	0.0343	0.0223	0.0296	0.0406	0.0443	0.0566	0.0460	0.0395	0.0497	0.0382	0.0542	0.0541	0.0650	0.0642	0.0574	0.0561	0.0766	0.0821	0.0886	0.0962	0.0943	0.0880	0.0843	0.0992	0.1152	0.1149	0.1155	0.0981	0.0978	0.1076	0.1088	0.1077	0.0991	0.1067	0.1069	0.1056	0.1043	0.1104	0.1154	0.0828	0.0824	0.0891	0.0965	0.0888	0.0762	0.0742	0.0666	0.0761	0.0725	0.0566	0.0553	0.0681	0.0572	0.0525	0.0456	0.0461	0.0380
0.0000	0.0000	0.0000	0.0203	0.0000	0.0057	0.0097	0.0167	0.0238	0.0117	0.0395	0.0274	0.0372	0.0310	0.0326	0.0445	0.0388	0.0451	0.0504	0.0536	0.0585	0.0503	0.0598	0.0550	0.0710	0.0771	0.0783	0.0752	0.0810	0.0818	0.0958	0.0848	0.0906	0.1018	0.0971	0.1091	0.1277	0.1126	0.1128	0.0920	0.1132	0.1345	0.1147	0.1120	0.1226	0.1180	0.1215	0.1006	0.1063	0.1242	0.1303	0.1174	0.1088	0.1051	0.1079	0.0975	0.0986	0.0754	0.0686	0.0838	0.0863	0.0703	0.0719	0.0685	0.0632	0.0656	0.0595	0.0529	0.0456
0.0000	0.0000	0.0000	0.0106	0.0103	0.0183	0.0133	0.0206	0.0245	0.0239	0.0414	0.0402	0.0359	0.0290	0.0276	0.0467	0.0439	0.0485	0.0506	0.0649	0.0606	0.0536	0.0502	0.0632	0.0852	0.0797	0.0694	0.0801	0.0787	0.0832	0.0961	0.0889	0.0873	0.1017	0.1110	0.1011	0.0987	0.1006	0.1203	0.1074	0.1080	0.1313	0.1145	0.1254	0.1178	0.1171	0.1208	0.1155	0.1071	0.1127	0.1307	0.1114	0.1348	0.1290	0.1220	0.1092	0.1086	0.1001	0.0961	0.0890	0.0772	0.0890	0.0790	0.0747	0.0699	0.0634	0.0680	0.0597	0.0590
0.0000	0.0000	0.0089	0.0149	0.0227	0.0375	0.0130	0.0180	0.0278	0.0198	0.0259	0.0437	0.0594	0.0373	0.0257	0.0467	0.0474	0.0484	0.0493	0.0493	0.0611	0.0655	0.0596	0.0645	0.0618	0.0789	0.0803	0.0704	0.0913	0.0876	0.0924	0.1009	0.1053	0.1171	0.1204	0.1117	0.1108	0.1033	0.1225	0.1335	0.1210	0.1179	0.1228	0.1195	0.1224	0.1304	0.1233	0.1303	0.1201	0.1281	0.1259	0.1285	0.1445	0.1366	0.1185	0.1079	0.1335	0.1063	0.0970	0.0912	0.1044	0.0971	0.0890	0.0777	0.0776	0.0712	0.0751	0.0671	0.0620
0.0000	0.0000	0.0245	0.0247	0.0170	0.0181	0.0163	0.0215	0.0327	0.0403	0.0563	0.0467	0.0502	0.0426	0.0299	0.0495	0.0564	0.0554	0.0518	0.0577	0.0651	0.0728	0.0750	0.0713	0.0783	0.0933	0.0780	0.0820	0.0925	0.1012	0.1005	0.0935	0.1135	0.1202	0.1267	0.1235	0.1286	0.1200	0.1388	0.1316	0.1398	0.1236	0.1423	0.1322	0.1305	0.1366	0.1381	0.1457	0.1527	0.1504	0.1561	0.1737	0.1729	0.1632	0.1402	0.1497	0.1544	0.1298	0.1348	0.1206	0.1294	0.1166	0.1369	0.1452	0.1178	0.0916	0.0674	0.0796	0.0781
0.0000	0.0000	0.0180	0.0177	0.0130	0.0137	0.0229	0.0285	0.0348	0.0388	0.0598	0.0478	0.0432	0.0443	0.0449	0.0541	0.0612	0.0529	0.0737	0.0677	0.0616	0.0664	0.0608	0.0801	0.0813	0.0916	0.0876	0.0837	0.0981	0.1198	0.1001	0.0953	0.1154	0.1234	0.1283	0.1480	0.1314	0.1368	0.1388	0.1407	0.1538	0.1532	0.1708	0.1755	0.1810	0.1657	0.1636	0.1744	0.1946	0.2236	0.2804	0.3234	0.3333	0.2786	0.1793	0.2023	0.2498	0.1722	0.1665	0.1562	0.1294	0.1396	0.2325	0.2898	0.1887	0.1209	0.0942	0.0869	0.0795
0.0064	0.0066	0.0467	0.0311	0.0188	0.0129	0.0247	0.0313	0.0348	0.0342	0.0419	0.0604	0.0628	0.0493	0.0514	0.0611	0.0622	0.0593	0.0738	0.0599	0.0684	0.0727	0.0634	0.0787	0.1022	0.1013	0.1017	0.0917	0.1192	0.1023	0.1038	0.1101	0.1284	0.1369	0.1528	0.1501	0.1393	0.1616	0.1791	0.1639	0.1761	0.2265	0.3179	0.4093	0.3961	0.2949	0.2032	0.2093	0.2923	0.3969	0.4868	0.5016	0.4603	0.3977	0.2316	0.2390	0.2659	0.2054	0.2361	0.2325	0.2186	0.2353	0.3833	0.3783	0.3134	0.2154	0.1413	0.1147	0.1153
0.0025	0.0073	0.0286	0.0324	0.0355	0.0220	0.0364	0.0402	0.0454	0.0407	0.0400	0.0771	0.0787	0.0716	0.0763	0.0722	0.0686	0.0743	0.0727	0.0755	0.0922	0.0790	0.0901	0.0824	0.0965	0.1051	0.1019	0.1106	0.1149	0.1194	0.1098	0.1237	0.1498	0.1531	0.1552	0.1596	0.1799	0.1714	0.1969	0.2434	0.2904	0.4502	0.6122	0.6523	0.6237	0.5675	0.4027	0.3158	0.4811	0.6154	0.6099	0.5905	0.5070	0.4530	0.3209	0.2735	0.3016	0.3351	0.3994	0.3804	0.3363	0.3639	0.4280	0.3429	0.3291	0.2659	0.1622	0.1468	0.1310
0.0000	0.0142	0.0194	0.0277	0.0350	0.0298	0.0444	0.0489	0.0556	0.0461	0.0512	0.0665	0.0653	0.0713	0.0880	0.0689	0.0790	0.0962	0.0892	0.0857	0.0910	0.0760	0.0854	0.1063	0.1163	0.1028	0.1063	0.1152	0.1074	0.1419	0.1310	0.1249	0.1517	0.1841	0.1972	0.2010	0.2329	0.2462	0.2743	0.3234	0.4178	0.6623	0.7052	0.6951	0.7047	0.7362	0.6820	0.4956	0.5616	0.6238	0.5478	0.5591	0.5696	0.5121	0.4204	0.3534	0.4768	0.5113	0.4549	0.4474	0.4305	0.4118	0.4298	0.3740	0.3410	0.2820	0.2315	0.1871	0.1704
0.0108	0.0158	0.0201	0.0282	0.0461	0.0304	0.0426	0.0567	0.0597	0.0656	0.0557	0.0511	0.0691	0.0681	0.0763	0.0785	0.0879	0.0881	0.0844	0.0880	0.1079	0.0943	0.0981	0.1075	0.1151	0.1140	0.1155	0.1315	0.1366	0.1629	0.1611	0.1805	0.2164	0.2603	0.2634	0.3081	0.3375	0.3244	0.3399	0.3813	0.5045	0.7327	0.7413	0.7028	0.7683	0.7051	0.7397	0.6634	0.6352	0.5965	0.5764	0.6386	0.5553	0.5032	0.4805	0.4779	0.5129	0.5260	0.4429	0.4857	0.4646	0.3902	0.3975	0.3970	0.3802	0.3113	0.2655	0.2138	0.1667
0.0131	0.0290	0.0298	0.0354	0.0420	0.0446	0.0515	0.0697	0.0642	0.0694	0.0684	0.0692	0.0789	0.0828	0.0885	0.0957	0.0964	0.0968	0.0836	0.0885	0.1091	0.0984	0.1040	0.1186	0.1464	0.1403	0.1545	0.1662	0.1848	0.2024	0.2395	0.3051	0.4751	0.4939	0.3985	0.4816	0.5035	0.4461	0.4393	0.5408	0.7123	0.7431	0.7492	0.6889	0.6893	0.6550	0.6631	0.6442	0.6146	0.6315	0.6027	0.6069	0.5490	0.5674	0.5598	0.5434	0.5404	0.5296	0.4877	0.4789	0.4606	0.4330	0.4027	0.4055	0.3798	0.3123	0.2843	0.2620	0.1951
0.0196	0.0236	0.0345	0.0412	0.0510	0.0446	0.0442	0.0502	0.0752	0.0740	0.0830	0.0826	0.0884	0.0791	0.0851	0.0852	0.0902	0.1100	0.0990	0.1082	0.1149	0.1214	0.1456	0.1484	0.1746	0.1894	0.1847	0.2036	0.2594	0.2857	0.3137	0.5006	0.7021	0.6134	0.6177	0.7573	0.7933	0.6886	0.6115	0.7304	0.7933	0.7113	0.7005	0.6429	0.6165	0.6405	0.6589	0.6276	0.6589	0.6225	0.5844	0.5707	0.5767	0.5958	0.5567	0.5636	0.5762	0.5022	0.4942	0.4576	0.4258	0.4284	0.4173	0.4103	0.3900	0.3365	0.3172	0.3281	0.2240
0.0254	0.0371	0.0451	0.0446	0.0531	0.0500	0.0401	0.0571	0.0628	0.0693	0.0980	0.0805	0.0807	0.0992	0.0956	0.1073	0.1187	0.1342	0.1315	0.1391	0.1340	0.1453	0.1787	0.1787	0.2131	0.2330	0.2418	0.2857	0.3049	0.3268	0.3726	0.4821	0.5670	0.6172	0.8201	0.8625	0.8336	0.7500	0.7569	0.7542	0.7047	0.6817	0.7157	0.6684	0.6147	0.6186	0.6093	0.5893	0.6259	0.5706	0.5493	0.6027	0.5738	0.5285	0.5230	0.5313	0.5052	0.4723	0.4671	0.4785	0.4161	0.4280	0.4417	0.4066	0.4040	0.3373	0.3406	0.3264	0.2121
0.0092	0.0172	0.0472	0.0552	0.0578	0.0586	0.0759	0.0819	0.0901	0.0934	0.0837	0.1086	0.1105	0.1227	0.1360	0.1293	0.1601	0.1546	0.1533	0.1702	0.1834	0.2048	0.2116	0.2307	0.2358	0.2726	0.3065	0.3216	0.3458	0.3961	0.4248	0.4817	0.5762	0.7149	0.8708	0.8293	0.7478	0.6952	0.6903	0.7073	0.6528	0.6527	0.6484	0.6116	0.6202	0.6080	0.5856	0.6068	0.6228	0.5725	0.5734	0.5544	0.5213	0.4597	0.5098	0.4940	0.4916	0.4832	0.4365	0.4468	0.4136	0.4211	0.4462	0.4239	0.3887	0.3466	0.3463	0.3272	0.2667
0.0160	0.0194	0.0501	0.0620	0.0782	0.0765	0.0893	0.1101	0.1110	0.1237	0.1323	0.1598	0.1451	0.1591	0.1736	0.1831	0.2070	0.1949	0.2014	0.2066	0.2182	0.2405	0.2404	0.2820	0.2970	0.3320	0.3500	0.3755	0.4849	0.5175	0.6225	0.7039	0.7695	0.8171	0.7933	0.7445	0.7390	0.6774	0.6436	0.6407	0.6401	0.5784	0.6174	0.6316	0.5955	0.6525	0.6039	0.6137	0.6113	0.5992	0.5569	0.5662	0.5652	0.4778	0.4709	0.4839	0.4717	0.4713	0.4744	0.4699	0.4285	0.4138	0.4683	0.4421	0.3621	0.3603	0.3426	0.3490	0.3343
0.0203	0.0426	0.0582	0.0667	0.0952	0.1138	0.1253	0.1536	0.1778	0.2002	0.2241	0.2561	0.2224	0.2054	0.2146	0.2232	0.2362	0.2536	0.2430	0.2410	0.2636	0.2886	0.2961	0.3125	0.3370	0.3639	0.4279	0.5016	0.6469	0.7468	0.8378	0.8473	0.8040	0.7798	0.7915	0.7195	0.7174	0.6644	0.6571	0.5892	0.5933	0.6040	0.6500	0.6219	0.6065	0.5969	0.5675	0.6212	0.5761	0.5760	0.5722	0.6031	0.5533	0.5044	0.4660	0.4996	0.4600	0.4386	0.4515	0.4838	0.4380	0.3961	0.4257	0.4176	0.3807	0.3438	0.3259	0.3172	0.3189
0.0570	0.0800	0.1070	0.1392	0.1729	0.2364	0.2940	0.3552	0.4431	0.4268	0.4703	0.4677	0.4027	0.3281	0.3198	0.2821	0.2718	0.2793	0.2905	0.2882	0.3280	0.3414	0.3344	0.3662	0.4193	0.4849	0.5459	0.6765	0.7270	0.7437	0.7844	0.7475	0.7203	0.6993	0.6867	0.6540	0.6388	0.5802	0.6204	0.6300	0.5755	0.5768	0.5954	0.5850	0.5621	0.5442	0.5775	0.5844	0.5942	0.5613	0.5574	0.5649	0.5675	0.5250	0.4876	0.4741	0.4456	0.4431	0.4424	0.4366	0.4114	0.4040	0.4057	0.4064	0.3683	0.3191	0.3136	0.3351	0.3194
0.1246	0.1854	0.2877	0.3497	0.4565	0.5576	0.5986	0.6211	0.6459	0.6068	0.6074	0.6491	0.6756	0.6123	0.5998	0.5383	0.4720	0.3978	0.3770	0.3440	0.3617	0.4256	0.4821	0.5655	0.6687	0.7427	0.7269	0.7213	0.7305	0.6993	0.6875	0.6369	0.6317	0.6704	0.6342	0.6231	0.5838	0.5773	0.5917	0.5842	0.5381	0.5249	0.5625	0.5638	0.5527	0.5476	0.5433	0.5283	0.5604	0.5972	0.6066	0.5475	0.5562	0.5334	0.5203	0.4781	0.4279	0.4292	0.4155	0.4388	0.4161	0.3907	0.4172	0.3923	0.3688	0.3453	0.3280	0.3295	0.3220
0.2036	0.3079	0.4245	0.4825	0.4837	0.5215	0.5276	0.4762	0.5169	0.5374	0.5836	0.6381	0.7235	0.7052	0.7431	0.7756	0.7716	0.6446	0.4647	0.4288	0.4713	0.5867	0.7169	0.7993	0.7672	0.7292	0.7219	0.6615	0.6610	0.6519	0.6274	0.5734	0.5923	0.5803	0.5770	0.5850	0.5523	0.5466	0.5385	0.5373	0.5370	0.5348	0.5246	0.5387	0.5672	0.4992	0.5002	0.5353	0.5611	0.5555	0.5283	0.4898	0.4984	0.4930	0.5070	0.4707	0.4429	0.4458	0.4344	0.4079	0.3852	0.3915	0.3871	0.3921	0.3570	0.3436	0.3427	0.3312	0.3264
0.2392	0.2994	0.2939	0.3181	0.3167	0.3608	0.3868	0.3859	0.4192	0.4652	0.5553	0.5887	0.6864	0.6927	0.6623	0.7572	0.8290	0.8399	0.7137	0.6360	0.6685	0.7054	0.7490	0.7525	0.6405	0.6354	0.5792	0.5810	0.5791	0.5618	0.5937	0.5641	0.5627	0.5819	0.5855	0.5978	0.5671	0.5482	0.5463	0.5395	0.5427	0.5258	0.4976	0.5114	0.5124	0.4936	0.5137	0.5170	0.5229	0.5261	0.5101	0.4885	0.4957	0.4969	0.4618	0.4602	0.4793	0.4294	0.4349	0.4123	0.4002	0.4060	0.3860	0.3493	0.3741	0.3455	0.3191	0.3351	0.3259
0.2241	0.2759	0.2595	0.2810	0.2866	0.3145	0.3764	0.4324	0.4275	0.4635	0.5318	0.5860	0.6798	0.7051	0.6675	0.7205	0.7865	0.8165	0.8313	0.7928	0.7968	0.7375	0.6674	0.6142	0.5640	0.5508	0.5515	0.5285	0.5336	0.5585	0.5603	0.5511	0.5754	0.5572	0.5599	0.5844	0.5566	0.5669	0.5387	0.5773	0.5891	0.5569	0.5005	0.5252	0.5281	0.5351	0.5291	0.5040	0.4816	0.4929	0.5082	0.4848	0.4692	0.4792	0.4297	0.4790	0.4830	0.4678	0.4414	0.3910	0.3815	0.3771	0.3753	0.3432	0.3692	0.3681	0.3098	0.3169	0.2935
0.2055	0.2287	0.2672	0.2772	0.2979	0.2903	0.3962	0.3917	0.3996	0.4294	0.4997	0.5292	0.5737	0.6459	0.6350	0.6553	0.7339	0.7188	0.6766	0.6345	0.6442	0.6617	0.5891	0.5696	0.5012	0.4772	0.5402	0.5332	0.5530	0.5463	0.5512	0.5368	0.5985	0.5807	0.5440	0.6053	0.6128	0.5741	0.5870	0.5706	0.5827	0.5588	0.5288	0.5192	0.5591	0.5597	0.5125	0.5260	0.5096	0.4902	0.5010	0.5067	0.5101	0.5006	0.4822	0.4688	0.4807	0.4426	0.4046	0.4084	0.3774	0.3853	0.3905	0.3560	0.3468	0.3458	0.3193	0.3224	0.2833
0.1972	0.2403	0.2533	0.2806	0.3032	0.3166	0.3906	0.3721	0.3514	0.3502	0.4070	0.4510	0.4959	0.4869	0.5266	0.5818	0.6238	0.6204	0.6111	0.5856	0.5460	0.5872	0.5544	0.4977	0.5383	0.5094	0.5170	0.5402	0.5463	0.5547	0.5764	0.5617	0.5874	0.6052	0.6068	0.5944	0.6015	0.5635	0.5768	0.5705	0.5702	0.5504	0.5462	0.5434	0.5306	0.5386	0.5482	0.5320	0.5050	0.5061	0.4783	0.4775	0.5138	0.4959	0.4668	0.4738	0.4682	0.4412	0.4297	0.4147	0.3793	0.3801	0.3738	0.3688	0.3288	0.3205	0.3189	0.3174	0.2916
0.2078	0.2615	0.2807	0.2950	0.3191	0.3311	0.3600	0.3509	0.3623	0.3460	0.3704	0.4202	0.4165	0.4170	0.4715	0.4754	0.4905	0.5292	0.5416	0.5586	0.5355	0.5379	0.5500	0.5550	0.5417	0.5291	0.5155	0.5267	0.5705	0.5827	0.5658	0.5671	0.5960	0.6381	0.6213	0.6038	0.6074	0.5867	0.5831	0.5664	0.5500	0.5946	0.5619	0.5183	0.5502	0.5156	0.5267	0.5458	0.5264	0.5273	0.4814	0.4930	0.4876	0.4762	0.4739	0.4702	0.4621	0.4276	0.4239	0.4329	0.3985	0.3637	0.3855	0.3526	0.3417	0.3179	0.3009	0.3132	0.2952
0.2156	0.2472	0.2805	0.2959	0.3070	0.3046	0.3465	0.3601	0.3641	0.3537	0.3697	0.4048	0.4184	0.4269	0.4690	0.4774	0.4750	0.4980	0.5046	0.5277	0.5373	0.5318	0.5397	0.5406	0.5411	0.5267	0.5323	0.5361	0.5829	0.5448	0.6159	0.6028	0.6311	0.6052	0.6028	0.5718	0.5485	0.5656	0.5900	0.5877	0.5690	0.5548	0.5053	0.5088	0.5341	0.5241	0.5203	0.5322	0.5309	0.5350	0.5071	0.4910	0.4879	0.4741	0.5023	0.5024	0.4544	0.4222	0.4148	0.4101	0.3922	0.3925	0.3929	0.3601	0.3557	0.3300	0.3015	0.3014	0.2690
0.2094	0.2510	0.3124	0.3411	0.3163	0.3327	0.3537	0.3669	0.3493	0.3322	0.3914	0.4023	0.4395	0.4371	0.4490	0.4574	0.5014	0.4974	0.5228	0.5071	0.5205	0.5368	0.5444	0.5492	0.5078	0.4954	0.5146	0.5359	0.5383	0.5682	0.6126	0.6024	0.6252	0.6109	0.6117	0.5467	0.5531	0.5451	0.5937	0.5801	0.5705	0.5463	0.5243	0.5037	0.5411	0.5068	0.5104	0.5009	0.5052	0.5166	0.4967	0.4881	0.4921	0.4869	0.4670	0.4746	0.4298	0.4300	0.4327	0.4509	0.4157	0.3947	0.3974	0.3801	0.3782	0.3356	0.3052	0.2822	0.2634
0.2327	0.2678	0.2979	0.3046	0.2954	0.3037	0.3356	0.3579	0.3442	0.3645	0.3605	0.3717	0.4052	0.4465	0.4525	0.4518	0.4930	0.4838	0.5221	0.5509	0.5296	0.5265	0.5012	0.5253	0.5190	0.5258	0.5253	0.5570	0.5255	0.5573	0.5762	0.5878	0.5828	0.5831	0.5541	0.5542	0.5528	0.5696	0.5732	0.5641	0.5715	0.5559	0.5317	0.4817	0.5229	0.4981	0.5362	0.5076	0.5183	0.4780	0.5299	0.5133	0.5206	0.5061	0.4551	0.4579	0.4630	0.4228	0.4196	0.4547	0.4058	0.4204	0.4047	0.3716	0.3564	0.3134	0.3001	0.3118	0.2880
0.2428	0.2684	0.2472	0.3039	0.3291	0.3283	0.3257	0.3162	0.3160	0.3273	0.3286	0.3848	0.4072	0.4200	0.4318	0.4545	0.4603	0.5011	0.5530	0.5421	0.5738	0.5202	0.4930	0.5276	0.5528	0.5307	0.5279	0.5776	0.5906	0.5562	0.5942	0.5868	0.5890	0.5811	0.5579	0.5386	0.5470	0.5746	0.5632	0.5572	0.5528	0.5289	0.5191	0.5165	0.4914	0.4855	0.5341	0.5167	0.5093	0.4894	0.4746	0.4741	0.4974	0.5083	0.4965	0.4456	0.4356	0.4264	0.4313	0.4303	0.4061	0.4018	0.4043	0.3734	0.3603	0.3387	0.3134	0.3107	0.2658
0.2217	0.2618	0.2687	0.2848	0.3145	0.3005	0.3084	0.3037	0.3251	0.3312	0.3291	0.4099	0.4275	0.4052	0.4318	0.4732	0.4936	0.5271	0.5512	0.5485	0.5095	0.5058	0.5214	0.5694	0.5381	0.5176	0.5204	0.6034	0.5910	0.5633	0.5813	0.5960	0.6052	0.5720	0.5553	0.5623	0.5958	0.5802	0.5620	0.5585	0.5554	0.5332	0.5220	0.5223	0.5060	0.4922	0.5102	0.4992	0.4948	0.5126	0.4819	0.4873	0.4911	0.4668	0.4744	0.4499	0.4274	0.4184	0.4179	0.4174	0.3916	0.3961	0.3726	0.3494	0.3618	0.3348	0.3046	0.3170	0.2828
0.2292	0.2488	0.2956	0.2582	0.2660	0.2891	0.3651	0.3393	0.3506	0.3522	0.3474	0.4091	0.4216	0.4132	0.4269	0.4889	0.5292	0.5234	0.5177	0.5196	0.5482	0.5384	0.5166	0.5477	0.5528	0.5576	0.5143	0.5604	0.5690	0.5700	0.5814	0.5830	0.5931	0.5777	0.5767	0.5753	0.5830	0.5769	0.5452	0.5809	0.5292	0.5550	0.5479	0.5373	0.5048	0.5090	0.5189	0.4935	0.5075	0.5294	0.5196	0.5239	0.5309	0.4819	0.4400	0.4501	0.4464	0.4491	0.4322	0.4602	0.3994	0.3885	0.3709	0.3635	0.3486	0.3486	0.3211	0.3089	0.2838
0.2100	0.2274	0.2304	0.2352	0.2584	0.2774	0.3405	0.3250	0.3591	0.3551	0.3539	0.3750	0.3733	0.4128	0.4561	0.5011	0.5377	0.5019	0.5048	0.5103	0.5297	0.5212	0.5009	0.5273	0.5620	0.5637	0.5347	0.5580	0.5930	0.5635	0.5610	0.6158	0.5950	0.5744	0.5930	0.5804	0.5591	0.5789	0.5631	0.5556	0.5215	0.5360	0.5714	0.5502	0.5323	0.5187	0.5245	0.5621	0.5424	0.5619	0.5646	0.5260	0.5287	0.5336	0.5090	0.4879	0.4559	0.4789	0.4515	0.4240	0.4250	0.3966	0.4264	0.3951	0.3667	0.3446	0.3397	0.3232	0.3017
0.1931	0.2162	0.2235	0.2501	0.2810	0.2813	0.3442	0.3289	0.3808	0.4017	0.3701	0.3763	0.4090	0.4586	0.4582	0.4736	0.5259	0.5162	0.5579	0.5270	0.5394	0.5532	0.5476	0.5775	0.5525	0.5306	0.5534	0.5383	0.5837	0.5757	0.5902	0.5980	0.5972	0.5940	0.6045	0.5942	0.6475	0.6099	0.6042	0.5537	0.5624	0.5720	0.5613	0.5629	0.5274	0.5071	0.5687	0.5423	0.5760	0.5779	0.5639	0.5479	0.5517	0.5296	0.5615	0.5231	0.4689	0.4804	0.4661	0.4540	0.4415	0.4361	0.4382	0.3980	0.4108	0.3417	0.3509	0.3291	0.3137
0.2008	0.2148	0.2449	0.2381	0.2618	0.2887	0.3340	0.3694	0.4114	0.4489	0.4335	0.4250	0.4535	0.5177	0.4828	0.5171	0.5241	0.5508	0.5650	0.5139	0.5324	0.5164	0.5476	0.5346	0.5200	0.5201	0.5313	0.5789	0.5916	0.5602	0.6147	0.6129	0.5994	0.5965	0.6232	0.5946	0.6064	0.6022	0.5943	0.5618	0.5627	0.5730	0.5582	0.5825	0.5207	0.5398	0.5847	0.5550	0.5931	0.6171	0.5614	0.5444	0.5354	0.5411	0.5706	0.5439	0.5040	0.4891	0.4655	0.4722	0.4362	0.4632	0.4472	0.4200	0.4027	0.3879	0.4001	0.3721	0.3559
0.1930	0.2106	0.2152	0.2350	0.2890	0.2824	0.3514	0.4035	0.4571	0.4789	0.4787	0.5198	0.5743	0.5753	0.5486	0.5875	0.6048	0.6036	0.6093	0.5710	0.5681	0.5169	0.5195	0.5387	0.5314	0.5446	0.5577	0.5518	0.5627	0.5515	0.5520	0.5762	0.5881	0.5982	0.6462	0.6243	0.5912	0.6011	0.6197	0.5644	0.5870	0.5768	0.5643	0.5843	0.5545	0.5529	0.5420	0.5758	0.5800	0.5990	0.5756	0.5695	0.5609	0.6078	0.5617	0.5409	0.5289	0.4984	0.4996	0.4914	0.4461	0.4269	0.4497	0.4585	0.4427	0.4343	0.4084	0.3849	0.3611
0.1751	0.1843	0.2222	0.2411	0.2784	0.3253	0.3707	0.4186	0.4426	0.4702	0.5085	0.5687	0.5924	0.6485	0.6542	0.6710	0.6942	0.6682	0.6691	0.7047	0.6537	0.6248	0.5614	0.5515	0.5398	0.5266	0.5262	0.5379	0.5538	0.5630	0.5586	0.5568	0.5684	0.6008	0.6171	0.6267	0.5944	0.5916	0.5850	0.5887	0.5759	0.5674	0.5862	0.5811	0.5835	0.5656	0.5989	0.6011	0.6067	0.6207	0.6205	0.6062	0.6156	0.6036	0.5793	0.5390	0.5310	0.5059	0.4924	0.4940	0.4768	0.4544	0.4667	0.4769	0.4479	0.4193	0.4475	0.4300	0.4090
0.1838	0.1965	0.2391	0.2355	0.2842	0.3359	0.3680	0.4232	0.4631	0.5238	0.5430	0.5696	0.6348	0.6642	0.7306	0.7569	0.7527	0.7567	0.7961	0.6678	0.6428	0.7440	0.6731	0.6410	0.5562	0.5312	0.5245	0.5258	0.5713	0.5904	0.5746	0.5699	0.5791	0.6093	0.5739	0.5882	0.6039	0.5900	0.5598	0.5551	0.5608	0.5689	0.5691	0.5732	0.5645	0.5449	0.5738	0.5773	0.6241	0.6447	0.6144	0.6026	0.6114	0.5905	0.5641	0.5606	0.5539	0.5432	0.5283	0.4981	0.4842	0.4850	0.4937	0.4714	0.4474	0.4242	0.4570	0.4621	0.4331
0.1867	0.2534	0.2802	0.2662	0.2726	0.3451	0.3767	0.4218	0.4915	0.5142	0.5582	0.6098	0.6678	0.6593	0.7707	0.8492	0.8624	0.9103	0.8200	0.5120	0.4265	0.5689	0.7765	0.7828	0.7064	0.6416	0.5772	0.5358	0.5676	0.5381	0.5765	0.5955	0.5756	0.5773	0.6115	0.5828	0.5898	0.5933	0.5665	0.5521	0.5710	0.5546	0.5632	0.5603	0.5864	0.5678	0.5928	0.6013	0.6284	0.6423	0.6207	0.6330	0.6348	0.6226	0.5843	0.5515	0.5716	0.5541	0.5587	0.5215	0.5192	0.4923	0.4923	0.5018	0.4833	0.4418	0.4750	0.4635	0.4711
0.2041	0.2942	0.3608	0.3896	0.3750	0.4609	0.4670	0.4862	0.5027	0.4950	0.5613	0.6387	0.6784	0.7952	0.8436	0.9036	0.9569	0.8488	0.5934	0.3416	0.3196	0.3995	0.5731	0.6359	0.7193	0.7467	0.6700	0.5938	0.5661	0.5614	0.5946	0.6275	0.6264	0.6075	0.6175	0.5816	0.5869	0.6064	0.6046	0.5815	0.5720	0.5850	0.6153	0.6133	0.6059	0.6023	0.6080	0.6091	0.6365	0.6556	0.6446	0.6495	0.6593	0.6485	0.5528	0.5747	0.5455	0.5250	0.5295	0.5471	0.5550	0.5327	0.5025	0.5273	0.4892	0.4508	0.4655	0.4585	0.4659
0.1223	0.2007	0.2946	0.4047	0.4585	0.5677	0.6133	0.6073	0.6235	0.6252	0.6337	0.7029	0.7185	0.7974	0.7836	0.8146	0.7768	0.4915	0.2876	0.2760	0.2876	0.3062	0.3544	0.3843	0.4993	0.7679	0.7601	0.6687	0.6860	0.6431	0.6239	0.6003	0.6221	0.6341	0.6009	0.6183	0.6610	0.6354	0.6479	0.6300	0.6014	0.6302	0.6832	0.6910	0.6629	0.6468	0.6564	0.6278	0.6569	0.6547	0.6481	0.6461	0.6756	0.6585	0.5762	0.5514	0.5410	0.5276	0.5688	0.5815	0.5667	0.5215	0.5247	0.5180	0.4811	0.4423	0.4494	0.4660	0.4371
0.0547	0.0585	0.1082	0.1445	0.2060	0.2812	0.3245	0.3801	0.4366	0.4943	0.5264	0.5642	0.5321	0.4491	0.3829	0.3790	0.3128	0.2656	0.2583	0.2600	0.2802	0.2882	0.3065	0.3392	0.4172	0.6398	0.7995	0.7849	0.8011	0.7681	0.7463	0.7023	0.6472	0.6343	0.6330	0.6432	0.6753	0.6511	0.6580	0.6483	0.6723	0.6579	0.6890	0.6683	0.6783	0.6680	0.6768	0.6766	0.6741	0.6766	0.6568	0.6621	0.6757	0.6318	0.5834	0.5843	0.5735	0.5683	0.5712	0.5811	0.5695	0.5553	0.5242	0.5271	0.5060	0.4725	0.4501	0.4752	0.4500
0.0305	0.0304	0.0578	0.0674	0.0900	0.1101	0.0997	0.1449	0.1673	0.1853	0.2056	0.2067	0.2130	0.1976	0.1981	0.1974	0.1946	0.2110	0.2136	0.2182	0.2499	0.2509	0.2739	0.3061	0.3515	0.3872	0.5773	0.8472	0.9219	0.9073	0.8382	0.7828	0.7538	0.7576	0.7544	0.7469	0.6956	0.7296	0.6928	0.6918	0.6741	0.6449	0.6829	0.6712	0.6836	0.6841	0.7034	0.7020	0.6687	0.6775	0.7430	0.7099	0.7023	0.6523	0.6013	0.6020	0.6179	0.6074	0.5538	0.5978	0.5784	0.5406	0.5439	0.5484	0.5400	0.5058	0.4817	0.4401	0.4109
0.0167	0.0321	0.0352	0.0485	0.0409	0.0663	0.0738	0.0849	0.0847	0.1034	0.1100	0.1098	0.1386	0.1394	0.1360	0.1547	0.1664	0.1769	0.1891	0.1850	0.2063	0.2236	0.2402	0.2733	0.3127	0.3246	0.4021	0.6856	0.9529	1.0000	0.9567	0.8559	0.8743	0.9070	0.8137	0.7691	0.7951	0.8304	0.7590	0.7219	0.7532	0.6937	0.6975	0.7026	0.7117	0.6950	0.7505	0.7766	0.7592	0.7740	0.7559	0.7407	0.7160	0.6609	0.6376	0.6553	0.6646	0.6704	0.6152	0.6221	0.6042	0.5685	0.5664	0.5582	0.5014	0.5107	0.5040	0.4544	0.4198
0.0256	0.0331	0.0372	0.0489	0.0518	0.0680	0.0722	0.0625	0.0640	0.0739	0.0847	0.0904	0.0846	0.0948	0.0990	0.1056	0.1278	0.1430	0.1536	0.1583	0.1600	0.1658	0.1987	0.2191	0.2220	0.2474	0.3010	0.3786	0.5797	0.8107	0.9450	0.9430	0.9281	0.8858	0.8253	0.8358	0.8495	0.8346	0.8204	0.7595	0.7472	0.7230	0.7080	0.6877	0.7057	0.7371	0.7338	0.7799	0.8236	0.8202	0.7739	0.7725	0.6945	0.6590	0.6511	0.6926	0.6953	0.6382	0.6352	0.6441	0.6160	0.6036	0.6242	0.5681	0.5032	0.5096	0.4851	0.4378	0.3982
0.0326	0.0281	0.0438	0.0390	0.0371	0.0547	0.0496	0.0559	0.0592	0.0708	0.0811	0.0771	0.0793	0.0731	0.0848	0.0969	0.1017	0.0965	0.1165	0.1137	0.1221	0.1353	0.1518	0.1698	0.1723	0.1779	0.2078	0.2250	0.2859	0.3723	0.5076	0.6606	0.6826	0.4962	0.5361	0.5910	0.5734	0.7484	0.9160	0.8232	0.7691	0.7346	0.7610	0.7419	0.7234	0.6525	0.5936	0.6151	0.5844	0.7135	0.6418	0.6240	0.7380	0.7257	0.6734	0.6661	0.6520	0.6515	0.6586	0.6827	0.6850	0.6340	0.6240	0.5888	0.5139	0.5102	0.4596	0.4380	0.3876
0.0241	0.0200	0.0336	0.0283	0.0333	0.0560	0.0437	0.0417	0.0596	0.0598	0.0657	0.0591	0.0580	0.0598	0.0686	0.0753	0.0762	0.0866	0.0968	0.0896	0.0978	0.1006	0.1069	0.1198	0.1370	0.1283	0.1449	0.1667	0.1934	0.2140	0.2133	0.2740	0.3183	0.2696	0.3105	0.3572	0.4099	0.6922	0.9053	0.8234	0.7539	0.7455	0.7256	0.7382	0.6474	0.4086	0.4320	0.4282	0.3417	0.3978	0.3962	0.4341	0.6879	0.7662	0.7264	0.7100	0.6691	0.6524	0.6343	0.7102	0.7304	0.6147	0.6157	0.5961	0.5319	0.4753	0.4486	0.4191	0.4056
0.0096	0.0149	0.0333	0.0351	0.0363	0.0339	0.0439	0.0557	0.0466	0.0449	0.0394	0.0485	0.0552	0.0533	0.0539	0.0668	0.0911	0.0779	0.0883	0.0974	0.0877	0.0768	0.0814	0.0955	0.1051	0.1046	0.1096	0.1253	0.1375	0.1449	0.1596	0.1721	0.1818	0.1973	0.2287	0.2635	0.3224	0.5830	0.8104	0.6828	0.5476	0.5348	0.5838	0.6101	0.4216	0.2484	0.2487	0.2777	0.2973	0.3080	0.3616	0.4001	0.6601	0.8110	0.7380	0.7007	0.6954	0.6798	0.6523	0.6677	0.6164	0.4164	0.5000	0.5902	0.5373	0.4738	0.4424	0.3968	0.3978
0.0023	0.0113	0.0196	0.0317	0.0252	0.0119	0.0297	0.0503	0.0454	0.0344	0.0505	0.0507	0.0571	0.0521	0.0572	0.0702	0.0760	0.0770	0.0696	0.0734	0.0706	0.0676	0.0752	0.0705	0.0789	0.0886	0.0832	0.0948	0.1032	0.1101	0.1108	0.1137	0.1150	0.1239	0.1440	0.1615	0.1788	0.2868	0.4238	0.3052	0.2224	0.2095	0.2808	0.2953	0.2273	0.2101	0.2257	0.2536	0.2938	0.3935	0.4395	0.3851	0.5960	0.7952	0.7526	0.7336	0.7048	0.6745	0.6278	0.6265	0.5290	0.2823	0.2998	0.4038	0.4940	0.5244	0.4822	0.4543	0.4141
0.0094	0.0135	0.0134	0.0325	0.0256	0.0182	0.0246	0.0358	0.0467	0.0387	0.0479	0.0475	0.0505	0.0443	0.0581	0.0627	0.0556	0.0603	0.0569	0.0597	0.0675	0.0665	0.0739	0.0771	0.0718	0.0797	0.0768	0.0775	0.0853	0.0905	0.0883	0.0893	0.0968	0.0965	0.0955	0.1025	0.1092	0.1144	0.1286	0.1312	0.1329	0.1470	0.1602	0.1591	0.1796	0.1842	0.1949	0.2274	0.3011	0.6051	0.6285	0.3712	0.5763	0.7453	0.7247	0.6955	0.6491	0.6118	0.5489	0.5341	0.3714	0.2142	0.2090	0.2424	0.3740	0.5376	0.5462	0.5179	0.3821
0.0000	0.0000	0.0032	0.0330	0.0262	0.0116	0.0188	0.0297	0.0357	0.0305	0.0339	0.0345	0.0388	0.0521	0.0447	0.0527	0.0447	0.0495	0.0580	0.0532	0.0722	0.0770	0.0599	0.0657	0.0683	0.0720	0.0779	0.0722	0.0797	0.0768	0.0705	0.0797	0.0912	0.0857	0.0743	0.0860	0.0859	0.0904	0.0929	0.1034	0.1016	0.1110	0.1167	0.1100	0.1287	0.1354	0.1531	0.1727	0.2444	0.5788	0.4891	0.2472	0.3808	0.4828	0.6425	0.6615	0.5203	0.2919	0.2251	0.2097	0.1624	0.1421	0.1401	0.1676	0.2216	0.3968	0.4790	0.3830	0.2280
0.0000	0.0024	0.0034	0.0080	0.0149	0.0089	0.0314	0.0359	0.0233	0.0276	0.0387	0.0337	0.0451	0.0405	0.0416	0.0439	0.0563	0.0544	0.0528	0.0464	0.0612	0.0563	0.0636	0.0613	0.0607	0.0680	0.0655	0.0641	0.0718	0.0740	0.0726	0.0726	0.0825	0.0750	0.0748	0.0748	0.0857	0.0815	0.0834	0.0947	0.0958	0.0938	0.0849	0.0941	0.0953	0.1004	0.1099	0.1127	0.1435	0.2646	0.2242	0.1546	0.1818	0.2625	0.5927	0.6332	0.4131	0.1407	0.1195	0.1285	0.1235	0.1043	0.1066	0.1159	0.1323	0.1685	0.1837	0.1583	0.1146
0.0000	0.0000	0.0040	0.0088	0.0093	0.0071	0.0174	0.0279	0.0274	0.0250	0.0336	0.0322	0.0370	0.0364	0.0342	0.0403	0.0576	0.0533	0.0466	0.0480	0.0567	0.0531	0.0606	0.0598	0.0517	0.0551	0.0559	0.0632	0.0665	0.0613	0.0615	0.0676	0.0678	0.0688	0.0690	0.0764	0.0823	0.0759	0.0792	0.0804	0.0831	0.0756	0.0793	0.0892	0.0909	0.0881	0.0814	0.0836	0.1003	0.1046	0.1067	0.1113	0.1177	0.1741	0.3605	0.3300	0.1753	0.1117	0.0995	0.1022	0.0985	0.0958	0.0938	0.0994	0.1090	0.1002	0.0978	0.0982	0.0808
0.0000	0.0000	0.0020	0.0130	0.0124	0.0009	0.0215	0.0247	0.0243	0.0134	0.0156	0.0188	0.0273	0.0270	0.0265	0.0352	0.0349	0.0264	0.0258	0.0439	0.0446	0.0444	0.0454	0.0430	0.0557	0.0587	0.0600	0.0543	0.0523	0.0560	0.0619	0.0608	0.0583	0.0627	0.0570	0.0647	0.0684	0.0688	0.0750	0.0721	0.0723	0.0702	0.0757	0.0767	0.0738	0.0763	0.0804	0.0759	0.0793	0.0807	0.0765	0.0849	0.0892	0.0982	0.0995	0.1103	0.1011	0.0907	0.0932	0.0888	0.0853	0.0834	0.0737	0.0809	0.0905	0.0811	0.0692	0.0768	0.0688
0.0000	0.0000	0.0021	0.0079	0.0000	0.0000	0.0062	0.0071	0.0131	0.0055	0.0061	0.0244	0.0187	0.0234	0.0221	0.0341	0.0327	0.0259	0.0306	0.0347	0.0376	0.0282	0.0332	0.0460	0.0453	0.0522	0.0667	0.0464	0.0533	0.0613	0.0521	0.0628	0.0576	0.0551	0.0541	0.0565	0.0569	0.0678	0.0727	0.0683	0.0732	0.0729	0.0683	0.0704	0.0682	0.0655	0.0744	0.0727	0.0697	0.0711	0.0807	0.0873	0.0762	0.0777	0.0835	0.0833	0.0897	0.0803	0.0790	0.0793	0.0795	0.0714	0.0710	0.0791	0.0730	0.0689	0.0747	0.0743	0.0646
0.0000	0.0000	0.0017	0.0070	0.0000	0.0000	0.0059	0.0068	0.0061	0.0017	0.0113	0.0262	0.0190	0.0270	0.0328	0.0254	0.0316	0.0379	0.0312	0.0317	0.0312	0.0339	0.0307	0.0340	0.0394	0.0507	0.0481	0.0530	0.0542	0.0607	0.0569	0.0526	0.0574	0.0616	0.0594	0.0590	0.0625	0.0627	0.0640	0.0634	0.0726	0.0730	0.0689	0.0685	0.0573	0.0633	0.0713	0.0632	0.0660	0.0706	0.0732	0.0727	0.0769	0.0793	0.0833	0.0897	0.0746	0.0728	0.0754	0.0718	0.0673	0.0647	0.0664	0.0641	0.0567	0.0506	0.0620	0.0586	0.0504
0.0000	0.0000	0.0000	0.0000	0.0000	0.0000	0.0032	0.0080	0.0103	0.0111	0.0127	0.0236	0.0237	0.0202	0.0177	0.0217	0.0278	0.0329	0.0393	0.0321	0.0230	0.0352	0.0367	0.0416	0.0435	0.0438	0.0426	0.0442	0.0575	0.0569	0.0529	0.0454	0.0527	0.0590	0.0594	0.0607	0.0578	0.0644	0.0676	0.0578	0.0641	0.0639	0.0688	0.0571	0.0566	0.0619	0.0645	0.0724	0.0649	0.0636	0.0665	0.0689	0.0631	0.0639	0.0766	0.0702	0.0697	0.0655	0.0659	0.0647	0.0585	0.0573	0.0560	0.0597	0.0598	0.0485	0.0487	0.0452	0.0307
0.0000	0.0000	0.0000	0.0000	0.0000	0.0004	0.0026	0.0024	0.0121	0.0082	0.0097	0.0165	0.0262	0.0228	0.0287	0.0192	0.0294	0.0223	0.0160	0.0177	0.0262	0.0235	0.0337	0.0292	0.0361	0.0389	0.0372	0.0457	0.0490	0.0509	0.0503	0.0518	0.0501	0.0549	0.0453	0.0471	0.0512	0.0496	0.0596	0.0531	0.0488	0.0605	0.0602	0.0632	0.0564	0.0552	0.0535	0.0638	0.0656	0.0569	0.0603	0.0606	0.0651	0.0624	0.0634	0.0694	0.0614	0.0563	0.0503	0.0506	0.0524	0.0489	0.0466	0.0568	0.0551	0.0437	0.0488	0.0481	0.0324
0.0000	0.0000	0.0000	0.0000	0.0000	0.0000	0.0053	0.0142	0.0094	0.0000	0.0109	0.0244	0.0244	0.0203	0.0125	0.0147	0.0149	0.0256	0.0189	0.0201	0.0257	0.0303	0.0308	0.0289	0.0343	0.0344	0.0288	0.0389	0.0381	0.0503	0.0442	0.0467	0.0578	0.0556	0.0433	0.0514	0.0522	0.0460	0.0586	0.0556	0.0534	0.0585	0.0525	0.0529	0.0527	0.0533	0.0652	0.0618	0.0584	0.0611	0.0694	0.0720	0.0637	0.0614	0.0675	0.0670	0.0554	0.0588	0.0630	0.0709	0.0617	0.0548	0.0479	0.0625	0.0585	0.0479	0.0421	0.0431	0.0369
