0.0000	0.0000	0.0000	0.0058	0.0002	0.0000	0.0000	0.0052	0.0256	0.0114	0.0096	0.0188	0.0250	0.0326	0.0251	0.0244	0.0425	0.0514	0.0505	0.0409	0.0478	0.0442	0.0344	0.0563	0.0581	0.0618	0.0864	0.0827	0.0727	0.0636	0.0665	0.0777	0.0808	0.0802	0.0660	0.0762	0.0701	0.0701	0.0809	0.0652	0.0727	0.0704	0.0655	0.0657	0.0607	0.0559	0.0772	0.0778	0.0612	0.0766	0.0697	0.0600	0.0639	0.0609	0.0792	0.0653	0.0574	0.0554	0.0647	0.0663	0.0784	0.0540	0.0475	0.0565	0.0727	0.0718	0.0559	0.0573	0.0538
0.0000	0.0000	0.0000	0.0001	0.0000	0.0000	0.0015	0.0020	0.0160	0.0059	0.0336	0.0317	0.0304	0.0240	0.0240	0.0386	0.0383	0.0454	0.0423	0.0418	0.0572	0.0521	0.0487	0.0898	0.0697	0.0797	0.0885	0.0748	0.0704	0.0877	0.0931	0.0817	0.0780	0.0853	0.0936	0.0828	0.0975	0.1021	0.0990	0.0846	0.0855	0.0756	0.0678	0.0746	0.0833	0.0633	0.0794	0.0803	0.0778	0.0859	0.0728	0.0626	0.0616	0.0746	0.0869	0.0765	0.0731	0.0642	0.0685	0.0744	0.0722	0.0634	0.0630	0.0685	0.0727	0.0622	0.0569	0.0546	0.0652
0.0000	0.0000	0.0000	0.0056	0.0017	0.0000	0.0087	0.0150	0.0034	0.0216	0.0354	0.0320	0.0421	0.0494	0.0311	0.0384	0.0301	0.0516	0.0585	0.0697	0.0604	0.0619	0.0645	0.0923	0.0850	0.0921	0.0938	0.0727	0.0881	0.1063	0.1095	0.0884	0.0779	0.0905	0.0984	0.0878	0.0774	0.0941	0.0801	0.0758	0.0963	0.0938	0.0916	0.0841	0.1007	0.0869	0.0795	0.0917	0.0840	0.0748	0.0784	0.0869	0.0843	0.0906	0.0849	0.0781	0.0826	0.0757	0.0782	0.0871	0.0675	0.0729	0.0665	0.0849	0.0694	0.0814	0.0825	0.0797	0.0769
0.0000	0.0038	0.0033	0.0086	0.0000	0.0022	0.0016	0.0181	0.0130	0.0211	0.0163	0.0247	0.0476	0.0494	0.0542	0.0488	0.0554	0.0631	0.0605	0.0697	0.0556	0.0618	0.0743	0.0766	0.0883	0.0952	0.0880	0.0729	0.0856	0.0953	0.0934	0.0680	0.0987	0.0971	0.1000	0.1033	0.0905	0.1016	0.0823	0.0880	0.0862	0.0863	0.0796	0.0805	0.0783	0.0845	0.0807	0.0738	0.0812	0.0795	0.1004	0.1023	0.0873	0.0954	0.0998	0.0794	0.0724	0.0873	0.0818	0.0888	0.0800	0.0811	0.0865	0.1084	0.0953	0.0937	0.1028	0.0874	0.0809
0.0000	0.0012	0.0000	0.0000	0.0061	0.0110	0.0000	0.0151	0.0342	0.0249	0.0183	0.0296	0.0487	0.0585	0.0439	0.0525	0.0565	0.0477	0.0521	0.0659	0.0754	0.0696	0.0711	0.0915	0.0893	0.1028	0.0840	0.0736	0.0916	0.0879	0.1023	0.0936	0.1092	0.1104	0.1163	0.0981	0.0994	0.0888	0.1037	0.0838	0.0958	0.0863	0.0785	0.0822	0.0938	0.0866	0.0821	0.0849	0.0854	0.0875	0.1000	0.0865	0.0961	0.0988	0.1010	0.0884	0.0819	0.0837	0.0813	0.0935	0.0936	0.0911	0.1050	0.1036	0.1184	0.1079	0.1115	0.1159	0.1044
0.0000	0.0065	0.0139	0.0157	0.0154	0.0264	0.0214	0.0218	0.0480	0.0393	0.0402	0.0408	0.0484	0.0590	0.0476	0.0660	0.0636	0.0547	0.0630	0.0789	0.0800	0.0644	0.0722	0.0881	0.1025	0.1087	0.0974	0.1138	0.1031	0.1141	0.0995	0.0941	0.1089	0.1226	0.1066	0.1132	0.1038	0.0932	0.0955	0.0839	0.1037	0.0945	0.0978	0.0914	0.1037	0.0907	0.0905	0.1048	0.0988	0.0950	0.1022	0.0972	0.1080	0.0954	0.1245	0.1315	0.1034	0.0969	0.1111	0.1211	0.1295	0.1255	0.1299	0.1487	0.1658	0.1580	0.1529	0.1628	0.1809
0.0000	0.0051	0.0221	0.0291	0.0102	0.0250	0.0548	0.0351	0.0370	0.0387	0.0588	0.0474	0.0470	0.0451	0.0554	0.0747	0.0677	0.0694	0.0763	0.0708	0.0829	0.0915	0.0744	0.0743	0.0858	0.1043	0.1162	0.1189	0.1101	0.1311	0.1064	0.1125	0.1218	0.1238	0.1174	0.1145	0.0989	0.0989	0.1106	0.1025	0.0912	0.1181	0.1229	0.0892	0.0990	0.1033	0.1028	0.1241	0.0962	0.0982	0.1136	0.1202	0.1252	0.1112	0.1299	0.1455	0.1262	0.1084	0.1202	0.1491	0.1528	0.1544	0.1766	0.2802	0.3503	0.2710	0.2142	0.2566	0.2861
0.0000	0.0039	0.0181	0.0082	0.0222	0.0134	0.0330	0.0438	0.0341	0.0437	0.0373	0.0680	0.0535	0.0489	0.0603	0.0912	0.0800	0.0846	0.0911	0.0618	0.1001	0.1176	0.0857	0.1064	0.1074	0.1080	0.1164	0.1114	0.1067	0.1246	0.1112	0.1101	0.1322	0.1300	0.1378	0.1168	0.1251	0.1112	0.1176	0.1135	0.1034	0.1182	0.1366	0.1077	0.0960	0.1224	0.1058	0.1329	0.1119	0.1152	0.1191	0.1296	0.1339	0.1376	0.1454	0.1535	0.1446	0.1476	0.1644	0.1744	0.2115	0.2211	0.2385	0.3596	0.4366	0.3672	0.3456	0.3423	0.3156
0.0153	0.0023	0.0069	0.0068	0.0212	0.0202	0.0512	0.0439	0.0378	0.0385	0.0508	0.0716	0.0751	0.0711	0.0690	0.0836	0.0840	0.0849	0.0876	0.1102	0.1028	0.1075	0.0962	0.1038	0.1254	0.1298	0.1167	0.1086	0.1306	0.1218	0.1282	0.1124	0.1456	0.1393	0.1359	0.1394	0.1322	0.1347	0.1220	0.1343	0.1237	0.1060	0.1250	0.1204	0.1257	0.1273	0.1447	0.1535	0.1470	0.1550	0.1617	0.1644	0.1886	0.1955	0.1747	0.1858	0.1790	0.1871	0.2143	0.2216	0.2339	0.2429	0.2790	0.3917	0.4225	0.3733	0.3768	0.3813	0.2936
0.0142	0.0061	0.0214	0.0249	0.0538	0.0493	0.0468	0.0537	0.0549	0.0408	0.0587	0.0636	0.0632	0.0772	0.0878	0.0882	0.0839	0.0890	0.1036	0.1212	0.1089	0.1124	0.1092	0.1040	0.1129	0.1323	0.1195	0.1060	0.1401	0.1408	0.1421	0.1209	0.1446	0.1369	0.1363	0.1511	0.1447	0.1512	0.1409	0.1456	0.1358	0.1330	0.1441	0.1432	0.1597	0.1684	0.1718	0.1841	0.1749	0.1766	0.1846	0.1845	0.2103	0.2151	0.2032	0.2165	0.2235	0.2307	0.2341	0.2511	0.2809	0.2917	0.3157	0.3779	0.4159	0.3655	0.3430	0.3487	0.3303
0.0033	0.0095	0.0237	0.0335	0.0411	0.0729	0.0511	0.0545	0.0643	0.0508	0.0715	0.0600	0.0738	0.0851	0.0928	0.0879	0.0895	0.0984	0.1183	0.1272	0.1227	0.1240	0.1231	0.1358	0.1499	0.1471	0.1273	0.1202	0.1487	0.1698	0.1480	0.1585	0.1522	0.1775	0.1676	0.1582	0.1698	0.1745	0.1599	0.1595	0.1663	0.1718	0.1793	0.1709	0.1792	0.1933	0.1905	0.2075	0.1966	0.1999	0.2209	0.2499	0.2526	0.2431	0.2343	0.2303	0.2614	0.2441	0.2605	0.3104	0.3439	0.3377	0.3807	0.3996	0.4292	0.3973	0.3428	0.3345	0.3193
0.0009	0.0108	0.0311	0.0353	0.0251	0.0412	0.0487	0.0677	0.0757	0.0659	0.0710	0.0796	0.0852	0.0964	0.1036	0.0934	0.1129	0.1245	0.1246	0.1361	0.1371	0.1542	0.1375	0.1392	0.1652	0.1368	0.1464	0.1678	0.1658	0.1831	0.1846	0.1892	0.1923	0.2080	0.2031	0.1896	0.1944	0.2095	0.2116	0.2029	0.1899	0.1954	0.2222	0.2141	0.1931	0.2113	0.2064	0.2260	0.2400	0.2386	0.2461	0.2610	0.2900	0.3191	0.2806	0.2854	0.3102	0.2936	0.3256	0.3591	0.4102	0.4568	0.4510	0.5028	0.4461	0.4067	0.3446	0.3317	0.3125
0.0158	0.0325	0.0475	0.0495	0.0333	0.0314	0.0480	0.0731	0.0785	0.0816	0.0874	0.0982	0.1057	0.0916	0.1100	0.1176	0.1406	0.1542	0.1636	0.1589	0.1619	0.1671	0.1776	0.1623	0.1874	0.1899	0.1814	0.2051	0.2067	0.2048	0.2082	0.2371	0.2590	0.2563	0.2609	0.2414	0.2390	0.2477	0.2473	0.2542	0.2458	0.2350	0.2382	0.2363	0.2195	0.2400	0.2395	0.2623	0.2769	0.2676	0.2803	0.2905	0.3197	0.3396	0.3289	0.2993	0.3152	0.3279	0.3969	0.4460	0.4051	0.4344	0.4586	0.5349	0.5063	0.4160	0.3699	0.3478	0.3106
0.0169	0.0259	0.0483	0.0464	0.0475	0.0578	0.0643	0.0869	0.0859	0.0918	0.1065	0.1123	0.1248	0.1226	0.1559	0.1543	0.1878	0.2018	0.2179	0.2300	0.2531	0.2510	0.2984	0.2701	0.2591	0.2777	0.2808	0.2929	0.2896	0.2907	0.3243	0.3805	0.4807	0.4578	0.3578	0.3007	0.2682	0.2792	0.2582	0.2679	0.2725	0.2460	0.2679	0.2593	0.2496	0.2710	0.2714	0.2847	0.2924	0.2924	0.3279	0.3591	0.3899	0.3748	0.3574	0.3745	0.3657	0.3643	0.4825	0.5784	0.5358	0.4743	0.4804	0.4888	0.4828	0.4173	0.3659	0.3463	0.3138
0.0266	0.0262	0.0393	0.0478	0.0670	0.0730	0.0836	0.1000	0.0990	0.1270	0.1429	0.1496	0.1860	0.1714	0.2217	0.2315	0.3022	0.3939	0.4450	0.3986	0.4489	0.4936	0.5105	0.5639	0.4713	0.4671	0.5320	0.5483	0.5299	0.5188	0.5429	0.6652	0.8701	0.8622	0.5846	0.4570	0.4193	0.3353	0.3132	0.3023	0.2967	0.2967	0.2971	0.2830	0.2936	0.3181	0.3028	0.3368	0.3536	0.3453	0.3598	0.3699	0.4234	0.4557	0.4102	0.3979	0.4199	0.4285	0.4874	0.5775	0.5451	0.4870	0.4892	0.4811	0.4409	0.3761	0.3430	0.3149	0.3205
0.0323	0.0335	0.0420	0.0633	0.0871	0.1080	0.1196	0.1401	0.1353	0.1704	0.2129	0.2392	0.2419	0.3093	0.4579	0.4933	0.5592	0.6817	0.6770	0.7009	0.6735	0.7244	0.6806	0.7063	0.6788	0.6510	0.7009	0.7264	0.7334	0.7273	0.7790	0.9359	0.9573	0.9335	0.8706	0.8334	0.7606	0.5941	0.4278	0.3606	0.3547	0.3241	0.3315	0.3379	0.3230	0.3661	0.3743	0.4666	0.5424	0.4843	0.4235	0.4744	0.5568	0.6523	0.5402	0.4470	0.4859	0.5470	0.5962	0.6349	0.5301	0.4739	0.5116	0.5037	0.4020	0.3347	0.3321	0.3135	0.3369
0.0274	0.0421	0.0770	0.0886	0.1150	0.1472	0.1663	0.2044	0.2181	0.3402	0.4666	0.4142	0.4571	0.6270	0.7030	0.6733	0.6765	0.6883	0.6695	0.7404	0.7393	0.7051	0.6505	0.6724	0.7094	0.6406	0.7038	0.7067	0.7171	0.7542	0.8426	0.9080	0.9505	0.9109	0.9647	0.9187	0.9484	0.9181	0.8406	0.6579	0.5263	0.4267	0.4151	0.3929	0.3885	0.4291	0.4581	0.6800	0.7700	0.7124	0.5664	0.5532	0.6859	0.7562	0.6410	0.5196	0.5928	0.6126	0.5757	0.5522	0.5081	0.4581	0.4548	0.4492	0.4129	0.3165	0.3132	0.2894	0.3061
0.0689	0.0868	0.1100	0.1437	0.1316	0.1834	0.2734	0.3893	0.4446	0.5172	0.6289	0.5767	0.6023	0.6558	0.6906	0.7024	0.6315	0.6357	0.6533	0.6652	0.6863	0.6751	0.6179	0.6294	0.6471	0.6558	0.7049	0.6748	0.6577	0.7503	0.8352	0.8770	0.9247	0.9271	0.9395	0.9253	0.9198	0.9138	0.9621	0.9434	0.8229	0.6939	0.6334	0.5162	0.4961	0.4834	0.5203	0.7655	0.8442	0.8012	0.6360	0.5464	0.7245	0.7645	0.7048	0.6061	0.5879	0.5469	0.5359	0.5018	0.4767	0.4280	0.4032	0.4146	0.3753	0.3222	0.2899	0.2874	0.2783
0.0943	0.1226	0.1299	0.2051	0.2523	0.3444	0.4527	0.4870	0.5292	0.5342	0.5470	0.5604	0.5656	0.5422	0.5796	0.6385	0.6315	0.6164	0.6222	0.5975	0.6022	0.6477	0.6383	0.6214	0.6122	0.6536	0.7141	0.6507	0.7119	0.8016	0.8320	0.8417	0.8893	0.9259	0.8926	0.8792	0.8312	0.8577	0.8524	0.8835	0.8622	0.8478	0.8827	0.7262	0.7153	0.6824	0.5712	0.7601	0.7645	0.7964	0.6441	0.4866	0.6160	0.7169	0.6916	0.6282	0.5701	0.5162	0.4750	0.4923	0.4995	0.4224	0.4111	0.3840	0.3629	0.3109	0.2881	0.2831	0.2780
0.1094	0.1564	0.1850	0.2593	0.3317	0.3536	0.3923	0.4076	0.4014	0.4072	0.4687	0.4950	0.5430	0.4568	0.4970	0.5171	0.5680	0.6458	0.6061	0.6035	0.6207	0.6435	0.6224	0.5981	0.5954	0.6118	0.6649	0.6962	0.7353	0.7756	0.8184	0.7940	0.8103	0.8352	0.8337	0.8297	0.7889	0.8410	0.7845	0.8045	0.8540	0.8361	0.8601	0.8415	0.8456	0.7709	0.6934	0.7651	0.7643	0.7405	0.5643	0.5034	0.6009	0.7257	0.6325	0.5588	0.5515	0.5321	0.4581	0.4561	0.4271	0.3987	0.3958	0.3794	0.3642	0.3387	0.3014	0.2985	0.2846
0.1268	0.1662	0.2033	0.2317	0.2315	0.2898	0.3384	0.3578	0.3432	0.3568	0.4148	0.4537	0.4700	0.4699	0.4537	0.5298	0.5678	0.6308	0.5969	0.5749	0.6131	0.5821	0.5767	0.5899	0.5345	0.6191	0.6343	0.6830	0.7235	0.7184	0.8057	0.8078	0.7678	0.8306	0.8243	0.8131	0.8258	0.8072	0.7555	0.8060	0.8012	0.7610	0.8257	0.8290	0.7863	0.8087	0.8047	0.7783	0.7224	0.7302	0.6973	0.6900	0.6567	0.6875	0.6063	0.5374	0.5365	0.5052	0.4760	0.4459	0.4433	0.4244	0.3982	0.3654	0.3641	0.3091	0.3155	0.2873	0.2812
0.1390	0.1702	0.1898	0.2228	0.2313	0.2643	0.3357	0.3399	0.3183	0.3425	0.3780	0.4273	0.4718	0.4810	0.4997	0.5087	0.5878	0.5801	0.5397	0.5851	0.6236	0.6171	0.5890	0.5454	0.5382	0.5834	0.5925	0.6446	0.7107	0.7095	0.7276	0.7724	0.7643	0.7771	0.8095	0.7813	0.7181	0.7774	0.7399	0.7863	0.7873	0.7565	0.7445	0.7710	0.7577	0.7642	0.7147	0.7164	0.6571	0.6572	0.6972	0.6761	0.6392	0.5980	0.5317	0.5534	0.5436	0.4978	0.4757	0.4035	0.4468	0.4143	0.3991	0.3695	0.3751	0.3302	0.3078	0.2821	0.2892
0.1349	0.1547	0.1945	0.2222	0.2577	0.2814	0.3619	0.3075	0.3047	0.3468	0.3877	0.4294	0.4800	0.4842	0.4882	0.5116	0.5778	0.5531	0.5409	0.5399	0.6052	0.6645	0.6198	0.5981	0.5566	0.5369	0.5943	0.6563	0.6975	0.7057	0.6678	0.6994	0.7616	0.7567	0.7329	0.7498	0.7135	0.7904	0.7539	0.6978	0.6866	0.7020	0.6760	0.6868	0.6995	0.6820	0.6656	0.6683	0.6296	0.6038	0.6335	0.6035	0.5977	0.5706	0.5494	0.5343	0.5124	0.4643	0.4674	0.4572	0.4228	0.4036	0.3847	0.3658	0.3467	0.3434	0.3416	0.2971	0.3116
0.1707	0.1849	0.2272	0.2667	0.2662	0.3000	0.3451	0.3592	0.3136	0.3296	0.3595	0.3911	0.4253	0.4732	0.4714	0.5187	0.5616	0.5480	0.5566	0.5686	0.5976	0.6371	0.5919	0.5845	0.6298	0.5556	0.5829	0.6467	0.6700	0.7030	0.6799	0.7133	0.7149	0.7364	0.7232	0.7107	0.7101	0.7044	0.6713	0.6679	0.6390	0.6143	0.6476	0.6637	0.6171	0.6083	0.6478	0.6297	0.5947	0.5547	0.5419	0.5387	0.5581	0.5574	0.4997	0.5017	0.5056	0.4988	0.4676	0.4352	0.4232	0.4223	0.4014	0.3734	0.3212	0.3414	0.3240	0.3272	0.3139
0.1986	0.2191	0.2350	0.2669	0.3029	0.3009	0.3316	0.3335	0.3735	0.3631	0.4184	0.4046	0.4613	0.4472	0.4307	0.4745	0.5085	0.4931	0.5325	0.5721	0.5748	0.6036	0.5891	0.6227	0.6368	0.5952	0.6011	0.6401	0.6617	0.6751	0.6858	0.7094	0.7176	0.7557	0.7310	0.7198	0.7130	0.6463	0.6318	0.6347	0.5859	0.6108	0.6162	0.5790	0.5897	0.5558	0.6050	0.5865	0.5769	0.5746	0.5452	0.5515	0.5296	0.5244	0.4938	0.4772	0.4789	0.4874	0.4605	0.4534	0.4559	0.3998	0.4181	0.3571	0.3575	0.3532	0.3076	0.3163	0.2772
0.2292	0.2480	0.2367	0.3036	0.3098	0.2987	0.3086	0.3341	0.3894	0.3733	0.4032	0.4195	0.4928	0.4750	0.4505	0.4972	0.5103	0.5073	0.4868	0.5481	0.5684	0.5770	0.5481	0.5835	0.5969	0.6043	0.6164	0.6458	0.6715	0.6927	0.7199	0.7082	0.7207	0.6848	0.6735	0.6333	0.6517	0.6599	0.6612	0.6322	0.5851	0.6070	0.5596	0.5954	0.6021	0.5914	0.6028	0.6088	0.5950	0.5841	0.5849	0.5946	0.5473	0.5157	0.5420	0.5129	0.4863	0.4825	0.4895	0.4388	0.4358	0.4131	0.4018	0.3562	0.3632	0.3541	0.3328	0.3244	0.2969
0.2448	0.2671	0.2773	0.2714	0.2812	0.3212	0.3259	0.3306	0.3371	0.3487	0.3701	0.4059	0.4354	0.4591	0.4796	0.5028	0.4900	0.4703	0.5095	0.5292	0.5064	0.5338	0.5384	0.5885	0.5760	0.6024	0.5982	0.6055	0.6314	0.6837	0.6889	0.6594	0.6874	0.6564	0.6288	0.5992	0.6099	0.6409	0.6832	0.6398	0.6387	0.6030	0.6001	0.6014	0.6617	0.6137	0.6032	0.5741	0.5833	0.5909	0.5766	0.5714	0.5532	0.5574	0.5255	0.5573	0.4829	0.4980	0.4906	0.4779	0.4570	0.4360	0.4070	0.3933	0.3809	0.3464	0.3132	0.3146	0.2964
0.2358	0.2410	0.2505	0.2580	0.2886	0.2755	0.3092	0.3236	0.3404	0.3763	0.3924	0.4284	0.4642	0.4887	0.4897	0.5055	0.5104	0.4968	0.4866	0.5447	0.5172	0.5373	0.5365	0.5764	0.5666	0.5946	0.5843	0.6017	0.6412	0.6115	0.6474	0.6522	0.6637	0.6539	0.6288	0.6311	0.6260	0.6319	0.6455	0.6146	0.6288	0.6380	0.6243	0.5943	0.6148	0.5984	0.5818	0.5420	0.5840	0.5518	0.5826	0.6026	0.6239	0.5862	0.5269	0.5338	0.5178	0.4747	0.4753	0.5036	0.4770	0.4501	0.4394	0.3829	0.3663	0.3657	0.3396	0.3328	0.3135
0.2204	0.2517	0.2702	0.2627	0.2915	0.2736	0.3189	0.3205	0.3553	0.3478	0.3985	0.4314	0.4477	0.5100	0.5166	0.5217	0.5380	0.5332	0.5315	0.5327	0.5879	0.5462	0.5244	0.5450	0.5358	0.5506	0.5864	0.6150	0.6766	0.6130	0.6633	0.6496	0.6464	0.6527	0.6163	0.6418	0.6768	0.6895	0.6425	0.6365	0.6431	0.6652	0.6284	0.6156	0.5877	0.5711	0.5795	0.5962	0.6314	0.6065	0.5834	0.5616	0.5998	0.5886	0.5897	0.5530	0.5296	0.4933	0.4810	0.4847	0.4627	0.4411	0.4186	0.4077	0.3996	0.3685	0.3524	0.3182	0.3058
0.2191	0.2621	0.2675	0.2915	0.2960	0.3019	0.3329	0.3358	0.3587	0.3446	0.3833	0.4565	0.4847	0.4863	0.4874	0.5359	0.5512	0.5737	0.5508	0.5383	0.5623	0.5643	0.5240	0.5607	0.5588	0.5333	0.5459	0.6169	0.6297	0.6458	0.6816	0.6769	0.6938	0.6597	0.6629	0.6656	0.6866	0.6997	0.6993	0.6779	0.6839	0.7091	0.6407	0.6538	0.6263	0.6003	0.6377	0.6544	0.5952	0.5924	0.6096	0.6060	0.6043	0.5727	0.5871	0.5611	0.5070	0.4881	0.4976	0.4874	0.4619	0.4255	0.4149	0.4024	0.3975	0.3609	0.3631	0.3708	0.3340
0.2257	0.2365	0.2789	0.3014	0.3052	0.3016	0.3268	0.3634	0.3718	0.3676	0.3723	0.4183	0.4541	0.4710	0.5036	0.5206	0.5697	0.5809	0.5752	0.5852	0.5618	0.5743	0.5350	0.5498	0.5809	0.5487	0.5215	0.5606	0.5709	0.6424	0.6650	0.6679	0.6685	0.6911	0.7068	0.6927	0.6983	0.6797	0.6983	0.7207	0.6750	0.7021	0.7050	0.6949	0.6805	0.6244	0.6620	0.6168	0.6007	0.6704	0.6408	0.6566	0.6832	0.6185	0.5572	0.5360	0.5503	0.5299	0.5122	0.5095	0.4614	0.4433	0.4334	0.3862	0.4065	0.3520	0.3586	0.3538	0.3159
0.2008	0.2269	0.2807	0.3063	0.3058	0.3092	0.3066	0.3684	0.3998	0.3849	0.3533	0.3830	0.4380	0.4751	0.5117	0.5607	0.5690	0.5721	0.5948	0.5924	0.5740	0.5817	0.5624	0.5799	0.5833	0.5773	0.5358	0.5557	0.6137	0.6295	0.6492	0.6994	0.6963	0.6852	0.7301	0.7339	0.7043	0.7093	0.7194	0.7188	0.6911	0.7087	0.7566	0.6898	0.7011	0.6807	0.6854	0.6791	0.6494	0.6645	0.6766	0.6508	0.6696	0.6533	0.5926	0.5563	0.5714	0.5671	0.5197	0.5030	0.5070	0.4715	0.4875	0.4251	0.3765	0.3627	0.3688	0.3489	0.3402
0.2233	0.2626	0.2860	0.2949	0.3145	0.3095	0.3669	0.3567	0.3823	0.3963	0.3793	0.3992	0.4691	0.4917	0.5024	0.5363	0.5809	0.5482	0.5511	0.5898	0.5815	0.5597	0.5562	0.6131	0.6017	0.5688	0.6166	0.6283	0.6453	0.6524	0.6922	0.7390	0.7131	0.7420	0.7762	0.7754	0.8119	0.7831	0.7713	0.7547	0.7655	0.7546	0.7284	0.7250	0.7349	0.7119	0.7345	0.7360	0.7221	0.6582	0.6690	0.6446	0.7039	0.6748	0.6034	0.5905	0.5698	0.5504	0.5221	0.5082	0.5050	0.4895	0.4898	0.4204	0.4196	0.4037	0.3799	0.3528	0.3676
0.1938	0.2845	0.3062	0.2869	0.3025	0.3009	0.3377	0.3757	0.3800	0.3809	0.4084	0.4131	0.4226	0.5215	0.5083	0.5455	0.5391	0.5542	0.5556	0.6085	0.6124	0.5841	0.5731	0.5939	0.6114	0.6245	0.6505	0.6876	0.6973	0.6970	0.7363	0.7584	0.7731	0.8142	0.8173	0.7794	0.7653	0.7934	0.8299	0.7954	0.7688	0.7895	0.7900	0.7696	0.6931	0.7530	0.7749	0.7490	0.7504	0.7439	0.6857	0.6571	0.6936	0.6674	0.6101	0.6110	0.5796	0.5595	0.5833	0.5496	0.5279	0.4923	0.4658	0.4892	0.4638	0.4280	0.4175	0.4043	0.3660
0.2052	0.2471	0.2738	0.2589	0.2867	0.3119	0.3330	0.3767	0.3820	0.3527	0.3896	0.4162	0.4453	0.5088	0.5220	0.5404	0.5529	0.5517	0.5431	0.5997	0.6106	0.6411	0.6161	0.6752	0.6647	0.6555	0.6663	0.6969	0.6856	0.7329	0.7172	0.7237	0.7298	0.7695	0.8680	0.8149	0.7920	0.7850	0.8531	0.8110	0.8434	0.8455	0.8087	0.8201	0.7893	0.8231	0.7763	0.7735	0.7243	0.8011	0.7377	0.7054	0.7160	0.7114	0.6247	0.6099	0.5903	0.5928	0.6076	0.5828	0.5524	0.5032	0.4972	0.4894	0.4802	0.4421	0.3993	0.3847	0.3520
0.2071	0.2029	0.2503	0.2644	0.3136	0.3368	0.3712	0.3811	0.3726	0.3628	0.4025	0.4360	0.4407	0.4886	0.5325	0.5467	0.5422	0.5354	0.5506	0.6083	0.6164	0.6684	0.6110	0.6154	0.6385	0.6431	0.6367	0.6887	0.7468	0.7181	0.7321	0.7382	0.7710	0.8245	0.8556	0.8690	0.7994	0.8433	0.8506	0.8553	0.8615	0.8643	0.8714	0.8899	0.8249	0.8393	0.8552	0.8409	0.8155	0.8413	0.8120	0.8099	0.7598	0.7063	0.6590	0.6386	0.5875	0.5846	0.5769	0.5590	0.5700	0.5324	0.5305	0.5071	0.4773	0.4371	0.4150	0.3949	0.3654
0.1743	0.2118	0.2334	0.2618	0.3100	0.3397	0.3589	0.4057	0.3980	0.4026	0.3921	0.4394	0.4810	0.5056	0.5079	0.5385	0.5777	0.5787	0.6076	0.6207	0.6480	0.6308	0.5912	0.6131	0.5976	0.6129	0.6514	0.7146	0.7841	0.7758	0.7633	0.7958	0.7960	0.8643	0.8515	0.8473	0.8517	0.8894	0.8726	0.8638	0.9014	0.9111	0.8098	0.8629	0.8745	0.8567	0.8546	0.8636	0.9042	0.8989	0.8319	0.8233	0.7775	0.7169	0.6984	0.6560	0.6063	0.5946	0.6164	0.5737	0.5425	0.5430	0.5170	0.4836	0.4580	0.4396	0.4399	0.4176	0.4048
0.2144	0.2528	0.2787	0.2842	0.3282	0.3587	0.3994	0.4348	0.4321	0.4212	0.4081	0.4506	0.4878	0.4891	0.5443	0.5539	0.5925	0.6751	0.6665	0.6425	0.6354	0.6327	0.6245	0.6468	0.6435	0.6767	0.6964	0.7736	0.8002	0.7717	0.8202	0.8289	0.8049	0.8989	0.9095	0.8965	0.9139	0.9601	0.9378	0.9345	0.9457	0.7894	0.5681	0.5908	0.8728	0.9409	0.9093	0.9369	0.9237	0.8927	0.8728	0.8652	0.8441	0.7786	0.7095	0.6530	0.6240	0.6262	0.6414	0.5450	0.5621	0.5652	0.5147	0.5212	0.4597	0.4461	0.4406	0.4181	0.4044
0.2540	0.3514	0.4206	0.4570	0.4776	0.4902	0.5015	0.5067	0.4858	0.4684	0.4859	0.4809	0.5140	0.5269	0.5203	0.5584	0.6176	0.6260	0.6342	0.6330	0.6585	0.6828	0.6469	0.6628	0.7185	0.7195	0.7652	0.7817	0.7827	0.8045	0.8316	0.9015	0.8717	0.8821	0.9533	0.9387	0.9248	0.9847	0.9669	0.8634	0.7363	0.5433	0.4624	0.5145	0.8035	0.9652	0.9555	0.9723	0.9503	0.9786	0.9259	0.8880	0.8425	0.7765	0.6787	0.6845	0.6628	0.6648	0.6372	0.6036	0.6328	0.6157	0.5835	0.5424	0.5016	0.4766	0.4378	0.4304	0.4025
0.1539	0.2829	0.4052	0.5362	0.6216	0.6771	0.7615	0.6863	0.6545	0.6419	0.6003	0.6126	0.5695	0.5587	0.5234	0.6095	0.6305	0.6258	0.6536	0.6629	0.6527	0.7042	0.6935	0.7182	0.7423	0.7421	0.7338	0.7256	0.8122	0.8370	0.8948	0.9018	0.9047	0.9295	0.9065	0.9051	0.9653	0.8932	0.8426	0.5764	0.4050	0.4006	0.4351	0.4702	0.6016	0.7829	0.9305	0.9791	1.0000	0.9984	0.9525	0.9148	0.9131	0.8278	0.7459	0.7294	0.7062	0.7185	0.7299	0.7469	0.7174	0.6574	0.6016	0.5653	0.5175	0.5139	0.4677	0.4606	0.3995
0.0671	0.0927	0.1405	0.2367	0.3133	0.4308	0.7065	0.7427	0.6871	0.7673	0.8205	0.7691	0.6848	0.6522	0.6431	0.6444	0.6817	0.6984	0.7063	0.7167	0.7005	0.7306	0.7468	0.7659	0.7722	0.7529	0.7668	0.7600	0.8437	0.9106	0.9281	0.9380	0.9328	0.9504	0.9122	0.8483	0.7666	0.7568	0.6013	0.3491	0.3273	0.3302	0.3652	0.3638	0.3869	0.4310	0.5638	0.6685	0.7350	0.7541	0.9039	0.9654	0.9234	0.8358	0.8001	0.7973	0.7590	0.7668	0.8151	0.7866	0.7478	0.6953	0.6348	0.5930	0.5506	0.5235	0.5133	0.4964	0.4305
0.0265	0.0543	0.0751	0.0934	0.1282	0.1546	0.2618	0.3443	0.3153	0.4944	0.7001	0.7208	0.7938	0.7514	0.7723	0.7070	0.7418	0.7265	0.7306	0.7510	0.7940	0.7889	0.7535	0.7786	0.7789	0.7332	0.7584	0.7937	0.8374	0.8928	0.9026	0.8657	0.6731	0.6596	0.7148	0.5822	0.3983	0.4330	0.3592	0.2977	0.2972	0.2963	0.3108	0.3089	0.3414	0.3532	0.3881	0.4196	0.4610	0.5310	0.8790	0.9775	0.9256	0.8637	0.8211	0.8138	0.8381	0.8018	0.7540	0.7674	0.7661	0.7082	0.6575	0.5912	0.5613	0.5416	0.5234	0.4596	0.4112
0.0149	0.0467	0.0504	0.0516	0.0766	0.0923	0.1075	0.1395	0.1411	0.1904	0.2578	0.3020	0.4694	0.5923	0.7065	0.7446	0.7636	0.8125	0.8097	0.7564	0.7625	0.7932	0.7831	0.7827	0.7822	0.7795	0.7728	0.7764	0.8470	0.8956	0.8373	0.6544	0.3404	0.3222	0.3329	0.3031	0.2772	0.2872	0.2734	0.2553	0.2738	0.2666	0.2758	0.2977	0.3107	0.3164	0.3503	0.3838	0.4156	0.4680	0.7303	0.9540	0.8798	0.8911	0.8037	0.8500	0.8672	0.6769	0.5945	0.7731	0.8428	0.7092	0.6662	0.6315	0.5557	0.5688	0.5317	0.4621	0.4486
0.0178	0.0333	0.0191	0.0420	0.0689	0.0748	0.0761	0.0915	0.0955	0.1182	0.1072	0.1226	0.1603	0.2170	0.3082	0.3793	0.4525	0.5532	0.5583	0.5806	0.4798	0.4790	0.5761	0.6193	0.5871	0.5742	0.5796	0.5068	0.5516	0.5826	0.5968	0.4109	0.2309	0.2241	0.2147	0.2206	0.2244	0.2226	0.2330	0.2259	0.2311	0.2449	0.2365	0.2557	0.2742	0.2912	0.3086	0.3353	0.3870	0.4196	0.5941	0.8944	0.8516	0.8372	0.8258	0.8995	0.7476	0.4992	0.4900	0.7623	0.8493	0.7602	0.7169	0.6615	0.6170	0.6147	0.5383	0.4928	0.4838
0.0257	0.0299	0.0511	0.0478	0.0670	0.0542	0.0707	0.0773	0.0800	0.0910	0.1124	0.0958	0.0970	0.1023	0.1251	0.1291	0.1705	0.1902	0.1947	0.2190	0.1844	0.1771	0.1975	0.2725	0.2358	0.2045	0.2131	0.1886	0.2174	0.2160	0.2034	0.2040	0.1849	0.1823	0.1839	0.1908	0.1887	0.1985	0.1961	0.1809	0.1821	0.2021	0.2110	0.2154	0.2342	0.2562	0.2636	0.3056	0.3410	0.3847	0.4886	0.8092	0.9420	0.8724	0.8560	0.7233	0.4830	0.4622	0.5935	0.8649	0.8674	0.7701	0.7604	0.6885	0.6532	0.6482	0.5982	0.5408	0.4856
0.0363	0.0237	0.0412	0.0286	0.0428	0.0580	0.0650	0.0597	0.0611	0.0718	0.0892	0.0817	0.0799	0.0840	0.0916	0.1030	0.1150	0.1278	0.1254	0.1250	0.1351	0.1231	0.1153	0.1257	0.1375	0.1348	0.1310	0.1379	0.1408	0.1455	0.1443	0.1378	0.1392	0.1488	0.1432	0.1436	0.1467	0.1519	0.1449	0.1485	0.1448	0.1628	0.1665	0.1855	0.1885	0.2077	0.2198	0.2571	0.2940	0.3303	0.4381	0.8201	0.9718	0.8810	0.7511	0.4478	0.3917	0.4630	0.7205	0.9469	0.9431	0.8748	0.8503	0.7627	0.6891	0.6234	0.5669	0.5390	0.5338
0.0262	0.0168	0.0364	0.0392	0.0317	0.0418	0.0529	0.0555	0.0555	0.0605	0.0616	0.0780	0.0811	0.0678	0.0839	0.0998	0.1006	0.0918	0.0914	0.0987	0.1118	0.1079	0.1084	0.1198	0.1092	0.1194	0.1130	0.1194	0.1069	0.1099	0.1192	0.1072	0.1012	0.1051	0.1171	0.1148	0.1151	0.1143	0.1115	0.1215	0.1247	0.1226	0.1248	0.1462	0.1496	0.1473	0.1531	0.1716	0.1944	0.2234	0.3027	0.5705	0.8282	0.7410	0.4196	0.3013	0.3490	0.4081	0.6501	0.8939	0.8740	0.8004	0.6892	0.7671	0.7150	0.6503	0.5803	0.5822	0.5447
0.0137	0.0169	0.0315	0.0284	0.0306	0.0330	0.0461	0.0574	0.0413	0.0459	0.0547	0.0628	0.0705	0.0720	0.0683	0.0788	0.0850	0.0871	0.0746	0.0864	0.0840	0.0909	0.0939	0.0912	0.0990	0.1018	0.0931	0.1008	0.0987	0.0951	0.0920	0.0890	0.0901	0.0823	0.0991	0.1050	0.1024	0.0981	0.1025	0.0901	0.0958	0.0952	0.0956	0.1023	0.1092	0.1154	0.1196	0.1288	0.1315	0.1362	0.1613	0.2014	0.2880	0.2964	0.2120	0.2207	0.2356	0.2647	0.3397	0.5398	0.6841	0.5665	0.4227	0.5078	0.6158	0.6917	0.6332	0.6129	0.5439
0.0152	0.0010	0.0176	0.0422	0.0287	0.0326	0.0421	0.0373	0.0304	0.0353	0.0565	0.0621	0.0784	0.0696	0.0785	0.0699	0.0810	0.0793	0.0775	0.0687	0.0723	0.0790	0.0767	0.0830	0.0817	0.0903	0.0899	0.0862	0.0897	0.0948	0.0830	0.0796	0.0795	0.0768	0.0916	0.0844	0.0907	0.0900	0.0891	0.0788	0.0788	0.0874	0.0932	0.0860	0.0964	0.0967	0.0935	0.1035	0.1042	0.1025	0.1213	0.1357	0.1364	0.1404	0.1362	0.1379	0.1438	0.1612	0.1899	0.2252	0.2713	0.2534	0.2464	0.2711	0.3588	0.5726	0.6238	0.5800	0.4879
0.0000	0.0084	0.0107	0.0252	0.0137	0.0172	0.0316	0.0387	0.0356	0.0401	0.0492	0.0520	0.0700	0.0516	0.0643	0.0627	0.0670	0.0730	0.0734	0.0736	0.0759	0.0717	0.0701	0.0772	0.0784	0.0796	0.0778	0.0746	0.0819	0.0809	0.0861	0.0799	0.0796	0.0702	0.0701	0.0708	0.0697	0.0707	0.0757	0.0738	0.0734	0.0696	0.0779	0.0733	0.0859	0.0900	0.0894	0.0857	0.0863	0.0972	0.1021	0.1138	0.1213	0.1079	0.1067	0.1152	0.1202	0.1098	0.1266	0.1545	0.1494	0.1424	0.1455	0.1670	0.1846	0.2657	0.3906	0.3898	0.2934
0.0000	0.0072	0.0025	0.0103	0.0163	0.0176	0.0273	0.0265	0.0295	0.0419	0.0485	0.0512	0.0558	0.0523	0.0571	0.0554	0.0607	0.0526	0.0523	0.0649	0.0757	0.0630	0.0682	0.0705	0.0757	0.0720	0.0773	0.0777	0.0779	0.0746	0.0607	0.0682	0.0758	0.0658	0.0668	0.0628	0.0692	0.0666	0.0705	0.0672	0.0714	0.0755	0.0731	0.0761	0.0753	0.0796	0.0829	0.0831	0.0863	0.0862	0.0927	0.0903	0.0917	0.0963	0.1066	0.1095	0.1012	0.0874	0.1063	0.1138	0.1208	0.1191	0.1131	0.1187	0.1298	0.1274	0.1423	0.1404	0.1396
0.0000	0.0000	0.0000	0.0042	0.0139	0.0276	0.0167	0.0137	0.0255	0.0394	0.0357	0.0409	0.0401	0.0421	0.0477	0.0481	0.0683	0.0715	0.0637	0.0570	0.0538	0.0632	0.0676	0.0647	0.0685	0.0636	0.0704	0.0664	0.0736	0.0650	0.0566	0.0667	0.0587	0.0588	0.0598	0.0641	0.0641	0.0572	0.0633	0.0586	0.0609	0.0635	0.0674	0.0677	0.0652	0.0677	0.0626	0.0739	0.0727	0.0740	0.0821	0.0780	0.0792	0.0831	0.0908	0.0843	0.0818	0.0820	0.0880	0.1002	0.1046	0.1060	0.1062	0.0968	0.1047	0.0911	0.0983	0.1054	0.1032
0.0015	0.0000	0.0000	0.0090	0.0022	0.0012	0.0124	0.0232	0.0206	0.0255	0.0301	0.0337	0.0418	0.0406	0.0378	0.0388	0.0372	0.0539	0.0436	0.0532	0.0542	0.0553	0.0543	0.0517	0.0638	0.0560	0.0562	0.0611	0.0572	0.0517	0.0547	0.0594	0.0528	0.0575	0.0546	0.0557	0.0593	0.0560	0.0610	0.0562	0.0532	0.0571	0.0587	0.0583	0.0621	0.0646	0.0585	0.0586	0.0633	0.0627	0.0643	0.0743	0.0777	0.0741	0.0717	0.0685	0.0713	0.0716	0.0756	0.0852	0.0841	0.0808	0.0761	0.0718	0.0894	0.0799	0.0826	0.0835	0.0814
0.0000	0.0000	0.0000	0.0190	0.0013	0.0000	0.0071	0.0172	0.0083	0.0149	0.0293	0.0242	0.0337	0.0292	0.0304	0.0424	0.0455	0.0375	0.0467	0.0513	0.0456	0.0356	0.0409	0.0490	0.0576	0.0542	0.0609	0.0514	0.0566	0.0576	0.0602	0.0536	0.0516	0.0550	0.0551	0.0563	0.0443	0.0525	0.0604	0.0506	0.0513	0.0534	0.0505	0.0551	0.0518	0.0609	0.0637	0.0608	0.0580	0.0616	0.0635	0.0744	0.0779	0.0676	0.0736	0.0656	0.0738	0.0675	0.0732	0.0851	0.0784	0.0728	0.0766	0.0779	0.0689	0.0679	0.0804	0.0785	0.0787
0.0000	0.0000	0.0000	0.0101	0.0000	0.0059	0.0150	0.0019	0.0079	0.0146	0.0171	0.0276	0.0457	0.0307	0.0414	0.0464	0.0458	0.0316	0.0350	0.0419	0.0465	0.0425	0.0307	0.0439	0.0468	0.0505	0.0552	0.0549	0.0529	0.0620	0.0616	0.0557	0.0485	0.0554	0.0542	0.0529	0.0581	0.0504	0.0539	0.0430	0.0556	0.0474	0.0491	0.0588	0.0529	0.0526	0.0634	0.0608	0.0588	0.0611	0.0599	0.0700	0.0644	0.0658	0.0731	0.0693	0.0680	0.0553	0.0696	0.0788	0.0728	0.0657	0.0681	0.0672	0.0599	0.0556	0.0605	0.0671	0.0658
0.0000	0.0000	0.0000	0.0040	0.0000	0.0097	0.0149	0.0095	0.0142	0.0108	0.0209	0.0197	0.0391	0.0311	0.0305	0.0297	0.0416	0.0351	0.0296	0.0441	0.0432	0.0378	0.0374	0.0458	0.0417	0.0388	0.0400	0.0470	0.0443	0.0494	0.0458	0.0446	0.0437	0.0552	0.0534	0.0436	0.0514	0.0534	0.0456	0.0454	0.0539	0.0446	0.0482	0.0425	0.0495	0.0501	0.0546	0.0568	0.0597	0.0644	0.0562	0.0599	0.0620	0.0624	0.0601	0.0581	0.0573	0.0568	0.0586	0.0553	0.0563	0.0588	0.0575	0.0665	0.0686	0.0498	0.0510	0.0569	0.0411
0.0000	0.0000	0.0000	0.0000	0.0000	0.0000	0.0000	0.0118	0.0142	0.0079	0.0231	0.0133	0.0189	0.0275	0.0253	0.0255	0.0305	0.0208	0.0223	0.0315	0.0339	0.0359	0.0331	0.0491	0.0483	0.0379	0.0371	0.0395	0.0441	0.0506	0.0474	0.0444	0.0386	0.0433	0.0476	0.0465	0.0466	0.0406	0.0416	0.0508	0.0429	0.0438	0.0487	0.0442	0.0488	0.0456	0.0477	0.0505	0.0613	0.0480	0.0502	0.0464	0.0487	0.0545	0.0539	0.0617	0.0475	0.0548	0.0477	0.0469	0.0534	0.0497	0.0511	0.0542	0.0583	0.0514	0.0461	0.0371	0.0343
0.0000	0.0000	0.0000	0.0000	0.0000	0.0000	0.0000	0.0064	0.0070	0.0149	0.0275	0.0341	0.0171	0.0122	0.0138	0.0247	0.0199	0.0197	0.0257	0.0358	0.0391	0.0363	0.0312	0.0342	0.0426	0.0478	0.0489	0.0464	0.0411	0.0483	0.0616	0.0321	0.0408	0.0369	0.0381	0.0427	0.0420	0.0411	0.0500	0.0465	0.0415	0.0519	0.0405	0.0446	0.0452	0.0379	0.0505	0.0637	0.0470	0.0423	0.0587	0.0601	0.0618	0.0600	0.0589	0.0615	0.0436	0.0527	0.0564	0.0651	0.0693	0.0569	0.0639	0.0581	0.0603	0.0656	0.0561	0.0584	0.0577
