0.0000	0.0000	0.0122	0.0029	0.0054	0.0059	0.0036	0.0302	0.0274	0.0079	0.0048	0.0213	0.0323	0.0508	0.0432	0.0298	0.0438	0.0491	0.0288	0.0391	0.0499	0.0338	0.0455	0.0503	0.0621	0.0534	0.0704	0.0566	0.0516	0.0754	0.0681	0.0740	0.0609	0.0811	0.0779	0.0740	0.0739	0.0724	0.0778	0.0716	0.0768	0.0823	0.0779	0.0869	0.0850	0.0963	0.0932	0.0876	0.0847	0.0939	0.0908	0.0759	0.0646	0.0794	0.0706	0.0834	0.0789	0.0670	0.0743	0.0714	0.0653	0.0604	0.0725	0.0735	0.0727	0.0476	0.0285	0.0478	0.0556
0.0000	0.0000	0.0110	0.0041	0.0000	0.0021	0.0119	0.0203	0.0345	0.0042	0.0187	0.0355	0.0399	0.0385	0.0370	0.0289	0.0405	0.0610	0.0395	0.0348	0.0559	0.0471	0.0554	0.0648	0.0894	0.0778	0.0629	0.0726	0.0760	0.0707	0.0788	0.0683	0.0683	0.0885	0.0916	0.0851	0.0772	0.0863	0.0817	0.0894	0.0933	0.0893	0.1037	0.0996	0.0904	0.1004	0.0983	0.1000	0.1021	0.1019	0.0936	0.0828	0.0713	0.0766	0.0741	0.0927	0.0843	0.0858	0.0638	0.0801	0.0833	0.0640	0.0684	0.0659	0.0732	0.0511	0.0434	0.0573	0.0473
0.0000	0.0000	0.0000	0.0115	0.0093	0.0000	0.0193	0.0217	0.0131	0.0191	0.0327	0.0453	0.0522	0.0364	0.0376	0.0479	0.0418	0.0532	0.0449	0.0366	0.0598	0.0691	0.0653	0.0765	0.0916	0.0777	0.0837	0.0813	0.0921	0.0888	0.0816	0.0881	0.0747	0.0944	0.0882	0.0818	0.0892	0.0976	0.0847	0.0812	0.1042	0.1012	0.1019	0.1003	0.1030	0.0982	0.0876	0.1025	0.1159	0.0968	0.1067	0.1181	0.0868	0.0949	0.0853	0.0900	0.0966	0.0929	0.0997	0.1076	0.1025	0.1019	0.0731	0.0699	0.0776	0.0870	0.0623	0.0576	0.0583
0.0000	0.0150	0.0021	0.0175	0.0128	0.0066	0.0268	0.0332	0.0171	0.0159	0.0362	0.0514	0.0464	0.0335	0.0407	0.0466	0.0459	0.0657	0.0628	0.0636	0.0672	0.0716	0.0604	0.0797	0.0724	0.0790	0.0748	0.0771	0.0686	0.0734	0.0658	0.0725	0.0848	0.0985	0.0992	0.0981	0.0850	0.0878	0.0863	0.0903	0.1053	0.1098	0.0974	0.0996	0.1064	0.1062	0.0972	0.0922	0.1047	0.0924	0.1065	0.1006	0.1019	0.0989	0.1146	0.0956	0.0955	0.1018	0.1011	0.1000	0.1150	0.1039	0.0924	0.0908	0.0989	0.0931	0.0712	0.0751	0.0873
0.0000	0.0000	0.0057	0.0249	0.0122	0.0079	0.0195	0.0305	0.0233	0.0169	0.0353	0.0538	0.0497	0.0381	0.0299	0.0472	0.0641	0.0459	0.0519	0.0712	0.0708	0.0695	0.0617	0.0643	0.0785	0.0868	0.0649	0.0650	0.0817	0.0859	0.0797	0.0743	0.0918	0.0840	0.1038	0.0835	0.0719	0.0879	0.1008	0.1048	0.0971	0.0972	0.1132	0.1214	0.1220	0.1060	0.1252	0.1201	0.1115	0.1076	0.1020	0.0973	0.1101	0.1154	0.1222	0.1035	0.0936	0.0998	0.1038	0.1136	0.1295	0.1062	0.1217	0.1294	0.1241	0.0857	0.1084	0.1202	0.1091
0.0000	0.0000	0.0156	0.0395	0.0193	0.0025	0.0355	0.0446	0.0383	0.0415	0.0432	0.0449	0.0698	0.0703	0.0515	0.0591	0.0644	0.0495	0.0471	0.0665	0.0749	0.0816	0.0667	0.0590	0.1017	0.0860	0.0618	0.0661	0.0864	0.0932	0.0851	0.0764	0.0934	0.0931	0.1063	0.1070	0.0884	0.0998	0.1110	0.1052	0.1025	0.1291	0.1355	0.1450	0.1129	0.1092	0.1257	0.1315	0.1247	0.1165	0.1151	0.1074	0.1111	0.1140	0.1357	0.1363	0.1299	0.1145	0.1372	0.1895	0.2402	0.2536	0.2930	0.2481	0.1810	0.1146	0.1241	0.1321	0.1157
0.0000	0.0000	0.0162	0.0292	0.0213	0.0129	0.0172	0.0429	0.0401	0.0405	0.0490	0.0501	0.0649	0.0645	0.0625	0.0969	0.0702	0.0621	0.0644	0.0823	0.0839	0.0911	0.0790	0.0841	0.0965	0.0943	0.0801	0.0868	0.1123	0.1123	0.0952	0.0819	0.0968	0.1109	0.1026	0.0891	0.0973	0.0965	0.1228	0.1089	0.0879	0.1289	0.1348	0.1458	0.1363	0.1453	0.1219	0.1388	0.1466	0.1331	0.1352	0.1414	0.1501	0.1358	0.1521	0.1903	0.1924	0.1829	0.1928	0.3611	0.4467	0.4034	0.3559	0.3505	0.2898	0.1706	0.1362	0.1398	0.1365
0.0000	0.0060	0.0209	0.0185	0.0208	0.0225	0.0346	0.0400	0.0414	0.0535	0.0524	0.0638	0.0508	0.0514	0.0727	0.0929	0.0611	0.0683	0.0779	0.0854	0.0867	0.1063	0.0906	0.0907	0.0959	0.1029	0.1012	0.0858	0.1057	0.1228	0.0969	0.0833	0.1096	0.1240	0.1128	0.1069	0.1272	0.1288	0.1146	0.1157	0.1241	0.1250	0.1467	0.1449	0.1343	0.1463	0.1492	0.1605	0.1592	0.1718	0.1662	0.1577	0.1546	0.1727	0.1949	0.2329	0.2182	0.2198	0.2622	0.3596	0.4464	0.4357	0.3877	0.3712	0.3568	0.2540	0.1743	0.1762	0.2039
0.0131	0.0160	0.0435	0.0272	0.0330	0.0342	0.0457	0.0459	0.0453	0.0412	0.0522	0.0785	0.0803	0.0712	0.0718	0.0782	0.0703	0.0807	0.0982	0.0900	0.1072	0.1219	0.0972	0.0881	0.1002	0.1088	0.0940	0.0935	0.1156	0.1116	0.1073	0.0958	0.1186	0.1243	0.1116	0.1172	0.1265	0.1200	0.1316	0.1466	0.1419	0.1503	0.1614	0.1724	0.1751	0.1847	0.1852	0.2114	0.2046	0.2189	0.2103	0.1970	0.2142	0.2570	0.2394	0.2496	0.2457	0.2391	0.2838	0.3269	0.4075	0.4410	0.4147	0.3750	0.3415	0.2688	0.1979	0.2119	0.2009
0.0143	0.0033	0.0192	0.0305	0.0387	0.0429	0.0700	0.0518	0.0555	0.0599	0.0712	0.0952	0.0776	0.0927	0.0830	0.0926	0.0810	0.0720	0.1023	0.1060	0.1147	0.1145	0.1095	0.0986	0.1159	0.1207	0.1072	0.1197	0.1141	0.1105	0.1109	0.1051	0.1072	0.1314	0.1202	0.1129	0.1321	0.1545	0.1487	0.1520	0.1531	0.1843	0.1851	0.2002	0.2199	0.2303	0.2216	0.2378	0.2397	0.2476	0.2597	0.2483	0.2637	0.2814	0.2798	0.2618	0.2830	0.2841	0.2744	0.2971	0.3634	0.4572	0.4508	0.4367	0.3745	0.3145	0.2173	0.2161	0.2347
0.0000	0.0119	0.0349	0.0296	0.0401	0.0603	0.0811	0.0633	0.0536	0.0687	0.0567	0.0657	0.0833	0.0848	0.0789	0.0966	0.0946	0.0820	0.0846	0.1049	0.1270	0.1057	0.1082	0.1148	0.1361	0.1290	0.1336	0.1283	0.1109	0.1138	0.1167	0.1274	0.1281	0.1408	0.1578	0.1575	0.1568	0.1769	0.1662	0.1630	0.2093	0.2091	0.2392	0.2949	0.4031	0.3706	0.3309	0.2950	0.2821	0.2876	0.2853	0.3206	0.3021	0.2806	0.3071	0.3081	0.3224	0.3246	0.3214	0.3387	0.3657	0.4248	0.4425	0.4415	0.4293	0.3229	0.2404	0.2470	0.2471
0.0000	0.0298	0.0502	0.0368	0.0327	0.0419	0.0587	0.0700	0.0645	0.0667	0.0603	0.0787	0.0875	0.0996	0.0895	0.0967	0.1096	0.1044	0.0904	0.0983	0.1201	0.1187	0.1339	0.1326	0.1300	0.1268	0.1519	0.1315	0.1373	0.1410	0.1439	0.1667	0.1516	0.1783	0.1848	0.1650	0.1842	0.2011	0.2173	0.2161	0.2383	0.2896	0.3565	0.4659	0.6916	0.6988	0.5720	0.4418	0.3387	0.3385	0.3391	0.3460	0.3422	0.3413	0.3628	0.3800	0.4330	0.4986	0.5005	0.4323	0.3935	0.4324	0.4583	0.5209	0.4583	0.3597	0.3475	0.3352	0.3023
0.0328	0.0267	0.0330	0.0523	0.0486	0.0350	0.0490	0.0640	0.0776	0.0697	0.0843	0.0946	0.0950	0.0916	0.0842	0.1008	0.1166	0.1330	0.1168	0.1378	0.1269	0.1235	0.1333	0.1482	0.1553	0.1683	0.1531	0.1651	0.1746	0.1703	0.1678	0.1904	0.1927	0.2073	0.2292	0.2150	0.2197	0.2530	0.2752	0.2976	0.3234	0.3734	0.4837	0.6216	0.7641	0.7733	0.7749	0.6830	0.5116	0.4698	0.5196	0.5461	0.4823	0.4119	0.3967	0.4736	0.5436	0.5860	0.5926	0.5481	0.4460	0.4241	0.4882	0.5434	0.5000	0.4217	0.3913	0.4079	0.3353
0.0275	0.0251	0.0601	0.0544	0.0464	0.0461	0.0769	0.0820	0.0821	0.0758	0.1014	0.1141	0.1137	0.0974	0.0983	0.1198	0.1361	0.1394	0.1387	0.1511	0.1639	0.1642	0.1781	0.1753	0.1949	0.1932	0.1955	0.2150	0.2117	0.1976	0.2116	0.2469	0.2689	0.2620	0.2663	0.2759	0.3082	0.3152	0.3510	0.3635	0.3993	0.4608	0.5427	0.7131	0.8512	0.7905	0.7385	0.7164	0.7002	0.6952	0.7520	0.7747	0.6731	0.5463	0.4617	0.5360	0.6518	0.6294	0.5731	0.5816	0.5624	0.4907	0.5055	0.5062	0.4588	0.4209	0.4068	0.3829	0.3715
0.0170	0.0268	0.0562	0.0545	0.0562	0.0673	0.0706	0.1050	0.1212	0.0938	0.1119	0.1378	0.1382	0.1152	0.1611	0.1489	0.1646	0.1676	0.1988	0.1748	0.1972	0.2128	0.2060	0.2122	0.2348	0.2407	0.2361	0.2439	0.2590	0.2654	0.2737	0.3014	0.3416	0.3532	0.3292	0.3440	0.3825	0.4084	0.4406	0.4392	0.4386	0.5202	0.5853	0.7631	0.8754	0.7342	0.6725	0.7110	0.7618	0.7543	0.7678	0.7073	0.6885	0.6130	0.5333	0.5820	0.6801	0.6538	0.5571	0.5734	0.5455	0.5059	0.5047	0.4599	0.4465	0.4199	0.3897	0.3769	0.3605
0.0213	0.0410	0.0562	0.0691	0.0859	0.1305	0.1042	0.1121	0.1218	0.1329	0.1402	0.1825	0.2105	0.2137	0.2142	0.2176	0.2493	0.2468	0.2391	0.2294	0.2561	0.2796	0.2374	0.2541	0.2752	0.2838	0.2735	0.2790	0.3062	0.2937	0.2987	0.3436	0.3691	0.3899	0.3848	0.4053	0.4462	0.4565	0.4600	0.4525	0.4890	0.5281	0.6278	0.7828	0.7763	0.7096	0.6628	0.6650	0.7072	0.6992	0.7163	0.7172	0.6952	0.6329	0.6196	0.6920	0.6512	0.6137	0.5398	0.5587	0.5010	0.4882	0.4863	0.4811	0.4204	0.3710	0.3767	0.4068	0.3792
0.0568	0.0558	0.0728	0.1014	0.1298	0.1372	0.1619	0.1932	0.2257	0.2403	0.3047	0.3392	0.4572	0.4293	0.3851	0.4022	0.4040	0.4623	0.3637	0.3377	0.3717	0.3921	0.3471	0.3221	0.3569	0.3549	0.3559	0.3142	0.2956	0.3188	0.3481	0.3782	0.3943	0.4336	0.4607	0.4289	0.4659	0.4995	0.5044	0.4719	0.5615	0.6605	0.8150	0.8361	0.7215	0.6361	0.6225	0.6397	0.6310	0.6450	0.6736	0.7049	0.6326	0.6419	0.6552	0.6569	0.6020	0.5558	0.5011	0.5264	0.5068	0.4577	0.4945	0.4830	0.4352	0.3609	0.3677	0.3597	0.3673
0.0679	0.0870	0.1286	0.1575	0.1619	0.1960	0.2763	0.3524	0.4418	0.4262	0.4961	0.5514	0.6126	0.5985	0.6516	0.6763	0.6872	0.7448	0.6333	0.5674	0.6629	0.6343	0.5678	0.5620	0.5393	0.5195	0.5579	0.4879	0.3657	0.4038	0.4338	0.4401	0.4647	0.5732	0.6591	0.5440	0.5311	0.6094	0.6484	0.6740	0.7587	0.8195	0.8163	0.7571	0.6655	0.5923	0.6237	0.5992	0.6431	0.6444	0.6217	0.6526	0.6384	0.6183	0.6035	0.5732	0.5366	0.5157	0.5212	0.4993	0.5165	0.4867	0.4646	0.4289	0.3983	0.3544	0.3748	0.3527	0.3265
0.0705	0.1206	0.1891	0.2382	0.2803	0.3142	0.4128	0.4507	0.5161	0.5079	0.4997	0.5306	0.6093	0.6597	0.6824	0.7731	0.8249	0.8026	0.7725	0.7472	0.7654	0.7513	0.7360	0.7605	0.7410	0.7505	0.7871	0.6939	0.6536	0.5736	0.4976	0.5115	0.6318	0.8729	0.9313	0.7240	0.6904	0.8233	0.8187	0.8055	0.7719	0.7466	0.7613	0.7036	0.6442	0.6126	0.6296	0.5952	0.6278	0.6225	0.6227	0.6134	0.6388	0.6276	0.5639	0.5511	0.5163	0.4837	0.4985	0.5006	0.5144	0.4325	0.4068	0.4005	0.3941	0.3637	0.3787	0.3493	0.3512
0.1320	0.1791	0.2277	0.2703	0.3124	0.3435	0.3926	0.3849	0.4060	0.4184	0.4198	0.4425	0.5781	0.5565	0.5896	0.6852	0.7484	0.7379	0.7107	0.7166	0.7247	0.7527	0.7146	0.7617	0.7547	0.7397	0.8194	0.8171	0.8302	0.8242	0.6596	0.6713	0.7758	0.9737	0.9608	0.7861	0.8037	0.8113	0.7754	0.7504	0.7095	0.7296	0.7095	0.6366	0.6448	0.5872	0.5940	0.5942	0.6244	0.5684	0.5533	0.5635	0.5669	0.5662	0.5551	0.5320	0.5429	0.4914	0.4675	0.4533	0.4531	0.4314	0.4180	0.4379	0.4057	0.3935	0.3814	0.3674	0.3378
0.1442	0.1786	0.2059	0.2497	0.2394	0.2968	0.3571	0.3564	0.3444	0.3672	0.4075	0.4162	0.5308	0.5260	0.5475	0.6216	0.6217	0.6414	0.6301	0.6302	0.6745	0.6814	0.6838	0.7059	0.6788	0.7256	0.7209	0.8053	0.8487	0.8278	0.8963	0.8866	0.9206	0.9764	0.9152	0.8205	0.8323	0.7989	0.7968	0.7078	0.6913	0.6881	0.6707	0.6227	0.5760	0.5873	0.6068	0.6130	0.5758	0.5456	0.5733	0.5692	0.5019	0.5608	0.5213	0.5136	0.5392	0.4885	0.4654	0.4643	0.4589	0.4637	0.4346	0.4024	0.4115	0.3847	0.3368	0.3304	0.3219
0.1530	0.2019	0.2173	0.2342	0.2298	0.2765	0.3148	0.3447	0.3342	0.3865	0.4467	0.4389	0.4936	0.5511	0.5411	0.5645	0.6597	0.6687	0.6550	0.6481	0.6796	0.6995	0.7333	0.6702	0.6557	0.6954	0.6841	0.7507	0.8257	0.8020	0.8648	0.8367	0.8703	0.9028	0.8781	0.8288	0.7395	0.7619	0.7401	0.7027	0.6778	0.6546	0.6537	0.6409	0.5970	0.6150	0.5668	0.5610	0.5684	0.5528	0.5852	0.5552	0.4951	0.5189	0.4993	0.5583	0.5431	0.5037	0.4859	0.4537	0.4493	0.4606	0.4207	0.3833	0.3885	0.3678	0.3450	0.3298	0.3081
0.1182	0.1696	0.2450	0.2356	0.2369	0.2603	0.3222	0.3444	0.3913	0.3948	0.4449	0.4332	0.4868	0.5214	0.5244	0.5875	0.6621	0.6733	0.6445	0.6052	0.6639	0.6992	0.6841	0.6898	0.6719	0.6628	0.6837	0.7569	0.7588	0.7783	0.8092	0.7960	0.8565	0.8527	0.7837	0.7763	0.7482	0.7064	0.6841	0.6649	0.6407	0.6082	0.6103	0.6377	0.6500	0.6104	0.5643	0.5796	0.5612	0.5540	0.5604	0.5459	0.5689	0.5508	0.5387	0.5382	0.5495	0.4948	0.4808	0.4953	0.4805	0.4556	0.4261	0.4025	0.3775	0.3793	0.3605	0.3401	0.3084
0.1350	0.1792	0.2256	0.2412	0.2414	0.2588	0.3108	0.3245	0.3554	0.3733	0.4292	0.4396	0.4537	0.5092	0.5484	0.6260	0.6543	0.7063	0.7222	0.6558	0.6333	0.6410	0.6308	0.6311	0.6896	0.6301	0.6872	0.7623	0.7471	0.7155	0.7695	0.7762	0.7933	0.8182	0.7884	0.7249	0.7208	0.6953	0.6538	0.6586	0.6469	0.6319	0.6465	0.6207	0.6193	0.6056	0.6221	0.6158	0.5727	0.5677	0.5475	0.5430	0.5586	0.5449	0.4998	0.5183	0.5273	0.4974	0.4816	0.4902	0.4679	0.4624	0.4405	0.4103	0.3774	0.3701	0.3597	0.3182	0.3235
0.1767	0.1832	0.2154	0.2400	0.2710	0.2660	0.2890	0.3356	0.3729	0.3849	0.4260	0.4650	0.4998	0.5203	0.5255	0.5916	0.6049	0.6465	0.6809	0.6626	0.6184	0.6228	0.6210	0.6503	0.6687	0.6588	0.6654	0.6993	0.7181	0.7369	0.7695	0.7666	0.7758	0.8107	0.7527	0.7154	0.7134	0.6584	0.6670	0.6598	0.6602	0.6619	0.6624	0.6103	0.6240	0.6233	0.5932	0.5918	0.5789	0.5664	0.5560	0.5207	0.5205	0.5193	0.4959	0.5195	0.5085	0.4914	0.4609	0.4790	0.4844	0.4348	0.4330	0.4164	0.4279	0.3335	0.3325	0.3077	0.3056
0.1914	0.1923	0.2227	0.2423	0.2872	0.2976	0.3094	0.3664	0.3906	0.3811	0.4348	0.4549	0.4932	0.5338	0.5536	0.5822	0.6069	0.6129	0.5727	0.6042	0.6377	0.6020	0.5988	0.6092	0.6369	0.6792	0.6715	0.7016	0.6845	0.7169	0.7681	0.7426	0.7609	0.7282	0.7078	0.6874	0.6682	0.6747	0.6996	0.6451	0.6439	0.6668	0.6267	0.6260	0.6478	0.6222	0.6316	0.6330	0.6242	0.5995	0.5940	0.5684	0.5134	0.5187	0.5382	0.5379	0.5376	0.5200	0.5173	0.4833	0.4735	0.4356	0.3873	0.4231	0.4025	0.3661	0.3324	0.3253	0.3252
0.1830	0.2140	0.2667	0.2873	0.2960	0.2872	0.2823	0.3411	0.3937	0.3742	0.4192	0.4438	0.5118	0.5310	0.5451	0.5659	0.5824	0.5728	0.5946	0.5800	0.5683	0.5939	0.6004	0.6090	0.6011	0.6130	0.6368	0.6426	0.6463	0.7033	0.7306	0.7284	0.7191	0.7110	0.6595	0.6182	0.6281	0.6382	0.6951	0.6705	0.6572	0.6441	0.6215	0.6212	0.6415	0.5936	0.6022	0.5981	0.6049	0.5767	0.5828	0.5546	0.5454	0.5405	0.5503	0.5227	0.4909	0.4776	0.5016	0.4741	0.4307	0.4291	0.4378	0.4283	0.3716	0.3474	0.3224	0.3365	0.3282
0.2000	0.2142	0.2444	0.2848	0.2669	0.2851	0.2761	0.2904	0.3391	0.3873	0.4012	0.4576	0.5046	0.5159	0.5219	0.5651	0.5800	0.5475	0.5668	0.5996	0.5577	0.5744	0.5589	0.5743	0.5831	0.5939	0.5733	0.6336	0.6266	0.6551	0.6957	0.6796	0.6844	0.6935	0.6345	0.6344	0.6150	0.6260	0.6573	0.6646	0.6417	0.6668	0.6350	0.5885	0.6077	0.5722	0.5962	0.6005	0.6081	0.5661	0.5936	0.5951	0.5947	0.5665	0.5311	0.5161	0.5089	0.4885	0.4785	0.4856	0.4409	0.4516	0.4442	0.4120	0.3809	0.3704	0.3566	0.3312	0.3381
0.2064	0.2259	0.2634	0.2637	0.2926	0.2644	0.2940	0.2986	0.3378	0.3959	0.4537	0.4350	0.4392	0.4742	0.4894	0.4864	0.5131	0.5553	0.5671	0.5316	0.5760	0.5284	0.5329	0.5804	0.5950	0.5490	0.6157	0.6487	0.6504	0.6083	0.6526	0.6436	0.6469	0.6610	0.6144	0.6448	0.6260	0.6710	0.6249	0.6265	0.6331	0.6279	0.6137	0.6110	0.6122	0.5842	0.6262	0.5894	0.6008	0.5567	0.5794	0.5354	0.5524	0.5750	0.5575	0.5336	0.5132	0.5103	0.4790	0.4837	0.4880	0.4375	0.4364	0.4152	0.3916	0.3867	0.3610	0.3135	0.3135
0.2032	0.2330	0.2812	0.2955	0.3053	0.2750	0.3095	0.3153	0.3463	0.3760	0.3837	0.4207	0.4534	0.4687	0.4932	0.4919	0.4971	0.5543	0.5565	0.5641	0.5571	0.5622	0.5491	0.5940	0.5522	0.5375	0.5856	0.6094	0.6133	0.6484	0.6516	0.6418	0.6857	0.6635	0.6385	0.6418	0.6617	0.6991	0.6482	0.6294	0.6698	0.6358	0.6246	0.6325	0.6241	0.5915	0.6042	0.6124	0.5771	0.5746	0.5807	0.5525	0.5432	0.5364	0.5630	0.5648	0.5039	0.4765	0.4634	0.4848	0.4858	0.4632	0.4457	0.4500	0.4149	0.3698	0.3426	0.3509	0.3497
0.2084	0.2384	0.2694	0.2603	0.2851	0.2725	0.3257	0.3314	0.3426	0.3871	0.3953	0.4358	0.4428	0.4611	0.4712	0.4702	0.5052	0.5400	0.5340	0.5585	0.5394	0.5649	0.5598	0.5626	0.5654	0.5673	0.5301	0.5915	0.6336	0.6179	0.6239	0.6791	0.6792	0.6336	0.6578	0.6682	0.6786	0.6433	0.6283	0.6485	0.6179	0.6960	0.6405	0.6335	0.6125	0.5687	0.5932	0.5834	0.5921	0.6271	0.5956	0.6027	0.5970	0.5723	0.5330	0.5438	0.5342	0.5101	0.5098	0.5167	0.4838	0.4888	0.4582	0.4305	0.4184	0.3934	0.3606	0.3665	0.3440
0.2137	0.2239	0.2494	0.2742	0.2911	0.2657	0.3077	0.3204	0.3591	0.3697	0.3764	0.4041	0.4194	0.4319	0.4660	0.5201	0.5341	0.5260	0.5607	0.5606	0.5765	0.5874	0.5593	0.5762	0.6199	0.5840	0.5551	0.6136	0.6597	0.6034	0.6281	0.6646	0.6789	0.6543	0.6729	0.6650	0.6581	0.6431	0.6404	0.6247	0.6031	0.6551	0.7014	0.6310	0.6103	0.5965	0.5952	0.6340	0.6092	0.6295	0.6535	0.6164	0.5951	0.6358	0.5995	0.5586	0.5446	0.5464	0.4993	0.4973	0.5054	0.4958	0.4755	0.4548	0.4157	0.3885	0.3740	0.3998	0.3462
0.2217	0.2235	0.2195	0.2624	0.2771	0.2875	0.3299	0.3392	0.3946	0.3946	0.3877	0.3960	0.4308	0.4421	0.4790	0.4928	0.5534	0.5594	0.5903	0.5931	0.5968	0.6434	0.6147	0.6348	0.6563	0.6185	0.6203	0.6162	0.6331	0.6109	0.6649	0.6830	0.6732	0.6588	0.6810	0.6846	0.7026	0.6596	0.6493	0.6217	0.6756	0.6741	0.6908	0.7086	0.6439	0.5908	0.6386	0.6556	0.6425	0.6149	0.6258	0.5767	0.6088	0.6078	0.5881	0.5644	0.5563	0.5447	0.4901	0.4666	0.4906	0.5168	0.5039	0.4684	0.4115	0.3990	0.4078	0.3795	0.3605
0.2136	0.2246	0.2466	0.2851	0.2617	0.2659	0.3098	0.3614	0.3451	0.3641	0.4060	0.4171	0.4655	0.4880	0.4970	0.5318	0.5496	0.5864	0.6004	0.6109	0.6552	0.6379	0.6417	0.6422	0.6569	0.6495	0.6424	0.6837	0.6835	0.6671	0.7189	0.6989	0.7213	0.7122	0.6815	0.6716	0.6946	0.6596	0.6795	0.6960	0.6784	0.6774	0.6853	0.6746	0.6113	0.6219	0.6395	0.6266	0.6530	0.6599	0.6364	0.5766	0.5995	0.5830	0.5888	0.5687	0.5365	0.5339	0.5408	0.5128	0.5103	0.5093	0.4902	0.5011	0.4679	0.4516	0.4369	0.4036	0.4082
0.1988	0.1956	0.2301	0.2342	0.2725	0.2700	0.2860	0.3455	0.3643	0.3397	0.3877	0.4250	0.4848	0.5387	0.5293	0.5555	0.6041	0.6027	0.6213	0.6660	0.6999	0.6436	0.6609	0.6886	0.7139	0.7045	0.6946	0.6826	0.6925	0.7307	0.7285	0.7377	0.6958	0.7131	0.7206	0.6908	0.6626	0.6526	0.7184	0.6794	0.6776	0.6844	0.6680	0.6395	0.6374	0.6654	0.6263	0.6390	0.6282	0.6703	0.6336	0.6039	0.5809	0.5931	0.5821	0.5660	0.5882	0.5925	0.5447	0.5472	0.5418	0.5104	0.4909	0.5180	0.5046	0.4547	0.4052	0.4127	0.4082
0.2165	0.2043	0.2095	0.2306	0.2737	0.3137	0.3567	0.3296	0.3729	0.3637	0.3825	0.4377	0.4840	0.5750	0.6138	0.6328	0.6373	0.6732	0.6766	0.6987	0.7079	0.7129	0.7063	0.7107	0.7343	0.7017	0.7043	0.7380	0.7506	0.7415	0.7482	0.7709	0.8069	0.8247	0.7841	0.7065	0.6503	0.6664	0.6423	0.6382	0.6663	0.6895	0.6732	0.6321	0.6660	0.6436	0.6538	0.6627	0.6796	0.6565	0.6209	0.6119	0.5940	0.5620	0.5705	0.5795	0.5675	0.5489	0.5216	0.5298	0.5536	0.5253	0.5190	0.5391	0.4803	0.4169	0.4028	0.4131	0.4217
0.2053	0.1985	0.2590	0.2727	0.3059	0.3210	0.3270	0.3432	0.3823	0.4133	0.3912	0.4639	0.5467	0.5810	0.6013	0.6691	0.6509	0.7139	0.7081	0.7056	0.7079	0.7405	0.7357	0.7456	0.7120	0.7188	0.7588	0.8227	0.8485	0.7914	0.8050	0.8448	0.9036	0.9580	0.8720	0.7873	0.7198	0.7030	0.6499	0.6213	0.6505	0.6641	0.6545	0.6538	0.6414	0.6158	0.6436	0.6526	0.7103	0.6570	0.6355	0.6028	0.5773	0.5784	0.5552	0.5577	0.5687	0.5451	0.5262	0.5349	0.5362	0.5026	0.5036	0.5031	0.4791	0.4392	0.4344	0.4283	0.4271
0.2228	0.2314	0.2578	0.2667	0.2834	0.3303	0.3813	0.3929	0.4135	0.4485	0.4671	0.5040	0.5941	0.5772	0.6012	0.6565	0.7204	0.7729	0.7570	0.7599	0.7687	0.8279	0.8153	0.7873	0.7748	0.8281	0.8084	0.8519	0.8972	0.8746	0.9664	0.9771	0.9498	0.9693	0.8022	0.8186	0.8356	0.7695	0.7076	0.6655	0.6791	0.6378	0.6585	0.6413	0.6663	0.6501	0.6666	0.6871	0.7008	0.6491	0.6270	0.6111	0.6107	0.5987	0.5835	0.5828	0.5883	0.5464	0.5874	0.5467	0.5499	0.5021	0.5411	0.5244	0.5217	0.4628	0.4593	0.4175	0.4464
0.2275	0.3101	0.3431	0.3571	0.3705	0.3947	0.4387	0.4708	0.4890	0.4810	0.5350	0.5593	0.5814	0.6342	0.6861	0.7693	0.8228	0.8002	0.7989	0.8152	0.8288	0.8851	0.8973	0.8686	0.8895	0.8644	0.9050	0.8940	0.9342	0.8987	0.9740	0.9356	0.7892	0.7590	0.6429	0.7134	0.8837	0.8673	0.8206	0.7722	0.7407	0.7045	0.7279	0.7029	0.6990	0.6589	0.6900	0.6653	0.7027	0.7000	0.6668	0.6596	0.6717	0.6343	0.5874	0.6233	0.5890	0.5706	0.5695	0.6036	0.5694	0.5592	0.5817	0.5512	0.5227	0.4991	0.4924	0.4568	0.4751
0.1706	0.2528	0.3352	0.4416	0.5244	0.5488	0.5920	0.5825	0.5985	0.5863	0.6017	0.6554	0.6863	0.7657	0.8164	0.8854	0.9126	0.9885	1.0000	0.9835	0.9179	0.9391	0.9467	0.9050	0.8588	0.8478	0.8474	0.8233	0.7552	0.6886	0.6297	0.4982	0.4627	0.4992	0.5016	0.5577	0.8513	0.9880	0.9248	0.8563	0.7979	0.8107	0.8021	0.7777	0.7455	0.7170	0.7183	0.7037	0.7214	0.6968	0.6956	0.6697	0.6620	0.6673	0.6253	0.6058	0.6023	0.6090	0.6243	0.6272	0.6264	0.6069	0.6151	0.5801	0.5278	0.5133	0.5214	0.4928	0.4835
0.0734	0.1210	0.1682	0.2658	0.3584	0.4504	0.5525	0.5962	0.5807	0.6121	0.6695	0.6733	0.7163	0.8036	0.8575	0.8486	0.8199	0.8344	0.8304	0.7580	0.7282	0.7631	0.7314	0.6286	0.5494	0.5345	0.5161	0.4292	0.4014	0.4014	0.3761	0.3777	0.3911	0.4054	0.4230	0.4420	0.5847	0.7540	0.7444	0.7287	0.8826	0.8969	0.8945	0.8355	0.7979	0.7292	0.7513	0.7607	0.7570	0.7380	0.6888	0.6947	0.6430	0.6573	0.6164	0.6427	0.6529	0.6172	0.6175	0.6262	0.6145	0.6372	0.6062	0.5919	0.5413	0.5304	0.5032	0.4860	0.4626
0.0328	0.0640	0.0834	0.1161	0.1011	0.1651	0.2196	0.2816	0.3218	0.3222	0.4017	0.4415	0.4839	0.4883	0.5044	0.4755	0.3766	0.3386	0.3499	0.3248	0.3407	0.3385	0.3405	0.3115	0.2933	0.2882	0.2855	0.2781	0.3110	0.3322	0.3376	0.3357	0.3543	0.3664	0.3711	0.3734	0.3840	0.4655	0.4841	0.5153	0.7634	0.9535	0.9358	0.8476	0.8139	0.7826	0.8036	0.7814	0.7515	0.7173	0.7220	0.7029	0.6578	0.6366	0.6351	0.6402	0.6648	0.6309	0.5942	0.6801	0.6776	0.5888	0.6034	0.6101	0.5630	0.5634	0.5486	0.4869	0.4478
0.0302	0.0446	0.0523	0.0616	0.0405	0.0687	0.1088	0.1047	0.1195	0.1484	0.1611	0.1706	0.1930	0.1750	0.1835	0.2025	0.2016	0.1961	0.2242	0.2210	0.2490	0.2462	0.2444	0.2534	0.2862	0.2562	0.2576	0.2598	0.2954	0.2983	0.3048	0.3084	0.3276	0.3404	0.3422	0.3365	0.3623	0.4156	0.4352	0.4851	0.7697	0.9941	0.9885	0.9087	0.8783	0.8208	0.8431	0.8886	0.7859	0.7727	0.7258	0.7102	0.6660	0.6516	0.6623	0.6910	0.7102	0.6906	0.6479	0.6634	0.6901	0.6240	0.6131	0.6060	0.5663	0.5553	0.5538	0.5018	0.4802
0.0221	0.0319	0.0219	0.0480	0.0662	0.0541	0.0899	0.0769	0.0910	0.1115	0.0970	0.1061	0.1202	0.1174	0.1253	0.1323	0.1570	0.1492	0.1597	0.1674	0.1766	0.1782	0.1937	0.2210	0.2243	0.2131	0.2153	0.2318	0.2412	0.2543	0.2662	0.2861	0.2845	0.2997	0.3138	0.3252	0.3451	0.3655	0.4191	0.4414	0.5570	0.7712	0.9896	0.9740	0.9574	0.9154	0.8860	0.8962	0.8585	0.8267	0.7718	0.7741	0.6861	0.6556	0.6537	0.7232	0.7366	0.7180	0.6615	0.7040	0.7268	0.6917	0.6704	0.5989	0.5868	0.5757	0.5615	0.4984	0.5224
0.0149	0.0217	0.0405	0.0359	0.0495	0.0434	0.0512	0.0787	0.0726	0.0785	0.0910	0.0968	0.1101	0.0952	0.1135	0.1080	0.1066	0.1033	0.1086	0.1186	0.1257	0.1239	0.1285	0.1567	0.1602	0.1558	0.1690	0.1760	0.1890	0.2036	0.2111	0.2166	0.2308	0.2417	0.2536	0.2680	0.2779	0.3226	0.3470	0.3781	0.4050	0.5206	0.8512	0.9915	0.9579	0.8825	0.7929	0.8137	0.8927	0.8656	0.8299	0.7621	0.7837	0.7079	0.7044	0.7139	0.7021	0.7205	0.6901	0.7000	0.7235	0.6807	0.6273	0.6176	0.6054	0.6048	0.5753	0.5186	0.5186
0.0109	0.0121	0.0452	0.0335	0.0420	0.0418	0.0619	0.0620	0.0545	0.0555	0.0744	0.0782	0.0791	0.0689	0.0839	0.0903	0.0977	0.1161	0.1074	0.1022	0.1073	0.1014	0.1066	0.1197	0.1229	0.1192	0.1215	0.1248	0.1378	0.1395	0.1504	0.1591	0.1758	0.1757	0.1905	0.1996	0.2227	0.2354	0.2464	0.2601	0.2868	0.3502	0.4766	0.6975	0.7402	0.5983	0.5704	0.7622	0.9255	0.8687	0.8698	0.8223	0.7858	0.7492	0.7368	0.7308	0.7229	0.7102	0.7108	0.7362	0.7493	0.7218	0.5625	0.6252	0.5899	0.5591	0.5407	0.4934	0.4376
0.0109	0.0141	0.0427	0.0377	0.0322	0.0490	0.0754	0.0586	0.0618	0.0545	0.0648	0.0647	0.0779	0.0810	0.0786	0.0951	0.0922	0.0940	0.1034	0.0946	0.0927	0.0978	0.0981	0.0954	0.1037	0.1119	0.0937	0.1053	0.1085	0.1115	0.1202	0.1252	0.1244	0.1230	0.1271	0.1312	0.1574	0.1600	0.1604	0.1728	0.1914	0.2207	0.2475	0.3162	0.3707	0.3555	0.4217	0.7343	0.8890	0.8369	0.8229	0.6215	0.5209	0.5550	0.6240	0.7338	0.7416	0.6767	0.5365	0.5605	0.5919	0.5986	0.4438	0.5462	0.5906	0.5287	0.5159	0.4834	0.3355
0.0020	0.0136	0.0215	0.0281	0.0301	0.0487	0.0497	0.0457	0.0488	0.0473	0.0576	0.0632	0.0617	0.0761	0.0742	0.0771	0.0784	0.0845	0.0824	0.0865	0.0849	0.0864	0.0826	0.0903	0.0933	0.0958	0.0815	0.1000	0.1054	0.0994	0.0974	0.1026	0.0922	0.0954	0.1073	0.1090	0.1215	0.1155	0.1145	0.1195	0.1263	0.1367	0.1532	0.1565	0.1776	0.2153	0.2522	0.4179	0.6285	0.5799	0.4726	0.3038	0.2897	0.3050	0.4605	0.7080	0.6651	0.4864	0.2713	0.2890	0.3027	0.2938	0.2618	0.2991	0.3612	0.3547	0.3414	0.3307	0.2342
0.0000	0.0127	0.0146	0.0258	0.0223	0.0316	0.0283	0.0314	0.0329	0.0414	0.0605	0.0490	0.0591	0.0565	0.0708	0.0858	0.0738	0.0705	0.0657	0.0781	0.0876	0.0759	0.0841	0.0843	0.0902	0.0872	0.0773	0.0828	0.0918	0.0948	0.0853	0.0877	0.0889	0.0853	0.0854	0.0869	0.0970	0.0966	0.0993	0.1105	0.0992	0.1027	0.1188	0.1171	0.1336	0.1341	0.1536	0.1662	0.2066	0.2174	0.2091	0.1822	0.1897	0.2074	0.3352	0.5412	0.4576	0.2602	0.1860	0.2003	0.1860	0.1701	0.1806	0.1656	0.1847	0.1891	0.1738	0.1817	0.1857
0.0000	0.0000	0.0192	0.0310	0.0234	0.0248	0.0241	0.0250	0.0415	0.0516	0.0443	0.0470	0.0460	0.0453	0.0603	0.0616	0.0665	0.0651	0.0622	0.0699	0.0733	0.0658	0.0768	0.0748	0.0784	0.0785	0.0760	0.0755	0.0789	0.0842	0.0762	0.0734	0.0744	0.0763	0.0738	0.0729	0.0825	0.0860	0.0915	0.1001	0.0919	0.1012	0.1134	0.0997	0.1111	0.1186	0.1184	0.1214	0.1277	0.1341	0.1403	0.1372	0.1385	0.1335	0.1581	0.2131	0.2126	0.1502	0.1524	0.1505	0.1638	0.1360	0.1342	0.1484	0.1433	0.1340	0.1322	0.1382	0.1343
0.0000	0.0000	0.0276	0.0261	0.0101	0.0068	0.0267	0.0343	0.0348	0.0393	0.0413	0.0625	0.0504	0.0411	0.0534	0.0567	0.0562	0.0611	0.0496	0.0571	0.0807	0.0600	0.0701	0.0710	0.0679	0.0747	0.0710	0.0670	0.0689	0.0730	0.0685	0.0620	0.0731	0.0845	0.0723	0.0754	0.0819	0.0843	0.0891	0.0910	0.1041	0.1037	0.0995	0.1024	0.0950	0.0947	0.1091	0.1130	0.1138	0.1144	0.1159	0.1112	0.0997	0.1103	0.1196	0.1207	0.1188	0.1162	0.1353	0.1242	0.1190	0.1192	0.1064	0.1319	0.1243	0.1146	0.1130	0.1175	0.1155
0.0000	0.0000	0.0189	0.0107	0.0138	0.0241	0.0219	0.0404	0.0403	0.0303	0.0356	0.0365	0.0453	0.0417	0.0559	0.0555	0.0590	0.0650	0.0570	0.0589	0.0565	0.0605	0.0700	0.0673	0.0692	0.0702	0.0693	0.0629	0.0595	0.0572	0.0606	0.0641	0.0681	0.0734	0.0720	0.0842	0.0790	0.0767	0.0790	0.0807	0.0864	0.0857	0.0976	0.0892	0.0881	0.0867	0.0872	0.0930	0.0959	0.0990	0.1011	0.1064	0.0885	0.0985	0.1142	0.1055	0.1031	0.0959	0.1092	0.1029	0.1106	0.1041	0.1056	0.0968	0.1081	0.1007	0.0923	0.0827	0.0818
0.0000	0.0015	0.0000	0.0045	0.0075	0.0131	0.0251	0.0336	0.0246	0.0444	0.0367	0.0276	0.0393	0.0319	0.0387	0.0503	0.0452	0.0482	0.0499	0.0561	0.0463	0.0616	0.0523	0.0588	0.0553	0.0682	0.0586	0.0655	0.0512	0.0603	0.0546	0.0672	0.0669	0.0629	0.0515	0.0675	0.0728	0.0668	0.0706	0.0751	0.0756	0.0750	0.0821	0.0738	0.0841	0.0842	0.0865	0.0811	0.0868	0.0828	0.0827	0.0943	0.0931	0.0886	0.0892	0.0862	0.0926	0.0812	0.0908	0.0973	0.0982	0.0878	0.0828	0.0896	0.0865	0.0788	0.0853	0.0684	0.0631
0.0000	0.0000	0.0000	0.0000	0.0000	0.0018	0.0070	0.0232	0.0160	0.0064	0.0230	0.0362	0.0269	0.0187	0.0237	0.0296	0.0300	0.0294	0.0459	0.0442	0.0384	0.0370	0.0390	0.0567	0.0469	0.0546	0.0535	0.0482	0.0513	0.0575	0.0443	0.0471	0.0539	0.0602	0.0535	0.0478	0.0536	0.0652	0.0599	0.0555	0.0683	0.0717	0.0668	0.0680	0.0748	0.0765	0.0820	0.0763	0.0766	0.0837	0.0783	0.0903	0.0820	0.0755	0.0788	0.0809	0.0819	0.0731	0.0782	0.0844	0.0835	0.0670	0.0731	0.0837	0.0794	0.0678	0.0651	0.0728	0.0577
0.0000	0.0000	0.0028	0.0000	0.0000	0.0010	0.0073	0.0142	0.0245	0.0088	0.0166	0.0449	0.0400	0.0180	0.0275	0.0390	0.0352	0.0363	0.0397	0.0427	0.0379	0.0316	0.0330	0.0407	0.0455	0.0514	0.0481	0.0477	0.0572	0.0607	0.0575	0.0447	0.0500	0.0577	0.0554	0.0542	0.0519	0.0635	0.0627	0.0640	0.0729	0.0715	0.0724	0.0746	0.0658	0.0707	0.0787	0.0778	0.0617	0.0794	0.0866	0.0867	0.0828	0.0818	0.0780	0.0783	0.0750	0.0701	0.0792	0.0729	0.0720	0.0564	0.0612	0.0703	0.0660	0.0582	0.0536	0.0531	0.0554
0.0000	0.0000	0.0000	0.0000	0.0000	0.0000	0.0015	0.0050	0.0178	0.0171	0.0141	0.0227	0.0385	0.0267	0.0261	0.0341	0.0341	0.0342	0.0489	0.0391	0.0324	0.0344	0.0359	0.0410	0.0426	0.0453	0.0445	0.0459	0.0557	0.0486	0.0520	0.0487	0.0485	0.0510	0.0515	0.0538	0.0498	0.0636	0.0641	0.0609	0.0635	0.0649	0.0712	0.0677	0.0671	0.0749	0.0674	0.0659	0.0679	0.0692	0.0686	0.0763	0.0810	0.0800	0.0841	0.0683	0.0657	0.0666	0.0626	0.0570	0.0576	0.0456	0.0566	0.0611	0.0608	0.0536	0.0497	0.0454	0.0424
0.0000	0.0000	0.0000	0.0000	0.0000	0.0069	0.0051	0.0110	0.0084	0.0113	0.0108	0.0219	0.0213	0.0291	0.0130	0.0221	0.0268	0.0195	0.0327	0.0308	0.0268	0.0239	0.0324	0.0356	0.0447	0.0403	0.0440	0.0454	0.0558	0.0428	0.0466	0.0478	0.0461	0.0517	0.0533	0.0569	0.0475	0.0549	0.0601	0.0582	0.0513	0.0558	0.0590	0.0567	0.0647	0.0712	0.0710	0.0630	0.0676	0.0638	0.0623	0.0642	0.0626	0.0668	0.0716	0.0680	0.0628	0.0585	0.0569	0.0599	0.0527	0.0519	0.0513	0.0536	0.0534	0.0528	0.0417	0.0483	0.0389
0.0000	0.0000	0.0000	0.0000	0.0000	0.0110	0.0200	0.0068	0.0035	0.0099	0.0181	0.0376	0.0245	0.0380	0.0256	0.0072	0.0413	0.0368	0.0280	0.0378	0.0302	0.0375	0.0238	0.0250	0.0467	0.0379	0.0347	0.0380	0.0473	0.0469	0.0369	0.0356	0.0428	0.0492	0.0383	0.0413	0.0627	0.0557	0.0509	0.0569	0.0628	0.0609	0.0513	0.0583	0.0605	0.0599	0.0693	0.0610	0.0657	0.0649	0.0716	0.0617	0.0640	0.0549	0.0598	0.0760	0.0594	0.0706	0.0675	0.0721	0.0575	0.0536	0.0658	0.0562	0.0486	0.0523	0.0449	0.0328	0.0381
