0.0000	0.0000	0.0000	0.0300	0.0015	0.0000	0.0156	0.0312	0.0159	0.0257	0.0155	0.0251	0.0477	0.0403	0.0351	0.0439	0.0390	0.0548	0.0410	0.0336	0.0587	0.0486	0.0428	0.0658	0.0577	0.0622	0.0807	0.0741	0.0571	0.0740	0.0745	0.0775	0.0814	0.0794	0.0805	0.0829	0.0839	0.0716	0.0787	0.0934	0.1065	0.0933	0.0781	0.0921	0.0828	0.0817	0.1001	0.1138	0.0957	0.1088	0.1193	0.0853	0.0714	0.0924	0.0945	0.0800	0.0725	0.0616	0.0782	0.0864	0.0686	0.0775	0.0628	0.0510	0.0557	0.0459	0.0419	0.0524	0.0419
0.0000	0.0000	0.0000	0.0000	0.0000	0.0000	0.0190	0.0225	0.0263	0.0284	0.0408	0.0450	0.0378	0.0349	0.0289	0.0410	0.0471	0.0620	0.0455	0.0477	0.0750	0.0800	0.0728	0.0816	0.0902	0.0779	0.0766	0.0798	0.0691	0.0746	0.0901	0.0881	0.0985	0.0868	0.0889	0.0910	0.0955	0.1002	0.0848	0.0844	0.1037	0.1013	0.0908	0.1045	0.0937	0.0932	0.1064	0.1241	0.1139	0.1107	0.1350	0.1004	0.0702	0.1024	0.0977	0.0996	0.0866	0.0814	0.0845	0.0875	0.0714	0.0696	0.0698	0.0614	0.0606	0.0425	0.0456	0.0484	0.0537
0.0000	0.0073	0.0000	0.0053	0.0059	0.0023	0.0023	0.0165	0.0271	0.0133	0.0329	0.0348	0.0428	0.0464	0.0436	0.0464	0.0522	0.0367	0.0424	0.0632	0.0687	0.0776	0.0890	0.0918	0.0963	0.0757	0.0665	0.0682	0.0751	0.1082	0.0944	0.0871	0.0872	0.0873	0.0961	0.0844	0.0872	0.1076	0.1032	0.0961	0.1018	0.0912	0.1061	0.0977	0.0881	0.1052	0.1151	0.0995	0.1166	0.1043	0.1359	0.1102	0.1143	0.1201	0.0947	0.0929	0.0969	0.1034	0.0859	0.0912	0.0988	0.0872	0.0789	0.0679	0.0657	0.0605	0.0554	0.0589	0.0679
0.0000	0.0000	0.0021	0.0116	0.0207	0.0170	0.0161	0.0251	0.0332	0.0181	0.0224	0.0209	0.0412	0.0544	0.0413	0.0462	0.0623	0.0656	0.0599	0.0642	0.0666	0.0731	0.0654	0.0668	0.0782	0.0741	0.0824	0.0738	0.0810	0.1047	0.0840	0.0870	0.0969	0.0915	0.1041	0.0932	0.0826	0.0890	0.1000	0.0973	0.1291	0.1254	0.1116	0.1181	0.0922	0.1045	0.1096	0.1033	0.1175	0.1091	0.1213	0.1219	0.1185	0.1061	0.1076	0.0899	0.0941	0.0931	0.1035	0.0989	0.0952	0.0935	0.0888	0.0876	0.0819	0.0673	0.0619	0.0858	0.0926
0.0000	0.0068	0.0113	0.0042	0.0137	0.0350	0.0224	0.0249	0.0485	0.0438	0.0305	0.0336	0.0636	0.0513	0.0608	0.0795	0.0680	0.0419	0.0625	0.0657	0.0782	0.0654	0.0677	0.0760	0.0749	0.0859	0.0953	0.0900	0.0876	0.1018	0.0897	0.0915	0.1007	0.0977	0.1116	0.1046	0.0901	0.1027	0.1044	0.1076	0.1156	0.1198	0.1109	0.1111	0.1203	0.1189	0.1146	0.1276	0.1234	0.1196	0.1294	0.1072	0.1010	0.1179	0.1096	0.1117	0.1033	0.0980	0.1024	0.1195	0.1009	0.1054	0.1140	0.1071	0.1114	0.0734	0.0776	0.0914	0.0861
0.0000	0.0000	0.0018	0.0135	0.0106	0.0105	0.0221	0.0296	0.0411	0.0458	0.0479	0.0334	0.0591	0.0518	0.0702	0.0901	0.0699	0.0618	0.0645	0.0781	0.0931	0.0814	0.0754	0.0764	0.0923	0.1020	0.0790	0.0911	0.1050	0.1061	0.1017	0.0882	0.1056	0.1151	0.1085	0.1205	0.1183	0.1163	0.0966	0.1066	0.1060	0.1087	0.1243	0.1218	0.1228	0.1210	0.1219	0.1481	0.1589	0.1489	0.1439	0.1340	0.1284	0.1461	0.1435	0.1365	0.1222	0.1105	0.1100	0.1264	0.1122	0.1152	0.1287	0.1301	0.1156	0.1102	0.1084	0.1019	0.1155
0.0000	0.0000	0.0064	0.0213	0.0146	0.0250	0.0447	0.0490	0.0327	0.0483	0.0520	0.0529	0.0562	0.0438	0.0458	0.0742	0.0819	0.0645	0.0687	0.0736	0.0864	0.1040	0.0833	0.0773	0.0929	0.1219	0.0913	0.0978	0.1078	0.1038	0.1151	0.1026	0.1117	0.1298	0.1086	0.1099	0.1142	0.1233	0.1091	0.1023	0.1165	0.1301	0.1294	0.1176	0.1131	0.1291	0.1339	0.1755	0.1565	0.1602	0.1778	0.1668	0.1661	0.1798	0.1646	0.1798	0.1605	0.1407	0.1396	0.1359	0.1275	0.1538	0.1594	0.1683	0.1468	0.1383	0.1489	0.1455	0.1283
0.0031	0.0171	0.0331	0.0294	0.0284	0.0401	0.0392	0.0405	0.0480	0.0397	0.0490	0.0581	0.0662	0.0703	0.0604	0.0832	0.0829	0.0658	0.0810	0.0864	0.1069	0.1203	0.0982	0.0909	0.1128	0.1065	0.1092	0.1083	0.1254	0.1307	0.1089	0.0991	0.1265	0.1292	0.1258	0.1211	0.1284	0.1371	0.1170	0.1336	0.1395	0.1442	0.1450	0.1186	0.1338	0.1503	0.1607	0.2106	0.1904	0.2169	0.2506	0.2271	0.2119	0.2006	0.1765	0.1870	0.1669	0.1660	0.1771	0.1625	0.1761	0.1732	0.1816	0.1763	0.1656	0.1563	0.1580	0.1542	0.1650
0.0121	0.0126	0.0233	0.0249	0.0214	0.0407	0.0293	0.0388	0.0570	0.0551	0.0494	0.0671	0.0707	0.0809	0.0831	0.0864	0.0859	0.0739	0.0799	0.0987	0.1160	0.1124	0.0963	0.0984	0.1146	0.1178	0.1088	0.1131	0.1302	0.1261	0.0976	0.1033	0.1275	0.1225	0.1329	0.1267	0.1233	0.1414	0.1339	0.1434	0.1395	0.1664	0.1503	0.1428	0.1699	0.1756	0.2049	0.2870	0.3793	0.5622	0.6058	0.4850	0.4349	0.3308	0.2297	0.1969	0.1886	0.1845	0.1982	0.1877	0.1935	0.1913	0.2058	0.2049	0.1911	0.1779	0.1707	0.1903	0.1886
0.0026	0.0038	0.0373	0.0381	0.0342	0.0416	0.0614	0.0461	0.0630	0.0657	0.0537	0.0654	0.0652	0.0741	0.0688	0.0893	0.0924	0.1051	0.1021	0.1065	0.1092	0.1087	0.0981	0.1137	0.1313	0.1324	0.1291	0.1217	0.1184	0.1279	0.1117	0.1053	0.1207	0.1353	0.1361	0.1226	0.1347	0.1458	0.1520	0.1486	0.1467	0.1760	0.1893	0.1915	0.2214	0.2563	0.3345	0.5171	0.6936	0.7417	0.7435	0.6410	0.5797	0.4246	0.2521	0.2302	0.2285	0.2346	0.2452	0.2160	0.2471	0.2511	0.2228	0.2402	0.1998	0.1857	0.1830	0.2284	0.2202
0.0085	0.0039	0.0238	0.0288	0.0323	0.0426	0.0468	0.0586	0.0534	0.0626	0.0699	0.0793	0.0890	0.0802	0.0702	0.0943	0.1064	0.1065	0.1218	0.1108	0.1262	0.1179	0.1038	0.1272	0.1359	0.1467	0.1355	0.1281	0.1321	0.1494	0.1304	0.1395	0.1437	0.1514	0.1488	0.1468	0.1506	0.1774	0.1743	0.1771	0.2064	0.2245	0.2336	0.2447	0.3049	0.3227	0.4711	0.7143	0.7317	0.7068	0.7080	0.6472	0.5533	0.5006	0.3026	0.2570	0.2794	0.2883	0.2958	0.2920	0.2853	0.2512	0.2339	0.2566	0.2347	0.2159	0.2187	0.2734	0.2814
0.0054	0.0247	0.0207	0.0306	0.0328	0.0403	0.0459	0.0647	0.0625	0.0604	0.0651	0.0893	0.0762	0.0889	0.0901	0.1048	0.1328	0.1285	0.1268	0.1085	0.1424	0.1434	0.1217	0.1304	0.1551	0.1534	0.1557	0.1436	0.1379	0.1615	0.1540	0.1651	0.1682	0.1653	0.1843	0.1560	0.1949	0.2153	0.2295	0.2539	0.2686	0.3036	0.2952	0.2915	0.3364	0.3653	0.6067	0.7765	0.6994	0.7243	0.6865	0.6795	0.6316	0.6257	0.4727	0.4104	0.4373	0.4926	0.5001	0.4855	0.4555	0.3574	0.2881	0.2951	0.2893	0.2709	0.2869	0.3282	0.3400
0.0108	0.0205	0.0310	0.0432	0.0390	0.0499	0.0602	0.0617	0.0859	0.0891	0.0870	0.0985	0.1074	0.0805	0.1041	0.1149	0.1342	0.1466	0.1289	0.1275	0.1354	0.1579	0.1700	0.1570	0.1834	0.1848	0.1718	0.1518	0.1689	0.1522	0.1680	0.1854	0.1913	0.2024	0.2227	0.2199	0.2364	0.2591	0.2787	0.3581	0.5468	0.5934	0.4322	0.3646	0.3813	0.4114	0.5453	0.7147	0.7916	0.7768	0.7258	0.7149	0.7345	0.7311	0.6590	0.6808	0.6339	0.6162	0.6000	0.5969	0.5482	0.5215	0.4291	0.3452	0.3338	0.4031	0.4122	0.4018	0.3724
0.0220	0.0145	0.0350	0.0478	0.0660	0.0529	0.0541	0.0718	0.0804	0.1017	0.1047	0.1191	0.1360	0.1276	0.1235	0.1490	0.1868	0.1925	0.1729	0.1689	0.1852	0.1950	0.2293	0.1966	0.2106	0.2007	0.1989	0.2096	0.1947	0.2047	0.2370	0.2328	0.2494	0.2709	0.2681	0.2563	0.2890	0.3358	0.3817	0.5211	0.8909	0.8784	0.7305	0.5607	0.4673	0.4372	0.4879	0.5883	0.7649	0.8078	0.7759	0.7741	0.7311	0.7296	0.7164	0.7527	0.6775	0.6342	0.6058	0.5572	0.5569	0.5547	0.5356	0.4469	0.3793	0.4579	0.4719	0.4340	0.3506
0.0183	0.0219	0.0574	0.0690	0.0797	0.0873	0.0750	0.0956	0.1177	0.1162	0.1359	0.1643	0.1687	0.1789	0.1917	0.2336	0.3113	0.2942	0.2459	0.2615	0.3005	0.2884	0.3533	0.3874	0.3069	0.2580	0.2672	0.2616	0.2531	0.2883	0.2752	0.2906	0.3265	0.3333	0.3105	0.3189	0.3670	0.4195	0.4329	0.5386	0.9123	0.9684	0.9127	0.8655	0.7090	0.5122	0.4657	0.5595	0.7590	0.8120	0.7727	0.7090	0.7029	0.6388	0.6669	0.6429	0.6272	0.6369	0.5686	0.5571	0.5421	0.5541	0.5289	0.5205	0.4641	0.4212	0.4282	0.3866	0.3294
0.0294	0.0274	0.0602	0.0914	0.1117	0.1349	0.1092	0.1174	0.1391	0.1604	0.1987	0.2465	0.2687	0.2988	0.4141	0.5472	0.6375	0.5931	0.5379	0.4971	0.5230	0.5418	0.5436	0.6579	0.5686	0.5075	0.4686	0.3426	0.3267	0.3405	0.3257	0.3370	0.3637	0.3686	0.3544	0.3802	0.4252	0.4581	0.4770	0.6489	0.9560	0.9143	0.8607	0.8935	0.8258	0.6446	0.4986	0.5820	0.7179	0.7985	0.7796	0.7549	0.7018	0.6209	0.6005	0.6156	0.5754	0.5709	0.5479	0.5569	0.5210	0.5209	0.5115	0.4970	0.4243	0.3889	0.3916	0.3870	0.3328
0.0570	0.0749	0.0822	0.1045	0.1184	0.1484	0.1837	0.2177	0.2706	0.3657	0.4446	0.5256	0.5847	0.5780	0.6345	0.6758	0.7359	0.7768	0.7732	0.7686	0.7910	0.7576	0.7750	0.7751	0.7309	0.7023	0.6940	0.5829	0.5230	0.5232	0.5008	0.4530	0.4376	0.4109	0.4145	0.3889	0.4415	0.5152	0.5999	0.8318	0.9431	0.8551	0.8679	0.8440	0.8045	0.6702	0.5832	0.7317	0.7314	0.7062	0.6834	0.6885	0.6101	0.6265	0.6062	0.5755	0.5564	0.5449	0.5212	0.5269	0.5032	0.4862	0.4784	0.4592	0.4226	0.3865	0.3753	0.3399	0.3301
0.0811	0.1061	0.0974	0.1629	0.2206	0.2947	0.4117	0.4941	0.5678	0.5637	0.6506	0.6664	0.6379	0.6268	0.6671	0.6640	0.6666	0.7200	0.7303	0.7879	0.8197	0.7840	0.7465	0.7505	0.7020	0.7062	0.7455	0.7835	0.7562	0.7808	0.8271	0.7434	0.5894	0.4816	0.4345	0.4307	0.4641	0.5110	0.6494	0.9544	0.8861	0.7867	0.7986	0.8086	0.7750	0.7295	0.7048	0.6864	0.6719	0.6496	0.6087	0.6058	0.5682	0.5646	0.5494	0.5071	0.4904	0.4842	0.4789	0.4819	0.4642	0.4820	0.4835	0.4661	0.4276	0.3691	0.3762	0.3444	0.3293
0.1026	0.1268	0.2100	0.3334	0.4294	0.5008	0.5514	0.5163	0.5680	0.5278	0.4970	0.5503	0.5466	0.5201	0.5530	0.6190	0.6662	0.6567	0.6751	0.7019	0.7048	0.7505	0.7302	0.7137	0.7165	0.6794	0.7179	0.7220	0.7327	0.8379	0.8142	0.8297	0.8364	0.6773	0.5160	0.4999	0.5769	0.6542	0.6727	0.8953	0.8113	0.7348	0.7309	0.6949	0.7226	0.6992	0.6599	0.5978	0.5586	0.5936	0.6012	0.5685	0.5091	0.5394	0.5068	0.4827	0.4461	0.4620	0.4498	0.4877	0.4928	0.4873	0.5054	0.4441	0.4139	0.3853	0.3516	0.3427	0.3441
0.1364	0.2177	0.2961	0.3669	0.3613	0.3997	0.3948	0.3816	0.4114	0.4073	0.4128	0.4115	0.4493	0.4764	0.4827	0.5365	0.6242	0.6230	0.6356	0.6434	0.6395	0.7187	0.6972	0.7375	0.7263	0.6909	0.7004	0.7116	0.7556	0.8342	0.8173	0.7988	0.9008	0.9281	0.7267	0.6507	0.7776	0.8461	0.6302	0.7627	0.7569	0.7045	0.6728	0.6383	0.6925	0.6137	0.5595	0.5620	0.5582	0.5434	0.5332	0.5317	0.5154	0.5325	0.5048	0.5039	0.4778	0.4553	0.4329	0.4461	0.4598	0.4623	0.4548	0.4364	0.3924	0.3887	0.3705	0.3604	0.3099
0.1502	0.2149	0.2275	0.2682	0.2577	0.2746	0.2808	0.3214	0.3282	0.3235	0.3517	0.3677	0.4497	0.4648	0.4776	0.5390	0.6078	0.6340	0.6169	0.6037	0.6077	0.5969	0.6323	0.6939	0.6434	0.6899	0.6866	0.7294	0.7461	0.7452	0.7845	0.8132	0.8353	0.9259	0.8803	0.8391	0.8732	0.8176	0.5925	0.7359	0.7308	0.6280	0.5965	0.6023	0.5741	0.5522	0.5639	0.5472	0.5315	0.5376	0.5515	0.5385	0.5142	0.5532	0.5231	0.4824	0.4873	0.4686	0.4677	0.4643	0.4888	0.4869	0.4544	0.4166	0.4140	0.3718	0.3747	0.3470	0.3160
0.1758	0.2136	0.2158	0.2055	0.2076	0.2445	0.2696	0.3099	0.2932	0.3163	0.3404	0.3883	0.4581	0.4974	0.5072	0.5568	0.6566	0.6412	0.6334	0.6154	0.6371	0.6680	0.6634	0.6708	0.6222	0.6482	0.6891	0.6745	0.6708	0.6862	0.6954	0.7445	0.7763	0.8013	0.8705	0.8326	0.8071	0.7438	0.6649	0.7470	0.6943	0.6074	0.5791	0.6048	0.5643	0.5539	0.5732	0.5325	0.5133	0.5208	0.5731	0.5497	0.4879	0.5047	0.4867	0.5046	0.4829	0.4956	0.4868	0.4452	0.4765	0.4750	0.4210	0.4475	0.4161	0.3867	0.3580	0.3360	0.3284
0.1738	0.1855	0.1957	0.2140	0.2142	0.2214	0.2822	0.2792	0.2884	0.3046	0.3510	0.4031	0.4760	0.5118	0.5205	0.5658	0.6664	0.6492	0.5920	0.5768	0.6468	0.6917	0.6820	0.6873	0.6378	0.5972	0.6532	0.6612	0.6852	0.7044	0.6986	0.7204	0.7546	0.7941	0.7847	0.7859	0.7708	0.7190	0.6880	0.6541	0.6113	0.5568	0.5487	0.5754	0.5846	0.5476	0.5769	0.5619	0.5325	0.5288	0.5478	0.5702	0.5491	0.5283	0.5046	0.5062	0.5147	0.4837	0.4849	0.4850	0.4590	0.4608	0.4577	0.4503	0.4017	0.4018	0.3697	0.3314	0.3343
0.1458	0.1758	0.1722	0.2118	0.2073	0.2222	0.2629	0.3039	0.2790	0.3007	0.3395	0.3897	0.4318	0.4772	0.4982	0.5472	0.6198	0.6222	0.6494	0.6196	0.6698	0.6580	0.6049	0.5898	0.6615	0.6027	0.6343	0.6662	0.6794	0.6872	0.7133	0.7427	0.7308	0.7709	0.7726	0.7219	0.7212	0.6843	0.5992	0.5577	0.5467	0.5562	0.5729	0.5936	0.5699	0.5499	0.5960	0.5765	0.5522	0.5311	0.5178	0.5234	0.5533	0.5253	0.5006	0.5092	0.5363	0.4963	0.4770	0.4599	0.4425	0.4657	0.4584	0.4154	0.3671	0.3763	0.3347	0.3425	0.3363
0.1523	0.1765	0.1942	0.2072	0.2238	0.2611	0.2722	0.2784	0.2980	0.3180	0.3598	0.4161	0.4773	0.4910	0.5023	0.5476	0.5587	0.6088	0.6183	0.6521	0.6316	0.6197	0.6221	0.6201	0.6587	0.6396	0.5980	0.6215	0.6740	0.6891	0.6854	0.6942	0.7157	0.7199	0.7173	0.7038	0.7060	0.6435	0.5977	0.6037	0.5754	0.5772	0.5829	0.5369	0.5357	0.5686	0.5856	0.5839	0.5750	0.5662	0.5483	0.4951	0.5538	0.5270	0.5020	0.5291	0.5441	0.5242	0.4663	0.4644	0.4597	0.4433	0.4420	0.3850	0.3851	0.3632	0.3583	0.3728	0.3130
0.1674	0.1706	0.2045	0.2038	0.2252	0.2511	0.2933	0.2845	0.3089	0.3404	0.3755	0.4237	0.5016	0.5016	0.5078	0.5431	0.5731	0.5680	0.5871	0.6137	0.6126	0.6061	0.5843	0.6197	0.6424	0.6337	0.6045	0.6098	0.6573	0.6287	0.7222	0.6760	0.6482	0.6627	0.6903	0.6403	0.6335	0.5992	0.6018	0.5900	0.5945	0.5911	0.5665	0.5537	0.5612	0.6021	0.6036	0.6000	0.6073	0.5886	0.5834	0.5430	0.5354	0.5485	0.5529	0.5400	0.5242	0.5258	0.4810	0.4577	0.4640	0.4440	0.4118	0.4182	0.4183	0.3665	0.3624	0.3728	0.3204
0.1634	0.1922	0.2150	0.2146	0.2372	0.2414	0.2515	0.2499	0.2989	0.3295	0.3951	0.4266	0.4828	0.5108	0.5061	0.5454	0.5613	0.5227	0.5711	0.5859	0.5935	0.5968	0.5581	0.5864	0.5804	0.5911	0.5978	0.5720	0.5840	0.6060	0.6521	0.6814	0.6771	0.6615	0.6004	0.5842	0.5769	0.5734	0.6207	0.5872	0.6177	0.5779	0.5580	0.5753	0.6022	0.5820	0.5668	0.5518	0.5951	0.5734	0.5989	0.5724	0.5453	0.5675	0.5549	0.5504	0.4985	0.4908	0.4810	0.5164	0.4840	0.4447	0.4421	0.3977	0.4153	0.3582	0.3410	0.3505	0.3476
0.1688	0.2079	0.1997	0.2270	0.2262	0.1924	0.2423	0.2696	0.2996	0.3363	0.3982	0.4393	0.4482	0.4977	0.5350	0.5437	0.5237	0.5163	0.5435	0.5863	0.5509	0.5451	0.5517	0.5580	0.5658	0.5798	0.5690	0.5946	0.5746	0.6037	0.6210	0.6091	0.6265	0.6246	0.5944	0.5919	0.6073	0.5739	0.5993	0.5739	0.6096	0.5800	0.5846	0.5537	0.5593	0.5288	0.5791	0.5818	0.5773	0.5205	0.5901	0.5893	0.5786	0.5454	0.5108	0.5408	0.5107	0.4678	0.4816	0.5278	0.5043	0.4665	0.4529	0.3979	0.3962	0.3885	0.3682	0.3797	0.3550
0.1763	0.1993	0.1944	0.2134	0.2151	0.2132	0.2443	0.2741	0.2904	0.3505	0.4027	0.4313	0.4384	0.4789	0.5163	0.4951	0.4636	0.5140	0.5636	0.5919	0.5754	0.5265	0.5362	0.5578	0.5655	0.5293	0.6049	0.6226	0.6241	0.5878	0.6192	0.6290	0.6347	0.5946	0.5738	0.5867	0.5913	0.5926	0.5783	0.5608	0.5808	0.5949	0.5754	0.5617	0.5636	0.5438	0.5982	0.5966	0.5888	0.5481	0.5651	0.5512	0.5493	0.5467	0.5227	0.5130	0.5269	0.4971	0.4780	0.4759	0.4609	0.4443	0.4495	0.4355	0.4073	0.4086	0.3875	0.3631	0.3532
0.1489	0.1904	0.2277	0.2529	0.2121	0.2142	0.2367	0.2629	0.2999	0.3469	0.3943	0.4240	0.4497	0.4417	0.4337	0.4648	0.5101	0.5282	0.5645	0.5469	0.5445	0.5750	0.5349	0.5660	0.5408	0.5333	0.5647	0.5850	0.6126	0.6503	0.6306	0.6357	0.6536	0.6251	0.5995	0.5830	0.6019	0.6224	0.5966	0.5716	0.5751	0.5986	0.5508	0.5735	0.5845	0.5424	0.5647	0.5878	0.5545	0.5811	0.5898	0.5602	0.5626	0.5267	0.5363	0.5114	0.5088	0.4914	0.4799	0.4609	0.4544	0.4617	0.4374	0.4238	0.4287	0.3932	0.3724	0.3696	0.3621
0.1613	0.2010	0.2621	0.2404	0.2128	0.2256	0.2554	0.2865	0.3300	0.3519	0.4076	0.4555	0.4457	0.4235	0.4209	0.4754	0.5291	0.4902	0.5326	0.5475	0.5572	0.5896	0.5625	0.5691	0.5765	0.5802	0.5470	0.5702	0.6000	0.6425	0.6253	0.6501	0.6853	0.6487	0.6496	0.6360	0.6052	0.5769	0.5573	0.5740	0.5481	0.5781	0.5547	0.5697	0.5511	0.5495	0.5683	0.5621	0.5883	0.6184	0.5954	0.5835	0.6073	0.5354	0.5312	0.5121	0.5288	0.5129	0.4786	0.4858	0.4538	0.4797	0.4476	0.4281	0.4232	0.3799	0.3825	0.3771	0.3606
0.1627	0.1920	0.2118	0.2234	0.2210	0.2357	0.2660	0.3088	0.3421	0.3432	0.3682	0.4023	0.4114	0.4223	0.4440	0.4996	0.5248	0.4871	0.5188	0.5528	0.5861	0.5901	0.5614	0.5996	0.6023	0.6208	0.5854	0.6003	0.6402	0.6248	0.6285	0.6694	0.6607	0.6553	0.6761	0.6476	0.6203	0.5866	0.6019	0.5588	0.5361	0.5588	0.5714	0.5432	0.5709	0.5812	0.5579	0.6030	0.5668	0.5948	0.6145	0.5623	0.6055	0.5922	0.5418	0.5052	0.5077	0.5103	0.4780	0.4791	0.4869	0.4868	0.4852	0.4553	0.4174	0.3744	0.3781	0.3814	0.3687
0.1737	0.1972	0.2077	0.2439	0.2254	0.2466	0.2601	0.2784	0.3478	0.3668	0.3448	0.3985	0.4020	0.4440	0.4313	0.4777	0.5142	0.5057	0.5718	0.5740	0.6012	0.5749	0.5807	0.6467	0.6424	0.6017	0.5924	0.6113	0.6250	0.6497	0.6638	0.6962	0.6685	0.6739	0.7039	0.6686	0.7005	0.6449	0.6477	0.6017	0.5955	0.5861	0.5730	0.5731	0.6022	0.5552	0.5903	0.6337	0.6193	0.5789	0.6169	0.5716	0.6081	0.5662	0.5574	0.5317	0.5160	0.5102	0.4904	0.4653	0.4717	0.4567	0.4647	0.4292	0.4273	0.3810	0.3616	0.3628	0.3269
0.1443	0.1902	0.2285	0.2362	0.2254	0.2672	0.2793	0.3323	0.3282	0.3385	0.3593	0.3802	0.4151	0.4630	0.4291	0.4903	0.5044	0.5374	0.5434	0.5925	0.6466	0.6183	0.6331	0.6303	0.6490	0.6296	0.6157	0.6567	0.6461	0.6680	0.7010	0.6890	0.7267	0.7434	0.7147	0.7038	0.7095	0.6838	0.6914	0.6530	0.6304	0.6059	0.5990	0.5938	0.5642	0.5799	0.6079	0.6113	0.6360	0.6297	0.6262	0.5827	0.5897	0.5717	0.5436	0.5344	0.5055	0.4870	0.5031	0.4874	0.4642	0.4808	0.4611	0.4552	0.4102	0.4282	0.4187	0.3931	0.3691
0.1537	0.1853	0.1933	0.1878	0.2235	0.2404	0.2718	0.3322	0.3423	0.3170	0.3630	0.3918	0.4258	0.4582	0.4466	0.4662	0.5162	0.5571	0.5866	0.6376	0.6625	0.6409	0.6537	0.6558	0.6701	0.6740	0.6734	0.6632	0.6764	0.6918	0.6668	0.6917	0.7226	0.7179	0.7792	0.7632	0.7197	0.7331	0.7568	0.7098	0.7050	0.6894	0.6411	0.6317	0.6043	0.6521	0.6076	0.6370	0.6124	0.6550	0.6528	0.6171	0.5872	0.5969	0.5700	0.5784	0.5509	0.5026	0.5091	0.5111	0.4623	0.4640	0.4779	0.4581	0.5040	0.4779	0.4210	0.4228	0.3690
0.1464	0.1750	0.2043	0.2006	0.2347	0.2625	0.2678	0.2999	0.3262	0.3252	0.3426	0.3935	0.4309	0.4824	0.4567	0.4829	0.5141	0.5526	0.6056	0.6487	0.6552	0.6743	0.6484	0.6369	0.7048	0.6873	0.6991	0.6872	0.6859	0.6856	0.6860	0.7152	0.7820	0.7958	0.8074	0.8082	0.7791	0.7962	0.7862	0.7613	0.7654	0.7353	0.7039	0.6916	0.6720	0.6673	0.6790	0.7239	0.6837	0.6740	0.6808	0.6260	0.6115	0.5961	0.5846	0.5776	0.5557	0.5465	0.5091	0.5183	0.5028	0.4916	0.4944	0.4842	0.4759	0.4646	0.4526	0.4179	0.3893
0.1456	0.1602	0.2099	0.2361	0.2643	0.2704	0.2952	0.3139	0.3281	0.3521	0.3330	0.4036	0.4267	0.4409	0.4622	0.5202	0.5603	0.5867	0.6288	0.6687	0.6836	0.6925	0.6419	0.6884	0.6842	0.6953	0.7083	0.7290	0.7352	0.7133	0.7520	0.8088	0.8287	0.8756	0.8501	0.8636	0.8411	0.8387	0.7905	0.7050	0.6772	0.7716	0.7599	0.7740	0.7127	0.6704	0.7075	0.7010	0.7169	0.6937	0.6736	0.6467	0.6364	0.6267	0.5952	0.5807	0.5725	0.5749	0.5452	0.5287	0.5079	0.5010	0.5019	0.5024	0.4615	0.4426	0.4355	0.4207	0.4050
0.1734	0.2242	0.2315	0.2281	0.2495	0.2913	0.3115	0.3245	0.3440	0.3521	0.3776	0.4337	0.4490	0.4380	0.4991	0.5453	0.6196	0.6800	0.6749	0.6789	0.6754	0.7180	0.7116	0.7209	0.7463	0.7670	0.7534	0.7516	0.7832	0.7291	0.8267	0.8715	0.8785	0.9373	0.9805	0.9369	0.9160	0.8642	0.7301	0.5019	0.4826	0.5544	0.7085	0.8175	0.8189	0.7690	0.7667	0.7397	0.7121	0.7068	0.7269	0.7329	0.6825	0.6851	0.6430	0.6176	0.6291	0.6044	0.5979	0.5780	0.5554	0.5518	0.5217	0.4993	0.4720	0.4606	0.4801	0.4422	0.4039
0.1852	0.2805	0.2974	0.3278	0.3278	0.3202	0.3474	0.3687	0.3775	0.3832	0.4162	0.4547	0.4659	0.4942	0.5388	0.5842	0.6330	0.6523	0.6529	0.6624	0.6513	0.7048	0.7346	0.7527	0.7903	0.7654	0.8212	0.8115	0.8144	0.8312	0.8969	0.9312	0.9568	0.9745	1.0000	0.8036	0.6461	0.7582	0.6105	0.4243	0.4054	0.4404	0.5555	0.7572	0.7368	0.6964	0.7208	0.7689	0.7733	0.7480	0.7340	0.7457	0.7195	0.6882	0.6198	0.6118	0.6315	0.6085	0.5760	0.6115	0.6370	0.6089	0.5583	0.5482	0.5044	0.4724	0.4412	0.4390	0.4338
0.1192	0.2401	0.3254	0.4129	0.4527	0.5103	0.5178	0.5052	0.4865	0.5042	0.4697	0.5106	0.5022	0.5370	0.5407	0.5804	0.6567	0.6905	0.6719	0.7260	0.7037	0.7362	0.7265	0.7815	0.7766	0.7682	0.8147	0.8263	0.8293	0.8794	0.9184	0.8924	0.9283	0.8519	0.6845	0.4508	0.3759	0.4080	0.4007	0.3545	0.3506	0.3821	0.4344	0.4774	0.4736	0.5114	0.6403	0.8259	0.8090	0.7805	0.7807	0.7234	0.7294	0.7138	0.6577	0.6572	0.6546	0.6215	0.6354	0.6665	0.6603	0.6317	0.5869	0.5696	0.5115	0.4833	0.4792	0.4571	0.4103
0.0576	0.1008	0.1540	0.2524	0.3501	0.4234	0.5000	0.5818	0.5549	0.5924	0.6390	0.6235	0.6354	0.6211	0.6379	0.6860	0.7074	0.7089	0.7258	0.8068	0.7930	0.7967	0.7904	0.8156	0.7852	0.7318	0.7780	0.7560	0.7903	0.7743	0.7259	0.6017	0.6104	0.4514	0.3355	0.3078	0.2976	0.2995	0.3148	0.3070	0.3310	0.3305	0.3773	0.4012	0.4364	0.5088	0.7673	0.9022	0.8380	0.8016	0.7579	0.7672	0.7194	0.7096	0.6709	0.7075	0.7147	0.6788	0.6279	0.7104	0.7053	0.6770	0.6441	0.5908	0.5305	0.5061	0.4912	0.4867	0.4199
0.0439	0.0455	0.0660	0.1099	0.1353	0.1561	0.1879	0.3152	0.3849	0.4180	0.4657	0.5082	0.5562	0.5671	0.6592	0.6940	0.7176	0.7228	0.7427	0.7771	0.7985	0.7932	0.7513	0.7675	0.7499	0.6947	0.6095	0.5023	0.4601	0.4225	0.3978	0.3130	0.3214	0.2795	0.2651	0.2897	0.2813	0.2911	0.2891	0.2889	0.3097	0.3215	0.3558	0.3870	0.4336	0.5519	0.8956	0.9237	0.8065	0.7851	0.8125	0.7704	0.7298	0.7292	0.6896	0.7111	0.7048	0.7101	0.6766	0.7443	0.6603	0.5953	0.6369	0.5824	0.5459	0.5370	0.5297	0.4497	0.4048
0.0209	0.0351	0.0477	0.0716	0.0799	0.0847	0.0804	0.1007	0.1262	0.1556	0.1700	0.2035	0.2423	0.2766	0.3503	0.4089	0.4554	0.5062	0.5643	0.5420	0.4793	0.4765	0.4610	0.4827	0.5416	0.5506	0.3465	0.2603	0.2909	0.2811	0.2655	0.2307	0.2582	0.2827	0.2596	0.2529	0.2605	0.2730	0.2728	0.2783	0.3162	0.3175	0.3462	0.3732	0.4195	0.4991	0.8196	0.9053	0.8323	0.8218	0.7842	0.7545	0.7363	0.7502	0.7081	0.7277	0.7294	0.7433	0.7294	0.6372	0.5082	0.5462	0.6560	0.6132	0.5372	0.5483	0.5380	0.4777	0.4323
0.0342	0.0270	0.0239	0.0506	0.0660	0.0657	0.0623	0.0659	0.0836	0.1024	0.1059	0.1118	0.1215	0.1286	0.1390	0.1637	0.1828	0.1979	0.1936	0.2001	0.2046	0.1866	0.2090	0.2369	0.2310	0.2402	0.2097	0.2112	0.2184	0.2269	0.2194	0.2259	0.2342	0.2401	0.2282	0.2325	0.2426	0.2456	0.2577	0.2596	0.2791	0.3000	0.3137	0.3466	0.3885	0.4663	0.7076	0.8927	0.8352	0.8052	0.7852	0.7586	0.7173	0.7150	0.6795	0.7396	0.7377	0.7139	0.6494	0.4429	0.4198	0.5909	0.6905	0.6053	0.5722	0.5894	0.5403	0.4995	0.4465
0.0225	0.0152	0.0407	0.0582	0.0581	0.0504	0.0659	0.0738	0.0576	0.0739	0.0810	0.0802	0.0856	0.0831	0.1045	0.1103	0.1130	0.1150	0.1225	0.1194	0.1454	0.1306	0.1351	0.1492	0.1626	0.1401	0.1464	0.1556	0.1686	0.1622	0.1697	0.1933	0.1915	0.1913	0.1976	0.1999	0.2132	0.2287	0.2323	0.2429	0.2519	0.2788	0.3048	0.3401	0.3657	0.4472	0.6645	0.8985	0.8389	0.8443	0.8306	0.7449	0.7727	0.7212	0.7226	0.7020	0.6985	0.6941	0.5250	0.3759	0.4039	0.5738	0.6938	0.6279	0.5994	0.5974	0.5747	0.5145	0.4484
0.0134	0.0096	0.0245	0.0366	0.0579	0.0519	0.0591	0.0521	0.0501	0.0541	0.0681	0.0649	0.0675	0.0677	0.0862	0.0909	0.0885	0.0990	0.1147	0.0936	0.1047	0.1140	0.1137	0.1142	0.1100	0.1084	0.1082	0.1240	0.1212	0.1287	0.1309	0.1305	0.1503	0.1435	0.1477	0.1548	0.1573	0.1695	0.1820	0.1871	0.1951	0.2342	0.2559	0.3003	0.3438	0.3785	0.5994	0.8622	0.8299	0.8132	0.7985	0.7654	0.7555	0.7168	0.6802	0.6547	0.6155	0.4224	0.3487	0.3557	0.3845	0.4562	0.6076	0.6689	0.6224	0.5641	0.5658	0.5235	0.4992
0.0194	0.0256	0.0167	0.0205	0.0404	0.0620	0.0563	0.0527	0.0528	0.0518	0.0647	0.0602	0.0700	0.0670	0.0768	0.0801	0.0905	0.0832	0.0923	0.0912	0.0829	0.0871	0.0906	0.1032	0.0968	0.0999	0.0892	0.1125	0.1071	0.0988	0.1075	0.1116	0.1083	0.1048	0.1120	0.1102	0.1133	0.1229	0.1191	0.1274	0.1355	0.1491	0.1624	0.2025	0.2470	0.2659	0.3968	0.7291	0.7384	0.5977	0.5070	0.4502	0.4547	0.4869	0.4546	0.3968	0.3380	0.2842	0.2902	0.3115	0.3266	0.3515	0.4352	0.6153	0.5886	0.5540	0.5653	0.5506	0.5246
0.0134	0.0146	0.0093	0.0088	0.0207	0.0452	0.0438	0.0529	0.0494	0.0488	0.0547	0.0546	0.0685	0.0602	0.0694	0.0697	0.0803	0.0844	0.0839	0.0919	0.0752	0.0762	0.0834	0.0874	0.0921	0.0855	0.0741	0.0877	0.0963	0.1025	0.0997	0.0922	0.0959	0.0899	0.0912	0.0898	0.0986	0.0936	0.0958	0.0945	0.1024	0.1064	0.1097	0.1226	0.1431	0.1683	0.2171	0.4169	0.4969	0.2882	0.2101	0.2057	0.2055	0.2275	0.2274	0.2318	0.2344	0.2309	0.2204	0.2403	0.2661	0.2834	0.3122	0.3754	0.4716	0.4694	0.4516	0.5601	0.5199
0.0199	0.0077	0.0118	0.0264	0.0224	0.0314	0.0452	0.0378	0.0373	0.0391	0.0440	0.0498	0.0554	0.0592	0.0840	0.0796	0.0725	0.0783	0.0712	0.0687	0.0749	0.0718	0.0724	0.0857	0.0793	0.0794	0.0725	0.0877	0.0786	0.0800	0.0833	0.0921	0.0789	0.0799	0.0815	0.0842	0.0802	0.0765	0.0844	0.0771	0.0803	0.0834	0.0891	0.0966	0.1077	0.1152	0.1317	0.1530	0.1754	0.1598	0.1522	0.1666	0.1554	0.1542	0.1626	0.1778	0.1838	0.1918	0.1907	0.2140	0.2209	0.2198	0.2314	0.2395	0.2641	0.2692	0.3084	0.4789	0.5187
0.0000	0.0035	0.0138	0.0260	0.0162	0.0187	0.0325	0.0377	0.0362	0.0387	0.0309	0.0500	0.0493	0.0396	0.0619	0.0727	0.0638	0.0715	0.0753	0.0588	0.0682	0.0651	0.0720	0.0722	0.0719	0.0740	0.0687	0.0690	0.0738	0.0678	0.0816	0.0812	0.0786	0.0771	0.0689	0.0698	0.0677	0.0704	0.0757	0.0676	0.0761	0.0834	0.0857	0.0800	0.0856	0.0911	0.1057	0.1044	0.1136	0.1133	0.1072	0.1147	0.1179	0.1102	0.1227	0.1269	0.1365	0.1381	0.1480	0.1624	0.1711	0.1671	0.1707	0.1885	0.2031	0.2143	0.2952	0.4668	0.4764
0.0000	0.0000	0.0198	0.0110	0.0274	0.0176	0.0228	0.0308	0.0397	0.0364	0.0382	0.0387	0.0439	0.0501	0.0422	0.0545	0.0595	0.0747	0.0634	0.0692	0.0683	0.0598	0.0615	0.0635	0.0716	0.0673	0.0665	0.0618	0.0617	0.0674	0.0601	0.0684	0.0769	0.0685	0.0643	0.0614	0.0676	0.0721	0.0659	0.0716	0.0776	0.0734	0.0706	0.0812	0.0765	0.0798	0.0835	0.0866	0.0917	0.1048	0.0964	0.0880	0.0878	0.1041	0.1129	0.1089	0.0923	0.0999	0.1100	0.1156	0.1199	0.1196	0.1209	0.1377	0.1579	0.1841	0.2501	0.4158	0.4646
0.0000	0.0000	0.0114	0.0089	0.0227	0.0328	0.0206	0.0286	0.0297	0.0406	0.0429	0.0281	0.0456	0.0494	0.0606	0.0511	0.0603	0.0616	0.0595	0.0627	0.0581	0.0575	0.0536	0.0542	0.0628	0.0609	0.0551	0.0586	0.0615	0.0647	0.0611	0.0571	0.0538	0.0590	0.0669	0.0646	0.0688	0.0678	0.0643	0.0661	0.0706	0.0683	0.0656	0.0673	0.0686	0.0720	0.0783	0.0853	0.0734	0.0924	0.0804	0.0789	0.0849	0.0918	0.0887	0.0881	0.0833	0.0877	0.0895	0.0965	0.1030	0.0913	0.0870	0.0966	0.1058	0.1207	0.1463	0.2460	0.2638
0.0000	0.0000	0.0109	0.0104	0.0107	0.0097	0.0138	0.0241	0.0309	0.0187	0.0186	0.0239	0.0241	0.0308	0.0429	0.0517	0.0355	0.0457	0.0477	0.0434	0.0505	0.0565	0.0466	0.0525	0.0511	0.0557	0.0484	0.0510	0.0622	0.0575	0.0512	0.0504	0.0534	0.0597	0.0548	0.0512	0.0544	0.0539	0.0588	0.0613	0.0602	0.0640	0.0624	0.0616	0.0615	0.0697	0.0711	0.0659	0.0672	0.0783	0.0689	0.0777	0.0809	0.0753	0.0801	0.0799	0.0823	0.0788	0.0809	0.0844	0.0796	0.0697	0.0742	0.0880	0.0821	0.0741	0.0824	0.0937	0.1068
0.0000	0.0000	0.0057	0.0000	0.0064	0.0008	0.0154	0.0260	0.0201	0.0097	0.0103	0.0262	0.0299	0.0337	0.0428	0.0284	0.0330	0.0297	0.0291	0.0373	0.0387	0.0504	0.0414	0.0474	0.0538	0.0516	0.0458	0.0461	0.0575	0.0554	0.0466	0.0495	0.0443	0.0489	0.0518	0.0497	0.0472	0.0565	0.0511	0.0502	0.0540	0.0552	0.0596	0.0612	0.0539	0.0610	0.0703	0.0641	0.0600	0.0672	0.0679	0.0773	0.0722	0.0681	0.0748	0.0750	0.0747	0.0670	0.0731	0.0771	0.0841	0.0706	0.0683	0.0821	0.0766	0.0736	0.0840	0.0841	0.0819
0.0000	0.0000	0.0000	0.0000	0.0000	0.0023	0.0126	0.0124	0.0208	0.0206	0.0225	0.0336	0.0283	0.0227	0.0315	0.0361	0.0433	0.0299	0.0266	0.0365	0.0597	0.0426	0.0350	0.0355	0.0488	0.0531	0.0487	0.0438	0.0537	0.0489	0.0394	0.0510	0.0446	0.0514	0.0450	0.0452	0.0520	0.0619	0.0544	0.0482	0.0526	0.0513	0.0596	0.0531	0.0473	0.0563	0.0673	0.0632	0.0574	0.0633	0.0755	0.0773	0.0646	0.0644	0.0753	0.0719	0.0665	0.0585	0.0715	0.0700	0.0697	0.0644	0.0655	0.0636	0.0634	0.0572	0.0732	0.0723	0.0680
0.0000	0.0000	0.0000	0.0074	0.0000	0.0000	0.0000	0.0102	0.0257	0.0333	0.0172	0.0217	0.0262	0.0224	0.0235	0.0296	0.0296	0.0308	0.0331	0.0447	0.0425	0.0365	0.0311	0.0425	0.0426	0.0463	0.0387	0.0344	0.0459	0.0449	0.0457	0.0479	0.0415	0.0410	0.0451	0.0408	0.0365	0.0511	0.0583	0.0455	0.0535	0.0542	0.0569	0.0536	0.0513	0.0539	0.0561	0.0638	0.0598	0.0617	0.0652	0.0602	0.0568	0.0644	0.0641	0.0581	0.0567	0.0580	0.0670	0.0598	0.0587	0.0533	0.0625	0.0601	0.0645	0.0560	0.0590	0.0499	0.0516
0.0000	0.0000	0.0000	0.0000	0.0000	0.0031	0.0024	0.0039	0.0057	0.0165	0.0147	0.0147	0.0246	0.0229	0.0346	0.0231	0.0181	0.0196	0.0344	0.0399	0.0438	0.0250	0.0315	0.0398	0.0477	0.0451	0.0357	0.0391	0.0418	0.0410	0.0483	0.0335	0.0365	0.0431	0.0423	0.0383	0.0449	0.0482	0.0397	0.0422	0.0453	0.0484	0.0464	0.0506	0.0518	0.0513	0.0526	0.0548	0.0598	0.0498	0.0476	0.0459	0.0531	0.0544	0.0565	0.0606	0.0508	0.0542	0.0534	0.0512	0.0585	0.0607	0.0540	0.0606	0.0702	0.0545	0.0579	0.0528	0.0417
0.0000	0.0000	0.0000	0.0000	0.0000	0.0020	0.0174	0.0078	0.0139	0.0162	0.0131	0.0093	0.0143	0.0180	0.0344	0.0171	0.0226	0.0249	0.0369	0.0271	0.0375	0.0389	0.0297	0.0319	0.0362	0.0293	0.0280	0.0341	0.0298	0.0415	0.0459	0.0273	0.0371	0.0402	0.0395	0.0401	0.0499	0.0463	0.0556	0.0529	0.0562	0.0493	0.0442	0.0436	0.0436	0.0545	0.0518	0.0600	0.0692	0.0510	0.0576	0.0477	0.0623	0.0537	0.0624	0.0595	0.0469	0.0518	0.0533	0.0592	0.0572	0.0507	0.0573	0.0591	0.0591	0.0553	0.0580	0.0538	0.0612
