0.0000	0.0000	0.0000	0.0026	0.0000	0.0074	0.0069	0.0219	0.0161	0.0164	0.0052	0.0203	0.0185	0.0153	0.0230	0.0347	0.0482	0.0377	0.0220	0.0231	0.0321	0.0387	0.0372	0.0430	0.0556	0.0596	0.0649	0.0493	0.0512	0.0724	0.0626	0.0629	0.0725	0.0941	0.0863	0.0713	0.0823	0.0813	0.0839	0.0711	0.0761	0.0809	0.0795	0.0771	0.0680	0.0750	0.0792	0.0800	0.0739	0.0588	0.0583	0.0590	0.0685	0.0709	0.0723	0.0740	0.0716	0.0633	0.0567	0.0524	0.0607	0.0572	0.0374	0.0482	0.0548	0.0511	0.0510	0.0348	0.0258
0.0000	0.0000	0.0000	0.0063	0.0029	0.0006	0.0095	0.0185	0.0163	0.0188	0.0220	0.0220	0.0313	0.0376	0.0311	0.0284	0.0298	0.0495	0.0395	0.0363	0.0470	0.0441	0.0379	0.0516	0.0671	0.0639	0.0658	0.0534	0.0540	0.0769	0.0799	0.0720	0.0906	0.0919	0.0846	0.0906	0.0872	0.0878	0.1049	0.0871	0.0869	0.0884	0.0838	0.0780	0.0820	0.0877	0.0839	0.1012	0.0968	0.0786	0.0758	0.0787	0.0631	0.0730	0.0789	0.0804	0.0688	0.0686	0.0600	0.0688	0.0666	0.0595	0.0565	0.0601	0.0470	0.0409	0.0420	0.0486	0.0472
0.0000	0.0000	0.0011	0.0000	0.0055	0.0009	0.0061	0.0167	0.0150	0.0111	0.0273	0.0199	0.0332	0.0503	0.0323	0.0327	0.0317	0.0475	0.0447	0.0667	0.0594	0.0605	0.0428	0.0585	0.0688	0.0623	0.0676	0.0659	0.0638	0.0781	0.0871	0.0850	0.0859	0.0972	0.0995	0.0850	0.0874	0.0896	0.0968	0.0981	0.0906	0.0949	0.0984	0.0872	0.0855	0.0835	0.0861	0.0840	0.0838	0.0760	0.0848	0.0939	0.0851	0.0881	0.0931	0.0786	0.0664	0.0648	0.0664	0.0719	0.0709	0.0663	0.0669	0.0565	0.0557	0.0457	0.0480	0.0591	0.0526
0.0000	0.0000	0.0049	0.0000	0.0061	0.0105	0.0158	0.0251	0.0120	0.0163	0.0281	0.0328	0.0350	0.0326	0.0250	0.0421	0.0474	0.0453	0.0435	0.0608	0.0566	0.0616	0.0423	0.0466	0.0797	0.0685	0.0570	0.0635	0.0679	0.0752	0.0655	0.0873	0.1064	0.1102	0.1013	0.0812	0.0834	0.0863	0.0828	0.0957	0.1103	0.0932	0.0916	0.0911	0.0905	0.0953	0.0999	0.0939	0.0840	0.0732	0.0912	0.1006	0.0937	0.0964	0.1017	0.0925	0.0841	0.0776	0.0718	0.0748	0.0854	0.0846	0.0763	0.0572	0.0587	0.0556	0.0497	0.0542	0.0644
0.0000	0.0000	0.0154	0.0147	0.0052	0.0113	0.0110	0.0272	0.0194	0.0149	0.0236	0.0283	0.0343	0.0273	0.0347	0.0467	0.0442	0.0365	0.0416	0.0501	0.0545	0.0572	0.0557	0.0573	0.0715	0.0705	0.0636	0.0580	0.0755	0.0824	0.0809	0.0895	0.1185	0.1029	0.1235	0.1017	0.0982	0.0825	0.0953	0.1019	0.1055	0.0910	0.0959	0.0939	0.0938	0.0990	0.0852	0.0880	0.0998	0.0934	0.0823	0.0912	0.0870	0.0886	0.0876	0.0760	0.0791	0.0717	0.0749	0.0862	0.0811	0.0850	0.0881	0.0766	0.0799	0.0709	0.0639	0.0651	0.0694
0.0000	0.0000	0.0154	0.0252	0.0169	0.0140	0.0121	0.0214	0.0176	0.0183	0.0248	0.0421	0.0430	0.0342	0.0265	0.0372	0.0576	0.0508	0.0400	0.0549	0.0539	0.0604	0.0563	0.0509	0.0652	0.0671	0.0628	0.0652	0.0771	0.0918	0.0851	0.0927	0.1167	0.1124	0.1052	0.1150	0.1058	0.1051	0.1042	0.0986	0.1080	0.1020	0.1108	0.1104	0.0964	0.1010	0.0905	0.1038	0.1187	0.1110	0.1004	0.0975	0.0998	0.1133	0.1164	0.1123	0.1085	0.0832	0.0951	0.1058	0.0974	0.0866	0.0842	0.1076	0.0973	0.0876	0.0947	0.0901	0.0832
0.0000	0.0000	0.0090	0.0070	0.0109	0.0114	0.0171	0.0240	0.0181	0.0189	0.0343	0.0414	0.0390	0.0338	0.0324	0.0460	0.0550	0.0608	0.0566	0.0510	0.0653	0.0732	0.0543	0.0578	0.0676	0.0823	0.0843	0.0749	0.0908	0.0972	0.0941	0.0971	0.1178	0.1289	0.1099	0.1174	0.0934	0.0995	0.1026	0.1027	0.1037	0.1140	0.1132	0.1255	0.0985	0.1052	0.1030	0.1179	0.1157	0.1117	0.1152	0.1209	0.1219	0.1160	0.1283	0.1430	0.1240	0.1036	0.1190	0.1197	0.1182	0.1142	0.1249	0.1415	0.1617	0.1675	0.1647	0.1330	0.0946
0.0000	0.0064	0.0062	0.0132	0.0096	0.0117	0.0114	0.0315	0.0326	0.0421	0.0276	0.0301	0.0455	0.0451	0.0455	0.0478	0.0505	0.0713	0.0648	0.0637	0.0744	0.0764	0.0697	0.0728	0.0796	0.0874	0.0768	0.0850	0.0929	0.0942	0.0970	0.1004	0.1188	0.1363	0.1361	0.1278	0.1199	0.1160	0.1165	0.1258	0.1090	0.1169	0.1344	0.1231	0.1147	0.1448	0.1329	0.1331	0.1250	0.1320	0.1308	0.1404	0.1332	0.1266	0.1400	0.1475	0.1330	0.1359	0.1505	0.1477	0.1485	0.1557	0.1661	0.1896	0.2579	0.2782	0.2687	0.2385	0.1666
0.0000	0.0000	0.0182	0.0231	0.0146	0.0150	0.0278	0.0378	0.0369	0.0417	0.0316	0.0391	0.0541	0.0615	0.0524	0.0584	0.0635	0.0659	0.0754	0.0712	0.0675	0.0771	0.0777	0.0796	0.0885	0.0830	0.0744	0.0945	0.1065	0.1055	0.1105	0.1047	0.1373	0.1258	0.1396	0.1425	0.1425	0.1350	0.1313	0.1398	0.1200	0.1329	0.1511	0.1318	0.1485	0.1585	0.1735	0.1643	0.1683	0.1623	0.1677	0.1728	0.1628	0.1767	0.1872	0.1661	0.1636	0.1620	0.1819	0.1719	0.1796	0.1974	0.2140	0.2490	0.2395	0.2445	0.2683	0.2848	0.2390
0.0000	0.0079	0.0252	0.0192	0.0210	0.0194	0.0247	0.0352	0.0440	0.0342	0.0393	0.0501	0.0566	0.0581	0.0582	0.0607	0.0635	0.0717	0.0784	0.0891	0.0760	0.0701	0.0716	0.0826	0.0981	0.1030	0.0983	0.0997	0.1030	0.1005	0.1060	0.1182	0.1493	0.1556	0.1471	0.1534	0.1524	0.1764	0.1510	0.1799	0.1731	0.1553	0.1752	0.1905	0.1948	0.1975	0.2154	0.2089	0.2039	0.1926	0.2036	0.1865	0.1961	0.2103	0.1985	0.1900	0.1916	0.1992	0.2052	0.2179	0.2492	0.3020	0.3448	0.3396	0.2906	0.2138	0.1962	0.2389	0.2770
0.0039	0.0105	0.0175	0.0226	0.0292	0.0348	0.0292	0.0319	0.0379	0.0405	0.0393	0.0406	0.0723	0.0760	0.0732	0.0616	0.0755	0.0788	0.0814	0.0826	0.0931	0.0862	0.0837	0.0904	0.1071	0.1111	0.1132	0.1140	0.1104	0.1130	0.1171	0.1391	0.1574	0.1958	0.1787	0.1616	0.1902	0.2018	0.1916	0.1897	0.1969	0.1873	0.2099	0.2148	0.2405	0.2456	0.2469	0.2458	0.2135	0.2180	0.2235	0.2333	0.2193	0.2297	0.2352	0.2334	0.2424	0.2318	0.2462	0.2786	0.3060	0.3463	0.3748	0.3559	0.3461	0.2855	0.2280	0.2100	0.1951
0.0001	0.0095	0.0180	0.0266	0.0307	0.0373	0.0452	0.0465	0.0392	0.0426	0.0500	0.0557	0.0635	0.0649	0.0666	0.0716	0.0822	0.0757	0.0937	0.0911	0.0916	0.0938	0.0976	0.1014	0.1226	0.1149	0.1196	0.1177	0.1287	0.1393	0.1510	0.1871	0.2635	0.3537	0.3207	0.2013	0.2001	0.2271	0.2670	0.2408	0.2551	0.2414	0.2643	0.2679	0.2761	0.2840	0.2664	0.2764	0.2843	0.3039	0.2667	0.2759	0.2876	0.2856	0.2714	0.2844	0.2832	0.2788	0.2961	0.3217	0.3817	0.3977	0.3723	0.3798	0.3833	0.3104	0.2738	0.2477	0.2087
0.0030	0.0195	0.0214	0.0342	0.0271	0.0336	0.0382	0.0491	0.0519	0.0583	0.0825	0.0600	0.0631	0.0772	0.0755	0.0715	0.0791	0.0840	0.0939	0.1008	0.1059	0.1126	0.1111	0.1120	0.1259	0.1453	0.1301	0.1311	0.1580	0.1667	0.1905	0.2755	0.5295	0.7218	0.5547	0.2961	0.2736	0.3859	0.4041	0.4847	0.5587	0.4979	0.4329	0.4374	0.4291	0.3901	0.3823	0.4296	0.5310	0.4827	0.4058	0.3916	0.3807	0.3498	0.3030	0.3347	0.3278	0.2982	0.3399	0.4235	0.4318	0.3998	0.4199	0.4283	0.3775	0.3242	0.3198	0.3001	0.2422
0.0157	0.0191	0.0280	0.0407	0.0411	0.0265	0.0455	0.0503	0.0653	0.0672	0.0862	0.0865	0.0784	0.0793	0.0812	0.0886	0.0939	0.1053	0.1094	0.1223	0.1318	0.1353	0.1408	0.1398	0.1509	0.1739	0.1873	0.2099	0.2237	0.2390	0.2865	0.4022	0.7358	0.8523	0.7114	0.4638	0.5480	0.7698	0.7473	0.7427	0.8024	0.7656	0.7783	0.7313	0.6825	0.6842	0.6311	0.6465	0.6619	0.5988	0.6561	0.6246	0.5407	0.4321	0.4066	0.4360	0.4181	0.3744	0.4243	0.4891	0.4468	0.3959	0.3877	0.4156	0.3977	0.3419	0.3810	0.3126	0.2823
0.0233	0.0248	0.0349	0.0444	0.0520	0.0446	0.0717	0.0876	0.0707	0.0627	0.0756	0.0961	0.0944	0.0931	0.1045	0.0978	0.1293	0.1339	0.1319	0.1481	0.1418	0.1520	0.1791	0.1966	0.2032	0.2456	0.2515	0.2751	0.3052	0.3424	0.3923	0.5200	0.8626	0.9536	0.7965	0.7417	0.8022	0.8503	0.8446	0.7959	0.7683	0.7427	0.7533	0.7005	0.6772	0.6952	0.6599	0.6368	0.6455	0.6063	0.6629	0.6332	0.5568	0.5134	0.5180	0.5216	0.5321	0.4822	0.4834	0.4521	0.4115	0.3764	0.3880	0.3961	0.4003	0.3309	0.3287	0.3126	0.3076
0.0295	0.0254	0.0303	0.0628	0.0661	0.0731	0.0670	0.0867	0.0934	0.0894	0.1017	0.1042	0.1113	0.1241	0.1334	0.1294	0.1694	0.1630	0.1812	0.1884	0.2018	0.2165	0.2327	0.2504	0.2749	0.3928	0.4395	0.3339	0.3546	0.3708	0.4456	0.5668	0.8528	0.9083	0.8102	0.7880	0.8040	0.7417	0.7274	0.6991	0.6913	0.6287	0.6687	0.6785	0.6731	0.7008	0.6144	0.6064	0.6072	0.5958	0.6092	0.6010	0.5595	0.4998	0.4955	0.5407	0.4955	0.4549	0.4487	0.4428	0.4088	0.3706	0.3883	0.3989	0.3530	0.3132	0.3338	0.3248	0.2944
0.0365	0.0449	0.0573	0.0808	0.0788	0.0961	0.1181	0.1434	0.1535	0.1567	0.1914	0.1960	0.2119	0.2142	0.2182	0.2144	0.2157	0.2189	0.2300	0.2417	0.2702	0.2662	0.2729	0.3217	0.3872	0.5648	0.6356	0.4850	0.3818	0.4046	0.5329	0.6607	0.8103	0.8063	0.7803	0.6909	0.7238	0.7094	0.6673	0.5891	0.6109	0.6462	0.6758	0.6699	0.6524	0.6229	0.6008	0.6235	0.5799	0.5725	0.5667	0.5753	0.5280	0.5174	0.5116	0.5080	0.4838	0.4498	0.4255	0.4584	0.4085	0.3833	0.3601	0.3684	0.3468	0.3375	0.3249	0.2987	0.2655
0.0709	0.0764	0.0944	0.1203	0.1386	0.1925	0.2577	0.3139	0.3469	0.3287	0.3582	0.3880	0.3842	0.3813	0.3873	0.3978	0.3412	0.3544	0.3561	0.3497	0.3774	0.3616	0.3405	0.3786	0.4463	0.6101	0.6854	0.6581	0.5327	0.5053	0.6783	0.7370	0.7253	0.7329	0.6732	0.6124	0.6079	0.6088	0.6018	0.5743	0.5684	0.5741	0.6140	0.5960	0.5837	0.5772	0.5894	0.5819	0.5901	0.5957	0.5648	0.5579	0.5576	0.5217	0.4960	0.4482	0.4654	0.4455	0.4245	0.4075	0.4000	0.3908	0.3588	0.3807	0.3554	0.3262	0.3125	0.3024	0.2761
0.0771	0.1136	0.1676	0.2290	0.3305	0.3734	0.4380	0.4396	0.4675	0.4156	0.4175	0.4830	0.5188	0.4995	0.5072	0.6013	0.5527	0.5868	0.6270	0.5335	0.5215	0.5300	0.4672	0.4297	0.4876	0.6101	0.6665	0.6234	0.6402	0.6744	0.6584	0.6052	0.6375	0.6559	0.6289	0.6187	0.5815	0.5492	0.5827	0.6018	0.5591	0.5492	0.6050	0.5751	0.5915	0.6102	0.6009	0.5663	0.5702	0.5739	0.5752	0.5596	0.5237	0.5026	0.5052	0.4754	0.4229	0.4080	0.4078	0.4042	0.4296	0.3874	0.3609	0.3720	0.3287	0.3061	0.2996	0.2933	0.3022
0.1203	0.1835	0.2391	0.2858	0.3443	0.3363	0.3426	0.3077	0.3265	0.3400	0.3552	0.4045	0.4810	0.4798	0.5074	0.5606	0.5887	0.6104	0.6040	0.5862	0.5981	0.5832	0.5732	0.5511	0.5596	0.5628	0.5834	0.5893	0.6022	0.6295	0.5961	0.5676	0.5973	0.5995	0.5873	0.6113	0.5819	0.5608	0.5462	0.5789	0.5531	0.5603	0.5758	0.5554	0.6096	0.5758	0.5911	0.5954	0.5531	0.5534	0.5471	0.4990	0.4811	0.4920	0.4931	0.4660	0.4448	0.4319	0.4078	0.3802	0.3892	0.3704	0.3639	0.3770	0.3378	0.3284	0.3003	0.3165	0.2830
0.1331	0.1808	0.2046	0.2316	0.2602	0.2357	0.2447	0.2631	0.2721	0.2988	0.3247	0.3634	0.4473	0.4674	0.4500	0.5114	0.5412	0.5699	0.5047	0.5265	0.5467	0.5266	0.5164	0.5708	0.5357	0.5637	0.5348	0.5461	0.5427	0.5408	0.5702	0.5402	0.6023	0.6285	0.6087	0.5862	0.5940	0.5726	0.5588	0.5529	0.5437	0.5420	0.5472	0.5716	0.5668	0.5572	0.5594	0.5591	0.5476	0.5421	0.5495	0.5021	0.4745	0.5116	0.4964	0.4595	0.4433	0.4197	0.4061	0.3909	0.4028	0.4065	0.3588	0.3525	0.3539	0.3084	0.3143	0.3039	0.2770
0.1346	0.1751	0.1912	0.1914	0.2100	0.2017	0.2087	0.2500	0.2602	0.2827	0.3229	0.3761	0.4180	0.4479	0.4632	0.4855	0.5500	0.5395	0.5161	0.5288	0.5364	0.5289	0.5447	0.5203	0.4914	0.5101	0.4751	0.4896	0.5044	0.5219	0.5519	0.5422	0.5829	0.5975	0.5766	0.5716	0.5646	0.5994	0.5603	0.5783	0.5956	0.5430	0.5472	0.5755	0.5583	0.5448	0.5416	0.5450	0.5097	0.5112	0.5679	0.5187	0.5002	0.5073	0.4840	0.4742	0.4638	0.4317	0.4129	0.3907	0.4237	0.4217	0.3565	0.3443	0.3467	0.3268	0.2955	0.2846	0.2811
0.1087	0.1488	0.1797	0.1839	0.1951	0.2015	0.2381	0.2390	0.2466	0.2547	0.2928	0.3472	0.3975	0.4445	0.4344	0.4837	0.5482	0.5256	0.5048	0.4781	0.5127	0.5662	0.5308	0.4871	0.4720	0.4448	0.4712	0.4832	0.5054	0.5339	0.5392	0.5206	0.5804	0.6018	0.5665	0.5758	0.5818	0.6000	0.5745	0.5513	0.5729	0.5396	0.5321	0.5322	0.5727	0.5796	0.5576	0.5352	0.5230	0.5069	0.5237	0.5380	0.5365	0.4900	0.4831	0.5004	0.4807	0.4302	0.4156	0.4171	0.3867	0.3792	0.3554	0.3468	0.3327	0.3530	0.3030	0.2696	0.2591
0.1199	0.1497	0.1685	0.1933	0.2006	0.2000	0.2216	0.2250	0.2481	0.2446	0.2923	0.3243	0.3781	0.4025	0.4228	0.4724	0.5083	0.5050	0.5201	0.4735	0.4786	0.4964	0.4812	0.4284	0.4508	0.4400	0.4780	0.4808	0.5055	0.5443	0.5294	0.5335	0.5673	0.5968	0.6071	0.5891	0.5758	0.5672	0.5504	0.5634	0.5693	0.5593	0.5482	0.5604	0.5967	0.5846	0.5575	0.5436	0.5077	0.5089	0.5037	0.4750	0.4785	0.4951	0.4744	0.4743	0.4826	0.4601	0.4628	0.4355	0.4012	0.3784	0.3667	0.3432	0.3156	0.3229	0.2946	0.2682	0.2769
0.1355	0.1532	0.1899	0.1732	0.1742	0.2062	0.2201	0.2275	0.2413	0.2438	0.2908	0.3291	0.3514	0.3900	0.4023	0.4150	0.4626	0.4912	0.4988	0.4569	0.4374	0.4414	0.4385	0.4417	0.4345	0.4398	0.4760	0.4953	0.5205	0.5678	0.5556	0.5714	0.6000	0.5905	0.6011	0.6111	0.6315	0.5803	0.5711	0.5838	0.5874	0.5758	0.5654	0.5263	0.5836	0.5607	0.5549	0.5272	0.5271	0.5306	0.4943	0.4611	0.4939	0.4915	0.4850	0.4660	0.4891	0.4793	0.4253	0.4291	0.4124	0.3792	0.3694	0.3369	0.3340	0.3162	0.2877	0.2928	0.2617
0.1460	0.1487	0.1740	0.1810	0.1845	0.2066	0.2255	0.2286	0.2316	0.2551	0.2882	0.3244	0.3528	0.3849	0.4213	0.4328	0.4617	0.4680	0.4459	0.4233	0.4308	0.4290	0.4005	0.4380	0.4359	0.4525	0.4709	0.4992	0.5344	0.5138	0.5933	0.5654	0.6093	0.5935	0.5883	0.5856	0.5843	0.6105	0.5947	0.6008	0.5855	0.5801	0.5467	0.5482	0.5910	0.5921	0.5717	0.5353	0.5717	0.5553	0.5374	0.4969	0.5201	0.4875	0.4912	0.4969	0.5009	0.4719	0.4542	0.4260	0.4171	0.3885	0.3675	0.3482	0.3236	0.3285	0.2962	0.3013	0.2762
0.1434	0.1412	0.1629	0.1799	0.2066	0.2059	0.2086	0.2189	0.2153	0.2315	0.2782	0.3081	0.3529	0.3689	0.3868	0.4226	0.4270	0.4043	0.4318	0.4152	0.4335	0.3940	0.4127	0.4481	0.4350	0.4414	0.4688	0.4869	0.4979	0.5362	0.5483	0.5781	0.5933	0.5650	0.5487	0.5663	0.5712	0.5782	0.6001	0.5905	0.5969	0.5622	0.5780	0.5757	0.5815	0.5804	0.5416	0.5136	0.5434	0.5411	0.5391	0.5119	0.5063	0.4876	0.4696	0.4833	0.4553	0.4515	0.4223	0.4426	0.4087	0.3643	0.3587	0.3299	0.3243	0.3134	0.2969	0.3133	0.2809
0.1503	0.1458	0.1781	0.1927	0.1928	0.1895	0.2051	0.2154	0.2144	0.2612	0.2702	0.2896	0.3413	0.3645	0.3780	0.3911	0.3961	0.4016	0.3981	0.4288	0.4074	0.4156	0.4231	0.4424	0.4346	0.4361	0.4752	0.4848	0.5111	0.5472	0.5309	0.5636	0.5703	0.5531	0.5453	0.5575	0.5587	0.5766	0.5755	0.5629	0.5804	0.5596	0.5804	0.5457	0.5593	0.5368	0.5517	0.5310	0.5437	0.4903	0.5590	0.5241	0.5314	0.5249	0.4590	0.4863	0.4801	0.4183	0.4009	0.4443	0.4184	0.3902	0.3834	0.3431	0.3332	0.3352	0.3160	0.3079	0.2722
0.1592	0.1629	0.1956	0.1908	0.1871	0.2035	0.2025	0.1946	0.2121	0.2497	0.2992	0.2992	0.3063	0.3348	0.3676	0.3763	0.3804	0.4105	0.4379	0.4337	0.4164	0.3979	0.4126	0.4333	0.4615	0.4388	0.4851	0.4947	0.5245	0.5220	0.5372	0.5528	0.5808	0.5733	0.5507	0.5447	0.5725	0.6048	0.5701	0.5553	0.5710	0.5712	0.5675	0.5309	0.5561	0.5370	0.5530	0.5366	0.5521	0.5196	0.5374	0.5042	0.4989	0.5034	0.4892	0.4757	0.4745	0.4608	0.4397	0.4259	0.3962	0.3944	0.3717	0.3752	0.3687	0.3266	0.2979	0.2841	0.2744
0.1602	0.1729	0.1902	0.2096	0.2081	0.2061	0.2155	0.2218	0.2462	0.2588	0.2920	0.3275	0.3321	0.3452	0.3370	0.3740	0.4163	0.4197	0.4235	0.4533	0.4240	0.4295	0.4278	0.4585	0.4582	0.4562	0.4833	0.5238	0.5045	0.5343	0.5457	0.5473	0.5865	0.5676	0.5629	0.5654	0.6169	0.5933	0.5822	0.5565	0.5865	0.6176	0.5756	0.5730	0.5810	0.5417	0.5680	0.5638	0.5423	0.5294	0.5440	0.5147	0.5090	0.5040	0.5007	0.5129	0.4587	0.4304	0.4152	0.4167	0.4082	0.4141	0.3604	0.3791	0.3776	0.3329	0.3195	0.3096	0.2956
0.1509	0.1521	0.1807	0.2000	0.2103	0.1965	0.2268	0.2313	0.2776	0.2945	0.2807	0.3154	0.3239	0.3351	0.3672	0.3722	0.4165	0.4014	0.3992	0.4286	0.4252	0.4629	0.4179	0.4290	0.4509	0.4610	0.4178	0.4774	0.4870	0.5103	0.5328	0.5708	0.5822	0.5702	0.6060	0.5914	0.6089	0.5814	0.5880	0.5982	0.5749	0.6229	0.5802	0.5633	0.5650	0.5481	0.5767	0.5578	0.5680	0.5880	0.5674	0.5549	0.5727	0.5546	0.5186	0.5291	0.4813	0.4436	0.4157	0.4114	0.4048	0.4012	0.3822	0.3796	0.3603	0.3425	0.3394	0.3116	0.2864
0.1369	0.1664	0.1736	0.1785	0.1995	0.2003	0.2168	0.2430	0.2760	0.2839	0.2705	0.2922	0.3343	0.3407	0.3687	0.3975	0.4312	0.4133	0.4182	0.4016	0.4187	0.4357	0.4337	0.4546	0.4627	0.4662	0.4428	0.4859	0.5296	0.5086	0.5219	0.5863	0.6181	0.5739	0.5959	0.5871	0.5838	0.5661	0.5836	0.5776	0.5540	0.5773	0.6222	0.5667	0.5819	0.5584	0.5488	0.5920	0.5630	0.5616	0.6102	0.5530	0.5412	0.5767	0.5550	0.5156	0.4829	0.4642	0.4257	0.4221	0.4353	0.4163	0.4277	0.4027	0.3499	0.3462	0.3342	0.3099	0.3003
0.1452	0.1694	0.1806	0.1854	0.2179	0.1850	0.2197	0.2391	0.2705	0.2799	0.2942	0.3049	0.3305	0.3283	0.3722	0.3952	0.4152	0.4126	0.4198	0.4173	0.4276	0.4297	0.4227	0.4762	0.4838	0.4394	0.4639	0.5198	0.5446	0.5307	0.5464	0.5789	0.5828	0.5870	0.6451	0.6251	0.6627	0.6194	0.6309	0.6098	0.5935	0.5929	0.6071	0.5875	0.6015	0.5741	0.5744	0.5948	0.5986	0.5684	0.5830	0.5475	0.5697	0.5623	0.5510	0.5234	0.5096	0.4982	0.4387	0.4272	0.4226	0.4081	0.4203	0.4032	0.3718	0.3418	0.3592	0.3288	0.3042
0.1435	0.1562	0.1696	0.1992	0.2171	0.2038	0.2407	0.2592	0.2705	0.2752	0.3035	0.3113	0.3447	0.3534	0.3676	0.3953	0.4026	0.4187	0.4105	0.4347	0.4408	0.4193	0.4397	0.4527	0.4764	0.4906	0.4804	0.5309	0.5657	0.5591	0.5848	0.5618	0.5931	0.6398	0.6352	0.6146	0.6463	0.6167	0.6343	0.6087	0.5912	0.6035	0.6218	0.6038	0.5733	0.6040	0.6024	0.5934	0.6010	0.5991	0.5642	0.5499	0.5758	0.5401	0.5454	0.5508	0.5165	0.4787	0.4721	0.4470	0.4367	0.4213	0.4071	0.4186	0.3740	0.3666	0.3613	0.3391	0.3196
0.1305	0.1633	0.1804	0.1755	0.1953	0.2084	0.2182	0.2695	0.2564	0.2615	0.2912	0.3126	0.3649	0.3887	0.3891	0.4110	0.4462	0.4564	0.4457	0.4713	0.4787	0.4868	0.4826	0.4972	0.5234	0.5138	0.5437	0.5425	0.5648	0.5797	0.5580	0.5694	0.5998	0.6111	0.6564	0.6408	0.6172	0.6191	0.6742	0.5994	0.6058	0.6224	0.6400	0.6296	0.5960	0.6165	0.5796	0.5925	0.5723	0.6209	0.5975	0.5655	0.5690	0.6094	0.5632	0.5441	0.5353	0.5079	0.4856	0.4807	0.4451	0.4314	0.4344	0.4164	0.4181	0.4134	0.3667	0.3478	0.3157
0.1369	0.1414	0.1717	0.1736	0.2054	0.2245	0.2505	0.2549	0.2547	0.2930	0.3319	0.3559	0.3819	0.4204	0.4513	0.4678	0.4840	0.4896	0.4688	0.5008	0.4965	0.4901	0.5142	0.5550	0.5474	0.5520	0.5635	0.5946	0.5948	0.5747	0.5695	0.5596	0.5937	0.6414	0.6589	0.6542	0.6308	0.6338	0.6287	0.6048	0.5925	0.6153	0.6471	0.6233	0.6045	0.6106	0.6125	0.6354	0.6187	0.6204	0.6186	0.6050	0.5843	0.5892	0.5646	0.5548	0.5312	0.5208	0.4963	0.5029	0.4895	0.4609	0.4407	0.4499	0.4087	0.3692	0.3605	0.3568	0.3363
0.1243	0.1446	0.1787	0.1960	0.2148	0.2316	0.2531	0.2642	0.2875	0.3190	0.3467	0.3905	0.4240	0.4462	0.4713	0.5256	0.5071	0.5355	0.5353	0.5357	0.5476	0.5523	0.5291	0.5441	0.5116	0.5530	0.5771	0.6024	0.6208	0.6305	0.6076	0.6351	0.6449	0.6688	0.6289	0.6361	0.6555	0.6603	0.6461	0.6086	0.6233	0.6153	0.6108	0.6043	0.5979	0.5959	0.6186	0.6112	0.6253	0.6110	0.6131	0.6046	0.5827	0.5806	0.5556	0.5668	0.5430	0.5379	0.5251	0.4944	0.4667	0.4579	0.4538	0.4367	0.4022	0.3786	0.3714	0.3762	0.3652
0.1635	0.1865	0.1863	0.2116	0.2066	0.2387	0.2615	0.2872	0.3100	0.3281	0.3632	0.4030	0.4448	0.4541	0.5264	0.5690	0.5829	0.6359	0.6160	0.6060	0.5749	0.6105	0.6182	0.5870	0.5739	0.5950	0.5974	0.6246	0.6498	0.6400	0.6671	0.6925	0.6805	0.7091	0.6849	0.6584	0.7025	0.6981	0.6668	0.6532	0.6417	0.6083	0.6200	0.6143	0.6464	0.6258	0.6462	0.6290	0.6203	0.6271	0.6383	0.6490	0.6331	0.6215	0.6146	0.5544	0.5765	0.5438	0.5383	0.4964	0.5019	0.4774	0.4623	0.4459	0.4473	0.4219	0.4121	0.3687	0.3700
0.1667	0.2344	0.2681	0.2638	0.2774	0.3062	0.3158	0.3188	0.3333	0.3548	0.3870	0.4254	0.4702	0.5188	0.5602	0.6175	0.6723	0.6583	0.6566	0.6613	0.6177	0.6747	0.6793	0.6377	0.6841	0.6440	0.6533	0.6654	0.6932	0.6880	0.7419	0.7456	0.7406	0.7613	0.7656	0.7436	0.7280	0.7235	0.7089	0.6718	0.6841	0.6904	0.6965	0.6782	0.6460	0.6494	0.6337	0.6307	0.6679	0.6756	0.6593	0.6608	0.6270	0.6304	0.5838	0.5734	0.5696	0.5716	0.5382	0.5249	0.5316	0.5119	0.4789	0.4684	0.4551	0.4363	0.4195	0.3806	0.3754
0.1040	0.1929	0.2639	0.3369	0.3875	0.4480	0.4479	0.4368	0.4477	0.4650	0.4500	0.5071	0.5270	0.5839	0.6263	0.7085	0.7180	0.7030	0.6941	0.7371	0.6923	0.6849	0.6451	0.5656	0.5241	0.5447	0.5589	0.5494	0.6865	0.7399	0.7745	0.7940	0.7883	0.8128	0.7920	0.7602	0.7694	0.6918	0.7157	0.6910	0.6934	0.7278	0.7511	0.7272	0.7204	0.6974	0.7075	0.6792	0.6973	0.7013	0.6818	0.6636	0.6361	0.6346	0.6061	0.5742	0.5567	0.5560	0.5540	0.5699	0.5798	0.5421	0.5015	0.5030	0.4661	0.4479	0.4306	0.4133	0.3933
0.0590	0.0773	0.1327	0.1922	0.2273	0.3100	0.3654	0.3816	0.3973	0.4243	0.4599	0.4685	0.4698	0.4776	0.4956	0.5247	0.4888	0.4735	0.4433	0.4971	0.4758	0.4252	0.3653	0.3142	0.3178	0.3339	0.3442	0.3696	0.4798	0.5264	0.6145	0.8219	0.8467	0.8305	0.8380	0.8066	0.8082	0.7243	0.7547	0.7292	0.7717	0.7498	0.7710	0.7315	0.7172	0.6949	0.7183	0.7086	0.7111	0.6860	0.6531	0.6431	0.6185	0.6253	0.6014	0.5842	0.5730	0.5595	0.5487	0.5701	0.5728	0.5275	0.5136	0.5134	0.4753	0.4514	0.4843	0.4527	0.4172
0.0298	0.0359	0.0669	0.0877	0.0975	0.1062	0.1190	0.1586	0.1659	0.1835	0.2207	0.2122	0.2195	0.2295	0.2293	0.2194	0.2143	0.2145	0.2181	0.2232	0.2513	0.2396	0.2372	0.2469	0.2593	0.2679	0.2768	0.3144	0.3594	0.4199	0.4835	0.7379	0.9548	0.9025	0.8944	0.8743	0.7988	0.7852	0.7706	0.7951	0.8031	0.7782	0.7761	0.7182	0.7535	0.6975	0.7306	0.7180	0.6790	0.6521	0.6540	0.6293	0.6095	0.6154	0.5691	0.5997	0.5854	0.5579	0.5279	0.5445	0.5491	0.5103	0.5134	0.4932	0.4751	0.4687	0.4600	0.4323	0.4077
0.0124	0.0187	0.0530	0.0505	0.0465	0.0460	0.0668	0.0717	0.0819	0.0929	0.0943	0.1015	0.1226	0.1247	0.1343	0.1544	0.1647	0.1748	0.1822	0.1774	0.1920	0.2126	0.2196	0.2357	0.2534	0.2549	0.2635	0.3037	0.3506	0.4070	0.4630	0.7512	0.9850	0.9894	0.8960	0.8450	0.8262	0.8442	0.7753	0.8043	0.7879	0.6978	0.7842	0.7596	0.7586	0.7201	0.7222	0.7520	0.7200	0.6606	0.6452	0.6386	0.5810	0.5805	0.5921	0.6095	0.5849	0.5968	0.5477	0.5671	0.5281	0.4877	0.4952	0.4975	0.4615	0.4630	0.4740	0.4354	0.4290
0.0030	0.0223	0.0297	0.0418	0.0381	0.0431	0.0595	0.0551	0.0628	0.0678	0.0659	0.0739	0.0897	0.0791	0.0806	0.1065	0.1208	0.1262	0.1251	0.1309	0.1425	0.1491	0.1732	0.1866	0.2032	0.2072	0.2149	0.2509	0.2974	0.3521	0.4078	0.7015	1.0000	0.9141	0.9050	0.8642	0.8454	0.7926	0.7703	0.7379	0.5601	0.4512	0.5414	0.6727	0.8086	0.8096	0.7515	0.7613	0.7283	0.6601	0.6544	0.6269	0.5938	0.5910	0.5810	0.6286	0.5978	0.5917	0.5653	0.5656	0.5372	0.5274	0.4895	0.4968	0.4507	0.4994	0.5038	0.4461	0.4310
0.0036	0.0131	0.0320	0.0315	0.0410	0.0473	0.0518	0.0423	0.0507	0.0620	0.0677	0.0659	0.0711	0.0664	0.0692	0.0795	0.0890	0.0842	0.0882	0.0930	0.0977	0.1018	0.1060	0.1282	0.1350	0.1357	0.1556	0.1652	0.1998	0.2317	0.2697	0.4021	0.6105	0.5536	0.7847	0.8780	0.8535	0.8105	0.6964	0.4868	0.3142	0.3305	0.3763	0.4933	0.6945	0.7871	0.7899	0.7662	0.7296	0.6901	0.6744	0.6493	0.6346	0.6169	0.6046	0.6031	0.5780	0.6034	0.5779	0.5575	0.5543	0.5266	0.5106	0.5074	0.4434	0.4315	0.4161	0.4662	0.4374
0.0065	0.0082	0.0249	0.0301	0.0387	0.0438	0.0532	0.0513	0.0499	0.0538	0.0570	0.0547	0.0579	0.0605	0.0650	0.0695	0.0844	0.0790	0.0783	0.0874	0.0920	0.0913	0.0918	0.1012	0.0942	0.0996	0.1000	0.1201	0.1300	0.1422	0.1521	0.1841	0.2200	0.2405	0.3606	0.4929	0.5110	0.5113	0.3728	0.2470	0.2355	0.2756	0.2988	0.3773	0.4540	0.6045	0.7775	0.7665	0.7376	0.7078	0.6916	0.6421	0.6628	0.6019	0.6061	0.6047	0.5844	0.5667	0.5704	0.5453	0.5520	0.5409	0.4893	0.3769	0.2806	0.2858	0.2811	0.3715	0.4335
0.0072	0.0067	0.0159	0.0310	0.0290	0.0282	0.0349	0.0495	0.0451	0.0372	0.0494	0.0499	0.0549	0.0553	0.0590	0.0616	0.0775	0.0665	0.0692	0.0766	0.0790	0.0759	0.0876	0.0908	0.0832	0.0930	0.0861	0.0987	0.1032	0.1028	0.1160	0.1188	0.1281	0.1348	0.1503	0.1554	0.1710	0.1785	0.1593	0.1621	0.1798	0.1890	0.2077	0.2633	0.2965	0.3747	0.5616	0.5424	0.5702	0.6200	0.6322	0.6928	0.6949	0.6627	0.6365	0.6247	0.6251	0.6053	0.5912	0.5798	0.5343	0.4932	0.3824	0.2220	0.1917	0.2072	0.2088	0.2529	0.3534
0.0024	0.0000	0.0088	0.0204	0.0237	0.0196	0.0391	0.0410	0.0310	0.0268	0.0411	0.0549	0.0619	0.0541	0.0583	0.0582	0.0686	0.0745	0.0703	0.0607	0.0570	0.0625	0.0792	0.0720	0.0782	0.0812	0.0813	0.0931	0.0984	0.1054	0.0922	0.1030	0.1123	0.0987	0.1156	0.1182	0.1279	0.1210	0.1216	0.1178	0.1230	0.1236	0.1365	0.1648	0.1844	0.2068	0.2567	0.2668	0.2921	0.3451	0.4279	0.6445	0.7182	0.7048	0.6756	0.7002	0.6814	0.6106	0.5681	0.5279	0.5298	0.4696	0.2769	0.1504	0.1474	0.1558	0.1604	0.1670	0.1797
0.0043	0.0050	0.0160	0.0182	0.0225	0.0160	0.0238	0.0316	0.0239	0.0335	0.0339	0.0528	0.0550	0.0465	0.0487	0.0634	0.0667	0.0663	0.0578	0.0575	0.0630	0.0628	0.0640	0.0755	0.0737	0.0700	0.0658	0.0766	0.0847	0.0896	0.0844	0.0942	0.0970	0.0924	0.0946	0.0948	0.1068	0.0947	0.0946	0.0965	0.0954	0.0999	0.1082	0.1126	0.1258	0.1387	0.1590	0.1694	0.1751	0.2049	0.2647	0.3847	0.5917	0.6852	0.6565	0.6005	0.5127	0.4765	0.3112	0.2790	0.4190	0.3746	0.1868	0.1286	0.1191	0.1217	0.1244	0.1236	0.1357
0.0000	0.0000	0.0145	0.0194	0.0197	0.0171	0.0179	0.0197	0.0240	0.0306	0.0341	0.0370	0.0416	0.0443	0.0466	0.0543	0.0480	0.0459	0.0574	0.0582	0.0629	0.0658	0.0583	0.0624	0.0680	0.0727	0.0683	0.0720	0.0730	0.0714	0.0739	0.0789	0.0883	0.0818	0.0776	0.0857	0.0805	0.0870	0.0862	0.0907	0.0931	0.0929	0.0935	0.0938	0.0984	0.1012	0.1140	0.1094	0.1223	0.1375	0.1590	0.1873	0.3053	0.5062	0.4865	0.2787	0.1642	0.1574	0.1417	0.1411	0.1682	0.1652	0.1216	0.1114	0.1077	0.1052	0.1042	0.0984	0.1027
0.0000	0.0000	0.0048	0.0056	0.0137	0.0136	0.0128	0.0254	0.0265	0.0226	0.0335	0.0379	0.0340	0.0404	0.0501	0.0406	0.0455	0.0441	0.0506	0.0535	0.0623	0.0599	0.0531	0.0567	0.0618	0.0661	0.0678	0.0663	0.0710	0.0659	0.0689	0.0690	0.0792	0.0774	0.0727	0.0727	0.0839	0.0870	0.0792	0.0850	0.0893	0.0855	0.0864	0.0884	0.0947	0.0898	0.0896	0.0954	0.1018	0.1048	0.1103	0.1150	0.1167	0.1809	0.1929	0.1283	0.0977	0.0902	0.0994	0.1056	0.1116	0.0972	0.0883	0.0908	0.0965	0.0992	0.0980	0.0888	0.0919
0.0000	0.0000	0.0132	0.0040	0.0086	0.0231	0.0194	0.0161	0.0210	0.0295	0.0263	0.0340	0.0333	0.0334	0.0409	0.0350	0.0458	0.0445	0.0429	0.0433	0.0527	0.0513	0.0464	0.0504	0.0551	0.0536	0.0555	0.0650	0.0647	0.0662	0.0648	0.0671	0.0617	0.0738	0.0786	0.0745	0.0789	0.0800	0.0786	0.0718	0.0787	0.0783	0.0829	0.0815	0.0826	0.0851	0.0860	0.0917	0.0888	0.0851	0.0899	0.0928	0.0888	0.1019	0.1014	0.0869	0.0918	0.0907	0.0786	0.0836	0.0840	0.0843	0.0834	0.0793	0.0822	0.0824	0.0744	0.0799	0.0781
0.0000	0.0000	0.0046	0.0086	0.0112	0.0114	0.0104	0.0188	0.0127	0.0139	0.0185	0.0281	0.0271	0.0237	0.0339	0.0423	0.0379	0.0388	0.0321	0.0384	0.0425	0.0462	0.0428	0.0433	0.0563	0.0602	0.0534	0.0557	0.0537	0.0604	0.0607	0.0688	0.0639	0.0643	0.0567	0.0628	0.0694	0.0710	0.0716	0.0682	0.0739	0.0720	0.0764	0.0741	0.0761	0.0780	0.0798	0.0764	0.0730	0.0846	0.0814	0.0738	0.0751	0.0812	0.0859	0.0759	0.0799	0.0742	0.0750	0.0755	0.0728	0.0678	0.0681	0.0725	0.0680	0.0628	0.0614	0.0671	0.0601
0.0000	0.0000	0.0050	0.0051	0.0025	0.0010	0.0076	0.0110	0.0081	0.0037	0.0132	0.0223	0.0222	0.0183	0.0208	0.0323	0.0393	0.0303	0.0254	0.0313	0.0383	0.0406	0.0350	0.0428	0.0432	0.0448	0.0527	0.0463	0.0559	0.0589	0.0570	0.0603	0.0626	0.0570	0.0523	0.0548	0.0559	0.0623	0.0645	0.0676	0.0646	0.0649	0.0633	0.0688	0.0718	0.0625	0.0684	0.0679	0.0658	0.0714	0.0703	0.0724	0.0691	0.0710	0.0740	0.0762	0.0664	0.0618	0.0729	0.0732	0.0618	0.0630	0.0660	0.0649	0.0703	0.0608	0.0566	0.0629	0.0582
0.0000	0.0000	0.0000	0.0000	0.0000	0.0000	0.0063	0.0122	0.0089	0.0109	0.0110	0.0185	0.0298	0.0232	0.0357	0.0333	0.0335	0.0343	0.0305	0.0304	0.0331	0.0310	0.0280	0.0424	0.0411	0.0384	0.0478	0.0507	0.0543	0.0519	0.0549	0.0554	0.0590	0.0576	0.0588	0.0559	0.0588	0.0615	0.0624	0.0680	0.0680	0.0603	0.0585	0.0664	0.0639	0.0618	0.0719	0.0730	0.0617	0.0705	0.0734	0.0649	0.0671	0.0751	0.0713	0.0687	0.0623	0.0586	0.0686	0.0766	0.0600	0.0534	0.0594	0.0574	0.0543	0.0482	0.0509	0.0575	0.0448
0.0000	0.0000	0.0000	0.0096	0.0017	0.0000	0.0140	0.0064	0.0038	0.0088	0.0134	0.0163	0.0193	0.0168	0.0175	0.0355	0.0178	0.0161	0.0239	0.0351	0.0265	0.0336	0.0337	0.0365	0.0303	0.0384	0.0419	0.0407	0.0422	0.0471	0.0505	0.0460	0.0491	0.0532	0.0533	0.0526	0.0578	0.0596	0.0555	0.0598	0.0553	0.0508	0.0599	0.0579	0.0574	0.0626	0.0629	0.0665	0.0644	0.0663	0.0676	0.0612	0.0623	0.0684	0.0637	0.0648	0.0607	0.0559	0.0575	0.0586	0.0495	0.0464	0.0521	0.0555	0.0447	0.0461	0.0412	0.0435	0.0314
0.0000	0.0000	0.0000	0.0000	0.0015	0.0015	0.0037	0.0036	0.0047	0.0016	0.0050	0.0139	0.0166	0.0179	0.0242	0.0235	0.0188	0.0134	0.0218	0.0231	0.0297	0.0346	0.0322	0.0292	0.0323	0.0361	0.0404	0.0353	0.0450	0.0475	0.0471	0.0505	0.0455	0.0520	0.0571	0.0544	0.0467	0.0566	0.0548	0.0523	0.0452	0.0531	0.0607	0.0534	0.0540	0.0601	0.0645	0.0543	0.0603	0.0520	0.0538	0.0539	0.0593	0.0588	0.0630	0.0671	0.0572	0.0457	0.0462	0.0470	0.0463	0.0547	0.0468	0.0445	0.0441	0.0503	0.0358	0.0328	0.0298
0.0000	0.0000	0.0000	0.0000	0.0000	0.0000	0.0010	0.0060	0.0033	0.0000	0.0054	0.0199	0.0165	0.0274	0.0182	0.0172	0.0212	0.0195	0.0169	0.0342	0.0311	0.0303	0.0268	0.0276	0.0406	0.0288	0.0261	0.0352	0.0412	0.0404	0.0443	0.0464	0.0455	0.0503	0.0511	0.0511	0.0549	0.0532	0.0498	0.0498	0.0543	0.0537	0.0488	0.0572	0.0631	0.0506	0.0605	0.0626	0.0536	0.0553	0.0640	0.0597	0.0624	0.0586	0.0616	0.0709	0.0581	0.0541	0.0557	0.0527	0.0576	0.0537	0.0535	0.0528	0.0458	0.0397	0.0481	0.0437	0.0309
