0.0000	0.0000	0.0000	0.0025	0.0000	0.0000	0.0018	0.0164	0.0226	0.0000	0.0000	0.0230	0.0286	0.0198	0.0334	0.0435	0.0519	0.0542	0.0279	0.0464	0.0703	0.0419	0.0482	0.0561	0.0738	0.0689	0.0900	0.0588	0.0707	0.0726	0.0605	0.0620	0.0949	0.0878	0.0721	0.0695	0.0819	0.0718	0.0762	0.0736	0.0718	0.0825	0.0781	0.0815	0.0728	0.0939	0.0929	0.0894	0.0831	0.1017	0.1007	0.0915	0.0891	0.0981	0.0901	0.0916	0.0847	0.0670	0.0865	0.0813	0.0745	0.0640	0.0563	0.0631	0.0557	0.0483	0.0629	0.0524	0.0458
0.0000	0.0000	0.0046	0.0092	0.0000	0.0051	0.0181	0.0145	0.0394	0.0155	0.0261	0.0280	0.0393	0.0373	0.0433	0.0423	0.0418	0.0763	0.0672	0.0452	0.0663	0.0628	0.0748	0.0626	0.0755	0.0809	0.0750	0.0684	0.0811	0.0927	0.1036	0.0895	0.0988	0.0819	0.0806	0.0821	0.1020	0.1008	0.0921	0.0807	0.0913	0.0921	0.1024	0.1095	0.0940	0.0968	0.0988	0.0930	0.0909	0.1055	0.1247	0.0973	0.0860	0.0879	0.1080	0.0947	0.1006	0.0973	0.0861	0.0914	0.0840	0.0569	0.0609	0.0779	0.0537	0.0443	0.0546	0.0545	0.0481
0.0000	0.0000	0.0017	0.0046	0.0213	0.0076	0.0174	0.0375	0.0346	0.0240	0.0452	0.0256	0.0521	0.0446	0.0554	0.0469	0.0403	0.0696	0.0773	0.0569	0.0704	0.0698	0.0824	0.0700	0.0843	0.0823	0.0729	0.0660	0.0849	0.1007	0.1031	0.0952	0.0957	0.0951	0.0958	0.1080	0.1140	0.1188	0.0928	0.0857	0.0955	0.1110	0.1155	0.1060	0.0952	0.1001	0.0963	0.1041	0.0921	0.0956	0.1123	0.1223	0.1243	0.1261	0.1161	0.0943	0.1150	0.1095	0.0993	0.0888	0.0995	0.0905	0.0802	0.0770	0.0715	0.0626	0.0518	0.0662	0.0622
0.0000	0.0037	0.0061	0.0227	0.0204	0.0164	0.0239	0.0342	0.0253	0.0306	0.0295	0.0456	0.0552	0.0510	0.0493	0.0743	0.0558	0.0571	0.0576	0.0846	0.0717	0.0815	0.0772	0.0705	0.0967	0.0877	0.0767	0.0825	0.0953	0.0824	0.0695	0.0801	0.1044	0.1096	0.1083	0.1052	0.1034	0.1177	0.1011	0.0960	0.1007	0.0892	0.1046	0.1073	0.1005	0.1109	0.1173	0.1051	0.0915	0.1001	0.1302	0.1186	0.1178	0.1275	0.1266	0.1126	0.1091	0.1124	0.1209	0.0860	0.0926	0.0982	0.0832	0.0882	0.0888	0.0923	0.0774	0.0934	0.0908
0.0000	0.0127	0.0129	0.0332	0.0129	0.0028	0.0198	0.0287	0.0314	0.0460	0.0314	0.0581	0.0450	0.0412	0.0556	0.0819	0.0558	0.0464	0.0614	0.0884	0.0702	0.0895	0.0840	0.0681	0.0744	0.0802	0.0843	0.0765	0.0975	0.0835	0.0989	0.0818	0.0991	0.1043	0.1233	0.0921	0.0886	0.0902	0.0924	0.0932	0.1013	0.0873	0.1018	0.1092	0.1081	0.1151	0.1298	0.1009	0.1128	0.1293	0.1242	0.1270	0.1378	0.1205	0.1229	0.1255	0.1352	0.1150	0.1117	0.1208	0.1129	0.1018	0.0960	0.1063	0.1101	0.0849	0.1000	0.1069	0.0968
0.0052	0.0041	0.0093	0.0103	0.0093	0.0094	0.0292	0.0235	0.0354	0.0525	0.0498	0.0593	0.0635	0.0416	0.0556	0.0428	0.0625	0.0585	0.0676	0.0826	0.0810	0.0925	0.0847	0.0665	0.0799	0.0730	0.0821	0.1004	0.0968	0.0869	0.0966	0.0903	0.0997	0.1105	0.1089	0.1145	0.1054	0.1022	0.0965	0.0880	0.0974	0.0924	0.1040	0.1187	0.1181	0.1025	0.1089	0.1287	0.1260	0.1445	0.1367	0.1245	0.1597	0.1577	0.1459	0.1714	0.1507	0.1335	0.1244	0.1350	0.1299	0.1178	0.1117	0.1211	0.1183	0.1199	0.1155	0.1269	0.1057
0.0063	0.0000	0.0124	0.0215	0.0162	0.0299	0.0410	0.0402	0.0320	0.0563	0.0520	0.0561	0.0802	0.0537	0.0489	0.0710	0.0844	0.0798	0.0755	0.0994	0.0894	0.0917	0.0665	0.0905	0.1118	0.1113	0.0909	0.0929	0.0987	0.1116	0.0929	0.1146	0.1316	0.1239	0.1108	0.1152	0.1079	0.1078	0.1183	0.1143	0.1122	0.1260	0.1153	0.1157	0.1308	0.1132	0.1306	0.1372	0.1301	0.1239	0.1550	0.1612	0.1790	0.1991	0.1931	0.2252	0.2088	0.1717	0.1500	0.1610	0.1535	0.1417	0.1531	0.1537	0.1554	0.1370	0.1264	0.1459	0.1258
0.0042	0.0066	0.0142	0.0405	0.0240	0.0187	0.0310	0.0326	0.0359	0.0501	0.0479	0.0576	0.0602	0.0763	0.0658	0.0896	0.0867	0.0965	0.0817	0.1046	0.1080	0.1154	0.1097	0.0974	0.1224	0.1119	0.0964	0.1097	0.1212	0.1457	0.1033	0.1056	0.1258	0.1251	0.1237	0.1103	0.1182	0.1217	0.1178	0.1330	0.1182	0.1165	0.1372	0.1263	0.1423	0.1570	0.1602	0.1656	0.1571	0.1491	0.1885	0.2146	0.2442	0.3482	0.4117	0.3888	0.3672	0.3279	0.2280	0.1647	0.1692	0.1757	0.1572	0.1623	0.1757	0.1568	0.1535	0.1731	0.1677
0.0000	0.0065	0.0174	0.0266	0.0264	0.0410	0.0366	0.0399	0.0537	0.0715	0.0598	0.0638	0.0682	0.0950	0.0836	0.0799	0.0743	0.1007	0.0963	0.1154	0.1308	0.1199	0.1149	0.1076	0.1288	0.1191	0.1168	0.1218	0.1311	0.1333	0.1202	0.1179	0.1334	0.1288	0.1307	0.1308	0.1270	0.1372	0.1197	0.1224	0.1145	0.1290	0.1485	0.1581	0.1667	0.1773	0.1716	0.1936	0.2118	0.2168	0.2728	0.3258	0.4820	0.6217	0.6158	0.6039	0.5517	0.4611	0.3794	0.2085	0.1751	0.1976	0.1726	0.2035	0.1952	0.1827	0.1963	0.1927	0.1846
0.0099	0.0062	0.0432	0.0399	0.0363	0.0501	0.0515	0.0581	0.0644	0.0697	0.0727	0.0665	0.0790	0.1038	0.1011	0.1078	0.0995	0.1116	0.1160	0.1287	0.1252	0.1136	0.0986	0.1147	0.1311	0.1272	0.1076	0.1122	0.1251	0.1310	0.1221	0.1275	0.1345	0.1385	0.1548	0.1322	0.1337	0.1614	0.1336	0.1389	0.1261	0.1558	0.1645	0.1859	0.2093	0.2322	0.2400	0.2477	0.2610	0.2919	0.3653	0.5333	0.6173	0.5967	0.5894	0.5639	0.5295	0.5383	0.4289	0.2346	0.1999	0.2113	0.2115	0.2373	0.2254	0.2040	0.2082	0.2027	0.1937
0.0187	0.0122	0.0356	0.0392	0.0310	0.0435	0.0514	0.0594	0.0774	0.0682	0.0722	0.0890	0.0838	0.0965	0.1008	0.1184	0.1070	0.1075	0.1050	0.1300	0.1353	0.1216	0.1188	0.1108	0.1376	0.1429	0.1274	0.1255	0.1304	0.1529	0.1470	0.1546	0.1531	0.1512	0.1675	0.1711	0.1716	0.1857	0.1657	0.1620	0.1631	0.1904	0.2173	0.2413	0.2926	0.3001	0.2898	0.2949	0.3085	0.3353	0.5018	0.6978	0.6315	0.6002	0.5609	0.6032	0.5568	0.5023	0.4925	0.3003	0.2466	0.2452	0.2639	0.2835	0.2641	0.2387	0.1978	0.2150	0.2118
0.0243	0.0159	0.0268	0.0238	0.0289	0.0438	0.0593	0.0603	0.0748	0.0789	0.0761	0.0863	0.0955	0.0861	0.1051	0.1318	0.1159	0.1266	0.1280	0.1319	0.1343	0.1417	0.1365	0.1466	0.1558	0.1433	0.1477	0.1552	0.1563	0.1553	0.1768	0.1781	0.1776	0.1646	0.1780	0.1845	0.1963	0.2075	0.2216	0.2135	0.2111	0.2348	0.2884	0.3278	0.4512	0.5443	0.4320	0.3334	0.3487	0.4015	0.6035	0.7121	0.6810	0.6634	0.5950	0.6174	0.6134	0.5319	0.5505	0.4550	0.3639	0.3252	0.4142	0.5048	0.4257	0.3486	0.2710	0.2333	0.2252
0.0256	0.0361	0.0364	0.0354	0.0606	0.0537	0.0730	0.0731	0.0710	0.0749	0.1017	0.0968	0.1022	0.1033	0.1182	0.1313	0.1312	0.1540	0.1667	0.1633	0.1661	0.1791	0.1782	0.1816	0.1828	0.1913	0.1865	0.1998	0.1915	0.1800	0.1775	0.1935	0.2220	0.2030	0.2215	0.2225	0.2215	0.2273	0.2465	0.2660	0.2693	0.3031	0.3699	0.5476	0.7796	0.8356	0.7009	0.4607	0.4378	0.4117	0.5600	0.6722	0.7092	0.7415	0.6977	0.6741	0.6349	0.5779	0.6067	0.5884	0.5358	0.5301	0.5525	0.5987	0.5343	0.4593	0.3948	0.3258	0.2502
0.0179	0.0267	0.0486	0.0385	0.0616	0.0619	0.0855	0.0851	0.0942	0.0977	0.1008	0.1308	0.1436	0.1370	0.1484	0.1667	0.1969	0.2042	0.2421	0.2333	0.2306	0.2231	0.2426	0.2394	0.2361	0.2529	0.2168	0.2590	0.2674	0.2453	0.2433	0.2422	0.2706	0.2603	0.2814	0.2635	0.2729	0.2907	0.3013	0.2958	0.3391	0.3900	0.4680	0.7445	0.9711	0.9125	0.8792	0.7374	0.5798	0.4845	0.5182	0.5624	0.7275	0.7819	0.7109	0.6769	0.6416	0.6115	0.6203	0.6040	0.6014	0.5808	0.5452	0.5267	0.5036	0.4504	0.4296	0.3769	0.3101
0.0223	0.0201	0.0504	0.0591	0.0613	0.0818	0.0941	0.1101	0.1222	0.1253	0.1444	0.1621	0.1762	0.1903	0.2389	0.2414	0.2896	0.3106	0.3411	0.4120	0.5147	0.4973	0.4289	0.4215	0.4293	0.3642	0.3411	0.3944	0.5198	0.4397	0.3464	0.3444	0.3433	0.3261	0.3383	0.3266	0.3319	0.3430	0.3545	0.3589	0.3924	0.4355	0.5001	0.6957	0.9748	0.8853	0.8536	0.8479	0.8383	0.7336	0.5999	0.4931	0.6178	0.6850	0.6632	0.6434	0.6661	0.6239	0.5998	0.5845	0.5610	0.5405	0.5464	0.5093	0.4810	0.4370	0.4203	0.3710	0.3571
0.0278	0.0332	0.0688	0.0926	0.1071	0.1320	0.1180	0.1437	0.1827	0.1848	0.2394	0.2616	0.3391	0.3873	0.5006	0.5642	0.6562	0.6387	0.6622	0.7168	0.7924	0.7467	0.6691	0.7074	0.6799	0.6334	0.6072	0.6655	0.7111	0.6687	0.6583	0.5968	0.4604	0.3924	0.3792	0.3718	0.3906	0.3863	0.3817	0.3764	0.4297	0.4649	0.5416	0.7909	0.9242	0.9244	0.8654	0.8206	0.8085	0.8482	0.6564	0.5654	0.6224	0.6927	0.6651	0.6759	0.6581	0.6010	0.5492	0.5632	0.5120	0.4767	0.4991	0.4965	0.4377	0.4177	0.3711	0.3654	0.3731
0.0342	0.0506	0.0826	0.0970	0.1171	0.1540	0.1900	0.2627	0.3114	0.3629	0.4829	0.5320	0.6934	0.6845	0.7350	0.7999	0.7494	0.7754	0.7554	0.8003	0.8143	0.7203	0.7393	0.7575	0.7484	0.7022	0.6907	0.7245	0.7131	0.7037	0.7859	0.8525	0.7447	0.6127	0.5970	0.4675	0.4380	0.4439	0.4465	0.3919	0.4347	0.4995	0.6771	1.0000	0.9461	0.8350	0.7895	0.8013	0.7969	0.8208	0.7294	0.7165	0.7060	0.7052	0.6265	0.6020	0.5862	0.5696	0.5280	0.5188	0.4935	0.4534	0.4611	0.4578	0.4094	0.3515	0.3836	0.3524	0.3445
0.0617	0.0911	0.1162	0.1441	0.1921	0.2795	0.4165	0.5643	0.6297	0.5768	0.6699	0.6793	0.7196	0.7103	0.7155	0.7714	0.7644	0.7982	0.7838	0.8001	0.7769	0.7394	0.6954	0.6996	0.7297	0.6780	0.7166	0.6944	0.6497	0.7055	0.7934	0.8455	0.8414	0.8638	0.8940	0.7710	0.5845	0.4673	0.4461	0.4520	0.4542	0.5050	0.6827	0.9528	0.8834	0.7825	0.7768	0.7174	0.7864	0.8170	0.7667	0.7083	0.6509	0.5837	0.5449	0.5233	0.5368	0.5250	0.4927	0.4632	0.4690	0.4568	0.4420	0.4397	0.3994	0.3314	0.3660	0.3660	0.3392
0.0873	0.1527	0.2409	0.3433	0.4400	0.5172	0.6452	0.6450	0.6127	0.5722	0.5656	0.5836	0.6157	0.6156	0.6402	0.6746	0.7079	0.6953	0.7229	0.7336	0.7126	0.7233	0.7107	0.6859	0.6700	0.6370	0.7122	0.6810	0.7122	0.7919	0.7822	0.7589	0.8180	0.8865	0.9060	0.8902	0.8015	0.5911	0.4762	0.5047	0.5308	0.5604	0.7018	0.9074	0.8245	0.7690	0.7306	0.6643	0.6883	0.7581	0.6891	0.5842	0.5483	0.5349	0.5237	0.5164	0.4731	0.4853	0.4731	0.4584	0.4514	0.4278	0.4187	0.3822	0.3594	0.3339	0.3628	0.3469	0.3238
0.1426	0.2330	0.3416	0.4281	0.4527	0.4739	0.4590	0.4112	0.4386	0.4359	0.4465	0.4866	0.5359	0.5212	0.5074	0.5611	0.6126	0.6679	0.6247	0.6207	0.6141	0.6936	0.6698	0.6924	0.6923	0.6650	0.7502	0.7319	0.7158	0.7582	0.7393	0.7483	0.7550	0.8361	0.8320	0.8485	0.8529	0.7979	0.5644	0.5505	0.7155	0.8101	0.7750	0.8078	0.8181	0.7015	0.6474	0.6531	0.6362	0.6445	0.5905	0.5467	0.5168	0.5232	0.5079	0.5106	0.4561	0.4361	0.4577	0.4176	0.3900	0.4022	0.4085	0.4018	0.3519	0.3547	0.3561	0.3543	0.3423
0.1695	0.2367	0.2362	0.2580	0.3057	0.3453	0.3459	0.3211	0.3190	0.3655	0.3754	0.3982	0.4739	0.4895	0.4853	0.5536	0.5952	0.6389	0.6226	0.6034	0.6402	0.5972	0.6062	0.6378	0.6482	0.6788	0.6841	0.6953	0.6904	0.6728	0.7448	0.7321	0.7737	0.7989	0.7966	0.8300	0.8685	0.8691	0.7183	0.6682	0.8139	0.8003	0.7185	0.7791	0.7444	0.6770	0.6485	0.6418	0.5880	0.5810	0.5647	0.5298	0.5313	0.5399	0.5114	0.4723	0.4668	0.4551	0.4697	0.4323	0.4241	0.4372	0.4132	0.3876	0.3645	0.3576	0.3648	0.3490	0.3332
0.1728	0.2203	0.2415	0.2533	0.2409	0.2454	0.2993	0.3443	0.3271	0.3555	0.3739	0.3888	0.4212	0.4952	0.5210	0.5446	0.6316	0.6240	0.6388	0.6368	0.6647	0.6537	0.6350	0.5725	0.6042	0.6505	0.6509	0.6737	0.6728	0.6908	0.7009	0.7302	0.7154	0.7515	0.7904	0.8091	0.8066	0.8369	0.7681	0.8151	0.8508	0.7651	0.6428	0.7845	0.7177	0.6466	0.6113	0.5900	0.5473	0.5444	0.5816	0.5441	0.5086	0.5006	0.4978	0.5169	0.5049	0.5133	0.4696	0.4159	0.4502	0.4589	0.4262	0.3763	0.3624	0.3599	0.3565	0.3354	0.3333
0.1560	0.1892	0.2124	0.2151	0.2477	0.2562	0.3015	0.3026	0.3122	0.3281	0.3955	0.4207	0.4741	0.5275	0.5487	0.5825	0.6787	0.6602	0.6572	0.6032	0.6636	0.6889	0.6217	0.6328	0.6341	0.5949	0.6521	0.6567	0.6675	0.6770	0.6979	0.7020	0.7081	0.7760	0.7535	0.7400	0.7719	0.7912	0.8209	0.7917	0.7966	0.7581	0.7059	0.6971	0.6770	0.6361	0.5948	0.5841	0.5644	0.5446	0.5544	0.5620	0.5369	0.5114	0.5221	0.5218	0.5055	0.4857	0.4671	0.4556	0.4725	0.4522	0.4188	0.4064	0.4031	0.4012	0.3717	0.3360	0.3333
0.1340	0.1844	0.2203	0.2443	0.2351	0.2596	0.3120	0.3023	0.2884	0.3113	0.3553	0.4191	0.4765	0.5045	0.5494	0.5910	0.6072	0.6575	0.6913	0.6379	0.6512	0.6885	0.6324	0.6247	0.6905	0.6104	0.6135	0.6315	0.6459	0.6558	0.6743	0.6908	0.6904	0.7634	0.7902	0.7435	0.7439	0.7804	0.7578	0.7114	0.7308	0.7243	0.7005	0.6513	0.6291	0.6144	0.6132	0.5733	0.5541	0.5535	0.5330	0.5309	0.5714	0.5452	0.5047	0.5031	0.5165	0.4836	0.4856	0.4485	0.4355	0.4578	0.4364	0.3981	0.3742	0.3865	0.3489	0.3209	0.3358
0.1811	0.2054	0.2146	0.2283	0.2490	0.2567	0.2884	0.3149	0.3121	0.3739	0.4107	0.4575	0.4967	0.4987	0.5336	0.5488	0.5841	0.6340	0.6508	0.6377	0.6159	0.6187	0.6235	0.6497	0.6353	0.6256	0.6046	0.6211	0.6691	0.6617	0.6480	0.7131	0.7556	0.7514	0.7631	0.7818	0.7951	0.7493	0.7365	0.7075	0.7171	0.6702	0.6362	0.5909	0.6130	0.5731	0.5714	0.5689	0.5652	0.5633	0.5541	0.5362	0.5746	0.5406	0.5221	0.5150	0.5134	0.5171	0.4947	0.4906	0.4680	0.4454	0.4475	0.3808	0.3718	0.3829	0.3424	0.3211	0.3116
0.2019	0.2056	0.2226	0.2361	0.2489	0.2516	0.2910	0.3109	0.3544	0.3864	0.4272	0.4452	0.5285	0.5643	0.5785	0.5460	0.5744	0.5976	0.6129	0.6046	0.6279	0.6017	0.5870	0.6026	0.6203	0.6271	0.6066	0.6118	0.6295	0.6352	0.7198	0.7008	0.7102	0.6936	0.7277	0.7294	0.7124	0.6926	0.6908	0.6997	0.6763	0.6421	0.5738	0.5878	0.6046	0.5915	0.5972	0.5868	0.5746	0.5707	0.6002	0.5822	0.5627	0.5172	0.5645	0.5511	0.5265	0.5347	0.4989	0.4621	0.4890	0.4548	0.4335	0.3983	0.3828	0.3825	0.3641	0.3659	0.3326
0.1789	0.2104	0.2209	0.2462	0.2553	0.2624	0.2902	0.2964	0.2990	0.3329	0.4032	0.4562	0.5172	0.5440	0.5501	0.5670	0.5600	0.5677	0.5977	0.5673	0.6193	0.5954	0.6191	0.6162	0.5733	0.6095	0.6215	0.6024	0.5980	0.6738	0.6630	0.7151	0.7120	0.6787	0.6792	0.6562	0.6688	0.6525	0.6857	0.6430	0.6285	0.5826	0.5897	0.5811	0.6159	0.5999	0.5674	0.5472	0.5842	0.5945	0.5906	0.5727	0.5578	0.5564	0.5683	0.5284	0.5117	0.5117	0.4976	0.4805	0.4832	0.4454	0.4435	0.4072	0.4064	0.3913	0.3616	0.3496	0.3218
0.1962	0.2327	0.2455	0.2527	0.2164	0.2484	0.2908	0.2972	0.3072	0.3605	0.4095	0.4698	0.5179	0.5158	0.5253	0.5598	0.5470	0.5550	0.5711	0.5939	0.5883	0.5806	0.5761	0.5668	0.5894	0.5753	0.6054	0.5938	0.6313	0.6563	0.6260	0.6789	0.6729	0.6597	0.6401	0.6272	0.6111	0.6310	0.6267	0.6083	0.6217	0.6297	0.6091	0.5554	0.5787	0.5532	0.5595	0.5667	0.5854	0.5244	0.5991	0.6070	0.6316	0.5680	0.5663	0.5334	0.4978	0.5038	0.4837	0.4778	0.4751	0.4572	0.4385	0.4018	0.3971	0.3878	0.3750	0.3588	0.3465
0.2052	0.2010	0.2274	0.2233	0.2133	0.2528	0.2907	0.2965	0.3240	0.3836	0.4235	0.4483	0.4727	0.4729	0.4932	0.5315	0.5546	0.5631	0.5825	0.5708	0.5984	0.5618	0.5468	0.5682	0.5755	0.5539	0.6322	0.6388	0.6249	0.6116	0.6299	0.6243	0.6359	0.6355	0.6029	0.6037	0.5990	0.6428	0.6048	0.6027	0.6166	0.5963	0.5925	0.5649	0.5607	0.5556	0.5862	0.5797	0.5750	0.5732	0.5923	0.5710	0.5761	0.5480	0.5414	0.5278	0.5061	0.5199	0.5015	0.4841	0.4552	0.4571	0.4592	0.4217	0.3951	0.3824	0.3650	0.3430	0.3416
0.2119	0.2067	0.2485	0.2468	0.2528	0.2591	0.3039	0.2979	0.3343	0.3746	0.4444	0.4761	0.4772	0.4632	0.4644	0.4799	0.5616	0.5767	0.5808	0.5837	0.5539	0.5597	0.5354	0.5933	0.5721	0.5592	0.5807	0.6238	0.6263	0.6456	0.6402	0.6705	0.7047	0.6517	0.5945	0.6092	0.6181	0.6327	0.5965	0.5980	0.6119	0.6082	0.5711	0.5970	0.5796	0.5595	0.5883	0.5874	0.5567	0.5918	0.6132	0.5690	0.5914	0.5263	0.5316	0.5439	0.4989	0.4869	0.4712	0.4696	0.4534	0.4520	0.4405	0.4365	0.4302	0.3984	0.3704	0.3952	0.3661
0.1843	0.2091	0.2488	0.2391	0.2550	0.2700	0.2844	0.3079	0.3518	0.4220	0.4371	0.4834	0.4569	0.4662	0.4743	0.5017	0.5492	0.5393	0.5422	0.5718	0.5638	0.5798	0.5892	0.5997	0.5912	0.5624	0.5407	0.5491	0.5922	0.6008	0.6592	0.6945	0.6920	0.6504	0.6451	0.6659	0.6889	0.6090	0.6027	0.6152	0.5857	0.6253	0.5898	0.5924	0.5537	0.5342	0.5659	0.5863	0.5994	0.6117	0.6246	0.6217	0.6095	0.5519	0.5253	0.5077	0.5394	0.5245	0.4934	0.4722	0.4441	0.4578	0.4300	0.4179	0.4288	0.4032	0.3769	0.3504	0.3443
0.1861	0.1983	0.2219	0.2351	0.2595	0.2847	0.2926	0.3333	0.3815	0.3876	0.4117	0.4350	0.4392	0.4612	0.4862	0.5562	0.5581	0.5377	0.5535	0.5730	0.5994	0.5868	0.5847	0.6394	0.6432	0.6088	0.5747	0.5994	0.6177	0.6292	0.6738	0.7083	0.7050	0.6579	0.7142	0.7144	0.6800	0.6589	0.6738	0.6321	0.5914	0.5967	0.6359	0.5795	0.5575	0.5699	0.5756	0.6140	0.5794	0.6112	0.6354	0.5942	0.6021	0.5791	0.5621	0.5529	0.5423	0.5604	0.4938	0.4751	0.4859	0.4762	0.4605	0.4440	0.4053	0.3743	0.3851	0.3627	0.3296
0.1908	0.2228	0.2365	0.2618	0.2506	0.2536	0.2986	0.3431	0.3936	0.3721	0.3961	0.4340	0.4264	0.4598	0.4658	0.5186	0.5601	0.5483	0.5635	0.5874	0.6337	0.6170	0.6104	0.6640	0.6604	0.6080	0.6419	0.6248	0.6510	0.6602	0.6516	0.6665	0.6737	0.6919	0.7353	0.7606	0.7448	0.7077	0.7279	0.6666	0.6476	0.6558	0.6400	0.6216	0.6020	0.5792	0.6213	0.6199	0.6194	0.5963	0.6103	0.6087	0.6299	0.5852	0.5623	0.5658	0.5533	0.5866	0.5163	0.4763	0.4702	0.4788	0.4693	0.4458	0.4102	0.3888	0.3858	0.3759	0.3584
0.1712	0.2280	0.2415	0.2579	0.2625	0.2606	0.2713	0.3670	0.3972	0.3956	0.4081	0.4246	0.4363	0.4913	0.4889	0.5234	0.5185	0.5646	0.5674	0.6287	0.6473	0.6068	0.6165	0.6503	0.6641	0.6179	0.6245	0.6586	0.6736	0.6688	0.6925	0.7058	0.7048	0.7427	0.7499	0.7461	0.7235	0.7282	0.7771	0.7017	0.6834	0.7050	0.7100	0.6951	0.6204	0.6536	0.6645	0.6064	0.6462	0.6623	0.6541	0.6262	0.5921	0.5599	0.5662	0.5565	0.5362	0.5594	0.5412	0.4872	0.4962	0.4652	0.4418	0.4622	0.4146	0.4184	0.4111	0.4185	0.3723
0.1752	0.2372	0.2588	0.2512	0.2839	0.2962	0.2799	0.3583	0.3999	0.3731	0.4121	0.4289	0.4597	0.4648	0.4829	0.5117	0.5533	0.6016	0.6030	0.6394	0.6504	0.6463	0.6683	0.6630	0.7183	0.6645	0.6836	0.6712	0.6888	0.6975	0.6820	0.7421	0.7445	0.7383	0.8069	0.7712	0.7353	0.7487	0.8138	0.7483	0.7589	0.7683	0.7570	0.7153	0.6970	0.7278	0.6740	0.6680	0.6485	0.7447	0.6848	0.6755	0.6306	0.6392	0.6098	0.5755	0.5676	0.5650	0.5364	0.5459	0.5081	0.4738	0.4695	0.4253	0.4277	0.4323	0.4047	0.3992	0.3585
0.1947	0.2296	0.2306	0.2397	0.2683	0.3030	0.3145	0.3502	0.3778	0.3493	0.3903	0.4307	0.4822	0.5194	0.5073	0.5117	0.5238	0.6072	0.6119	0.6542	0.6534	0.6595	0.6624	0.6426	0.7117	0.6615	0.6669	0.6862	0.7407	0.7026	0.7093	0.7199	0.7529	0.7908	0.8191	0.8228	0.8096	0.8188	0.8024	0.8145	0.8155	0.7946	0.8446	0.7889	0.7470	0.7806	0.7671	0.7642	0.7299	0.7514	0.7378	0.6904	0.6510	0.6265	0.6140	0.5920	0.5808	0.5690	0.5471	0.5584	0.5418	0.5154	0.5296	0.4712	0.4539	0.4347	0.4055	0.3979	0.3803
0.1526	0.2026	0.2464	0.2456	0.2425	0.3034	0.3539	0.3883	0.3776	0.3825	0.3984	0.4478	0.4586	0.4968	0.5081	0.5238	0.5969	0.6146	0.6168	0.6848	0.6918	0.6974	0.6511	0.6435	0.6535	0.6384	0.6726	0.7051	0.7508	0.7212	0.7331	0.7956	0.7965	0.8286	0.8235	0.8483	0.8824	0.8584	0.8371	0.8974	0.8793	0.8968	0.7754	0.6227	0.6846	0.8041	0.8103	0.8241	0.8276	0.8034	0.7841	0.7056	0.6746	0.6496	0.6190	0.6345	0.6085	0.6046	0.6220	0.5570	0.5457	0.5235	0.5237	0.4899	0.4656	0.4390	0.4130	0.4072	0.4246
0.1929	0.2168	0.2732	0.2751	0.2953	0.3104	0.3354	0.3532	0.3890	0.4203	0.4261	0.4564	0.4818	0.4945	0.5515	0.5644	0.6350	0.6950	0.7004	0.6938	0.6863	0.7291	0.6964	0.6876	0.7164	0.7176	0.7060	0.7269	0.7862	0.7404	0.8285	0.8559	0.8194	0.8496	0.8820	0.9004	0.9081	0.8992	0.9079	0.8908	0.7439	0.7017	0.6942	0.4762	0.5455	0.6327	0.6739	0.8831	0.8889	0.8610	0.8272	0.7949	0.7278	0.6844	0.6455	0.6072	0.6532	0.6626	0.6152	0.5635	0.5561	0.5372	0.5186	0.5175	0.4909	0.4491	0.4780	0.4511	0.4096
0.2261	0.2949	0.3423	0.3987	0.4204	0.4159	0.3844	0.3966	0.4241	0.4295	0.4849	0.5011	0.4767	0.5247	0.5565	0.5883	0.6706	0.6709	0.6599	0.6584	0.6689	0.7389	0.7041	0.6935	0.7492	0.7185	0.7441	0.7711	0.7937	0.7936	0.8337	0.9261	0.9385	0.9213	0.9891	0.9495	0.9611	0.9564	0.9130	0.6768	0.4423	0.4495	0.4862	0.4422	0.4400	0.4527	0.5316	0.7650	0.6869	0.6558	0.6433	0.8032	0.8090	0.7353	0.6739	0.6573	0.6557	0.6651	0.5963	0.5701	0.5984	0.5800	0.5560	0.5472	0.5211	0.5185	0.4965	0.4558	0.4105
0.1345	0.2638	0.3738	0.5252	0.5449	0.5908	0.5863	0.5684	0.5583	0.5587	0.5450	0.5631	0.5449	0.5689	0.6049	0.6031	0.6222	0.7120	0.6851	0.6990	0.7126	0.7340	0.7576	0.7357	0.7275	0.7505	0.7627	0.7657	0.8013	0.8055	0.8879	0.8839	0.9103	0.9281	0.9322	0.8837	0.9096	0.8461	0.7020	0.3921	0.3178	0.3388	0.3798	0.3913	0.3855	0.3988	0.4242	0.4973	0.4727	0.4990	0.6834	0.8555	0.8629	0.7604	0.7145	0.6861	0.6682	0.6596	0.6321	0.6190	0.6364	0.6354	0.5941	0.5740	0.5695	0.5525	0.5499	0.4825	0.4279
0.0966	0.1353	0.1804	0.2565	0.3855	0.5113	0.6041	0.6619	0.6551	0.7008	0.7205	0.6533	0.7070	0.7166	0.7307	0.7487	0.7277	0.7422	0.7251	0.7343	0.8001	0.7610	0.7730	0.7715	0.7900	0.7589	0.7385	0.7412	0.8330	0.8459	0.8317	0.9075	0.8565	0.8488	0.8440	0.7023	0.5760	0.5386	0.3589	0.3105	0.3085	0.2985	0.3412	0.3359	0.3529	0.3639	0.3812	0.4066	0.4360	0.5311	0.7866	0.9018	0.8032	0.7544	0.7095	0.7166	0.7053	0.6813	0.6561	0.6508	0.6634	0.6754	0.6260	0.5966	0.5857	0.5850	0.5498	0.5190	0.4580
0.0406	0.0604	0.0917	0.1071	0.1204	0.1777	0.2267	0.3273	0.3966	0.5027	0.5884	0.6196	0.7080	0.6890	0.7524	0.7420	0.7861	0.7849	0.7466	0.7945	0.8658	0.7880	0.7959	0.7684	0.8050	0.7495	0.7250	0.7223	0.8297	0.8701	0.8115	0.6600	0.5359	0.5821	0.5858	0.4392	0.3234	0.3128	0.2793	0.2887	0.2971	0.2844	0.3061	0.3069	0.3350	0.3440	0.3867	0.3957	0.4160	0.5096	0.8368	0.9137	0.8095	0.7461	0.7031	0.7227	0.7267	0.6670	0.6229	0.6531	0.6755	0.6325	0.6543	0.6187	0.6413	0.6068	0.5350	0.4991	0.4537
0.0201	0.0316	0.0379	0.0682	0.0675	0.0779	0.1033	0.1313	0.1561	0.1849	0.2381	0.2898	0.3676	0.3771	0.4079	0.4373	0.4764	0.5825	0.6477	0.6620	0.6881	0.7097	0.7433	0.7436	0.6787	0.5550	0.4853	0.4842	0.5452	0.6146	0.6558	0.3846	0.2807	0.3286	0.3130	0.2588	0.2632	0.2771	0.2603	0.2616	0.2956	0.2846	0.2903	0.3030	0.3167	0.3215	0.3634	0.3843	0.4049	0.4890	0.7239	0.8429	0.8115	0.7873	0.7376	0.7463	0.7644	0.7100	0.6656	0.6730	0.6614	0.6306	0.6502	0.6530	0.5680	0.4962	0.5475	0.5283	0.4735
0.0300	0.0191	0.0242	0.0561	0.0600	0.0689	0.0927	0.1059	0.1007	0.1146	0.1196	0.1139	0.1344	0.1421	0.1551	0.1765	0.1940	0.2192	0.2453	0.2771	0.2943	0.3031	0.3804	0.3940	0.2870	0.2449	0.2471	0.2617	0.2569	0.2789	0.3225	0.2848	0.2486	0.2387	0.2310	0.2410	0.2490	0.2425	0.2505	0.2547	0.2535	0.2617	0.2642	0.2759	0.2934	0.3102	0.3225	0.3581	0.3893	0.4340	0.6567	0.8370	0.7762	0.7682	0.7145	0.7823	0.7829	0.7345	0.6758	0.6944	0.6506	0.6588	0.6605	0.6290	0.4502	0.4653	0.5611	0.5360	0.5150
0.0195	0.0191	0.0415	0.0451	0.0432	0.0603	0.0669	0.0804	0.0659	0.0880	0.0902	0.0892	0.0949	0.0972	0.1018	0.1275	0.1266	0.1190	0.1327	0.1428	0.1396	0.1498	0.1451	0.1717	0.1644	0.1649	0.1691	0.1595	0.1763	0.1795	0.1845	0.1947	0.1982	0.1991	0.2049	0.2025	0.2178	0.2212	0.2232	0.2313	0.2235	0.2374	0.2555	0.2599	0.2754	0.3005	0.3132	0.3449	0.3812	0.4389	0.7038	0.8631	0.8355	0.7716	0.7750	0.7350	0.7239	0.7087	0.7111	0.6965	0.6801	0.6520	0.6324	0.5194	0.3637	0.4350	0.5764	0.5721	0.5162
0.0065	0.0097	0.0308	0.0330	0.0371	0.0718	0.0553	0.0753	0.0703	0.0717	0.0793	0.0731	0.0749	0.0806	0.0893	0.1049	0.1018	0.1166	0.1229	0.1158	0.1250	0.1253	0.1153	0.1332	0.1212	0.1164	0.1219	0.1215	0.1295	0.1344	0.1436	0.1469	0.1484	0.1395	0.1495	0.1576	0.1624	0.1696	0.1832	0.1755	0.1853	0.2065	0.2142	0.2400	0.2601	0.2661	0.2840	0.3183	0.3516	0.3887	0.6478	0.8891	0.8626	0.7706	0.8058	0.7897	0.7625	0.7332	0.6996	0.7033	0.7063	0.6255	0.4571	0.3480	0.2988	0.3371	0.4091	0.4728	0.5397
0.0265	0.0174	0.0282	0.0359	0.0414	0.0505	0.0643	0.0721	0.0629	0.0625	0.0694	0.0752	0.0771	0.0838	0.0878	0.0835	0.0926	0.0944	0.0980	0.0983	0.0963	0.0976	0.0999	0.1204	0.1019	0.1049	0.1070	0.1031	0.1061	0.1096	0.1125	0.0997	0.1040	0.1110	0.1114	0.1094	0.1187	0.1271	0.1214	0.1270	0.1306	0.1373	0.1527	0.1857	0.1916	0.1878	0.2029	0.2332	0.2728	0.3101	0.4849	0.8065	0.8311	0.7247	0.6576	0.5728	0.5217	0.5779	0.5466	0.5196	0.4393	0.3464	0.2854	0.2807	0.2740	0.3155	0.3130	0.3736	0.5360
0.0110	0.0006	0.0158	0.0310	0.0274	0.0553	0.0581	0.0580	0.0526	0.0475	0.0543	0.0544	0.0641	0.0616	0.0672	0.0660	0.0877	0.0800	0.0835	0.0795	0.0710	0.0727	0.0821	0.0765	0.0821	0.0853	0.0768	0.0980	0.1025	0.0931	0.0910	0.0801	0.0929	0.0929	0.0983	0.0915	0.0960	0.0954	0.0972	0.0958	0.0909	0.0977	0.1071	0.1173	0.1244	0.1282	0.1366	0.1664	0.1850	0.2172	0.3030	0.5734	0.7381	0.6017	0.3432	0.2468	0.2359	0.2547	0.2533	0.2678	0.2530	0.2414	0.2394	0.2438	0.2316	0.2683	0.2681	0.3114	0.3511
0.0061	0.0138	0.0200	0.0231	0.0301	0.0414	0.0358	0.0400	0.0409	0.0488	0.0485	0.0491	0.0690	0.0561	0.0637	0.0717	0.0744	0.0760	0.0718	0.0729	0.0749	0.0796	0.0758	0.0831	0.0799	0.0848	0.0848	0.0907	0.0910	0.0904	0.0812	0.0742	0.0822	0.0809	0.0816	0.0765	0.0868	0.0814	0.0779	0.0816	0.0857	0.0829	0.0852	0.0834	0.0953	0.0951	0.1021	0.1169	0.1306	0.1460	0.1740	0.2785	0.4602	0.3499	0.1775	0.1589	0.1619	0.1703	0.1867	0.2009	0.1967	0.1901	0.1918	0.2060	0.2080	0.2117	0.2124	0.2276	0.2396
0.0000	0.0100	0.0364	0.0238	0.0150	0.0144	0.0257	0.0417	0.0339	0.0396	0.0382	0.0492	0.0565	0.0497	0.0634	0.0616	0.0645	0.0626	0.0711	0.0676	0.0701	0.0712	0.0657	0.0714	0.0694	0.0789	0.0785	0.0735	0.0790	0.0820	0.0753	0.0737	0.0801	0.0741	0.0666	0.0689	0.0682	0.0741	0.0803	0.0766	0.0740	0.0674	0.0873	0.0721	0.0803	0.0853	0.0941	0.0880	0.1014	0.1096	0.1186	0.1254	0.1454	0.1386	0.1335	0.1292	0.1326	0.1262	0.1462	0.1614	0.1554	0.1460	0.1478	0.1791	0.1724	0.1750	0.1814	0.1952	0.1872
0.0000	0.0000	0.0048	0.0120	0.0007	0.0138	0.0392	0.0330	0.0354	0.0213	0.0295	0.0492	0.0453	0.0386	0.0516	0.0516	0.0657	0.0569	0.0566	0.0618	0.0643	0.0488	0.0563	0.0694	0.0643	0.0763	0.0704	0.0614	0.0676	0.0694	0.0564	0.0727	0.0725	0.0706	0.0625	0.0715	0.0737	0.0674	0.0622	0.0691	0.0727	0.0690	0.0715	0.0741	0.0701	0.0739	0.0749	0.0756	0.0875	0.0831	0.0980	0.0959	0.0915	0.1014	0.0990	0.1030	0.0962	0.0924	0.1164	0.1148	0.1061	0.1095	0.1080	0.1144	0.1302	0.1364	0.1431	0.1319	0.1498
0.0000	0.0000	0.0000	0.0115	0.0289	0.0231	0.0187	0.0319	0.0436	0.0359	0.0368	0.0367	0.0491	0.0353	0.0434	0.0567	0.0561	0.0560	0.0660	0.0569	0.0588	0.0685	0.0635	0.0561	0.0687	0.0710	0.0633	0.0603	0.0654	0.0615	0.0551	0.0621	0.0546	0.0564	0.0575	0.0712	0.0735	0.0629	0.0587	0.0621	0.0693	0.0705	0.0705	0.0677	0.0738	0.0717	0.0684	0.0737	0.0674	0.0743	0.0837	0.0829	0.0771	0.0907	0.0880	0.0752	0.0872	0.0842	0.0888	0.0879	0.0922	0.0836	0.0884	0.0994	0.1088	0.0976	0.0920	0.0924	0.1102
0.0000	0.0000	0.0000	0.0022	0.0310	0.0209	0.0117	0.0303	0.0232	0.0200	0.0288	0.0365	0.0355	0.0289	0.0410	0.0418	0.0414	0.0490	0.0459	0.0513	0.0503	0.0496	0.0534	0.0601	0.0652	0.0613	0.0586	0.0485	0.0536	0.0584	0.0601	0.0570	0.0561	0.0677	0.0537	0.0555	0.0603	0.0514	0.0561	0.0632	0.0613	0.0614	0.0671	0.0596	0.0628	0.0618	0.0594	0.0577	0.0601	0.0691	0.0691	0.0692	0.0740	0.0739	0.0709	0.0750	0.0829	0.0760	0.0842	0.0828	0.0894	0.0779	0.0784	0.0909	0.0925	0.0759	0.0724	0.0679	0.0788
0.0000	0.0000	0.0000	0.0051	0.0042	0.0140	0.0148	0.0164	0.0159	0.0092	0.0210	0.0264	0.0347	0.0230	0.0266	0.0383	0.0396	0.0341	0.0419	0.0450	0.0505	0.0391	0.0385	0.0495	0.0557	0.0612	0.0570	0.0552	0.0578	0.0507	0.0461	0.0472	0.0562	0.0614	0.0486	0.0472	0.0469	0.0521	0.0578	0.0514	0.0528	0.0524	0.0592	0.0550	0.0515	0.0577	0.0637	0.0580	0.0518	0.0620	0.0709	0.0714	0.0675	0.0701	0.0702	0.0716	0.0754	0.0666	0.0811	0.0831	0.0850	0.0675	0.0745	0.0801	0.0770	0.0758	0.0743	0.0775	0.0779
0.0000	0.0000	0.0000	0.0089	0.0000	0.0000	0.0200	0.0104	0.0091	0.0136	0.0163	0.0314	0.0279	0.0265	0.0251	0.0327	0.0348	0.0416	0.0312	0.0239	0.0354	0.0405	0.0358	0.0441	0.0456	0.0524	0.0512	0.0561	0.0557	0.0573	0.0612	0.0563	0.0529	0.0522	0.0499	0.0417	0.0549	0.0513	0.0522	0.0488	0.0523	0.0470	0.0582	0.0556	0.0473	0.0484	0.0562	0.0537	0.0523	0.0554	0.0684	0.0684	0.0728	0.0689	0.0693	0.0655	0.0722	0.0650	0.0705	0.0813	0.0810	0.0693	0.0672	0.0643	0.0557	0.0710	0.0689	0.0706	0.0670
0.0000	0.0000	0.0011	0.0000	0.0090	0.0083	0.0024	0.0061	0.0154	0.0147	0.0173	0.0238	0.0313	0.0135	0.0189	0.0292	0.0416	0.0277	0.0221	0.0366	0.0404	0.0389	0.0351	0.0314	0.0372	0.0480	0.0425	0.0434	0.0464	0.0513	0.0495	0.0502	0.0509	0.0551	0.0518	0.0413	0.0431	0.0492	0.0481	0.0503	0.0513	0.0444	0.0489	0.0443	0.0459	0.0562	0.0548	0.0580	0.0486	0.0527	0.0638	0.0585	0.0629	0.0589	0.0668	0.0635	0.0691	0.0642	0.0701	0.0667	0.0600	0.0520	0.0547	0.0702	0.0613	0.0516	0.0529	0.0485	0.0459
0.0000	0.0000	0.0000	0.0000	0.0000	0.0168	0.0000	0.0038	0.0080	0.0107	0.0030	0.0156	0.0188	0.0173	0.0252	0.0297	0.0353	0.0175	0.0169	0.0235	0.0246	0.0308	0.0309	0.0365	0.0434	0.0344	0.0407	0.0425	0.0430	0.0479	0.0359	0.0373	0.0450	0.0441	0.0460	0.0345	0.0335	0.0383	0.0411	0.0489	0.0429	0.0446	0.0484	0.0416	0.0457	0.0576	0.0492	0.0473	0.0443	0.0438	0.0494	0.0500	0.0517	0.0573	0.0705	0.0634	0.0657	0.0579	0.0520	0.0494	0.0522	0.0473	0.0448	0.0586	0.0526	0.0400	0.0451	0.0473	0.0329
0.0000	0.0000	0.0000	0.0000	0.0000	0.0049	0.0085	0.0000	0.0000	0.0096	0.0323	0.0214	0.0036	0.0199	0.0200	0.0168	0.0313	0.0272	0.0179	0.0277	0.0364	0.0355	0.0267	0.0375	0.0454	0.0440	0.0384	0.0371	0.0340	0.0364	0.0422	0.0368	0.0378	0.0383	0.0425	0.0374	0.0391	0.0447	0.0345	0.0426	0.0434	0.0425	0.0340	0.0433	0.0573	0.0408	0.0502	0.0506	0.0472	0.0555	0.0524	0.0567	0.0490	0.0525	0.0589	0.0711	0.0545	0.0534	0.0494	0.0476	0.0563	0.0515	0.0476	0.0541	0.0562	0.0424	0.0476	0.0475	0.0396
