0.0000	0.0000	0.0000	0.0000	0.0000	0.0000	0.0000	0.0010	0.0162	0.0195	0.0047	0.0228	0.0213	0.0344	0.0395	0.0387	0.0333	0.0253	0.0337	0.0457	0.0600	0.0435	0.0667	0.0599	0.0761	0.0763	0.0663	0.0645	0.0666	0.0728	0.0700	0.0906	0.0764	0.0929	0.0807	0.0767	0.0712	0.0728	0.0929	0.0789	0.0831	0.0978	0.0986	0.0864	0.0913	0.0930	0.0829	0.0911	0.0802	0.0844	0.0963	0.0678	0.0633	0.0795	0.0844	0.0901	0.0965	0.0848	0.0710	0.0611	0.0678	0.0645	0.0579	0.0501	0.0482	0.0456	0.0449	0.0399	0.0360
0.0000	0.0000	0.0000	0.0114	0.0148	0.0008	0.0037	0.0157	0.0374	0.0277	0.0149	0.0220	0.0239	0.0251	0.0316	0.0422	0.0424	0.0439	0.0404	0.0443	0.0573	0.0494	0.0603	0.0750	0.0686	0.0747	0.0806	0.0773	0.0776	0.0940	0.1029	0.0807	0.0782	0.0975	0.1010	0.1087	0.0947	0.0934	0.1011	0.0927	0.0770	0.0915	0.1043	0.1030	0.0978	0.0789	0.0726	0.1015	0.1048	0.0872	0.1110	0.0912	0.0659	0.0933	0.0924	0.0848	0.0937	0.0897	0.0767	0.0885	0.0744	0.0681	0.0601	0.0596	0.0581	0.0444	0.0335	0.0404	0.0446
0.0000	0.0000	0.0000	0.0047	0.0023	0.0033	0.0076	0.0258	0.0259	0.0213	0.0216	0.0249	0.0355	0.0297	0.0347	0.0487	0.0427	0.0421	0.0586	0.0564	0.0573	0.0605	0.0606	0.0714	0.0710	0.0765	0.0908	0.0707	0.0941	0.1110	0.0979	0.0800	0.1059	0.1157	0.0846	0.0911	0.0994	0.1025	0.0927	0.0984	0.0984	0.1157	0.1144	0.1071	0.1064	0.0995	0.0971	0.1058	0.1042	0.0969	0.1006	0.1043	0.0997	0.1004	0.0913	0.0991	0.1004	0.0917	0.0825	0.1003	0.0921	0.0829	0.0670	0.0535	0.0488	0.0637	0.0485	0.0525	0.0534
0.0000	0.0000	0.0132	0.0000	0.0164	0.0139	0.0117	0.0188	0.0214	0.0180	0.0204	0.0432	0.0485	0.0360	0.0323	0.0508	0.0593	0.0605	0.0492	0.0512	0.0561	0.0620	0.0691	0.0676	0.0812	0.0827	0.0927	0.0764	0.0933	0.0915	0.0866	0.0947	0.1025	0.1068	0.0980	0.0998	0.0852	0.0994	0.1062	0.1116	0.1084	0.1142	0.1142	0.1228	0.1143	0.1138	0.1099	0.0974	0.0971	0.0993	0.1183	0.1110	0.1070	0.1100	0.1114	0.0978	0.0984	0.0962	0.0874	0.0858	0.0892	0.0773	0.0784	0.0706	0.0646	0.0625	0.0596	0.0641	0.0687
0.0000	0.0000	0.0030	0.0129	0.0093	0.0169	0.0198	0.0149	0.0343	0.0314	0.0192	0.0419	0.0467	0.0355	0.0343	0.0487	0.0565	0.0542	0.0519	0.0502	0.0666	0.0716	0.0613	0.0688	0.0784	0.0796	0.0920	0.0730	0.0992	0.0989	0.0945	0.0935	0.1093	0.1225	0.1102	0.0984	0.0772	0.0890	0.1071	0.1038	0.0941	0.0972	0.1219	0.1241	0.1076	0.1145	0.1092	0.1171	0.1070	0.1245	0.1108	0.1095	0.1077	0.1126	0.1040	0.0993	0.1090	0.1128	0.0995	0.0968	0.0910	0.0952	0.0883	0.0817	0.0830	0.0600	0.0671	0.0697	0.0824
0.0000	0.0000	0.0007	0.0201	0.0145	0.0215	0.0159	0.0231	0.0336	0.0383	0.0210	0.0329	0.0617	0.0487	0.0378	0.0483	0.0645	0.0701	0.0410	0.0678	0.0789	0.0800	0.0721	0.0652	0.1021	0.0739	0.0710	0.0925	0.1025	0.1044	0.1039	0.0945	0.1200	0.1382	0.1261	0.1091	0.1084	0.0970	0.0887	0.1049	0.0972	0.1097	0.1296	0.1103	0.1114	0.1254	0.1235	0.1559	0.1511	0.1470	0.1149	0.1262	0.1198	0.1308	0.1363	0.1475	0.1709	0.1804	0.1484	0.1216	0.1023	0.0966	0.0947	0.1101	0.0935	0.0711	0.0793	0.0933	0.0828
0.0000	0.0052	0.0242	0.0198	0.0140	0.0298	0.0268	0.0186	0.0325	0.0315	0.0521	0.0582	0.0666	0.0520	0.0462	0.0634	0.0678	0.0668	0.0749	0.0607	0.0852	0.0855	0.0762	0.0745	0.0952	0.1106	0.1009	0.0876	0.1217	0.1270	0.1011	0.0947	0.1315	0.1402	0.1384	0.1217	0.1150	0.1112	0.1060	0.1122	0.1089	0.1388	0.1434	0.1120	0.1304	0.1351	0.1408	0.1588	0.1550	0.1410	0.1539	0.1480	0.1724	0.1501	0.1749	0.2268	0.3915	0.3967	0.3282	0.2564	0.1438	0.1139	0.1049	0.1403	0.1190	0.1091	0.1046	0.0968	0.0947
0.0000	0.0000	0.0246	0.0210	0.0182	0.0287	0.0172	0.0536	0.0461	0.0367	0.0372	0.0571	0.0643	0.0502	0.0619	0.0861	0.0744	0.0805	0.0795	0.0609	0.0855	0.0953	0.0882	0.0765	0.0915	0.1106	0.1082	0.0942	0.1276	0.1293	0.1184	0.1180	0.1271	0.1172	0.1361	0.1274	0.1319	0.1515	0.1474	0.1256	0.1227	0.1518	0.1517	0.1316	0.1403	0.1508	0.1750	0.1942	0.1904	0.1988	0.1899	0.1941	0.2105	0.2174	0.2461	0.3199	0.4794	0.4313	0.3929	0.3195	0.2243	0.1440	0.1357	0.1483	0.1498	0.1401	0.1307	0.1192	0.1374
0.0136	0.0000	0.0143	0.0226	0.0363	0.0314	0.0339	0.0617	0.0485	0.0529	0.0441	0.0475	0.0627	0.0602	0.0682	0.0737	0.0656	0.0733	0.0758	0.0782	0.1006	0.0981	0.0941	0.0947	0.1046	0.1026	0.1067	0.1119	0.1354	0.1320	0.1119	0.1211	0.1386	0.1295	0.1406	0.1400	0.1297	0.1339	0.1488	0.1581	0.1449	0.1517	0.1762	0.1748	0.1813	0.2088	0.2427	0.3351	0.4096	0.4319	0.3627	0.3728	0.4137	0.4918	0.4235	0.3886	0.4772	0.4217	0.3614	0.3593	0.2355	0.1506	0.1528	0.1612	0.1604	0.1528	0.1597	0.1834	0.1675
0.0004	0.0058	0.0228	0.0356	0.0253	0.0290	0.0399	0.0607	0.0522	0.0525	0.0666	0.0684	0.0676	0.0663	0.0876	0.0754	0.0714	0.0858	0.0978	0.0910	0.0988	0.0941	0.0953	0.1171	0.1274	0.1267	0.1061	0.1190	0.1343	0.1257	0.1223	0.1160	0.1423	0.1569	0.1649	0.1510	0.1587	0.1732	0.1690	0.1822	0.1826	0.1879	0.2032	0.2257	0.2719	0.2914	0.4293	0.5912	0.6392	0.6475	0.6229	0.5697	0.6284	0.6141	0.5426	0.4623	0.4979	0.4658	0.3570	0.3365	0.2889	0.2076	0.1761	0.1894	0.1929	0.1668	0.2183	0.2629	0.2426
0.0037	0.0162	0.0161	0.0232	0.0261	0.0526	0.0420	0.0371	0.0451	0.0585	0.0540	0.0523	0.0628	0.0690	0.0759	0.0845	0.0919	0.0990	0.1044	0.1010	0.1034	0.1093	0.0990	0.1098	0.1446	0.1393	0.1286	0.1469	0.1469	0.1382	0.1508	0.1584	0.1793	0.2020	0.1978	0.1959	0.1995	0.2039	0.2202	0.2096	0.2274	0.2800	0.2926	0.3055	0.3425	0.3445	0.4305	0.6106	0.6763	0.6443	0.6827	0.6466	0.5787	0.5755	0.5625	0.5251	0.4937	0.4129	0.3661	0.3675	0.3165	0.2225	0.2067	0.2285	0.2384	0.2125	0.2450	0.2635	0.2542
0.0068	0.0224	0.0371	0.0291	0.0371	0.0433	0.0479	0.0602	0.0659	0.0508	0.0551	0.0627	0.0771	0.0866	0.0688	0.0896	0.0901	0.1152	0.1110	0.1113	0.1191	0.1284	0.1260	0.1184	0.1503	0.1506	0.1524	0.1674	0.1688	0.1853	0.1932	0.1964	0.2200	0.2206	0.2314	0.2315	0.2485	0.2592	0.2801	0.2981	0.2999	0.3262	0.3515	0.3389	0.3486	0.3735	0.4002	0.4519	0.6149	0.6926	0.6705	0.6477	0.6233	0.6260	0.5452	0.5105	0.5232	0.4844	0.4221	0.4074	0.4078	0.3427	0.2825	0.3667	0.3434	0.3081	0.2702	0.2925	0.2802
0.0137	0.0322	0.0272	0.0435	0.0429	0.0298	0.0461	0.0619	0.0648	0.0616	0.0736	0.0717	0.0771	0.0909	0.0721	0.0916	0.1017	0.1253	0.1215	0.1344	0.1327	0.1500	0.1507	0.1444	0.1710	0.1940	0.1784	0.1938	0.2055	0.2201	0.2373	0.2665	0.2920	0.3113	0.3464	0.2946	0.2844	0.3092	0.3113	0.3354	0.3617	0.3533	0.3848	0.4312	0.4608	0.3991	0.4186	0.4228	0.5398	0.5858	0.6098	0.6325	0.6626	0.6576	0.5921	0.5257	0.5340	0.5027	0.4567	0.4541	0.4491	0.4625	0.4443	0.4962	0.4421	0.3774	0.3270	0.3280	0.3150
0.0389	0.0230	0.0329	0.0365	0.0337	0.0469	0.0618	0.0542	0.0677	0.0950	0.1025	0.0932	0.1004	0.0996	0.0935	0.1216	0.1313	0.1311	0.1412	0.1462	0.1498	0.1551	0.1778	0.1892	0.2048	0.2371	0.2941	0.3393	0.2928	0.3144	0.3357	0.4082	0.5247	0.6231	0.6153	0.4545	0.3621	0.3684	0.3808	0.3873	0.4557	0.5213	0.5985	0.6572	0.7095	0.6061	0.5274	0.5172	0.6041	0.6115	0.6658	0.6594	0.6508	0.6004	0.6092	0.5724	0.5702	0.5040	0.4598	0.4809	0.4818	0.4886	0.5030	0.4764	0.4247	0.3900	0.3725	0.3084	0.3067
0.0207	0.0255	0.0505	0.0543	0.0481	0.0636	0.0749	0.0831	0.0947	0.0976	0.0920	0.0989	0.1208	0.1152	0.1299	0.1507	0.1591	0.1664	0.1644	0.1845	0.2025	0.2152	0.2329	0.2748	0.3103	0.3939	0.5753	0.6845	0.6114	0.6179	0.6009	0.7511	0.9058	0.9000	0.7878	0.7086	0.5398	0.5073	0.5179	0.5259	0.5992	0.7150	0.7914	0.7806	0.7438	0.7374	0.7238	0.7277	0.7792	0.7070	0.7471	0.6706	0.6322	0.5769	0.5761	0.5959	0.6168	0.5503	0.4579	0.4969	0.4800	0.4773	0.5093	0.4904	0.4285	0.3608	0.3497	0.3112	0.3494
0.0119	0.0290	0.0426	0.0587	0.0795	0.0731	0.0761	0.1259	0.1110	0.1013	0.1118	0.1423	0.1442	0.1449	0.1773	0.1867	0.2296	0.2407	0.2534	0.2601	0.3026	0.3526	0.3603	0.3976	0.4495	0.5701	0.7842	0.8075	0.8679	0.8364	0.8325	0.9274	0.9104	0.8723	0.8605	0.8572	0.8384	0.7465	0.7157	0.6621	0.7682	0.7240	0.7458	0.7344	0.7190	0.7421	0.7192	0.7065	0.6719	0.6931	0.6810	0.6854	0.6284	0.5978	0.5744	0.6103	0.5936	0.5390	0.4579	0.5116	0.4685	0.4615	0.5119	0.5120	0.4078	0.3720	0.3464	0.3864	0.3715
0.0429	0.0409	0.0604	0.0694	0.0905	0.0858	0.1148	0.1514	0.1366	0.1459	0.1765	0.2117	0.2440	0.2517	0.2757	0.2805	0.2966	0.3220	0.3416	0.3580	0.3944	0.4200	0.4411	0.4606	0.5085	0.6266	0.7897	0.7952	0.8086	0.7541	0.7778	0.8520	0.8388	0.8196	0.8527	0.7928	0.8364	0.8148	0.8050	0.7177	0.7353	0.6917	0.7222	0.7262	0.6884	0.6738	0.6752	0.6914	0.6078	0.6551	0.6452	0.6664	0.6134	0.5929	0.5776	0.5509	0.5391	0.5250	0.4924	0.4830	0.4470	0.4461	0.4684	0.4567	0.4139	0.3542	0.3459	0.3442	0.3370
0.0551	0.0648	0.1011	0.1511	0.1641	0.1853	0.2345	0.2793	0.3080	0.2860	0.2999	0.3107	0.3303	0.3279	0.3405	0.3777	0.3761	0.3966	0.4099	0.4167	0.4674	0.4737	0.4555	0.5184	0.6445	0.7258	0.7643	0.7634	0.7107	0.7674	0.7595	0.8042	0.7895	0.7893	0.7808	0.7309	0.7263	0.7471	0.7183	0.6833	0.6631	0.6532	0.6768	0.6855	0.6500	0.6304	0.6401	0.6394	0.6381	0.6253	0.6081	0.6123	0.6142	0.5641	0.5312	0.5216	0.5112	0.5063	0.5241	0.4545	0.4249	0.4500	0.4637	0.4454	0.3997	0.3450	0.3516	0.3357	0.3163
0.0803	0.1348	0.2158	0.3166	0.3839	0.4879	0.5590	0.5436	0.6149	0.6069	0.5455	0.5146	0.5561	0.5832	0.5786	0.6019	0.6308	0.6250	0.6073	0.5060	0.5435	0.5769	0.6305	0.6791	0.7103	0.6855	0.7251	0.6911	0.6755	0.7661	0.7176	0.6707	0.7316	0.7823	0.7362	0.7230	0.6996	0.7070	0.7087	0.6810	0.6478	0.6281	0.6820	0.6324	0.6413	0.6633	0.6154	0.5999	0.6152	0.6434	0.6364	0.5804	0.5759	0.5358	0.5313	0.4960	0.4538	0.4491	0.4727	0.4335	0.4568	0.4413	0.4358	0.4111	0.3882	0.3575	0.3418	0.3216	0.3376
0.1857	0.2588	0.3588	0.4371	0.4523	0.5586	0.5693	0.5920	0.6421	0.6132	0.6264	0.6550	0.7496	0.7100	0.7273	0.7695	0.8105	0.8434	0.7956	0.7005	0.7037	0.7097	0.6865	0.7288	0.6595	0.5788	0.6467	0.6482	0.6210	0.7027	0.6801	0.6493	0.6683	0.7122	0.6799	0.6973	0.6885	0.6788	0.6423	0.6592	0.6610	0.6629	0.6548	0.6344	0.6605	0.6077	0.5822	0.6066	0.6237	0.5777	0.5703	0.5454	0.5357	0.5290	0.5358	0.5108	0.4749	0.4723	0.4508	0.4244	0.4249	0.4321	0.4213	0.4073	0.4010	0.3713	0.3277	0.3353	0.3156
0.1935	0.2545	0.3009	0.3290	0.3530	0.3852	0.3975	0.4369	0.4342	0.4608	0.5008	0.5500	0.6588	0.6442	0.6483	0.6849	0.7164	0.7539	0.6983	0.6910	0.6634	0.6152	0.5736	0.6040	0.5722	0.5729	0.5608	0.5920	0.5932	0.5972	0.6589	0.6479	0.6615	0.7168	0.6909	0.6507	0.6439	0.6435	0.6326	0.6278	0.6130	0.6283	0.6371	0.6437	0.6136	0.5869	0.6265	0.6104	0.5894	0.5546	0.5922	0.5506	0.5112	0.5299	0.5118	0.4958	0.4930	0.4815	0.4603	0.4086	0.4085	0.4244	0.3891	0.3839	0.3780	0.3386	0.3258	0.3356	0.2980
0.1640	0.2199	0.2646	0.2760	0.2809	0.2952	0.3240	0.3676	0.3892	0.4142	0.4517	0.4802	0.5397	0.5922	0.6170	0.6330	0.6980	0.7031	0.6390	0.5649	0.5657	0.5779	0.5712	0.5513	0.5229	0.5402	0.5400	0.5551	0.5767	0.6005	0.6035	0.5832	0.6288	0.6385	0.6654	0.6496	0.6243	0.6385	0.5959	0.6362	0.6626	0.6410	0.6192	0.6382	0.6161	0.5854	0.5741	0.5964	0.5422	0.5384	0.5594	0.5425	0.5095	0.5056	0.4882	0.5019	0.4840	0.4764	0.4170	0.4063	0.4312	0.4043	0.3842	0.3590	0.3469	0.3342	0.3170	0.2934	0.2895
0.1525	0.1995	0.2074	0.2672	0.2856	0.2745	0.3364	0.3333	0.3680	0.3686	0.4197	0.4681	0.5018	0.5309	0.5379	0.5741	0.6275	0.5784	0.5549	0.5287	0.5648	0.5809	0.5650	0.5614	0.5231	0.5211	0.5672	0.5831	0.6045	0.6309	0.5834	0.5811	0.6564	0.6450	0.6102	0.6223	0.6386	0.6148	0.6042	0.6056	0.6306	0.5754	0.5749	0.5815	0.6086	0.5905	0.5621	0.5702	0.5428	0.5490	0.5481	0.5348	0.5601	0.5166	0.5142	0.5088	0.5011	0.4399	0.4364	0.4260	0.3778	0.3726	0.3897	0.3562	0.3276	0.3221	0.3234	0.2851	0.2824
0.1499	0.2092	0.2150	0.2917	0.3034	0.3162	0.3477	0.3178	0.3322	0.3410	0.3984	0.4073	0.4327	0.4554	0.4644	0.5268	0.5402	0.5850	0.5811	0.5512	0.5491	0.5657	0.5139	0.5067	0.5373	0.5333	0.5630	0.5745	0.5747	0.6254	0.5996	0.6311	0.6205	0.6354	0.6338	0.5941	0.6341	0.6085	0.5709	0.5842	0.5890	0.5976	0.6209	0.6050	0.6241	0.6003	0.5857	0.5802	0.5597	0.5511	0.5015	0.5027	0.5466	0.5077	0.4962	0.5213	0.4956	0.4470	0.4402	0.4264	0.3782	0.4029	0.3904	0.3501	0.3175	0.3289	0.2916	0.2651	0.2714
0.1539	0.2004	0.2393	0.2600	0.2902	0.3175	0.3280	0.3375	0.3701	0.3650	0.3846	0.3834	0.4352	0.4544	0.4645	0.5131	0.5289	0.5690	0.5613	0.5584	0.5325	0.5560	0.5561	0.5445	0.5476	0.5616	0.5677	0.5826	0.6065	0.6292	0.6309	0.6545	0.6207	0.6443	0.6368	0.6249	0.6342	0.6214	0.6107	0.6051	0.6150	0.6201	0.6276	0.5535	0.5722	0.5975	0.5787	0.5712	0.5447	0.5538	0.5403	0.4909	0.5342	0.5039	0.4913	0.4697	0.4715	0.4750	0.4296	0.4233	0.3923	0.4026	0.3934	0.3457	0.3353	0.3322	0.2922	0.2844	0.2427
0.1786	0.2179	0.2269	0.2423	0.2936	0.3245	0.3401	0.3390	0.3627	0.3850	0.3803	0.4063	0.4413	0.4648	0.5122	0.5450	0.5636	0.5597	0.5200	0.5459	0.5581	0.5213	0.5415	0.5256	0.5446	0.5623	0.5686	0.5984	0.6050	0.6200	0.6564	0.6381	0.6156	0.6215	0.6459	0.5878	0.5929	0.6015	0.6207	0.5993	0.5771	0.5882	0.5641	0.5603	0.5740	0.5894	0.5711	0.5762	0.5830	0.5572	0.5650	0.5504	0.5107	0.4800	0.5165	0.4914	0.4883	0.4654	0.4534	0.4124	0.4151	0.3929	0.3948	0.3690	0.3227	0.3208	0.2911	0.3028	0.2880
0.1856	0.2021	0.2227	0.2561	0.3023	0.3297	0.3209	0.3423	0.3319	0.3571	0.3957	0.4207	0.4313	0.4845	0.5277	0.5333	0.5682	0.5502	0.5883	0.5467	0.5749	0.5211	0.5244	0.5539	0.5416	0.5425	0.5921	0.5790	0.5763	0.6273	0.6474	0.6296	0.6234	0.6254	0.6275	0.5951	0.5834	0.5801	0.5968	0.6184	0.5881	0.5683	0.5891	0.5632	0.6068	0.5749	0.5250	0.5472	0.5723	0.5607	0.5411	0.5519	0.5217	0.5193	0.4997	0.4979	0.4841	0.4654	0.4317	0.4447	0.4101	0.3917	0.4154	0.3761	0.3506	0.3319	0.3239	0.3053	0.2955
0.2016	0.2118	0.2277	0.2700	0.3065	0.3196	0.3100	0.3396	0.3231	0.3650	0.3932	0.4307	0.4701	0.4891	0.5187	0.5386	0.5407	0.5402	0.5402	0.5520	0.5460	0.5187	0.5098	0.5352	0.5451	0.5545	0.5855	0.6128	0.6229	0.6276	0.6640	0.6472	0.6100	0.6092	0.6002	0.6016	0.5807	0.5924	0.6033	0.5852	0.6061	0.6023	0.5940	0.5578	0.5993	0.5546	0.5917	0.5822	0.5909	0.5334	0.5524	0.5691	0.5766	0.5366	0.5149	0.4771	0.5176	0.4802	0.4563	0.4847	0.4516	0.4487	0.3935	0.3702	0.3578	0.3258	0.3288	0.3259	0.2963
0.1938	0.1983	0.2333	0.2552	0.2809	0.2822	0.3195	0.3252	0.3426	0.3747	0.3880	0.4373	0.4594	0.4924	0.5143	0.5281	0.5368	0.5610	0.5793	0.5767	0.5535	0.5211	0.5485	0.5278	0.5501	0.5543	0.6023	0.6025	0.5989	0.6171	0.6416	0.6470	0.6410	0.6266	0.6050	0.6385	0.6217	0.6457	0.5946	0.6132	0.6120	0.6211	0.5973	0.5829	0.5791	0.5778	0.5973	0.5822	0.5740	0.5909	0.5593	0.5414	0.5373	0.5289	0.5531	0.5015	0.5111	0.4850	0.4447	0.4462	0.4286	0.4308	0.4238	0.4118	0.3978	0.3634	0.3321	0.3176	0.3003
0.1765	0.2028	0.2367	0.2656	0.2684	0.2788	0.3063	0.3314	0.3650	0.3618	0.3720	0.4476	0.4744	0.4903	0.4798	0.4997	0.5456	0.5686	0.5672	0.5716	0.5443	0.5563	0.5480	0.5863	0.5469	0.5684	0.6053	0.6387	0.6376	0.6380	0.6292	0.6831	0.7030	0.6734	0.6431	0.6387	0.6833	0.6867	0.6437	0.6243	0.6352	0.6276	0.6254	0.6158	0.6014	0.5630	0.5688	0.5650	0.5774	0.5919	0.5932	0.5677	0.5465	0.5372	0.5373	0.4996	0.4766	0.4573	0.4487	0.4381	0.4244	0.4510	0.4173	0.3929	0.3843	0.3667	0.3265	0.3418	0.3086
0.1977	0.2337	0.2340	0.2240	0.2418	0.2789	0.2986	0.2997	0.3375	0.3506	0.3726	0.4372	0.4392	0.4429	0.5016	0.5064	0.5414	0.5370	0.5484	0.5285	0.5546	0.5788	0.5506	0.5826	0.5838	0.5828	0.5326	0.5733	0.6448	0.6523	0.6770	0.6806	0.6838	0.6737	0.7050	0.6842	0.6833	0.6102	0.6231	0.6359	0.5873	0.6263	0.6151	0.6127	0.5906	0.5685	0.5908	0.5827	0.5851	0.6151	0.5885	0.5791	0.6100	0.5781	0.5205	0.5210	0.5123	0.4566	0.4395	0.4356	0.4086	0.4288	0.4127	0.4092	0.3850	0.3731	0.3574	0.3434	0.3166
0.1721	0.2121	0.2290	0.2450	0.2398	0.2888	0.2952	0.2952	0.3095	0.3287	0.3772	0.4122	0.4683	0.4352	0.4996	0.5403	0.5360	0.5260	0.5593	0.5669	0.5568	0.5456	0.5623	0.5957	0.6153	0.6148	0.5956	0.5971	0.6548	0.6431	0.6826	0.7154	0.6904	0.6717	0.6986	0.6712	0.6467	0.6190	0.6492	0.6058	0.6135	0.6039	0.6170	0.5870	0.5687	0.5824	0.5931	0.6372	0.5736	0.6043	0.6511	0.5867	0.5725	0.6122	0.5961	0.5541	0.5079	0.4984	0.4560	0.4589	0.4378	0.4497	0.4503	0.4482	0.4008	0.3597	0.3719	0.3643	0.3400
0.1903	0.2133	0.2335	0.2518	0.2668	0.2573	0.2931	0.3003	0.3273	0.3527	0.3745	0.4539	0.4919	0.4715	0.4817	0.5449	0.5850	0.5749	0.5737	0.5834	0.6127	0.6005	0.5830	0.5901	0.6065	0.5925	0.5971	0.6002	0.6436	0.6438	0.6839	0.7109	0.6553	0.6558	0.6982	0.6761	0.6596	0.6426	0.6488	0.6046	0.6142	0.6096	0.6608	0.6305	0.5811	0.5664	0.6387	0.6184	0.6376	0.5933	0.6233	0.5952	0.6152	0.6177	0.5793	0.5565	0.5455	0.4982	0.4621	0.4650	0.4740	0.4739	0.4397	0.4261	0.4041	0.3793	0.3815	0.3767	0.3536
0.1796	0.2481	0.2357	0.2396	0.2556	0.2350	0.2786	0.3478	0.3734	0.4046	0.4568	0.4835	0.5288	0.5466	0.5332	0.5946	0.6540	0.6526	0.6101	0.6511	0.6801	0.6143	0.5993	0.6063	0.6180	0.5911	0.5887	0.6222	0.6130	0.6471	0.6874	0.6661	0.6848	0.6977	0.7051	0.6683	0.6573	0.6724	0.6662	0.6273	0.6357	0.6454	0.6348	0.6340	0.5976	0.5955	0.6369	0.6194	0.6216	0.6543	0.6623	0.6155	0.6201	0.5919	0.5628	0.5478	0.5137	0.5355	0.5125	0.4916	0.4877	0.4881	0.4717	0.4797	0.4513	0.4479	0.4034	0.4075	0.3718
0.1670	0.2229	0.2117	0.2239	0.2739	0.2687	0.2934	0.3637	0.3998	0.4289	0.4711	0.4918	0.5744	0.6441	0.6282	0.6709	0.6804	0.6802	0.6507	0.6742	0.6582	0.6467	0.6445	0.6720	0.6631	0.6446	0.6383	0.6293	0.6233	0.6531	0.6441	0.6396	0.6583	0.6526	0.6985	0.6735	0.6629	0.6683	0.6980	0.6477	0.6523	0.6502	0.6344	0.6177	0.6248	0.6271	0.6035	0.6223	0.5914	0.6911	0.6525	0.6265	0.6359	0.6525	0.5799	0.5703	0.5739	0.5506	0.5096	0.5397	0.4934	0.4731	0.4768	0.4689	0.4794	0.4563	0.4311	0.4126	0.3818
0.1570	0.1925	0.2360	0.2405	0.2601	0.3006	0.3405	0.3671	0.3848	0.4660	0.5164	0.5963	0.6324	0.7199	0.6990	0.6959	0.6924	0.6723	0.6655	0.7094	0.7073	0.7052	0.6778	0.7047	0.6710	0.6637	0.6624	0.6536	0.6544	0.6488	0.6534	0.6412	0.6860	0.6823	0.7005	0.6753	0.6415	0.6555	0.6348	0.6124	0.6356	0.6503	0.6619	0.6323	0.6585	0.6570	0.6608	0.6632	0.6604	0.6909	0.6777	0.6528	0.6147	0.6188	0.6027	0.5793	0.5441	0.5217	0.5333	0.5064	0.5055	0.4785	0.4994	0.5135	0.4799	0.4363	0.4275	0.4188	0.4209
0.1714	0.2184	0.2673	0.2956	0.3104	0.3460	0.3875	0.4297	0.4520	0.5585	0.5259	0.5975	0.6556	0.7084	0.7148	0.7567	0.7553	0.7395	0.7411	0.7536	0.7593	0.7439	0.7202	0.7218	0.6848	0.6753	0.6614	0.6868	0.7053	0.7040	0.6775	0.7019	0.6948	0.7000	0.7084	0.6743	0.6758	0.6549	0.6220	0.6062	0.6401	0.6588	0.6531	0.6580	0.6614	0.6582	0.6802	0.6771	0.6991	0.7185	0.6736	0.6491	0.6198	0.5908	0.5821	0.5981	0.5625	0.5586	0.5484	0.5154	0.4816	0.5052	0.5095	0.4825	0.4820	0.4459	0.4533	0.4462	0.4326
0.1986	0.2883	0.3106	0.3463	0.3514	0.3912	0.4265	0.4855	0.5356	0.5683	0.6095	0.6744	0.7160	0.7147	0.7862	0.8031	0.8549	0.8901	0.8293	0.8001	0.8219	0.8373	0.7811	0.7418	0.7374	0.7497	0.7067	0.7169	0.7333	0.6778	0.7399	0.7363	0.7119	0.7280	0.7532	0.7037	0.7028	0.7014	0.6929	0.6613	0.6882	0.6748	0.6991	0.6974	0.6913	0.6618	0.6858	0.6887	0.6884	0.7147	0.6943	0.6660	0.6381	0.6499	0.6151	0.5969	0.5891	0.5873	0.6022	0.5453	0.5326	0.5526	0.5247	0.5031	0.5290	0.4530	0.4661	0.4691	0.4574
0.2229	0.3359	0.4012	0.4363	0.5011	0.5413	0.5661	0.6189	0.6313	0.6592	0.7516	0.8277	0.8065	0.8399	0.8791	0.8993	0.9541	0.9462	0.9188	0.8800	0.8755	0.9137	0.8653	0.7622	0.7842	0.7645	0.7849	0.7192	0.7310	0.7526	0.7818	0.7770	0.7817	0.7512	0.7656	0.7417	0.7255	0.7335	0.6948	0.6810	0.7120	0.6962	0.7035	0.7015	0.6881	0.6689	0.6877	0.6679	0.6930	0.7091	0.6970	0.6935	0.6996	0.6866	0.6111	0.6333	0.6201	0.5908	0.5773	0.5876	0.5943	0.5727	0.5475	0.5642	0.5429	0.4739	0.4782	0.4574	0.4309
0.1268	0.2319	0.3441	0.4764	0.5705	0.6279	0.7088	0.7287	0.7328	0.6931	0.6978	0.7227	0.6572	0.6733	0.7422	0.7356	0.7558	0.7942	0.7617	0.7242	0.7509	0.8201	0.9308	0.8892	0.8587	0.8122	0.7725	0.7267	0.7735	0.8010	0.8345	0.7832	0.7879	0.7690	0.7836	0.7380	0.7628	0.7334	0.7204	0.6728	0.7041	0.7247	0.7300	0.7269	0.7286	0.7363	0.7430	0.7248	0.7385	0.7356	0.7179	0.7132	0.7114	0.7013	0.6531	0.6623	0.6266	0.6340	0.6415	0.6582	0.6370	0.6019	0.5683	0.5952	0.5448	0.5158	0.5189	0.4855	0.4406
0.0582	0.1075	0.1592	0.2105	0.2482	0.3253	0.3690	0.3911	0.3681	0.3515	0.3498	0.3497	0.3325	0.3737	0.3865	0.3954	0.4086	0.4359	0.4462	0.4859	0.5272	0.5700	0.8260	0.9287	0.8557	0.8462	0.8201	0.7854	0.8470	0.8659	0.8728	0.8609	0.8396	0.8193	0.8005	0.7914	0.7711	0.7542	0.7393	0.7306	0.7666	0.7269	0.7740	0.7530	0.7517	0.7251	0.7664	0.7507	0.7771	0.7503	0.7273	0.7475	0.7406	0.7344	0.6842	0.6966	0.6880	0.6659	0.6938	0.6960	0.6671	0.6404	0.6537	0.6103	0.5508	0.5346	0.5030	0.4941	0.4624
0.0147	0.0307	0.0733	0.0939	0.0941	0.1032	0.1166	0.1426	0.1365	0.1481	0.1953	0.2026	0.2200	0.2351	0.2626	0.2695	0.2965	0.2956	0.3139	0.3481	0.3986	0.4095	0.5145	0.6318	0.6246	0.7627	0.8691	0.8877	0.9306	0.9420	0.9521	0.9099	0.8773	0.8956	0.8561	0.8664	0.7760	0.7832	0.7634	0.7687	0.7609	0.7366	0.7437	0.7336	0.7574	0.7673	0.7891	0.7737	0.7615	0.7461	0.8203	0.7760	0.7535	0.7373	0.7287	0.7352	0.7430	0.7205	0.6775	0.6812	0.6920	0.6415	0.6439	0.6406	0.5915	0.5521	0.5352	0.4851	0.4929
0.0000	0.0184	0.0653	0.0621	0.0556	0.0594	0.0823	0.0861	0.1010	0.1082	0.1200	0.1202	0.1466	0.1395	0.1622	0.1898	0.2073	0.2208	0.2309	0.2454	0.2759	0.2955	0.3301	0.3800	0.4347	0.5118	0.6542	0.7383	0.8102	0.9124	0.9866	0.9657	0.9595	0.9788	0.9098	0.8318	0.8210	0.8421	0.7975	0.7728	0.8209	0.8003	0.7765	0.7551	0.7703	0.7740	0.8443	0.8195	0.8030	0.8322	0.8116	0.7761	0.7657	0.7488	0.7404	0.7585	0.7744	0.7912	0.6959	0.6780	0.6638	0.6268	0.5845	0.6049	0.5569	0.5629	0.5436	0.5174	0.4633
0.0128	0.0246	0.0439	0.0471	0.0661	0.0784	0.0793	0.0778	0.1007	0.0863	0.0886	0.0802	0.0935	0.0970	0.1025	0.1241	0.1323	0.1434	0.1580	0.1680	0.1747	0.1847	0.2226	0.2479	0.2667	0.2886	0.3160	0.3814	0.4381	0.5198	0.6789	0.9773	1.0000	0.9917	0.9499	0.9032	0.9291	0.8854	0.8777	0.8309	0.7864	0.8134	0.7727	0.7700	0.7919	0.8177	0.8130	0.8327	0.8265	0.7800	0.7448	0.6764	0.5221	0.5881	0.6846	0.7942	0.8363	0.7700	0.6852	0.7155	0.6719	0.6569	0.6175	0.5960	0.5430	0.5678	0.5198	0.4727	0.4343
0.0155	0.0218	0.0369	0.0346	0.0532	0.0755	0.0649	0.0637	0.0599	0.0879	0.0918	0.0777	0.0769	0.0892	0.1027	0.0986	0.1077	0.1091	0.1078	0.1117	0.1126	0.1257	0.1332	0.1541	0.1747	0.1864	0.2082	0.2286	0.2745	0.2959	0.3558	0.6045	0.6669	0.7003	0.7933	0.6965	0.6911	0.7815	0.7600	0.7270	0.7618	0.8347	0.8472	0.7905	0.7912	0.8140	0.8047	0.8451	0.7535	0.7846	0.7329	0.5069	0.3702	0.3910	0.5742	0.7672	0.6836	0.7217	0.7352	0.7251	0.6781	0.6702	0.6480	0.6187	0.5337	0.5329	0.5271	0.5028	0.4711
0.0193	0.0172	0.0289	0.0359	0.0490	0.0573	0.0541	0.0705	0.0649	0.0534	0.0718	0.0746	0.0800	0.0677	0.0757	0.0951	0.0909	0.1075	0.1061	0.1056	0.1076	0.1092	0.1129	0.1224	0.1272	0.1296	0.1299	0.1422	0.1638	0.1815	0.1979	0.2352	0.2680	0.2989	0.3762	0.3488	0.3380	0.3894	0.3930	0.4059	0.6130	0.8558	0.8310	0.8106	0.7808	0.7812	0.7836	0.8059	0.7266	0.6513	0.4922	0.3490	0.3272	0.3721	0.5995	0.6559	0.5300	0.7333	0.7491	0.7490	0.7143	0.6748	0.6889	0.6536	0.5860	0.5388	0.4792	0.4441	0.4913
0.0036	0.0233	0.0325	0.0355	0.0399	0.0358	0.0549	0.0702	0.0641	0.0532	0.0597	0.0609	0.0742	0.0674	0.0689	0.0825	0.0975	0.0937	0.0929	0.0995	0.1008	0.0905	0.1005	0.1112	0.1028	0.1092	0.1136	0.1262	0.1265	0.1248	0.1353	0.1465	0.1439	0.1679	0.1963	0.1903	0.1909	0.2170	0.2325	0.2503	0.4075	0.6833	0.5807	0.5238	0.6781	0.6812	0.5307	0.6035	0.6121	0.3764	0.2539	0.2511	0.2633	0.2956	0.4484	0.4639	0.4884	0.6824	0.6793	0.6798	0.5482	0.4345	0.5967	0.6661	0.6191	0.5642	0.5278	0.5149	0.5220
0.0171	0.0164	0.0273	0.0218	0.0288	0.0333	0.0373	0.0542	0.0499	0.0407	0.0558	0.0648	0.0664	0.0779	0.0716	0.0758	0.0859	0.0916	0.0769	0.0816	0.0792	0.0877	0.0986	0.0920	0.0981	0.1000	0.1011	0.1171	0.1182	0.1207	0.1126	0.1219	0.1195	0.1171	0.1339	0.1382	0.1398	0.1390	0.1457	0.1483	0.1931	0.2943	0.2304	0.1994	0.3484	0.3895	0.2453	0.2915	0.2994	0.2099	0.2048	0.2043	0.2119	0.2245	0.2655	0.3410	0.5199	0.6416	0.6420	0.5776	0.3898	0.3430	0.4498	0.6150	0.6117	0.5578	0.5282	0.5090	0.4971
0.0003	0.0016	0.0106	0.0214	0.0286	0.0335	0.0316	0.0400	0.0404	0.0462	0.0533	0.0539	0.0626	0.0582	0.0616	0.0738	0.0695	0.0680	0.0764	0.0750	0.0753	0.0802	0.0814	0.0730	0.0878	0.0950	0.0895	0.0944	0.0890	0.0993	0.0968	0.1105	0.1097	0.0994	0.1127	0.1022	0.1060	0.1096	0.1090	0.1059	0.1174	0.1334	0.1417	0.1291	0.1480	0.1658	0.1536	0.1551	0.1436	0.1478	0.1669	0.1760	0.1841	0.1990	0.2364	0.2809	0.3946	0.6038	0.6544	0.6043	0.3438	0.2995	0.3364	0.4882	0.5877	0.5565	0.5223	0.5171	0.4787
0.0000	0.0000	0.0148	0.0252	0.0219	0.0252	0.0161	0.0325	0.0344	0.0392	0.0434	0.0589	0.0597	0.0477	0.0647	0.0658	0.0586	0.0625	0.0719	0.0694	0.0770	0.0804	0.0776	0.0832	0.0863	0.0822	0.0786	0.0858	0.0902	0.0925	0.0913	0.0870	0.0958	0.0877	0.0905	0.0845	0.0853	0.0907	0.0953	0.1048	0.0985	0.1057	0.1186	0.1057	0.1257	0.1202	0.1162	0.1217	0.1169	0.1194	0.1169	0.1269	0.1380	0.1409	0.1693	0.2071	0.2815	0.5103	0.6132	0.5325	0.3043	0.2573	0.3077	0.5210	0.5841	0.5687	0.5661	0.5125	0.4797
0.0005	0.0000	0.0148	0.0118	0.0111	0.0159	0.0198	0.0310	0.0421	0.0412	0.0316	0.0517	0.0458	0.0438	0.0540	0.0625	0.0671	0.0663	0.0599	0.0676	0.0714	0.0728	0.0721	0.0824	0.0853	0.0875	0.0753	0.0797	0.0755	0.0732	0.0708	0.0774	0.0937	0.0953	0.0833	0.0885	0.0943	0.0917	0.0892	0.0953	0.1040	0.1027	0.0913	0.0952	0.1007	0.1071	0.1075	0.1032	0.1017	0.1156	0.1061	0.0955	0.0961	0.1158	0.1214	0.1448	0.1697	0.3207	0.4532	0.2844	0.1705	0.1737	0.2000	0.2920	0.3358	0.4043	0.5057	0.5387	0.5003
0.0000	0.0000	0.0088	0.0102	0.0178	0.0247	0.0251	0.0343	0.0336	0.0323	0.0307	0.0329	0.0532	0.0481	0.0568	0.0508	0.0538	0.0603	0.0591	0.0521	0.0563	0.0632	0.0623	0.0670	0.0691	0.0797	0.0745	0.0765	0.0724	0.0756	0.0675	0.0755	0.0804	0.0899	0.0876	0.0868	0.0849	0.0880	0.0849	0.0773	0.0784	0.0877	0.0912	0.0894	0.0850	0.0926	0.0934	0.0931	0.0868	0.0978	0.0983	0.0942	0.0867	0.0975	0.0986	0.1054	0.1095	0.1474	0.1914	0.1309	0.1129	0.1145	0.1320	0.1295	0.1750	0.1968	0.2703	0.4707	0.4957
0.0000	0.0000	0.0020	0.0000	0.0089	0.0159	0.0263	0.0482	0.0259	0.0263	0.0413	0.0294	0.0266	0.0218	0.0385	0.0430	0.0430	0.0397	0.0482	0.0528	0.0508	0.0561	0.0564	0.0569	0.0675	0.0651	0.0642	0.0709	0.0697	0.0706	0.0701	0.0745	0.0707	0.0734	0.0630	0.0696	0.0696	0.0681	0.0780	0.0771	0.0761	0.0792	0.0846	0.0772	0.0744	0.0843	0.0860	0.0856	0.0902	0.0802	0.0727	0.0864	0.0910	0.0800	0.0798	0.0903	0.0960	0.0954	0.0914	0.0975	0.0994	0.0897	0.0897	0.0993	0.1150	0.1113	0.1275	0.2460	0.3208
0.0000	0.0000	0.0000	0.0045	0.0079	0.0059	0.0157	0.0343	0.0113	0.0105	0.0236	0.0389	0.0328	0.0223	0.0407	0.0455	0.0464	0.0368	0.0360	0.0508	0.0456	0.0448	0.0390	0.0466	0.0499	0.0517	0.0595	0.0617	0.0707	0.0619	0.0686	0.0667	0.0696	0.0686	0.0647	0.0609	0.0585	0.0730	0.0773	0.0680	0.0711	0.0734	0.0724	0.0752	0.0711	0.0814	0.0855	0.0814	0.0821	0.0719	0.0796	0.0801	0.0747	0.0777	0.0763	0.0839	0.0790	0.0825	0.0890	0.0943	0.0883	0.0794	0.0793	0.0864	0.0838	0.0816	0.0927	0.1076	0.1291
0.0000	0.0000	0.0000	0.0000	0.0000	0.0000	0.0154	0.0184	0.0131	0.0109	0.0241	0.0345	0.0344	0.0421	0.0413	0.0388	0.0388	0.0362	0.0337	0.0424	0.0497	0.0464	0.0377	0.0454	0.0456	0.0451	0.0532	0.0618	0.0713	0.0648	0.0592	0.0609	0.0557	0.0644	0.0654	0.0614	0.0638	0.0707	0.0727	0.0647	0.0699	0.0722	0.0661	0.0700	0.0716	0.0747	0.0823	0.0795	0.0741	0.0763	0.0832	0.0742	0.0703	0.0774	0.0821	0.0763	0.0772	0.0786	0.0883	0.0858	0.0847	0.0643	0.0664	0.0737	0.0738	0.0663	0.0693	0.0713	0.0719
0.0000	0.0000	0.0000	0.0000	0.0000	0.0000	0.0016	0.0097	0.0076	0.0076	0.0175	0.0312	0.0330	0.0195	0.0237	0.0263	0.0306	0.0357	0.0342	0.0424	0.0342	0.0388	0.0402	0.0429	0.0502	0.0462	0.0545	0.0478	0.0535	0.0558	0.0579	0.0595	0.0565	0.0594	0.0618	0.0603	0.0532	0.0623	0.0636	0.0594	0.0688	0.0611	0.0653	0.0625	0.0561	0.0652	0.0737	0.0729	0.0729	0.0746	0.0780	0.0705	0.0665	0.0654	0.0690	0.0640	0.0691	0.0687	0.0776	0.0616	0.0674	0.0526	0.0549	0.0651	0.0635	0.0576	0.0626	0.0604	0.0503
0.0000	0.0000	0.0000	0.0000	0.0000	0.0025	0.0000	0.0130	0.0180	0.0224	0.0161	0.0202	0.0077	0.0133	0.0139	0.0226	0.0319	0.0220	0.0305	0.0187	0.0243	0.0385	0.0486	0.0453	0.0548	0.0450	0.0429	0.0529	0.0561	0.0524	0.0545	0.0623	0.0571	0.0577	0.0622	0.0590	0.0454	0.0532	0.0582	0.0595	0.0545	0.0630	0.0691	0.0588	0.0556	0.0647	0.0660	0.0642	0.0694	0.0580	0.0559	0.0599	0.0632	0.0661	0.0640	0.0677	0.0656	0.0531	0.0573	0.0562	0.0640	0.0588	0.0555	0.0600	0.0611	0.0604	0.0592	0.0591	0.0513
0.0000	0.0000	0.0000	0.0079	0.0000	0.0000	0.0097	0.0108	0.0021	0.0059	0.0067	0.0054	0.0228	0.0113	0.0097	0.0299	0.0196	0.0178	0.0353	0.0260	0.0307	0.0405	0.0372	0.0438	0.0531	0.0483	0.0398	0.0490	0.0381	0.0502	0.0481	0.0536	0.0515	0.0496	0.0617	0.0548	0.0541	0.0579	0.0508	0.0533	0.0583	0.0608	0.0634	0.0646	0.0628	0.0670	0.0645	0.0643	0.0597	0.0543	0.0679	0.0735	0.0621	0.0687	0.0694	0.0752	0.0714	0.0686	0.0641	0.0644	0.0655	0.0616	0.0635	0.0672	0.0739	0.0767	0.0558	0.0616	0.0654
