0.0000	0.0000	0.0035	0.0119	0.0043	0.0000	0.0000	0.0185	0.0110	0.0051	0.0216	0.0366	0.0280	0.0298	0.0324	0.0334	0.0369	0.0249	0.0339	0.0330	0.0383	0.0356	0.0457	0.0570	0.0614	0.0532	0.0632	0.0512	0.0557	0.0728	0.0730	0.0735	0.0883	0.0872	0.0707	0.0776	0.0916	0.0701	0.0825	0.0751	0.0835	0.0919	0.0812	0.0917	0.0734	0.0801	0.0814	0.0900	0.0755	0.0852	0.0793	0.0709	0.0755	0.0726	0.0667	0.0758	0.0807	0.0756	0.0586	0.0749	0.0633	0.0536	0.0483	0.0578	0.0623	0.0496	0.0398	0.0504	0.0428
0.0028	0.0000	0.0000	0.0124	0.0084	0.0116	0.0042	0.0194	0.0205	0.0079	0.0160	0.0295	0.0412	0.0343	0.0302	0.0484	0.0426	0.0442	0.0474	0.0459	0.0579	0.0493	0.0529	0.0625	0.0681	0.0683	0.0779	0.0701	0.0676	0.0742	0.0820	0.0799	0.0843	0.0770	0.0849	0.0960	0.0857	0.0840	0.1008	0.0810	0.0851	0.0778	0.0870	0.1038	0.0844	0.0784	0.0959	0.0987	0.1036	0.0874	0.0979	0.0829	0.0762	0.0756	0.0907	0.0955	0.0810	0.0742	0.0591	0.0754	0.0573	0.0645	0.0647	0.0666	0.0476	0.0397	0.0380	0.0404	0.0436
0.0000	0.0000	0.0208	0.0125	0.0023	0.0109	0.0128	0.0214	0.0284	0.0296	0.0232	0.0213	0.0388	0.0502	0.0286	0.0526	0.0445	0.0466	0.0566	0.0517	0.0712	0.0600	0.0499	0.0720	0.0654	0.0764	0.0957	0.0681	0.0776	0.0849	0.0767	0.0736	0.0749	0.0775	0.0862	0.0823	0.0883	0.0842	0.0968	0.0962	0.0870	0.0922	0.1030	0.0900	0.1079	0.1077	0.1065	0.1074	0.1094	0.0849	0.1011	0.0963	0.0904	0.0972	0.0921	0.0974	0.0856	0.0821	0.0893	0.0825	0.0699	0.0761	0.0741	0.0827	0.0585	0.0534	0.0511	0.0572	0.0595
0.0008	0.0006	0.0038	0.0079	0.0002	0.0182	0.0303	0.0160	0.0217	0.0291	0.0312	0.0448	0.0388	0.0374	0.0220	0.0460	0.0484	0.0540	0.0614	0.0645	0.0804	0.0575	0.0421	0.0585	0.0681	0.0776	0.0788	0.0656	0.0708	0.0733	0.0699	0.0597	0.0745	0.0725	0.0901	0.0844	0.0829	0.0988	0.0976	0.0865	0.0949	0.1021	0.1192	0.1017	0.1083	0.1023	0.1094	0.1037	0.0959	0.0945	0.0833	0.0881	0.1044	0.1093	0.1020	0.0939	0.0914	0.1010	0.0933	0.0821	0.0833	0.0873	0.0867	0.0738	0.0829	0.0672	0.0675	0.0712	0.0749
0.0000	0.0000	0.0043	0.0015	0.0005	0.0125	0.0217	0.0199	0.0238	0.0354	0.0379	0.0477	0.0638	0.0545	0.0359	0.0491	0.0597	0.0458	0.0532	0.0723	0.0655	0.0667	0.0503	0.0627	0.0756	0.0761	0.0737	0.0651	0.0742	0.0799	0.0754	0.0750	0.0817	0.0923	0.0895	0.0874	0.0866	0.0840	0.0955	0.0849	0.1042	0.1076	0.1172	0.1015	0.1241	0.1109	0.1080	0.0999	0.0954	0.1184	0.0930	0.1030	0.1107	0.1260	0.1259	0.1153	0.1043	0.1036	0.1027	0.0962	0.0960	0.0857	0.0871	0.0966	0.0931	0.0805	0.0899	0.0842	0.0783
0.0008	0.0032	0.0232	0.0218	0.0211	0.0175	0.0263	0.0264	0.0364	0.0482	0.0322	0.0389	0.0683	0.0489	0.0478	0.0564	0.0649	0.0656	0.0539	0.0820	0.0732	0.0756	0.0582	0.0624	0.0874	0.0896	0.0787	0.0742	0.0855	0.0938	0.0906	0.0866	0.0970	0.1003	0.1119	0.1026	0.0993	0.0869	0.0930	0.0966	0.1161	0.1309	0.1060	0.0967	0.1151	0.1122	0.1174	0.1327	0.1127	0.1211	0.1090	0.1104	0.1312	0.1400	0.1295	0.1440	0.1266	0.1061	0.1105	0.1150	0.1153	0.1023	0.1210	0.1247	0.1202	0.0929	0.0874	0.0994	0.0895
0.0000	0.0074	0.0251	0.0285	0.0177	0.0229	0.0316	0.0318	0.0428	0.0425	0.0494	0.0563	0.0501	0.0564	0.0524	0.0609	0.0752	0.0655	0.0622	0.0781	0.0844	0.0827	0.0852	0.0702	0.0839	0.0900	0.0814	0.0697	0.0962	0.0910	0.0909	0.0891	0.1024	0.0949	0.1126	0.1008	0.0884	0.0996	0.0990	0.1080	0.1106	0.1172	0.1073	0.1009	0.1089	0.1146	0.1305	0.1474	0.1207	0.1364	0.1444	0.1510	0.1490	0.1471	0.1472	0.1641	0.1390	0.1288	0.1392	0.1372	0.1193	0.1346	0.1344	0.1396	0.1394	0.1069	0.1062	0.1102	0.1110
0.0030	0.0228	0.0219	0.0286	0.0192	0.0149	0.0249	0.0385	0.0565	0.0436	0.0471	0.0544	0.0520	0.0519	0.0556	0.0604	0.0793	0.0771	0.0591	0.0632	0.0853	0.0876	0.0959	0.0794	0.0971	0.1027	0.0909	0.0843	0.0923	0.1005	0.0979	0.1127	0.1361	0.1006	0.1018	0.1012	0.1190	0.1157	0.1129	0.1243	0.1374	0.1269	0.1318	0.1344	0.1224	0.1479	0.1322	0.1570	0.1328	0.1453	0.1577	0.1528	0.1555	0.1475	0.1601	0.1567	0.1534	0.1762	0.1756	0.1651	0.1474	0.1551	0.1576	0.1652	0.1435	0.1183	0.1274	0.1246	0.1308
0.0105	0.0154	0.0273	0.0498	0.0275	0.0367	0.0447	0.0385	0.0534	0.0588	0.0613	0.0417	0.0548	0.0607	0.0613	0.0608	0.0666	0.0736	0.0727	0.0908	0.0828	0.0960	0.0992	0.0884	0.1059	0.0981	0.0902	0.0970	0.1112	0.1119	0.1177	0.1124	0.1231	0.1171	0.1145	0.1160	0.1182	0.1230	0.1286	0.1346	0.1370	0.1185	0.1194	0.1269	0.1519	0.1588	0.1713	0.1954	0.1725	0.1834	0.1980	0.1826	0.1727	0.1877	0.2008	0.2199	0.2829	0.3125	0.2668	0.1983	0.1649	0.1653	0.1816	0.1838	0.1521	0.1474	0.1662	0.1540	0.1468
0.0022	0.0207	0.0284	0.0445	0.0363	0.0522	0.0659	0.0484	0.0585	0.0630	0.0532	0.0564	0.0808	0.0694	0.0715	0.0778	0.0873	0.0879	0.0821	0.1019	0.1035	0.1087	0.1004	0.1013	0.1063	0.0971	0.1012	0.1070	0.1119	0.1152	0.1195	0.1192	0.1180	0.1314	0.1270	0.1113	0.1197	0.1330	0.1506	0.1475	0.1498	0.1371	0.1459	0.1707	0.1988	0.2055	0.2268	0.2144	0.2126	0.2306	0.2284	0.2133	0.2374	0.2550	0.2450	0.2827	0.4237	0.4675	0.3688	0.2140	0.1982	0.2015	0.2107	0.2462	0.2310	0.1833	0.2479	0.2452	0.2010
0.0254	0.0190	0.0291	0.0203	0.0339	0.0511	0.0508	0.0646	0.0561	0.0509	0.0559	0.0610	0.0784	0.0735	0.0806	0.1033	0.0933	0.1046	0.0884	0.1021	0.1187	0.1074	0.1083	0.1049	0.1221	0.1235	0.1129	0.1054	0.1180	0.1243	0.1177	0.1284	0.1321	0.1411	0.1495	0.1355	0.1585	0.1524	0.1507	0.1639	0.1726	0.1765	0.2049	0.2120	0.2292	0.2534	0.2564	0.2711	0.2755	0.2488	0.2600	0.2856	0.2641	0.2748	0.2745	0.3044	0.3927	0.4341	0.4016	0.3511	0.3013	0.2340	0.2937	0.4038	0.3519	0.2612	0.3385	0.3104	0.2747
0.0179	0.0240	0.0349	0.0351	0.0482	0.0376	0.0483	0.0629	0.0498	0.0596	0.0644	0.0785	0.0861	0.0734	0.0748	0.0954	0.0995	0.1081	0.1107	0.1147	0.1200	0.1285	0.1160	0.1212	0.1262	0.1092	0.1117	0.1178	0.1372	0.1439	0.1433	0.1288	0.1493	0.1612	0.1495	0.1487	0.1664	0.1815	0.1820	0.2017	0.2039	0.2185	0.2455	0.2493	0.2882	0.3786	0.3629	0.3399	0.3217	0.3178	0.2870	0.3077	0.3236	0.3340	0.3218	0.3858	0.4468	0.4838	0.4705	0.4916	0.4585	0.3476	0.4116	0.4830	0.4231	0.3048	0.3355	0.3626	0.3380
0.0223	0.0362	0.0425	0.0458	0.0474	0.0365	0.0331	0.0628	0.0705	0.0743	0.0637	0.0892	0.0951	0.0925	0.0743	0.1011	0.1115	0.1239	0.1047	0.1120	0.1181	0.1208	0.1243	0.1328	0.1351	0.1451	0.1430	0.1480	0.1476	0.1561	0.1627	0.1535	0.1688	0.1898	0.1983	0.1795	0.1986	0.2104	0.2237	0.2538	0.2829	0.2929	0.3258	0.3405	0.4765	0.7194	0.6565	0.5571	0.4464	0.3861	0.3795	0.3666	0.4050	0.4787	0.4431	0.4948	0.5301	0.5532	0.5316	0.5025	0.5005	0.5312	0.5296	0.5089	0.4681	0.3448	0.3675	0.3721	0.3293
0.0260	0.0438	0.0451	0.0647	0.0562	0.0648	0.0598	0.0621	0.0803	0.0913	0.0888	0.1115	0.1108	0.0915	0.0966	0.1173	0.1377	0.1374	0.1214	0.1293	0.1241	0.1421	0.1636	0.1482	0.1517	0.1648	0.1623	0.1768	0.1965	0.1925	0.1833	0.1891	0.2334	0.2359	0.2526	0.2223	0.2588	0.2725	0.2934	0.3036	0.3386	0.3761	0.4425	0.4769	0.6754	0.8367	0.7810	0.7077	0.6230	0.4776	0.5192	0.5540	0.5642	0.6050	0.5196	0.4942	0.5511	0.5816	0.5570	0.5391	0.5411	0.5375	0.5378	0.5409	0.4300	0.3591	0.3781	0.3163	0.3066
0.0205	0.0273	0.0485	0.0616	0.0805	0.0554	0.0650	0.0869	0.0966	0.0945	0.1051	0.1311	0.1402	0.1279	0.1384	0.1277	0.1468	0.1431	0.1459	0.1559	0.1631	0.1664	0.1888	0.2040	0.1940	0.1873	0.1914	0.2157	0.2248	0.2446	0.2389	0.2562	0.3059	0.3219	0.3105	0.3057	0.3354	0.3444	0.3820	0.3981	0.4115	0.4679	0.4975	0.5648	0.7800	0.8628	0.7224	0.6765	0.7829	0.7104	0.7018	0.6746	0.6678	0.5942	0.5899	0.5614	0.6026	0.5781	0.5371	0.5500	0.4930	0.4840	0.5293	0.4945	0.4579	0.3854	0.3620	0.3219	0.3075
0.0217	0.0292	0.0460	0.0748	0.0940	0.0788	0.0952	0.1131	0.1267	0.1217	0.1672	0.1722	0.1739	0.1543	0.1732	0.1759	0.2177	0.2148	0.2157	0.2160	0.2107	0.2416	0.2178	0.2477	0.2284	0.2240	0.2418	0.2518	0.2764	0.2792	0.2955	0.3268	0.3798	0.4081	0.3930	0.3995	0.4249	0.4188	0.4317	0.4564	0.5198	0.5241	0.6516	0.6959	0.8242	0.8974	0.7745	0.7658	0.8019	0.7527	0.7167	0.6872	0.6532	0.5895	0.6040	0.6025	0.5922	0.5374	0.5365	0.5381	0.5050	0.4652	0.5005	0.4527	0.4060	0.3530	0.3599	0.3414	0.3107
0.0375	0.0541	0.0591	0.0999	0.1287	0.1173	0.1430	0.1744	0.1825	0.2437	0.2866	0.3271	0.3904	0.3127	0.3093	0.3060	0.3389	0.3256	0.3280	0.3226	0.3523	0.3489	0.2803	0.3022	0.3156	0.3117	0.3175	0.3464	0.3542	0.3458	0.3793	0.4126	0.4658	0.5139	0.5342	0.4825	0.5025	0.5428	0.6012	0.6623	0.6345	0.6187	0.8386	0.8408	0.7996	0.7519	0.7300	0.7678	0.7016	0.6724	0.6624	0.6876	0.6071	0.6016	0.5501	0.5773	0.5582	0.5117	0.4968	0.4959	0.4758	0.4465	0.4656	0.4259	0.3935	0.3393	0.3382	0.3092	0.2997
0.0463	0.0686	0.1095	0.1517	0.2260	0.3161	0.3865	0.3976	0.4482	0.4606	0.5293	0.5827	0.6248	0.5482	0.5888	0.6042	0.6453	0.6711	0.6502	0.5646	0.6163	0.6315	0.5339	0.4630	0.4778	0.4998	0.5531	0.6560	0.5958	0.5424	0.6279	0.6307	0.6859	0.8713	0.8536	0.7898	0.7092	0.7085	0.8109	0.8338	0.7704	0.7423	0.7897	0.7304	0.7174	0.6872	0.7062	0.7342	0.6774	0.6597	0.6274	0.6381	0.5959	0.5691	0.5409	0.5330	0.4985	0.4672	0.4870	0.4855	0.4638	0.4455	0.4346	0.4369	0.3650	0.3168	0.3259	0.3394	0.3149
0.0878	0.1451	0.2645	0.3775	0.4440	0.5456	0.5921	0.5604	0.5873	0.5510	0.5762	0.6339	0.6407	0.6294	0.6721	0.7441	0.8018	0.8304	0.8136	0.7468	0.7244	0.7291	0.7441	0.6969	0.6751	0.6672	0.7537	0.7768	0.8031	0.8427	0.8308	0.8589	0.9156	1.0000	0.9819	0.8923	0.8498	0.8009	0.8003	0.7633	0.7579	0.7170	0.7575	0.6529	0.6583	0.6886	0.6608	0.6508	0.6353	0.6840	0.6383	0.5877	0.5585	0.5437	0.5456	0.5019	0.4696	0.4622	0.4699	0.4531	0.4608	0.3972	0.4235	0.4134	0.3663	0.3239	0.3297	0.3322	0.3229
0.1692	0.2840	0.3699	0.4197	0.4438	0.4447	0.4139	0.4169	0.4721	0.4232	0.4248	0.4614	0.5468	0.5435	0.5573	0.6466	0.6705	0.7468	0.7013	0.6804	0.7103	0.7031	0.6871	0.6803	0.6937	0.6765	0.6719	0.7135	0.7437	0.8216	0.8166	0.8457	0.8755	0.8551	0.8222	0.8354	0.8051	0.7696	0.7303	0.6775	0.7179	0.6928	0.6972	0.6504	0.6828	0.6342	0.6059	0.6129	0.6139	0.6140	0.5831	0.5855	0.5442	0.5394	0.5267	0.5073	0.4877	0.4717	0.4815	0.4269	0.4100	0.4128	0.4164	0.4169	0.3785	0.3400	0.3097	0.3095	0.3063
0.1807	0.2415	0.2744	0.2777	0.3050	0.3276	0.3439	0.3245	0.3443	0.3318	0.3597	0.4028	0.4760	0.4866	0.4579	0.5590	0.5742	0.6750	0.6362	0.6156	0.6641	0.6016	0.5734	0.5963	0.6106	0.6226	0.5637	0.6401	0.6691	0.6411	0.7039	0.7404	0.7607	0.7558	0.7514	0.7631	0.7750	0.7325	0.6970	0.6872	0.6835	0.6681	0.6634	0.6585	0.6043	0.5806	0.6028	0.6407	0.6193	0.6044	0.5927	0.5606	0.5461	0.5539	0.4935	0.4974	0.4800	0.4511	0.4456	0.4098	0.4199	0.4046	0.4065	0.3744	0.3538	0.3367	0.3268	0.3169	0.3037
0.1817	0.2237	0.2488	0.2517	0.2544	0.2794	0.2845	0.3084	0.3416	0.3392	0.3310	0.3978	0.4599	0.5042	0.4649	0.5560	0.6111	0.6279	0.6305	0.6213	0.6158	0.5786	0.5778	0.5522	0.5361	0.5680	0.5576	0.5704	0.5837	0.5663	0.6181	0.6255	0.6308	0.6430	0.6691	0.6579	0.6538	0.6631	0.6215	0.6538	0.6698	0.6676	0.6249	0.6498	0.6062	0.6140	0.6173	0.5915	0.6065	0.5664	0.6132	0.5624	0.5164	0.5131	0.4883	0.4868	0.5070	0.4753	0.4354	0.4281	0.4009	0.3939	0.3773	0.3566	0.3493	0.3512	0.3121	0.3024	0.2972
0.1863	0.2071	0.2159	0.2376	0.2283	0.2773	0.2860	0.3028	0.3323	0.3189	0.3564	0.4097	0.4189	0.4965	0.4971	0.5641	0.6300	0.6043	0.5800	0.5593	0.5899	0.6074	0.5572	0.5248	0.4944	0.4746	0.5202	0.5749	0.5629	0.5768	0.5772	0.5789	0.6294	0.6354	0.6199	0.6010	0.6676	0.6560	0.6310	0.6156	0.6540	0.6472	0.6378	0.6433	0.6653	0.6555	0.6060	0.6106	0.5876	0.5409	0.5682	0.5845	0.5825	0.5323	0.4922	0.5268	0.5052	0.4844	0.4384	0.4692	0.3994	0.4031	0.3992	0.3618	0.3495	0.3455	0.3099	0.2984	0.2954
0.1713	0.2019	0.2188	0.2296	0.2365	0.2899	0.3312	0.3280	0.3013	0.3220	0.3561	0.3806	0.4034	0.4612	0.4595	0.5350	0.5926	0.6035	0.5735	0.5404	0.5627	0.5673	0.5133	0.4534	0.5263	0.4989	0.5389	0.5667	0.5540	0.5664	0.6020	0.6257	0.6399	0.6370	0.6395	0.6125	0.6463	0.6379	0.6060	0.6061	0.6282	0.6468	0.6410	0.6355	0.6227	0.6273	0.6230	0.5987	0.5812	0.5587	0.5325	0.5372	0.5661	0.5329	0.4988	0.5122	0.5105	0.4855	0.4566	0.4447	0.3972	0.4014	0.3920	0.3567	0.3126	0.3083	0.2875	0.2869	0.3021
0.1781	0.2157	0.2026	0.2022	0.2411	0.2895	0.3140	0.3334	0.3023	0.3221	0.3611	0.3650	0.3979	0.4578	0.4242	0.4517	0.5026	0.5303	0.5432	0.5086	0.4869	0.5096	0.5164	0.5376	0.4933	0.5078	0.5346	0.5275	0.5868	0.5998	0.5948	0.6124	0.6547	0.6346	0.6429	0.6539	0.6592	0.6559	0.6461	0.6224	0.6499	0.6150	0.6468	0.6220	0.6183	0.6046	0.5829	0.5775	0.5916	0.5843	0.5607	0.5168	0.5078	0.5174	0.5039	0.4846	0.4904	0.4605	0.4202	0.4391	0.4146	0.3830	0.4123	0.3515	0.3361	0.3216	0.2864	0.2787	0.2531
0.1971	0.2068	0.2237	0.2433	0.2610	0.2778	0.3136	0.3608	0.3320	0.3254	0.3627	0.3761	0.4011	0.4190	0.4341	0.4507	0.5048	0.4827	0.4898	0.4701	0.4948	0.4909	0.4826	0.4892	0.4723	0.5066	0.5277	0.5537	0.5790	0.5913	0.6196	0.6153	0.6212	0.6156	0.6637	0.6326	0.6535	0.6431	0.6244	0.6108	0.6110	0.6167	0.5997	0.5866	0.6273	0.6450	0.5880	0.5825	0.5884	0.5542	0.5640	0.5345	0.5189	0.5142	0.5141	0.4772	0.4598	0.4529	0.4481	0.4237	0.4197	0.3996	0.3809	0.3577	0.3394	0.3285	0.3099	0.2820	0.2436
0.1741	0.2047	0.2267	0.2313	0.2488	0.2839	0.3109	0.3210	0.3145	0.3297	0.3606	0.3842	0.3985	0.4419	0.4476	0.4645	0.4576	0.4648	0.5116	0.4882	0.5059	0.4972	0.4776	0.4963	0.4821	0.5033	0.5079	0.5277	0.5361	0.5865	0.5876	0.6532	0.6727	0.6292	0.6381	0.5966	0.6287	0.6283	0.6357	0.6181	0.6275	0.6073	0.5862	0.5811	0.6079	0.5989	0.5648	0.5346	0.5991	0.5712	0.5552	0.5393	0.5168	0.5128	0.5062	0.4749	0.4518	0.4642	0.4776	0.4486	0.4057	0.4027	0.3858	0.3644	0.3417	0.3020	0.3045	0.2960	0.2869
0.1794	0.1851	0.2118	0.2430	0.2319	0.2546	0.2939	0.3011	0.3134	0.3617	0.3652	0.3865	0.4164	0.4411	0.4415	0.4644	0.4565	0.4674	0.4730	0.4987	0.4943	0.5060	0.4801	0.4843	0.4976	0.4894	0.5012	0.5336	0.5504	0.5767	0.5912	0.6300	0.6273	0.6121	0.5913	0.5874	0.6073	0.6193	0.6375	0.6012	0.6340	0.6348	0.5970	0.5740	0.5911	0.5658	0.5795	0.5739	0.6036	0.5592	0.5874	0.5640	0.5309	0.5278	0.4861	0.4779	0.4787	0.4380	0.4238	0.4614	0.4164	0.4030	0.4076	0.3656	0.3470	0.3264	0.3064	0.3114	0.2950
0.1829	0.2071	0.2120	0.2232	0.2258	0.2858	0.3321	0.3305	0.3293	0.3455	0.3838	0.3622	0.3918	0.4149	0.4426	0.4782	0.4638	0.4889	0.5146	0.5162	0.5232	0.4999	0.4951	0.4933	0.4990	0.4763	0.5339	0.5659	0.5689	0.5729	0.6149	0.6182	0.6483	0.6056	0.6101	0.6145	0.6112	0.6198	0.6124	0.5755	0.6093	0.6034	0.6246	0.5907	0.5646	0.5573	0.5844	0.6113	0.5907	0.5669	0.5564	0.5232	0.5094	0.5205	0.5074	0.5017	0.4707	0.4655	0.4306	0.4179	0.4222	0.3969	0.3989	0.3629	0.3546	0.3410	0.3218	0.3122	0.2838
0.1791	0.1977	0.2224	0.2481	0.2631	0.2800	0.3029	0.3124	0.3324	0.3219	0.3634	0.3939	0.4165	0.4112	0.4086	0.4520	0.4811	0.5098	0.5300	0.4958	0.4869	0.4911	0.4884	0.5138	0.4969	0.5123	0.5189	0.5851	0.6043	0.6062	0.5801	0.6188	0.6686	0.6356	0.6223	0.6071	0.6452	0.6270	0.6368	0.5982	0.6133	0.6196	0.6041	0.6160	0.5741	0.5467	0.5771	0.5871	0.5716	0.5798	0.5823	0.5307	0.5115	0.4994	0.4993	0.5118	0.4664	0.4328	0.4096	0.4256	0.4321	0.4053	0.4010	0.3588	0.3552	0.3430	0.3255	0.3131	0.3026
0.1796	0.2075	0.2157	0.2356	0.2215	0.2718	0.3068	0.3012	0.3876	0.3568	0.3588	0.3924	0.3876	0.4192	0.4252	0.4677	0.4966	0.5049	0.5207	0.5291	0.5053	0.5372	0.5016	0.5273	0.5166	0.5213	0.5074	0.5590	0.5688	0.5681	0.6003	0.6135	0.6469	0.6133	0.6319	0.6386	0.6523	0.6330	0.6281	0.6180	0.6029	0.6449	0.6107	0.5891	0.5647	0.5396	0.5513	0.5769	0.5769	0.6024	0.5911	0.5829	0.5556	0.5204	0.4971	0.4938	0.4885	0.4546	0.4316	0.4476	0.4223	0.4138	0.4089	0.3850	0.3613	0.3371	0.3266	0.3081	0.2857
0.1756	0.1814	0.2060	0.2268	0.2338	0.2588	0.2874	0.3133	0.3636	0.3716	0.3711	0.3671	0.3933	0.4042	0.4241	0.4768	0.5103	0.5205	0.5024	0.5114	0.5190	0.5352	0.5190	0.5176	0.5437	0.5667	0.5094	0.5631	0.5826	0.5711	0.6135	0.6308	0.6514	0.6095	0.6162	0.6632	0.6282	0.5987	0.6142	0.6179	0.5914	0.5933	0.6181	0.5638	0.5898	0.5765	0.5718	0.6312	0.5975	0.5963	0.5918	0.5619	0.5392	0.5701	0.5090	0.4939	0.4671	0.4628	0.4292	0.4241	0.4306	0.4351	0.4480	0.4216	0.3578	0.3512	0.3600	0.3257	0.3113
0.1885	0.1990	0.2347	0.2285	0.2408	0.2699	0.3111	0.3347	0.3423	0.3530	0.3528	0.3764	0.4067	0.4115	0.4270	0.4667	0.4967	0.5024	0.5054	0.4979	0.5207	0.5299	0.5182	0.5367	0.5538	0.5462	0.5565	0.5729	0.6270	0.5938	0.6243	0.6564	0.6399	0.6368	0.6597	0.6780	0.6554	0.6187	0.6187	0.5878	0.6013	0.5907	0.6022	0.5855	0.5822	0.5640	0.6097	0.6189	0.5941	0.5934	0.6074	0.5642	0.5840	0.5527	0.5130	0.5167	0.4962	0.4865	0.4439	0.4452	0.4293	0.4469	0.4285	0.3930	0.3826	0.3542	0.3528	0.3355	0.3457
0.1716	0.1726	0.2267	0.2379	0.2449	0.2600	0.3153	0.3529	0.3669	0.3596	0.3607	0.3784	0.3967	0.4172	0.4246	0.4810	0.4825	0.4950	0.5007	0.5528	0.5655	0.5173	0.5354	0.5324	0.5369	0.5578	0.5700	0.6099	0.6426	0.6129	0.6445	0.6624	0.6700	0.7163	0.7079	0.6713	0.6175	0.6427	0.6292	0.6229	0.6241	0.6382	0.6043	0.6056	0.5721	0.5889	0.6009	0.6053	0.6115	0.6372	0.6292	0.5507	0.5697	0.5469	0.5145	0.5054	0.4968	0.4811	0.4746	0.4705	0.4577	0.4488	0.4205	0.4369	0.4020	0.3677	0.3845	0.3640	0.3358
0.1737	0.1983	0.2105	0.2503	0.2538	0.2590	0.2853	0.3324	0.3336	0.3247	0.3349	0.3500	0.3958	0.4695	0.4668	0.4726	0.5240	0.5535	0.5808	0.6122	0.5894	0.5588	0.5524	0.5859	0.6105	0.6183	0.5968	0.6255	0.6544	0.6376	0.6236	0.6680	0.6700	0.6758	0.7494	0.6918	0.6468	0.6473	0.6476	0.5892	0.6123	0.6306	0.6093	0.5994	0.5932	0.5972	0.5767	0.6073	0.6040	0.6636	0.6129	0.5877	0.5737	0.5866	0.5647	0.5122	0.5174	0.5039	0.4698	0.4844	0.4804	0.4391	0.4519	0.4594	0.4492	0.4259	0.3966	0.3829	0.3481
0.1721	0.1980	0.2208	0.2579	0.2772	0.3268	0.3086	0.3310	0.3205	0.3509	0.3556	0.3728	0.4064	0.4855	0.4948	0.5187	0.5450	0.5990	0.5852	0.6547	0.6081	0.6119	0.5773	0.5880	0.6107	0.6198	0.6232	0.6505	0.6987	0.6587	0.6513	0.6804	0.7008	0.7353	0.7303	0.6816	0.6539	0.6359	0.6151	0.6079	0.6134	0.6103	0.6014	0.6223	0.6021	0.6279	0.6387	0.6604	0.6512	0.6550	0.6583	0.6422	0.6099	0.5977	0.5661	0.5263	0.5072	0.5206	0.5009	0.4871	0.4663	0.4341	0.4908	0.4784	0.4245	0.4145	0.3876	0.3855	0.3756
0.1690	0.2045	0.2745	0.2518	0.2599	0.3217	0.3295	0.3292	0.3479	0.3782	0.3615	0.4193	0.4559	0.4639	0.5202	0.5528	0.5719	0.5881	0.6051	0.6386	0.6568	0.6557	0.5959	0.6186	0.6008	0.6241	0.6256	0.6507	0.7306	0.7182	0.7135	0.7578	0.7754	0.7967	0.7580	0.7268	0.7059	0.6830	0.6420	0.6179	0.6272	0.6276	0.5825	0.6175	0.6328	0.6048	0.6299	0.6620	0.6724	0.6787	0.6489	0.6270	0.6108	0.5996	0.5515	0.5584	0.5388	0.5341	0.5262	0.4836	0.4477	0.4574	0.4583	0.4579	0.4234	0.4203	0.4163	0.3999	0.4029
0.1846	0.2315	0.2983	0.2744	0.2924	0.3194	0.3434	0.3471	0.3746	0.3737	0.4132	0.4576	0.4865	0.4973	0.5833	0.5839	0.6168	0.6894	0.6964	0.6863	0.7122	0.7214	0.7188	0.6834	0.6496	0.6943	0.6609	0.6799	0.7215	0.7111	0.8161	0.8614	0.8656	0.8837	0.8707	0.7773	0.7716	0.7410	0.6854	0.6640	0.6365	0.6097	0.6393	0.6372	0.6690	0.6531	0.6768	0.7009	0.6937	0.6806	0.6584	0.6544	0.6429	0.6344	0.5763	0.5446	0.5503	0.5376	0.5312	0.4688	0.4799	0.4818	0.4915	0.4880	0.4657	0.4295	0.4529	0.4422	0.4210
0.2203	0.3129	0.3720	0.3550	0.3778	0.3868	0.3965	0.4031	0.4112	0.4046	0.4505	0.4772	0.4963	0.5601	0.5879	0.6431	0.6956	0.7406	0.7644	0.7416	0.7477	0.7883	0.7938	0.7348	0.7746	0.7491	0.7427	0.7636	0.8078	0.8186	0.8752	0.8341	0.8156	0.8831	0.9543	0.8765	0.8352	0.8050	0.7489	0.7076	0.7075	0.6994	0.7198	0.6973	0.6901	0.6855	0.7054	0.6974	0.6942	0.7171	0.6803	0.6794	0.6501	0.6129	0.5535	0.5558	0.5402	0.5240	0.5204	0.5125	0.5457	0.5544	0.5629	0.5142	0.4913	0.4549	0.4475	0.4318	0.4302
0.1223	0.2543	0.3424	0.4821	0.5140	0.5485	0.5545	0.5222	0.5255	0.5368	0.5180	0.5651	0.5923	0.6373	0.6777	0.7369	0.7705	0.8202	0.8399	0.8215	0.7626	0.7932	0.7683	0.7786	0.7447	0.6758	0.6346	0.6613	0.7412	0.6988	0.6146	0.4839	0.5014	0.5706	0.6751	0.8690	0.9549	0.8608	0.8421	0.7860	0.7444	0.7599	0.8010	0.7465	0.7359	0.7500	0.7612	0.7243	0.7173	0.7268	0.6997	0.6897	0.6779	0.6312	0.5934	0.5707	0.5503	0.5422	0.5670	0.5848	0.5933	0.5888	0.5939	0.5485	0.5025	0.4806	0.4659	0.4753	0.4432
0.0608	0.1119	0.1481	0.2273	0.3196	0.4386	0.4948	0.5084	0.4983	0.5456	0.6041	0.5973	0.6143	0.6544	0.6786	0.7222	0.6886	0.6979	0.6313	0.5533	0.4933	0.4349	0.4525	0.5533	0.4608	0.3721	0.3576	0.3796	0.4269	0.3978	0.3701	0.3765	0.3896	0.4184	0.4617	0.6477	0.8411	0.8586	0.8942	0.8325	0.8511	0.7934	0.8267	0.7811	0.7752	0.7745	0.7479	0.7398	0.7184	0.7105	0.6760	0.7070	0.6821	0.6455	0.6053	0.6130	0.5912	0.5716	0.6035	0.6331	0.6195	0.6113	0.5992	0.5648	0.5144	0.5254	0.5471	0.5364	0.5102
0.0326	0.0475	0.0771	0.0871	0.1091	0.1583	0.1701	0.2053	0.2329	0.2770	0.3131	0.3396	0.3763	0.3592	0.3511	0.3697	0.3354	0.2968	0.2747	0.2740	0.2696	0.2501	0.2751	0.2634	0.2579	0.2485	0.2505	0.2579	0.2908	0.3054	0.3198	0.3287	0.3348	0.3730	0.4065	0.4769	0.5207	0.7032	0.9058	0.9248	0.9195	0.8501	0.8424	0.8234	0.8210	0.7805	0.8211	0.7700	0.7177	0.7022	0.7242	0.7068	0.6888	0.6595	0.6386	0.6281	0.6188	0.6104	0.6001	0.6516	0.6389	0.6292	0.6328	0.6207	0.5603	0.5236	0.5554	0.5528	0.5203
0.0147	0.0192	0.0601	0.0586	0.0701	0.0943	0.0718	0.0963	0.1228	0.1186	0.1238	0.1222	0.1451	0.1398	0.1404	0.1635	0.1680	0.1641	0.1791	0.1865	0.1894	0.1924	0.1982	0.2042	0.2238	0.2141	0.2152	0.2296	0.2541	0.2660	0.2508	0.2555	0.2847	0.3051	0.3324	0.3539	0.3915	0.5006	0.7341	0.8852	0.8707	0.8503	0.8896	0.8958	0.8647	0.8461	0.8714	0.8313	0.7420	0.7653	0.7436	0.7202	0.7083	0.7058	0.6782	0.6841	0.6820	0.6623	0.6480	0.6604	0.5710	0.5566	0.6234	0.6088	0.5223	0.5492	0.5632	0.5371	0.5011
0.0180	0.0345	0.0486	0.0470	0.0575	0.0717	0.0576	0.0647	0.0840	0.0973	0.0973	0.0935	0.0930	0.0935	0.0964	0.1022	0.1124	0.1178	0.1235	0.1272	0.1216	0.1286	0.1514	0.1748	0.1674	0.1699	0.1666	0.1825	0.1941	0.2109	0.2168	0.2212	0.2236	0.2221	0.2390	0.2508	0.2862	0.3238	0.3993	0.5526	0.5455	0.6507	0.7857	0.7593	0.7038	0.7334	0.8312	0.8448	0.7908	0.7720	0.7246	0.7159	0.6898	0.6762	0.6855	0.7070	0.7085	0.6636	0.6257	0.6742	0.6179	0.4609	0.5482	0.6229	0.5623	0.5517	0.5371	0.4713	0.3937
0.0234	0.0240	0.0396	0.0394	0.0437	0.0472	0.0545	0.0593	0.0590	0.0605	0.0728	0.0749	0.0819	0.0746	0.0876	0.0921	0.0983	0.0913	0.0943	0.0917	0.0999	0.0951	0.0967	0.1251	0.1174	0.1125	0.1249	0.1256	0.1424	0.1526	0.1601	0.1763	0.1868	0.1867	0.2013	0.1924	0.2107	0.2385	0.2537	0.2798	0.2892	0.3247	0.4130	0.4152	0.3947	0.4628	0.6623	0.8247	0.7727	0.7546	0.7419	0.6977	0.7099	0.6822	0.7012	0.6858	0.6685	0.6687	0.6406	0.6582	0.6312	0.4571	0.5004	0.6239	0.5753	0.5127	0.5008	0.5093	0.3931
0.0254	0.0385	0.0454	0.0214	0.0426	0.0548	0.0515	0.0619	0.0568	0.0507	0.0619	0.0697	0.0782	0.0667	0.0804	0.0831	0.0752	0.0901	0.0848	0.0905	0.0896	0.0866	0.0898	0.0933	0.0905	0.0895	0.0967	0.0990	0.1069	0.1181	0.1219	0.1361	0.1467	0.1437	0.1566	0.1624	0.1804	0.2090	0.2146	0.2158	0.2331	0.2594	0.2839	0.3336	0.3625	0.4294	0.7157	0.8480	0.7803	0.7491	0.7349	0.7147	0.7148	0.6555	0.6586	0.6579	0.6696	0.6468	0.6233	0.6272	0.5033	0.3542	0.4088	0.5780	0.5614	0.4429	0.4024	0.4536	0.4168
0.0075	0.0359	0.0373	0.0255	0.0385	0.0786	0.0605	0.0569	0.0445	0.0473	0.0592	0.0619	0.0642	0.0626	0.0640	0.0722	0.0783	0.0757	0.0841	0.0814	0.0781	0.0846	0.0922	0.0931	0.0864	0.0905	0.1035	0.0916	0.0915	0.0880	0.0904	0.0946	0.0940	0.1030	0.1189	0.1170	0.1305	0.1337	0.1462	0.1666	0.1910	0.2102	0.2255	0.2752	0.3225	0.4038	0.6951	0.8185	0.7973	0.8045	0.7585	0.7270	0.7037	0.6436	0.5643	0.4914	0.4808	0.5578	0.5651	0.4761	0.2604	0.2198	0.2603	0.3633	0.3918	0.2810	0.2284	0.2818	0.2698
0.0117	0.0047	0.0328	0.0310	0.0311	0.0504	0.0512	0.0575	0.0365	0.0352	0.0455	0.0528	0.0523	0.0559	0.0592	0.0565	0.0799	0.0756	0.0706	0.0737	0.0665	0.0699	0.0696	0.0730	0.0825	0.0782	0.0742	0.0912	0.0905	0.0893	0.0825	0.0876	0.0927	0.0920	0.1017	0.1068	0.1035	0.1015	0.1032	0.1080	0.1172	0.1255	0.1443	0.1633	0.2027	0.2637	0.4804	0.7579	0.7874	0.7353	0.6512	0.6648	0.6537	0.5168	0.2948	0.2151	0.2083	0.2530	0.3140	0.2523	0.1752	0.1678	0.1876	0.1769	0.1830	0.1752	0.1512	0.1739	0.1598
0.0036	0.0109	0.0260	0.0356	0.0365	0.0546	0.0412	0.0436	0.0521	0.0308	0.0453	0.0605	0.0583	0.0572	0.0529	0.0617	0.0615	0.0664	0.0644	0.0647	0.0693	0.0714	0.0717	0.0745	0.0684	0.0733	0.0709	0.0764	0.0755	0.0828	0.0756	0.0847	0.0882	0.0755	0.0831	0.0839	0.0825	0.0767	0.0941	0.0920	0.0880	0.0901	0.1042	0.1168	0.1177	0.1362	0.1804	0.3323	0.3597	0.2967	0.2419	0.3121	0.3226	0.2275	0.1429	0.1318	0.1349	0.1426	0.1472	0.1516	0.1515	0.1436	0.1402	0.1374	0.1290	0.1329	0.1333	0.1379	0.1373
0.0000	0.0104	0.0140	0.0178	0.0113	0.0266	0.0239	0.0325	0.0328	0.0385	0.0331	0.0434	0.0454	0.0480	0.0588	0.0635	0.0668	0.0560	0.0466	0.0487	0.0603	0.0610	0.0608	0.0628	0.0626	0.0683	0.0698	0.0683	0.0636	0.0642	0.0698	0.0710	0.0753	0.0722	0.0747	0.0704	0.0720	0.0747	0.0863	0.0794	0.0790	0.0897	0.0961	0.0891	0.0898	0.1066	0.1125	0.1178	0.1130	0.1157	0.1172	0.1170	0.1194	0.1114	0.1082	0.1083	0.1107	0.1096	0.1233	0.1274	0.1268	0.1141	0.1180	0.1298	0.1071	0.1121	0.1192	0.1149	0.1176
0.0000	0.0000	0.0100	0.0000	0.0070	0.0175	0.0322	0.0412	0.0354	0.0457	0.0313	0.0429	0.0410	0.0361	0.0546	0.0509	0.0467	0.0540	0.0400	0.0502	0.0552	0.0503	0.0513	0.0598	0.0561	0.0674	0.0686	0.0611	0.0625	0.0620	0.0592	0.0711	0.0763	0.0698	0.0590	0.0635	0.0802	0.0750	0.0719	0.0729	0.0838	0.0850	0.0804	0.0842	0.0812	0.0832	0.0913	0.1028	0.1007	0.1013	0.1042	0.0982	0.0964	0.0925	0.1010	0.1007	0.0934	0.0870	0.1017	0.0985	0.1021	0.0873	0.0933	0.0946	0.0975	0.0960	0.0972	0.0917	0.0956
0.0000	0.0000	0.0051	0.0055	0.0082	0.0114	0.0249	0.0262	0.0292	0.0339	0.0338	0.0375	0.0366	0.0507	0.0433	0.0430	0.0422	0.0451	0.0425	0.0479	0.0445	0.0442	0.0535	0.0544	0.0638	0.0572	0.0584	0.0588	0.0605	0.0548	0.0567	0.0591	0.0591	0.0684	0.0663	0.0705	0.0670	0.0668	0.0658	0.0698	0.0744	0.0730	0.0763	0.0781	0.0742	0.0808	0.0823	0.0851	0.0864	0.0825	0.0829	0.0920	0.0852	0.0905	0.0840	0.0855	0.0864	0.0763	0.0811	0.0832	0.0821	0.0743	0.0774	0.0813	0.0882	0.0829	0.0755	0.0777	0.0729
0.0000	0.0000	0.0000	0.0071	0.0086	0.0170	0.0124	0.0243	0.0276	0.0312	0.0300	0.0342	0.0244	0.0395	0.0346	0.0430	0.0403	0.0385	0.0358	0.0378	0.0393	0.0425	0.0429	0.0504	0.0536	0.0507	0.0449	0.0556	0.0593	0.0537	0.0480	0.0534	0.0566	0.0597	0.0584	0.0665	0.0583	0.0650	0.0637	0.0633	0.0683	0.0689	0.0719	0.0630	0.0675	0.0696	0.0782	0.0767	0.0780	0.0777	0.0698	0.0738	0.0729	0.0738	0.0669	0.0806	0.0824	0.0725	0.0698	0.0783	0.0721	0.0651	0.0647	0.0723	0.0716	0.0644	0.0644	0.0684	0.0527
0.0000	0.0000	0.0000	0.0000	0.0000	0.0094	0.0121	0.0243	0.0086	0.0016	0.0155	0.0375	0.0251	0.0195	0.0215	0.0395	0.0347	0.0314	0.0320	0.0441	0.0444	0.0292	0.0393	0.0351	0.0323	0.0394	0.0463	0.0515	0.0540	0.0494	0.0520	0.0556	0.0534	0.0533	0.0570	0.0546	0.0441	0.0588	0.0652	0.0607	0.0640	0.0594	0.0666	0.0632	0.0654	0.0704	0.0706	0.0709	0.0673	0.0657	0.0756	0.0813	0.0716	0.0615	0.0657	0.0634	0.0647	0.0674	0.0670	0.0754	0.0644	0.0540	0.0707	0.0648	0.0641	0.0577	0.0559	0.0646	0.0555
0.0000	0.0000	0.0000	0.0000	0.0000	0.0000	0.0114	0.0137	0.0051	0.0007	0.0128	0.0334	0.0234	0.0182	0.0220	0.0232	0.0347	0.0351	0.0267	0.0296	0.0298	0.0327	0.0322	0.0353	0.0374	0.0306	0.0449	0.0481	0.0477	0.0479	0.0524	0.0561	0.0553	0.0529	0.0529	0.0516	0.0578	0.0598	0.0632	0.0608	0.0672	0.0631	0.0594	0.0614	0.0595	0.0687	0.0670	0.0631	0.0651	0.0707	0.0787	0.0758	0.0663	0.0637	0.0622	0.0647	0.0611	0.0565	0.0695	0.0692	0.0566	0.0491	0.0612	0.0694	0.0526	0.0518	0.0500	0.0581	0.0540
0.0000	0.0000	0.0010	0.0000	0.0000	0.0136	0.0008	0.0073	0.0074	0.0233	0.0227	0.0305	0.0348	0.0340	0.0247	0.0286	0.0305	0.0289	0.0244	0.0284	0.0293	0.0411	0.0336	0.0442	0.0422	0.0417	0.0398	0.0397	0.0428	0.0478	0.0508	0.0418	0.0442	0.0569	0.0538	0.0523	0.0495	0.0605	0.0597	0.0559	0.0672	0.0540	0.0609	0.0634	0.0558	0.0651	0.0655	0.0718	0.0652	0.0654	0.0664	0.0675	0.0701	0.0658	0.0596	0.0640	0.0618	0.0559	0.0582	0.0471	0.0480	0.0462	0.0534	0.0670	0.0548	0.0443	0.0385	0.0425	0.0416
0.0000	0.0000	0.0000	0.0000	0.0000	0.0044	0.0025	0.0040	0.0063	0.0135	0.0177	0.0177	0.0175	0.0129	0.0289	0.0284	0.0324	0.0200	0.0279	0.0310	0.0291	0.0293	0.0244	0.0267	0.0378	0.0317	0.0317	0.0331	0.0451	0.0442	0.0416	0.0447	0.0429	0.0447	0.0468	0.0466	0.0458	0.0549	0.0530	0.0488	0.0546	0.0530	0.0618	0.0548	0.0588	0.0642	0.0574	0.0704	0.0610	0.0545	0.0495	0.0511	0.0626	0.0549	0.0498	0.0611	0.0567	0.0453	0.0450	0.0412	0.0462	0.0431	0.0409	0.0477	0.0455	0.0432	0.0408	0.0364	0.0384
0.0000	0.0000	0.0000	0.0000	0.0000	0.0057	0.0000	0.0000	0.0070	0.0018	0.0175	0.0048	0.0111	0.0139	0.0166	0.0341	0.0343	0.0160	0.0139	0.0297	0.0342	0.0317	0.0190	0.0212	0.0287	0.0359	0.0283	0.0428	0.0355	0.0400	0.0480	0.0351	0.0381	0.0316	0.0482	0.0506	0.0460	0.0459	0.0476	0.0463	0.0547	0.0574	0.0582	0.0654	0.0534	0.0506	0.0528	0.0532	0.0487	0.0468	0.0684	0.0605	0.0535	0.0511	0.0576	0.0672	0.0499	0.0501	0.0447	0.0493	0.0544	0.0436	0.0461	0.0512	0.0592	0.0380	0.0406	0.0394	0.0291
