0.0000	0.0000	0.0000	0.0031	0.0000	0.0004	0.0000	0.0000	0.0003	0.0000	0.0011	0.0064	0.0161	0.0132	0.0122	0.0229	0.0363	0.0231	0.0146	0.0330	0.0355	0.0253	0.0253	0.0328	0.0523	0.0596	0.0513	0.0453	0.0421	0.0577	0.0751	0.0764	0.0779	0.0752	0.0794	0.0882	0.0895	0.0874	0.0876	0.0819	0.0769	0.0976	0.1118	0.1100	0.0839	0.0878	0.0935	0.0929	0.0683	0.0744	0.0829	0.0695	0.0711	0.0713	0.0675	0.0813	0.0604	0.0518	0.0699	0.0590	0.0520	0.0572	0.0352	0.0420	0.0521	0.0358	0.0290	0.0292	0.0295
0.0000	0.0000	0.0000	0.0000	0.0000	0.0002	0.0000	0.0024	0.0154	0.0033	0.0182	0.0113	0.0298	0.0357	0.0284	0.0346	0.0357	0.0343	0.0356	0.0287	0.0390	0.0411	0.0486	0.0457	0.0564	0.0460	0.0350	0.0434	0.0625	0.0635	0.0769	0.0745	0.0814	0.0925	0.0877	0.0998	0.1027	0.0825	0.1016	0.1027	0.0866	0.0928	0.1017	0.1055	0.0939	0.0982	0.1004	0.1039	0.0899	0.0727	0.0901	0.0868	0.0710	0.0786	0.0900	0.0805	0.0816	0.0649	0.0621	0.0620	0.0489	0.0523	0.0496	0.0474	0.0472	0.0293	0.0313	0.0426	0.0301
0.0000	0.0000	0.0012	0.0000	0.0037	0.0022	0.0000	0.0115	0.0213	0.0168	0.0304	0.0216	0.0368	0.0338	0.0339	0.0475	0.0413	0.0361	0.0439	0.0385	0.0463	0.0555	0.0478	0.0606	0.0680	0.0484	0.0572	0.0560	0.0609	0.0814	0.0875	0.0763	0.0833	0.1021	0.1012	0.1057	0.1032	0.1015	0.0957	0.1105	0.1120	0.1048	0.1059	0.0996	0.0970	0.1139	0.1181	0.1021	0.1027	0.0802	0.0987	0.1042	0.0960	0.0797	0.0762	0.0900	0.0823	0.0746	0.0717	0.0782	0.0754	0.0667	0.0692	0.0598	0.0490	0.0390	0.0419	0.0491	0.0422
0.0000	0.0000	0.0000	0.0000	0.0000	0.0070	0.0127	0.0159	0.0072	0.0271	0.0167	0.0280	0.0388	0.0220	0.0240	0.0371	0.0335	0.0328	0.0398	0.0465	0.0520	0.0630	0.0467	0.0582	0.0590	0.0618	0.0643	0.0669	0.0600	0.0719	0.0779	0.0849	0.0930	0.0880	0.1026	0.1038	0.0994	0.0995	0.1114	0.1076	0.1222	0.1123	0.1122	0.1037	0.0967	0.1058	0.1136	0.0957	0.1038	0.1051	0.1088	0.1015	0.0968	0.0872	0.0842	0.0805	0.0727	0.0841	0.0939	0.0820	0.1013	0.0798	0.0672	0.0622	0.0606	0.0586	0.0482	0.0585	0.0471
0.0000	0.0000	0.0000	0.0013	0.0003	0.0080	0.0207	0.0130	0.0084	0.0113	0.0126	0.0301	0.0369	0.0260	0.0363	0.0340	0.0285	0.0381	0.0348	0.0533	0.0455	0.0522	0.0572	0.0639	0.0703	0.0806	0.0690	0.0617	0.0725	0.0768	0.0840	0.0832	0.0973	0.0899	0.1151	0.0923	0.1058	0.0976	0.1112	0.1052	0.1202	0.1124	0.1321	0.1131	0.1176	0.1222	0.1285	0.1024	0.1128	0.1074	0.1107	0.1000	0.1001	0.0974	0.1019	0.0910	0.0803	0.0793	0.0918	0.0859	0.0945	0.0792	0.0780	0.0836	0.0890	0.0597	0.0628	0.0609	0.0529
0.0000	0.0000	0.0000	0.0007	0.0034	0.0149	0.0165	0.0204	0.0139	0.0197	0.0218	0.0321	0.0526	0.0366	0.0344	0.0422	0.0541	0.0527	0.0323	0.0506	0.0578	0.0564	0.0627	0.0641	0.0734	0.0622	0.0739	0.0682	0.0810	0.0886	0.0949	0.0866	0.1026	0.1258	0.1194	0.1101	0.1121	0.1160	0.1043	0.1108	0.1186	0.1193	0.1487	0.1362	0.1143	0.1173	0.1266	0.1244	0.1307	0.1214	0.1167	0.1243	0.1200	0.1153	0.1147	0.1125	0.1155	0.0922	0.1047	0.1015	0.0945	0.0945	0.0877	0.0929	0.0842	0.0824	0.0705	0.0666	0.0686
0.0000	0.0000	0.0019	0.0063	0.0122	0.0167	0.0247	0.0243	0.0227	0.0232	0.0343	0.0332	0.0352	0.0262	0.0424	0.0600	0.0637	0.0544	0.0588	0.0585	0.0677	0.0654	0.0595	0.0669	0.0740	0.0780	0.0803	0.0834	0.1044	0.0984	0.0926	0.0769	0.1064	0.1251	0.1205	0.1220	0.1149	0.1255	0.1139	0.1267	0.1324	0.1404	0.1309	0.1329	0.1351	0.1332	0.1382	0.1437	0.1372	0.1332	0.1328	0.1334	0.1266	0.1239	0.1242	0.1404	0.1347	0.1161	0.1185	0.1324	0.1045	0.1080	0.1007	0.1054	0.0940	0.0886	0.0854	0.0869	0.0917
0.0000	0.0129	0.0146	0.0176	0.0149	0.0131	0.0173	0.0231	0.0375	0.0265	0.0208	0.0339	0.0456	0.0355	0.0352	0.0645	0.0506	0.0529	0.0730	0.0618	0.0754	0.0794	0.0601	0.0723	0.0694	0.0889	0.0809	0.0866	0.1079	0.0971	0.0925	0.0860	0.1244	0.1351	0.1389	0.1287	0.1355	0.1418	0.1408	0.1385	0.1388	0.1485	0.1619	0.1470	0.1513	0.1815	0.1837	0.1842	0.1611	0.1566	0.1631	0.1441	0.1513	0.1445	0.1415	0.1561	0.1439	0.1240	0.1334	0.1434	0.1439	0.1152	0.1299	0.1263	0.1163	0.1025	0.1008	0.1125	0.1156
0.0000	0.0062	0.0177	0.0207	0.0134	0.0188	0.0233	0.0278	0.0420	0.0453	0.0301	0.0381	0.0377	0.0484	0.0498	0.0605	0.0544	0.0557	0.0673	0.0708	0.0734	0.0772	0.0848	0.0772	0.0916	0.0918	0.0855	0.0945	0.1024	0.0978	0.1020	0.1108	0.1383	0.1331	0.1383	0.1357	0.1443	0.1390	0.1504	0.1606	0.1609	0.1688	0.1903	0.1733	0.1841	0.1786	0.1977	0.2108	0.1808	0.2022	0.1890	0.1842	0.1722	0.1707	0.1629	0.1787	0.1585	0.1437	0.1635	0.1596	0.1687	0.1536	0.1282	0.1429	0.1463	0.1213	0.1183	0.1236	0.1186
0.0035	0.0000	0.0131	0.0148	0.0240	0.0289	0.0344	0.0340	0.0444	0.0317	0.0324	0.0461	0.0601	0.0644	0.0704	0.0665	0.0751	0.0690	0.0850	0.0824	0.0814	0.0848	0.0811	0.0772	0.1026	0.1089	0.0939	0.0917	0.1050	0.1041	0.1107	0.1184	0.1378	0.1494	0.1609	0.1399	0.1518	0.1513	0.1762	0.1945	0.1985	0.1838	0.1966	0.2057	0.2188	0.2363	0.2318	0.2395	0.2318	0.2342	0.2259	0.1988	0.2031	0.2043	0.2071	0.2042	0.2050	0.2025	0.1907	0.1870	0.1990	0.2066	0.1943	0.1985	0.1671	0.1327	0.1197	0.1268	0.1266
0.0003	0.0091	0.0120	0.0029	0.0143	0.0364	0.0407	0.0510	0.0615	0.0495	0.0452	0.0543	0.0599	0.0620	0.0607	0.0680	0.0815	0.0790	0.0846	0.0783	0.0991	0.1018	0.0955	0.0949	0.1122	0.1129	0.1084	0.1107	0.1083	0.1117	0.1142	0.1309	0.1408	0.1757	0.1771	0.1777	0.1870	0.1942	0.2076	0.2298	0.2465	0.2396	0.2729	0.2496	0.2813	0.2718	0.2989	0.2987	0.3267	0.2850	0.2508	0.2726	0.2666	0.2551	0.2627	0.3098	0.3119	0.2692	0.2391	0.2322	0.2351	0.2279	0.2944	0.3329	0.2624	0.1592	0.1405	0.1447	0.1363
0.0075	0.0135	0.0286	0.0179	0.0194	0.0294	0.0329	0.0491	0.0576	0.0502	0.0513	0.0652	0.0693	0.0705	0.0736	0.0730	0.0858	0.0990	0.0950	0.0813	0.1039	0.1059	0.1037	0.1114	0.1304	0.1334	0.1228	0.1130	0.1212	0.1297	0.1612	0.1643	0.1728	0.1848	0.1929	0.2043	0.2349	0.2582	0.2692	0.2680	0.2903	0.2810	0.3183	0.2856	0.3187	0.3283	0.4237	0.5041	0.6188	0.5619	0.4059	0.4877	0.4215	0.3388	0.4032	0.6137	0.6170	0.5125	0.3848	0.3386	0.3204	0.3453	0.4607	0.4490	0.3478	0.1977	0.1594	0.1673	0.1630
0.0090	0.0183	0.0260	0.0254	0.0207	0.0240	0.0298	0.0522	0.0703	0.0540	0.0637	0.0646	0.0746	0.0726	0.0722	0.0758	0.0949	0.1218	0.0946	0.1030	0.1174	0.1207	0.1316	0.1210	0.1262	0.1388	0.1388	0.1408	0.1484	0.1517	0.1792	0.2113	0.2190	0.2506	0.2723	0.2668	0.2919	0.3094	0.3348	0.3464	0.3719	0.3769	0.4079	0.3978	0.4319	0.5144	0.6845	0.8331	0.8903	0.8854	0.7633	0.7232	0.5451	0.4317	0.5535	0.7370	0.7111	0.6555	0.6439	0.5423	0.4392	0.4924	0.5269	0.4531	0.3955	0.2470	0.2021	0.1950	0.1688
0.0154	0.0211	0.0224	0.0186	0.0344	0.0306	0.0498	0.0631	0.0675	0.0551	0.0733	0.0794	0.0769	0.0728	0.0901	0.1093	0.1033	0.1210	0.1214	0.1130	0.1115	0.1273	0.1465	0.1437	0.1480	0.1485	0.1666	0.1741	0.1813	0.2024	0.2382	0.2796	0.3073	0.3273	0.3945	0.4441	0.3988	0.4137	0.4822	0.5321	0.5914	0.5395	0.5472	0.5218	0.6157	0.8195	0.8982	0.8925	0.8817	0.8509	0.9010	0.8661	0.7441	0.6230	0.6599	0.6806	0.6682	0.6251	0.6799	0.6209	0.5645	0.5122	0.5021	0.4725	0.3913	0.2938	0.2382	0.1938	0.1761
0.0033	0.0184	0.0413	0.0432	0.0600	0.0459	0.0508	0.0637	0.0692	0.0509	0.0718	0.0922	0.0901	0.0895	0.1054	0.1076	0.1212	0.1222	0.1358	0.1327	0.1536	0.1631	0.1737	0.1981	0.1829	0.1904	0.2121	0.2356	0.2658	0.3034	0.3202	0.3598	0.4454	0.4704	0.5939	0.6454	0.5653	0.6282	0.7648	0.8530	0.8842	0.8645	0.7667	0.7525	0.8803	0.9251	0.8647	0.8412	0.8917	0.8565	0.8517	0.8072	0.7569	0.6762	0.6887	0.6493	0.6597	0.6182	0.5548	0.5965	0.5519	0.4981	0.5344	0.5065	0.4692	0.4018	0.3138	0.2361	0.2572
0.0174	0.0291	0.0448	0.0486	0.0613	0.0558	0.0609	0.0824	0.0830	0.0812	0.0949	0.1022	0.1173	0.1296	0.1416	0.1500	0.1788	0.1728	0.1878	0.1827	0.2091	0.2123	0.2104	0.2266	0.2334	0.2519	0.2669	0.2861	0.3432	0.3580	0.4096	0.5410	0.6531	0.6686	0.7897	0.8349	0.8843	0.9429	0.9436	0.9227	0.9404	0.9083	0.9523	0.9450	0.9493	0.9267	0.8718	0.8242	0.8511	0.8229	0.7839	0.7613	0.7227	0.6797	0.6659	0.6575	0.6236	0.5907	0.5634	0.6036	0.5312	0.4701	0.4955	0.4805	0.3963	0.3724	0.3651	0.2705	0.2687
0.0297	0.0400	0.0421	0.0571	0.0731	0.0733	0.0897	0.1113	0.1121	0.1326	0.1532	0.1617	0.2012	0.1909	0.2198	0.2371	0.2385	0.2683	0.2372	0.2650	0.2816	0.2668	0.2779	0.3046	0.3163	0.3389	0.3619	0.3939	0.4486	0.4670	0.5937	0.8720	0.9664	0.9026	0.9730	0.9152	0.9668	1.0000	0.9757	0.8581	0.8581	0.8365	0.8983	0.8759	0.8528	0.8162	0.7925	0.8022	0.7496	0.7294	0.7594	0.7566	0.7250	0.6841	0.6189	0.6415	0.6004	0.5671	0.5487	0.5719	0.5188	0.4502	0.4762	0.4272	0.3906	0.3420	0.3437	0.2372	0.2336
0.0402	0.0395	0.0601	0.0839	0.1112	0.1433	0.1994	0.2511	0.2858	0.2778	0.3347	0.3242	0.3888	0.4178	0.4519	0.4903	0.4952	0.5255	0.4769	0.4586	0.4862	0.4312	0.4486	0.4522	0.4770	0.5017	0.5913	0.6512	0.6408	0.7196	0.8224	0.9156	0.9310	0.9499	0.9272	0.8574	0.8460	0.8702	0.8916	0.8732	0.7957	0.7940	0.8352	0.8177	0.7971	0.7429	0.7621	0.7437	0.7317	0.7389	0.7252	0.7258	0.6715	0.6267	0.6024	0.5746	0.5526	0.5222	0.5507	0.5296	0.5225	0.4894	0.4567	0.4225	0.4091	0.3495	0.3393	0.2487	0.2234
0.0735	0.0972	0.1607	0.2684	0.3318	0.3906	0.4581	0.4738	0.5687	0.5382	0.5399	0.5352	0.6085	0.6311	0.6280	0.7207	0.7418	0.7373	0.7757	0.6688	0.6780	0.6655	0.6945	0.6760	0.6719	0.6675	0.7479	0.7142	0.7632	0.8321	0.8227	0.8136	0.9002	0.9165	0.8807	0.8537	0.7855	0.7932	0.7885	0.7968	0.7844	0.7525	0.7854	0.7716	0.7683	0.7589	0.7227	0.6896	0.6776	0.7189	0.6903	0.6745	0.6465	0.6070	0.5792	0.5447	0.5180	0.4984	0.5341	0.5365	0.5233	0.4632	0.4392	0.4266	0.4133	0.3697	0.3536	0.2841	0.2494
0.1287	0.2102	0.3044	0.3728	0.3956	0.4245	0.4513	0.4227	0.4399	0.4321	0.4772	0.5110	0.5696	0.5854	0.6361	0.6232	0.6853	0.6855	0.6943	0.6358	0.6454	0.6906	0.6865	0.7169	0.6675	0.6280	0.7062	0.6819	0.7243	0.7811	0.7918	0.7913	0.8457	0.8611	0.8406	0.8034	0.7450	0.7816	0.7205	0.7554	0.7567	0.7522	0.7531	0.7569	0.8028	0.7211	0.7119	0.6989	0.6994	0.6589	0.6381	0.6389	0.5837	0.5816	0.5853	0.5642	0.5174	0.5058	0.5176	0.4971	0.4767	0.4600	0.4272	0.4492	0.4208	0.3939	0.3897	0.3546	0.3013
0.1620	0.2105	0.2312	0.2311	0.2481	0.2877	0.3125	0.2889	0.3313	0.3459	0.3690	0.4227	0.5047	0.5218	0.5038	0.5548	0.6195	0.6294	0.6136	0.5906	0.6158	0.5966	0.5868	0.5858	0.5676	0.5941	0.5726	0.5947	0.6337	0.6718	0.7512	0.7491	0.7896	0.8268	0.7869	0.7874	0.7851	0.8089	0.7367	0.7350	0.7334	0.7296	0.7496	0.7310	0.7276	0.7167	0.7251	0.6636	0.6663	0.6732	0.6580	0.6224	0.5535	0.5846	0.5742	0.5367	0.4970	0.4903	0.5306	0.4681	0.4711	0.4487	0.4396	0.4216	0.4179	0.3670	0.3880	0.3699	0.3449
0.1303	0.1771	0.2005	0.2147	0.2251	0.2199	0.2547	0.2837	0.2836	0.3249	0.3513	0.4188	0.4930	0.5281	0.5244	0.5590	0.6315	0.6110	0.5812	0.5656	0.5650	0.5526	0.5246	0.4792	0.4919	0.5124	0.5121	0.5659	0.5982	0.6393	0.6638	0.7304	0.7538	0.7480	0.7726	0.7869	0.7820	0.7968	0.7493	0.7764	0.7831	0.7337	0.7318	0.7583	0.7554	0.7273	0.7381	0.6535	0.6139	0.6365	0.6814	0.6415	0.6002	0.5719	0.5319	0.5320	0.5258	0.5076	0.4971	0.4444	0.4569	0.4531	0.4391	0.3892	0.3725	0.3634	0.3583	0.3234	0.3269
0.1308	0.1787	0.2204	0.2040	0.2148	0.2145	0.2539	0.2777	0.2797	0.2732	0.3560	0.3878	0.4425	0.4607	0.5148	0.5375	0.5484	0.5623	0.5120	0.4789	0.5064	0.5246	0.4746	0.4750	0.4922	0.4790	0.5200	0.5663	0.5886	0.6286	0.6204	0.6567	0.7296	0.7410	0.7299	0.7557	0.7390	0.7714	0.7609	0.7362	0.7133	0.7058	0.7177	0.7109	0.7430	0.7348	0.6911	0.6755	0.6397	0.6184	0.6450	0.6335	0.6362	0.5771	0.5533	0.5524	0.5290	0.5037	0.4797	0.4853	0.4379	0.4307	0.4284	0.4026	0.3702	0.3724	0.3567	0.3105	0.3110
0.1328	0.1659	0.1860	0.2063	0.2074	0.2507	0.2677	0.2742	0.2734	0.2560	0.3177	0.3566	0.3653	0.3796	0.4331	0.4901	0.4909	0.4953	0.4982	0.4666	0.4774	0.4945	0.4677	0.4801	0.5306	0.4925	0.5203	0.5487	0.5695	0.6120	0.6440	0.6687	0.6926	0.7096	0.7282	0.6729	0.7060	0.7323	0.7105	0.7224	0.7103	0.7233	0.7211	0.7295	0.7285	0.7065	0.6782	0.6722	0.6185	0.6377	0.5876	0.5627	0.6208	0.5677	0.5091	0.5257	0.5235	0.5104	0.5121	0.4993	0.4392	0.4288	0.4256	0.3916	0.3557	0.3596	0.3226	0.3066	0.2959
0.1616	0.1706	0.2026	0.2146	0.2109	0.2407	0.2644	0.2573	0.2770	0.2961	0.3195	0.3334	0.3653	0.3661	0.4044	0.4404	0.4551	0.4540	0.4722	0.4883	0.4523	0.4642	0.4790	0.4797	0.4976	0.4962	0.5489	0.5485	0.5964	0.6271	0.6235	0.6503	0.6862	0.6832	0.7105	0.7047	0.7355	0.7003	0.7126	0.7453	0.7310	0.7529	0.7221	0.6743	0.7065	0.6795	0.6822	0.6538	0.6522	0.6421	0.5856	0.5507	0.5647	0.5503	0.5204	0.4957	0.5014	0.5108	0.4853	0.4768	0.4539	0.4193	0.4345	0.3751	0.3688	0.3438	0.2917	0.3168	0.2917
0.1534	0.1785	0.1912	0.1965	0.2144	0.2165	0.2474	0.2779	0.2963	0.3031	0.3353	0.3471	0.3663	0.3903	0.4262	0.4311	0.4484	0.4590	0.4565	0.4744	0.4689	0.4458	0.4702	0.4730	0.5046	0.5263	0.5622	0.5821	0.6043	0.6108	0.6443	0.6643	0.6873	0.6909	0.6795	0.6860	0.7060	0.6943	0.7183	0.6927	0.7153	0.7259	0.6913	0.7060	0.7116	0.7087	0.7034	0.6498	0.6468	0.6141	0.6139	0.5955	0.5444	0.5623	0.5381	0.5170	0.5155	0.5327	0.5031	0.4495	0.4509	0.4239	0.4170	0.3680	0.3567	0.3615	0.3249	0.3182	0.3126
0.1562	0.1950	0.2014	0.1939	0.2059	0.2340	0.2599	0.2735	0.2820	0.3128	0.3185	0.3222	0.3760	0.4172	0.4288	0.4296	0.4128	0.4407	0.4907	0.4741	0.4690	0.4570	0.4649	0.4823	0.4879	0.4986	0.5407	0.5540	0.5553	0.6019	0.6085	0.6809	0.6958	0.6765	0.6928	0.6612	0.6927	0.6868	0.6957	0.6971	0.6974	0.6930	0.6963	0.6630	0.7207	0.6916	0.6527	0.6378	0.6170	0.6141	0.6207	0.5827	0.5749	0.5645	0.5372	0.5119	0.4796	0.4697	0.4816	0.4754	0.4227	0.4211	0.4179	0.3722	0.3548	0.3306	0.3198	0.3158	0.2948
0.1579	0.1893	0.2184	0.1928	0.2092	0.2221	0.2535	0.2705	0.2921	0.3128	0.3287	0.3309	0.3598	0.3972	0.4075	0.4397	0.4221	0.4191	0.4650	0.4664	0.4602	0.4700	0.4627	0.4728	0.4757	0.4962	0.5330	0.5623	0.5700	0.5716	0.5942	0.6505	0.6568	0.6516	0.6360	0.6426	0.6646	0.6934	0.7073	0.7091	0.7291	0.7216	0.7095	0.6659	0.7096	0.6489	0.6535	0.6332	0.6119	0.5690	0.6193	0.6079	0.6176	0.5841	0.5203	0.4958	0.5027	0.4606	0.4571	0.5058	0.4629	0.4384	0.4077	0.3604	0.3520	0.3590	0.3374	0.3377	0.2791
0.1659	0.1880	0.1980	0.1942	0.2220	0.2286	0.2601	0.2672	0.2793	0.3162	0.3337	0.3615	0.3582	0.3872	0.4197	0.4467	0.4030	0.4395	0.4777	0.4770	0.4821	0.4591	0.4685	0.4717	0.4936	0.4969	0.5320	0.5818	0.5836	0.5909	0.6028	0.6288	0.6598	0.6575	0.6233	0.6213	0.6600	0.7166	0.7103	0.6945	0.7002	0.7038	0.6974	0.6951	0.6817	0.6521	0.6597	0.6094	0.6088	0.5858	0.5989	0.5913	0.5683	0.5546	0.5314	0.5024	0.4815	0.4638	0.4632	0.4906	0.4563	0.4500	0.3935	0.3813	0.3984	0.3786	0.3406	0.3254	0.2872
0.1700	0.1833	0.1986	0.2172	0.2304	0.2146	0.2746	0.2950	0.3112	0.2959	0.3317	0.3824	0.3646	0.3824	0.4044	0.4271	0.4547	0.4884	0.4891	0.4668	0.4818	0.4591	0.4704	0.4926	0.4902	0.4933	0.4872	0.5501	0.5919	0.6082	0.6122	0.6327	0.6885	0.6529	0.6512	0.6410	0.6972	0.7038	0.6888	0.6931	0.7169	0.7250	0.6861	0.7148	0.6937	0.6318	0.6236	0.6009	0.5800	0.6103	0.5838	0.5722	0.5658	0.5220	0.5177	0.5150	0.4620	0.4436	0.4676	0.4635	0.4509	0.4413	0.4011	0.4062	0.3959	0.3630	0.3453	0.3602	0.3162
0.1680	0.1804	0.2137	0.2256	0.2208	0.2184	0.2585	0.2937	0.3118	0.3215	0.3321	0.3580	0.3418	0.3734	0.4037	0.4102	0.4496	0.4662	0.4750	0.4613	0.4622	0.4920	0.4673	0.4907	0.5016	0.4926	0.4903	0.5248	0.5647	0.5836	0.5753	0.6538	0.6727	0.6531	0.6799	0.7095	0.7063	0.6940	0.6835	0.7202	0.6782	0.7418	0.6971	0.6983	0.6849	0.6082	0.6192	0.6141	0.6076	0.6416	0.6173	0.6225	0.6253	0.5536	0.4958	0.4932	0.4945	0.4735	0.4494	0.4867	0.4664	0.4455	0.4283	0.4164	0.3885	0.3814	0.3402	0.3406	0.3222
0.1484	0.1915	0.2015	0.2136	0.2020	0.2258	0.2369	0.2749	0.3137	0.3152	0.3355	0.3191	0.3560	0.3909	0.4153	0.4422	0.4545	0.4680	0.4480	0.4525	0.5123	0.4931	0.4690	0.5125	0.5168	0.5158	0.5070	0.5578	0.5646	0.5813	0.6085	0.6994	0.6762	0.6519	0.6817	0.6907	0.7123	0.7102	0.7086	0.6857	0.6836	0.6880	0.7114	0.6546	0.6764	0.6527	0.6392	0.6827	0.6524	0.6500	0.6694	0.6188	0.6059	0.6277	0.5717	0.5231	0.5008	0.4907	0.4620	0.4873	0.4843	0.4577	0.4469	0.4249	0.3874	0.3719	0.3632	0.3545	0.3395
0.1561	0.2172	0.2000	0.2048	0.2011	0.2484	0.2643	0.2959	0.3134	0.3025	0.3046	0.3426	0.3505	0.3785	0.4024	0.4238	0.4769	0.4594	0.4685	0.4550	0.4845	0.4639	0.5087	0.5195	0.5218	0.5000	0.5254	0.5652	0.5847	0.5860	0.6163	0.6743	0.6546	0.6617	0.7269	0.7206	0.7474	0.7207	0.7216	0.7030	0.7024	0.7173	0.7108	0.6857	0.7052	0.6441	0.6595	0.6770	0.6797	0.6397	0.6403	0.6109	0.6473	0.6208	0.5804	0.5349	0.5122	0.5087	0.4757	0.4740	0.4744	0.5069	0.4767	0.4260	0.4009	0.3772	0.3699	0.3626	0.3491
0.1476	0.1741	0.1902	0.2096	0.2083	0.2337	0.2583	0.3175	0.3318	0.3181	0.3247	0.3434	0.3602	0.3990	0.3984	0.4301	0.4341	0.4643	0.4606	0.4595	0.4779	0.4563	0.4829	0.4955	0.5002	0.5116	0.5147	0.5733	0.5774	0.5910	0.6266	0.6686	0.6694	0.7003	0.7164	0.7115	0.7001	0.7143	0.7347	0.7129	0.7198	0.7291	0.6954	0.6993	0.6549	0.6553	0.6859	0.6459	0.6923	0.6987	0.6636	0.6284	0.6419	0.6003	0.6065	0.5870	0.5620	0.5158	0.5219	0.5064	0.4819	0.4887	0.4739	0.4451	0.4310	0.4122	0.4319	0.4061	0.3698
0.1450	0.1651	0.2004	0.1963	0.2347	0.2553	0.2685	0.3370	0.3253	0.3075	0.3136	0.3482	0.3815	0.4130	0.4335	0.4512	0.4438	0.4582	0.4657	0.4777	0.4777	0.4848	0.4668	0.5056	0.5214	0.5339	0.5406	0.5415	0.5732	0.6112	0.6093	0.6440	0.6545	0.6908	0.7340	0.7341	0.7110	0.7058	0.7426	0.7269	0.7231	0.7272	0.6917	0.6849	0.6678	0.6554	0.6532	0.6581	0.6300	0.6987	0.6674	0.6315	0.6358	0.6444	0.6239	0.6047	0.6001	0.5640	0.5449	0.5133	0.4903	0.4653	0.4739	0.4698	0.4750	0.4389	0.4320	0.4084	0.3856
0.1557	0.2028	0.2055	0.2025	0.2414	0.2749	0.2769	0.3004	0.3126	0.3072	0.3372	0.3699	0.4042	0.4596	0.4763	0.4991	0.4973	0.4914	0.5106	0.5167	0.5056	0.5060	0.4879	0.5381	0.5292	0.5286	0.5162	0.5445	0.5804	0.5877	0.6018	0.6099	0.6463	0.6810	0.7097	0.7272	0.7221	0.7138	0.7010	0.6987	0.7145	0.7062	0.6924	0.6733	0.6610	0.6684	0.7091	0.7217	0.7046	0.7101	0.6958	0.6520	0.6358	0.6183	0.5965	0.5899	0.5579	0.5618	0.5485	0.5240	0.5083	0.4913	0.5094	0.4827	0.4651	0.4527	0.4354	0.4088	0.4063
0.1543	0.1963	0.2313	0.2213	0.2287	0.2671	0.2912	0.3125	0.3252	0.3164	0.3540	0.4331	0.4514	0.4738	0.5139	0.5387	0.5661	0.5936	0.5818	0.5608	0.5776	0.5956	0.5562	0.5583	0.5341	0.5555	0.5369	0.5658	0.5771	0.6247	0.6033	0.6341	0.6388	0.6620	0.6732	0.6927	0.6836	0.6996	0.6746	0.6800	0.7031	0.6970	0.6612	0.6761	0.7036	0.7056	0.6762	0.6817	0.7185	0.7226	0.6721	0.6685	0.6577	0.6316	0.5952	0.5830	0.5437	0.5539	0.5575	0.5421	0.5065	0.5215	0.5244	0.4961	0.4788	0.4653	0.4564	0.4429	0.4267
0.1777	0.2016	0.2252	0.2621	0.2768	0.2946	0.3163	0.3276	0.3426	0.3541	0.3737	0.4393	0.5038	0.5218	0.5476	0.5777	0.6292	0.6881	0.6842	0.6533	0.6497	0.6705	0.6321	0.6304	0.5891	0.6239	0.5892	0.5961	0.6297	0.5891	0.6274	0.6550	0.6311	0.6720	0.6833	0.6941	0.6697	0.7088	0.6932	0.6903	0.6984	0.6639	0.7041	0.6927	0.7375	0.7131	0.7108	0.7029	0.7022	0.7040	0.6871	0.7049	0.6853	0.6621	0.6223	0.5949	0.6099	0.6312	0.5975	0.5414	0.5589	0.5748	0.5381	0.5108	0.4922	0.4879	0.4719	0.4392	0.4502
0.1777	0.2413	0.2947	0.3268	0.3525	0.4204	0.4377	0.3957	0.4043	0.4270	0.4488	0.4835	0.5030	0.5430	0.5955	0.6549	0.6957	0.7254	0.7279	0.6833	0.6592	0.7165	0.6967	0.6589	0.6651	0.6550	0.6723	0.6832	0.6858	0.6623	0.6765	0.6842	0.6895	0.7093	0.6989	0.7107	0.7128	0.7591	0.7506	0.7291	0.7523	0.7525	0.7398	0.7291	0.7106	0.6998	0.7105	0.6739	0.6793	0.6793	0.6983	0.7151	0.6863	0.6812	0.6450	0.6443	0.6555	0.6483	0.6321	0.6163	0.6264	0.6231	0.5746	0.5504	0.5109	0.4931	0.4678	0.4539	0.4716
0.1078	0.1851	0.2801	0.3910	0.4444	0.5177	0.5628	0.5641	0.5422	0.5314	0.5419	0.5948	0.5839	0.6492	0.6706	0.7463	0.7587	0.7717	0.7723	0.7552	0.6704	0.6457	0.5660	0.5836	0.7096	0.7298	0.7196	0.7213	0.7573	0.7846	0.7775	0.7303	0.7329	0.7379	0.7425	0.7418	0.8002	0.7559	0.7714	0.7321	0.7553	0.7938	0.7746	0.7735	0.7549	0.7244	0.7382	0.6920	0.7062	0.7192	0.7159	0.7327	0.7224	0.7092	0.6965	0.6848	0.7007	0.7012	0.7062	0.7110	0.6702	0.6582	0.6305	0.6032	0.5494	0.5349	0.5642	0.5261	0.4774
0.0496	0.0757	0.1148	0.1705	0.2192	0.2744	0.3148	0.3599	0.3481	0.3676	0.3983	0.4454	0.4621	0.4863	0.4957	0.4975	0.5479	0.5770	0.5199	0.4655	0.3906	0.3662	0.3395	0.3726	0.4939	0.6258	0.6766	0.7518	0.8687	0.8566	0.8387	0.8271	0.8061	0.7892	0.7991	0.8175	0.8197	0.7987	0.8183	0.7893	0.8106	0.7610	0.7753	0.7535	0.7538	0.7516	0.7662	0.7443	0.7152	0.7492	0.7317	0.7323	0.7146	0.7061	0.6953	0.7307	0.7371	0.6993	0.7133	0.7064	0.7125	0.6931	0.6970	0.6510	0.5776	0.5752	0.5544	0.5390	0.4962
0.0206	0.0394	0.0434	0.0555	0.0743	0.0790	0.0987	0.1137	0.1288	0.1423	0.1552	0.1775	0.1827	0.1897	0.2137	0.2045	0.2245	0.2320	0.2086	0.2238	0.2323	0.2401	0.2482	0.2682	0.3001	0.3260	0.3850	0.5114	0.6861	0.7040	0.7790	0.8640	0.8661	0.8706	0.8595	0.8651	0.8131	0.8094	0.8030	0.7955	0.8135	0.7754	0.7741	0.7523	0.7575	0.7688	0.7989	0.7558	0.7172	0.7404	0.7817	0.7425	0.7281	0.7256	0.7069	0.7347	0.6492	0.5341	0.5928	0.6658	0.7355	0.6889	0.6968	0.6410	0.5872	0.5538	0.5348	0.4859	0.4610
0.0127	0.0153	0.0298	0.0309	0.0446	0.0473	0.0533	0.0593	0.0805	0.0818	0.0824	0.0943	0.1127	0.1134	0.1235	0.1355	0.1331	0.1389	0.1530	0.1635	0.1776	0.1852	0.1865	0.2138	0.2338	0.2334	0.2463	0.2788	0.3500	0.3955	0.4842	0.6005	0.6676	0.7569	0.8177	0.8274	0.8430	0.8370	0.8246	0.8186	0.8491	0.8308	0.8233	0.8019	0.7984	0.7938	0.8082	0.7930	0.7580	0.7622	0.7665	0.7723	0.7374	0.7163	0.7071	0.6353	0.4310	0.3809	0.4615	0.6497	0.6893	0.5234	0.5462	0.6175	0.5511	0.5428	0.5415	0.4894	0.4596
0.0001	0.0195	0.0311	0.0249	0.0359	0.0433	0.0488	0.0534	0.0523	0.0620	0.0678	0.0653	0.0811	0.0843	0.0972	0.1061	0.1100	0.1084	0.1045	0.1232	0.1279	0.1266	0.1484	0.1635	0.1709	0.1729	0.1786	0.2084	0.2235	0.2555	0.2791	0.3153	0.3517	0.3992	0.5066	0.6734	0.8436	0.8480	0.8431	0.8291	0.8313	0.8311	0.8091	0.7372	0.7322	0.7750	0.7504	0.6930	0.5834	0.5747	0.7006	0.7581	0.7137	0.6816	0.6164	0.3924	0.3079	0.2986	0.3456	0.6094	0.6404	0.4081	0.4347	0.5993	0.5929	0.5414	0.4869	0.4525	0.4234
0.0082	0.0229	0.0219	0.0300	0.0346	0.0476	0.0502	0.0498	0.0479	0.0549	0.0596	0.0625	0.0633	0.0681	0.0768	0.0739	0.0845	0.0793	0.0784	0.0856	0.0971	0.1019	0.0930	0.1096	0.1217	0.1148	0.1253	0.1379	0.1664	0.1817	0.1934	0.2275	0.2510	0.2788	0.3380	0.4781	0.7939	0.8264	0.8139	0.7991	0.7797	0.7842	0.7728	0.5542	0.6465	0.7300	0.6342	0.4616	0.3172	0.3124	0.4459	0.6461	0.7212	0.6581	0.4296	0.2547	0.2284	0.2544	0.3032	0.5669	0.5961	0.3321	0.2980	0.4382	0.5231	0.5124	0.5062	0.4570	0.3661
0.0169	0.0155	0.0244	0.0301	0.0318	0.0395	0.0445	0.0391	0.0462	0.0481	0.0554	0.0510	0.0535	0.0592	0.0595	0.0621	0.0663	0.0755	0.0813	0.0834	0.0832	0.0851	0.0814	0.0880	0.0905	0.0903	0.0972	0.0990	0.1244	0.1210	0.1380	0.1621	0.1789	0.2110	0.2584	0.3580	0.6650	0.8034	0.7973	0.7838	0.7686	0.7638	0.7385	0.6196	0.6916	0.6861	0.6627	0.4943	0.2314	0.1879	0.2314	0.3278	0.4789	0.4569	0.2494	0.1868	0.1919	0.1961	0.1960	0.3101	0.3518	0.2284	0.2017	0.2221	0.2815	0.3013	0.3521	0.3367	0.2607
0.0079	0.0088	0.0265	0.0176	0.0273	0.0335	0.0445	0.0348	0.0393	0.0391	0.0457	0.0457	0.0595	0.0581	0.0548	0.0717	0.0646	0.0571	0.0729	0.0790	0.0716	0.0766	0.0762	0.0894	0.0865	0.0918	0.0867	0.0941	0.1032	0.0994	0.1080	0.1128	0.1131	0.1252	0.1503	0.1788	0.2862	0.4918	0.5929	0.5967	0.6487	0.6617	0.5304	0.3324	0.3221	0.2918	0.2985	0.2498	0.1583	0.1512	0.1648	0.1699	0.1877	0.1907	0.1550	0.1636	0.1580	0.1566	0.1495	0.1569	0.1642	0.1622	0.1559	0.1532	0.1575	0.1504	0.1534	0.1703	0.1573
0.0045	0.0065	0.0118	0.0086	0.0168	0.0215	0.0333	0.0400	0.0355	0.0379	0.0336	0.0502	0.0516	0.0480	0.0516	0.0648	0.0671	0.0685	0.0673	0.0580	0.0655	0.0648	0.0679	0.0740	0.0762	0.0808	0.0714	0.0868	0.0945	0.0962	0.0855	0.0942	0.0985	0.0922	0.1005	0.1195	0.1305	0.1504	0.1762	0.1806	0.2172	0.2452	0.1816	0.1224	0.1268	0.1247	0.1291	0.1289	0.1213	0.1183	0.1353	0.1337	0.1369	0.1325	0.1367	0.1382	0.1434	0.1404	0.1348	0.1468	0.1349	0.1294	0.1287	0.1367	0.1360	0.1273	0.1219	0.1342	0.1226
0.0079	0.0056	0.0097	0.0223	0.0278	0.0257	0.0318	0.0400	0.0309	0.0332	0.0344	0.0401	0.0491	0.0435	0.0417	0.0510	0.0542	0.0607	0.0568	0.0594	0.0593	0.0580	0.0656	0.0646	0.0704	0.0652	0.0622	0.0769	0.0817	0.0875	0.0790	0.0786	0.0849	0.0742	0.0862	0.0952	0.1090	0.1028	0.1227	0.1110	0.1089	0.1043	0.1057	0.1062	0.1157	0.1110	0.1112	0.1083	0.1021	0.0934	0.1105	0.1083	0.1116	0.1082	0.1106	0.1066	0.1100	0.1094	0.1121	0.1297	0.1173	0.1102	0.1114	0.1098	0.1040	0.1078	0.1060	0.1055	0.1019
0.0000	0.0091	0.0115	0.0165	0.0122	0.0171	0.0233	0.0321	0.0371	0.0420	0.0252	0.0300	0.0349	0.0396	0.0416	0.0466	0.0456	0.0529	0.0463	0.0556	0.0580	0.0529	0.0558	0.0595	0.0659	0.0667	0.0632	0.0657	0.0713	0.0673	0.0731	0.0776	0.0770	0.0695	0.0770	0.0757	0.0830	0.0893	0.1005	0.0900	0.0955	0.0960	0.0981	0.0864	0.0929	0.0927	0.0884	0.0900	0.0851	0.0865	0.0820	0.0814	0.0887	0.0833	0.0842	0.0878	0.0837	0.0855	0.0958	0.1049	0.1019	0.0899	0.0856	0.0953	0.0829	0.0803	0.0952	0.0979	0.0849
0.0000	0.0000	0.0127	0.0028	0.0004	0.0135	0.0117	0.0185	0.0275	0.0373	0.0247	0.0297	0.0328	0.0365	0.0421	0.0396	0.0530	0.0483	0.0483	0.0525	0.0600	0.0410	0.0450	0.0587	0.0657	0.0670	0.0674	0.0683	0.0675	0.0581	0.0595	0.0716	0.0733	0.0685	0.0725	0.0733	0.0854	0.0833	0.0802	0.0880	0.0875	0.0851	0.0812	0.0890	0.0856	0.0792	0.0814	0.0748	0.0815	0.0809	0.0741	0.0683	0.0681	0.0655	0.0829	0.0811	0.0706	0.0675	0.0736	0.0774	0.0743	0.0699	0.0716	0.0801	0.0751	0.0752	0.0742	0.0716	0.0794
0.0000	0.0000	0.0050	0.0000	0.0020	0.0147	0.0193	0.0266	0.0252	0.0245	0.0257	0.0301	0.0385	0.0342	0.0340	0.0387	0.0530	0.0398	0.0440	0.0490	0.0436	0.0456	0.0430	0.0458	0.0564	0.0639	0.0524	0.0652	0.0662	0.0629	0.0535	0.0617	0.0621	0.0646	0.0672	0.0792	0.0820	0.0733	0.0745	0.0782	0.0716	0.0680	0.0712	0.0690	0.0751	0.0741	0.0704	0.0718	0.0732	0.0718	0.0698	0.0635	0.0587	0.0666	0.0818	0.0618	0.0641	0.0610	0.0609	0.0633	0.0581	0.0604	0.0652	0.0650	0.0628	0.0570	0.0546	0.0612	0.0593
0.0000	0.0000	0.0000	0.0032	0.0056	0.0100	0.0185	0.0328	0.0195	0.0248	0.0149	0.0125	0.0237	0.0200	0.0311	0.0370	0.0424	0.0267	0.0300	0.0378	0.0358	0.0353	0.0370	0.0487	0.0532	0.0543	0.0582	0.0495	0.0596	0.0659	0.0600	0.0559	0.0594	0.0564	0.0554	0.0618	0.0679	0.0707	0.0716	0.0759	0.0718	0.0640	0.0681	0.0603	0.0645	0.0661	0.0685	0.0671	0.0635	0.0659	0.0590	0.0604	0.0627	0.0630	0.0637	0.0594	0.0549	0.0508	0.0548	0.0598	0.0613	0.0530	0.0482	0.0528	0.0527	0.0515	0.0504	0.0482	0.0423
0.0000	0.0000	0.0000	0.0030	0.0037	0.0028	0.0020	0.0083	0.0090	0.0040	0.0103	0.0209	0.0195	0.0134	0.0238	0.0293	0.0265	0.0265	0.0343	0.0369	0.0309	0.0326	0.0300	0.0418	0.0407	0.0421	0.0497	0.0475	0.0552	0.0589	0.0503	0.0538	0.0474	0.0491	0.0473	0.0484	0.0499	0.0590	0.0634	0.0634	0.0626	0.0623	0.0671	0.0624	0.0561	0.0604	0.0674	0.0596	0.0562	0.0612	0.0597	0.0580	0.0618	0.0558	0.0580	0.0585	0.0509	0.0486	0.0612	0.0633	0.0547	0.0449	0.0481	0.0500	0.0523	0.0441	0.0448	0.0488	0.0404
0.0000	0.0000	0.0000	0.0069	0.0013	0.0064	0.0027	0.0023	0.0206	0.0109	0.0138	0.0219	0.0200	0.0148	0.0215	0.0192	0.0247	0.0306	0.0396	0.0355	0.0352	0.0410	0.0285	0.0308	0.0336	0.0389	0.0417	0.0433	0.0497	0.0464	0.0504	0.0525	0.0540	0.0542	0.0545	0.0544	0.0500	0.0603	0.0593	0.0518	0.0590	0.0627	0.0600	0.0653	0.0606	0.0560	0.0619	0.0597	0.0565	0.0635	0.0619	0.0555	0.0559	0.0513	0.0477	0.0486	0.0472	0.0428	0.0520	0.0576	0.0491	0.0444	0.0468	0.0484	0.0444	0.0375	0.0391	0.0437	0.0375
0.0000	0.0000	0.0000	0.0007	0.0000	0.0022	0.0003	0.0056	0.0143	0.0148	0.0102	0.0149	0.0201	0.0205	0.0142	0.0192	0.0222	0.0234	0.0264	0.0315	0.0319	0.0317	0.0241	0.0330	0.0369	0.0397	0.0389	0.0385	0.0476	0.0454	0.0478	0.0459	0.0506	0.0550	0.0499	0.0513	0.0521	0.0655	0.0589	0.0584	0.0567	0.0547	0.0528	0.0532	0.0523	0.0537	0.0554	0.0577	0.0506	0.0506	0.0537	0.0549	0.0554	0.0478	0.0485	0.0461	0.0414	0.0386	0.0434	0.0493	0.0390	0.0349	0.0426	0.0431	0.0365	0.0288	0.0359	0.0344	0.0353
0.0000	0.0000	0.0000	0.0000	0.0000	0.0000	0.0028	0.0025	0.0105	0.0063	0.0029	0.0102	0.0134	0.0162	0.0201	0.0114	0.0226	0.0246	0.0265	0.0232	0.0261	0.0257	0.0195	0.0284	0.0334	0.0312	0.0325	0.0388	0.0461	0.0478	0.0450	0.0447	0.0477	0.0474	0.0428	0.0486	0.0516	0.0562	0.0518	0.0535	0.0495	0.0544	0.0495	0.0495	0.0508	0.0508	0.0499	0.0472	0.0468	0.0473	0.0426	0.0450	0.0549	0.0431	0.0387	0.0484	0.0424	0.0356	0.0358	0.0406	0.0392	0.0350	0.0320	0.0410	0.0354	0.0251	0.0286	0.0275	0.0258
0.0000	0.0000	0.0000	0.0000	0.0000	0.0000	0.0103	0.0033	0.0000	0.0086	0.0160	0.0183	0.0143	0.0088	0.0252	0.0163	0.0136	0.0206	0.0235	0.0212	0.0148	0.0266	0.0284	0.0338	0.0350	0.0312	0.0412	0.0433	0.0429	0.0485	0.0437	0.0444	0.0514	0.0459	0.0454	0.0499	0.0460	0.0572	0.0537	0.0567	0.0554	0.0582	0.0542	0.0520	0.0520	0.0467	0.0462	0.0415	0.0454	0.0444	0.0444	0.0444	0.0453	0.0452	0.0493	0.0483	0.0366	0.0360	0.0419	0.0419	0.0446	0.0383	0.0294	0.0390	0.0307	0.0351	0.0238	0.0332	0.0313
