0.0000	0.0000	0.0117	0.0069	0.0102	0.0091	0.0073	0.0109	0.0164	0.0182	0.0085	0.0279	0.0053	0.0105	0.0296	0.0282	0.0412	0.0423	0.0225	0.0295	0.0315	0.0378	0.0450	0.0646	0.0704	0.0722	0.0674	0.0594	0.0571	0.0684	0.0751	0.0903	0.1020	0.0777	0.0768	0.0777	0.0734	0.0896	0.0992	0.0860	0.0634	0.0801	0.0970	0.0787	0.0737	0.0851	0.0864	0.0888	0.0872	0.0899	0.0926	0.0778	0.0624	0.0616	0.0751	0.0771	0.0632	0.0605	0.0647	0.0609	0.0693	0.0635	0.0435	0.0386	0.0563	0.0446	0.0313	0.0237	0.0328
0.0000	0.0000	0.0063	0.0073	0.0050	0.0067	0.0233	0.0167	0.0139	0.0134	0.0194	0.0256	0.0227	0.0230	0.0198	0.0369	0.0366	0.0391	0.0392	0.0407	0.0450	0.0590	0.0655	0.0635	0.0597	0.0562	0.0770	0.0976	0.0737	0.0815	0.0845	0.0871	0.0872	0.0869	0.0891	0.1013	0.0967	0.1000	0.1030	0.0845	0.0834	0.1025	0.1048	0.0857	0.0928	0.0890	0.1035	0.0988	0.0858	0.0914	0.0946	0.0672	0.0642	0.0764	0.0861	0.0838	0.0645	0.0552	0.0723	0.0620	0.0506	0.0597	0.0527	0.0510	0.0467	0.0461	0.0368	0.0306	0.0352
0.0000	0.0000	0.0000	0.0091	0.0000	0.0000	0.0062	0.0161	0.0173	0.0171	0.0271	0.0343	0.0400	0.0383	0.0229	0.0422	0.0473	0.0384	0.0555	0.0582	0.0515	0.0674	0.0645	0.0740	0.0668	0.0544	0.0825	0.0775	0.0812	0.0947	0.0975	0.0928	0.0757	0.1103	0.0992	0.0853	0.1103	0.1231	0.1012	0.0962	0.0946	0.1149	0.1110	0.1207	0.0961	0.0900	0.1112	0.1056	0.1024	0.0859	0.0961	0.0971	0.0813	0.0773	0.0896	0.0820	0.0792	0.0766	0.0754	0.0774	0.0715	0.0553	0.0570	0.0485	0.0433	0.0468	0.0483	0.0445	0.0541
0.0000	0.0000	0.0069	0.0170	0.0000	0.0045	0.0131	0.0246	0.0194	0.0314	0.0254	0.0412	0.0452	0.0310	0.0198	0.0405	0.0417	0.0613	0.0548	0.0564	0.0608	0.0660	0.0618	0.0737	0.0831	0.0736	0.0819	0.0725	0.0929	0.0884	0.0855	0.0905	0.0913	0.1072	0.1009	0.1033	0.1227	0.1210	0.1134	0.0947	0.1044	0.1142	0.1134	0.1084	0.0931	0.0977	0.0936	0.0988	0.0908	0.0960	0.1175	0.1050	0.0841	0.0951	0.0883	0.0786	0.0668	0.0742	0.0786	0.0818	0.0758	0.0722	0.0745	0.0577	0.0426	0.0519	0.0606	0.0508	0.0578
0.0000	0.0000	0.0005	0.0034	0.0000	0.0020	0.0105	0.0298	0.0119	0.0134	0.0243	0.0581	0.0533	0.0394	0.0315	0.0459	0.0418	0.0464	0.0597	0.0592	0.0551	0.0619	0.0633	0.0730	0.0812	0.0697	0.0830	0.0740	0.0867	0.0653	0.0901	0.1010	0.1309	0.1327	0.1136	0.1044	0.1107	0.1067	0.1103	0.1078	0.1003	0.0950	0.1229	0.1114	0.1123	0.1053	0.1056	0.0968	0.1046	0.1011	0.0962	0.1005	0.1036	0.0903	0.0841	0.0967	0.0900	0.0871	0.0796	0.0765	0.0729	0.0814	0.0769	0.0821	0.0708	0.0590	0.0605	0.0713	0.0733
0.0000	0.0033	0.0050	0.0059	0.0000	0.0057	0.0185	0.0334	0.0233	0.0322	0.0308	0.0412	0.0438	0.0406	0.0301	0.0565	0.0568	0.0457	0.0557	0.0676	0.0691	0.0755	0.0736	0.0623	0.0948	0.0852	0.0821	0.0830	0.1022	0.1012	0.0987	0.1028	0.1260	0.1124	0.1362	0.1314	0.1100	0.1067	0.1177	0.1014	0.1217	0.1200	0.1184	0.1236	0.1212	0.1008	0.1149	0.1193	0.1170	0.1123	0.1066	0.0945	0.1001	0.1063	0.1037	0.1129	0.1044	0.1025	0.0943	0.0909	0.0869	0.0874	0.0897	0.0853	0.0899	0.0880	0.0810	0.0819	0.0834
0.0000	0.0000	0.0132	0.0129	0.0117	0.0190	0.0302	0.0280	0.0339	0.0396	0.0568	0.0456	0.0482	0.0448	0.0398	0.0644	0.0733	0.0751	0.0711	0.0605	0.0816	0.1001	0.0760	0.0815	0.0972	0.1046	0.1019	0.0942	0.1022	0.1116	0.1034	0.0977	0.1157	0.1282	0.1235	0.1406	0.1249	0.1174	0.1225	0.1196	0.1162	0.1261	0.1400	0.1265	0.1168	0.1475	0.1233	0.1567	0.1306	0.1203	0.1217	0.1270	0.1298	0.1325	0.1299	0.1187	0.1232	0.1185	0.1127	0.1155	0.1030	0.1013	0.1036	0.1106	0.1065	0.0926	0.0855	0.1038	0.0921
0.0000	0.0006	0.0135	0.0243	0.0204	0.0324	0.0435	0.0308	0.0354	0.0507	0.0567	0.0568	0.0581	0.0498	0.0502	0.0706	0.0843	0.0895	0.0720	0.0703	0.0776	0.1026	0.1010	0.0855	0.0986	0.1109	0.1063	0.0947	0.1247	0.1228	0.1183	0.0982	0.1270	0.1382	0.1475	0.1342	0.1538	0.1410	0.1356	0.1462	0.1410	0.1563	0.1571	0.1502	0.1369	0.1636	0.1555	0.1661	0.1514	0.1413	0.1456	0.1431	0.1268	0.1423	0.1360	0.1532	0.1353	0.1234	0.1489	0.1332	0.1276	0.1215	0.1290	0.1267	0.1294	0.0997	0.1024	0.1146	0.1222
0.0091	0.0062	0.0189	0.0266	0.0261	0.0267	0.0384	0.0521	0.0526	0.0542	0.0528	0.0665	0.0710	0.0625	0.0468	0.0673	0.0743	0.0813	0.0707	0.0803	0.0972	0.1059	0.0994	0.0833	0.1111	0.1038	0.0918	0.1113	0.1207	0.1250	0.1274	0.1200	0.1341	0.1407	0.1587	0.1390	0.1532	0.1550	0.1531	0.1684	0.1581	0.1767	0.1883	0.1750	0.1557	0.1731	0.1851	0.1874	0.1802	0.1794	0.1855	0.1758	0.1623	0.1755	0.1657	0.1710	0.1752	0.1660	0.1675	0.1547	0.1464	0.1387	0.1332	0.1430	0.1284	0.1295	0.1233	0.1352	0.1576
0.0000	0.0146	0.0244	0.0208	0.0111	0.0220	0.0388	0.0448	0.0617	0.0636	0.0487	0.0473	0.0726	0.0766	0.0713	0.0736	0.0758	0.0811	0.0912	0.0891	0.0825	0.0868	0.0862	0.0953	0.1145	0.1168	0.1117	0.1190	0.1230	0.1152	0.1184	0.1209	0.1453	0.1602	0.1573	0.1597	0.1663	0.1702	0.1813	0.1848	0.1822	0.1998	0.2054	0.2129	0.1908	0.2068	0.2058	0.2038	0.2061	0.2036	0.2001	0.1981	0.2066	0.2089	0.2145	0.2100	0.2006	0.2034	0.1927	0.1915	0.1780	0.1726	0.1689	0.1780	0.1558	0.1527	0.1562	0.1698	0.1871
0.0037	0.0058	0.0183	0.0221	0.0301	0.0369	0.0626	0.0642	0.0651	0.0651	0.0500	0.0486	0.0781	0.0898	0.0823	0.0837	0.0943	0.1087	0.1052	0.0986	0.1047	0.1121	0.0977	0.0958	0.1326	0.1318	0.1241	0.1239	0.1497	0.1482	0.1308	0.1499	0.1538	0.1739	0.2017	0.2115	0.2281	0.2305	0.2171	0.2115	0.2110	0.2274	0.2545	0.2561	0.2620	0.2425	0.2520	0.2425	0.2348	0.2270	0.2450	0.2641	0.2574	0.2417	0.2466	0.2163	0.2305	0.2268	0.2545	0.2827	0.2310	0.1990	0.1912	0.1811	0.1853	0.1762	0.1623	0.1895	0.2069
0.0041	0.0205	0.0259	0.0281	0.0386	0.0308	0.0490	0.0706	0.0673	0.0709	0.0827	0.0884	0.0820	0.0859	0.0705	0.0872	0.0984	0.1066	0.1054	0.1018	0.1161	0.1337	0.1094	0.1091	0.1374	0.1212	0.1318	0.1314	0.1546	0.1632	0.1725	0.1951	0.2024	0.2346	0.2410	0.2332	0.2639	0.2652	0.2650	0.2620	0.2523	0.2670	0.3336	0.3822	0.4161	0.3782	0.3338	0.3505	0.2864	0.2985	0.3287	0.4610	0.4915	0.4046	0.2956	0.2951	0.3197	0.3638	0.4174	0.4348	0.3064	0.2242	0.1996	0.2294	0.2085	0.1940	0.1759	0.2112	0.2334
0.0215	0.0162	0.0326	0.0356	0.0433	0.0403	0.0554	0.0607	0.0699	0.0705	0.0899	0.0905	0.0849	0.0873	0.1048	0.0931	0.1118	0.1252	0.1137	0.1199	0.1368	0.1402	0.1351	0.1419	0.1513	0.1532	0.1598	0.1646	0.1959	0.2112	0.2020	0.2417	0.2778	0.2836	0.2957	0.2802	0.3184	0.3175	0.3334	0.3738	0.3614	0.4257	0.5991	0.6773	0.6900	0.6712	0.6098	0.5794	0.4561	0.4554	0.5050	0.6872	0.6981	0.6347	0.4908	0.4193	0.4507	0.5499	0.5556	0.4985	0.3390	0.2713	0.2441	0.2632	0.2417	0.2240	0.2262	0.2490	0.2585
0.0287	0.0247	0.0431	0.0387	0.0450	0.0448	0.0609	0.0666	0.0776	0.0727	0.0854	0.1015	0.1022	0.1074	0.1037	0.1121	0.1246	0.1390	0.1500	0.1496	0.1496	0.1595	0.1712	0.1735	0.1847	0.2014	0.2137	0.2363	0.2532	0.2651	0.2752	0.3290	0.4015	0.3848	0.4094	0.4016	0.4621	0.4459	0.4770	0.5063	0.5653	0.7147	0.8913	0.8587	0.8278	0.8278	0.8244	0.7873	0.7237	0.6522	0.6986	0.7676	0.7430	0.6747	0.6440	0.6316	0.5814	0.5950	0.5816	0.5216	0.3685	0.3182	0.2946	0.2935	0.2499	0.2318	0.2492	0.2449	0.2609
0.0279	0.0459	0.0397	0.0536	0.0655	0.0636	0.0637	0.0732	0.0803	0.0991	0.1047	0.1128	0.1244	0.1161	0.1263	0.1229	0.1509	0.1494	0.1642	0.1645	0.1836	0.2009	0.2143	0.2398	0.2483	0.2656	0.2950	0.3168	0.3547	0.4037	0.4416	0.5196	0.5788	0.6173	0.6562	0.7028	0.7233	0.7068	0.7332	0.7292	0.7592	0.8813	0.8949	0.8544	0.8282	0.8212	0.7965	0.8120	0.8603	0.7777	0.7446	0.7183	0.6858	0.6403	0.6434	0.6791	0.6624	0.6094	0.5675	0.5505	0.4776	0.4144	0.3472	0.2914	0.2683	0.2348	0.2618	0.2420	0.2716
0.0380	0.0351	0.0298	0.0371	0.0720	0.0685	0.0773	0.0840	0.1198	0.1208	0.1153	0.1373	0.1512	0.1504	0.1705	0.1829	0.2075	0.2113	0.2234	0.2308	0.2422	0.2926	0.3029	0.3243	0.3319	0.3340	0.3607	0.4443	0.5258	0.5436	0.6059	0.7885	0.8799	0.9293	0.9326	0.9185	0.9146	0.8935	0.8442	0.8278	0.8391	0.7597	0.8145	0.8009	0.7852	0.7993	0.7889	0.7443	0.7555	0.7708	0.7380	0.7163	0.6626	0.6464	0.6125	0.6564	0.6598	0.6061	0.5558	0.5625	0.5304	0.4787	0.4087	0.3147	0.2556	0.2392	0.2469	0.2601	0.2661
0.0387	0.0383	0.0423	0.0653	0.0828	0.0860	0.1097	0.1334	0.1446	0.1806	0.1982	0.2165	0.2551	0.2314	0.2398	0.2637	0.2800	0.2932	0.2952	0.3330	0.3823	0.3876	0.3883	0.4244	0.4429	0.4621	0.5344	0.6845	0.7908	0.7820	0.8314	0.9690	0.9469	0.9324	0.9131	0.8319	0.8404	0.8623	0.8214	0.7027	0.7374	0.7209	0.7780	0.7929	0.7596	0.7404	0.7073	0.7347	0.6907	0.6874	0.7080	0.7455	0.6688	0.6713	0.6254	0.6285	0.5817	0.5537	0.5749	0.5602	0.4882	0.4673	0.4259	0.3086	0.2851	0.2519	0.2675	0.2591	0.2673
0.0612	0.0801	0.0971	0.1261	0.1302	0.1785	0.2329	0.2751	0.3526	0.3785	0.4034	0.4521	0.4552	0.4457	0.4655	0.4937	0.4813	0.4818	0.5334	0.5498	0.5879	0.6173	0.6553	0.6702	0.6416	0.6892	0.7146	0.8126	0.7539	0.8046	0.8626	0.8546	0.8382	0.8408	0.8182	0.8232	0.8251	0.7913	0.7925	0.7321	0.6865	0.6875	0.7256	0.7188	0.7100	0.7106	0.7124	0.6800	0.7304	0.6713	0.6879	0.7235	0.6598	0.6362	0.6059	0.5989	0.5411	0.5325	0.5582	0.5153	0.5075	0.4794	0.4195	0.3186	0.2985	0.2809	0.2827	0.3260	0.3058
0.0787	0.1135	0.1836	0.2759	0.3710	0.4665	0.5473	0.5736	0.6653	0.5866	0.6189	0.7013	0.7202	0.7274	0.7373	0.8259	0.8623	0.8276	0.8575	0.8144	0.7860	0.8760	0.8539	0.8272	0.7869	0.7748	0.8313	0.7520	0.7256	0.8011	0.7966	0.8117	0.8502	0.8475	0.7966	0.8046	0.7433	0.7259	0.7584	0.7524	0.6888	0.6741	0.7027	0.6790	0.6877	0.7078	0.6619	0.6650	0.6392	0.6936	0.6922	0.6781	0.6332	0.6181	0.5873	0.5403	0.4903	0.5036	0.5175	0.4997	0.4998	0.4581	0.4421	0.3697	0.3305	0.3416	0.3899	0.4041	0.4057
0.1358	0.2148	0.3465	0.4133	0.4965	0.5359	0.5578	0.5121	0.5420	0.5123	0.5552	0.6064	0.6925	0.7056	0.7209	0.7573	0.8486	0.9161	0.8903	0.8353	0.7526	0.8081	0.7334	0.7114	0.7469	0.7105	0.7119	0.7342	0.7278	0.7634	0.7740	0.7704	0.7875	0.8375	0.7816	0.7773	0.7044	0.7261	0.7412	0.7166	0.6961	0.6734	0.7040	0.6851	0.6863	0.6626	0.6476	0.6837	0.6802	0.6507	0.6264	0.6100	0.5403	0.5807	0.5973	0.5703	0.5293	0.5315	0.5257	0.4806	0.4747	0.4881	0.4837	0.4510	0.4332	0.4231	0.4125	0.4043	0.3813
0.1860	0.2304	0.2966	0.2758	0.3046	0.3437	0.3653	0.3631	0.4070	0.4305	0.4625	0.5477	0.6561	0.6702	0.6322	0.6670	0.7457	0.7721	0.7984	0.7431	0.6777	0.6350	0.6220	0.6124	0.5928	0.6205	0.6091	0.6793	0.6737	0.6848	0.7742	0.7904	0.7919	0.8130	0.7838	0.7684	0.7313	0.7257	0.7274	0.7006	0.6760	0.6684	0.7269	0.6550	0.6539	0.6487	0.6721	0.6699	0.6379	0.6035	0.6092	0.5867	0.5481	0.5858	0.5754	0.5579	0.5209	0.5203	0.5227	0.4731	0.4813	0.4861	0.4776	0.4364	0.4414	0.4165	0.3956	0.3912	0.3981
0.1818	0.2064	0.2286	0.2492	0.2170	0.2716	0.2999	0.3458	0.3636	0.3783	0.4415	0.5382	0.5845	0.6634	0.6024	0.6204	0.7417	0.7220	0.6548	0.6611	0.6153	0.6149	0.5918	0.5454	0.5538	0.5428	0.5753	0.6047	0.6500	0.6531	0.6831	0.7355	0.7281	0.7033	0.7518	0.7349	0.7013	0.7264	0.6865	0.6857	0.7544	0.6954	0.6777	0.6783	0.6860	0.6873	0.6569	0.6542	0.5975	0.6173	0.6127	0.6099	0.5462	0.5584	0.5626	0.5560	0.5412	0.5389	0.5285	0.4687	0.4661	0.4652	0.4491	0.4211	0.4053	0.4049	0.3829	0.3789	0.4192
0.1973	0.2101	0.2177	0.2554	0.2429	0.2691	0.3338	0.3499	0.3151	0.3544	0.4352	0.4663	0.4915	0.5219	0.5326	0.5747	0.6184	0.5735	0.5393	0.5365	0.5480	0.6137	0.5901	0.5696	0.5591	0.5445	0.5919	0.6063	0.6348	0.6656	0.6259	0.6834	0.7058	0.6933	0.6740	0.6880	0.7166	0.7405	0.7189	0.6352	0.6657	0.6673	0.6540	0.6788	0.7028	0.6612	0.6581	0.6436	0.6229	0.5942	0.5717	0.5856	0.5818	0.5680	0.5646	0.5735	0.5720	0.5157	0.4860	0.5038	0.4634	0.4557	0.4525	0.4323	0.4105	0.4197	0.4115	0.3748	0.4076
0.1789	0.1834	0.2323	0.2530	0.2415	0.2841	0.3459	0.3483	0.3260	0.3490	0.3743	0.4199	0.4490	0.4630	0.5100	0.5248	0.5568	0.5879	0.5832	0.5671	0.5803	0.5948	0.5465	0.5599	0.5917	0.5626	0.5860	0.5981	0.6023	0.6332	0.6380	0.6940	0.6830	0.7130	0.7201	0.6922	0.6833	0.6849	0.6613	0.6479	0.6519	0.6703	0.6841	0.6737	0.6780	0.6921	0.7143	0.6457	0.6068	0.5830	0.5644	0.5509	0.5635	0.5358	0.5455	0.5331	0.5275	0.5275	0.4874	0.4862	0.4510	0.4391	0.4539	0.4133	0.3819	0.3814	0.3842	0.3586	0.3839
0.1726	0.1919	0.2217	0.2455	0.2340	0.2761	0.3472	0.3460	0.3396	0.3547	0.3939	0.4053	0.4560	0.4449	0.4901	0.5045	0.5345	0.5628	0.5685	0.5504	0.5617	0.5931	0.5907	0.5791	0.5560	0.5843	0.5985	0.6184	0.6631	0.6588	0.6662	0.7109	0.6860	0.7172	0.7268	0.7335	0.6954	0.6367	0.6602	0.6911	0.6694	0.6743	0.6960	0.6364	0.6519	0.6565	0.6471	0.6344	0.6099	0.5954	0.5799	0.5232	0.5405	0.5337	0.5300	0.5138	0.5058	0.4998	0.4750	0.4736	0.4709	0.4191	0.4376	0.3842	0.3688	0.3569	0.3572	0.3700	0.3554
0.1866	0.2088	0.2251	0.2371	0.2615	0.2568	0.3115	0.3402	0.3646	0.3750	0.3986	0.4210	0.4737	0.4777	0.4834	0.4954	0.5372	0.5301	0.5113	0.5154	0.5667	0.5821	0.5591	0.5493	0.5858	0.6084	0.5991	0.6168	0.6582	0.6451	0.7188	0.7280	0.7031	0.7092	0.6909	0.6759	0.6665	0.6517	0.6783	0.6436	0.6574	0.6690	0.6430	0.6562	0.6735	0.6526	0.6413	0.6106	0.6131	0.6141	0.5833	0.5759	0.5360	0.5299	0.5592	0.5341	0.4951	0.5010	0.4928	0.4575	0.4622	0.4345	0.4153	0.3850	0.3752	0.3604	0.3556	0.3356	0.3361
0.1575	0.2193	0.2502	0.2600	0.2621	0.2627	0.2931	0.3314	0.3475	0.3673	0.4013	0.4311	0.4797	0.4986	0.4996	0.5055	0.5034	0.5194	0.5347	0.5406	0.6006	0.5635	0.5604	0.5897	0.5771	0.5757	0.5778	0.5935	0.6129	0.6672	0.6988	0.7078	0.6825	0.6850	0.6789	0.6391	0.6651	0.6482	0.6748	0.6680	0.6943	0.6751	0.6489	0.6309	0.6757	0.6365	0.6039	0.5830	0.6136	0.5871	0.6007	0.5642	0.5617	0.5713	0.5657	0.5237	0.4768	0.4976	0.4791	0.4815	0.4540	0.4431	0.4531	0.3761	0.3718	0.3534	0.3290	0.3473	0.3311
0.1763	0.2218	0.2392	0.2643	0.2502	0.2608	0.3234	0.3317	0.3578	0.4251	0.4119	0.4330	0.4734	0.4740	0.4817	0.5299	0.5124	0.5195	0.5195	0.5408	0.5235	0.5562	0.5354	0.5814	0.5736	0.5863	0.5943	0.5971	0.6254	0.6534	0.6564	0.6764	0.6284	0.6347	0.6505	0.6524	0.6530	0.6760	0.7066	0.6687	0.6674	0.6771	0.6437	0.6064	0.6186	0.5865	0.6033	0.6330	0.6313	0.5598	0.6163	0.5743	0.6061	0.5570	0.5465	0.5530	0.5166	0.4819	0.4931	0.5168	0.4699	0.4318	0.4399	0.3767	0.3741	0.3638	0.3380	0.3612	0.3323
0.1809	0.1963	0.2085	0.2435	0.2593	0.2688	0.3123	0.3273	0.3744	0.3993	0.4032	0.4386	0.4440	0.4585	0.5015	0.5319	0.5019	0.5035	0.5798	0.5767	0.5729	0.5556	0.5376	0.5624	0.5644	0.5607	0.6117	0.6177	0.6552	0.6257	0.6282	0.6620	0.6776	0.6460	0.6579	0.6669	0.6907	0.6876	0.6922	0.6785	0.6545	0.6344	0.6238	0.6019	0.6157	0.5738	0.6087	0.6246	0.6079	0.5876	0.5715	0.5356	0.5409	0.5497	0.5607	0.5328	0.4971	0.5055	0.4597	0.4630	0.4709	0.4356	0.4289	0.4057	0.3885	0.3591	0.3465	0.3453	0.3206
0.1856	0.1979	0.2361	0.2789	0.2735	0.2722	0.2773	0.3190	0.3626	0.3721	0.3987	0.4410	0.4698	0.4704	0.4687	0.5273	0.5233	0.5360	0.5779	0.5608	0.5652	0.5482	0.5616	0.5684	0.5456	0.5469	0.5711	0.6178	0.6366	0.6668	0.6831	0.6843	0.7282	0.6925	0.6767	0.6829	0.7194	0.6805	0.6740	0.6564	0.6736	0.6727	0.6041	0.5870	0.6073	0.5568	0.5926	0.6089	0.5630	0.5663	0.5740	0.5595	0.5418	0.5481	0.5250	0.5198	0.5044	0.4902	0.4542	0.4683	0.4632	0.4348	0.4289	0.4283	0.3932	0.3925	0.3830	0.3815	0.3769
0.1836	0.2170	0.2386	0.2488	0.2275	0.2543	0.2994	0.3612	0.4006	0.4193	0.3911	0.4179	0.4274	0.4322	0.4862	0.5193	0.5382	0.5677	0.5585	0.5711	0.5600	0.5756	0.5551	0.5900	0.5774	0.5676	0.5307	0.5777	0.5986	0.6389	0.6951	0.7048	0.7049	0.7103	0.7032	0.7076	0.6930	0.6579	0.6644	0.6706	0.6108	0.6805	0.6196	0.6219	0.6288	0.5935	0.6075	0.5933	0.6082	0.6184	0.6222	0.5989	0.5954	0.5897	0.5267	0.5184	0.5423	0.5209	0.4949	0.4903	0.4723	0.4584	0.4628	0.4271	0.4158	0.4106	0.3939	0.3801	0.3718
0.1888	0.2030	0.2348	0.2566	0.2380	0.2582	0.2887	0.3286	0.3828	0.3917	0.4198	0.3836	0.4140	0.4383	0.4477	0.5208	0.5411	0.5427	0.5643	0.5765	0.5793	0.5886	0.5486	0.5743	0.5751	0.5610	0.5707	0.6082	0.6418	0.6276	0.6755	0.7234	0.7291	0.6935	0.7087	0.6944	0.6883	0.6932	0.6687	0.6495	0.6336	0.6682	0.6950	0.6448	0.6441	0.6344	0.6356	0.6503	0.6060	0.6723	0.6482	0.5803	0.5861	0.6120	0.5626	0.5224	0.5295	0.5462	0.4954	0.4980	0.5075	0.4748	0.5014	0.4707	0.4253	0.4190	0.4117	0.4034	0.4026
0.1982	0.2167	0.2160	0.2296	0.2589	0.2783	0.2988	0.3155	0.3845	0.3946	0.3829	0.3826	0.4296	0.4400	0.4522	0.4742	0.5367	0.5448	0.5436	0.5472	0.5505	0.5436	0.5519	0.5809	0.6131	0.5712	0.6083	0.6333	0.6250	0.6270	0.6758	0.7370	0.7154	0.7054	0.7342	0.7207	0.7564	0.7299	0.6965	0.6596	0.7023	0.6913	0.6666	0.6562	0.6479	0.6250	0.6690	0.6554	0.6734	0.6703	0.6585	0.6185	0.6325	0.6061	0.5751	0.5526	0.5462	0.5496	0.5079	0.5076	0.5026	0.5118	0.5087	0.4727	0.4436	0.4388	0.4414	0.4111	0.4219
0.1651	0.2087	0.2174	0.2279	0.2704	0.2520	0.2818	0.3350	0.3827	0.3945	0.3956	0.4217	0.4192	0.4498	0.4349	0.4757	0.4877	0.5286	0.5426	0.5473	0.5568	0.5451	0.5849	0.5683	0.5915	0.6067	0.5887	0.6104	0.6323	0.6551	0.6884	0.7135	0.7094	0.7701	0.7719	0.7531	0.7340	0.7067	0.6856	0.6626	0.6917	0.6987	0.6992	0.6546	0.6206	0.6786	0.7121	0.6846	0.6935	0.6953	0.6775	0.6450	0.6352	0.5947	0.6056	0.5808	0.5626	0.5443	0.5561	0.5365	0.5236	0.5252	0.4977	0.5103	0.4856	0.4880	0.4772	0.4456	0.4329
0.1725	0.1993	0.2273	0.2518	0.2654	0.2694	0.2978	0.3770	0.3773	0.3753	0.3848	0.4173	0.4213	0.4454	0.4393	0.4999	0.5276	0.5303	0.5268	0.5579	0.5693	0.5861	0.5847	0.5951	0.6042	0.6275	0.6324	0.6170	0.6379	0.6671	0.6692	0.7184	0.7252	0.7388	0.7759	0.7269	0.7092	0.7267	0.7563	0.6866	0.6741	0.6834	0.7108	0.6576	0.6657	0.6829	0.6645	0.6988	0.6535	0.7709	0.7096	0.6430	0.6311	0.6480	0.6082	0.6031	0.5949	0.5773	0.5737	0.5821	0.5503	0.5323	0.5506	0.5244	0.5317	0.5396	0.5116	0.4813	0.4463
0.1869	0.2092	0.2388	0.2536	0.2744	0.3249	0.3550	0.3669	0.3590	0.3834	0.4280	0.4240	0.4605	0.5333	0.5268	0.5395	0.5506	0.5697	0.5330	0.5675	0.5454	0.5587	0.5622	0.5717	0.6006	0.5969	0.6082	0.6311	0.6607	0.6693	0.6610	0.6730	0.6891	0.7293	0.7518	0.7320	0.7153	0.7064	0.6914	0.6872	0.6619	0.6665	0.7007	0.6901	0.6627	0.6905	0.7283	0.7218	0.7340	0.7443	0.7269	0.6770	0.6445	0.6387	0.6305	0.6099	0.5942	0.5810	0.5729	0.5987	0.5805	0.5362	0.5845	0.5616	0.5540	0.5378	0.5323	0.4845	0.4830
0.1785	0.2053	0.2481	0.2687	0.2774	0.3312	0.3606	0.3600	0.3813	0.4330	0.4469	0.4997	0.5578	0.5969	0.5828	0.5906	0.6125	0.6627	0.6534	0.6242	0.6259	0.6199	0.5908	0.6048	0.5847	0.5451	0.5796	0.6151	0.6299	0.6438	0.6680	0.6945	0.6856	0.7338	0.7169	0.7302	0.7038	0.6986	0.6463	0.6179	0.6473	0.6876	0.6814	0.7208	0.6780	0.6947	0.7260	0.7331	0.7640	0.7454	0.7238	0.6872	0.6576	0.6390	0.6017	0.6064	0.6040	0.6197	0.5976	0.6058	0.5436	0.5535	0.5793	0.5544	0.5397	0.5251	0.5343	0.4963	0.5012
0.2244	0.2300	0.2721	0.3043	0.3271	0.3602	0.4026	0.3964	0.4188	0.4470	0.5338	0.5954	0.5966	0.5919	0.6999	0.6943	0.7527	0.7884	0.7674	0.7508	0.7245	0.7207	0.6849	0.7085	0.6653	0.6078	0.6062	0.6306	0.6295	0.5986	0.6853	0.7038	0.6626	0.7114	0.7355	0.7240	0.7028	0.7151	0.7033	0.6754	0.7024	0.6739	0.6958	0.7041	0.7150	0.7189	0.7559	0.7366	0.7435	0.7490	0.7351	0.7350	0.6928	0.6767	0.6405	0.6100	0.6508	0.6729	0.6507	0.5770	0.5893	0.5816	0.5884	0.5883	0.5722	0.5377	0.5770	0.5219	0.5058
0.1835	0.3008	0.3676	0.4155	0.4577	0.4600	0.4715	0.4798	0.5140	0.5310	0.5674	0.6397	0.6815	0.7015	0.7261	0.7778	0.8745	0.8648	0.8397	0.7996	0.8217	0.8168	0.7768	0.7274	0.7497	0.6799	0.6711	0.6629	0.6590	0.6285	0.6666	0.7061	0.7249	0.7598	0.7659	0.7368	0.7509	0.7434	0.7157	0.6934	0.7071	0.7285	0.7220	0.7254	0.7153	0.7179	0.7310	0.7233	0.7606	0.7763	0.7406	0.7363	0.7198	0.7351	0.7176	0.6708	0.6821	0.6821	0.6340	0.6421	0.6506	0.6177	0.6797	0.6408	0.5795	0.5678	0.5509	0.4978	0.4929
0.1248	0.2354	0.3146	0.4535	0.5052	0.5860	0.6540	0.6549	0.6808	0.6827	0.6362	0.7172	0.7496	0.7836	0.8354	0.9044	0.8904	0.8585	0.7879	0.7801	0.8764	0.9450	0.8571	0.8018	0.8283	0.7680	0.7184	0.6880	0.7118	0.7520	0.7616	0.7692	0.7949	0.8002	0.7766	0.7911	0.7936	0.7611	0.7417	0.6960	0.7023	0.7500	0.7421	0.7645	0.7378	0.7598	0.7705	0.7553	0.7972	0.7963	0.7699	0.7558	0.7989	0.8135	0.7648	0.7309	0.6932	0.7022	0.7352	0.7277	0.6769	0.6928	0.6927	0.6521	0.5929	0.5634	0.5637	0.5305	0.5211
0.0655	0.1028	0.1436	0.1892	0.2268	0.2945	0.3725	0.4172	0.4501	0.4971	0.5326	0.5488	0.6026	0.5995	0.5721	0.6038	0.5322	0.5069	0.4897	0.5122	0.6701	0.7779	0.7988	0.8468	0.8667	0.7933	0.8063	0.7847	0.8354	0.8547	0.8493	0.8781	0.8417	0.8492	0.8420	0.8388	0.8187	0.7676	0.7626	0.7246	0.7489	0.7055	0.7471	0.7459	0.7481	0.7778	0.8113	0.7714	0.8010	0.7978	0.7610	0.8247	0.8526	0.7808	0.7124	0.7964	0.7667	0.7573	0.7516	0.7571	0.7264	0.7177	0.7129	0.6920	0.6396	0.5938	0.5636	0.5551	0.5147
0.0255	0.0364	0.0649	0.0725	0.0934	0.1040	0.1442	0.1588	0.1779	0.1906	0.1974	0.2063	0.2425	0.2499	0.2451	0.2507	0.2642	0.2774	0.2922	0.2939	0.3596	0.4026	0.4414	0.5213	0.5858	0.5603	0.6734	0.8060	0.8811	0.9158	0.9358	0.9284	0.9209	0.9103	0.8601	0.8808	0.8397	0.8514	0.7837	0.7561	0.7859	0.7249	0.7458	0.7596	0.7646	0.8258	0.8717	0.8077	0.7813	0.8134	0.8313	0.8507	0.7311	0.5231	0.5172	0.6848	0.8053	0.7739	0.7535	0.7558	0.7107	0.6727	0.6664	0.6850	0.6723	0.5936	0.5825	0.5290	0.4755
0.0154	0.0281	0.0356	0.0474	0.0578	0.0679	0.0913	0.0974	0.0938	0.0971	0.1094	0.1225	0.1447	0.1305	0.1482	0.1719	0.1814	0.2097	0.2158	0.2168	0.2444	0.2586	0.2705	0.3078	0.3329	0.3440	0.4027	0.5192	0.6289	0.7610	0.8746	0.9282	0.9791	0.9634	0.9006	0.8592	0.8635	0.8755	0.8272	0.7985	0.8513	0.8094	0.8108	0.8169	0.8358	0.8435	0.9054	0.8942	0.8329	0.8363	0.7950	0.7188	0.4896	0.3755	0.4390	0.6465	0.7972	0.6207	0.7141	0.7726	0.6965	0.6028	0.6300	0.6065	0.5378	0.4858	0.4055	0.4062	0.4402
0.0224	0.0252	0.0431	0.0405	0.0554	0.0706	0.0604	0.0623	0.0821	0.0831	0.0805	0.0927	0.0956	0.0983	0.1039	0.1123	0.1317	0.1349	0.1317	0.1510	0.1569	0.1625	0.1918	0.2335	0.2312	0.2417	0.2614	0.3007	0.3616	0.4319	0.5317	0.7328	0.9506	0.9516	0.9324	0.9313	0.9434	0.8863	0.8267	0.7458	0.7505	0.7607	0.7786	0.7611	0.7000	0.7079	0.8448	0.8897	0.8450	0.7968	0.6875	0.4318	0.2942	0.2893	0.3422	0.5196	0.5424	0.4252	0.6048	0.7362	0.6812	0.6158	0.6113	0.5135	0.3564	0.3029	0.2584	0.2567	0.3064
0.0187	0.0218	0.0468	0.0387	0.0501	0.0574	0.0612	0.0551	0.0532	0.0802	0.0965	0.0861	0.0890	0.0823	0.0867	0.0915	0.1031	0.0943	0.1014	0.0992	0.1095	0.1171	0.1234	0.1451	0.1683	0.1489	0.1796	0.1956	0.2489	0.2770	0.3301	0.4729	0.8172	1.0000	0.9842	0.9621	0.8951	0.8296	0.6743	0.4031	0.4209	0.5031	0.4800	0.3977	0.3467	0.3874	0.4905	0.7103	0.7498	0.7258	0.4497	0.2499	0.2403	0.2390	0.2747	0.3142	0.3149	0.3002	0.3962	0.5435	0.5988	0.5978	0.5609	0.4629	0.2468	0.2168	0.2099	0.2183	0.2246
0.0226	0.0177	0.0332	0.0301	0.0459	0.0483	0.0429	0.0484	0.0691	0.0540	0.0783	0.0710	0.0719	0.0784	0.0768	0.0932	0.0863	0.0821	0.0953	0.0957	0.1017	0.1031	0.1088	0.1039	0.1168	0.1183	0.1151	0.1343	0.1488	0.1746	0.1970	0.2670	0.4474	0.7407	0.8633	0.8776	0.8375	0.8107	0.6354	0.2451	0.2768	0.3766	0.3099	0.2204	0.2179	0.2291	0.2484	0.2991	0.3689	0.4045	0.2742	0.2012	0.2018	0.1952	0.2034	0.2036	0.2052	0.2168	0.2249	0.2645	0.3175	0.3587	0.3820	0.3060	0.2005	0.1858	0.1840	0.1906	0.1947
0.0166	0.0173	0.0265	0.0368	0.0379	0.0497	0.0397	0.0416	0.0636	0.0505	0.0579	0.0574	0.0703	0.0706	0.0629	0.0906	0.0924	0.0737	0.0817	0.0887	0.0896	0.0970	0.0911	0.0985	0.1057	0.1092	0.1094	0.1162	0.1149	0.1174	0.1263	0.1433	0.1596	0.2182	0.3012	0.3348	0.3949	0.4239	0.2899	0.1554	0.1576	0.1737	0.1718	0.1759	0.1767	0.1730	0.1689	0.1762	0.1783	0.1841	0.1958	0.1709	0.1672	0.1676	0.1615	0.1614	0.1749	0.1772	0.1717	0.1958	0.1895	0.1953	0.1954	0.1872	0.1720	0.1624	0.1625	0.1710	0.1838
0.0004	0.0014	0.0114	0.0223	0.0221	0.0383	0.0373	0.0472	0.0469	0.0404	0.0507	0.0516	0.0567	0.0760	0.0742	0.0689	0.0789	0.0815	0.0781	0.0730	0.0707	0.0845	0.0844	0.0829	0.0985	0.0964	0.0902	0.1034	0.1055	0.1106	0.1103	0.1178	0.1289	0.1214	0.1323	0.1343	0.1415	0.1423	0.1206	0.1174	0.1109	0.1083	0.1253	0.1237	0.1194	0.1303	0.1303	0.1463	0.1357	0.1306	0.1498	0.1390	0.1390	0.1400	0.1358	0.1504	0.1654	0.1444	0.1428	0.1564	0.1532	0.1530	0.1556	0.1504	0.1412	0.1435	0.1426	0.1534	0.1450
0.0082	0.0106	0.0098	0.0277	0.0149	0.0252	0.0391	0.0451	0.0455	0.0463	0.0472	0.0544	0.0709	0.0611	0.0569	0.0617	0.0737	0.0645	0.0639	0.0774	0.0793	0.0803	0.0755	0.0820	0.0756	0.0764	0.0772	0.0798	0.0853	0.0935	0.0926	0.0967	0.1093	0.1011	0.1038	0.1043	0.1056	0.1018	0.1048	0.1094	0.0929	0.0925	0.0990	0.0995	0.1088	0.1051	0.1075	0.1145	0.1118	0.1171	0.1195	0.1141	0.1055	0.1060	0.1133	0.1218	0.1241	0.1249	0.1234	0.1297	0.1224	0.1258	0.1300	0.1271	0.1176	0.1173	0.1196	0.1238	0.1234
0.0000	0.0181	0.0209	0.0276	0.0231	0.0303	0.0306	0.0236	0.0348	0.0414	0.0469	0.0507	0.0488	0.0454	0.0490	0.0637	0.0692	0.0603	0.0582	0.0683	0.0742	0.0707	0.0688	0.0672	0.0773	0.0789	0.0738	0.0740	0.0766	0.0750	0.0776	0.0850	0.0967	0.0891	0.0867	0.0871	0.0830	0.0883	0.0953	0.0911	0.0923	0.0859	0.0908	0.0876	0.0963	0.0909	0.0956	0.0901	0.0898	0.0915	0.0906	0.0920	0.0827	0.0797	0.0878	0.0959	0.0878	0.0892	0.1055	0.1207	0.1068	0.0977	0.0991	0.1077	0.1045	0.1071	0.1046	0.1053	0.1096
0.0000	0.0000	0.0096	0.0000	0.0182	0.0191	0.0294	0.0201	0.0220	0.0287	0.0302	0.0452	0.0437	0.0393	0.0417	0.0472	0.0496	0.0576	0.0675	0.0704	0.0625	0.0575	0.0625	0.0660	0.0723	0.0823	0.0737	0.0719	0.0709	0.0742	0.0722	0.0814	0.0927	0.0818	0.0775	0.0755	0.0872	0.0790	0.0743	0.0843	0.0922	0.0886	0.0781	0.0857	0.0823	0.0798	0.0845	0.0779	0.0754	0.0814	0.0794	0.0776	0.0701	0.0761	0.0787	0.0859	0.0776	0.0693	0.0831	0.0853	0.0894	0.0804	0.0852	0.0911	0.0887	0.0868	0.0949	0.0869	0.0840
0.0000	0.0000	0.0043	0.0017	0.0162	0.0145	0.0215	0.0196	0.0216	0.0291	0.0317	0.0300	0.0450	0.0515	0.0408	0.0523	0.0561	0.0454	0.0533	0.0595	0.0492	0.0520	0.0510	0.0570	0.0587	0.0632	0.0747	0.0694	0.0670	0.0738	0.0706	0.0747	0.0664	0.0822	0.0856	0.0859	0.0837	0.0757	0.0730	0.0737	0.0718	0.0732	0.0760	0.0768	0.0734	0.0679	0.0712	0.0743	0.0760	0.0717	0.0777	0.0749	0.0657	0.0718	0.0696	0.0715	0.0689	0.0707	0.0689	0.0653	0.0644	0.0625	0.0730	0.0709	0.0756	0.0620	0.0566	0.0645	0.0601
0.0000	0.0000	0.0022	0.0020	0.0044	0.0129	0.0231	0.0208	0.0188	0.0169	0.0244	0.0227	0.0255	0.0351	0.0470	0.0450	0.0417	0.0361	0.0394	0.0514	0.0440	0.0498	0.0516	0.0560	0.0585	0.0629	0.0607	0.0540	0.0570	0.0675	0.0708	0.0761	0.0630	0.0722	0.0749	0.0732	0.0684	0.0643	0.0748	0.0654	0.0645	0.0702	0.0771	0.0625	0.0651	0.0620	0.0695	0.0652	0.0629	0.0655	0.0639	0.0653	0.0693	0.0658	0.0618	0.0539	0.0520	0.0565	0.0614	0.0613	0.0605	0.0598	0.0588	0.0655	0.0597	0.0499	0.0476	0.0467	0.0500
0.0000	0.0000	0.0016	0.0020	0.0079	0.0099	0.0228	0.0142	0.0113	0.0167	0.0280	0.0302	0.0247	0.0306	0.0232	0.0311	0.0484	0.0474	0.0411	0.0409	0.0419	0.0470	0.0414	0.0428	0.0473	0.0586	0.0564	0.0519	0.0632	0.0600	0.0609	0.0641	0.0626	0.0542	0.0590	0.0622	0.0593	0.0689	0.0744	0.0654	0.0668	0.0616	0.0601	0.0563	0.0581	0.0612	0.0656	0.0584	0.0563	0.0563	0.0597	0.0629	0.0617	0.0563	0.0492	0.0533	0.0522	0.0498	0.0582	0.0596	0.0572	0.0503	0.0516	0.0530	0.0596	0.0583	0.0479	0.0437	0.0462
0.0000	0.0000	0.0040	0.0000	0.0000	0.0000	0.0139	0.0157	0.0144	0.0137	0.0170	0.0275	0.0330	0.0335	0.0336	0.0303	0.0439	0.0430	0.0369	0.0346	0.0422	0.0393	0.0404	0.0366	0.0486	0.0597	0.0599	0.0531	0.0585	0.0576	0.0549	0.0594	0.0572	0.0589	0.0649	0.0548	0.0680	0.0681	0.0674	0.0562	0.0616	0.0578	0.0600	0.0720	0.0565	0.0595	0.0688	0.0610	0.0562	0.0596	0.0588	0.0596	0.0562	0.0528	0.0548	0.0596	0.0579	0.0505	0.0495	0.0508	0.0508	0.0427	0.0449	0.0395	0.0467	0.0516	0.0462	0.0476	0.0332
0.0000	0.0000	0.0098	0.0000	0.0000	0.0060	0.0140	0.0218	0.0149	0.0113	0.0228	0.0277	0.0272	0.0197	0.0292	0.0383	0.0419	0.0402	0.0431	0.0403	0.0335	0.0403	0.0409	0.0426	0.0474	0.0454	0.0436	0.0449	0.0528	0.0536	0.0515	0.0472	0.0538	0.0679	0.0698	0.0558	0.0538	0.0665	0.0658	0.0612	0.0615	0.0572	0.0562	0.0586	0.0551	0.0551	0.0526	0.0588	0.0521	0.0501	0.0551	0.0519	0.0470	0.0486	0.0485	0.0493	0.0509	0.0541	0.0465	0.0492	0.0478	0.0395	0.0407	0.0444	0.0476	0.0341	0.0306	0.0375	0.0236
0.0000	0.0000	0.0000	0.0000	0.0033	0.0000	0.0002	0.0142	0.0151	0.0084	0.0175	0.0085	0.0171	0.0173	0.0284	0.0311	0.0305	0.0307	0.0347	0.0293	0.0288	0.0278	0.0313	0.0370	0.0488	0.0436	0.0376	0.0397	0.0503	0.0546	0.0532	0.0473	0.0495	0.0499	0.0616	0.0581	0.0462	0.0517	0.0519	0.0602	0.0561	0.0525	0.0505	0.0489	0.0605	0.0539	0.0527	0.0483	0.0504	0.0479	0.0482	0.0432	0.0392	0.0473	0.0472	0.0505	0.0383	0.0416	0.0426	0.0453	0.0412	0.0299	0.0398	0.0455	0.0415	0.0256	0.0288	0.0300	0.0318
0.0000	0.0000	0.0000	0.0000	0.0071	0.0000	0.0000	0.0056	0.0000	0.0006	0.0188	0.0175	0.0198	0.0148	0.0101	0.0168	0.0301	0.0247	0.0160	0.0249	0.0378	0.0417	0.0322	0.0341	0.0556	0.0569	0.0382	0.0337	0.0423	0.0661	0.0565	0.0521	0.0602	0.0537	0.0516	0.0479	0.0616	0.0537	0.0588	0.0476	0.0513	0.0530	0.0531	0.0467	0.0532	0.0457	0.0471	0.0512	0.0555	0.0521	0.0461	0.0487	0.0415	0.0424	0.0462	0.0479	0.0401	0.0423	0.0372	0.0430	0.0456	0.0347	0.0287	0.0446	0.0453	0.0347	0.0339	0.0325	0.0313
