0.0000	0.0000	0.0036	0.0115	0.0008	0.0114	0.0055	0.0183	0.0064	0.0014	0.0277	0.0329	0.0313	0.0199	0.0361	0.0393	0.0455	0.0431	0.0450	0.0525	0.0408	0.0567	0.0578	0.0708	0.0863	0.0933	0.1051	0.0832	0.0826	0.1043	0.0913	0.1101	0.1154	0.1353	0.1244	0.1166	0.1271	0.0998	0.1259	0.1089	0.1090	0.1251	0.1296	0.1161	0.1035	0.1289	0.1214	0.1136	0.1165	0.1090	0.1113	0.0774	0.0769	0.0750	0.0831	0.0953	0.0966	0.0779	0.0617	0.0645	0.0491	0.0521	0.0590	0.0517	0.0505	0.0434	0.0413	0.0434	0.0488
0.0000	0.0000	0.0000	0.0103	0.0062	0.0030	0.0027	0.0087	0.0193	0.0162	0.0365	0.0365	0.0421	0.0259	0.0409	0.0557	0.0464	0.0531	0.0465	0.0462	0.0625	0.0602	0.0674	0.0947	0.0983	0.0929	0.1041	0.1226	0.0956	0.0971	0.1364	0.1211	0.1372	0.1338	0.1307	0.1378	0.1386	0.1332	0.1402	0.1215	0.1324	0.1249	0.1059	0.1398	0.1288	0.1232	0.1171	0.1266	0.1246	0.1160	0.1149	0.1111	0.0934	0.0939	0.0847	0.0980	0.0971	0.0821	0.0806	0.1034	0.0734	0.0650	0.0567	0.0566	0.0523	0.0574	0.0516	0.0533	0.0588
0.0000	0.0001	0.0000	0.0089	0.0143	0.0000	0.0040	0.0207	0.0276	0.0198	0.0340	0.0371	0.0503	0.0432	0.0607	0.0634	0.0705	0.0666	0.0525	0.0600	0.0819	0.0740	0.0754	0.0956	0.0996	0.0998	0.1179	0.1125	0.1104	0.1192	0.1119	0.1106	0.1337	0.1348	0.1418	0.1303	0.1386	0.1510	0.1270	0.1241	0.1219	0.1319	0.1405	0.1374	0.1223	0.1314	0.1435	0.1371	0.1264	0.1109	0.1253	0.1259	0.1221	0.1397	0.1113	0.0842	0.0903	0.0928	0.0979	0.0857	0.0934	0.0757	0.0633	0.0627	0.0640	0.0738	0.0608	0.0529	0.0520
0.0005	0.0000	0.0019	0.0163	0.0135	0.0091	0.0125	0.0279	0.0240	0.0189	0.0391	0.0443	0.0540	0.0395	0.0357	0.0627	0.0640	0.0765	0.0720	0.0602	0.0747	0.0996	0.0810	0.0774	0.1143	0.1040	0.1167	0.1069	0.1215	0.1286	0.1181	0.1289	0.1372	0.1189	0.1350	0.1186	0.1378	0.1422	0.1267	0.1294	0.1470	0.1345	0.1510	0.1429	0.1217	0.1298	0.1400	0.1329	0.1128	0.1174	0.1365	0.1282	0.1262	0.1214	0.1217	0.1023	0.0966	0.0920	0.0835	0.0750	0.0997	0.0851	0.0842	0.0824	0.0758	0.0714	0.0586	0.0714	0.0724
0.0000	0.0000	0.0122	0.0000	0.0112	0.0079	0.0110	0.0193	0.0246	0.0257	0.0366	0.0595	0.0669	0.0449	0.0503	0.0745	0.0694	0.0578	0.0676	0.0767	0.0825	0.0949	0.0877	0.0822	0.0983	0.1028	0.1241	0.1088	0.1374	0.1247	0.1346	0.1515	0.1426	0.1401	0.1528	0.1481	0.1446	0.1331	0.1452	0.1339	0.1345	0.1238	0.1472	0.1685	0.1520	0.1565	0.1433	0.1302	0.1332	0.1288	0.1316	0.1127	0.1158	0.1260	0.1186	0.1180	0.1147	0.0927	0.0899	0.0989	0.0999	0.0803	0.0939	0.0958	0.0972	0.0737	0.0910	0.0856	0.0777
0.0000	0.0000	0.0124	0.0103	0.0024	0.0079	0.0191	0.0252	0.0396	0.0305	0.0375	0.0593	0.0773	0.0668	0.0447	0.0725	0.0614	0.0700	0.0833	0.0979	0.0782	0.0878	0.0824	0.0839	0.1089	0.1133	0.1179	0.1178	0.1512	0.1398	0.1226	0.1272	0.1699	0.1599	0.1526	0.1682	0.1702	0.1575	0.1499	0.1404	0.1424	0.1555	0.1685	0.1722	0.1718	0.1660	0.1297	0.1636	0.1560	0.1455	0.1391	0.1204	0.1159	0.1328	0.1202	0.1259	0.1235	0.1186	0.1138	0.1121	0.1143	0.0876	0.1065	0.1169	0.1012	0.1012	0.0963	0.0794	0.0807
0.0000	0.0000	0.0060	0.0123	0.0115	0.0294	0.0193	0.0423	0.0487	0.0425	0.0636	0.0559	0.0574	0.0484	0.0508	0.0790	0.0811	0.0809	0.0786	0.0922	0.0932	0.0868	0.0925	0.0964	0.1163	0.1452	0.1185	0.1316	0.1457	0.1411	0.1352	0.1402	0.1719	0.1755	0.1667	0.1448	0.1637	0.1714	0.1732	0.1458	0.1604	0.1844	0.1985	0.1754	0.1687	0.1713	0.1519	0.1872	0.1724	0.1627	0.1751	0.1655	0.1551	0.1523	0.1332	0.1405	0.1379	0.1513	0.1426	0.1314	0.1188	0.1118	0.1046	0.1496	0.1380	0.0968	0.0969	0.1227	0.1033
0.0119	0.0099	0.0176	0.0029	0.0115	0.0309	0.0380	0.0477	0.0394	0.0467	0.0439	0.0628	0.0727	0.0589	0.0734	0.0794	0.0896	0.0948	0.0880	0.0985	0.1082	0.1011	0.1060	0.1069	0.1234	0.1338	0.1198	0.1366	0.1545	0.1536	0.1551	0.1598	0.1873	0.1877	0.1917	0.1849	0.1793	0.1891	0.1955	0.2104	0.2102	0.2251	0.2147	0.1997	0.1789	0.2017	0.2029	0.1832	0.1872	0.1765	0.1912	0.1964	0.1772	0.1589	0.1621	0.1656	0.1637	0.1701	0.1719	0.1657	0.1516	0.1363	0.1466	0.1446	0.1539	0.1407	0.1191	0.1378	0.1292
0.0101	0.0116	0.0151	0.0174	0.0288	0.0333	0.0393	0.0519	0.0530	0.0671	0.0494	0.0526	0.0951	0.0853	0.0638	0.0947	0.0936	0.0875	0.0896	0.0988	0.1135	0.1236	0.1191	0.1245	0.1356	0.1317	0.1209	0.1532	0.1848	0.1733	0.1905	0.2179	0.2486	0.2264	0.2566	0.2247	0.2210	0.2360	0.2213	0.2422	0.3738	0.3687	0.2627	0.2239	0.2663	0.2781	0.2446	0.2255	0.2350	0.2234	0.2355	0.2148	0.1917	0.2099	0.2164	0.2144	0.2229	0.2006	0.2105	0.2491	0.2280	0.1593	0.1610	0.1519	0.1619	0.1556	0.1461	0.1484	0.1401
0.0000	0.0180	0.0225	0.0428	0.0465	0.0454	0.0395	0.0483	0.0779	0.0896	0.0651	0.0595	0.1000	0.0970	0.0987	0.1126	0.1170	0.1038	0.1074	0.1014	0.1259	0.1322	0.1313	0.1374	0.1433	0.1604	0.1654	0.1640	0.2081	0.2294	0.2970	0.3118	0.3088	0.4043	0.4952	0.3856	0.3264	0.3005	0.3004	0.3777	0.6120	0.6471	0.4552	0.4406	0.5417	0.6278	0.4469	0.2891	0.2710	0.2712	0.2704	0.2598	0.2838	0.2753	0.2985	0.2780	0.3055	0.3333	0.3487	0.4207	0.3735	0.2205	0.1806	0.1948	0.2116	0.2148	0.1799	0.1766	0.1563
0.0010	0.0240	0.0327	0.0384	0.0460	0.0554	0.0534	0.0555	0.0713	0.0941	0.0751	0.0693	0.0792	0.0741	0.0924	0.1110	0.1168	0.0963	0.1117	0.1199	0.1436	0.1371	0.1515	0.1497	0.1826	0.1856	0.2350	0.2389	0.3449	0.5113	0.6554	0.7500	0.7074	0.7856	0.8431	0.7383	0.6553	0.5927	0.5296	0.6230	0.7951	0.7701	0.7378	0.7547	0.7648	0.8041	0.6815	0.4903	0.4072	0.3976	0.4006	0.5141	0.4713	0.4287	0.4585	0.4475	0.5557	0.5482	0.5324	0.5340	0.4212	0.2678	0.2248	0.2413	0.3247	0.3351	0.2678	0.2113	0.1547
0.0158	0.0264	0.0450	0.0421	0.0439	0.0560	0.0531	0.0623	0.0791	0.0760	0.0854	0.0883	0.0868	0.0944	0.0855	0.1073	0.1053	0.1080	0.1339	0.1344	0.1624	0.1642	0.1717	0.1825	0.2366	0.2517	0.3537	0.4284	0.6060	0.8794	0.9288	0.9484	0.9854	0.8904	0.8875	0.8290	0.8811	0.9148	0.8379	0.8676	0.8161	0.7783	0.8096	0.8402	0.7919	0.7911	0.7629	0.7637	0.7254	0.7241	0.6719	0.7139	0.7010	0.6793	0.6406	0.6221	0.6856	0.6396	0.6072	0.5524	0.4748	0.3848	0.2631	0.2953	0.4344	0.3721	0.3188	0.2779	0.2057
0.0221	0.0259	0.0308	0.0670	0.0707	0.0635	0.0440	0.0609	0.0840	0.0731	0.1097	0.1082	0.1098	0.0915	0.0811	0.1111	0.1160	0.1437	0.1493	0.1904	0.1904	0.2072	0.2412	0.2758	0.3202	0.3685	0.5418	0.7531	0.8586	0.8675	0.8386	0.9319	1.0000	0.9536	0.8905	0.8402	0.8674	0.9035	0.9080	0.9368	0.8388	0.8541	0.8433	0.8386	0.7994	0.8121	0.8093	0.7898	0.8357	0.7577	0.7758	0.7125	0.7337	0.7455	0.7192	0.7167	0.7157	0.6739	0.6410	0.5451	0.5324	0.4857	0.3153	0.3680	0.4966	0.4418	0.3740	0.3695	0.3040
0.0209	0.0394	0.0425	0.0512	0.0612	0.0684	0.0644	0.0799	0.0829	0.0881	0.1033	0.0927	0.1176	0.1187	0.1264	0.1513	0.1721	0.1949	0.2058	0.2229	0.2557	0.2993	0.3117	0.3407	0.4485	0.5593	0.7959	0.9531	0.8369	0.7931	0.8237	0.9159	0.9651	0.9163	0.8747	0.8331	0.8418	0.8846	0.8931	0.8736	0.8765	0.8427	0.8780	0.8271	0.8092	0.8257	0.8114	0.7674	0.7758	0.7108	0.8002	0.7624	0.7300	0.7088	0.7142	0.7277	0.6638	0.6311	0.6331	0.6076	0.5764	0.4915	0.3953	0.3755	0.4672	0.4419	0.4193	0.3716	0.3288
0.0248	0.0343	0.0465	0.0580	0.0419	0.0587	0.0727	0.1001	0.1076	0.1097	0.1177	0.1159	0.1366	0.1318	0.1675	0.1736	0.2082	0.2435	0.2480	0.2765	0.3223	0.3555	0.3953	0.5053	0.6901	0.7935	0.8439	0.8481	0.8140	0.7497	0.7725	0.8218	0.8907	0.8502	0.8138	0.8446	0.9247	0.8873	0.9090	0.8657	0.8480	0.8446	0.8581	0.8250	0.8069	0.7810	0.7402	0.7263	0.7628	0.6922	0.7505	0.7064	0.6842	0.6511	0.6610	0.6870	0.6720	0.6277	0.6046	0.6100	0.5799	0.5238	0.4430	0.3893	0.4755	0.4270	0.4070	0.3543	0.3190
0.0273	0.0301	0.0320	0.0644	0.0707	0.0767	0.1032	0.1046	0.1278	0.1173	0.1486	0.1696	0.1735	0.1816	0.2028	0.2333	0.2731	0.2983	0.3181	0.3701	0.4117	0.4539	0.5785	0.6954	0.7958	0.7966	0.7947	0.6881	0.7180	0.6785	0.6903	0.7562	0.7850	0.7979	0.8154	0.8868	0.9192	0.8830	0.8601	0.8086	0.8115	0.8025	0.8336	0.8530	0.7765	0.8141	0.7418	0.7336	0.7331	0.6706	0.6980	0.7288	0.6890	0.6526	0.6699	0.6921	0.6684	0.6598	0.6275	0.6492	0.5951	0.5383	0.4528	0.4418	0.4553	0.4085	0.3982	0.3883	0.3648
0.0376	0.0489	0.0420	0.0757	0.0825	0.0969	0.1361	0.1563	0.1502	0.1809	0.1972	0.2286	0.2385	0.2312	0.2641	0.3050	0.3432	0.3853	0.3889	0.5193	0.6782	0.7055	0.8239	0.8336	0.7574	0.7063	0.7012	0.6440	0.6172	0.6512	0.6682	0.7712	0.7825	0.7290	0.8087	0.8026	0.8555	0.8678	0.8492	0.7859	0.7778	0.7581	0.8420	0.8394	0.7791	0.7414	0.7259	0.7319	0.6878	0.6830	0.6694	0.7054	0.6723	0.6837	0.6876	0.6748	0.6309	0.6095	0.6114	0.6191	0.5633	0.5307	0.4463	0.4314	0.4523	0.4069	0.3783	0.3530	0.3557
0.0662	0.0872	0.1129	0.1463	0.1497	0.2061	0.2617	0.2765	0.2926	0.2768	0.2889	0.3048	0.3023	0.3023	0.3440	0.3930	0.5105	0.6034	0.6101	0.7624	0.9231	0.8694	0.7710	0.7220	0.6976	0.6170	0.6161	0.6172	0.5975	0.6435	0.7204	0.7437	0.7711	0.7592	0.7888	0.7988	0.7577	0.7624	0.8120	0.7897	0.7571	0.7487	0.7904	0.7780	0.7170	0.6955	0.7260	0.6951	0.6874	0.6912	0.6593	0.6801	0.6271	0.6428	0.6149	0.5604	0.5721	0.5516	0.5612	0.5511	0.5395	0.5171	0.4474	0.4772	0.4569	0.3934	0.3765	0.3623	0.3433
0.1193	0.1925	0.2684	0.3254	0.3785	0.5043	0.5531	0.5390	0.6105	0.5593	0.4617	0.4491	0.4735	0.4399	0.4543	0.5797	0.8520	0.9045	0.8768	0.8547	0.8055	0.8391	0.7092	0.6201	0.5783	0.5723	0.6224	0.5954	0.6195	0.6754	0.7025	0.6843	0.7520	0.8104	0.7476	0.7444	0.6746	0.7365	0.7535	0.8056	0.7691	0.7090	0.7663	0.7193	0.6856	0.6803	0.6755	0.6761	0.6791	0.6730	0.6609	0.6606	0.6040	0.6388	0.6168	0.5629	0.5054	0.5212	0.5522	0.5478	0.5521	0.5110	0.4845	0.5091	0.4456	0.3947	0.3836	0.3888	0.4100
0.1959	0.3170	0.3874	0.4950	0.4804	0.5155	0.5820	0.6140	0.6878	0.6616	0.6890	0.7144	0.7709	0.7244	0.7063	0.7950	0.9182	0.9205	0.8340	0.7909	0.6927	0.7070	0.6556	0.5944	0.5901	0.5772	0.6329	0.6406	0.6944	0.6770	0.7485	0.6999	0.7544	0.7770	0.7102	0.7402	0.6835	0.7115	0.6394	0.6830	0.7326	0.7540	0.7447	0.6789	0.7305	0.6651	0.6289	0.6867	0.6668	0.6301	0.6434	0.6211	0.5846	0.6108	0.6043	0.5725	0.5615	0.5423	0.5242	0.5264	0.5241	0.5013	0.5281	0.5229	0.4588	0.4217	0.4034	0.4269	0.3857
0.2168	0.2947	0.3290	0.3541	0.3876	0.4195	0.4521	0.4975	0.5461	0.5876	0.6284	0.6961	0.7649	0.7739	0.7380	0.8019	0.7907	0.7706	0.7225	0.6288	0.6312	0.6019	0.5809	0.5709	0.5742	0.6029	0.5988	0.6592	0.6869	0.6552	0.7601	0.7705	0.7625	0.7641	0.7616	0.7073	0.6979	0.7230	0.6501	0.6884	0.7129	0.6901	0.7228	0.7134	0.7047	0.6746	0.6382	0.6666	0.6531	0.6578	0.6509	0.6031	0.5600	0.6114	0.5973	0.5640	0.5612	0.5225	0.5449	0.5201	0.5328	0.5123	0.4817	0.4750	0.4783	0.4360	0.4331	0.4379	0.3927
0.2170	0.2666	0.3198	0.3075	0.3316	0.4001	0.4301	0.4569	0.4888	0.5715	0.5829	0.6195	0.6665	0.6973	0.6790	0.6681	0.7194	0.7314	0.7065	0.6206	0.5638	0.5784	0.5679	0.5517	0.5641	0.5895	0.6124	0.6490	0.6544	0.6375	0.6805	0.6994	0.7221	0.7456	0.7565	0.7072	0.6667	0.7005	0.6850	0.6766	0.7201	0.6693	0.6842	0.7050	0.6458	0.6434	0.6612	0.6795	0.6472	0.6476	0.6810	0.6313	0.5776	0.5531	0.5783	0.5775	0.5724	0.5458	0.5112	0.5106	0.5083	0.5217	0.4779	0.4560	0.4620	0.4525	0.4265	0.4375	0.4167
0.2025	0.2251	0.2994	0.3037	0.3230	0.3705	0.3967	0.3998	0.4455	0.4799	0.5282	0.5688	0.6454	0.6533	0.6317	0.6493	0.7039	0.6513	0.5751	0.5348	0.5386	0.5910	0.5835	0.5788	0.5912	0.5461	0.6231	0.6319	0.6443	0.6662	0.6259	0.6611	0.7650	0.7268	0.6668	0.6754	0.6920	0.6930	0.6754	0.6520	0.6598	0.6422	0.6666	0.6816	0.6978	0.6775	0.6732	0.6864	0.6531	0.6329	0.6448	0.6466	0.6411	0.5845	0.5823	0.5913	0.5787	0.5092	0.5003	0.5243	0.4900	0.5043	0.4667	0.4342	0.4397	0.4424	0.4107	0.4021	0.3847
0.1848	0.2310	0.2788	0.3169	0.3102	0.3363	0.3505	0.3672	0.3515	0.3664	0.4237	0.4960	0.5118	0.5396	0.5694	0.6076	0.6275	0.5897	0.5741	0.5521	0.5714	0.6006	0.5949	0.5767	0.6255	0.5716	0.6023	0.6259	0.6580	0.6757	0.6638	0.6842	0.6828	0.6914	0.7002	0.6492	0.6680	0.6694	0.6114	0.6543	0.6463	0.6337	0.6668	0.6888	0.6725	0.6702	0.6834	0.6605	0.6398	0.6067	0.5553	0.5624	0.6149	0.5956	0.5571	0.5831	0.5694	0.5173	0.5512	0.5083	0.4888	0.4987	0.4643	0.4314	0.4036	0.4172	0.3852	0.3682	0.3595
0.1923	0.2405	0.2421	0.2795	0.3118	0.3070	0.3213	0.3184	0.3111	0.3540	0.3883	0.4480	0.5019	0.5355	0.5365	0.5075	0.5084	0.5409	0.5528	0.5801	0.5766	0.5744	0.5871	0.6487	0.6328	0.5970	0.5980	0.6011	0.6553	0.6701	0.6732	0.6959	0.6633	0.6871	0.6574	0.6461	0.6956	0.6651	0.6282	0.6570	0.6551	0.6835	0.6611	0.6431	0.6415	0.6378	0.6499	0.6280	0.6214	0.6052	0.5935	0.5590	0.5503	0.5699	0.5628	0.5514	0.5389	0.5304	0.5350	0.5311	0.5195	0.4583	0.4821	0.4367	0.4215	0.3976	0.3517	0.3465	0.3432
0.2025	0.2060	0.2453	0.2980	0.3302	0.2982	0.3017	0.2990	0.3026	0.3307	0.3744	0.4208	0.4950	0.5022	0.5075	0.4864	0.5045	0.5060	0.5146	0.5458	0.5725	0.5535	0.5395	0.6141	0.6090	0.6217	0.6290	0.6348	0.6399	0.6595	0.7083	0.6488	0.6675	0.6578	0.6316	0.6397	0.6597	0.6485	0.6580	0.6718	0.6619	0.6578	0.6190	0.6156	0.6273	0.6470	0.6424	0.6367	0.6408	0.6065	0.6319	0.5970	0.5525	0.5908	0.5894	0.5821	0.5624	0.5556	0.5481	0.5184	0.5117	0.4615	0.4667	0.4556	0.4277	0.4034	0.3701	0.3652	0.3368
0.1915	0.2255	0.2382	0.2669	0.2842	0.2977	0.2900	0.3025	0.3106	0.3223	0.3886	0.4178	0.4851	0.5008	0.5028	0.4957	0.4891	0.4706	0.5193	0.5472	0.5634	0.5488	0.5736	0.6119	0.5943	0.5851	0.6247	0.6196	0.6299	0.6481	0.6676	0.6344	0.6702	0.6555	0.6250	0.6397	0.6430	0.6340	0.6466	0.6348	0.6502	0.6068	0.6206	0.6191	0.6483	0.6481	0.6208	0.6240	0.6268	0.5921	0.6024	0.5854	0.5662	0.5670	0.5543	0.5593	0.5129	0.5080	0.5145	0.4984	0.4779	0.4584	0.4690	0.4246	0.4322	0.3830	0.3447	0.3534	0.3595
0.1671	0.2224	0.2273	0.2405	0.2614	0.2725	0.2826	0.2914	0.3037	0.3374	0.3942	0.4516	0.4422	0.4725	0.4852	0.4681	0.4834	0.4965	0.5064	0.5808	0.5637	0.5505	0.5839	0.5773	0.5948	0.6373	0.6091	0.6285	0.6313	0.6793	0.6796	0.7057	0.6489	0.6542	0.6355	0.6574	0.6627	0.6256	0.6464	0.6389	0.6600	0.6429	0.6333	0.6007	0.6383	0.6248	0.6156	0.6352	0.6259	0.5671	0.6084	0.6027	0.5925	0.5802	0.5533	0.5483	0.5307	0.4781	0.4920	0.5269	0.4926	0.4634	0.4432	0.4049	0.4089	0.3681	0.3408	0.3503	0.3397
0.1643	0.2054	0.2182	0.2342	0.2594	0.2510	0.2753	0.2627	0.3267	0.3588	0.4086	0.4213	0.4305	0.4680	0.4581	0.4898	0.5011	0.5211	0.5527	0.5831	0.5777	0.5423	0.6070	0.6230	0.6223	0.6102	0.6431	0.6841	0.6919	0.6850	0.7355	0.7388	0.7438	0.7257	0.6894	0.6666	0.6821	0.6926	0.6512	0.6314	0.6685	0.6867	0.6546	0.6417	0.6213	0.6308	0.6391	0.6472	0.6199	0.5865	0.5975	0.5746	0.5527	0.5967	0.5780	0.5267	0.5172	0.5151	0.4646	0.4733	0.4653	0.4469	0.4273	0.4467	0.4134	0.3922	0.3727	0.3383	0.3344
0.1810	0.1931	0.2136	0.2401	0.2408	0.2546	0.2725	0.2846	0.3686	0.3699	0.4402	0.4372	0.4790	0.4859	0.4543	0.5380	0.5462	0.5758	0.5788	0.6095	0.6053	0.5747	0.6046	0.6326	0.6004	0.6176	0.6396	0.6995	0.7226	0.7121	0.7392	0.7395	0.7903	0.7521	0.7094	0.7318	0.7241	0.7111	0.6907	0.6529	0.6640	0.7010	0.6535	0.6568	0.6538	0.6076	0.6384	0.6559	0.6093	0.6133	0.6044	0.5788	0.5848	0.5709	0.5526	0.5382	0.5089	0.4952	0.4657	0.4727	0.4682	0.4536	0.4479	0.4650	0.4097	0.3881	0.3926	0.3877	0.3700
0.1518	0.1664	0.2075	0.2278	0.2217	0.2343	0.2795	0.3146	0.3778	0.3747	0.4003	0.4574	0.4618	0.4793	0.4820	0.5398	0.5849	0.5658	0.5524	0.5936	0.6262	0.6083	0.6088	0.6031	0.6251	0.6098	0.6043	0.6481	0.6774	0.7240	0.7503	0.7677	0.7687	0.7248	0.7463	0.7469	0.7026	0.6760	0.6738	0.6797	0.6501	0.6987	0.6588	0.6495	0.6300	0.6359	0.6806	0.6534	0.6671	0.6736	0.6340	0.6420	0.6347	0.5783	0.5598	0.5491	0.5315	0.5261	0.5090	0.5217	0.4898	0.4647	0.4564	0.4336	0.4685	0.4105	0.3870	0.4002	0.3855
0.1308	0.1581	0.2007	0.2260	0.2146	0.2260	0.2606	0.3222	0.3450	0.3735	0.4161	0.4348	0.4625	0.4668	0.5150	0.5382	0.5879	0.5648	0.5779	0.6008	0.6496	0.6449	0.5908	0.6145	0.6338	0.6379	0.6226	0.7221	0.7237	0.6744	0.7284	0.7957	0.7643	0.7077	0.7713	0.7547	0.7156	0.6843	0.7092	0.6948	0.6724	0.6751	0.7141	0.6368	0.6521	0.6478	0.6513	0.6963	0.6732	0.6975	0.7270	0.6209	0.6079	0.6352	0.5972	0.5756	0.5510	0.5578	0.5343	0.5146	0.5087	0.5021	0.5044	0.4766	0.4720	0.4415	0.4644	0.4528	0.4259
0.1289	0.1553	0.2003	0.2200	0.2215	0.2430	0.3032	0.3613	0.3692	0.3952	0.4070	0.4513	0.4667	0.4805	0.4987	0.5336	0.6115	0.5685	0.5959	0.5936	0.6021	0.6280	0.6208	0.6387	0.6740	0.6302	0.6728	0.7113	0.7286	0.7279	0.7490	0.7722	0.7448	0.7633	0.7868	0.7840	0.7744	0.7367	0.7573	0.7018	0.7103	0.6807	0.6917	0.6915	0.6851	0.6445	0.6813	0.7215	0.7152	0.6835	0.6898	0.6415	0.6775	0.6285	0.5930	0.5797	0.5802	0.5660	0.5215	0.5241	0.5071	0.5182	0.5192	0.4994	0.4798	0.5010	0.5290	0.4743	0.4771
0.1574	0.1663	0.2110	0.2236	0.2458	0.2933	0.3292	0.3841	0.4253	0.4267	0.4473	0.4539	0.4743	0.5187	0.5266	0.5349	0.5578	0.5923	0.5645	0.6066	0.6132	0.5855	0.6108	0.6237	0.6444	0.6447	0.6367	0.6991	0.7191	0.7403	0.7666	0.7909	0.7853	0.8123	0.7922	0.7513	0.7156	0.6869	0.7356	0.6966	0.6817	0.7095	0.6964	0.7044	0.6423	0.7063	0.7563	0.7182	0.7404	0.7284	0.6969	0.7104	0.6644	0.6235	0.6033	0.5820	0.5938	0.5661	0.5708	0.5546	0.5228	0.5129	0.5029	0.5423	0.5025	0.5316	0.5621	0.5116	0.5124
0.1304	0.1685	0.1995	0.2266	0.2807	0.3226	0.3596	0.4304	0.4470	0.4828	0.5285	0.5389	0.5937	0.6244	0.6134	0.6022	0.6170	0.6095	0.5766	0.5872	0.6115	0.6267	0.6239	0.6706	0.6798	0.6282	0.6193	0.6691	0.6636	0.7178	0.7029	0.7505	0.7536	0.7654	0.8057	0.7903	0.7489	0.7229	0.7468	0.6920	0.7093	0.6841	0.6988	0.7466	0.6771	0.7322	0.7301	0.7495	0.7139	0.7444	0.7296	0.7093	0.6522	0.6555	0.6508	0.6158	0.6246	0.5952	0.5777	0.6008	0.5708	0.5130	0.5190	0.5326	0.5310	0.5134	0.5089	0.5105	0.4652
0.1259	0.1729	0.2222	0.2415	0.3280	0.3818	0.4408	0.5137	0.5331	0.5620	0.6038	0.6810	0.6858	0.7379	0.7183	0.7416	0.6894	0.6314	0.6155	0.6290	0.6221	0.6213	0.6002	0.6248	0.6631	0.6332	0.6297	0.6464	0.6739	0.6707	0.7039	0.7139	0.7561	0.8247	0.7919	0.7732	0.7606	0.7515	0.7129	0.6852	0.6929	0.6695	0.7109	0.7388	0.7108	0.7326	0.7786	0.7717	0.7750	0.7677	0.7554	0.7292	0.6422	0.6576	0.6384	0.6101	0.5937	0.6018	0.5807	0.5662	0.5588	0.5292	0.5652	0.5461	0.5203	0.4812	0.5055	0.5157	0.4610
0.1390	0.1991	0.2604	0.2760	0.3210	0.4048	0.4678	0.5316	0.5936	0.6495	0.6459	0.7269	0.7791	0.7812	0.7985	0.7823	0.7693	0.7290	0.7323	0.7230	0.6944	0.6407	0.6196	0.6471	0.6213	0.6247	0.6374	0.6589	0.6500	0.6810	0.6857	0.7453	0.7844	0.7948	0.7548	0.7471	0.7534	0.7352	0.6896	0.6431	0.6481	0.6729	0.7029	0.7086	0.7233	0.7320	0.7852	0.7634	0.8174	0.7769	0.7421	0.7214	0.6687	0.6655	0.6161	0.6391	0.6165	0.5927	0.5864	0.6013	0.5656	0.5673	0.5788	0.5417	0.5267	0.5097	0.4995	0.5094	0.4964
0.1923	0.2400	0.2772	0.3187	0.3480	0.4650	0.4799	0.5727	0.6361	0.6797	0.7165	0.7625	0.7913	0.8116	0.8344	0.8493	0.8631	0.8812	0.8575	0.8118	0.7451	0.7531	0.6907	0.6772	0.6307	0.6556	0.6684	0.6887	0.6608	0.6284	0.6945	0.7159	0.7132	0.7543	0.7552	0.7071	0.6983	0.7035	0.7034	0.6756	0.7020	0.6636	0.7285	0.7422	0.7626	0.7788	0.8042	0.7851	0.7775	0.7603	0.7463	0.7436	0.6816	0.6937	0.6616	0.6656	0.6342	0.6474	0.6414	0.5875	0.6298	0.5969	0.5914	0.5921	0.5706	0.5291	0.5390	0.4914	0.5199
0.2110	0.3443	0.4034	0.4391	0.4930	0.5568	0.6228	0.7018	0.7163	0.7517	0.7982	0.8219	0.8195	0.7275	0.6992	0.8178	0.8851	0.9345	0.9199	0.8569	0.8046	0.7894	0.7628	0.6779	0.6518	0.6315	0.6671	0.6679	0.6925	0.7020	0.7272	0.7124	0.7244	0.7220	0.7082	0.7054	0.6632	0.7115	0.7027	0.6947	0.6882	0.7282	0.7614	0.7992	0.8013	0.7893	0.8113	0.7686	0.8083	0.7657	0.7521	0.7706	0.7570	0.7215	0.7079	0.6927	0.6715	0.6577	0.6452	0.6315	0.6683	0.6304	0.6578	0.6288	0.6135	0.5828	0.5403	0.5236	0.4688
0.1280	0.2277	0.3442	0.4642	0.4938	0.5818	0.6635	0.6538	0.6313	0.6156	0.4773	0.5007	0.4590	0.4124	0.4507	0.5108	0.5553	0.7720	0.9671	0.9372	0.8874	0.8910	0.8339	0.7645	0.7058	0.6632	0.6533	0.6418	0.6765	0.7316	0.7720	0.7563	0.7827	0.7625	0.7166	0.7436	0.7231	0.7138	0.7416	0.7031	0.7171	0.7901	0.8022	0.8531	0.8187	0.8338	0.8429	0.7802	0.8267	0.8434	0.8088	0.7731	0.8092	0.7735	0.7388	0.7071	0.7135	0.6978	0.7087	0.7136	0.7108	0.6768	0.6768	0.6332	0.5918	0.5508	0.5732	0.4921	0.3608
0.0634	0.0863	0.1277	0.1762	0.2165	0.2630	0.3009	0.3117	0.2870	0.2774	0.2778	0.2740	0.2714	0.3018	0.3330	0.3698	0.3976	0.5243	0.7046	0.7127	0.8590	0.9737	0.9385	0.9037	0.8276	0.7260	0.7347	0.7188	0.7843	0.8155	0.8030	0.8426	0.8415	0.7951	0.7826	0.8511	0.7802	0.7453	0.7637	0.7357	0.7902	0.7820	0.8414	0.8239	0.8182	0.8362	0.8950	0.8514	0.8585	0.8707	0.8235	0.8228	0.8494	0.8284	0.7839	0.7750	0.7861	0.7761	0.7064	0.7391	0.7351	0.7217	0.7007	0.6838	0.5947	0.5455	0.5522	0.4128	0.2747
0.0423	0.0423	0.0662	0.0844	0.0951	0.1030	0.1091	0.1381	0.1638	0.1786	0.2164	0.2142	0.2195	0.2267	0.2593	0.2884	0.3058	0.3199	0.3385	0.3934	0.5297	0.6344	0.8233	0.9361	0.9313	0.8545	0.8021	0.8033	0.8673	0.8977	0.8766	0.8706	0.8937	0.8872	0.8630	0.8717	0.8040	0.8296	0.7831	0.7707	0.8239	0.8108	0.8299	0.8447	0.8816	0.8848	0.9307	0.9314	0.8908	0.8707	0.8942	0.8714	0.8629	0.8636	0.8399	0.8103	0.8447	0.7871	0.7195	0.7811	0.7804	0.6509	0.6487	0.6783	0.6028	0.5724	0.5251	0.2976	0.2508
0.0093	0.0342	0.0600	0.0611	0.0642	0.0792	0.0974	0.1038	0.1013	0.1207	0.1408	0.1544	0.1761	0.1796	0.1998	0.2226	0.2300	0.2631	0.2719	0.2974	0.3271	0.3798	0.4731	0.6568	0.8404	0.8830	0.8865	0.8854	0.9380	0.9138	0.8710	0.8509	0.9020	0.9218	0.8756	0.8144	0.8038	0.8529	0.7958	0.8021	0.8567	0.8158	0.8872	0.8791	0.8879	0.8829	0.9166	0.9518	0.9256	0.9015	0.8609	0.8589	0.8887	0.9012	0.8588	0.8560	0.8763	0.8258	0.7583	0.7347	0.7094	0.5776	0.5214	0.6382	0.5606	0.5645	0.4673	0.2556	0.2453
0.0097	0.0355	0.0569	0.0633	0.0621	0.0608	0.0793	0.1020	0.0953	0.1037	0.1021	0.1065	0.1182	0.1307	0.1357	0.1649	0.1746	0.1913	0.2115	0.2327	0.2526	0.2646	0.3254	0.4141	0.4611	0.6386	0.9126	0.9350	0.9292	0.8918	0.9068	0.9329	0.8962	0.9035	0.8658	0.8270	0.8532	0.8492	0.8295	0.8319	0.8276	0.8430	0.8451	0.8576	0.8902	0.8603	0.8525	0.8406	0.7056	0.6084	0.6615	0.8437	0.8443	0.8401	0.8084	0.8237	0.8228	0.8089	0.7573	0.7286	0.7243	0.5953	0.4390	0.5933	0.5898	0.5843	0.4140	0.2386	0.2409
0.0229	0.0237	0.0362	0.0430	0.0430	0.0450	0.0663	0.0782	0.0699	0.0823	0.0924	0.0832	0.1026	0.0951	0.0997	0.1121	0.1199	0.1365	0.1445	0.1475	0.1777	0.1851	0.2151	0.2719	0.3216	0.4688	0.8267	0.8812	0.8809	0.8267	0.9051	0.9458	0.9410	0.9162	0.9224	0.8440	0.8137	0.8202	0.7258	0.6640	0.6463	0.6282	0.6692	0.7607	0.8403	0.8068	0.7614	0.5887	0.5653	0.6057	0.6794	0.7978	0.8349	0.8114	0.7937	0.7549	0.7114	0.7854	0.7646	0.7295	0.7291	0.5893	0.3917	0.4941	0.6146	0.5663	0.3538	0.2279	0.2152
0.0154	0.0052	0.0395	0.0412	0.0607	0.0516	0.0717	0.0781	0.0666	0.0641	0.0718	0.0642	0.0763	0.0843	0.0850	0.0868	0.1076	0.1179	0.1239	0.1141	0.1242	0.1238	0.1492	0.1460	0.1811	0.2254	0.3459	0.5324	0.6475	0.7096	0.8654	0.8699	0.7142	0.5958	0.7824	0.7074	0.5329	0.3969	0.3193	0.2813	0.2851	0.3104	0.3357	0.5078	0.6571	0.5837	0.5519	0.6055	0.7277	0.7707	0.7319	0.6039	0.5908	0.7157	0.7431	0.6948	0.6986	0.6528	0.5548	0.6652	0.6705	0.5175	0.3246	0.3259	0.4556	0.3796	0.2257	0.1818	0.1886
0.0147	0.0137	0.0349	0.0489	0.0542	0.0577	0.0655	0.0595	0.0637	0.0617	0.0562	0.0727	0.0794	0.0779	0.0829	0.0854	0.0998	0.0897	0.0965	0.1181	0.1035	0.1039	0.1143	0.1238	0.1279	0.1434	0.1648	0.2042	0.2542	0.3345	0.6272	0.5272	0.2854	0.3125	0.4514	0.3304	0.2241	0.1856	0.1859	0.1943	0.2040	0.2048	0.2297	0.3125	0.3825	0.3878	0.5749	0.7292	0.7573	0.7422	0.6960	0.4772	0.2828	0.3922	0.5426	0.6337	0.6389	0.4159	0.2841	0.3599	0.3857	0.2638	0.2064	0.2093	0.2175	0.2068	0.1779	0.1723	0.1735
0.0166	0.0149	0.0176	0.0225	0.0405	0.0436	0.0526	0.0538	0.0625	0.0442	0.0530	0.0580	0.0661	0.0828	0.0775	0.0837	0.0955	0.0878	0.0768	0.0804	0.0889	0.0962	0.1072	0.1031	0.1026	0.1042	0.1128	0.1501	0.1536	0.1549	0.2076	0.1854	0.1478	0.1632	0.1785	0.1655	0.1530	0.1561	0.1486	0.1577	0.1524	0.1632	0.1810	0.2170	0.2609	0.4451	0.7380	0.7744	0.6963	0.5367	0.3425	0.2396	0.1851	0.1990	0.2349	0.3193	0.3154	0.2113	0.1839	0.1982	0.2075	0.1799	0.1821	0.1768	0.1623	0.1662	0.1632	0.1680	0.1455
0.0058	0.0070	0.0314	0.0263	0.0304	0.0371	0.0377	0.0477	0.0475	0.0474	0.0573	0.0578	0.0621	0.0639	0.0630	0.0786	0.0818	0.0856	0.0765	0.0875	0.0880	0.0834	0.0799	0.0996	0.0953	0.1028	0.0973	0.1123	0.1154	0.1202	0.1246	0.1305	0.1372	0.1196	0.1216	0.1222	0.1196	0.1226	0.1153	0.1169	0.1195	0.1247	0.1409	0.1517	0.1787	0.2679	0.4983	0.5087	0.3301	0.2172	0.1518	0.1455	0.1416	0.1491	0.1514	0.1617	0.1597	0.1632	0.1649	0.1774	0.1693	0.1553	0.1639	0.1516	0.1421	0.1339	0.1382	0.1391	0.1415
0.0024	0.0000	0.0233	0.0223	0.0038	0.0212	0.0361	0.0526	0.0487	0.0597	0.0579	0.0524	0.0572	0.0623	0.0587	0.0774	0.0821	0.0862	0.0596	0.0746	0.0835	0.0788	0.0799	0.0907	0.0873	0.0906	0.1017	0.1002	0.0933	0.0912	0.1004	0.1120	0.1156	0.1032	0.1012	0.1002	0.1008	0.1041	0.1112	0.1042	0.0988	0.1003	0.1170	0.1096	0.1310	0.1432	0.1744	0.1489	0.1353	0.1354	0.1326	0.1302	0.1223	0.1135	0.1246	0.1280	0.1342	0.1171	0.1273	0.1471	0.1407	0.1260	0.1342	0.1334	0.1307	0.1296	0.1244	0.1279	0.1257
0.0000	0.0000	0.0053	0.0106	0.0029	0.0176	0.0286	0.0384	0.0304	0.0331	0.0424	0.0518	0.0576	0.0544	0.0546	0.0817	0.0860	0.0656	0.0563	0.0663	0.0808	0.0671	0.0673	0.0767	0.0796	0.0861	0.0905	0.0948	0.0980	0.0875	0.0811	0.0912	0.0991	0.0982	0.0906	0.0942	0.1035	0.0980	0.0909	0.0959	0.1019	0.0925	0.0928	0.1059	0.1096	0.1197	0.1225	0.1126	0.1082	0.1170	0.1094	0.1025	0.0904	0.0964	0.1092	0.1033	0.1034	0.0987	0.1079	0.1139	0.1154	0.1064	0.0968	0.1045	0.1232	0.1151	0.1093	0.0978	0.0968
0.0000	0.0007	0.0088	0.0068	0.0060	0.0220	0.0330	0.0317	0.0241	0.0376	0.0353	0.0523	0.0462	0.0411	0.0588	0.0534	0.0634	0.0576	0.0542	0.0671	0.0726	0.0727	0.0645	0.0657	0.0793	0.0867	0.0759	0.0794	0.0853	0.0855	0.0791	0.0894	0.0813	0.0943	0.0890	0.0890	0.0927	0.0855	0.0848	0.0852	0.0855	0.0869	0.0894	0.0871	0.0944	0.0935	0.0946	0.0969	0.1017	0.1003	0.0937	0.0866	0.0809	0.0907	0.0901	0.0889	0.0923	0.0856	0.0833	0.0827	0.0803	0.0790	0.0760	0.0830	0.0955	0.0797	0.0762	0.0810	0.0809
0.0000	0.0040	0.0172	0.0103	0.0069	0.0017	0.0237	0.0216	0.0226	0.0262	0.0244	0.0415	0.0407	0.0340	0.0446	0.0453	0.0516	0.0503	0.0460	0.0547	0.0558	0.0719	0.0708	0.0628	0.0681	0.0802	0.0769	0.0731	0.0701	0.0769	0.0765	0.0768	0.0738	0.0754	0.0719	0.0767	0.0820	0.0750	0.0797	0.0727	0.0813	0.0892	0.0880	0.0828	0.0890	0.0828	0.0844	0.0831	0.0895	0.0780	0.0775	0.0801	0.0844	0.0768	0.0801	0.0783	0.0869	0.0708	0.0685	0.0768	0.0680	0.0621	0.0626	0.0673	0.0792	0.0638	0.0690	0.0581	0.0634
0.0000	0.0000	0.0000	0.0018	0.0000	0.0000	0.0048	0.0118	0.0201	0.0177	0.0104	0.0284	0.0356	0.0289	0.0377	0.0484	0.0548	0.0380	0.0372	0.0504	0.0473	0.0564	0.0592	0.0674	0.0551	0.0671	0.0724	0.0688	0.0692	0.0734	0.0752	0.0733	0.0701	0.0723	0.0783	0.0719	0.0660	0.0761	0.0793	0.0750	0.0742	0.0722	0.0734	0.0755	0.0694	0.0703	0.0859	0.0939	0.0815	0.0799	0.0810	0.0885	0.0775	0.0694	0.0833	0.0731	0.0663	0.0691	0.0703	0.0798	0.0655	0.0632	0.0669	0.0559	0.0667	0.0515	0.0524	0.0495	0.0416
0.0000	0.0000	0.0000	0.0000	0.0000	0.0011	0.0193	0.0165	0.0115	0.0230	0.0219	0.0310	0.0364	0.0307	0.0452	0.0384	0.0491	0.0377	0.0364	0.0456	0.0442	0.0453	0.0476	0.0533	0.0578	0.0622	0.0655	0.0660	0.0718	0.0749	0.0669	0.0669	0.0815	0.0775	0.0739	0.0642	0.0691	0.0700	0.0701	0.0735	0.0780	0.0662	0.0733	0.0726	0.0709	0.0727	0.0787	0.0761	0.0668	0.0720	0.0731	0.0757	0.0696	0.0651	0.0769	0.0756	0.0608	0.0629	0.0649	0.0720	0.0652	0.0531	0.0651	0.0553	0.0421	0.0360	0.0461	0.0471	0.0468
0.0000	0.0000	0.0016	0.0031	0.0000	0.0000	0.0097	0.0101	0.0003	0.0127	0.0166	0.0305	0.0315	0.0352	0.0322	0.0325	0.0364	0.0270	0.0390	0.0488	0.0379	0.0367	0.0513	0.0528	0.0525	0.0519	0.0537	0.0563	0.0637	0.0696	0.0567	0.0686	0.0715	0.0713	0.0680	0.0626	0.0594	0.0678	0.0692	0.0650	0.0662	0.0714	0.0676	0.0675	0.0654	0.0670	0.0795	0.0756	0.0654	0.0686	0.0641	0.0649	0.0696	0.0633	0.0608	0.0648	0.0696	0.0560	0.0520	0.0605	0.0537	0.0420	0.0528	0.0534	0.0554	0.0432	0.0496	0.0438	0.0341
0.0000	0.0000	0.0000	0.0000	0.0020	0.0000	0.0000	0.0115	0.0183	0.0130	0.0157	0.0156	0.0243	0.0321	0.0223	0.0224	0.0295	0.0257	0.0275	0.0444	0.0428	0.0450	0.0434	0.0559	0.0491	0.0488	0.0449	0.0505	0.0587	0.0591	0.0545	0.0593	0.0508	0.0633	0.0690	0.0656	0.0607	0.0573	0.0619	0.0537	0.0508	0.0647	0.0695	0.0650	0.0588	0.0682	0.0765	0.0809	0.0618	0.0609	0.0625	0.0592	0.0587	0.0573	0.0656	0.0702	0.0622	0.0512	0.0452	0.0539	0.0546	0.0450	0.0395	0.0441	0.0459	0.0473	0.0407	0.0348	0.0237
0.0000	0.0000	0.0000	0.0000	0.0000	0.0000	0.0000	0.0115	0.0038	0.0027	0.0182	0.0212	0.0186	0.0210	0.0217	0.0245	0.0330	0.0258	0.0236	0.0366	0.0478	0.0391	0.0421	0.0538	0.0553	0.0591	0.0417	0.0535	0.0609	0.0555	0.0522	0.0491	0.0581	0.0639	0.0579	0.0561	0.0576	0.0647	0.0588	0.0560	0.0518	0.0559	0.0659	0.0717	0.0698	0.0614	0.0624	0.0688	0.0615	0.0578	0.0669	0.0662	0.0626	0.0540	0.0677	0.0734	0.0496	0.0483	0.0467	0.0523	0.0628	0.0526	0.0449	0.0426	0.0479	0.0440	0.0346	0.0234	0.0279
