0.0000	0.0000	0.0000	0.0118	0.0129	0.0000	0.0040	0.0142	0.0263	0.0388	0.0247	0.0551	0.0347	0.0201	0.0398	0.0461	0.0844	0.0627	0.0396	0.0525	0.0524	0.0496	0.0643	0.0560	0.0738	0.0877	0.0828	0.0780	0.0809	0.0871	0.0859	0.0943	0.0957	0.1069	0.0744	0.0729	0.0873	0.0782	0.0949	0.0793	0.0751	0.0918	0.0964	0.0969	0.0677	0.0916	0.0761	0.0766	0.0795	0.0858	0.0945	0.0627	0.0728	0.0776	0.0814	0.0765	0.0939	0.0888	0.0916	0.0772	0.0903	0.0809	0.0868	0.0827	0.0720	0.0712	0.0615	0.0677	0.0655
0.0000	0.0000	0.0067	0.0174	0.0086	0.0041	0.0274	0.0377	0.0407	0.0268	0.0396	0.0514	0.0497	0.0405	0.0234	0.0595	0.0547	0.0642	0.0694	0.0555	0.0523	0.0555	0.0853	0.0755	0.1014	0.0891	0.0794	0.0988	0.0908	0.0794	0.0865	0.0879	0.1093	0.0943	0.0912	0.0959	0.0995	0.0968	0.1112	0.0909	0.1060	0.1067	0.0857	0.0946	0.0870	0.0877	0.0736	0.0828	0.0742	0.0810	0.0932	0.0782	0.0739	0.0920	0.0933	0.0896	0.0756	0.0876	0.0852	0.0975	0.0974	0.0892	0.0915	0.0916	0.0775	0.0788	0.0745	0.0767	0.0878
0.0000	0.0000	0.0138	0.0223	0.0215	0.0145	0.0146	0.0346	0.0374	0.0228	0.0294	0.0386	0.0450	0.0474	0.0344	0.0605	0.0683	0.0759	0.0615	0.0708	0.0712	0.0782	0.0735	0.0800	0.0965	0.0940	0.0865	0.0839	0.1027	0.0963	0.1041	0.0808	0.0904	0.1201	0.1009	0.1035	0.0991	0.0933	0.1013	0.0969	0.1017	0.1131	0.1093	0.0955	0.0943	0.1038	0.1191	0.0894	0.0780	0.0815	0.0989	0.0952	0.1038	0.1078	0.1120	0.1350	0.1109	0.1132	0.1033	0.1221	0.1242	0.1123	0.1038	0.0957	0.0964	0.0920	0.0825	0.0940	0.1140
0.0000	0.0051	0.0067	0.0258	0.0302	0.0312	0.0266	0.0301	0.0324	0.0275	0.0363	0.0551	0.0495	0.0418	0.0425	0.0523	0.0651	0.0894	0.0801	0.0794	0.0828	0.0821	0.0737	0.0683	0.0932	0.1076	0.0885	0.0962	0.0841	0.0941	0.1019	0.0979	0.1220	0.1125	0.1020	0.1124	0.1035	0.1152	0.1092	0.1052	0.0980	0.1006	0.1041	0.0997	0.0960	0.0948	0.1060	0.0819	0.0897	0.0830	0.0945	0.0935	0.0833	0.0849	0.1186	0.1206	0.1031	0.1177	0.1076	0.1244	0.1347	0.1235	0.1089	0.1072	0.1120	0.1078	0.1086	0.0993	0.1274
0.0000	0.0011	0.0141	0.0218	0.0190	0.0095	0.0296	0.0316	0.0360	0.0531	0.0434	0.0554	0.0764	0.0641	0.0393	0.0395	0.0823	0.0691	0.0579	0.0712	0.0838	0.0816	0.0842	0.0791	0.0911	0.0983	0.0924	0.1050	0.0861	0.0883	0.1320	0.1105	0.1262	0.1371	0.1256	0.1003	0.1208	0.1122	0.1241	0.1009	0.1047	0.0898	0.1100	0.0948	0.1135	0.0921	0.1014	0.0868	0.1040	0.1155	0.1025	0.1069	0.1010	0.1128	0.1136	0.1213	0.1088	0.1302	0.1135	0.1172	0.1276	0.1237	0.1391	0.1266	0.1468	0.1396	0.1472	0.1082	0.1227
0.0000	0.0210	0.0303	0.0110	0.0262	0.0287	0.0310	0.0380	0.0392	0.0438	0.0529	0.0515	0.0696	0.0585	0.0459	0.0662	0.0750	0.0786	0.0722	0.0961	0.0863	0.0885	0.0747	0.0828	0.1007	0.0917	0.0973	0.1010	0.1092	0.1127	0.1085	0.1204	0.1284	0.1356	0.1258	0.1276	0.1190	0.1136	0.1101	0.0907	0.1112	0.1350	0.1253	0.0928	0.0988	0.1038	0.1021	0.1042	0.1049	0.1074	0.1012	0.0954	0.1282	0.1295	0.1275	0.1433	0.1238	0.1332	0.1345	0.1460	0.1496	0.1439	0.1665	0.1715	0.1623	0.1493	0.1531	0.1491	0.1452
0.0047	0.0173	0.0198	0.0210	0.0174	0.0197	0.0463	0.0351	0.0348	0.0422	0.0472	0.0673	0.0632	0.0622	0.0584	0.0663	0.0683	0.0758	0.0802	0.0797	0.0949	0.0978	0.0978	0.0853	0.1095	0.1140	0.1145	0.1068	0.1208	0.1206	0.0975	0.1147	0.1225	0.1396	0.1367	0.1310	0.1142	0.1304	0.1285	0.1224	0.1096	0.1457	0.1424	0.1167	0.1001	0.1128	0.1093	0.1184	0.1125	0.1133	0.1161	0.1304	0.1467	0.1485	0.1555	0.1773	0.1660	0.1544	0.1825	0.1863	0.1808	0.1790	0.1880	0.2025	0.2033	0.1926	0.1729	0.1761	0.1842
0.0126	0.0179	0.0190	0.0140	0.0142	0.0197	0.0558	0.0563	0.0498	0.0618	0.0634	0.0820	0.0910	0.0853	0.0594	0.0814	0.0897	0.0767	0.0851	0.0872	0.1144	0.1258	0.1129	0.1060	0.1224	0.1107	0.1088	0.1112	0.1143	0.1187	0.1089	0.1284	0.1441	0.1613	0.1388	0.1295	0.1172	0.1302	0.1242	0.1260	0.1327	0.1579	0.1666	0.1288	0.1282	0.1417	0.1428	0.1389	0.1394	0.1176	0.1315	0.1438	0.1349	0.1403	0.1649	0.2011	0.1954	0.1753	0.2089	0.2081	0.2080	0.2123	0.2383	0.3000	0.3366	0.3515	0.3203	0.3023	0.2984
0.0025	0.0069	0.0230	0.0134	0.0181	0.0255	0.0532	0.0453	0.0614	0.0773	0.0682	0.0794	0.0792	0.0972	0.0926	0.0830	0.1088	0.0918	0.1261	0.1343	0.1262	0.1166	0.1271	0.1073	0.1134	0.1264	0.1321	0.1246	0.1308	0.1296	0.1200	0.1257	0.1480	0.1567	0.1618	0.1407	0.1269	0.1375	0.1476	0.1637	0.1533	0.1595	0.1672	0.1346	0.1405	0.1502	0.1544	0.1443	0.1560	0.1657	0.1617	0.1704	0.1751	0.2014	0.2101	0.2694	0.2747	0.2473	0.2538	0.2713	0.3330	0.3363	0.3453	0.4837	0.5131	0.5003	0.4821	0.4300	0.3991
0.0208	0.0052	0.0282	0.0382	0.0313	0.0551	0.0519	0.0735	0.0534	0.0594	0.0711	0.0801	0.0757	0.1035	0.0983	0.0956	0.1057	0.1250	0.1233	0.1497	0.1156	0.1055	0.1093	0.1231	0.1239	0.1274	0.1350	0.1368	0.1422	0.1390	0.1444	0.1415	0.1608	0.1485	0.1579	0.1429	0.1495	0.1681	0.1625	0.1621	0.1558	0.1625	0.1776	0.1517	0.1499	0.1649	0.1793	0.1659	0.1585	0.1780	0.1707	0.1872	0.2277	0.2649	0.3257	0.4222	0.5157	0.4911	0.3802	0.4768	0.6404	0.6002	0.5825	0.5780	0.5553	0.5082	0.4653	0.5036	0.4744
0.0117	0.0243	0.0341	0.0533	0.0419	0.0423	0.0561	0.0755	0.0586	0.0582	0.0778	0.0859	0.0861	0.1142	0.0944	0.1177	0.1141	0.1361	0.1176	0.1194	0.1345	0.1406	0.1351	0.1423	0.1492	0.1433	0.1443	0.1440	0.1479	0.1635	0.1595	0.1732	0.1817	0.1868	0.1826	0.1732	0.1835	0.1970	0.1951	0.1810	0.1831	0.1919	0.1933	0.1888	0.1780	0.1794	0.2005	0.2052	0.1941	0.2118	0.2376	0.2769	0.2982	0.3542	0.5898	0.7995	0.8374	0.7384	0.5510	0.6559	0.6635	0.5671	0.5980	0.6119	0.5394	0.4337	0.4138	0.4965	0.4353
0.0074	0.0096	0.0238	0.0492	0.0471	0.0595	0.0763	0.0814	0.0676	0.0671	0.0742	0.0903	0.1048	0.1164	0.1103	0.1325	0.1386	0.1448	0.1582	0.1364	0.1529	0.1552	0.1557	0.1684	0.1780	0.1685	0.1780	0.1811	0.1805	0.1901	0.2045	0.1975	0.2347	0.2494	0.2554	0.2113	0.2073	0.2254	0.2316	0.2290	0.2388	0.2388	0.2336	0.2235	0.2187	0.2143	0.2362	0.2447	0.2376	0.2712	0.2965	0.3313	0.3677	0.5299	0.8659	0.9097	0.8705	0.7903	0.7174	0.7000	0.7067	0.6046	0.5588	0.6111	0.5800	0.4626	0.4528	0.5049	0.4582
0.0293	0.0441	0.0468	0.0699	0.0658	0.0577	0.0494	0.0694	0.0860	0.0736	0.0879	0.0983	0.1178	0.1199	0.1033	0.1280	0.1369	0.1723	0.1698	0.1921	0.1857	0.2050	0.2238	0.2368	0.2575	0.2408	0.2772	0.2522	0.2440	0.2438	0.2600	0.3360	0.3906	0.5119	0.5794	0.3756	0.2539	0.2692	0.2847	0.2980	0.2798	0.2858	0.2958	0.2881	0.2662	0.2800	0.2989	0.2972	0.3137	0.3304	0.3506	0.3609	0.4185	0.5611	0.8216	0.9861	0.8754	0.7569	0.7238	0.6807	0.6499	0.6116	0.5967	0.6579	0.6322	0.5293	0.5035	0.4920	0.4205
0.0306	0.0427	0.0538	0.0640	0.0615	0.0683	0.0748	0.0677	0.1055	0.0953	0.1090	0.1161	0.1276	0.1423	0.1596	0.1732	0.2094	0.2436	0.2530	0.2888	0.3302	0.3568	0.4291	0.4014	0.3971	0.3203	0.3428	0.3758	0.4266	0.4499	0.5482	0.6876	0.7397	0.7964	0.9423	0.7345	0.4368	0.3785	0.4133	0.3939	0.3848	0.3810	0.3910	0.3422	0.3182	0.3239	0.3186	0.3211	0.3120	0.3195	0.3761	0.4122	0.4380	0.4825	0.6328	0.9036	0.8692	0.8041	0.7361	0.6981	0.6556	0.5742	0.5936	0.5877	0.5574	0.4686	0.4960	0.4198	0.3896
0.0222	0.0373	0.0439	0.0627	0.0603	0.0814	0.0931	0.1022	0.1284	0.0993	0.1230	0.1584	0.1865	0.2032	0.2446	0.2486	0.4067	0.4882	0.4935	0.5693	0.6649	0.6896	0.6742	0.6731	0.6678	0.5668	0.5694	0.6483	0.7196	0.7920	0.7820	0.8398	0.8893	0.8666	0.8679	0.9132	0.8508	0.7814	0.8435	0.7607	0.7260	0.7242	0.5441	0.3827	0.3566	0.3507	0.3225	0.3226	0.3507	0.3384	0.3693	0.4079	0.4531	0.4267	0.5008	0.7072	0.8858	0.8108	0.7249	0.6598	0.6255	0.5237	0.5548	0.5369	0.5083	0.4312	0.4209	0.3996	0.3781
0.0277	0.0398	0.0578	0.0738	0.0870	0.0963	0.1127	0.1303	0.1408	0.1628	0.2006	0.2306	0.2834	0.3445	0.4517	0.4779	0.7345	0.7836	0.7737	0.7574	0.7746	0.7461	0.7400	0.7535	0.7275	0.6940	0.6827	0.7013	0.7658	0.7274	0.7472	0.8402	0.8360	0.9092	0.8954	0.9185	0.9923	0.9624	0.9258	0.8632	0.8957	0.8623	0.7564	0.4965	0.4192	0.4742	0.4175	0.3462	0.3630	0.3830	0.3843	0.4428	0.4773	0.5041	0.5982	0.8173	0.9054	0.8104	0.6423	0.6665	0.6167	0.5086	0.5522	0.5517	0.4560	0.4078	0.3792	0.3864	0.3512
0.0299	0.0499	0.0783	0.1277	0.1210	0.1465	0.1945	0.2049	0.2272	0.3012	0.4074	0.4705	0.6360	0.6852	0.7703	0.7811	0.7587	0.8332	0.7330	0.7359	0.7844	0.7502	0.7205	0.6830	0.6673	0.6639	0.6579	0.6928	0.7031	0.7192	0.7339	0.8166	0.8417	0.8326	0.8924	0.8698	0.8902	0.9235	0.9191	0.8321	0.8542	0.8759	0.8686	0.6869	0.6680	0.7117	0.6538	0.4173	0.3587	0.3994	0.4433	0.5006	0.5322	0.6860	0.8298	0.8528	0.7989	0.7528	0.6478	0.6182	0.5557	0.5117	0.5078	0.5197	0.4587	0.3567	0.3735	0.3559	0.3468
0.0623	0.1089	0.1560	0.2183	0.2464	0.3313	0.4190	0.4389	0.4867	0.5423	0.6986	0.7271	0.7619	0.7362	0.7336	0.7334	0.7114	0.7425	0.6886	0.7040	0.7286	0.6983	0.6457	0.6909	0.6631	0.6230	0.6730	0.7029	0.6393	0.7006	0.7412	0.7652	0.7691	0.7937	0.8372	0.8094	0.7903	0.8129	0.8334	0.8294	0.8486	0.8717	0.8959	0.8848	0.8448	0.8060	0.7787	0.4947	0.4053	0.4319	0.4669	0.5096	0.6312	0.8041	0.7774	0.7301	0.6505	0.6291	0.6287	0.5786	0.5514	0.5167	0.4723	0.4609	0.4090	0.3527	0.3648	0.3566	0.3468
0.1333	0.2315	0.3418	0.4532	0.5381	0.6157	0.7187	0.6759	0.7818	0.7160	0.6959	0.7130	0.6967	0.6772	0.7113	0.6706	0.7003	0.6520	0.6802	0.6528	0.6242	0.6540	0.6281	0.6392	0.6567	0.6091	0.6699	0.6494	0.6544	0.7121	0.7170	0.7398	0.7871	0.8353	0.8041	0.7794	0.7363	0.7546	0.7758	0.7922	0.7710	0.7627	0.8244	0.8304	0.8274	0.8065	0.7495	0.5047	0.3958	0.4574	0.5053	0.5459	0.7195	0.7994	0.7098	0.6505	0.5695	0.5590	0.5144	0.5387	0.5376	0.4895	0.4890	0.4266	0.3800	0.3676	0.3562	0.3703	0.3528
0.2156	0.3476	0.4099	0.4640	0.5252	0.5717	0.6073	0.5924	0.6582	0.6122	0.5819	0.5877	0.6254	0.5731	0.5980	0.5991	0.6328	0.6277	0.6397	0.6151	0.5983	0.6277	0.6053	0.6290	0.6202	0.6287	0.6294	0.6727	0.6773	0.7476	0.7336	0.7176	0.7383	0.8064	0.7702	0.7948	0.7527	0.7657	0.7652	0.7172	0.7531	0.7763	0.7907	0.7757	0.7995	0.7734	0.7223	0.5306	0.4435	0.4984	0.4945	0.5550	0.7551	0.7689	0.6890	0.6292	0.5828	0.5566	0.5467	0.5075	0.5133	0.4735	0.4500	0.4645	0.4263	0.3985	0.3776	0.3774	0.3503
0.2388	0.2830	0.3010	0.3198	0.3679	0.4020	0.4227	0.4583	0.4689	0.4652	0.4918	0.5264	0.5556	0.5086	0.5129	0.5347	0.5701	0.6605	0.6182	0.6083	0.6062	0.5753	0.6054	0.6208	0.5910	0.6333	0.6273	0.6425	0.6649	0.6654	0.7479	0.7143	0.7367	0.7688	0.7335	0.7630	0.7725	0.7431	0.7406	0.7375	0.7144	0.7398	0.7735	0.7880	0.7356	0.7074	0.7679	0.6383	0.5845	0.7170	0.6532	0.6345	0.7154	0.7047	0.6558	0.6462	0.5948	0.5255	0.5231	0.4980	0.5071	0.4638	0.4501	0.4242	0.4343	0.3923	0.3868	0.3533	0.3500
0.2036	0.2304	0.2504	0.2797	0.3054	0.2845	0.3509	0.4151	0.3879	0.3694	0.4175	0.4560	0.4627	0.5070	0.5182	0.5313	0.6252	0.6312	0.6063	0.6290	0.6332	0.6220	0.6004	0.5977	0.5957	0.6308	0.6377	0.6202	0.6252	0.6701	0.7031	0.6999	0.7023	0.7239	0.7406	0.7328	0.6970	0.7211	0.6611	0.7156	0.7236	0.7431	0.7463	0.7842	0.7350	0.7373	0.7577	0.7444	0.7234	0.7748	0.8054	0.7257	0.6782	0.6338	0.5942	0.6111	0.5851	0.5486	0.5129	0.4960	0.4940	0.4757	0.4397	0.4232	0.4229	0.4307	0.4019	0.3874	0.3458
0.1782	0.1834	0.2117	0.2520	0.2801	0.3200	0.3471	0.3579	0.3529	0.3511	0.3905	0.4155	0.4359	0.4955	0.5420	0.5835	0.6250	0.5803	0.5800	0.5917	0.6416	0.6587	0.6366	0.6131	0.5902	0.5784	0.6178	0.6138	0.6300	0.6522	0.6812	0.6405	0.6823	0.6919	0.6308	0.6569	0.6618	0.6966	0.6732	0.6494	0.7053	0.7107	0.6997	0.6967	0.7402	0.7379	0.7184	0.7205	0.7164	0.7070	0.7194	0.7202	0.7163	0.6348	0.6223	0.5831	0.5910	0.5520	0.5137	0.5310	0.4899	0.4869	0.4582	0.4359	0.4332	0.4449	0.3986	0.3749	0.3408
0.1561	0.1739	0.2207	0.2517	0.2554	0.3003	0.3476	0.3248	0.3354	0.3114	0.3511	0.4197	0.4501	0.5133	0.5620	0.5944	0.5744	0.6119	0.6355	0.6086	0.6007	0.6213	0.6352	0.5874	0.6521	0.5780	0.5849	0.6366	0.6544	0.6533	0.6682	0.6327	0.6409	0.6460	0.6668	0.6537	0.6351	0.6678	0.6485	0.6224	0.6503	0.6766	0.7090	0.7093	0.7186	0.6799	0.7128	0.6642	0.6463	0.6680	0.6412	0.6176	0.6454	0.6043	0.5610	0.5579	0.6094	0.5526	0.5438	0.5271	0.5184	0.5199	0.4895	0.4473	0.4056	0.4313	0.3852	0.3635	0.3827
0.1424	0.1639	0.2169	0.2388	0.2533	0.2687	0.3477	0.3485	0.3685	0.3705	0.3756	0.4103	0.4506	0.4703	0.4976	0.5272	0.5709	0.6007	0.5908	0.6078	0.6047	0.5886	0.5927	0.6044	0.6250	0.5930	0.6084	0.5973	0.6606	0.6517	0.6021	0.5997	0.6169	0.6398	0.6508	0.6452	0.6809	0.6419	0.6440	0.6640	0.6866	0.6816	0.6635	0.6603	0.6206	0.6217	0.6167	0.6102	0.6420	0.6284	0.6046	0.5903	0.6210	0.5904	0.5828	0.5895	0.5943	0.5680	0.5616	0.5607	0.5296	0.5007	0.5066	0.4348	0.3996	0.4113	0.3763	0.3753	0.3792
0.1570	0.1818	0.2167	0.2583	0.2917	0.2859	0.3125	0.3397	0.3603	0.4058	0.4078	0.4251	0.4521	0.5152	0.5076	0.5152	0.5809	0.5718	0.5872	0.5930	0.6141	0.5761	0.5565	0.5853	0.5642	0.5786	0.6026	0.6355	0.5986	0.6280	0.6376	0.5822	0.6005	0.6015	0.6040	0.6449	0.6495	0.6360	0.6664	0.6385	0.6503	0.6490	0.6060	0.6339	0.6364	0.6005	0.6321	0.6046	0.6236	0.6029	0.6078	0.6291	0.5790	0.5742	0.6208	0.6003	0.6091	0.5989	0.5731	0.5504	0.5503	0.5223	0.4799	0.4461	0.4363	0.4301	0.4187	0.4025	0.3674
0.1591	0.1763	0.2408	0.2792	0.3224	0.3201	0.3185	0.3438	0.3443	0.3913	0.3784	0.4142	0.4879	0.4967	0.5148	0.5125	0.5188	0.5219	0.6123	0.6041	0.5849	0.5569	0.5784	0.5920	0.5383	0.5670	0.5755	0.5851	0.5717	0.6023	0.6167	0.6108	0.6321	0.5955	0.6162	0.6256	0.6334	0.6139	0.6529	0.6228	0.6426	0.6197	0.5980	0.6026	0.6339	0.5908	0.5652	0.5751	0.6033	0.6346	0.6285	0.6235	0.6206	0.6193	0.5962	0.6113	0.6123	0.6139	0.5871	0.5551	0.5349	0.5355	0.5100	0.4648	0.4527	0.4395	0.4176	0.4089	0.3999
0.1661	0.1832	0.2049	0.2894	0.2907	0.3194	0.3297	0.3346	0.3275	0.3842	0.3761	0.4043	0.4650	0.4780	0.5282	0.5235	0.5181	0.5446	0.5465	0.6065	0.5690	0.5517	0.5305	0.5567	0.5709	0.5683	0.5642	0.5763	0.5889	0.5998	0.6164	0.6070	0.5855	0.5914	0.6038	0.6112	0.6211	0.6279	0.6249	0.6197	0.6565	0.6388	0.6277	0.5888	0.5897	0.5846	0.5705	0.6024	0.5915	0.5857	0.6231	0.6116	0.6505	0.6242	0.5628	0.5918	0.6165	0.5834	0.5530	0.5503	0.5571	0.5406	0.5287	0.4687	0.4433	0.4171	0.4229	0.4155	0.3903
0.1410	0.1891	0.2102	0.2913	0.3191	0.2758	0.3202	0.3440	0.3565	0.3577	0.3842	0.4108	0.4358	0.5015	0.4999	0.5336	0.5097	0.5422	0.6187	0.5933	0.5887	0.5508	0.5458	0.5921	0.5714	0.5362	0.5816	0.5805	0.6075	0.5835	0.6025	0.6192	0.6225	0.6231	0.6260	0.6399	0.6320	0.6628	0.6312	0.6192	0.6282	0.6283	0.6251	0.6018	0.5859	0.5788	0.5877	0.6062	0.6054	0.5756	0.6208	0.5920	0.6148	0.6172	0.6210	0.5997	0.5747	0.5800	0.5368	0.5441	0.5289	0.5117	0.4869	0.4725	0.4546	0.4253	0.4086	0.4014	0.3895
0.1369	0.1648	0.2133	0.2875	0.3098	0.3111	0.3144	0.3361	0.3734	0.3761	0.3887	0.4534	0.4838	0.5127	0.4817	0.5461	0.5766	0.5984	0.6050	0.5911	0.5728	0.5605	0.5490	0.6039	0.5314	0.5363	0.5619	0.5830	0.5774	0.6266	0.5907	0.6119	0.6804	0.6620	0.6120	0.6216	0.6546	0.6847	0.6314	0.6266	0.6601	0.6540	0.6138	0.6210	0.5907	0.5603	0.5844	0.5802	0.5748	0.5991	0.6121	0.6065	0.6313	0.6187	0.5936	0.6053	0.5611	0.5703	0.5603	0.5510	0.5592	0.5252	0.5118	0.4963	0.4862	0.4534	0.4145	0.4191	0.4142
0.1437	0.1543	0.2105	0.2379	0.2800	0.2973	0.3207	0.3306	0.3806	0.4030	0.3999	0.4292	0.4667	0.4970	0.4958	0.5244	0.5638	0.5673	0.5831	0.5933	0.5812	0.5516	0.5355	0.5641	0.5556	0.5187	0.5049	0.5435	0.6165	0.5832	0.5889	0.6161	0.6336	0.6537	0.6449	0.6658	0.6598	0.6138	0.6259	0.6735	0.6187	0.6717	0.6427	0.6400	0.5883	0.5801	0.5921	0.5921	0.6194	0.6483	0.6452	0.6657	0.6791	0.6483	0.6018	0.6051	0.5891	0.5865	0.5715	0.5834	0.5569	0.5318	0.5174	0.4970	0.4523	0.4350	0.4314	0.4394	0.3870
0.1400	0.1568	0.1964	0.2227	0.2537	0.2725	0.2767	0.3327	0.3858	0.4299	0.4005	0.4068	0.4260	0.4778	0.4975	0.5274	0.5909	0.5408	0.5604	0.5997	0.5730	0.5730	0.5356	0.5694	0.6026	0.5645	0.5260	0.5643	0.6054	0.5779	0.6052	0.6264	0.6198	0.6153	0.6543	0.6469	0.6238	0.6114	0.6107	0.6075	0.5831	0.6226	0.6678	0.5931	0.6132	0.5914	0.5971	0.6050	0.5919	0.6431	0.6789	0.6467	0.6670	0.6900	0.6759	0.6473	0.6288	0.6350	0.6098	0.5725	0.5706	0.5516	0.5400	0.5152	0.4520	0.4346	0.4390	0.4277	0.4163
0.1485	0.1398	0.1632	0.2010	0.2329	0.2838	0.2891	0.3213	0.3776	0.4317	0.3934	0.4583	0.4643	0.5011	0.5144	0.5171	0.6017	0.5752	0.5900	0.6324	0.6009	0.5655	0.5561	0.6171	0.6088	0.5856	0.5796	0.6389	0.6405	0.5766	0.6279	0.6404	0.6154	0.6493	0.6852	0.6473	0.6561	0.6159	0.6320	0.5996	0.6190	0.6553	0.6320	0.6236	0.6239	0.5801	0.6034	0.5974	0.6374	0.6220	0.6633	0.6439	0.6825	0.7063	0.6767	0.6501	0.6598	0.5980	0.5926	0.5516	0.5454	0.5654	0.5377	0.4822	0.4584	0.4363	0.4542	0.4025	0.3997
0.1107	0.1327	0.1502	0.1864	0.2183	0.2552	0.2881	0.3409	0.3963	0.4050	0.4070	0.4370	0.4682	0.5016	0.4935	0.5363	0.5115	0.5706	0.5848	0.6381	0.6198	0.5688	0.5808	0.5980	0.5920	0.6305	0.6013	0.6536	0.6247	0.5969	0.6281	0.6386	0.6399	0.7019	0.6899	0.6466	0.6363	0.6301	0.6618	0.6334	0.6510	0.6986	0.6913	0.6725	0.6138	0.6023	0.6367	0.6306	0.6668	0.6936	0.6664	0.6633	0.6655	0.6787	0.6628	0.6320	0.6283	0.6092	0.6177	0.5921	0.5761	0.5549	0.5311	0.4954	0.4544	0.4624	0.4837	0.4105	0.4045
0.0815	0.1149	0.1309	0.1816	0.2198	0.2304	0.2765	0.3575	0.3614	0.3627	0.4065	0.4087	0.4571	0.5150	0.5208	0.5345	0.5561	0.5429	0.5382	0.6013	0.6101	0.5983	0.6128	0.6262	0.6533	0.6768	0.6467	0.6154	0.6114	0.6629	0.6537	0.6582	0.6440	0.6808	0.7127	0.7006	0.6750	0.6652	0.7249	0.6912	0.7230	0.7469	0.7414	0.7001	0.6833	0.6943	0.6700	0.7235	0.7100	0.7831	0.7493	0.7260	0.6749	0.7012	0.6346	0.6157	0.6542	0.6243	0.6176	0.6109	0.5736	0.5217	0.5306	0.4941	0.5215	0.4968	0.4569	0.4398	0.4184
0.0883	0.1204	0.1376	0.1821	0.2276	0.2621	0.3079	0.3596	0.3322	0.3534	0.4184	0.4424	0.4674	0.5044	0.5209	0.5381	0.5440	0.5644	0.5887	0.6220	0.6054	0.6342	0.6711	0.6281	0.6548	0.6309	0.6135	0.6341	0.6426	0.6651	0.6593	0.6588	0.7022	0.7536	0.7148	0.7205	0.7022	0.7199	0.6890	0.7265	0.7608	0.7508	0.7601	0.7786	0.8050	0.8129	0.8200	0.8647	0.8851	0.8628	0.8557	0.8306	0.7199	0.6666	0.6208	0.6228	0.5898	0.5780	0.5799	0.5831	0.5831	0.5758	0.5798	0.5290	0.4909	0.4787	0.4760	0.4647	0.4489
0.0972	0.1232	0.1699	0.2020	0.2389	0.2906	0.3216	0.3405	0.3666	0.3657	0.4133	0.4415	0.4640	0.4870	0.5104	0.5328	0.5672	0.6280	0.6332	0.6479	0.6697	0.6691	0.6574	0.6362	0.6161	0.6124	0.6203	0.6495	0.6594	0.6654	0.6718	0.7130	0.7431	0.7878	0.7588	0.7536	0.7402	0.7312	0.7115	0.7515	0.7926	0.8198	0.7801	0.8614	0.8534	0.7942	0.8652	0.7670	0.8494	0.8684	0.8526	0.8754	0.7528	0.6693	0.6231	0.6351	0.5848	0.5697	0.5673	0.5549	0.5203	0.5494	0.5694	0.5332	0.4834	0.4654	0.4830	0.4558	0.4478
0.1387	0.1840	0.2073	0.2274	0.2745	0.3089	0.3407	0.4177	0.3988	0.4311	0.4305	0.4830	0.4920	0.4745	0.5384	0.5375	0.5965	0.6950	0.6856	0.6942	0.6778	0.6960	0.7077	0.6466	0.6484	0.6721	0.6413	0.6271	0.6713	0.6778	0.7434	0.7459	0.7326	0.7721	0.7636	0.7558	0.7716	0.7854	0.7911	0.7764	0.8003	0.8143	0.8532	0.8581	0.8724	0.8365	0.8304	0.5361	0.5195	0.5473	0.7077	0.9157	0.8439	0.7406	0.6543	0.6060	0.6121	0.6176	0.5851	0.5487	0.5560	0.5410	0.5076	0.5029	0.5063	0.4683	0.4871	0.4359	0.4991
0.1618	0.2497	0.2995	0.3484	0.4031	0.4576	0.4783	0.5295	0.5239	0.5308	0.5450	0.5539	0.4985	0.4965	0.5216	0.5531	0.6622	0.6188	0.6373	0.6399	0.6388	0.6552	0.6647	0.6575	0.6597	0.6539	0.6455	0.6328	0.6675	0.7119	0.7562	0.7839	0.7688	0.7775	0.7936	0.8056	0.7814	0.8324	0.8324	0.8057	0.8148	0.8855	0.9125	0.9424	0.9003	0.7917	0.6182	0.3929	0.3986	0.4464	0.5254	0.7659	0.9415	0.8593	0.6460	0.5973	0.5922	0.6021	0.5891	0.5826	0.5937	0.5607	0.6020	0.5537	0.5081	0.5015	0.4889	0.4859	0.4843
0.0984	0.1539	0.2563	0.4228	0.4948	0.6155	0.6976	0.6929	0.7068	0.7095	0.6640	0.6399	0.6228	0.6311	0.6322	0.6211	0.6082	0.6196	0.6145	0.6313	0.6260	0.6607	0.6367	0.6552	0.6280	0.6412	0.6434	0.6821	0.7186	0.7370	0.7898	0.7767	0.7709	0.7861	0.7696	0.8024	0.8132	0.7984	0.8644	0.8084	0.8519	0.8898	0.9388	0.9097	0.7723	0.5131	0.3978	0.3395	0.3802	0.4135	0.4402	0.5405	0.8384	0.9373	0.7773	0.7053	0.6553	0.6373	0.6572	0.6139	0.6271	0.6367	0.6099	0.5843	0.5548	0.5657	0.5513	0.5151	0.4788
0.0935	0.0893	0.1230	0.2139	0.3000	0.4164	0.5268	0.6209	0.5712	0.6743	0.7733	0.7476	0.7491	0.7970	0.7914	0.7231	0.6931	0.7021	0.6909	0.7535	0.7670	0.7299	0.6743	0.6957	0.7059	0.6832	0.6790	0.6725	0.7894	0.8151	0.7920	0.7626	0.8276	0.8222	0.8015	0.8512	0.8424	0.8351	0.8773	0.8507	0.9036	0.8734	0.9153	0.7587	0.4487	0.3324	0.3404	0.3286	0.3453	0.3702	0.4006	0.4693	0.6982	0.9478	0.8538	0.8155	0.7753	0.7507	0.6989	0.6797	0.6491	0.6448	0.6060	0.6232	0.5995	0.5621	0.5893	0.5420	0.5167
0.0366	0.0588	0.0841	0.0974	0.1125	0.1445	0.1789	0.2305	0.2600	0.3144	0.4813	0.5080	0.5137	0.5887	0.6904	0.7597	0.8408	0.7829	0.7539	0.7970	0.8257	0.7641	0.7562	0.7683	0.7739	0.7049	0.7196	0.7581	0.8210	0.8313	0.8355	0.8031	0.8602	0.9034	0.9133	0.9262	0.8707	0.9065	0.9336	0.9225	0.9331	0.8835	0.9060	0.5290	0.2845	0.2935	0.3228	0.3174	0.3196	0.3256	0.3895	0.4135	0.4906	0.6387	0.7197	0.8382	0.8819	0.8499	0.7913	0.7740	0.7197	0.6446	0.6532	0.6349	0.6269	0.6169	0.6016	0.5574	0.5434
0.0151	0.0355	0.0617	0.0645	0.0743	0.0775	0.0951	0.1128	0.1316	0.1462	0.1785	0.1918	0.2357	0.2540	0.3377	0.4374	0.6191	0.8141	0.8162	0.8063	0.7723	0.7494	0.7764	0.8305	0.8240	0.7561	0.7220	0.8102	0.8094	0.8318	0.8052	0.7749	0.8093	0.8841	0.8510	0.7740	0.7373	0.7802	0.7993	0.8394	0.6959	0.7079	0.7415	0.3815	0.2638	0.2642	0.3019	0.3116	0.3033	0.3093	0.3406	0.3647	0.3756	0.4267	0.4762	0.6879	1.0000	0.9783	0.8663	0.7910	0.7417	0.6652	0.6889	0.6585	0.5995	0.6302	0.6390	0.6119	0.5288
0.0121	0.0451	0.0470	0.0430	0.0619	0.0664	0.0773	0.0802	0.0865	0.1042	0.1122	0.1171	0.1293	0.1327	0.1666	0.2091	0.3010	0.4613	0.5860	0.6468	0.6570	0.6475	0.7196	0.7453	0.6040	0.4702	0.4272	0.4285	0.4013	0.4423	0.4674	0.4291	0.4415	0.4716	0.3690	0.3490	0.3273	0.3474	0.3646	0.3817	0.3046	0.3397	0.3429	0.2456	0.2542	0.2659	0.2502	0.2691	0.2849	0.2802	0.2979	0.3152	0.3283	0.3561	0.3940	0.5195	0.8597	0.9625	0.8817	0.8484	0.7779	0.7198	0.7255	0.6632	0.6445	0.6713	0.6477	0.6489	0.4639
0.0067	0.0265	0.0451	0.0349	0.0601	0.0540	0.0623	0.0646	0.0618	0.0853	0.0954	0.0918	0.1011	0.1059	0.1241	0.1331	0.1506	0.1617	0.1996	0.2323	0.2786	0.3137	0.3417	0.3482	0.2624	0.2064	0.2098	0.1999	0.2146	0.2218	0.2086	0.2300	0.2230	0.2258	0.2290	0.2117	0.2092	0.2409	0.2253	0.2156	0.2030	0.2203	0.2362	0.2249	0.2211	0.2288	0.2232	0.2424	0.2554	0.2701	0.2722	0.2847	0.3092	0.3231	0.3656	0.4006	0.4773	0.8013	0.9270	0.8544	0.7847	0.7572	0.7006	0.6799	0.6559	0.6927	0.6372	0.5135	0.4329
0.0148	0.0225	0.0358	0.0329	0.0630	0.0671	0.0601	0.0767	0.0732	0.0800	0.0773	0.0688	0.0816	0.0789	0.0890	0.1030	0.1083	0.1311	0.1278	0.1272	0.1156	0.1180	0.1446	0.1495	0.1429	0.1511	0.1381	0.1390	0.1547	0.1611	0.1564	0.1750	0.1781	0.1712	0.1835	0.1808	0.1733	0.1862	0.1819	0.1842	0.1741	0.1828	0.1937	0.1995	0.1992	0.1914	0.2031	0.2189	0.2248	0.2335	0.2453	0.2623	0.2846	0.2934	0.3415	0.3668	0.4648	0.8393	0.9497	0.8985	0.8777	0.8205	0.7553	0.7250	0.7000	0.6764	0.4780	0.3735	0.4724
0.0191	0.0299	0.0359	0.0214	0.0400	0.0504	0.0594	0.0685	0.0638	0.0611	0.0670	0.0779	0.0815	0.0749	0.0798	0.0997	0.0982	0.1117	0.1232	0.1163	0.1013	0.1113	0.1128	0.1217	0.1194	0.1345	0.1172	0.1166	0.1282	0.1224	0.1086	0.1204	0.1243	0.1255	0.1315	0.1373	0.1381	0.1376	0.1404	0.1484	0.1489	0.1484	0.1646	0.1809	0.1783	0.1647	0.1801	0.1874	0.1857	0.2005	0.2114	0.2262	0.2475	0.2647	0.2975	0.3386	0.4147	0.7783	0.9114	0.8773	0.8315	0.7579	0.7810	0.7177	0.5990	0.4243	0.3302	0.3690	0.5622
0.0228	0.0128	0.0208	0.0298	0.0536	0.0480	0.0311	0.0623	0.0431	0.0476	0.0590	0.0603	0.0714	0.0661	0.0748	0.0884	0.0831	0.0921	0.0927	0.0958	0.0957	0.1073	0.0952	0.0822	0.0957	0.1052	0.0996	0.1149	0.1189	0.1060	0.0998	0.1056	0.1054	0.0933	0.1144	0.1088	0.1103	0.1105	0.1046	0.1138	0.1086	0.1181	0.1211	0.1335	0.1323	0.1347	0.1388	0.1599	0.1609	0.1682	0.1798	0.1891	0.1993	0.2105	0.2269	0.2624	0.3082	0.4414	0.6683	0.7871	0.7785	0.5340	0.6211	0.6057	0.3615	0.3055	0.3235	0.4815	0.6014
0.0078	0.0029	0.0186	0.0290	0.0385	0.0546	0.0359	0.0307	0.0430	0.0523	0.0666	0.0549	0.0677	0.0653	0.0832	0.0663	0.0784	0.0863	0.0729	0.0796	0.0924	0.0768	0.0869	0.0764	0.0811	0.0917	0.0846	0.0910	0.0938	0.0959	0.0964	0.0952	0.0892	0.0803	0.0824	0.0854	0.0868	0.0920	0.0908	0.0885	0.0866	0.0876	0.0957	0.0949	0.1101	0.1116	0.1112	0.1150	0.1223	0.1297	0.1364	0.1570	0.1535	0.1625	0.1770	0.1881	0.2080	0.2306	0.2844	0.3805	0.3939	0.2890	0.2944	0.2952	0.2384	0.2525	0.2935	0.4651	0.4885
0.0122	0.0061	0.0227	0.0212	0.0216	0.0312	0.0582	0.0482	0.0437	0.0486	0.0558	0.0512	0.0623	0.0611	0.0696	0.0607	0.0757	0.0678	0.0768	0.0859	0.0972	0.0819	0.0808	0.0746	0.0851	0.0792	0.0765	0.0810	0.0900	0.0771	0.0803	0.0842	0.0940	0.0774	0.0770	0.0746	0.0754	0.0789	0.0870	0.0758	0.0750	0.0812	0.0948	0.0805	0.0938	0.0890	0.0924	0.0973	0.0952	0.0948	0.1011	0.1172	0.1170	0.1204	0.1332	0.1495	0.1674	0.1557	0.1880	0.2058	0.2180	0.2163	0.2109	0.2236	0.2058	0.2004	0.2188	0.2707	0.2790
0.0000	0.0000	0.0039	0.0011	0.0167	0.0104	0.0228	0.0375	0.0367	0.0456	0.0396	0.0394	0.0578	0.0482	0.0541	0.0508	0.0749	0.0668	0.0685	0.0803	0.0868	0.0822	0.0643	0.0737	0.0719	0.0806	0.0811	0.0871	0.0806	0.0782	0.0663	0.0707	0.0832	0.0913	0.0711	0.0711	0.0864	0.0860	0.0755	0.0738	0.0819	0.0822	0.0757	0.0750	0.0678	0.0760	0.0799	0.0812	0.0877	0.0819	0.0903	0.0925	0.0849	0.0919	0.1120	0.1131	0.1236	0.1205	0.1495	0.1711	0.1851	0.1783	0.1742	0.1885	0.1876	0.1949	0.1987	0.1871	0.1939
0.0000	0.0000	0.0002	0.0124	0.0216	0.0177	0.0192	0.0187	0.0483	0.0399	0.0398	0.0527	0.0483	0.0370	0.0492	0.0523	0.0582	0.0665	0.0619	0.0611	0.0707	0.0803	0.0751	0.0737	0.0665	0.0711	0.0726	0.0823	0.0683	0.0685	0.0669	0.0708	0.0707	0.0802	0.0719	0.0660	0.0824	0.0774	0.0740	0.0654	0.0749	0.0694	0.0657	0.0699	0.0712	0.0688	0.0683	0.0699	0.0725	0.0733	0.0815	0.0727	0.0687	0.0833	0.0917	0.0778	0.0873	0.0978	0.1042	0.1286	0.1282	0.1359	0.1460	0.1456	0.1428	0.1538	0.1486	0.1552	0.1552
0.0000	0.0000	0.0045	0.0065	0.0031	0.0000	0.0128	0.0249	0.0323	0.0394	0.0319	0.0367	0.0336	0.0344	0.0505	0.0556	0.0501	0.0472	0.0501	0.0596	0.0572	0.0648	0.0587	0.0602	0.0663	0.0548	0.0562	0.0676	0.0678	0.0614	0.0665	0.0658	0.0649	0.0677	0.0574	0.0680	0.0610	0.0637	0.0687	0.0586	0.0604	0.0573	0.0714	0.0684	0.0671	0.0628	0.0679	0.0684	0.0635	0.0645	0.0665	0.0645	0.0713	0.0733	0.0732	0.0789	0.0714	0.0748	0.0828	0.0965	0.0997	0.0998	0.0936	0.1078	0.1131	0.1007	0.1012	0.1095	0.1223
0.0000	0.0000	0.0000	0.0064	0.0000	0.0004	0.0141	0.0349	0.0215	0.0101	0.0228	0.0394	0.0277	0.0386	0.0407	0.0458	0.0387	0.0297	0.0449	0.0592	0.0501	0.0514	0.0363	0.0551	0.0533	0.0466	0.0480	0.0499	0.0585	0.0604	0.0575	0.0529	0.0560	0.0593	0.0625	0.0572	0.0489	0.0538	0.0642	0.0524	0.0569	0.0555	0.0685	0.0617	0.0605	0.0640	0.0624	0.0614	0.0517	0.0539	0.0697	0.0708	0.0713	0.0620	0.0696	0.0803	0.0722	0.0678	0.0791	0.0866	0.0870	0.0745	0.0780	0.0807	0.0827	0.0772	0.0842	0.0872	0.0984
0.0000	0.0000	0.0001	0.0099	0.0015	0.0155	0.0171	0.0082	0.0056	0.0108	0.0181	0.0443	0.0448	0.0297	0.0253	0.0454	0.0421	0.0427	0.0522	0.0494	0.0351	0.0376	0.0351	0.0391	0.0475	0.0507	0.0574	0.0445	0.0456	0.0592	0.0556	0.0491	0.0625	0.0654	0.0597	0.0486	0.0528	0.0504	0.0584	0.0520	0.0622	0.0513	0.0597	0.0555	0.0540	0.0568	0.0596	0.0656	0.0582	0.0537	0.0665	0.0666	0.0614	0.0605	0.0672	0.0693	0.0645	0.0579	0.0720	0.0755	0.0799	0.0745	0.0785	0.0715	0.0622	0.0621	0.0719	0.0748	0.0825
0.0000	0.0000	0.0000	0.0005	0.0000	0.0000	0.0034	0.0081	0.0195	0.0258	0.0334	0.0460	0.0485	0.0375	0.0288	0.0354	0.0491	0.0430	0.0609	0.0421	0.0382	0.0431	0.0439	0.0435	0.0435	0.0539	0.0443	0.0523	0.0491	0.0544	0.0524	0.0465	0.0526	0.0570	0.0531	0.0504	0.0449	0.0507	0.0554	0.0502	0.0577	0.0570	0.0640	0.0512	0.0430	0.0521	0.0575	0.0586	0.0544	0.0529	0.0566	0.0531	0.0540	0.0623	0.0627	0.0612	0.0588	0.0639	0.0658	0.0605	0.0631	0.0519	0.0609	0.0761	0.0592	0.0534	0.0539	0.0596	0.0567
0.0000	0.0000	0.0000	0.0000	0.0000	0.0000	0.0000	0.0166	0.0142	0.0210	0.0196	0.0241	0.0158	0.0320	0.0296	0.0284	0.0348	0.0318	0.0349	0.0344	0.0408	0.0493	0.0439	0.0436	0.0441	0.0437	0.0412	0.0480	0.0500	0.0507	0.0456	0.0497	0.0417	0.0515	0.0466	0.0441	0.0432	0.0458	0.0515	0.0476	0.0486	0.0496	0.0568	0.0546	0.0448	0.0498	0.0512	0.0533	0.0568	0.0485	0.0488	0.0467	0.0533	0.0539	0.0515	0.0591	0.0486	0.0486	0.0544	0.0606	0.0644	0.0576	0.0486	0.0513	0.0535	0.0521	0.0522	0.0530	0.0568
0.0000	0.0000	0.0000	0.0000	0.0025	0.0000	0.0029	0.0302	0.0000	0.0000	0.0205	0.0225	0.0293	0.0257	0.0383	0.0287	0.0261	0.0423	0.0279	0.0254	0.0347	0.0540	0.0280	0.0344	0.0447	0.0391	0.0366	0.0500	0.0472	0.0543	0.0647	0.0379	0.0521	0.0439	0.0470	0.0454	0.0458	0.0531	0.0453	0.0518	0.0475	0.0523	0.0509	0.0517	0.0591	0.0481	0.0485	0.0601	0.0530	0.0467	0.0472	0.0640	0.0575	0.0416	0.0480	0.0657	0.0487	0.0584	0.0564	0.0716	0.0662	0.0681	0.0655	0.0557	0.0639	0.0697	0.0792	0.0722	0.0570
