0.0000	0.0000	0.0126	0.0041	0.0000	0.0000	0.0201	0.0296	0.0285	0.0155	0.0140	0.0140	0.0165	0.0200	0.0289	0.0523	0.0397	0.0448	0.0343	0.0420	0.0513	0.0438	0.0451	0.0656	0.0616	0.0722	0.0783	0.0663	0.0622	0.0662	0.0584	0.0616	0.0598	0.0712	0.0750	0.0763	0.0769	0.0718	0.0605	0.0629	0.0650	0.0677	0.0689	0.0861	0.0608	0.0749	0.0864	0.0853	0.0933	0.0973	0.0965	0.0706	0.0880	0.0795	0.0847	0.0738	0.0865	0.0738	0.0901	0.0650	0.0695	0.0769	0.0631	0.0730	0.0632	0.0713	0.0624	0.0619	0.0533
0.0000	0.0000	0.0032	0.0070	0.0000	0.0084	0.0208	0.0356	0.0242	0.0194	0.0233	0.0304	0.0321	0.0260	0.0393	0.0692	0.0561	0.0499	0.0380	0.0438	0.0676	0.0580	0.0473	0.0711	0.0651	0.0611	0.0734	0.0639	0.0699	0.0671	0.0692	0.0643	0.0663	0.0890	0.0912	0.0918	0.0894	0.0797	0.0828	0.0714	0.0737	0.0725	0.0691	0.0779	0.0779	0.0718	0.0720	0.0937	0.1025	0.0904	0.1103	0.1111	0.0928	0.0960	0.0977	0.0868	0.1048	0.1043	0.0983	0.0938	0.0946	0.0589	0.0610	0.0716	0.0820	0.0680	0.0606	0.0774	0.0688
0.0000	0.0000	0.0000	0.0009	0.0132	0.0066	0.0177	0.0257	0.0348	0.0361	0.0330	0.0380	0.0590	0.0504	0.0440	0.0482	0.0428	0.0436	0.0476	0.0625	0.0639	0.0690	0.0582	0.0786	0.0915	0.0778	0.0810	0.0758	0.0841	0.0945	0.0946	0.0769	0.0707	0.0811	0.0847	0.0656	0.0843	0.0821	0.0931	0.0755	0.0781	0.0725	0.0707	0.0747	0.0842	0.1052	0.0974	0.1006	0.0955	0.0785	0.1060	0.1345	0.1223	0.1165	0.1122	0.1078	0.1129	0.1090	0.1052	0.0994	0.1004	0.0889	0.0892	0.0805	0.0855	0.0853	0.0865	0.0883	0.0937
0.0000	0.0000	0.0000	0.0000	0.0087	0.0134	0.0280	0.0348	0.0185	0.0419	0.0471	0.0474	0.0448	0.0412	0.0408	0.0394	0.0536	0.0788	0.0566	0.0587	0.0825	0.0661	0.0718	0.0894	0.0808	0.0813	0.0928	0.0798	0.0788	0.0916	0.0666	0.0713	0.0782	0.0799	0.0824	0.0862	0.0844	0.0736	0.0866	0.0784	0.0699	0.0868	0.0831	0.0767	0.0807	0.1018	0.0961	0.1026	0.0890	0.0880	0.1253	0.1198	0.1143	0.1446	0.1499	0.1257	0.1317	0.1211	0.1145	0.1124	0.1148	0.1314	0.1301	0.1106	0.1153	0.1093	0.1153	0.1125	0.1248
0.0000	0.0000	0.0086	0.0124	0.0187	0.0098	0.0154	0.0254	0.0224	0.0182	0.0275	0.0481	0.0657	0.0478	0.0391	0.0480	0.0598	0.0556	0.0653	0.0691	0.0778	0.0739	0.0829	0.0831	0.0779	0.0728	0.0822	0.0673	0.0826	0.0827	0.0802	0.0831	0.0998	0.0961	0.0954	0.0915	0.0895	0.0813	0.0879	0.0772	0.0692	0.0805	0.0891	0.0785	0.1009	0.1060	0.0993	0.0955	0.0952	0.1084	0.1213	0.1183	0.1274	0.1460	0.1538	0.1506	0.1395	0.1237	0.1198	0.1360	0.1461	0.1339	0.1515	0.1674	0.1721	0.1510	0.1847	0.2102	0.1824
0.0000	0.0000	0.0000	0.0204	0.0290	0.0282	0.0200	0.0403	0.0313	0.0316	0.0332	0.0601	0.0547	0.0651	0.0571	0.0584	0.0582	0.0624	0.0711	0.0815	0.0983	0.0941	0.0850	0.0822	0.0923	0.0925	0.0918	0.0808	0.1019	0.0895	0.0969	0.0896	0.0967	0.1072	0.1031	0.0921	0.0932	0.1010	0.0963	0.0941	0.0963	0.0979	0.1099	0.0888	0.0977	0.1025	0.1088	0.1145	0.1217	0.1219	0.1178	0.1242	0.1607	0.1760	0.1701	0.1749	0.1555	0.1464	0.1625	0.1679	0.1806	0.2053	0.2408	0.2888	0.3115	0.2275	0.2457	0.2841	0.2491
0.0000	0.0022	0.0073	0.0152	0.0191	0.0154	0.0216	0.0246	0.0288	0.0490	0.0518	0.0610	0.0582	0.0525	0.0550	0.0696	0.0807	0.0800	0.0780	0.0807	0.0995	0.1037	0.0886	0.0789	0.0968	0.1112	0.0894	0.0974	0.1021	0.0978	0.0929	0.0899	0.1092	0.1266	0.1005	0.1016	0.1150	0.1108	0.1077	0.0934	0.0863	0.1041	0.1086	0.1074	0.1049	0.1153	0.1090	0.1224	0.1252	0.1445	0.1563	0.1684	0.1908	0.2071	0.2022	0.2431	0.2376	0.2264	0.2983	0.2975	0.2268	0.3191	0.4011	0.3829	0.3577	0.3236	0.2917	0.2931	0.2721
0.0001	0.0041	0.0307	0.0235	0.0088	0.0096	0.0280	0.0410	0.0386	0.0479	0.0440	0.0562	0.0646	0.0638	0.0524	0.0782	0.0735	0.0703	0.0738	0.0712	0.0865	0.1062	0.1065	0.0945	0.1085	0.1120	0.0994	0.0970	0.0984	0.1004	0.0883	0.0996	0.1081	0.1088	0.1146	0.1113	0.1180	0.1098	0.1149	0.1045	0.0991	0.1057	0.1050	0.1189	0.1100	0.1436	0.1365	0.1578	0.1482	0.1737	0.1999	0.2024	0.2293	0.2231	0.2446	0.3196	0.3353	0.3673	0.4526	0.4421	0.3662	0.3967	0.4388	0.3771	0.3580	0.3196	0.2979	0.2904	0.2868
0.0066	0.0000	0.0281	0.0230	0.0256	0.0187	0.0409	0.0475	0.0652	0.0491	0.0542	0.0548	0.0733	0.0883	0.0784	0.0641	0.0652	0.0810	0.0978	0.1118	0.1058	0.1006	0.1013	0.0785	0.1132	0.1222	0.1089	0.1158	0.1143	0.1046	0.1048	0.1065	0.1263	0.1309	0.1075	0.1179	0.1242	0.1239	0.1150	0.1249	0.1293	0.1215	0.1384	0.1386	0.1472	0.1709	0.1665	0.1692	0.1979	0.2224	0.2431	0.2743	0.3123	0.3898	0.4312	0.4988	0.5196	0.4765	0.5077	0.4807	0.4547	0.4194	0.4146	0.4079	0.3557	0.3209	0.2998	0.3111	0.2845
0.0190	0.0097	0.0103	0.0276	0.0288	0.0351	0.0533	0.0435	0.0686	0.0590	0.0653	0.0792	0.0784	0.0909	0.0995	0.0962	0.0879	0.0944	0.1083	0.1261	0.1095	0.1047	0.1074	0.0952	0.1243	0.1464	0.1169	0.1114	0.1157	0.1012	0.1090	0.1264	0.1158	0.1575	0.1488	0.1452	0.1507	0.1674	0.1557	0.1432	0.1506	0.1586	0.1469	0.1661	0.1763	0.2056	0.2151	0.2132	0.2438	0.2693	0.2987	0.3530	0.4414	0.5954	0.6357	0.5591	0.5682	0.5749	0.5421	0.4946	0.4675	0.4321	0.4448	0.4100	0.3484	0.3137	0.3192	0.3277	0.3054
0.0000	0.0023	0.0149	0.0295	0.0324	0.0370	0.0503	0.0623	0.0742	0.0559	0.0556	0.0699	0.0753	0.0919	0.0908	0.1132	0.1068	0.1133	0.0997	0.1157	0.1330	0.1214	0.1047	0.1015	0.1379	0.1488	0.1385	0.1339	0.1316	0.1342	0.1263	0.1532	0.1374	0.1643	0.1882	0.1739	0.1696	0.1792	0.1836	0.1545	0.1752	0.1794	0.1862	0.1950	0.2062	0.2291	0.2479	0.2609	0.3026	0.3124	0.3696	0.4455	0.5759	0.6490	0.6055	0.6022	0.5757	0.5652	0.5228	0.5197	0.4762	0.4100	0.4130	0.3815	0.3581	0.3319	0.3203	0.3089	0.2940
0.0000	0.0005	0.0262	0.0421	0.0353	0.0410	0.0449	0.0612	0.0750	0.0633	0.0789	0.1025	0.0854	0.0871	0.1049	0.1195	0.1163	0.1171	0.1101	0.1155	0.1369	0.1469	0.1363	0.1381	0.1719	0.1644	0.1714	0.1538	0.1634	0.1720	0.1665	0.1811	0.1730	0.1841	0.1834	0.1949	0.1978	0.2009	0.2097	0.2029	0.1782	0.1824	0.1939	0.2050	0.2276	0.2552	0.2671	0.2913	0.3063	0.3668	0.3997	0.4342	0.5936	0.7083	0.6570	0.6326	0.6194	0.5458	0.4903	0.5059	0.4640	0.4329	0.4135	0.3965	0.3693	0.2986	0.2783	0.2850	0.2882
0.0223	0.0254	0.0321	0.0439	0.0596	0.0506	0.0439	0.0738	0.0802	0.0681	0.0841	0.1360	0.1239	0.1208	0.1123	0.1424	0.1632	0.1751	0.1597	0.1822	0.1801	0.1812	0.1942	0.1898	0.2118	0.2113	0.2005	0.1908	0.2026	0.2007	0.2085	0.2007	0.2035	0.2176	0.2346	0.2171	0.2254	0.2289	0.2398	0.2366	0.2272	0.2209	0.2322	0.2536	0.2606	0.2902	0.3130	0.3410	0.3840	0.4958	0.5536	0.5222	0.5533	0.6582	0.6672	0.6350	0.5941	0.5000	0.4893	0.4859	0.4448	0.4527	0.4223	0.4172	0.3781	0.2990	0.2922	0.3109	0.3000
0.0205	0.0336	0.0506	0.0352	0.0511	0.0554	0.0716	0.0694	0.0736	0.0779	0.1252	0.1515	0.1486	0.1426	0.1490	0.1682	0.2076	0.2582	0.2814	0.3136	0.3588	0.3617	0.3604	0.3134	0.3106	0.3132	0.3489	0.3772	0.3010	0.2693	0.2446	0.2518	0.2659	0.2645	0.2742	0.2654	0.2566	0.2648	0.2684	0.2461	0.2535	0.2511	0.2803	0.2891	0.3012	0.3306	0.3681	0.4037	0.4977	0.6931	0.7829	0.7274	0.6581	0.6453	0.6436	0.5945	0.5617	0.5135	0.4803	0.4488	0.4207	0.4016	0.4257	0.3926	0.3510	0.3129	0.3103	0.2780	0.2587
0.0184	0.0254	0.0410	0.0537	0.0610	0.0519	0.0809	0.0952	0.1061	0.1255	0.1596	0.1728	0.1855	0.2033	0.2398	0.2775	0.3675	0.4558	0.5505	0.5458	0.6273	0.6609	0.6281	0.6362	0.5749	0.5627	0.5701	0.5993	0.5533	0.4355	0.3537	0.3820	0.3680	0.3767	0.3279	0.3243	0.3100	0.3043	0.2900	0.2761	0.2717	0.2810	0.3033	0.3114	0.3524	0.3722	0.4299	0.5629	0.7557	0.7692	0.7190	0.6892	0.6426	0.5664	0.5942	0.5801	0.5476	0.4769	0.4541	0.4529	0.4199	0.4133	0.4080	0.3794	0.3510	0.3122	0.3175	0.2899	0.2675
0.0261	0.0191	0.0373	0.0476	0.0817	0.1009	0.1074	0.1281	0.1563	0.1722	0.2087	0.2567	0.3075	0.3648	0.4657	0.5490	0.7136	0.7027	0.6862	0.6834	0.6720	0.6690	0.6483	0.6448	0.6275	0.6434	0.6127	0.6633	0.6973	0.6068	0.5997	0.6499	0.6168	0.6102	0.5202	0.5046	0.4844	0.3836	0.3104	0.2914	0.2911	0.3163	0.3326	0.3643	0.3972	0.4460	0.5699	0.7733	0.7838	0.7057	0.6719	0.7249	0.6590	0.5813	0.5510	0.5767	0.5191	0.4705	0.4476	0.4639	0.4201	0.3805	0.4000	0.3912	0.3187	0.2936	0.2946	0.2952	0.2742
0.0456	0.0619	0.0711	0.1100	0.1288	0.1740	0.1963	0.2302	0.2975	0.3278	0.4213	0.4955	0.6417	0.6201	0.6828	0.6837	0.6670	0.6744	0.6412	0.6734	0.6665	0.6403	0.6344	0.6400	0.6369	0.5907	0.6284	0.6457	0.6298	0.6554	0.7093	0.7447	0.7632	0.8118	0.7913	0.7042	0.6853	0.5410	0.4027	0.3395	0.3089	0.3109	0.3592	0.4039	0.4351	0.5355	0.7495	0.7933	0.6682	0.6854	0.6644	0.6953	0.6330	0.6313	0.5699	0.5019	0.4859	0.4520	0.4429	0.4461	0.4050	0.3761	0.3604	0.3594	0.3283	0.2709	0.2851	0.2759	0.2717
0.0672	0.0929	0.1504	0.1957	0.2512	0.3416	0.4476	0.5274	0.6440	0.5943	0.6618	0.6885	0.6682	0.6006	0.5935	0.5924	0.5405	0.5525	0.5965	0.6110	0.6182	0.6165	0.5849	0.5889	0.5998	0.6173	0.6166	0.6018	0.5909	0.6413	0.7008	0.7260	0.7151	0.7340	0.7268	0.7157	0.7169	0.6556	0.5636	0.4261	0.3388	0.3519	0.3944	0.4329	0.4820	0.6593	0.8032	0.7190	0.6477	0.6547	0.6265	0.6693	0.6244	0.5916	0.5468	0.5097	0.4337	0.4411	0.4501	0.4282	0.3717	0.3824	0.3620	0.3488	0.3252	0.2793	0.2703	0.2634	0.2598
0.1144	0.1669	0.2935	0.4048	0.5099	0.6173	0.6750	0.6766	0.6954	0.5951	0.6217	0.6194	0.5798	0.5013	0.4610	0.4877	0.5326	0.5618	0.5987	0.5661	0.5663	0.5899	0.5882	0.5522	0.5606	0.5828	0.6481	0.5847	0.6106	0.6597	0.6406	0.6625	0.6981	0.7331	0.7478	0.7097	0.6654	0.6749	0.6592	0.5322	0.3827	0.3700	0.4091	0.4409	0.5894	0.7997	0.7402	0.6709	0.6317	0.6549	0.6255	0.6232	0.5835	0.5578	0.5258	0.4434	0.4067	0.4086	0.4076	0.3960	0.3893	0.3418	0.3481	0.3254	0.3200	0.2907	0.2770	0.2622	0.2662
0.1777	0.3034	0.3979	0.4716	0.4891	0.5291	0.5342	0.4965	0.5498	0.5168	0.4457	0.4376	0.4673	0.4666	0.4175	0.4717	0.5261	0.5885	0.5884	0.5715	0.5858	0.6035	0.5500	0.5881	0.5608	0.5370	0.6339	0.6414	0.6182	0.6710	0.6573	0.6805	0.6956	0.6935	0.7115	0.7313	0.7087	0.7039	0.6966	0.6656	0.4513	0.4196	0.4432	0.4670	0.6955	0.7825	0.7009	0.6918	0.6301	0.6101	0.5983	0.5843	0.5314	0.5639	0.5159	0.4589	0.4306	0.3943	0.3685	0.3627	0.3608	0.3369	0.3452	0.3242	0.3112	0.3128	0.3047	0.2728	0.2622
0.1959	0.2704	0.2885	0.2929	0.3381	0.3518	0.3934	0.3694	0.3371	0.3778	0.3807	0.3526	0.4439	0.4575	0.4030	0.5095	0.5332	0.6162	0.5853	0.5775	0.5868	0.5893	0.5627	0.5884	0.5542	0.5719	0.5787	0.6335	0.6485	0.6147	0.6573	0.6837	0.6800	0.7196	0.6928	0.7014	0.7054	0.7254	0.6926	0.7347	0.6556	0.4367	0.4254	0.5509	0.7202	0.7158	0.6840	0.6454	0.6081	0.5593	0.5493	0.5351	0.4897	0.5049	0.4650	0.4424	0.4257	0.3882	0.3749	0.3620	0.3617	0.3530	0.3223	0.3318	0.3249	0.3034	0.2854	0.2591	0.2606
0.1792	0.2275	0.2654	0.2755	0.2939	0.3000	0.3206	0.3332	0.3190	0.3524	0.3582	0.3700	0.4042	0.4296	0.4166	0.5036	0.6118	0.6259	0.6133	0.6195	0.5866	0.5873	0.5870	0.5605	0.5624	0.5670	0.5860	0.5948	0.6173	0.6153	0.6389	0.6508	0.6611	0.6745	0.6898	0.6894	0.6657	0.7390	0.7362	0.7540	0.7389	0.4934	0.4617	0.6228	0.7583	0.7296	0.6463	0.6224	0.5540	0.5297	0.5524	0.5164	0.4763	0.4915	0.4452	0.4812	0.4467	0.4081	0.3779	0.3718	0.3640	0.3488	0.3229	0.3270	0.3092	0.2830	0.2732	0.2507	0.2609
0.1742	0.1945	0.2459	0.2620	0.2647	0.2811	0.3088	0.3417	0.3226	0.3152	0.3457	0.3771	0.3630	0.4224	0.4717	0.5296	0.5932	0.6071	0.5977	0.5888	0.6173	0.6226	0.5747	0.5823	0.5819	0.5431	0.5811	0.5988	0.6115	0.6171	0.6304	0.6137	0.6851	0.6769	0.6530	0.6643	0.6663	0.7402	0.7325	0.6855	0.7115	0.5284	0.4863	0.6628	0.8012	0.7216	0.6200	0.5734	0.5257	0.5040	0.4794	0.5194	0.5262	0.4722	0.4705	0.5026	0.4764	0.3917	0.3890	0.3999	0.3720	0.3760	0.3497	0.3341	0.3112	0.3232	0.2975	0.2581	0.2563
0.1707	0.2013	0.2126	0.2399	0.2571	0.2479	0.3012	0.2986	0.3053	0.3039	0.3352	0.3545	0.3747	0.3964	0.4437	0.4950	0.5578	0.6242	0.6380	0.5683	0.6202	0.6172	0.6086	0.5878	0.6452	0.5842	0.5724	0.6400	0.6251	0.6189	0.6351	0.6523	0.6710	0.6776	0.6657	0.6358	0.6974	0.7083	0.6872	0.6830	0.6606	0.5366	0.6068	0.7679	0.7238	0.6391	0.6163	0.5561	0.5191	0.4971	0.4657	0.4968	0.5253	0.4684	0.4668	0.4788	0.4746	0.4124	0.4128	0.4018	0.3844	0.3839	0.3574	0.3227	0.2912	0.3082	0.3006	0.2612	0.2663
0.1711	0.1999	0.2078	0.2271	0.2492	0.2564	0.3023	0.2705	0.3239	0.3509	0.3630	0.3541	0.3840	0.4242	0.4509	0.5091	0.5573	0.5809	0.5753	0.5860	0.5630	0.5796	0.6091	0.6198	0.6332	0.6197	0.5785	0.5986	0.6223	0.6509	0.6261	0.6557	0.6744	0.6756	0.6490	0.7180	0.7396	0.7057	0.6930	0.6464	0.5385	0.5558	0.6693	0.6994	0.6390	0.5973	0.5390	0.5249	0.5142	0.5038	0.4989	0.4687	0.4791	0.4797	0.4838	0.4662	0.4563	0.4301	0.4224	0.3974	0.4009	0.3698	0.3564	0.3303	0.3117	0.2865	0.2828	0.2664	0.2510
0.1772	0.1713	0.1929	0.2315	0.2327	0.2469	0.2747	0.3027	0.3208	0.3402	0.3459	0.3379	0.4054	0.4572	0.4717	0.5076	0.5719	0.5358	0.5651	0.5892	0.5794	0.5683	0.5685	0.5572	0.5738	0.5737	0.5951	0.6060	0.6129	0.6269	0.6670	0.6473	0.6533	0.6786	0.6943	0.7079	0.7085	0.7210	0.7418	0.6363	0.6379	0.6640	0.6945	0.6453	0.5935	0.5488	0.5261	0.5192	0.5274	0.5006	0.5283	0.5336	0.4841	0.5003	0.5181	0.4944	0.4608	0.4619	0.4464	0.4143	0.4052	0.3603	0.3517	0.3227	0.3168	0.2986	0.2851	0.2848	0.2487
0.1610	0.1747	0.2026	0.2450	0.2378	0.2567	0.2756	0.2896	0.3267	0.3217	0.3364	0.3503	0.4116	0.4583	0.4874	0.5034	0.5365	0.5124	0.6115	0.5881	0.5618	0.5578	0.5501	0.5927	0.5500	0.5477	0.5681	0.5669	0.5897	0.6093	0.6548	0.6679	0.6462	0.6480	0.6494	0.6844	0.6915	0.7335	0.7474	0.7172	0.7058	0.6518	0.6139	0.5704	0.5498	0.5397	0.4996	0.5056	0.5217	0.5213	0.5395	0.5500	0.4868	0.4942	0.5366	0.5200	0.4476	0.4058	0.4130	0.4280	0.3914	0.3689	0.3760	0.3544	0.3274	0.2991	0.2750	0.2637	0.2573
0.1484	0.1915	0.1884	0.2262	0.2008	0.2374	0.2846	0.3020	0.2910	0.3311	0.3506	0.3639	0.4194	0.4750	0.5012	0.5003	0.5059	0.5259	0.5569	0.6233	0.5919	0.5599	0.5467	0.5895	0.5948	0.5821	0.5671	0.5734	0.5919	0.6003	0.5954	0.6376	0.6216	0.6421	0.6318	0.6418	0.6454	0.6681	0.7014	0.6380	0.5922	0.5768	0.5650	0.5374	0.5236	0.5171	0.5178	0.5386	0.5565	0.5127	0.5519	0.5642	0.5739	0.5394	0.4797	0.4867	0.4882	0.4083	0.4071	0.4392	0.3965	0.3875	0.3752	0.3398	0.3220	0.3256	0.2847	0.2795	0.2943
0.1542	0.1937	0.1725	0.2199	0.2128	0.2293	0.2866	0.3059	0.2950	0.3273	0.3707	0.3837	0.4372	0.4857	0.5073	0.5158	0.5257	0.5750	0.6285	0.6084	0.6129	0.5474	0.5890	0.6158	0.6240	0.5733	0.5950	0.6286	0.6440	0.6150	0.6551	0.7132	0.6787	0.6465	0.6124	0.6208	0.6622	0.6605	0.5909	0.5668	0.5621	0.5618	0.5468	0.5315	0.5400	0.4978	0.5387	0.5406	0.5362	0.5248	0.5282	0.5068	0.5300	0.5129	0.5046	0.4932	0.4653	0.4251	0.4190	0.4127	0.3992	0.3834	0.3737	0.3601	0.3325	0.3090	0.2977	0.2857	0.2772
0.1654	0.1811	0.1766	0.2136	0.2064	0.2270	0.2744	0.3001	0.3131	0.3048	0.3565	0.3695	0.4151	0.4470	0.4943	0.5692	0.6166	0.6178	0.6255	0.6045	0.5971	0.5859	0.6017	0.6267	0.6080	0.5602	0.5781	0.6469	0.6484	0.6818	0.7294	0.7374	0.7765	0.7227	0.7278	0.7224	0.7232	0.7019	0.6084	0.5867	0.5869	0.5867	0.5248	0.5554	0.5413	0.5183	0.5469	0.5576	0.5107	0.5275	0.5471	0.5405	0.5075	0.4976	0.5112	0.5023	0.4370	0.4266	0.3990	0.4078	0.3870	0.3817	0.3750	0.3511	0.3502	0.3078	0.2939	0.3103	0.2791
0.1529	0.1483	0.1911	0.2091	0.2301	0.2571	0.2955	0.3232	0.3536	0.3676	0.3629	0.4024	0.4205	0.4289	0.4759	0.5511	0.6386	0.6589	0.6243	0.6583	0.6361	0.6533	0.6407	0.6341	0.6776	0.6107	0.5445	0.6013	0.6365	0.6493	0.7099	0.7341	0.7932	0.7743	0.8271	0.8455	0.7845	0.6991	0.6944	0.6737	0.5532	0.5814	0.5457	0.5402	0.5203	0.5151	0.5418	0.5793	0.5680	0.5687	0.5810	0.5513	0.5517	0.5128	0.4743	0.4579	0.4333	0.4458	0.4330	0.4354	0.3775	0.3862	0.3656	0.3254	0.3631	0.3237	0.2837	0.2958	0.2758
0.1438	0.1352	0.1685	0.2087	0.2047	0.2541	0.3003	0.3060	0.3457	0.3711	0.3819	0.3923	0.4400	0.4482	0.5079	0.5768	0.6123	0.5782	0.6343	0.6405	0.6442	0.6388	0.6074	0.6457	0.6543	0.6481	0.6141	0.6508	0.6650	0.6488	0.6834	0.7195	0.7367	0.7394	0.8327	0.8522	0.8107	0.6647	0.6459	0.7429	0.6544	0.5775	0.5749	0.5545	0.5509	0.5443	0.5328	0.5734	0.5523	0.5770	0.6052	0.5471	0.5237	0.5480	0.5080	0.4672	0.4545	0.4589	0.4299	0.4096	0.4122	0.3920	0.4019	0.3761	0.3409	0.3115	0.2958	0.2976	0.3083
0.1280	0.1543	0.1506	0.1949	0.2075	0.2672	0.3206	0.3212	0.3435	0.3921	0.4154	0.4168	0.4510	0.4928	0.5298	0.5713	0.6348	0.6130	0.6487	0.6181	0.6100	0.6317	0.6348	0.6406	0.6687	0.6609	0.6517	0.6655	0.6615	0.6454	0.6846	0.7307	0.7073	0.7300	0.7708	0.8115	0.8412	0.7869	0.7082	0.7228	0.7736	0.6767	0.5905	0.5769	0.5619	0.5170	0.5496	0.5655	0.5872	0.5771	0.5774	0.5564	0.5768	0.5513	0.5071	0.4969	0.4707	0.4534	0.4057	0.4270	0.3993	0.3880	0.3932	0.3554	0.3331	0.3150	0.3079	0.3102	0.2943
0.1068	0.1503	0.1617	0.1804	0.2138	0.2407	0.3111	0.3788	0.3989	0.4358	0.4274	0.4133	0.4577	0.5189	0.5454	0.6091	0.6366	0.6066	0.5983	0.6579	0.6542	0.6055	0.6091	0.6393	0.6601	0.6262	0.6092	0.6603	0.6556	0.6888	0.7109	0.6843	0.6943	0.7643	0.7532	0.8200	0.8052	0.7928	0.8267	0.6904	0.7517	0.7966	0.7275	0.6493	0.5499	0.5459	0.5625	0.5456	0.5822	0.6250	0.5878	0.5480	0.5458	0.5307	0.5268	0.5202	0.4763	0.4519	0.4462	0.4188	0.4059	0.4007	0.3605	0.3677	0.3530	0.3421	0.3299	0.3336	0.2995
0.0964	0.1267	0.1597	0.1848	0.2418	0.2539	0.3180	0.3794	0.3897	0.3795	0.3883	0.4417	0.4663	0.5240	0.5644	0.6199	0.6282	0.6068	0.6048	0.6385	0.6416	0.6038	0.6406	0.6366	0.6940	0.6697	0.6609	0.6596	0.6343	0.6542	0.6694	0.7049	0.7152	0.7278	0.7751	0.8180	0.7671	0.7686	0.8774	0.7647	0.6113	0.7610	0.8468	0.7461	0.6391	0.5893	0.5464	0.5779	0.5281	0.6085	0.5820	0.5842	0.5840	0.5980	0.5629	0.5042	0.4580	0.4523	0.4373	0.4458	0.4338	0.4038	0.3997	0.3825	0.3604	0.3578	0.3417	0.3245	0.2974
0.1155	0.1270	0.1700	0.2216	0.2425	0.2850	0.3403	0.3380	0.3708	0.3944	0.4216	0.4606	0.4571	0.5091	0.5487	0.5963	0.6190	0.6132	0.6216	0.6360	0.6166	0.6432	0.6349	0.6424	0.6663	0.6706	0.6497	0.6459	0.6448	0.6456	0.6600	0.6720	0.7335	0.7338	0.7537	0.7810	0.7962	0.7708	0.7772	0.7822	0.5520	0.5847	0.8716	0.8592	0.7423	0.6528	0.6393	0.6167	0.5656	0.5890	0.6046	0.5902	0.5639	0.5751	0.5403	0.5076	0.4758	0.4592	0.4282	0.4382	0.4237	0.4060	0.4243	0.3841	0.3592	0.3500	0.3638	0.3371	0.3179
0.1077	0.1476	0.2105	0.2693	0.2794	0.3258	0.3198	0.3521	0.3689	0.4048	0.4124	0.4552	0.4822	0.5018	0.5075	0.5555	0.5764	0.6364	0.6711	0.6742	0.6649	0.6780	0.6352	0.6374	0.6005	0.6577	0.6570	0.6723	0.7038	0.6849	0.6659	0.6908	0.7115	0.7675	0.7689	0.7942	0.8007	0.7852	0.7579	0.7545	0.5310	0.4696	0.6467	0.9062	0.8768	0.7466	0.6840	0.6318	0.6320	0.6411	0.6245	0.5963	0.5805	0.5663	0.5548	0.5368	0.5159	0.4759	0.4640	0.4248	0.3979	0.4102	0.4242	0.3710	0.3778	0.3674	0.3625	0.3481	0.3291
0.1364	0.2029	0.2576	0.3071	0.3401	0.3263	0.3397	0.3682	0.3692	0.3962	0.4122	0.4514	0.4919	0.4849	0.5233	0.5290	0.5774	0.6824	0.7178	0.7044	0.7061	0.7315	0.6742	0.6153	0.6058	0.6983	0.6821	0.6947	0.7212	0.6745	0.6994	0.7290	0.7032	0.7473	0.7901	0.7787	0.7987	0.7871	0.7833	0.6551	0.4316	0.4230	0.4888	0.7131	0.9619	0.9028	0.7954	0.7402	0.6779	0.6644	0.6248	0.6620	0.6293	0.6453	0.5913	0.5707	0.5367	0.4998	0.4843	0.4395	0.4406	0.4458	0.4367	0.3930	0.3920	0.3774	0.3661	0.3714	0.3543
0.1769	0.2536	0.3491	0.4811	0.5182	0.5195	0.4964	0.4901	0.4314	0.4241	0.4833	0.5005	0.4669	0.4715	0.5264	0.5335	0.6049	0.6261	0.6365	0.6735	0.6469	0.6599	0.6551	0.6384	0.6929	0.6696	0.7122	0.6723	0.6496	0.6981	0.7165	0.7323	0.7536	0.7775	0.8105	0.7837	0.7823	0.8077	0.7352	0.4448	0.3629	0.3899	0.4216	0.4785	0.6838	0.8390	0.8671	0.8363	0.7751	0.7437	0.6970	0.7107	0.7142	0.6688	0.6319	0.5982	0.5679	0.5428	0.4990	0.4946	0.4856	0.4706	0.4854	0.4674	0.4246	0.4189	0.3769	0.3634	0.3652
0.1247	0.2143	0.3606	0.5468	0.6430	0.7306	0.7590	0.7164	0.6549	0.6133	0.5516	0.5320	0.4859	0.5106	0.4982	0.5472	0.5965	0.6030	0.6225	0.6171	0.6106	0.6566	0.6908	0.7113	0.6902	0.6933	0.6830	0.6861	0.7045	0.7343	0.7592	0.7472	0.7528	0.7781	0.7844	0.7895	0.8045	0.7308	0.5710	0.3371	0.3162	0.3625	0.3890	0.4159	0.4592	0.5903	0.8659	0.9131	0.8262	0.7758	0.7616	0.7365	0.7570	0.7205	0.6826	0.6438	0.5929	0.5631	0.5860	0.5795	0.5314	0.5118	0.4958	0.4867	0.4523	0.4291	0.4083	0.4036	0.3785
0.0640	0.0988	0.1565	0.2584	0.3547	0.4550	0.5761	0.6284	0.7119	0.7519	0.7325	0.6749	0.6212	0.6247	0.5704	0.5703	0.5881	0.6032	0.6242	0.6567	0.6707	0.6789	0.7179	0.7340	0.7286	0.6889	0.6960	0.6951	0.7713	0.7718	0.7896	0.7843	0.7819	0.7652	0.8082	0.7927	0.6990	0.4732	0.3603	0.3213	0.3305	0.3411	0.3666	0.3903	0.4275	0.4832	0.7606	0.9779	0.9000	0.8334	0.7946	0.7923	0.7518	0.7472	0.7141	0.7045	0.6475	0.6206	0.6122	0.5832	0.5529	0.5386	0.5186	0.4852	0.4881	0.4536	0.4419	0.4266	0.3889
0.0256	0.0524	0.0838	0.1132	0.1377	0.1689	0.2219	0.2645	0.3484	0.4902	0.6194	0.6588	0.7513	0.7306	0.7353	0.6726	0.6503	0.6475	0.6298	0.6680	0.7263	0.7031	0.7233	0.7271	0.7423	0.6899	0.7041	0.7295	0.7677	0.7825	0.7918	0.7360	0.7249	0.7303	0.6588	0.5585	0.3699	0.3181	0.3000	0.3178	0.3186	0.3192	0.3464	0.3575	0.4136	0.4691	0.6454	0.9431	0.9260	0.8537	0.8722	0.8192	0.7971	0.7871	0.7413	0.7709	0.7404	0.6669	0.6239	0.6248	0.5989	0.5623	0.5267	0.5123	0.4812	0.4656	0.4574	0.4212	0.3984
0.0041	0.0361	0.0486	0.0671	0.0786	0.0875	0.1122	0.1260	0.1738	0.1795	0.2422	0.3314	0.4794	0.5958	0.6754	0.6941	0.7240	0.7301	0.7385	0.7238	0.7467	0.7248	0.7725	0.7681	0.7556	0.7529	0.6909	0.6478	0.6198	0.5443	0.4566	0.3761	0.3582	0.3795	0.3293	0.2791	0.2719	0.2892	0.2807	0.2900	0.3140	0.3157	0.3289	0.3482	0.3889	0.4355	0.5136	0.7858	0.9769	0.9190	0.8619	0.8557	0.8089	0.7867	0.7756	0.7449	0.7326	0.7662	0.6994	0.6618	0.6102	0.5604	0.5505	0.5258	0.4523	0.4672	0.4656	0.4234	0.4185
0.0076	0.0284	0.0416	0.0562	0.0533	0.0675	0.0634	0.0917	0.1171	0.1121	0.1164	0.1390	0.1716	0.2365	0.3418	0.4271	0.5496	0.6737	0.7282	0.7494	0.7120	0.7111	0.7406	0.7792	0.7025	0.6309	0.5181	0.4098	0.2961	0.2501	0.2402	0.2239	0.2175	0.2351	0.2223	0.2204	0.2365	0.2277	0.2422	0.2456	0.2587	0.2809	0.2963	0.3172	0.3549	0.4059	0.4594	0.6718	1.0000	0.9699	0.9036	0.8922	0.8170	0.7969	0.7497	0.6068	0.6490	0.7423	0.6968	0.6627	0.5910	0.5458	0.5695	0.5201	0.4651	0.4933	0.4433	0.4501	0.4425
0.0130	0.0179	0.0409	0.0432	0.0509	0.0682	0.0700	0.0710	0.0743	0.0956	0.1125	0.0992	0.1058	0.1336	0.1308	0.1547	0.2105	0.2693	0.3330	0.3765	0.3595	0.3997	0.4523	0.5337	0.4720	0.2888	0.2377	0.1874	0.2006	0.1871	0.1907	0.1980	0.2003	0.2105	0.2001	0.1973	0.1942	0.2050	0.2168	0.2085	0.2014	0.2229	0.2435	0.2611	0.2852	0.3171	0.3706	0.5325	0.8120	0.9228	0.8185	0.8622	0.8451	0.7669	0.7229	0.6708	0.5929	0.6861	0.7069	0.6634	0.6204	0.5681	0.5485	0.5229	0.4933	0.4961	0.4563	0.4612	0.4201
0.0230	0.0173	0.0319	0.0260	0.0416	0.0518	0.0816	0.0745	0.0761	0.0713	0.0770	0.0927	0.0815	0.1039	0.0925	0.1144	0.1182	0.1266	0.1378	0.1309	0.1400	0.1510	0.1635	0.1540	0.1660	0.1468	0.1336	0.1299	0.1438	0.1469	0.1561	0.1589	0.1671	0.1637	0.1718	0.1779	0.1765	0.1878	0.1886	0.1863	0.1867	0.2027	0.2067	0.2407	0.2606	0.2729	0.2970	0.3538	0.4339	0.5527	0.5332	0.6947	0.7786	0.7984	0.8796	0.8610	0.7794	0.7495	0.7075	0.6661	0.6522	0.6416	0.6217	0.5586	0.4955	0.4896	0.4563	0.4508	0.4421
0.0107	0.0265	0.0514	0.0352	0.0340	0.0538	0.0758	0.0550	0.0545	0.0728	0.0821	0.0721	0.0888	0.0823	0.0826	0.1002	0.0979	0.0932	0.1079	0.1102	0.1043	0.1085	0.1106	0.1198	0.1332	0.1160	0.1168	0.1082	0.1131	0.1187	0.1223	0.1175	0.1181	0.1191	0.1377	0.1445	0.1439	0.1460	0.1469	0.1503	0.1697	0.1854	0.2030	0.2394	0.2460	0.2631	0.2817	0.3120	0.3437	0.4002	0.4607	0.6129	0.8842	0.9245	0.8795	0.8893	0.8394	0.7860	0.6872	0.6499	0.6349	0.6060	0.6183	0.5794	0.5190	0.4860	0.4518	0.4755	0.4674
0.0060	0.0215	0.0297	0.0376	0.0348	0.0416	0.0581	0.0507	0.0458	0.0579	0.0623	0.0645	0.0683	0.0672	0.0738	0.0720	0.0852	0.0897	0.0807	0.0998	0.0858	0.0894	0.0940	0.1020	0.1171	0.1034	0.0879	0.0983	0.0938	0.1009	0.1008	0.0852	0.0997	0.1033	0.1091	0.1045	0.1124	0.1083	0.1119	0.1169	0.1331	0.1430	0.1590	0.1786	0.2046	0.2364	0.2593	0.2821	0.3233	0.3775	0.4758	0.6588	0.8987	0.9001	0.8890	0.9094	0.8768	0.7990	0.6728	0.6518	0.6199	0.5422	0.5231	0.5602	0.5215	0.4979	0.4625	0.4682	0.3650
0.0036	0.0032	0.0175	0.0237	0.0247	0.0379	0.0408	0.0374	0.0422	0.0442	0.0583	0.0670	0.0627	0.0676	0.0673	0.0698	0.0800	0.0753	0.0734	0.0818	0.0773	0.0771	0.0782	0.0802	0.0973	0.0797	0.0808	0.0824	0.0864	0.0895	0.0806	0.0837	0.0859	0.0801	0.0821	0.0762	0.0826	0.0842	0.0958	0.0935	0.1024	0.1101	0.1232	0.1375	0.1650	0.1856	0.2085	0.2472	0.3143	0.3762	0.6326	0.8723	0.8698	0.8346	0.8172	0.8462	0.8123	0.7709	0.7022	0.6959	0.5206	0.3672	0.3562	0.4561	0.5052	0.4678	0.4497	0.4256	0.3123
0.0000	0.0000	0.0214	0.0265	0.0225	0.0291	0.0246	0.0378	0.0414	0.0358	0.0457	0.0433	0.0584	0.0599	0.0545	0.0697	0.0690	0.0761	0.0828	0.0808	0.0857	0.0894	0.0741	0.0653	0.0780	0.0799	0.0736	0.0728	0.0886	0.0812	0.0756	0.0684	0.0813	0.0728	0.0701	0.0672	0.0669	0.0728	0.0807	0.0835	0.0822	0.0858	0.1020	0.0928	0.1121	0.1309	0.1526	0.1967	0.2542	0.3426	0.6939	0.9176	0.8547	0.8148	0.7906	0.8413	0.7845	0.6698	0.6346	0.5686	0.3630	0.2847	0.3667	0.4875	0.4626	0.4430	0.4444	0.3871	0.2951
0.0000	0.0061	0.0212	0.0212	0.0216	0.0222	0.0248	0.0340	0.0425	0.0602	0.0435	0.0407	0.0532	0.0519	0.0506	0.0594	0.0531	0.0681	0.0610	0.0735	0.0741	0.0621	0.0721	0.0711	0.0803	0.0808	0.0702	0.0652	0.0732	0.0751	0.0602	0.0674	0.0726	0.0603	0.0651	0.0661	0.0715	0.0710	0.0699	0.0849	0.0896	0.0835	0.0823	0.0909	0.0903	0.0946	0.1063	0.1206	0.1439	0.1998	0.3588	0.6435	0.6539	0.6139	0.6186	0.6167	0.5966	0.5225	0.3955	0.3122	0.2655	0.3203	0.4628	0.5018	0.4878	0.4626	0.4591	0.4114	0.2961
0.0000	0.0000	0.0117	0.0122	0.0249	0.0223	0.0226	0.0376	0.0375	0.0431	0.0310	0.0373	0.0425	0.0510	0.0636	0.0548	0.0515	0.0653	0.0600	0.0541	0.0658	0.0660	0.0737	0.0646	0.0563	0.0671	0.0594	0.0709	0.0662	0.0616	0.0624	0.0623	0.0552	0.0684	0.0637	0.0635	0.0705	0.0702	0.0667	0.0700	0.0758	0.0750	0.0802	0.0786	0.0808	0.0822	0.0861	0.0894	0.0936	0.1024	0.1335	0.2202	0.2259	0.2009	0.2016	0.1943	0.1963	0.2100	0.1736	0.1934	0.1929	0.2777	0.4569	0.4460	0.4608	0.4268	0.3448	0.2618	0.1698
0.0000	0.0000	0.0000	0.0000	0.0213	0.0184	0.0224	0.0344	0.0233	0.0275	0.0281	0.0287	0.0410	0.0483	0.0467	0.0518	0.0531	0.0565	0.0462	0.0555	0.0498	0.0549	0.0595	0.0584	0.0650	0.0646	0.0563	0.0547	0.0637	0.0679	0.0537	0.0578	0.0546	0.0597	0.0509	0.0522	0.0601	0.0661	0.0675	0.0620	0.0612	0.0647	0.0700	0.0701	0.0649	0.0750	0.0772	0.0826	0.0879	0.0851	0.0921	0.1069	0.1209	0.1265	0.1175	0.1215	0.1136	0.1143	0.1235	0.1295	0.1366	0.1354	0.2038	0.2119	0.2533	0.2884	0.1985	0.1273	0.1008
0.0000	0.0000	0.0000	0.0000	0.0000	0.0000	0.0096	0.0225	0.0153	0.0140	0.0287	0.0336	0.0338	0.0283	0.0273	0.0465	0.0471	0.0419	0.0429	0.0583	0.0486	0.0369	0.0497	0.0473	0.0517	0.0542	0.0558	0.0535	0.0554	0.0550	0.0440	0.0505	0.0525	0.0512	0.0533	0.0547	0.0516	0.0598	0.0643	0.0543	0.0602	0.0654	0.0690	0.0681	0.0626	0.0700	0.0729	0.0773	0.0794	0.0760	0.0871	0.0993	0.0927	0.0937	0.1022	0.1020	0.0907	0.0977	0.1060	0.0986	0.0967	0.0870	0.1108	0.1092	0.1117	0.1280	0.1026	0.0980	0.0885
0.0000	0.0000	0.0000	0.0000	0.0000	0.0044	0.0215	0.0188	0.0061	0.0104	0.0231	0.0521	0.0300	0.0208	0.0286	0.0362	0.0433	0.0437	0.0366	0.0482	0.0508	0.0406	0.0334	0.0400	0.0495	0.0562	0.0448	0.0503	0.0563	0.0597	0.0499	0.0515	0.0554	0.0564	0.0539	0.0464	0.0580	0.0589	0.0614	0.0583	0.0556	0.0574	0.0556	0.0639	0.0576	0.0645	0.0626	0.0666	0.0772	0.0824	0.0879	0.0931	0.0842	0.0885	0.1025	0.0998	0.0933	0.0922	0.0939	0.0819	0.0840	0.0789	0.0910	0.0860	0.0905	0.0861	0.0868	0.0840	0.0790
0.0000	0.0000	0.0000	0.0019	0.0026	0.0000	0.0106	0.0145	0.0102	0.0208	0.0325	0.0396	0.0264	0.0185	0.0197	0.0374	0.0392	0.0270	0.0317	0.0473	0.0499	0.0447	0.0327	0.0500	0.0453	0.0517	0.0473	0.0436	0.0549	0.0571	0.0469	0.0535	0.0455	0.0543	0.0577	0.0518	0.0483	0.0605	0.0538	0.0493	0.0541	0.0546	0.0522	0.0612	0.0595	0.0629	0.0550	0.0657	0.0678	0.0701	0.0782	0.0856	0.0838	0.0938	0.0853	0.0893	0.0829	0.0733	0.0745	0.0766	0.0706	0.0721	0.0803	0.0866	0.0781	0.0705	0.0632	0.0655	0.0600
0.0000	0.0000	0.0000	0.0000	0.0000	0.0000	0.0057	0.0124	0.0125	0.0251	0.0212	0.0299	0.0141	0.0197	0.0269	0.0243	0.0270	0.0339	0.0369	0.0387	0.0502	0.0392	0.0322	0.0424	0.0400	0.0411	0.0438	0.0455	0.0522	0.0512	0.0481	0.0410	0.0539	0.0449	0.0424	0.0434	0.0404	0.0511	0.0509	0.0469	0.0507	0.0545	0.0537	0.0538	0.0595	0.0568	0.0633	0.0624	0.0618	0.0623	0.0675	0.0712	0.0723	0.0767	0.0796	0.0843	0.0740	0.0663	0.0648	0.0693	0.0672	0.0710	0.0692	0.0700	0.0662	0.0692	0.0597	0.0617	0.0579
0.0000	0.0000	0.0000	0.0011	0.0042	0.0000	0.0020	0.0159	0.0042	0.0136	0.0166	0.0117	0.0016	0.0120	0.0239	0.0172	0.0294	0.0269	0.0321	0.0286	0.0372	0.0392	0.0309	0.0361	0.0527	0.0487	0.0385	0.0492	0.0433	0.0528	0.0459	0.0334	0.0552	0.0407	0.0459	0.0544	0.0459	0.0454	0.0487	0.0518	0.0488	0.0518	0.0503	0.0509	0.0513	0.0466	0.0568	0.0677	0.0608	0.0582	0.0659	0.0829	0.0773	0.0836	0.0823	0.0783	0.0686	0.0785	0.0672	0.0719	0.0707	0.0689	0.0769	0.0823	0.0699	0.0635	0.0588	0.0572	0.0592
