0.0000	0.0000	0.0000	0.0000	0.0000	0.0000	0.0000	0.0143	0.0185	0.0159	0.0092	0.0182	0.0285	0.0198	0.0141	0.0158	0.0421	0.0530	0.0362	0.0418	0.0312	0.0326	0.0442	0.0730	0.0653	0.0816	0.0740	0.0526	0.0612	0.0778	0.0726	0.0693	0.0829	0.1007	0.1040	0.0950	0.1059	0.0933	0.1096	0.1072	0.1018	0.1146	0.1161	0.1156	0.0774	0.0883	0.1019	0.0994	0.1063	0.0848	0.0699	0.0614	0.0520	0.0526	0.0607	0.0535	0.0581	0.0488	0.0429	0.0347	0.0378	0.0515	0.0478	0.0401	0.0400	0.0363	0.0306	0.0279	0.0232
0.0000	0.0000	0.0000	0.0006	0.0052	0.0006	0.0000	0.0188	0.0177	0.0000	0.0054	0.0179	0.0220	0.0173	0.0180	0.0463	0.0459	0.0513	0.0569	0.0360	0.0550	0.0544	0.0734	0.0862	0.0696	0.0793	0.0746	0.0817	0.0702	0.0869	0.0855	0.0957	0.0989	0.0961	0.1294	0.1292	0.1079	0.1156	0.1067	0.1070	0.1036	0.1329	0.1327	0.1129	0.1021	0.0993	0.0845	0.0932	0.1050	0.0776	0.0908	0.0732	0.0503	0.0653	0.0556	0.0567	0.0633	0.0611	0.0632	0.0652	0.0553	0.0576	0.0618	0.0560	0.0474	0.0379	0.0360	0.0358	0.0296
0.0000	0.0000	0.0000	0.0000	0.0082	0.0111	0.0000	0.0208	0.0251	0.0137	0.0168	0.0254	0.0291	0.0379	0.0336	0.0466	0.0394	0.0493	0.0588	0.0486	0.0662	0.0702	0.0778	0.0663	0.0860	0.0785	0.0723	0.0852	0.0994	0.0924	0.0919	0.0983	0.1076	0.1395	0.1316	0.1215	0.1278	0.1473	0.1237	0.1200	0.1437	0.1225	0.1234	0.1292	0.1208	0.1180	0.0962	0.0826	0.0959	0.0948	0.0923	0.0811	0.0815	0.0703	0.0741	0.0779	0.0680	0.0645	0.0719	0.0648	0.0770	0.0740	0.0531	0.0600	0.0630	0.0435	0.0415	0.0412	0.0478
0.0000	0.0000	0.0005	0.0000	0.0000	0.0038	0.0134	0.0197	0.0133	0.0280	0.0317	0.0409	0.0402	0.0338	0.0285	0.0372	0.0402	0.0536	0.0600	0.0579	0.0892	0.0666	0.0761	0.0657	0.0796	0.0726	0.0913	0.0928	0.0988	0.0903	0.0873	0.0816	0.1099	0.1374	0.1331	0.1345	0.1161	0.1382	0.1616	0.1416	0.1499	0.1356	0.1175	0.1271	0.1213	0.1153	0.1262	0.0861	0.0961	0.0950	0.0882	0.0899	0.0825	0.0799	0.0922	0.0757	0.0540	0.0778	0.0732	0.0634	0.0848	0.0754	0.0666	0.0654	0.0616	0.0643	0.0582	0.0516	0.0618
0.0000	0.0000	0.0000	0.0049	0.0000	0.0038	0.0063	0.0205	0.0225	0.0282	0.0266	0.0426	0.0508	0.0585	0.0327	0.0498	0.0522	0.0506	0.0541	0.0622	0.0826	0.0707	0.0810	0.0849	0.0779	0.0640	0.0832	0.0846	0.0939	0.0953	0.0942	0.1039	0.1164	0.1173	0.1229	0.1290	0.1252	0.1139	0.1377	0.1458	0.1429	0.1341	0.1353	0.1416	0.1327	0.1175	0.1301	0.1117	0.1100	0.1090	0.0912	0.0934	0.1004	0.0886	0.0831	0.0823	0.0643	0.0715	0.0810	0.0826	0.0813	0.0691	0.0727	0.0659	0.0844	0.0781	0.0875	0.0582	0.0573
0.0000	0.0000	0.0000	0.0137	0.0185	0.0126	0.0169	0.0207	0.0260	0.0157	0.0144	0.0364	0.0484	0.0537	0.0483	0.0807	0.0592	0.0559	0.0579	0.0750	0.0880	0.0842	0.0789	0.0923	0.0799	0.0839	0.0804	0.0843	0.1108	0.1108	0.0979	0.1098	0.1371	0.1379	0.1461	0.1478	0.1401	0.1414	0.1370	0.1423	0.1420	0.1662	0.1432	0.1434	0.1370	0.1322	0.1219	0.1344	0.1128	0.1199	0.1128	0.1108	0.1101	0.0989	0.0876	0.0987	0.0856	0.0869	0.0961	0.0918	0.0894	0.0915	0.0835	0.0802	0.0933	0.0794	0.0753	0.0745	0.0682
0.0000	0.0000	0.0104	0.0038	0.0148	0.0135	0.0227	0.0213	0.0286	0.0294	0.0328	0.0334	0.0353	0.0435	0.0436	0.0554	0.0650	0.0755	0.0714	0.0706	0.0782	0.0996	0.0885	0.0790	0.0898	0.1252	0.1127	0.0963	0.1232	0.1211	0.0999	0.1083	0.1414	0.1622	0.1450	0.1576	0.1664	0.1727	0.1968	0.1821	0.1814	0.2168	0.1921	0.1643	0.1471	0.1466	0.1374	0.1420	0.1236	0.1293	0.1201	0.1254	0.1165	0.0973	0.0995	0.1149	0.1066	0.0972	0.1083	0.1180	0.0948	0.0991	0.0926	0.0971	0.1017	0.0799	0.0875	0.0962	0.0965
0.0000	0.0000	0.0062	0.0058	0.0173	0.0108	0.0252	0.0266	0.0377	0.0358	0.0257	0.0458	0.0550	0.0558	0.0462	0.0518	0.0767	0.0803	0.0800	0.0643	0.0857	0.1053	0.1042	0.0996	0.1031	0.1167	0.1119	0.1068	0.1268	0.1318	0.1296	0.1214	0.1604	0.1482	0.1500	0.1630	0.1978	0.2176	0.2470	0.2783	0.4549	0.5560	0.3887	0.2145	0.1510	0.1609	0.1476	0.1490	0.1343	0.1425	0.1348	0.1411	0.1215	0.1010	0.1202	0.1349	0.1209	0.1211	0.1347	0.1247	0.1189	0.1211	0.1209	0.1166	0.1231	0.1145	0.1175	0.1197	0.1215
0.0024	0.0000	0.0098	0.0149	0.0071	0.0216	0.0348	0.0451	0.0493	0.0412	0.0471	0.0546	0.0686	0.0613	0.0695	0.0677	0.0736	0.0781	0.0913	0.0880	0.1133	0.1086	0.1031	0.1046	0.1232	0.1261	0.1020	0.1126	0.1271	0.1353	0.1447	0.1396	0.1598	0.1501	0.1752	0.2212	0.2526	0.3974	0.5538	0.6575	0.8889	0.8635	0.6978	0.4142	0.2869	0.2040	0.1669	0.1778	0.1713	0.1689	0.1582	0.1503	0.1441	0.1480	0.1512	0.1566	0.1473	0.1395	0.1546	0.1557	0.1411	0.1328	0.1217	0.1326	0.1414	0.1481	0.1386	0.1362	0.1299
0.0052	0.0000	0.0177	0.0299	0.0225	0.0225	0.0417	0.0432	0.0463	0.0453	0.0548	0.0581	0.0697	0.0737	0.0740	0.0782	0.0992	0.0724	0.0896	0.1108	0.1181	0.1103	0.1106	0.1110	0.1348	0.1349	0.1240	0.1226	0.1259	0.1443	0.1364	0.1613	0.1777	0.2021	0.2487	0.2991	0.4160	0.8104	1.0000	0.9438	0.8910	0.8510	0.8401	0.7671	0.6662	0.3147	0.2069	0.1807	0.1803	0.2004	0.1995	0.1847	0.1743	0.1567	0.1596	0.1653	0.1722	0.1719	0.1649	0.1692	0.1619	0.1753	0.1743	0.1657	0.1595	0.1501	0.1384	0.1625	0.1675
0.0042	0.0030	0.0207	0.0224	0.0168	0.0336	0.0368	0.0407	0.0456	0.0573	0.0575	0.0627	0.0654	0.0864	0.0674	0.0903	0.1095	0.1052	0.1055	0.1037	0.1277	0.1303	0.1379	0.1306	0.1570	0.1630	0.1472	0.1486	0.1513	0.1664	0.1509	0.1858	0.2261	0.2837	0.3385	0.3757	0.4899	0.6944	0.8768	0.9097	0.8616	0.7973	0.8386	0.8312	0.7120	0.4051	0.2705	0.2239	0.2184	0.2206	0.2256	0.2273	0.1920	0.1723	0.1765	0.1665	0.1850	0.2014	0.2054	0.2038	0.1914	0.1843	0.1870	0.1885	0.1931	0.1666	0.1611	0.1875	0.1874
0.0000	0.0123	0.0233	0.0321	0.0174	0.0378	0.0397	0.0570	0.0548	0.0515	0.0683	0.0733	0.0779	0.0829	0.0963	0.1034	0.1102	0.1387	0.1476	0.1320	0.1686	0.1790	0.1891	0.1963	0.2021	0.1776	0.1899	0.2017	0.1972	0.1944	0.2180	0.2326	0.2765	0.3052	0.3801	0.5365	0.7043	0.6830	0.6605	0.9090	0.8738	0.7816	0.8010	0.8313	0.5479	0.3354	0.2990	0.2606	0.2584	0.3238	0.2957	0.2417	0.2203	0.1960	0.2041	0.2061	0.2345	0.2696	0.2858	0.3419	0.2978	0.2159	0.2017	0.2259	0.2390	0.2686	0.2740	0.2561	0.2170
0.0053	0.0124	0.0231	0.0461	0.0412	0.0366	0.0487	0.0662	0.0791	0.0688	0.0771	0.0843	0.0966	0.0969	0.1125	0.1263	0.1438	0.1819	0.1978	0.2092	0.2475	0.3268	0.3745	0.3478	0.2832	0.2656	0.2521	0.2353	0.2449	0.2543	0.2622	0.2827	0.3455	0.3997	0.4992	0.7322	0.9605	0.9135	0.5948	0.6996	0.7341	0.7843	0.8321	0.8277	0.5788	0.3808	0.3756	0.3442	0.3834	0.6033	0.5105	0.3141	0.2541	0.2358	0.2418	0.2766	0.2794	0.4276	0.5728	0.5310	0.4554	0.3168	0.3203	0.3859	0.4219	0.4255	0.3843	0.3707	0.2824
0.0099	0.0269	0.0391	0.0296	0.0387	0.0437	0.0554	0.0558	0.0721	0.0791	0.0965	0.1146	0.1180	0.1290	0.1353	0.1664	0.2217	0.2715	0.3737	0.4341	0.4960	0.5808	0.6274	0.5838	0.5792	0.4970	0.4682	0.4315	0.3929	0.4212	0.3897	0.4082	0.4671	0.5206	0.7471	0.8293	0.8949	0.8703	0.6922	0.6987	0.7712	0.8351	0.8806	0.8375	0.6791	0.7054	0.7676	0.5555	0.4993	0.7771	0.7806	0.4996	0.3322	0.2597	0.2795	0.3082	0.3228	0.4948	0.6817	0.6119	0.5885	0.4293	0.4877	0.5444	0.5276	0.4537	0.3945	0.3734	0.3163
0.0120	0.0233	0.0401	0.0396	0.0486	0.0513	0.0677	0.0628	0.0833	0.0890	0.1054	0.1297	0.1530	0.1750	0.2278	0.2960	0.4709	0.5496	0.6158	0.6083	0.6206	0.6373	0.6443	0.6709	0.6704	0.6674	0.7310	0.6987	0.7131	0.7846	0.7625	0.7104	0.7235	0.7748	0.8713	0.8500	0.8680	0.7895	0.7104	0.8118	0.8785	0.8548	0.8382	0.9008	0.7669	0.7829	0.8599	0.7747	0.6967	0.8666	0.8436	0.6786	0.4819	0.3373	0.3048	0.3151	0.3467	0.4920	0.6327	0.6283	0.5759	0.4826	0.4363	0.4694	0.5115	0.4456	0.3913	0.3628	0.3454
0.0151	0.0308	0.0391	0.0476	0.0572	0.0721	0.0809	0.0863	0.1112	0.1286	0.1475	0.1846	0.2444	0.3065	0.4538	0.5808	0.7135	0.6691	0.6066	0.5690	0.5610	0.6142	0.6006	0.6062	0.6137	0.6284	0.6769	0.6918	0.7545	0.7893	0.8048	0.8832	0.9111	0.9282	0.8974	0.8555	0.9024	0.8460	0.7046	0.7205	0.8868	0.8503	0.8538	0.9106	0.7733	0.8309	0.8752	0.8097	0.7169	0.8704	0.8423	0.7946	0.7086	0.4599	0.3404	0.3659	0.3764	0.5288	0.6473	0.6501	0.5778	0.5294	0.4672	0.4360	0.4736	0.4368	0.3888	0.3816	0.3624
0.0345	0.0412	0.0393	0.0668	0.0903	0.1150	0.1304	0.1513	0.1839	0.2296	0.3204	0.3670	0.4732	0.5456	0.6128	0.6400	0.6208	0.5531	0.5196	0.5484	0.5829	0.5456	0.5358	0.5565	0.6043	0.6281	0.6466	0.6392	0.6656	0.7486	0.8090	0.8482	0.9109	0.8890	0.9132	0.8521	0.9573	0.9833	0.9829	0.7912	0.8610	0.8511	0.8998	0.9131	0.7944	0.8218	0.8405	0.8492	0.7999	0.8451	0.8225	0.8463	0.7415	0.4891	0.3977	0.4106	0.4525	0.6033	0.6756	0.6299	0.5978	0.5546	0.5357	0.5240	0.4765	0.4192	0.3970	0.3763	0.3496
0.0524	0.0637	0.0934	0.1264	0.1418	0.2048	0.2748	0.3441	0.4172	0.4542	0.5695	0.5866	0.6143	0.5899	0.5448	0.5117	0.5092	0.5301	0.5342	0.5637	0.5955	0.5598	0.5459	0.5543	0.5338	0.5390	0.6093	0.6460	0.6105	0.7144	0.8004	0.8313	0.8261	0.8218	0.8791	0.8798	0.8858	0.9210	0.9478	0.9051	0.8221	0.8339	0.8786	0.8583	0.8342	0.7314	0.8065	0.8172	0.8746	0.8865	0.8059	0.8301	0.7039	0.4529	0.4323	0.4250	0.4691	0.6586	0.6820	0.5845	0.5952	0.5621	0.5378	0.5279	0.4797	0.3957	0.4016	0.3936	0.3702
0.0958	0.1539	0.2473	0.3676	0.3878	0.5152	0.5781	0.6128	0.6752	0.5876	0.5748	0.5747	0.5459	0.4963	0.4710	0.4955	0.5230	0.5064	0.5558	0.5532	0.5623	0.5926	0.5883	0.5557	0.5508	0.5712	0.6630	0.6271	0.6612	0.7496	0.7367	0.7781	0.8750	0.8940	0.8763	0.8533	0.8590	0.8257	0.8726	0.8469	0.8122	0.7698	0.8344	0.8287	0.8019	0.7908	0.7610	0.8127	0.8252	0.8460	0.8241	0.7771	0.6643	0.5027	0.4720	0.4389	0.4722	0.6220	0.6137	0.5887	0.6117	0.5526	0.5278	0.4870	0.4920	0.4260	0.3974	0.3847	0.3836
0.1883	0.3092	0.4465	0.5624	0.5572	0.5662	0.6069	0.5426	0.5555	0.5233	0.4897	0.4664	0.4690	0.4238	0.4430	0.4849	0.5468	0.5904	0.5559	0.5459	0.5612	0.5788	0.5566	0.5603	0.6043	0.5627	0.6265	0.6481	0.6545	0.7337	0.7273	0.7472	0.8268	0.8427	0.8487	0.8323	0.8263	0.8539	0.8023	0.7566	0.7975	0.7858	0.7877	0.7817	0.8074	0.7854	0.7385	0.7820	0.8206	0.7823	0.7536	0.7638	0.7334	0.6564	0.5783	0.4849	0.5215	0.6019	0.5850	0.5235	0.5202	0.5226	0.5007	0.4884	0.5043	0.4564	0.4004	0.4152	0.3639
0.2254	0.3005	0.3691	0.3831	0.4197	0.4341	0.4336	0.4188	0.3994	0.3925	0.3939	0.4167	0.4524	0.4427	0.4389	0.4558	0.5347	0.5616	0.5352	0.5237	0.5590	0.5553	0.5382	0.5916	0.5886	0.5884	0.5679	0.6193	0.6394	0.6849	0.7443	0.7655	0.8100	0.8059	0.8349	0.8312	0.8140	0.8548	0.7956	0.7654	0.7579	0.7460	0.7748	0.8214	0.7413	0.7021	0.7272	0.7355	0.7588	0.7290	0.7247	0.7399	0.6657	0.7235	0.7066	0.6237	0.6335	0.6014	0.5776	0.5246	0.5308	0.5360	0.4984	0.4934	0.4952	0.4274	0.3953	0.4027	0.3532
0.2314	0.2590	0.2731	0.2814	0.3014	0.3076	0.3173	0.3427	0.3213	0.3634	0.3648	0.3934	0.4418	0.4538	0.4477	0.4480	0.5664	0.5431	0.5680	0.5743	0.5583	0.5965	0.5747	0.5588	0.5725	0.5863	0.5823	0.6070	0.6092	0.6451	0.6822	0.7193	0.7753	0.7852	0.7984	0.7977	0.7919	0.7958	0.7425	0.7327	0.7566	0.7352	0.7398	0.7776	0.7471	0.7088	0.6856	0.6963	0.6859	0.7031	0.7362	0.7015	0.6791	0.6854	0.6809	0.6994	0.6631	0.5975	0.5733	0.5077	0.5046	0.4917	0.4771	0.4286	0.4521	0.4228	0.3642	0.3571	0.3567
0.1908	0.2142	0.2562	0.2550	0.2608	0.2682	0.3104	0.3075	0.3241	0.3667	0.3908	0.3727	0.4078	0.4265	0.4238	0.4865	0.5648	0.5433	0.5325	0.5628	0.6124	0.6127	0.5646	0.6047	0.5730	0.5608	0.6097	0.6414	0.6000	0.6326	0.6538	0.6529	0.7535	0.7580	0.7417	0.7405	0.7543	0.7647	0.7273	0.6604	0.6820	0.6759	0.6872	0.7107	0.7240	0.6952	0.6586	0.6704	0.6718	0.6549	0.6575	0.6638	0.6999	0.6751	0.6516	0.6492	0.6089	0.5511	0.5117	0.5277	0.4757	0.4835	0.4865	0.4036	0.4105	0.4097	0.3589	0.3230	0.3274
0.1670	0.1834	0.2455	0.2640	0.2503	0.2915	0.3316	0.2932	0.3004	0.3059	0.3494	0.3601	0.3799	0.4264	0.4425	0.5011	0.5613	0.5828	0.5695	0.5652	0.5813	0.5919	0.5613	0.5515	0.5982	0.5755	0.6172	0.6311	0.5813	0.6195	0.6632	0.7068	0.7440	0.7498	0.7461	0.6978	0.7109	0.6885	0.6615	0.6281	0.6215	0.6356	0.6299	0.6760	0.6805	0.6788	0.6713	0.6546	0.6345	0.6406	0.6225	0.5997	0.6212	0.6131	0.5472	0.5709	0.5427	0.5551	0.5118	0.4723	0.4558	0.4598	0.4585	0.3967	0.3716	0.3640	0.3336	0.3124	0.2882
0.1827	0.1995	0.2283	0.2437	0.2465	0.2440	0.2780	0.2921	0.3253	0.3352	0.3647	0.3938	0.4169	0.4214	0.4581	0.4747	0.5181	0.5399	0.5412	0.5936	0.5544	0.5745	0.5863	0.6250	0.5660	0.5691	0.6269	0.6354	0.6471	0.6693	0.6734	0.6921	0.7267	0.7010	0.6946	0.7109	0.7125	0.6710	0.6686	0.6335	0.6218	0.6426	0.6337	0.6292	0.6420	0.6117	0.6090	0.6238	0.6024	0.6123	0.5700	0.5406	0.5361	0.5302	0.5395	0.5381	0.5138	0.5015	0.4821	0.4566	0.4317	0.4180	0.4180	0.3660	0.3587	0.3507	0.3319	0.3163	0.2840
0.1878	0.1910	0.2089	0.2282	0.2453	0.2515	0.2859	0.3020	0.3387	0.3321	0.3583	0.3873	0.4065	0.4236	0.4410	0.4552	0.5199	0.5136	0.5251	0.5840	0.5920	0.5692	0.5763	0.5778	0.5792	0.5800	0.6132	0.6481	0.6666	0.6573	0.6899	0.6867	0.7017	0.6590	0.6816	0.6644	0.6664	0.6714	0.6627	0.6547	0.6268	0.6309	0.5779	0.5984	0.6116	0.6179	0.6074	0.6095	0.5886	0.5695	0.5792	0.5516	0.5145	0.5168	0.5227	0.5053	0.4947	0.4990	0.4816	0.4366	0.4325	0.4154	0.4250	0.3800	0.3711	0.3659	0.3454	0.3417	0.2832
0.1397	0.1743	0.2284	0.2480	0.2318	0.2268	0.2482	0.2859	0.3038	0.3221	0.3636	0.3712	0.4185	0.4368	0.4628	0.4475	0.4789	0.4951	0.5468	0.5647	0.5913	0.5714	0.5693	0.5941	0.5740	0.5841	0.6212	0.6179	0.6058	0.6577	0.6451	0.6826	0.6953	0.6776	0.6324	0.6002	0.6303	0.6909	0.6964	0.6935	0.6768	0.6050	0.5821	0.6255	0.6449	0.5946	0.5815	0.5793	0.5867	0.5688	0.5731	0.5464	0.5010	0.4919	0.5176	0.5169	0.4779	0.4862	0.4576	0.4593	0.4375	0.4133	0.4122	0.3803	0.3794	0.3469	0.3394	0.3250	0.3024
0.1511	0.1875	0.2129	0.2590	0.2398	0.2212	0.2379	0.2638	0.2886	0.3536	0.3701	0.3628	0.4221	0.4415	0.4492	0.4638	0.5006	0.5107	0.5216	0.5759	0.5874	0.5762	0.5483	0.5846	0.5863	0.5883	0.5908	0.5727	0.5821	0.6210	0.6120	0.6434	0.6429	0.6341	0.6237	0.6568	0.6709	0.6832	0.7055	0.6597	0.6619	0.6563	0.6184	0.5935	0.6355	0.5655	0.5936	0.5865	0.6067	0.5575	0.5827	0.5772	0.5477	0.5097	0.5069	0.5024	0.5129	0.4473	0.4300	0.4703	0.4350	0.4511	0.4329	0.3856	0.3765	0.3518	0.3454	0.3516	0.2981
0.1375	0.1533	0.1830	0.2318	0.2454	0.2316	0.2362	0.2528	0.2815	0.3417	0.3742	0.3735	0.4062	0.4343	0.4265	0.4845	0.5299	0.5325	0.5651	0.5552	0.5740	0.5577	0.5568	0.5559	0.5555	0.5275	0.6032	0.6082	0.6020	0.5998	0.6085	0.6246	0.6490	0.6745	0.6258	0.6428	0.6627	0.6832	0.6782	0.6412	0.6348	0.6664	0.6230	0.6000	0.6231	0.5968	0.6236	0.6029	0.6178	0.5878	0.5838	0.5541	0.5407	0.5168	0.5421	0.5055	0.4859	0.4871	0.4589	0.4389	0.4272	0.4323	0.4172	0.4086	0.3906	0.3630	0.3458	0.3427	0.3100
0.1272	0.1449	0.1933	0.2399	0.2211	0.2231	0.2309	0.2533	0.3158	0.3478	0.3838	0.3933	0.4116	0.4515	0.4190	0.4652	0.5250	0.5133	0.5397	0.5857	0.5631	0.5779	0.5525	0.5553	0.5308	0.5346	0.5560	0.6270	0.5931	0.6218	0.6456	0.6410	0.6937	0.6973	0.6821	0.6655	0.6898	0.7195	0.7032	0.6789	0.6702	0.6773	0.6217	0.6444	0.6492	0.5873	0.6281	0.6240	0.5820	0.6302	0.6138	0.5855	0.5753	0.5323	0.5221	0.5174	0.4835	0.4644	0.4608	0.4391	0.4364	0.4277	0.3998	0.3882	0.3967	0.3635	0.3578	0.3701	0.3667
0.1147	0.1232	0.1650	0.2065	0.1971	0.2080	0.2487	0.2586	0.3173	0.3341	0.3539	0.3620	0.3918	0.4236	0.4385	0.4509	0.5106	0.5271	0.5169	0.5614	0.5523	0.5472	0.5367	0.5502	0.5401	0.5260	0.5204	0.5790	0.6021	0.6303	0.6799	0.6961	0.7127	0.6819	0.7167	0.7301	0.7499	0.6877	0.6990	0.7195	0.6557	0.7078	0.6890	0.6652	0.6491	0.5910	0.6265	0.6454	0.6406	0.6791	0.6436	0.6250	0.6371	0.5807	0.5382	0.5194	0.5342	0.5112	0.4770	0.4957	0.4705	0.4680	0.4074	0.4090	0.3946	0.3658	0.3696	0.3437	0.3331
0.1046	0.0886	0.1253	0.1769	0.1925	0.2192	0.2493	0.2449	0.3056	0.3239	0.3331	0.3451	0.3672	0.4025	0.4236	0.4638	0.5467	0.5627	0.5653	0.5561	0.5554	0.5640	0.5518	0.5622	0.5766	0.5681	0.5571	0.5998	0.6500	0.6452	0.6741	0.6751	0.7485	0.7227	0.7505	0.7524	0.7281	0.6823	0.7192	0.7022	0.6883	0.6726	0.7223	0.6575	0.6511	0.6509	0.6403	0.6800	0.6362	0.6383	0.6604	0.6267	0.6315	0.6182	0.5905	0.5585	0.5290	0.5631	0.5072	0.4937	0.5083	0.4861	0.4958	0.4926	0.4250	0.4063	0.3778	0.3809	0.3462
0.1036	0.1156	0.1234	0.1549	0.1698	0.1996	0.2484	0.2596	0.3067	0.3239	0.3374	0.3533	0.3912	0.4386	0.4186	0.4553	0.5440	0.5434	0.5353	0.5591	0.5476	0.5797	0.5681	0.5977	0.6059	0.5662	0.5738	0.6112	0.6135	0.6254	0.6392	0.6664	0.6946	0.7220	0.7942	0.7544	0.7802	0.7533	0.7701	0.7217	0.7460	0.7119	0.6766	0.7051	0.6822	0.6570	0.6839	0.6997	0.7105	0.6899	0.6686	0.6252	0.6478	0.6285	0.6204	0.6065	0.5843	0.5928	0.5424	0.5085	0.5394	0.5288	0.5303	0.4902	0.4657	0.4045	0.4125	0.3874	0.3791
0.0867	0.1000	0.1178	0.1370	0.1568	0.1878	0.2405	0.2798	0.3201	0.3356	0.3478	0.3470	0.3791	0.4564	0.4642	0.4945	0.4990	0.5352	0.5113	0.5509	0.5710	0.5653	0.5807	0.5799	0.5885	0.5859	0.5864	0.6016	0.5784	0.6050	0.6451	0.6743	0.7165	0.7728	0.7933	0.7581	0.7586	0.7625	0.7769	0.7136	0.7154	0.7295	0.6956	0.7202	0.6909	0.6836	0.7308	0.6880	0.7157	0.7413	0.7229	0.6567	0.6615	0.6685	0.6304	0.6316	0.6053	0.5796	0.5881	0.5806	0.5906	0.5414	0.5358	0.5236	0.4836	0.4460	0.4413	0.3922	0.4145
0.0738	0.0888	0.0999	0.1319	0.1516	0.1997	0.2314	0.3002	0.3056	0.3368	0.3304	0.3409	0.3953	0.4109	0.4579	0.4622	0.4642	0.5090	0.5290	0.5490	0.6106	0.6196	0.5765	0.5890	0.6187	0.5985	0.5796	0.5787	0.5640	0.6169	0.6203	0.6387	0.7002	0.7341	0.8095	0.7875	0.7815	0.7540	0.7932	0.7173	0.7467	0.7453	0.7225	0.7389	0.7009	0.7157	0.7026	0.7304	0.7044	0.7781	0.7498	0.7203	0.7222	0.7450	0.6825	0.6740	0.6734	0.6372	0.6206	0.6444	0.6142	0.5770	0.5688	0.5242	0.5617	0.5173	0.4562	0.4231	0.3986
0.0754	0.0795	0.0900	0.1264	0.1585	0.2227	0.2789	0.3093	0.3209	0.3323	0.3478	0.3834	0.4078	0.4422	0.4305	0.4644	0.4935	0.5052	0.5606	0.5769	0.5986	0.5972	0.5572	0.5584	0.5830	0.5735	0.5655	0.5683	0.6107	0.5818	0.6133	0.6496	0.7302	0.7796	0.7990	0.7949	0.8002	0.7645	0.7340	0.7125	0.7550	0.7442	0.7709	0.7512	0.7399	0.7591	0.7629	0.7812	0.8232	0.8466	0.8334	0.7769	0.7759	0.7581	0.7039	0.7039	0.6918	0.6510	0.6524	0.6791	0.6652	0.5868	0.5710	0.5962	0.5771	0.4911	0.4733	0.4379	0.4023
0.0689	0.0944	0.1191	0.1472	0.2078	0.2631	0.3145	0.3529	0.3574	0.3500	0.3365	0.3825	0.4115	0.4157	0.4302	0.4701	0.5237	0.5332	0.5841	0.5930	0.5801	0.5813	0.5781	0.6077	0.5344	0.5554	0.5570	0.5868	0.6262	0.5905	0.6421	0.6965	0.7423	0.7947	0.7914	0.7885	0.8201	0.7945	0.7824	0.7368	0.7496	0.7660	0.7411	0.7832	0.7984	0.7579	0.7816	0.7864	0.8391	0.8612	0.8206	0.6220	0.7123	0.7496	0.7249	0.7424	0.7263	0.6821	0.6749	0.5915	0.5578	0.4437	0.4903	0.5389	0.5485	0.5036	0.4943	0.4396	0.4512
0.0926	0.1554	0.1843	0.2180	0.2886	0.3889	0.4422	0.4537	0.4530	0.4026	0.4185	0.4113	0.4177	0.4211	0.4547	0.4468	0.5006	0.5717	0.5955	0.5954	0.5885	0.6052	0.6257	0.6165	0.5727	0.6020	0.5827	0.5987	0.6362	0.6142	0.6754	0.7297	0.7621	0.8212	0.8538	0.8222	0.8467	0.8337	0.8097	0.7753	0.7895	0.7310	0.7929	0.8060	0.8250	0.7940	0.8223	0.8307	0.8225	0.8230	0.8138	0.5803	0.4815	0.5613	0.5999	0.7456	0.7207	0.6202	0.5833	0.3906	0.3718	0.3793	0.5276	0.4187	0.4501	0.5520	0.5628	0.4962	0.4716
0.1316	0.2248	0.3068	0.3784	0.4608	0.5389	0.6030	0.5924	0.6079	0.6061	0.5491	0.4850	0.4370	0.4462	0.4503	0.4630	0.5287	0.5484	0.5476	0.5445	0.5656	0.5811	0.6052	0.5628	0.5892	0.5862	0.6214	0.5948	0.6110	0.6957	0.7331	0.7798	0.7927	0.8275	0.8702	0.8600	0.8571	0.8530	0.8281	0.7508	0.7740	0.7739	0.7945	0.8128	0.8422	0.8101	0.8132	0.8068	0.7737	0.7817	0.7598	0.6528	0.3730	0.3333	0.3726	0.6136	0.5787	0.3619	0.3046	0.3054	0.3367	0.5072	0.5477	0.3519	0.3752	0.5528	0.5776	0.5224	0.4925
0.0851	0.1676	0.2792	0.4144	0.5058	0.5857	0.6865	0.7373	0.7359	0.7345	0.6738	0.6132	0.5514	0.5418	0.5041	0.4957	0.5411	0.5703	0.5349	0.5640	0.5655	0.5997	0.6396	0.6071	0.5927	0.5927	0.6468	0.6513	0.7127	0.7561	0.7991	0.7670	0.8159	0.8505	0.8535	0.8403	0.8422	0.8005	0.8068	0.7613	0.7650	0.7915	0.8338	0.8681	0.8667	0.8437	0.8623	0.7744	0.7580	0.7605	0.7183	0.7044	0.4045	0.2609	0.2536	0.3042	0.2977	0.2610	0.2691	0.2942	0.3827	0.5315	0.3973	0.2975	0.3491	0.5502	0.6047	0.5662	0.5208
0.0488	0.0778	0.1045	0.1640	0.2121	0.2922	0.3531	0.4546	0.5496	0.5562	0.5946	0.6409	0.6757	0.6777	0.6490	0.5834	0.6385	0.6232	0.5870	0.5955	0.6052	0.6270	0.6443	0.6487	0.6541	0.6171	0.6710	0.6814	0.7681	0.7895	0.7995	0.8152	0.8170	0.8056	0.8283	0.8676	0.9042	0.8095	0.8163	0.7862	0.7987	0.7603	0.8642	0.8151	0.7013	0.8171	0.8676	0.7877	0.7510	0.7432	0.7230	0.6655	0.3611	0.2305	0.2136	0.2322	0.2389	0.2490	0.2447	0.2680	0.3021	0.3173	0.2803	0.2914	0.3853	0.5405	0.4945	0.5270	0.5146
0.0231	0.0491	0.0678	0.0819	0.0928	0.1205	0.1369	0.1890	0.2468	0.2641	0.3232	0.4560	0.7060	0.7104	0.6971	0.6678	0.6746	0.6536	0.6135	0.6207	0.6531	0.6505	0.6490	0.6749	0.6752	0.6723	0.6663	0.6785	0.7388	0.7895	0.8167	0.8216	0.8380	0.8643	0.8972	0.8904	0.8861	0.8729	0.8404	0.7919	0.8112	0.7815	0.8077	0.6070	0.5918	0.8221	0.8558	0.7997	0.7339	0.7388	0.7043	0.4354	0.2416	0.2115	0.2068	0.2219	0.2344	0.2284	0.2156	0.2395	0.2536	0.2438	0.2559	0.2598	0.4066	0.5271	0.4611	0.5119	0.5397
0.0107	0.0339	0.0621	0.0556	0.0603	0.0724	0.0882	0.0996	0.1276	0.1676	0.1931	0.2554	0.4747	0.6355	0.7053	0.7375	0.7311	0.7437	0.7671	0.6971	0.6547	0.6905	0.6749	0.7004	0.7120	0.7282	0.7280	0.7534	0.7841	0.8290	0.7969	0.7928	0.8792	0.9016	0.8842	0.8511	0.8662	0.8813	0.8439	0.7905	0.8356	0.8116	0.8269	0.6624	0.7357	0.8245	0.8263	0.8130	0.7533	0.7677	0.5629	0.2397	0.1936	0.2029	0.1993	0.2060	0.2242	0.2236	0.2107	0.2278	0.2322	0.2257	0.2432	0.2517	0.3565	0.5934	0.5834	0.4779	0.4356
0.0260	0.0271	0.0392	0.0490	0.0724	0.0569	0.0757	0.0758	0.0933	0.1178	0.1301	0.1494	0.2241	0.3463	0.5479	0.7108	0.7774	0.7048	0.6782	0.7455	0.6702	0.6415	0.6793	0.7050	0.6890	0.6959	0.6787	0.7090	0.7796	0.8645	0.8448	0.8736	0.9025	0.9167	0.9217	0.8573	0.8675	0.8443	0.8602	0.8215	0.8127	0.8256	0.8147	0.7923	0.8334	0.8123	0.7673	0.6748	0.4894	0.4974	0.3565	0.1842	0.1680	0.1777	0.1760	0.1948	0.2047	0.2014	0.1951	0.2048	0.2026	0.2012	0.2257	0.2221	0.2549	0.4470	0.4383	0.2917	0.2830
0.0173	0.0149	0.0300	0.0387	0.0445	0.0418	0.0554	0.0597	0.0788	0.0841	0.0862	0.1026	0.1318	0.1387	0.2298	0.4509	0.6607	0.4868	0.4853	0.7134	0.6532	0.5939	0.6205	0.6413	0.6401	0.5373	0.4067	0.3653	0.5039	0.5941	0.5527	0.5779	0.7178	0.8973	0.9539	0.9145	0.9036	0.9082	0.8859	0.8378	0.8063	0.7941	0.7732	0.8185	0.8172	0.7509	0.4505	0.2615	0.2012	0.2098	0.2004	0.1564	0.1646	0.1574	0.1647	0.1658	0.1567	0.1705	0.1774	0.1771	0.1714	0.1828	0.1890	0.1865	0.1988	0.2387	0.2424	0.2327	0.2429
0.0075	0.0157	0.0197	0.0238	0.0408	0.0430	0.0524	0.0553	0.0653	0.0651	0.0696	0.0832	0.0959	0.0937	0.1187	0.1836	0.3144	0.2542	0.3177	0.4267	0.3043	0.3127	0.3423	0.3432	0.3221	0.2324	0.1793	0.1855	0.2165	0.2511	0.2551	0.2855	0.3738	0.7007	0.9315	0.9178	0.9176	0.9038	0.8673	0.7816	0.6427	0.4575	0.4556	0.7237	0.7331	0.4624	0.1962	0.1565	0.1621	0.1569	0.1488	0.1371	0.1448	0.1361	0.1389	0.1367	0.1431	0.1519	0.1538	0.1557	0.1621	0.1739	0.1636	0.1678	0.1695	0.1746	0.1753	0.1690	0.1866
0.0084	0.0104	0.0192	0.0244	0.0305	0.0512	0.0445	0.0533	0.0422	0.0571	0.0736	0.0639	0.0759	0.0730	0.0831	0.0939	0.1241	0.1092	0.1189	0.1414	0.1240	0.1327	0.1453	0.1471	0.1338	0.1310	0.1372	0.1472	0.1508	0.1408	0.1774	0.1952	0.2371	0.4782	0.8615	0.8963	0.8781	0.8666	0.8289	0.5571	0.2598	0.1726	0.1875	0.3275	0.3470	0.1886	0.1423	0.1493	0.1439	0.1284	0.1341	0.1345	0.1216	0.1174	0.1219	0.1357	0.1238	0.1303	0.1337	0.1343	0.1401	0.1432	0.1401	0.1429	0.1406	0.1498	0.1429	0.1537	0.1556
0.0037	0.0012	0.0169	0.0248	0.0309	0.0407	0.0370	0.0422	0.0426	0.0409	0.0536	0.0601	0.0657	0.0761	0.0832	0.0777	0.0950	0.0979	0.0946	0.0990	0.0997	0.1165	0.1115	0.1017	0.1017	0.1092	0.1052	0.1146	0.1259	0.1295	0.1270	0.1341	0.1565	0.2305	0.4764	0.7369	0.8380	0.8079	0.5871	0.2391	0.1088	0.1252	0.1347	0.1207	0.1325	0.1413	0.1341	0.1386	0.1239	0.1153	0.1134	0.1172	0.1129	0.1082	0.1083	0.1269	0.1200	0.1106	0.1097	0.1221	0.1195	0.1221	0.1290	0.1250	0.1185	0.1249	0.1250	0.1430	0.1356
0.0118	0.0144	0.0157	0.0290	0.0242	0.0249	0.0417	0.0455	0.0478	0.0366	0.0489	0.0514	0.0604	0.0568	0.0659	0.0752	0.0859	0.0808	0.0714	0.0845	0.0919	0.0938	0.0905	0.0919	0.0957	0.0934	0.0865	0.0938	0.0985	0.1044	0.1032	0.1067	0.1209	0.1221	0.1508	0.2523	0.3927	0.3445	0.1878	0.1141	0.1070	0.1026	0.1054	0.1029	0.1027	0.1073	0.1066	0.1138	0.1054	0.1034	0.0976	0.0984	0.0940	0.0905	0.0929	0.0965	0.0984	0.1008	0.0996	0.1169	0.1133	0.1079	0.1008	0.1078	0.1006	0.0990	0.1048	0.1205	0.1239
0.0000	0.0095	0.0111	0.0235	0.0199	0.0235	0.0238	0.0354	0.0395	0.0381	0.0456	0.0399	0.0560	0.0584	0.0555	0.0645	0.0686	0.0710	0.0710	0.0708	0.0879	0.0872	0.0779	0.0844	0.0991	0.0924	0.0921	0.0860	0.0911	0.0940	0.0994	0.0935	0.1012	0.1126	0.1164	0.1183	0.1154	0.1235	0.1200	0.1101	0.0952	0.0883	0.1000	0.0907	0.0936	0.0881	0.0813	0.0861	0.0858	0.0898	0.0806	0.0835	0.0840	0.0692	0.0803	0.0842	0.0804	0.0805	0.0832	0.0897	0.0927	0.0872	0.0938	0.0984	0.0962	0.0939	0.0986	0.0976	0.1005
0.0008	0.0022	0.0113	0.0058	0.0115	0.0142	0.0290	0.0365	0.0310	0.0345	0.0363	0.0405	0.0495	0.0466	0.0551	0.0644	0.0642	0.0640	0.0618	0.0682	0.0789	0.0778	0.0807	0.0759	0.0805	0.0828	0.0865	0.0793	0.0831	0.0899	0.0879	0.0864	0.0979	0.0949	0.1007	0.1057	0.1017	0.1029	0.0919	0.0963	0.0889	0.0860	0.0871	0.0876	0.0854	0.0775	0.0711	0.0654	0.0710	0.0736	0.0721	0.0672	0.0641	0.0581	0.0716	0.0722	0.0748	0.0628	0.0721	0.0739	0.0701	0.0665	0.0733	0.0801	0.0850	0.0816	0.0871	0.0743	0.0821
0.0059	0.0000	0.0026	0.0065	0.0106	0.0126	0.0249	0.0269	0.0382	0.0302	0.0273	0.0404	0.0566	0.0549	0.0616	0.0582	0.0560	0.0617	0.0690	0.0685	0.0624	0.0625	0.0804	0.0775	0.0680	0.0716	0.0825	0.0796	0.0707	0.0713	0.0707	0.0681	0.0804	0.0901	0.0906	0.0970	0.0921	0.0985	0.0913	0.0853	0.0803	0.0699	0.0793	0.0792	0.0751	0.0720	0.0722	0.0641	0.0641	0.0656	0.0611	0.0570	0.0518	0.0543	0.0647	0.0556	0.0556	0.0513	0.0549	0.0660	0.0616	0.0597	0.0638	0.0590	0.0595	0.0586	0.0571	0.0624	0.0656
0.0030	0.0000	0.0011	0.0061	0.0023	0.0160	0.0245	0.0412	0.0262	0.0263	0.0230	0.0249	0.0362	0.0451	0.0468	0.0419	0.0482	0.0516	0.0546	0.0570	0.0545	0.0620	0.0626	0.0709	0.0657	0.0718	0.0761	0.0660	0.0677	0.0721	0.0646	0.0652	0.0718	0.0764	0.0705	0.0790	0.0833	0.0720	0.0812	0.0778	0.0740	0.0698	0.0710	0.0629	0.0663	0.0699	0.0564	0.0538	0.0595	0.0613	0.0580	0.0547	0.0546	0.0504	0.0485	0.0492	0.0466	0.0425	0.0463	0.0486	0.0451	0.0444	0.0456	0.0523	0.0557	0.0483	0.0414	0.0446	0.0454
0.0000	0.0000	0.0000	0.0000	0.0000	0.0106	0.0172	0.0198	0.0214	0.0230	0.0208	0.0357	0.0299	0.0314	0.0303	0.0378	0.0486	0.0371	0.0447	0.0587	0.0526	0.0482	0.0449	0.0591	0.0623	0.0573	0.0616	0.0553	0.0691	0.0690	0.0591	0.0645	0.0632	0.0640	0.0624	0.0650	0.0607	0.0711	0.0699	0.0728	0.0744	0.0672	0.0630	0.0628	0.0534	0.0601	0.0603	0.0574	0.0536	0.0492	0.0551	0.0542	0.0451	0.0459	0.0516	0.0499	0.0462	0.0424	0.0421	0.0445	0.0429	0.0322	0.0360	0.0391	0.0421	0.0443	0.0395	0.0403	0.0392
0.0000	0.0000	0.0000	0.0000	0.0000	0.0074	0.0099	0.0056	0.0182	0.0125	0.0184	0.0387	0.0338	0.0175	0.0320	0.0408	0.0478	0.0369	0.0361	0.0428	0.0487	0.0504	0.0447	0.0516	0.0641	0.0540	0.0566	0.0633	0.0689	0.0602	0.0628	0.0597	0.0699	0.0728	0.0717	0.0636	0.0649	0.0716	0.0674	0.0697	0.0704	0.0586	0.0595	0.0631	0.0559	0.0549	0.0612	0.0550	0.0479	0.0495	0.0490	0.0485	0.0414	0.0501	0.0493	0.0401	0.0376	0.0405	0.0445	0.0378	0.0355	0.0346	0.0357	0.0349	0.0339	0.0339	0.0283	0.0359	0.0311
0.0000	0.0000	0.0000	0.0045	0.0000	0.0036	0.0074	0.0117	0.0090	0.0173	0.0176	0.0289	0.0287	0.0163	0.0301	0.0358	0.0365	0.0371	0.0353	0.0402	0.0382	0.0389	0.0369	0.0450	0.0491	0.0532	0.0467	0.0535	0.0585	0.0600	0.0655	0.0606	0.0573	0.0724	0.0708	0.0626	0.0550	0.0611	0.0613	0.0622	0.0614	0.0564	0.0546	0.0535	0.0565	0.0581	0.0557	0.0507	0.0506	0.0459	0.0504	0.0430	0.0446	0.0501	0.0400	0.0389	0.0363	0.0338	0.0352	0.0326	0.0337	0.0293	0.0290	0.0325	0.0337	0.0220	0.0267	0.0338	0.0219
0.0000	0.0000	0.0000	0.0000	0.0000	0.0050	0.0088	0.0110	0.0040	0.0202	0.0197	0.0201	0.0214	0.0238	0.0257	0.0304	0.0340	0.0223	0.0306	0.0372	0.0348	0.0379	0.0435	0.0436	0.0388	0.0429	0.0441	0.0445	0.0579	0.0598	0.0568	0.0543	0.0539	0.0621	0.0629	0.0599	0.0542	0.0546	0.0517	0.0540	0.0489	0.0518	0.0548	0.0537	0.0620	0.0611	0.0522	0.0478	0.0454	0.0321	0.0422	0.0374	0.0355	0.0333	0.0396	0.0437	0.0296	0.0278	0.0253	0.0256	0.0310	0.0255	0.0237	0.0290	0.0265	0.0213	0.0181	0.0189	0.0168
0.0000	0.0000	0.0000	0.0000	0.0000	0.0000	0.0031	0.0174	0.0063	0.0209	0.0104	0.0190	0.0228	0.0177	0.0190	0.0291	0.0226	0.0234	0.0267	0.0283	0.0399	0.0449	0.0381	0.0447	0.0498	0.0418	0.0460	0.0444	0.0517	0.0549	0.0530	0.0502	0.0571	0.0531	0.0637	0.0611	0.0639	0.0512	0.0492	0.0470	0.0521	0.0574	0.0628	0.0544	0.0475	0.0489	0.0490	0.0476	0.0434	0.0387	0.0378	0.0424	0.0334	0.0305	0.0411	0.0317	0.0264	0.0306	0.0249	0.0280	0.0314	0.0277	0.0277	0.0289	0.0223	0.0251	0.0292	0.0201	0.0142
