0.0000	0.0000	0.0000	0.0128	0.0007	0.0000	0.0000	0.0067	0.0095	0.0124	0.0175	0.0259	0.0163	0.0160	0.0327	0.0382	0.0453	0.0385	0.0453	0.0551	0.0463	0.0428	0.0656	0.0697	0.0702	0.0769	0.0928	0.0692	0.0731	0.0888	0.0952	0.0982	0.1120	0.1077	0.1005	0.1253	0.0962	0.0996	0.1063	0.1156	0.1138	0.1274	0.1332	0.1175	0.1279	0.1412	0.1411	0.1302	0.1236	0.1324	0.1425	0.0998	0.1002	0.1057	0.1094	0.1047	0.0963	0.0830	0.0768	0.0654	0.0614	0.0572	0.0550	0.0462	0.0556	0.0427	0.0349	0.0407	0.0400
0.0000	0.0000	0.0011	0.0174	0.0089	0.0000	0.0009	0.0108	0.0190	0.0107	0.0203	0.0272	0.0260	0.0314	0.0328	0.0375	0.0415	0.0561	0.0448	0.0568	0.0668	0.0561	0.0707	0.0768	0.0750	0.0839	0.0803	0.0845	0.0817	0.0957	0.1136	0.1101	0.1117	0.1193	0.1151	0.1234	0.1133	0.1158	0.1212	0.1271	0.1281	0.1269	0.1369	0.1569	0.1405	0.1481	0.1606	0.1459	0.1520	0.1439	0.1449	0.1145	0.0958	0.1043	0.1075	0.1102	0.1059	0.0978	0.0883	0.0894	0.0784	0.0567	0.0551	0.0655	0.0510	0.0423	0.0545	0.0469	0.0566
0.0000	0.0000	0.0022	0.0039	0.0019	0.0000	0.0012	0.0143	0.0209	0.0197	0.0230	0.0214	0.0413	0.0347	0.0357	0.0382	0.0435	0.0605	0.0640	0.0637	0.0592	0.0676	0.0632	0.0821	0.0897	0.1095	0.0930	0.0822	0.0933	0.0991	0.1118	0.1093	0.1115	0.1265	0.1198	0.1272	0.1353	0.1372	0.1257	0.1271	0.1245	0.1341	0.1444	0.1477	0.1736	0.1688	0.1533	0.1397	0.1463	0.1366	0.1473	0.1372	0.1174	0.1231	0.1157	0.1129	0.1121	0.0986	0.0984	0.1074	0.1117	0.0904	0.0777	0.0783	0.0696	0.0610	0.0511	0.0673	0.0658
0.0000	0.0000	0.0038	0.0084	0.0056	0.0129	0.0108	0.0156	0.0324	0.0229	0.0240	0.0362	0.0512	0.0322	0.0266	0.0425	0.0569	0.0595	0.0566	0.0789	0.0760	0.0797	0.0727	0.0929	0.1032	0.0944	0.0733	0.0853	0.1021	0.1012	0.1089	0.1010	0.1279	0.1280	0.1336	0.1218	0.1224	0.1217	0.1289	0.1339	0.1411	0.1278	0.1370	0.1527	0.1732	0.1593	0.1818	0.1625	0.1501	0.1323	0.1504	0.1604	0.1364	0.1275	0.1387	0.1211	0.0997	0.0990	0.1073	0.1025	0.1129	0.0940	0.0884	0.0846	0.0694	0.0650	0.0650	0.0805	0.0773
0.0000	0.0000	0.0118	0.0102	0.0053	0.0195	0.0172	0.0236	0.0205	0.0240	0.0256	0.0410	0.0622	0.0485	0.0470	0.0414	0.0568	0.0569	0.0619	0.0733	0.0794	0.0713	0.0784	0.0887	0.1039	0.0828	0.0905	0.1013	0.1018	0.0878	0.1089	0.1158	0.1404	0.1219	0.1374	0.1326	0.1372	0.1335	0.1278	0.1244	0.1343	0.1297	0.1496	0.1804	0.1849	0.1786	0.1988	0.1853	0.1973	0.2374	0.1726	0.1582	0.1556	0.1497	0.1343	0.1217	0.1052	0.1003	0.1041	0.1175	0.1025	0.0969	0.0836	0.0898	0.0879	0.0734	0.0891	0.0618	0.0756
0.0000	0.0171	0.0115	0.0123	0.0075	0.0114	0.0163	0.0319	0.0240	0.0369	0.0491	0.0540	0.0628	0.0529	0.0547	0.0629	0.0566	0.0553	0.0475	0.0678	0.0858	0.0809	0.0824	0.0955	0.1024	0.0981	0.0985	0.1101	0.1003	0.1077	0.1198	0.1094	0.1312	0.1319	0.1518	0.1402	0.1334	0.1412	0.1432	0.1308	0.1346	0.1527	0.1678	0.1981	0.2233	0.2154	0.2379	0.2774	0.4333	0.6023	0.4176	0.2250	0.1667	0.1539	0.1361	0.1407	0.1127	0.1074	0.1193	0.1222	0.1229	0.1146	0.1114	0.1220	0.1109	0.0846	0.0868	0.0732	0.0829
0.0041	0.0028	0.0086	0.0160	0.0117	0.0068	0.0169	0.0307	0.0279	0.0528	0.0507	0.0589	0.0568	0.0374	0.0415	0.0779	0.0655	0.0601	0.0615	0.0774	0.0960	0.0818	0.0862	0.0874	0.0985	0.1204	0.1080	0.1094	0.1192	0.1233	0.1257	0.1408	0.1575	0.1517	0.1566	0.1460	0.1333	0.1507	0.1567	0.1596	0.1620	0.1813	0.2084	0.2404	0.2931	0.3374	0.4252	0.5657	0.6658	0.7028	0.6434	0.4298	0.2211	0.1750	0.1522	0.1692	0.1538	0.1393	0.1481	0.1476	0.1348	0.1110	0.1201	0.1329	0.1317	0.1230	0.1009	0.0992	0.1019
0.0065	0.0137	0.0230	0.0245	0.0184	0.0190	0.0239	0.0450	0.0445	0.0427	0.0526	0.0583	0.0538	0.0488	0.0663	0.0725	0.0685	0.0773	0.0819	0.0804	0.0949	0.1008	0.0926	0.0960	0.1027	0.1290	0.1083	0.1210	0.1441	0.1456	0.1491	0.1357	0.1450	0.1540	0.1616	0.1489	0.1577	0.1703	0.1639	0.1918	0.1903	0.2214	0.2791	0.4400	0.6785	0.6711	0.7596	0.8535	0.7216	0.6601	0.6414	0.5375	0.3955	0.3128	0.2091	0.1809	0.1510	0.1464	0.1662	0.1502	0.1440	0.1463	0.1370	0.1273	0.1371	0.1250	0.1176	0.1186	0.1287
0.0047	0.0057	0.0187	0.0252	0.0153	0.0278	0.0367	0.0496	0.0605	0.0392	0.0456	0.0509	0.0627	0.0577	0.0536	0.0675	0.0791	0.0733	0.0885	0.1051	0.1097	0.1137	0.1057	0.0985	0.1137	0.1327	0.1270	0.1320	0.1475	0.1517	0.1568	0.1641	0.1665	0.1666	0.1760	0.1803	0.1668	0.1846	0.2109	0.2492	0.2392	0.2980	0.4095	0.7030	0.9863	0.9101	0.8419	0.7986	0.6779	0.6730	0.6964	0.6523	0.6161	0.5637	0.4502	0.3197	0.2168	0.1786	0.1797	0.1677	0.1633	0.1740	0.1670	0.1571	0.1339	0.1307	0.1311	0.1406	0.1542
0.0000	0.0097	0.0072	0.0118	0.0190	0.0250	0.0378	0.0480	0.0671	0.0584	0.0528	0.0624	0.0718	0.0737	0.0757	0.0785	0.0899	0.0844	0.1038	0.1129	0.0989	0.1110	0.1104	0.1059	0.1306	0.1404	0.1450	0.1697	0.1667	0.1647	0.1698	0.1968	0.1769	0.1958	0.2173	0.2171	0.2087	0.2461	0.2538	0.2773	0.2858	0.3381	0.4120	0.6176	0.8244	0.9007	0.8517	0.7780	0.7240	0.6872	0.6666	0.6417	0.6406	0.5802	0.5606	0.5783	0.3958	0.2292	0.1991	0.1968	0.2027	0.1820	0.1894	0.1834	0.1668	0.1571	0.1580	0.1612	0.1668
0.0086	0.0097	0.0202	0.0221	0.0342	0.0415	0.0655	0.0539	0.0591	0.0525	0.0509	0.0593	0.0570	0.0807	0.0736	0.0874	0.1032	0.0959	0.1118	0.1064	0.1237	0.1352	0.1196	0.1299	0.1728	0.1666	0.1683	0.1910	0.2147	0.2196	0.2343	0.2677	0.2377	0.2599	0.2801	0.2718	0.2549	0.2732	0.2835	0.3032	0.3226	0.3571	0.4429	0.5331	0.7237	0.9005	0.8851	0.8264	0.7545	0.7035	0.6601	0.6238	0.5807	0.5798	0.5444	0.6134	0.5442	0.2815	0.2630	0.2599	0.2324	0.1796	0.1901	0.2091	0.1938	0.1894	0.1986	0.2077	0.2099
0.0041	0.0315	0.0304	0.0437	0.0413	0.0520	0.0431	0.0556	0.0574	0.0589	0.0647	0.0737	0.0746	0.0842	0.0770	0.0888	0.1089	0.1123	0.1112	0.1279	0.1429	0.1532	0.1652	0.1813	0.2271	0.2246	0.2420	0.2619	0.2908	0.3543	0.4900	0.5502	0.4140	0.3133	0.3082	0.2722	0.3010	0.3206	0.3438	0.3747	0.3744	0.4075	0.5511	0.8323	0.9184	0.8976	0.9076	0.8175	0.7626	0.7118	0.6841	0.6293	0.5918	0.5913	0.5450	0.6057	0.4946	0.4707	0.4920	0.4569	0.3939	0.2501	0.2011	0.2470	0.2605	0.2312	0.2788	0.3624	0.3530
0.0067	0.0215	0.0248	0.0478	0.0389	0.0304	0.0431	0.0652	0.0605	0.0630	0.0738	0.0878	0.1014	0.0791	0.0857	0.0990	0.1082	0.1270	0.1405	0.1640	0.1774	0.2238	0.2455	0.2754	0.3185	0.3641	0.4148	0.5129	0.5844	0.6029	0.7023	0.8010	0.7497	0.5341	0.4273	0.3406	0.3344	0.3860	0.4360	0.4482	0.4486	0.4936	0.6554	0.9861	0.9171	0.8727	0.9278	0.8490	0.8619	0.7680	0.7113	0.6705	0.6650	0.6316	0.5711	0.5530	0.4859	0.4943	0.6377	0.6116	0.5188	0.3339	0.2737	0.3103	0.3087	0.2719	0.2836	0.4164	0.4146
0.0243	0.0221	0.0354	0.0330	0.0284	0.0385	0.0518	0.0622	0.0744	0.0710	0.0798	0.0853	0.1031	0.0926	0.0995	0.1320	0.1474	0.1657	0.1833	0.2078	0.2453	0.3278	0.4265	0.4752	0.5271	0.5843	0.6555	0.7453	0.7498	0.7601	0.7654	0.8014	0.8741	0.8220	0.7832	0.6402	0.5770	0.5567	0.5993	0.5578	0.5125	0.6061	0.8797	0.9579	0.9287	0.8798	0.9136	0.8757	0.8822	0.7918	0.8073	0.7773	0.7464	0.7220	0.7215	0.7401	0.6275	0.5864	0.6572	0.5929	0.5589	0.4501	0.3964	0.3989	0.3488	0.3082	0.3255	0.3538	0.3875
0.0055	0.0179	0.0477	0.0392	0.0380	0.0476	0.0643	0.0630	0.0885	0.0916	0.1073	0.1034	0.1042	0.1200	0.1495	0.1674	0.2304	0.2505	0.2820	0.3449	0.4579	0.5621	0.6296	0.6728	0.6427	0.5916	0.6196	0.6816	0.7043	0.7428	0.7512	0.8646	0.9222	0.9348	0.8683	0.8654	0.8518	0.8189	0.8669	0.8176	0.6861	0.7405	0.9461	0.9517	0.9259	0.8995	0.8830	0.9210	0.9401	0.8368	0.8178	0.7747	0.7537	0.6763	0.6726	0.7335	0.7256	0.6655	0.6490	0.6245	0.5578	0.5249	0.4675	0.5206	0.4489	0.4026	0.3786	0.3264	0.3984
0.0036	0.0143	0.0371	0.0504	0.0512	0.0561	0.0740	0.0956	0.1083	0.1090	0.1398	0.1408	0.1615	0.1752	0.2142	0.2629	0.3336	0.4015	0.4498	0.4951	0.6420	0.6874	0.5667	0.5945	0.6014	0.5566	0.5675	0.5941	0.6759	0.6366	0.6703	0.8326	0.8620	0.8670	0.8384	0.8335	0.8447	0.8557	0.8353	0.8216	0.8379	0.8349	0.9445	0.9415	0.8939	0.9862	0.8673	0.8687	0.8798	0.8914	0.8051	0.8013	0.7798	0.7260	0.6979	0.7382	0.7353	0.7221	0.6438	0.6718	0.5947	0.5412	0.5705	0.6348	0.4959	0.4615	0.4106	0.3370	0.3982
0.0206	0.0401	0.0484	0.0521	0.0761	0.0868	0.0972	0.1229	0.1458	0.1580	0.2005	0.2080	0.2466	0.2654	0.3284	0.3805	0.4629	0.6713	0.6903	0.6491	0.6571	0.6340	0.5299	0.5218	0.5543	0.5403	0.5695	0.5929	0.6030	0.5973	0.6702	0.7729	0.8157	0.8196	0.8969	0.7921	0.8373	0.8594	0.8564	0.7894	0.7882	0.7926	0.8810	0.9356	0.9122	0.8995	0.8808	0.9034	0.8470	0.8709	0.8323	0.8218	0.8238	0.7739	0.7497	0.7801	0.7061	0.6858	0.6756	0.6886	0.5977	0.5587	0.6271	0.6058	0.5338	0.4592	0.4159	0.3524	0.3606
0.0585	0.0698	0.0848	0.1013	0.1356	0.1696	0.1985	0.2290	0.2622	0.2520	0.3040	0.3078	0.3391	0.3766	0.4636	0.5589	0.6630	0.7727	0.7170	0.6355	0.6094	0.6133	0.5108	0.4930	0.5238	0.5439	0.5772	0.5912	0.5696	0.6362	0.6844	0.7381	0.7393	0.7926	0.8284	0.7951	0.8188	0.7993	0.8173	0.7983	0.7783	0.7669	0.8164	0.9036	0.8693	0.7810	0.8660	0.9067	0.9157	0.8572	0.8349	0.8150	0.7719	0.7440	0.6805	0.6796	0.6438	0.6455	0.6833	0.6581	0.6058	0.5667	0.5733	0.5751	0.5397	0.4528	0.4442	0.3651	0.3847
0.0849	0.1360	0.2163	0.2831	0.3454	0.4416	0.4591	0.4362	0.4592	0.4514	0.4929	0.4809	0.5330	0.6100	0.6422	0.7251	0.7689	0.6944	0.6551	0.5839	0.5348	0.5460	0.5340	0.5313	0.5348	0.5445	0.6069	0.6251	0.6535	0.6911	0.6446	0.6644	0.7493	0.8180	0.7893	0.7691	0.7910	0.7786	0.7681	0.7928	0.7846	0.7472	0.8267	0.8281	0.8294	0.7765	0.7949	0.7965	0.7956	0.8457	0.8192	0.7653	0.7698	0.7298	0.6734	0.6627	0.6078	0.5789	0.5715	0.6177	0.6076	0.5536	0.5498	0.5168	0.5309	0.4760	0.4588	0.3708	0.4139
0.1719	0.2749	0.3669	0.4237	0.4850	0.5443	0.5330	0.5319	0.5761	0.5521	0.5866	0.6110	0.6726	0.6361	0.6627	0.6538	0.6573	0.6402	0.5669	0.5329	0.4906	0.5207	0.4952	0.5356	0.5667	0.5525	0.5758	0.6449	0.6381	0.6930	0.6929	0.6782	0.6923	0.7525	0.7482	0.7463	0.7468	0.7596	0.7251	0.7510	0.7637	0.7223	0.7778	0.8149	0.8374	0.7763	0.7602	0.7617	0.7926	0.7689	0.7602	0.6931	0.7020	0.6818	0.6597	0.6493	0.5984	0.6088	0.5873	0.5499	0.5543	0.5414	0.5374	0.5250	0.5175	0.5227	0.4783	0.4216	0.4223
0.2099	0.2712	0.2904	0.3262	0.3800	0.3909	0.4276	0.4721	0.4833	0.4796	0.5078	0.5372	0.5835	0.5931	0.5691	0.5478	0.5673	0.5572	0.5291	0.4832	0.4872	0.4953	0.5075	0.5282	0.5076	0.5611	0.5472	0.6184	0.6482	0.6334	0.6934	0.7123	0.7093	0.7690	0.7608	0.7434	0.7566	0.7580	0.7390	0.7462	0.7525	0.7029	0.7451	0.8054	0.7358	0.7481	0.8052	0.7097	0.7040	0.6873	0.7225	0.6501	0.6265	0.6785	0.6175	0.6072	0.6008	0.5713	0.5665	0.5349	0.5375	0.5523	0.5292	0.5269	0.5175	0.4918	0.4515	0.4392	0.4181
0.2114	0.2293	0.2609	0.2762	0.2914	0.3159	0.3716	0.3893	0.3963	0.4342	0.4461	0.4581	0.4938	0.4871	0.4762	0.4801	0.5520	0.5531	0.5278	0.4924	0.5291	0.5343	0.5248	0.5161	0.4942	0.5568	0.5780	0.5889	0.6137	0.6041	0.6404	0.6826	0.6924	0.6952	0.7336	0.7375	0.7114	0.7569	0.7306	0.7631	0.7762	0.7360	0.7150	0.7700	0.7449	0.6996	0.6917	0.6902	0.6692	0.6614	0.7215	0.6649	0.6317	0.6347	0.5866	0.6129	0.6242	0.6033	0.5503	0.5275	0.5316	0.5264	0.5207	0.4651	0.4757	0.4865	0.4514	0.3984	0.4132
0.1903	0.2095	0.2551	0.2597	0.2535	0.2770	0.3324	0.3120	0.3280	0.3386	0.3828	0.4354	0.5029	0.4492	0.4594	0.5053	0.5025	0.4999	0.5027	0.5068	0.5587	0.5722	0.5242	0.5320	0.5000	0.5121	0.5467	0.6240	0.6200	0.6640	0.6105	0.6404	0.7055	0.7087	0.7110	0.6925	0.7156	0.7311	0.7483	0.7156	0.7252	0.6906	0.6809	0.6759	0.7315	0.6859	0.6407	0.6973	0.6677	0.6556	0.6621	0.6722	0.6787	0.6084	0.6380	0.6390	0.6168	0.5810	0.5586	0.5486	0.5017	0.4866	0.4955	0.4718	0.4522	0.4346	0.4177	0.3662	0.3652
0.1738	0.2013	0.2442	0.2578	0.2558	0.2844	0.3227	0.3028	0.3023	0.3137	0.3391	0.3684	0.4097	0.4240	0.4196	0.4713	0.4975	0.5232	0.5370	0.5336	0.5254	0.5382	0.5196	0.4977	0.5570	0.5396	0.5605	0.5943	0.6360	0.6301	0.6453	0.6556	0.7042	0.7020	0.7143	0.6962	0.6881	0.6951	0.6842	0.6883	0.6724	0.6557	0.6727	0.6872	0.7019	0.6704	0.6589	0.6523	0.6357	0.6398	0.6017	0.5998	0.6567	0.6072	0.5828	0.6107	0.5563	0.5619	0.5610	0.5200	0.4745	0.4779	0.4755	0.4435	0.4077	0.3809	0.3672	0.3484	0.3574
0.1824	0.2092	0.2260	0.2395	0.2541	0.2578	0.2830	0.2933	0.3242	0.3216	0.3439	0.3583	0.3988	0.4074	0.4259	0.4433	0.4561	0.4984	0.5184	0.5071	0.4997	0.5116	0.5062	0.5618	0.5557	0.5646	0.5714	0.5818	0.6529	0.6326	0.6539	0.6417	0.6904	0.7111	0.7077	0.7046	0.7152	0.7011	0.6706	0.6730	0.6678	0.6671	0.6756	0.6942	0.6583	0.6431	0.6543	0.6495	0.6397	0.6262	0.6000	0.5876	0.6149	0.5526	0.5552	0.5770	0.5559	0.5287	0.5149	0.5038	0.4749	0.4288	0.4625	0.4004	0.3907	0.3570	0.3329	0.3228	0.3249
0.1916	0.1983	0.2040	0.2261	0.2316	0.2497	0.2928	0.2942	0.3183	0.3206	0.3491	0.3801	0.4188	0.4126	0.4364	0.4899	0.5076	0.4778	0.4708	0.5126	0.5586	0.5101	0.4631	0.5192	0.5419	0.5582	0.5679	0.6256	0.6402	0.6142	0.6615	0.6302	0.6322	0.6463	0.6525	0.6745	0.6773	0.6614	0.6757	0.6427	0.6477	0.6622	0.6454	0.6415	0.6542	0.6957	0.6557	0.6482	0.6797	0.6255	0.6206	0.5756	0.5655	0.5334	0.5444	0.5540	0.5508	0.5220	0.5012	0.4855	0.4969	0.4399	0.4463	0.4143	0.3786	0.3742	0.3498	0.3247	0.3201
0.1709	0.2099	0.2094	0.2325	0.2187	0.2313	0.2711	0.2960	0.3059	0.3027	0.3493	0.3657	0.4258	0.4316	0.4230	0.4769	0.4902	0.4658	0.4796	0.5263	0.5182	0.5289	0.5029	0.5391	0.5494	0.5363	0.5675	0.5933	0.5927	0.6199	0.6541	0.6470	0.6303	0.6294	0.6296	0.6054	0.6342	0.6261	0.6670	0.6389	0.6585	0.6252	0.6498	0.6632	0.7023	0.6751	0.6577	0.6312	0.6483	0.6399	0.6084	0.5945	0.5782	0.5649	0.5452	0.5492	0.5170	0.5085	0.4865	0.5067	0.4699	0.4534	0.4288	0.4070	0.3862	0.3690	0.3509	0.3309	0.3233
0.1511	0.2014	0.2067	0.2415	0.2160	0.2322	0.2574	0.2852	0.2921	0.3285	0.3483	0.3830	0.4242	0.4317	0.4286	0.4538	0.4551	0.4594	0.4791	0.5148	0.4931	0.5236	0.5050	0.5396	0.5511	0.5532	0.5708	0.5597	0.6183	0.6370	0.6598	0.6537	0.6261	0.6142	0.6229	0.6564	0.6232	0.6174	0.6437	0.6401	0.6619	0.6533	0.6516	0.6409	0.6825	0.6552	0.6514	0.6611	0.6615	0.6042	0.6248	0.6345	0.6395	0.5750	0.5377	0.5405	0.5346	0.4920	0.4928	0.4944	0.4582	0.4562	0.4439	0.4108	0.3995	0.3864	0.3688	0.3667	0.3495
0.1400	0.1733	0.1948	0.2017	0.2255	0.2145	0.2345	0.2843	0.2950	0.3334	0.3549	0.3909	0.3864	0.4035	0.4383	0.4656	0.4738	0.4974	0.5145	0.5150	0.5123	0.4922	0.5006	0.5511	0.5371	0.5274	0.5733	0.6014	0.6457	0.6238	0.6459	0.6658	0.6469	0.6337	0.6513	0.6083	0.6362	0.6692	0.6636	0.6581	0.6926	0.6773	0.6868	0.6984	0.6803	0.6501	0.6837	0.6572	0.6413	0.6254	0.6167	0.5831	0.5829	0.5978	0.5653	0.5529	0.5327	0.5401	0.5047	0.4826	0.4730	0.4531	0.4420	0.4370	0.4157	0.4049	0.3741	0.3441	0.3293
0.1297	0.1524	0.1834	0.2175	0.2343	0.2166	0.2242	0.2659	0.2810	0.2897	0.3621	0.3766	0.3956	0.4100	0.4051	0.4630	0.5149	0.5403	0.5051	0.5120	0.5104	0.5093	0.5029	0.5484	0.5560	0.5433	0.5723	0.6242	0.6167	0.6386	0.6452	0.6785	0.7013	0.6608	0.6519	0.6175	0.6598	0.6862	0.6857	0.6677	0.6994	0.6919	0.6902	0.7070	0.7048	0.6497	0.6982	0.6945	0.6371	0.6569	0.6352	0.6132	0.5969	0.5774	0.5671	0.5460	0.5194	0.4945	0.4886	0.5004	0.4818	0.4695	0.4550	0.4458	0.4519	0.4225	0.3775	0.3959	0.3724
0.1177	0.1387	0.1516	0.1715	0.1891	0.2073	0.2401	0.2513	0.2927	0.2995	0.3447	0.3954	0.3962	0.3892	0.4220	0.4654	0.5066	0.5161	0.5126	0.5203	0.5186	0.5495	0.5146	0.5167	0.5378	0.5388	0.5197	0.5651	0.5855	0.6043	0.6253	0.6783	0.6765	0.6772	0.6989	0.6998	0.6897	0.6929	0.6943	0.6977	0.6801	0.7110	0.6898	0.7190	0.6815	0.6829	0.6945	0.6839	0.6827	0.6984	0.6602	0.6646	0.7053	0.6526	0.5574	0.5332	0.5379	0.5324	0.5091	0.5293	0.4911	0.4999	0.4900	0.4505	0.4564	0.4340	0.4011	0.3783	0.3488
0.1008	0.1052	0.1288	0.1666	0.1827	0.1845	0.2256	0.2517	0.2789	0.2888	0.3190	0.3493	0.3794	0.4074	0.4399	0.4976	0.5245	0.5215	0.5173	0.5194	0.5035	0.5352	0.5301	0.5509	0.5550	0.5528	0.5524	0.5903	0.6089	0.5849	0.6204	0.6801	0.6848	0.6568	0.7075	0.7023	0.6992	0.6981	0.6872	0.6863	0.6771	0.6996	0.7225	0.7341	0.7412	0.7193	0.7045	0.7218	0.6825	0.6768	0.7315	0.6553	0.6480	0.6579	0.6168	0.5830	0.5669	0.5537	0.5406	0.5111	0.5307	0.5482	0.5312	0.5112	0.4771	0.4215	0.4268	0.4112	0.3888
0.0981	0.1073	0.1207	0.1617	0.1902	0.1876	0.2168	0.2522	0.2970	0.2977	0.3054	0.3321	0.3927	0.4017	0.4309	0.4713	0.4957	0.5024	0.5115	0.5151	0.5414	0.5397	0.5295	0.5709	0.5849	0.5871	0.5930	0.6312	0.6260	0.5908	0.6254	0.6515	0.6811	0.6669	0.7306	0.6942	0.7203	0.7142	0.7194	0.7172	0.7426	0.7478	0.7311	0.7711	0.7524	0.6934	0.7337	0.7331	0.7420	0.7059	0.7043	0.6833	0.6837	0.6652	0.6269	0.6135	0.5933	0.5606	0.5415	0.5148	0.5669	0.5691	0.5691	0.5280	0.4942	0.4612	0.4684	0.4259	0.4004
0.0929	0.1005	0.1215	0.1221	0.1721	0.1724	0.2031	0.2832	0.3082	0.3012	0.3138	0.3236	0.3839	0.4417	0.4249	0.4584	0.4559	0.4719	0.4998	0.5246	0.5503	0.5146	0.5310	0.5552	0.5759	0.5763	0.5847	0.6196	0.6291	0.6458	0.6731	0.6577	0.6670	0.6997	0.7308	0.6989	0.6714	0.7184	0.7543	0.7613	0.7344	0.7690	0.7707	0.7826	0.7305	0.7265	0.7529	0.7443	0.7309	0.7558	0.7471	0.6904	0.6834	0.6610	0.6500	0.6349	0.6107	0.5984	0.6217	0.6197	0.6472	0.6107	0.5645	0.5650	0.5340	0.5441	0.5390	0.4900	0.4387
0.0609	0.0968	0.1120	0.1291	0.1588	0.1715	0.2413	0.3141	0.2960	0.2995	0.3090	0.3396	0.3947	0.4295	0.4244	0.4389	0.4830	0.4978	0.5017	0.5120	0.5203	0.5253	0.5105	0.5438	0.5993	0.5930	0.6260	0.6149	0.6146	0.6363	0.6397	0.6364	0.6658	0.6857	0.7577	0.6962	0.6996	0.7145	0.7590	0.7395	0.7768	0.7711	0.7800	0.7887	0.7484	0.7644	0.7322	0.7361	0.7066	0.7686	0.7484	0.7031	0.7031	0.6970	0.6740	0.6539	0.6285	0.6341	0.6473	0.6767	0.6738	0.5978	0.6320	0.6201	0.6041	0.5518	0.5353	0.5011	0.4627
0.0825	0.0894	0.0975	0.1310	0.1776	0.2235	0.2736	0.3482	0.3458	0.3453	0.3535	0.3800	0.4232	0.4519	0.4119	0.4502	0.4706	0.4787	0.4918	0.5225	0.5289	0.5352	0.5287	0.5328	0.6078	0.5870	0.6109	0.6336	0.6824	0.5915	0.6022	0.6230	0.6738	0.6928	0.7279	0.7226	0.7361	0.7300	0.7249	0.7442	0.7541	0.7894	0.8026	0.8385	0.7821	0.7793	0.8001	0.7921	0.7736	0.7937	0.7931	0.7546	0.7197	0.7241	0.7053	0.6710	0.6512	0.6634	0.6474	0.6754	0.6981	0.6015	0.6419	0.6870	0.6153	0.5739	0.5475	0.5383	0.5059
0.0662	0.0827	0.1341	0.1478	0.1931	0.2522	0.3275	0.3968	0.4231	0.4575	0.4276	0.4501	0.4582	0.4686	0.4359	0.4576	0.4634	0.5122	0.5310	0.5194	0.5420	0.5518	0.5541	0.5866	0.5718	0.5835	0.5985	0.6401	0.6719	0.6279	0.6142	0.6530	0.6950	0.7176	0.7434	0.7480	0.7775	0.7579	0.7169	0.7150	0.7707	0.7790	0.7805	0.8383	0.8177	0.7746	0.7902	0.8028	0.8388	0.8193	0.7720	0.7234	0.7397	0.7102	0.6724	0.7074	0.6997	0.6882	0.6875	0.6677	0.6585	0.6367	0.5774	0.6388	0.6093	0.5497	0.5150	0.4563	0.4715
0.1130	0.1342	0.1773	0.2022	0.2394	0.2907	0.3686	0.4317	0.4836	0.4858	0.5281	0.5708	0.5707	0.5333	0.5548	0.5554	0.5702	0.5758	0.5056	0.5098	0.5344	0.5743	0.5782	0.5967	0.5828	0.5988	0.6063	0.6550	0.6633	0.6287	0.6885	0.7161	0.7003	0.7293	0.7778	0.7786	0.8021	0.8162	0.7666	0.7744	0.7675	0.7631	0.8031	0.8174	0.8428	0.8011	0.7945	0.8104	0.8291	0.8030	0.7931	0.7864	0.7789	0.7788	0.7001	0.7147	0.6946	0.6709	0.6763	0.6329	0.6321	0.6782	0.5454	0.4800	0.5299	0.5172	0.4427	0.3177	0.3236
0.1287	0.1923	0.2759	0.3363	0.3921	0.4589	0.4961	0.5214	0.5662	0.6065	0.6301	0.6621	0.6624	0.6742	0.6820	0.6710	0.7147	0.6597	0.5903	0.5491	0.5328	0.5416	0.5639	0.5726	0.6070	0.5860	0.6606	0.6286	0.6327	0.6477	0.6839	0.7358	0.7298	0.7846	0.8517	0.8079	0.7950	0.8106	0.8201	0.7667	0.7797	0.8135	0.8037	0.8280	0.8322	0.8075	0.8248	0.7723	0.8033	0.7987	0.7688	0.8242	0.8083	0.7781	0.6760	0.6826	0.6727	0.6479	0.6191	0.6280	0.6582	0.6624	0.5359	0.3449	0.3344	0.3816	0.3269	0.2870	0.2893
0.0766	0.1303	0.2304	0.3140	0.4172	0.5096	0.5293	0.5414	0.5606	0.5963	0.5709	0.6197	0.6204	0.6434	0.7110	0.7714	0.7983	0.7876	0.7523	0.6721	0.5919	0.5902	0.5819	0.5741	0.5815	0.5377	0.5755	0.6087	0.6376	0.6658	0.6851	0.7189	0.7451	0.7838	0.8020	0.8110	0.8313	0.7644	0.7943	0.7688	0.7547	0.8007	0.8290	0.8710	0.8743	0.8617	0.8411	0.8176	0.8498	0.8300	0.8266	0.8083	0.8390	0.7908	0.7042	0.6941	0.6430	0.6368	0.6398	0.6734	0.6559	0.6417	0.4533	0.3066	0.2750	0.2822	0.2745	0.2814	0.2813
0.0522	0.0741	0.0972	0.1285	0.1721	0.2130	0.2625	0.2720	0.2673	0.2692	0.3148	0.3507	0.3797	0.4127	0.5094	0.6830	0.8345	0.8704	0.8359	0.8156	0.7626	0.7009	0.6178	0.5715	0.5707	0.5613	0.5705	0.5732	0.6655	0.7127	0.7163	0.7619	0.7699	0.7861	0.7825	0.7962	0.8107	0.7887	0.7696	0.7553	0.7885	0.7833	0.8536	0.8604	0.8845	0.8645	0.8743	0.8582	0.8468	0.8425	0.8384	0.8048	0.7646	0.7647	0.7254	0.7641	0.6902	0.6611	0.6528	0.6534	0.6131	0.4943	0.3088	0.2570	0.2472	0.2588	0.2537	0.2557	0.2384
0.0206	0.0476	0.0724	0.0957	0.0851	0.0926	0.1204	0.1461	0.1615	0.1751	0.2071	0.2213	0.2590	0.2893	0.3409	0.4114	0.5443	0.6038	0.6982	0.7840	0.8296	0.7245	0.6743	0.6436	0.6269	0.6130	0.5934	0.6434	0.6990	0.7331	0.7714	0.7635	0.8108	0.8367	0.8598	0.8288	0.7985	0.8408	0.7998	0.8139	0.7983	0.7973	0.8243	0.8582	0.8692	0.8775	0.9013	0.8725	0.8593	0.8235	0.8634	0.8154	0.7909	0.8026	0.7516	0.7411	0.7118	0.6926	0.6362	0.6425	0.5167	0.3120	0.2402	0.2407	0.2500	0.2466	0.2499	0.2255	0.2365
0.0114	0.0281	0.0354	0.0508	0.0635	0.0613	0.0731	0.0805	0.1056	0.1203	0.1339	0.1499	0.1910	0.1962	0.2274	0.2774	0.3097	0.3516	0.4499	0.5872	0.6981	0.7641	0.7290	0.7257	0.7335	0.6803	0.6591	0.7166	0.7857	0.7805	0.8103	0.7942	0.8042	0.8601	0.8367	0.8015	0.7996	0.8695	0.8048	0.7989	0.8650	0.8344	0.8816	0.9290	0.8944	0.8700	0.9025	0.8767	0.8800	0.8752	0.8530	0.8613	0.8732	0.8112	0.7673	0.8026	0.7856	0.7526	0.6946	0.6420	0.4757	0.2495	0.2239	0.2383	0.2287	0.2346	0.2331	0.2356	0.2410
0.0140	0.0319	0.0337	0.0407	0.0477	0.0619	0.0654	0.0646	0.0764	0.0941	0.0937	0.0969	0.1297	0.1356	0.1594	0.1955	0.2321	0.2740	0.3042	0.3795	0.5339	0.6990	0.7474	0.7472	0.6934	0.6845	0.7337	0.7621	0.7917	0.8039	0.8250	0.8354	0.8151	0.8707	0.8493	0.8441	0.8950	0.8803	0.8672	0.8465	0.8744	0.8940	0.9040	0.9400	0.9130	0.9177	0.8930	0.9235	0.8763	0.8437	0.8283	0.8289	0.7904	0.7605	0.7280	0.7629	0.7349	0.6820	0.6827	0.6564	0.4714	0.2208	0.2168	0.2075	0.2130	0.2206	0.2024	0.2029	0.2127
0.0159	0.0194	0.0345	0.0425	0.0466	0.0471	0.0580	0.0708	0.0623	0.0764	0.0972	0.0864	0.0916	0.0964	0.1169	0.1399	0.1501	0.1797	0.2270	0.2657	0.3600	0.4634	0.5941	0.7446	0.7140	0.6747	0.7298	0.7279	0.8138	0.7731	0.7745	0.8358	0.8770	0.8871	0.7925	0.7953	0.9064	0.9282	0.9144	0.8897	0.8553	0.9240	0.9600	0.9747	0.9002	0.9008	0.8792	0.9197	0.8639	0.8666	0.8347	0.7567	0.7429	0.6897	0.6627	0.4560	0.3321	0.4240	0.5743	0.5056	0.3219	0.2019	0.1888	0.1779	0.1798	0.1907	0.1808	0.1798	0.1897
0.0131	0.0098	0.0255	0.0198	0.0397	0.0513	0.0596	0.0667	0.0618	0.0634	0.0725	0.0606	0.0831	0.0842	0.0830	0.0989	0.1210	0.1285	0.1648	0.1755	0.2204	0.2743	0.4106	0.6487	0.7400	0.6947	0.6503	0.6945	0.7726	0.6965	0.7004	0.6846	0.6724	0.5780	0.4323	0.4689	0.6230	0.6610	0.5774	0.5403	0.6512	0.9129	0.9202	1.0000	0.9609	0.9122	0.9122	0.9149	0.9002	0.8930	0.8755	0.7947	0.7185	0.6552	0.5024	0.2467	0.1880	0.2258	0.2575	0.2422	0.2139	0.1894	0.1770	0.1682	0.1591	0.1573	0.1524	0.1554	0.1588
0.0132	0.0212	0.0184	0.0269	0.0331	0.0520	0.0503	0.0478	0.0569	0.0587	0.0634	0.0678	0.0843	0.0699	0.0735	0.0857	0.1025	0.0978	0.1163	0.1214	0.1385	0.1801	0.2609	0.4758	0.6563	0.6011	0.5528	0.7215	0.5881	0.3406	0.3289	0.2908	0.2757	0.2568	0.2645	0.2801	0.3110	0.3093	0.2974	0.3452	0.4536	0.7663	0.9164	0.9433	0.9241	0.8792	0.8821	0.8997	0.9054	0.8775	0.8421	0.8210	0.7703	0.6364	0.3172	0.1779	0.1779	0.1792	0.1791	0.1772	0.1646	0.1612	0.1529	0.1490	0.1458	0.1411	0.1400	0.1530	0.1535
0.0009	0.0153	0.0183	0.0226	0.0242	0.0291	0.0378	0.0359	0.0370	0.0436	0.0481	0.0533	0.0599	0.0672	0.0748	0.0775	0.0914	0.0951	0.0886	0.0987	0.1064	0.1123	0.1277	0.1683	0.2611	0.2454	0.3340	0.5150	0.3255	0.1570	0.1624	0.1532	0.1581	0.1624	0.1959	0.2116	0.2232	0.2357	0.2401	0.2770	0.3435	0.6095	0.9065	0.9140	0.8890	0.8995	0.8698	0.8863	0.8061	0.5640	0.3964	0.4877	0.5205	0.3857	0.1896	0.1544	0.1567	0.1589	0.1536	0.1525	0.1563	0.1407	0.1447	0.1346	0.1260	0.1370	0.1308	0.1473	0.1307
0.0032	0.0181	0.0322	0.0202	0.0303	0.0338	0.0365	0.0532	0.0431	0.0435	0.0544	0.0589	0.0621	0.0571	0.0715	0.0785	0.0753	0.0720	0.0737	0.0823	0.0914	0.0955	0.0915	0.0986	0.1077	0.1132	0.1295	0.1683	0.1403	0.1284	0.1338	0.1295	0.1292	0.1237	0.1272	0.1329	0.1425	0.1412	0.1608	0.1865	0.2201	0.3232	0.5418	0.8100	0.9397	0.9121	0.8418	0.6715	0.4979	0.2581	0.1599	0.1646	0.1626	0.1517	0.1456	0.1409	0.1377	0.1462	0.1349	0.1428	0.1402	0.1204	0.1229	0.1188	0.1057	0.1112	0.1120	0.1191	0.1164
0.0023	0.0030	0.0226	0.0285	0.0139	0.0248	0.0250	0.0415	0.0580	0.0442	0.0424	0.0471	0.0576	0.0556	0.0551	0.0624	0.0599	0.0654	0.0715	0.0728	0.0892	0.0874	0.0752	0.0850	0.1011	0.1078	0.1024	0.1087	0.1149	0.1100	0.1029	0.1110	0.1174	0.1053	0.1035	0.1050	0.1042	0.1118	0.1185	0.1258	0.1307	0.1532	0.2106	0.3349	0.5977	0.6074	0.4705	0.2493	0.1617	0.1400	0.1344	0.1324	0.1245	0.1249	0.1164	0.1153	0.1183	0.1128	0.1154	0.1230	0.1125	0.1024	0.1019	0.1060	0.0982	0.0965	0.1038	0.1031	0.1021
0.0000	0.0000	0.0043	0.0070	0.0169	0.0212	0.0278	0.0369	0.0317	0.0472	0.0479	0.0390	0.0460	0.0470	0.0574	0.0580	0.0683	0.0731	0.0732	0.0740	0.0796	0.0831	0.0784	0.0815	0.0891	0.1027	0.0954	0.0934	0.1015	0.0973	0.0904	0.0998	0.1004	0.0993	0.0987	0.1012	0.1109	0.1142	0.0991	0.1116	0.1214	0.1208	0.1274	0.1336	0.1690	0.1832	0.1550	0.1246	0.1301	0.1251	0.1092	0.1105	0.0990	0.1064	0.1056	0.0975	0.0971	0.0928	0.0966	0.0982	0.0879	0.0883	0.0924	0.0902	0.0929	0.0885	0.0850	0.0855	0.0876
0.0000	0.0000	0.0048	0.0031	0.0078	0.0195	0.0129	0.0295	0.0331	0.0393	0.0467	0.0367	0.0539	0.0459	0.0567	0.0464	0.0521	0.0608	0.0625	0.0685	0.0677	0.0739	0.0839	0.0735	0.0789	0.0909	0.0838	0.0889	0.0921	0.0840	0.0838	0.0877	0.0855	0.0869	0.0934	0.1022	0.1060	0.0993	0.0926	0.1031	0.1053	0.1115	0.1163	0.1156	0.1247	0.1181	0.1128	0.1146	0.1154	0.1042	0.0941	0.0922	0.0809	0.0994	0.0903	0.0885	0.0876	0.0924	0.0792	0.0778	0.0792	0.0785	0.0829	0.0805	0.0908	0.0785	0.0692	0.0679	0.0620
0.0000	0.0063	0.0000	0.0000	0.0017	0.0022	0.0135	0.0280	0.0279	0.0237	0.0384	0.0298	0.0317	0.0429	0.0413	0.0435	0.0527	0.0651	0.0523	0.0688	0.0641	0.0681	0.0653	0.0713	0.0774	0.0831	0.0804	0.0716	0.0833	0.0860	0.0847	0.0823	0.0898	0.0936	0.0788	0.0791	0.0829	0.0883	0.0935	0.0929	0.0827	0.0904	0.0982	0.0976	0.1127	0.1012	0.0984	0.0891	0.0860	0.0857	0.0795	0.0883	0.0892	0.0853	0.0777	0.0780	0.0771	0.0727	0.0734	0.0707	0.0669	0.0645	0.0622	0.0618	0.0674	0.0609	0.0595	0.0559	0.0526
0.0000	0.0000	0.0000	0.0013	0.0005	0.0000	0.0178	0.0203	0.0094	0.0092	0.0140	0.0286	0.0285	0.0342	0.0404	0.0491	0.0502	0.0450	0.0438	0.0545	0.0609	0.0582	0.0528	0.0685	0.0629	0.0700	0.0749	0.0671	0.0751	0.0794	0.0699	0.0739	0.0815	0.0792	0.0798	0.0804	0.0723	0.0856	0.0928	0.0824	0.0809	0.0821	0.0909	0.0900	0.0999	0.0900	0.0916	0.0848	0.0792	0.0762	0.0810	0.0842	0.0841	0.0686	0.0704	0.0707	0.0693	0.0692	0.0747	0.0730	0.0673	0.0531	0.0620	0.0580	0.0505	0.0427	0.0540	0.0510	0.0466
0.0000	0.0000	0.0000	0.0028	0.0000	0.0000	0.0099	0.0114	0.0138	0.0127	0.0200	0.0289	0.0316	0.0335	0.0429	0.0447	0.0432	0.0436	0.0390	0.0415	0.0621	0.0521	0.0439	0.0542	0.0584	0.0628	0.0693	0.0644	0.0683	0.0757	0.0706	0.0721	0.0715	0.0778	0.0769	0.0715	0.0790	0.0871	0.0858	0.0879	0.0902	0.0827	0.0844	0.0852	0.0836	0.0898	0.0903	0.0812	0.0787	0.0804	0.0773	0.0736	0.0764	0.0707	0.0746	0.0679	0.0587	0.0636	0.0735	0.0679	0.0623	0.0504	0.0476	0.0486	0.0463	0.0435	0.0434	0.0450	0.0383
0.0000	0.0000	0.0000	0.0004	0.0000	0.0000	0.0054	0.0072	0.0142	0.0184	0.0203	0.0283	0.0375	0.0366	0.0422	0.0333	0.0403	0.0458	0.0430	0.0470	0.0453	0.0514	0.0491	0.0605	0.0650	0.0645	0.0667	0.0625	0.0548	0.0679	0.0720	0.0659	0.0720	0.0848	0.0808	0.0695	0.0654	0.0777	0.0686	0.0687	0.0783	0.0770	0.0735	0.0794	0.0765	0.0802	0.0790	0.0788	0.0760	0.0741	0.0721	0.0700	0.0736	0.0686	0.0726	0.0649	0.0621	0.0540	0.0575	0.0511	0.0518	0.0415	0.0459	0.0502	0.0478	0.0401	0.0357	0.0315	0.0189
0.0000	0.0000	0.0000	0.0000	0.0000	0.0004	0.0123	0.0158	0.0123	0.0113	0.0140	0.0229	0.0268	0.0297	0.0311	0.0375	0.0365	0.0314	0.0352	0.0416	0.0453	0.0476	0.0463	0.0584	0.0629	0.0504	0.0524	0.0592	0.0642	0.0743	0.0676	0.0601	0.0606	0.0704	0.0698	0.0729	0.0645	0.0636	0.0695	0.0740	0.0662	0.0750	0.0742	0.0774	0.0757	0.0758	0.0737	0.0720	0.0701	0.0652	0.0641	0.0607	0.0700	0.0625	0.0600	0.0635	0.0550	0.0515	0.0434	0.0469	0.0431	0.0414	0.0457	0.0476	0.0363	0.0308	0.0250	0.0215	0.0218
0.0000	0.0000	0.0000	0.0000	0.0000	0.0000	0.0096	0.0202	0.0000	0.0000	0.0259	0.0176	0.0223	0.0250	0.0361	0.0342	0.0323	0.0313	0.0265	0.0285	0.0417	0.0471	0.0371	0.0407	0.0549	0.0538	0.0527	0.0589	0.0738	0.0624	0.0660	0.0586	0.0633	0.0674	0.0677	0.0707	0.0690	0.0656	0.0740	0.0701	0.0684	0.0701	0.0727	0.0824	0.0822	0.0675	0.0798	0.0763	0.0721	0.0588	0.0678	0.0694	0.0691	0.0607	0.0653	0.0566	0.0482	0.0483	0.0407	0.0399	0.0452	0.0454	0.0464	0.0450	0.0322	0.0274	0.0282	0.0262	0.0349
