0.0000	0.0000	0.0067	0.0124	0.0000	0.0049	0.0078	0.0190	0.0148	0.0194	0.0142	0.0251	0.0303	0.0237	0.0322	0.0471	0.0485	0.0440	0.0386	0.0509	0.0511	0.0450	0.0676	0.0574	0.0599	0.0675	0.0700	0.0663	0.0710	0.0698	0.0600	0.0777	0.0758	0.0767	0.0779	0.0677	0.0827	0.0817	0.0865	0.0713	0.0568	0.0587	0.0629	0.0631	0.0589	0.0693	0.0709	0.0783	0.0738	0.0811	0.0725	0.0703	0.0742	0.0736	0.0750	0.0889	0.0957	0.0951	0.0978	0.0991	0.0933	0.0699	0.0836	0.0752	0.0928	0.0765	0.0692	0.0824	0.0664
0.0000	0.0000	0.0000	0.0129	0.0000	0.0000	0.0057	0.0175	0.0148	0.0193	0.0285	0.0328	0.0304	0.0373	0.0296	0.0553	0.0508	0.0577	0.0512	0.0574	0.0657	0.0601	0.0676	0.0897	0.0830	0.0688	0.0618	0.0779	0.0840	0.0916	0.0904	0.0877	0.0702	0.0766	0.0641	0.0761	0.0905	0.0840	0.0875	0.0841	0.0738	0.0793	0.0671	0.0687	0.0580	0.0713	0.0737	0.0841	0.0790	0.0751	0.0866	0.0812	0.0755	0.0869	0.0924	0.1000	0.0885	0.1029	0.1036	0.0960	0.0831	0.0709	0.0713	0.0966	0.0905	0.0696	0.0775	0.0896	0.0999
0.0000	0.0000	0.0000	0.0062	0.0010	0.0027	0.0052	0.0167	0.0204	0.0319	0.0447	0.0333	0.0394	0.0559	0.0450	0.0477	0.0540	0.0628	0.0676	0.0486	0.0606	0.0789	0.0805	0.0895	0.0901	0.0781	0.0837	0.0893	0.0725	0.0789	0.0806	0.0926	0.0920	0.0983	0.0880	0.0955	0.0948	0.0813	0.0894	0.0854	0.0822	0.0802	0.0741	0.0613	0.0551	0.0715	0.0676	0.0785	0.0762	0.0760	0.0980	0.1072	0.0920	0.1010	0.1058	0.1072	0.1113	0.1074	0.1215	0.1106	0.1166	0.1205	0.1041	0.1073	0.1043	0.1080	0.1064	0.1102	0.1092
0.0000	0.0000	0.0031	0.0150	0.0343	0.0179	0.0175	0.0321	0.0301	0.0331	0.0308	0.0451	0.0519	0.0530	0.0424	0.0602	0.0820	0.0776	0.0693	0.0762	0.1036	0.0838	0.0700	0.0826	0.0977	0.0879	0.0847	0.0748	0.0736	0.0781	0.0762	0.0931	0.0971	0.0903	0.1007	0.0984	0.0741	0.0859	0.0934	0.0710	0.0842	0.0748	0.0725	0.0835	0.0766	0.0686	0.0723	0.0783	0.0794	0.0845	0.1112	0.0989	0.0983	0.1093	0.1153	0.1204	0.1173	0.1226	0.1164	0.1315	0.1433	0.1386	0.1307	0.1240	0.1235	0.1299	0.1343	0.1423	0.1376
0.0000	0.0000	0.0315	0.0212	0.0185	0.0208	0.0199	0.0302	0.0342	0.0262	0.0266	0.0422	0.0527	0.0573	0.0623	0.0545	0.0556	0.0555	0.0750	0.0725	0.0701	0.0762	0.0657	0.0777	0.0842	0.0921	0.0986	0.0741	0.0781	0.0968	0.1028	0.0937	0.1139	0.0969	0.1063	0.0933	0.0808	0.0891	0.0951	0.0831	0.0836	0.0788	0.0751	0.0820	0.0729	0.0812	0.0883	0.0823	0.0753	0.0867	0.0944	0.1090	0.1223	0.1230	0.1311	0.1207	0.1232	0.1342	0.1361	0.1486	0.1371	0.1318	0.1562	0.1605	0.1551	0.1234	0.1544	0.1753	0.1584
0.0000	0.0000	0.0128	0.0277	0.0201	0.0175	0.0329	0.0486	0.0474	0.0311	0.0451	0.0448	0.0607	0.0547	0.0629	0.0645	0.0584	0.0524	0.0613	0.0817	0.0828	0.0767	0.0806	0.0840	0.0918	0.0814	0.0910	0.0866	0.0994	0.1034	0.1005	0.0969	0.1225	0.1201	0.1171	0.1014	0.0956	0.0929	0.1054	0.0947	0.0824	0.0929	0.0913	0.1011	0.0787	0.0794	0.0849	0.0987	0.0966	0.1054	0.1115	0.1153	0.1421	0.1488	0.1458	0.1593	0.1522	0.1491	0.1706	0.2045	0.2075	0.1875	0.1732	0.1875	0.1697	0.1526	0.1593	0.2041	0.1975
0.0059	0.0036	0.0143	0.0098	0.0295	0.0217	0.0232	0.0370	0.0407	0.0374	0.0519	0.0535	0.0575	0.0588	0.0568	0.0675	0.0763	0.0714	0.0659	0.0707	0.1062	0.0947	0.0829	0.0954	0.1047	0.1188	0.0939	0.0812	0.0989	0.1134	0.0920	0.1035	0.1303	0.1338	0.1261	0.1163	0.0970	0.1026	0.1034	0.1042	0.0944	0.1010	0.0957	0.0829	0.0791	0.0808	0.0911	0.1137	0.1160	0.1243	0.1456	0.1624	0.1724	0.1683	0.1637	0.1906	0.1880	0.1946	0.2909	0.3702	0.3309	0.2442	0.1898	0.2245	0.2024	0.1889	0.1808	0.2177	0.2370
0.0121	0.0171	0.0375	0.0135	0.0310	0.0315	0.0386	0.0372	0.0390	0.0514	0.0509	0.0581	0.0665	0.0747	0.0721	0.0641	0.0618	0.0760	0.0877	0.0723	0.1042	0.1029	0.0992	0.1018	0.1155	0.1199	0.0991	0.0994	0.1091	0.1096	0.0895	0.0952	0.1249	0.1177	0.1401	0.1171	0.1165	0.1156	0.1173	0.1183	0.1196	0.1118	0.1108	0.1062	0.1004	0.1228	0.1206	0.1356	0.1498	0.1669	0.1682	0.1922	0.1931	0.2086	0.1964	0.2070	0.2212	0.2307	0.3280	0.4029	0.4461	0.3124	0.2200	0.2428	0.2226	0.2054	0.2079	0.2107	0.2534
0.0218	0.0125	0.0162	0.0291	0.0302	0.0320	0.0518	0.0421	0.0562	0.0573	0.0632	0.0676	0.0650	0.0744	0.0703	0.0851	0.0791	0.0817	0.0835	0.0930	0.1152	0.1090	0.0983	0.0955	0.1118	0.1053	0.0977	0.1028	0.1186	0.1322	0.1113	0.1086	0.1318	0.1297	0.1485	0.1274	0.1199	0.1180	0.1314	0.1361	0.1252	0.1190	0.1277	0.1251	0.1297	0.1433	0.1561	0.1539	0.1829	0.1862	0.2201	0.2727	0.4074	0.4781	0.3396	0.2826	0.2767	0.2403	0.2945	0.2862	0.3387	0.2826	0.2553	0.2587	0.2426	0.2373	0.2304	0.2375	0.2526
0.0093	0.0241	0.0323	0.0409	0.0427	0.0480	0.0537	0.0567	0.0634	0.0663	0.0716	0.0755	0.0667	0.0780	0.0775	0.0877	0.0997	0.1083	0.1122	0.0985	0.1164	0.0975	0.1083	0.0942	0.1202	0.1124	0.1157	0.1090	0.1193	0.1243	0.1330	0.1301	0.1292	0.1530	0.1587	0.1391	0.1373	0.1322	0.1433	0.1524	0.1437	0.1326	0.1447	0.1437	0.1425	0.1658	0.1894	0.1963	0.2193	0.2424	0.3098	0.5030	0.7188	0.7254	0.6548	0.5087	0.4342	0.4314	0.4035	0.3919	0.3807	0.3167	0.3128	0.3025	0.2629	0.2337	0.2195	0.2495	0.3016
0.0212	0.0269	0.0366	0.0196	0.0369	0.0401	0.0464	0.0655	0.0820	0.0732	0.0663	0.0783	0.0694	0.0799	0.0914	0.0934	0.1064	0.1264	0.1234	0.1249	0.1235	0.1204	0.1253	0.1432	0.1382	0.1484	0.1378	0.1312	0.1434	0.1526	0.1325	0.1347	0.1538	0.1763	0.1777	0.1491	0.1585	0.1688	0.1726	0.1642	0.1506	0.1598	0.1781	0.1772	0.1853	0.1923	0.2249	0.2627	0.2844	0.3028	0.3792	0.6405	0.7411	0.7244	0.7238	0.6898	0.6122	0.6117	0.6000	0.5384	0.5289	0.4347	0.3947	0.4120	0.3302	0.2502	0.2386	0.3017	0.3508
0.0223	0.0279	0.0385	0.0486	0.0376	0.0317	0.0471	0.0764	0.0721	0.0651	0.0760	0.0911	0.0778	0.0855	0.0972	0.1189	0.1293	0.1366	0.1400	0.1289	0.1403	0.1597	0.1490	0.1479	0.1675	0.1736	0.1517	0.1568	0.1706	0.1559	0.1451	0.1696	0.1806	0.1781	0.1982	0.1693	0.1910	0.2130	0.2334	0.2154	0.1972	0.1915	0.2298	0.2196	0.2023	0.2286	0.2423	0.2867	0.2928	0.3318	0.3780	0.4860	0.6345	0.7496	0.7044	0.6643	0.6945	0.6369	0.5476	0.5315	0.5547	0.4793	0.4575	0.4763	0.4255	0.3105	0.2919	0.3385	0.3991
0.0235	0.0368	0.0428	0.0505	0.0513	0.0369	0.0611	0.0877	0.0799	0.0771	0.1007	0.1114	0.1133	0.1099	0.1252	0.1236	0.1437	0.1684	0.1722	0.1926	0.1831	0.1930	0.2116	0.2121	0.2049	0.2118	0.2068	0.1906	0.2024	0.1996	0.1951	0.2276	0.2511	0.2450	0.2551	0.2308	0.2317	0.2382	0.2488	0.2633	0.2361	0.2194	0.2335	0.2361	0.2202	0.2463	0.2635	0.2766	0.3177	0.3307	0.3631	0.4150	0.4857	0.5985	0.7049	0.7411	0.6775	0.5665	0.5456	0.5326	0.4946	0.4856	0.5050	0.5087	0.4601	0.3984	0.3864	0.4186	0.3894
0.0257	0.0344	0.0642	0.0479	0.0539	0.0455	0.0788	0.0963	0.0930	0.0951	0.1297	0.1343	0.1372	0.1460	0.1566	0.1885	0.1819	0.2380	0.2782	0.2728	0.2673	0.2762	0.3060	0.3158	0.2945	0.2880	0.3145	0.3656	0.3301	0.2984	0.3061	0.3481	0.4370	0.4574	0.3925	0.3151	0.2726	0.2599	0.2741	0.2510	0.2453	0.2345	0.2496	0.2451	0.2519	0.2624	0.2787	0.2904	0.3103	0.3310	0.4135	0.5785	0.5466	0.4687	0.5170	0.6608	0.6771	0.5975	0.5532	0.5172	0.5000	0.4888	0.4770	0.4789	0.4441	0.3991	0.4101	0.3909	0.3487
0.0278	0.0360	0.0708	0.0531	0.0610	0.0558	0.0853	0.1076	0.1322	0.1080	0.1350	0.1746	0.2083	0.2159	0.2319	0.2934	0.3972	0.4751	0.4852	0.4938	0.5703	0.5598	0.5387	0.5786	0.5204	0.4881	0.4621	0.5927	0.6024	0.5246	0.4999	0.5821	0.8015	0.8512	0.7010	0.4281	0.3171	0.3033	0.2791	0.2588	0.2671	0.2640	0.2611	0.2571	0.2666	0.2794	0.2971	0.3176	0.3807	0.4210	0.4970	0.7252	0.7542	0.5482	0.5474	0.6353	0.6488	0.6188	0.5624	0.5578	0.5192	0.4408	0.4554	0.4451	0.4186	0.3815	0.3882	0.3750	0.3889
0.0437	0.0277	0.0473	0.0817	0.0863	0.0954	0.1101	0.1586	0.1706	0.1764	0.2484	0.3862	0.4336	0.4438	0.4561	0.5691	0.6989	0.6987	0.7081	0.7349	0.7326	0.7036	0.6947	0.7081	0.6748	0.6591	0.7094	0.6935	0.7490	0.6968	0.7049	0.8108	0.8686	0.9143	0.8171	0.6462	0.4487	0.3527	0.2954	0.2863	0.2774	0.2683	0.2796	0.2829	0.2824	0.3287	0.3452	0.4000	0.4962	0.5864	0.5484	0.7605	0.7999	0.7053	0.6622	0.6886	0.6397	0.5946	0.5552	0.5637	0.4775	0.4179	0.4672	0.4365	0.3737	0.3560	0.3708	0.3918	0.3642
0.0473	0.0489	0.0823	0.1133	0.1140	0.1615	0.2164	0.2539	0.2965	0.3626	0.4961	0.6309	0.6523	0.6165	0.6485	0.6520	0.6502	0.6921	0.6797	0.7158	0.7639	0.7393	0.7158	0.7019	0.6804	0.6815	0.7023	0.6739	0.6825	0.7100	0.7259	0.8108	0.8676	0.8674	0.8312	0.7779	0.7096	0.5503	0.3711	0.3135	0.3036	0.2902	0.3176	0.3315	0.3232	0.3364	0.3845	0.4613	0.5059	0.6904	0.6938	0.8089	0.7431	0.7123	0.6549	0.6048	0.5501	0.5520	0.5284	0.5310	0.4583	0.4017	0.4296	0.4322	0.4211	0.3588	0.3455	0.3600	0.3235
0.0709	0.1177	0.1409	0.1934	0.2392	0.3527	0.4461	0.5277	0.5878	0.5408	0.6383	0.5921	0.5785	0.5459	0.5483	0.5849	0.5966	0.6070	0.6446	0.7013	0.7460	0.6999	0.6428	0.6538	0.6242	0.6429	0.6615	0.6872	0.6469	0.7008	0.7411	0.7880	0.7851	0.8178	0.8232	0.7790	0.8060	0.6773	0.4845	0.4042	0.3451	0.3140	0.3314	0.3349	0.3395	0.3633	0.4266	0.5212	0.5577	0.6754	0.7437	0.7636	0.6979	0.6260	0.5866	0.5130	0.4904	0.4842	0.5047	0.4509	0.4706	0.4264	0.3970	0.4384	0.3848	0.3306	0.3428	0.3574	0.3292
0.1239	0.2069	0.3150	0.4182	0.5335	0.6127	0.6397	0.6280	0.5964	0.4801	0.4717	0.4889	0.5415	0.5022	0.4837	0.5494	0.5976	0.5851	0.6229	0.5953	0.6133	0.6546	0.6324	0.6111	0.6259	0.6051	0.6606	0.6461	0.6708	0.7432	0.6935	0.7242	0.8028	0.8402	0.8222	0.7911	0.7771	0.7256	0.6638	0.5800	0.4253	0.3489	0.3567	0.3733	0.4043	0.4617	0.5951	0.7289	0.7383	0.7715	0.7505	0.6730	0.6363	0.5874	0.5750	0.4970	0.4451	0.4567	0.4896	0.4621	0.4786	0.3936	0.3903	0.4058	0.3506	0.3082	0.3253	0.3350	0.3499
0.2122	0.3532	0.4431	0.4667	0.4862	0.4716	0.4697	0.4567	0.4394	0.4103	0.4062	0.4440	0.5176	0.5094	0.4677	0.5107	0.5588	0.6065	0.5828	0.6089	0.5925	0.6258	0.5963	0.6113	0.5971	0.5976	0.6162	0.6422	0.6697	0.7311	0.7476	0.7441	0.7716	0.7865	0.7420	0.7796	0.7751	0.7518	0.6950	0.6950	0.5312	0.3928	0.3945	0.4201	0.4637	0.5267	0.7309	0.7751	0.7697	0.6762	0.6104	0.5533	0.5339	0.5573	0.5539	0.5245	0.4931	0.4871	0.4519	0.4441	0.4435	0.4176	0.4132	0.4042	0.3569	0.3382	0.3253	0.3629	0.3331
0.2320	0.3098	0.3543	0.3225	0.3299	0.3723	0.3587	0.3824	0.3794	0.4002	0.4555	0.4619	0.5018	0.4868	0.4412	0.5020	0.5747	0.6219	0.6035	0.5881	0.6286	0.6083	0.5948	0.6222	0.5648	0.6420	0.6069	0.6827	0.6762	0.6903	0.7696	0.7547	0.7534	0.7749	0.7568	0.7602	0.8246	0.7899	0.7008	0.7196	0.6356	0.4393	0.4394	0.4609	0.4718	0.6460	0.7743	0.6996	0.6271	0.6036	0.5395	0.5064	0.4996	0.5513	0.5266	0.5092	0.4768	0.4860	0.4644	0.4468	0.4396	0.4253	0.4326	0.3797	0.3936	0.3637	0.3260	0.3499	0.3183
0.2470	0.2920	0.2995	0.3010	0.2941	0.3252	0.3748	0.4023	0.3961	0.4056	0.4337	0.4531	0.4835	0.5220	0.5054	0.5222	0.6059	0.6071	0.6211	0.6124	0.6182	0.6502	0.6399	0.5758	0.5883	0.6233	0.6249	0.6530	0.6492	0.6859	0.7326	0.7460	0.7440	0.7547	0.7364	0.7535	0.7476	0.7707	0.7091	0.7383	0.7712	0.5765	0.4269	0.4685	0.5674	0.7500	0.7260	0.6193	0.5355	0.5346	0.5607	0.5332	0.4992	0.5120	0.4838	0.4861	0.4700	0.5064	0.4733	0.4111	0.4298	0.4242	0.4109	0.4019	0.3901	0.3518	0.3234	0.3476	0.3102
0.2475	0.2429	0.2769	0.2847	0.3034	0.3087	0.4155	0.3923	0.3901	0.3892	0.4333	0.4538	0.4459	0.4889	0.4914	0.5320	0.5785	0.5627	0.5881	0.5905	0.6195	0.6719	0.6357	0.6326	0.6133	0.5785	0.6091	0.6844	0.6924	0.6922	0.6625	0.6888	0.7557	0.7395	0.7070	0.7310	0.7342	0.7543	0.7713	0.7131	0.7380	0.5745	0.4444	0.5032	0.6811	0.7203	0.6326	0.5677	0.5246	0.5089	0.5306	0.5489	0.5463	0.5197	0.5291	0.5047	0.5089	0.4881	0.4492	0.4292	0.4308	0.4287	0.3874	0.4171	0.3809	0.3559	0.3371	0.3282	0.3463
0.2206	0.2360	0.2330	0.2687	0.2874	0.3603	0.4013	0.3709	0.3934	0.3718	0.3824	0.4206	0.4283	0.4387	0.4699	0.4964	0.5361	0.5572	0.6021	0.5924	0.6226	0.6332	0.5927	0.5697	0.6263	0.5925	0.6055	0.6611	0.6705	0.6719	0.6677	0.6941	0.6838	0.7262	0.7280	0.6956	0.7401	0.7333	0.7324	0.7334	0.7323	0.6480	0.4784	0.5861	0.7484	0.6510	0.6000	0.5347	0.5120	0.5219	0.4780	0.4725	0.5297	0.5162	0.4992	0.5039	0.5185	0.5080	0.4960	0.4495	0.4309	0.4277	0.4175	0.4087	0.3588	0.3463	0.3372	0.3489	0.3605
0.2159	0.2443	0.2490	0.2876	0.3332	0.3463	0.3606	0.3583	0.3783	0.3788	0.3880	0.4297	0.4549	0.4499	0.4674	0.4794	0.5109	0.5570	0.5647	0.5737	0.5789	0.5713	0.5893	0.6120	0.5985	0.6168	0.5782	0.5674	0.6435	0.6618	0.6782	0.6751	0.6957	0.7159	0.7706	0.7491	0.7406	0.7416	0.7438	0.7892	0.7588	0.6404	0.5627	0.6341	0.6226	0.5642	0.5192	0.5312	0.5164	0.5405	0.5074	0.4868	0.4949	0.5054	0.5259	0.5223	0.5078	0.5036	0.4882	0.4962	0.4685	0.4301	0.4436	0.4000	0.3788	0.3344	0.3233	0.3480	0.3298
0.2168	0.2474	0.2584	0.2901	0.2906	0.3160	0.3927	0.3818	0.3654	0.3610	0.3864	0.3959	0.4610	0.4758	0.4864	0.4937	0.5385	0.5378	0.5457	0.5347	0.6008	0.6029	0.5845	0.5763	0.6004	0.5819	0.5824	0.5994	0.6379	0.6445	0.6983	0.6814	0.7120	0.7134	0.7384	0.7331	0.7456	0.7606	0.7739	0.7880	0.7137	0.6080	0.6296	0.6064	0.5733	0.5558	0.5453	0.5318	0.5334	0.5361	0.5540	0.5156	0.5283	0.5191	0.5453	0.5211	0.5094	0.5137	0.5131	0.4916	0.4902	0.4143	0.4209	0.4047	0.3756	0.3456	0.3227	0.3814	0.3596
0.1953	0.2424	0.2533	0.2723	0.2964	0.3275	0.3526	0.3416	0.3615	0.3777	0.3709	0.3704	0.4562	0.4728	0.4620	0.4893	0.4914	0.4929	0.5517	0.5498	0.5547	0.5628	0.5759	0.5961	0.5596	0.5416	0.5847	0.5906	0.5836	0.6155	0.6401	0.6450	0.6861	0.6684	0.6435	0.6523	0.6774	0.6961	0.6988	0.7325	0.7131	0.6290	0.5983	0.5634	0.5483	0.5232	0.5216	0.5124	0.5353	0.5341	0.5652	0.5371	0.5278	0.5363	0.5075	0.5346	0.5012	0.5145	0.4921	0.5058	0.4850	0.4079	0.4317	0.4046	0.3766	0.3725	0.3398	0.3764	0.3509
0.1862	0.2350	0.2615	0.2738	0.2838	0.3326	0.3538	0.3344	0.3536	0.3790	0.3636	0.4214	0.4571	0.4312	0.4473	0.4837	0.4831	0.4880	0.5227	0.5644	0.5391	0.5644	0.5674	0.5729	0.5627	0.5814	0.5977	0.5822	0.5901	0.6009	0.6392	0.6761	0.6504	0.6512	0.6483	0.6560	0.6228	0.6434	0.6512	0.6163	0.6356	0.6039	0.5945	0.5421	0.5245	0.5172	0.5360	0.5454	0.5590	0.5259	0.6056	0.5830	0.5820	0.5437	0.5047	0.5278	0.5158	0.4861	0.4614	0.4979	0.4853	0.4408	0.4621	0.4064	0.3704	0.3787	0.3598	0.3698	0.3380
0.1828	0.2150	0.2343	0.2781	0.2911	0.3443	0.3763	0.3588	0.3565	0.3737	0.3865	0.4338	0.4301	0.4525	0.4481	0.4715	0.4695	0.5018	0.5391	0.5271	0.5657	0.5531	0.5665	0.5823	0.5819	0.5716	0.6095	0.6295	0.6809	0.6473	0.6742	0.7064	0.7103	0.6906	0.6791	0.6733	0.6530	0.6497	0.6140	0.5821	0.6131	0.5772	0.5677	0.5659	0.5290	0.5597	0.5598	0.5422	0.5361	0.5476	0.5949	0.5658	0.5516	0.5511	0.5415	0.5343	0.5138	0.5110	0.4614	0.4471	0.4507	0.4314	0.4313	0.4242	0.4096	0.3899	0.3492	0.3566	0.3269
0.1898	0.2055	0.2264	0.2791	0.2867	0.3082	0.3239	0.3584	0.3965	0.3756	0.4021	0.4669	0.4414	0.4456	0.4337	0.4553	0.4938	0.5250	0.5592	0.5301	0.5458	0.5519	0.5661	0.6386	0.5773	0.5719	0.5805	0.6421	0.6665	0.6631	0.6594	0.6816	0.7003	0.6851	0.6981	0.6964	0.7083	0.6964	0.6263	0.6055	0.5838	0.5785	0.5781	0.5862	0.5413	0.5212	0.5450	0.5495	0.5322	0.5536	0.5598	0.5282	0.5374	0.5420	0.5452	0.5465	0.4907	0.4750	0.4524	0.4500	0.4473	0.4268	0.4140	0.4087	0.4095	0.4009	0.3623	0.3741	0.3551
0.1566	0.1869	0.2185	0.2216	0.2379	0.2924	0.2938	0.3551	0.3967	0.4113	0.3725	0.4217	0.4292	0.4202	0.4335	0.4756	0.5113	0.5239	0.5298	0.5352	0.5211	0.5671	0.5440	0.6024	0.6008	0.5633	0.5557	0.6210	0.6467	0.6541	0.6890	0.7226	0.7117	0.6840	0.7286	0.7592	0.7508	0.6708	0.6569	0.6734	0.6119	0.6425	0.5835	0.5737	0.5389	0.5149	0.5323	0.5330	0.5245	0.5587	0.5575	0.5597	0.5543	0.5516	0.5256	0.5296	0.5135	0.4766	0.4520	0.4675	0.4635	0.4377	0.4018	0.4031	0.3979	0.3799	0.3737	0.3569	0.3452
0.1486	0.1799	0.1932	0.2114	0.2184	0.2504	0.2945	0.3406	0.3745	0.3778	0.3734	0.4303	0.4401	0.4218	0.4738	0.4889	0.5079	0.4800	0.5128	0.5276	0.5755	0.5924	0.5689	0.6013	0.6311	0.5994	0.5709	0.6164	0.6329	0.6227	0.6654	0.7431	0.7444	0.6849	0.7445	0.7407	0.7467	0.7195	0.7005	0.7299	0.6675	0.6694	0.6969	0.6475	0.6319	0.5789	0.5725	0.6121	0.5531	0.5429	0.5923	0.5290	0.5437	0.5660	0.5547	0.5476	0.5121	0.5142	0.4861	0.4358	0.4647	0.4679	0.4540	0.4606	0.3748	0.3619	0.3873	0.3795	0.3455
0.1510	0.1595	0.1965	0.2239	0.2280	0.2265	0.2592	0.3150	0.3893	0.3788	0.3854	0.4185	0.4224	0.4141	0.4427	0.4917	0.5437	0.5315	0.5398	0.5394	0.5700	0.5842	0.5722	0.6230	0.6116	0.6216	0.6207	0.6203	0.6402	0.6339	0.6569	0.7176	0.7158	0.7724	0.7729	0.8117	0.8164	0.7623	0.7656	0.7546	0.7697	0.7432	0.7725	0.7704	0.7397	0.6692	0.6839	0.6762	0.6569	0.5870	0.5615	0.5313	0.5476	0.5444	0.5306	0.5294	0.5116	0.5288	0.4730	0.4411	0.4561	0.4416	0.4325	0.4445	0.3976	0.3612	0.3677	0.3622	0.3585
0.1233	0.1459	0.1929	0.2037	0.2258	0.2017	0.2143	0.3034	0.3843	0.3838	0.3867	0.4028	0.4266	0.4544	0.4315	0.4893	0.4902	0.5352	0.5654	0.5804	0.5914	0.5741	0.5922	0.6156	0.6346	0.6554	0.6578	0.6703	0.6547	0.6653	0.7073	0.7306	0.7583	0.7812	0.7881	0.8386	0.8234	0.8040	0.8231	0.7959	0.8300	0.8548	0.8530	0.8737	0.6679	0.7681	0.8258	0.7548	0.7464	0.7242	0.6667	0.5888	0.5641	0.5566	0.5461	0.5216	0.5406	0.5147	0.4926	0.4854	0.4889	0.4456	0.4457	0.4525	0.4055	0.4025	0.4057	0.4061	0.3703
0.1012	0.1421	0.1634	0.1728	0.1980	0.2159	0.2111	0.2839	0.3074	0.3394	0.3967	0.4209	0.4277	0.4554	0.4190	0.4627	0.5061	0.5295	0.5515	0.6278	0.6241	0.6108	0.6100	0.6461	0.6872	0.6748	0.6684	0.6645	0.6815	0.7100	0.7052	0.7345	0.7676	0.7759	0.8626	0.8358	0.8325	0.8303	0.8889	0.8292	0.8368	0.8684	0.8646	0.8337	0.5600	0.6238	0.7263	0.6573	0.6529	0.8340	0.7813	0.7132	0.6514	0.6526	0.5851	0.5483	0.5658	0.5448	0.5255	0.5243	0.5084	0.4572	0.4514	0.4550	0.4611	0.4218	0.4000	0.4200	0.3680
0.1046	0.1236	0.1485	0.1757	0.1799	0.2347	0.2510	0.2648	0.2752	0.3327	0.3683	0.4091	0.4337	0.4289	0.4489	0.4885	0.5348	0.5548	0.6012	0.6781	0.6223	0.6595	0.6260	0.6375	0.6844	0.6833	0.6661	0.6904	0.7433	0.7418	0.7294	0.7300	0.7970	0.8054	0.8247	0.8565	0.8529	0.8405	0.8520	0.8307	0.8749	0.8555	0.8441	0.6544	0.4128	0.4076	0.4754	0.4792	0.5642	0.8202	0.9061	0.8103	0.7441	0.6747	0.6436	0.6164	0.5910	0.5706	0.5455	0.5220	0.5288	0.4968	0.4914	0.5046	0.4501	0.4318	0.4106	0.4116	0.4018
0.0980	0.1042	0.1494	0.1681	0.1849	0.2028	0.2686	0.2992	0.3236	0.3605	0.3508	0.4161	0.4740	0.4683	0.4888	0.5177	0.5788	0.6045	0.6375	0.6303	0.6416	0.6862	0.6532	0.7029	0.6457	0.6553	0.6749	0.6796	0.7323	0.7795	0.7585	0.8045	0.8291	0.8342	0.7943	0.8304	0.8384	0.8671	0.8217	0.8162	0.8650	0.8862	0.7765	0.4789	0.3622	0.3467	0.3867	0.4229	0.4897	0.6817	0.8704	0.8690	0.8219	0.7332	0.6936	0.6863	0.6322	0.6253	0.5732	0.5477	0.5313	0.5197	0.4932	0.4828	0.4520	0.4215	0.3979	0.4011	0.3896
0.1159	0.1463	0.1620	0.1630	0.2008	0.2392	0.3115	0.3477	0.3506	0.3351	0.3710	0.4304	0.4500	0.4692	0.5126	0.5093	0.5841	0.6586	0.6660	0.6775	0.6875	0.7169	0.7083	0.7140	0.6873	0.6633	0.6665	0.7101	0.7581	0.7394	0.7908	0.8450	0.8204	0.8351	0.8501	0.8434	0.8619	0.8610	0.8668	0.8357	0.8371	0.7722	0.5655	0.3486	0.3360	0.3231	0.3596	0.3945	0.4520	0.6590	0.8891	0.9248	0.8904	0.8342	0.7721	0.7320	0.6982	0.6541	0.6506	0.5743	0.5778	0.5423	0.5321	0.5142	0.4856	0.4406	0.4677	0.4179	0.4314
0.1056	0.1386	0.2059	0.2177	0.2935	0.3539	0.3979	0.4245	0.3947	0.3886	0.4190	0.4289	0.4303	0.4743	0.5162	0.5444	0.6238	0.6362	0.6415	0.6542	0.6470	0.6890	0.7148	0.6944	0.6983	0.6422	0.6723	0.6980	0.7265	0.7427	0.8008	0.8378	0.8612	0.8589	0.8985	0.8814	0.8629	0.8750	0.8806	0.7882	0.5548	0.4505	0.3522	0.3026	0.3019	0.3116	0.3237	0.3567	0.4225	0.6027	0.8116	0.9082	0.9144	0.8159	0.7666	0.8119	0.7433	0.7122	0.6674	0.6457	0.6396	0.5694	0.5530	0.5602	0.5107	0.4616	0.4320	0.4399	0.4221
0.0642	0.1105	0.1719	0.2479	0.3508	0.4731	0.5771	0.5817	0.5713	0.5678	0.5428	0.5142	0.4694	0.4685	0.5156	0.5525	0.5713	0.6261	0.6076	0.6024	0.6299	0.6643	0.6826	0.6949	0.6463	0.6101	0.6301	0.6769	0.7331	0.7609	0.8189	0.8112	0.8458	0.8462	0.8321	0.8539	0.8708	0.8467	0.8522	0.5461	0.3103	0.2988	0.3002	0.2938	0.2895	0.2994	0.3175	0.3177	0.3472	0.3938	0.4972	0.5834	0.6006	0.5289	0.6503	0.8090	0.7750	0.7456	0.7211	0.7308	0.6691	0.6303	0.5798	0.5440	0.5014	0.4718	0.4717	0.4588	0.4153
0.0596	0.0884	0.1118	0.1575	0.2187	0.2918	0.4255	0.4999	0.5765	0.6682	0.6915	0.6575	0.6555	0.6482	0.6473	0.6296	0.6259	0.6402	0.6199	0.6301	0.6471	0.6664	0.6629	0.6611	0.6527	0.6353	0.6644	0.6767	0.7889	0.8308	0.8161	0.8450	0.8710	0.8553	0.8708	0.9366	0.9424	0.9094	0.7977	0.3641	0.2662	0.2550	0.2690	0.2557	0.2605	0.2755	0.2879	0.2923	0.3151	0.3472	0.3502	0.3887	0.4169	0.4571	0.5897	0.8722	0.8299	0.7855	0.7229	0.7160	0.6710	0.6476	0.6148	0.5738	0.5253	0.4867	0.4993	0.4700	0.4380
0.0547	0.0568	0.0774	0.1175	0.1254	0.1383	0.1645	0.2224	0.2752	0.3454	0.4808	0.5683	0.6923	0.6993	0.7545	0.7412	0.7407	0.7599	0.6970	0.7102	0.7541	0.7088	0.7178	0.7368	0.7607	0.7419	0.7435	0.7532	0.8201	0.8761	0.8641	0.9004	0.9763	1.0000	0.9904	0.9932	0.7488	0.7654	0.5621	0.2727	0.2335	0.2219	0.2276	0.2246	0.2499	0.2499	0.2753	0.2874	0.2891	0.3239	0.3582	0.3731	0.4188	0.4581	0.5712	0.8596	0.8878	0.8485	0.7578	0.7141	0.6967	0.6507	0.6349	0.5584	0.5527	0.4980	0.4844	0.4607	0.4409
0.0151	0.0318	0.0426	0.0657	0.0684	0.0818	0.0897	0.1197	0.1401	0.1579	0.2004	0.2758	0.3634	0.4384	0.6178	0.7200	0.7664	0.8407	0.8698	0.7986	0.8427	0.7941	0.7803	0.8430	0.8607	0.8002	0.7941	0.8318	0.8819	0.8894	0.9144	0.8545	0.9011	0.8406	0.7763	0.6771	0.3152	0.3060	0.2755	0.2228	0.2324	0.2230	0.2231	0.2282	0.2271	0.2361	0.2575	0.2681	0.2775	0.2942	0.3094	0.3325	0.3860	0.4173	0.5390	0.8358	0.8801	0.7938	0.7614	0.6529	0.6206	0.6586	0.6480	0.5675	0.5193	0.5478	0.5196	0.4993	0.4736
0.0077	0.0221	0.0385	0.0479	0.0678	0.0779	0.0698	0.0828	0.1015	0.1121	0.1251	0.1433	0.1634	0.1989	0.2862	0.3828	0.4090	0.4940	0.5848	0.6016	0.6451	0.7156	0.8048	0.9129	0.7839	0.6623	0.6713	0.8389	0.8432	0.7840	0.7026	0.5366	0.4431	0.3442	0.2975	0.2985	0.2146	0.2079	0.2134	0.1951	0.2030	0.2163	0.2106	0.2079	0.2161	0.2238	0.2318	0.2357	0.2584	0.2563	0.2645	0.2783	0.2981	0.3295	0.4087	0.6015	0.5859	0.5365	0.7262	0.6901	0.5966	0.6841	0.6743	0.6083	0.5488	0.5641	0.5361	0.5051	0.4880
0.0223	0.0282	0.0355	0.0448	0.0419	0.0476	0.0560	0.0749	0.0781	0.0906	0.0996	0.1096	0.1073	0.1160	0.1368	0.1399	0.1459	0.1597	0.2028	0.2179	0.2669	0.3171	0.4338	0.5026	0.3534	0.2980	0.3579	0.5332	0.5460	0.3818	0.2546	0.2417	0.2124	0.2018	0.2036	0.1982	0.1959	0.2137	0.1933	0.1881	0.1883	0.1907	0.2047	0.2079	0.2024	0.2083	0.2079	0.2289	0.2272	0.2508	0.2614	0.2620	0.2826	0.2985	0.3339	0.3784	0.3990	0.5154	0.7889	0.7818	0.7578	0.6841	0.6501	0.6045	0.5451	0.5556	0.5425	0.5210	0.5039
0.0179	0.0245	0.0280	0.0207	0.0344	0.0566	0.0520	0.0491	0.0730	0.0677	0.0721	0.0802	0.0879	0.0975	0.0924	0.1015	0.1195	0.1127	0.1280	0.1300	0.1471	0.1450	0.1523	0.1724	0.1636	0.1631	0.1812	0.1977	0.2021	0.1777	0.1866	0.1808	0.1817	0.1774	0.1871	0.1776	0.1737	0.1725	0.1747	0.1661	0.1583	0.1782	0.1849	0.2028	0.1982	0.2055	0.2084	0.2183	0.2170	0.2457	0.2555	0.2709	0.2915	0.2992	0.3327	0.3553	0.4062	0.5091	0.7932	0.8320	0.8177	0.7386	0.6815	0.6380	0.5974	0.5590	0.5261	0.5197	0.4719
0.0085	0.0097	0.0367	0.0340	0.0272	0.0416	0.0594	0.0538	0.0561	0.0563	0.0611	0.0586	0.0827	0.0873	0.0891	0.0976	0.1172	0.1044	0.0981	0.1083	0.1137	0.1168	0.1186	0.1254	0.1279	0.1387	0.1411	0.1440	0.1532	0.1448	0.1551	0.1376	0.1266	0.1417	0.1493	0.1462	0.1400	0.1365	0.1429	0.1496	0.1589	0.1499	0.1621	0.1809	0.1824	0.1819	0.1872	0.2076	0.2136	0.2190	0.2439	0.2612	0.2717	0.2900	0.2992	0.3390	0.3891	0.4638	0.7310	0.8291	0.7748	0.7230	0.6791	0.6099	0.5777	0.5355	0.5228	0.5234	0.4852
0.0000	0.0075	0.0187	0.0311	0.0331	0.0430	0.0507	0.0515	0.0407	0.0495	0.0670	0.0738	0.0738	0.0702	0.0835	0.0913	0.0959	0.0964	0.0764	0.0804	0.0860	0.0930	0.1002	0.0934	0.1055	0.1030	0.1111	0.1284	0.1308	0.1275	0.1129	0.1167	0.1216	0.1094	0.1212	0.1273	0.1284	0.1236	0.1327	0.1254	0.1320	0.1344	0.1420	0.1412	0.1503	0.1615	0.1707	0.1835	0.1874	0.1944	0.2168	0.2186	0.2238	0.2387	0.2621	0.3116	0.3431	0.3577	0.4898	0.6435	0.6471	0.6767	0.7196	0.6368	0.5461	0.5511	0.5357	0.5648	0.5001
0.0093	0.0071	0.0200	0.0246	0.0261	0.0314	0.0368	0.0540	0.0483	0.0554	0.0594	0.0637	0.0647	0.0607	0.0707	0.0771	0.0808	0.0929	0.0758	0.0722	0.0840	0.0854	0.0927	0.0965	0.0922	0.0896	0.0839	0.0967	0.1041	0.0985	0.0945	0.0929	0.1110	0.0937	0.1017	0.0959	0.1038	0.1064	0.1105	0.1051	0.1047	0.1127	0.1227	0.1281	0.1371	0.1434	0.1518	0.1640	0.1662	0.1718	0.1866	0.1943	0.1994	0.2119	0.2276	0.2541	0.2706	0.3082	0.3455	0.4215	0.5271	0.7087	0.6881	0.6117	0.5365	0.5521	0.5669	0.5648	0.5106
0.0052	0.0012	0.0159	0.0118	0.0102	0.0251	0.0342	0.0343	0.0386	0.0387	0.0435	0.0522	0.0594	0.0487	0.0579	0.0747	0.0740	0.0751	0.0706	0.0682	0.0790	0.0817	0.0787	0.0780	0.0828	0.0822	0.0804	0.0773	0.0841	0.0769	0.0784	0.0824	0.0908	0.0762	0.0805	0.0765	0.0711	0.0803	0.0816	0.0898	0.0862	0.0879	0.0977	0.0948	0.1232	0.1235	0.1222	0.1253	0.1277	0.1447	0.1509	0.1666	0.1789	0.1821	0.2035	0.2231	0.2475	0.2760	0.3140	0.4093	0.6396	0.7299	0.6474	0.6286	0.5719	0.5498	0.6142	0.5455	0.5050
0.0000	0.0000	0.0119	0.0221	0.0146	0.0225	0.0202	0.0338	0.0399	0.0368	0.0401	0.0536	0.0425	0.0516	0.0597	0.0605	0.0667	0.0625	0.0594	0.0658	0.0758	0.0724	0.0709	0.0735	0.0724	0.0830	0.0865	0.0785	0.0796	0.0791	0.0703	0.0730	0.0811	0.0756	0.0736	0.0696	0.0716	0.0690	0.0652	0.0731	0.0775	0.0802	0.0711	0.0854	0.0846	0.0917	0.1024	0.0994	0.1105	0.1234	0.1245	0.1381	0.1365	0.1621	0.1766	0.1971	0.2108	0.2303	0.2858	0.3622	0.6434	0.7098	0.6474	0.6645	0.6373	0.6111	0.6176	0.5685	0.5141
0.0000	0.0000	0.0000	0.0078	0.0167	0.0158	0.0169	0.0278	0.0344	0.0434	0.0437	0.0412	0.0488	0.0590	0.0517	0.0521	0.0587	0.0506	0.0477	0.0547	0.0614	0.0632	0.0721	0.0720	0.0745	0.0713	0.0637	0.0758	0.0768	0.0715	0.0628	0.0701	0.0596	0.0651	0.0634	0.0673	0.0693	0.0639	0.0578	0.0582	0.0670	0.0672	0.0653	0.0634	0.0616	0.0657	0.0744	0.0884	0.0895	0.0905	0.0950	0.1130	0.1127	0.1393	0.1605	0.1534	0.1808	0.2107	0.2301	0.2900	0.4422	0.6085	0.7041	0.6765	0.6562	0.6382	0.5332	0.5239	0.4979
0.0000	0.0000	0.0000	0.0000	0.0081	0.0021	0.0114	0.0480	0.0305	0.0275	0.0234	0.0333	0.0407	0.0295	0.0392	0.0472	0.0440	0.0460	0.0443	0.0595	0.0638	0.0584	0.0667	0.0600	0.0728	0.0715	0.0638	0.0653	0.0605	0.0650	0.0565	0.0648	0.0615	0.0606	0.0551	0.0555	0.0565	0.0511	0.0588	0.0568	0.0593	0.0642	0.0617	0.0527	0.0556	0.0578	0.0624	0.0617	0.0618	0.0635	0.0690	0.0801	0.0857	0.0974	0.1099	0.1095	0.1321	0.1433	0.1727	0.2129	0.2551	0.3347	0.4868	0.6656	0.6769	0.5927	0.3938	0.4632	0.5139
0.0000	0.0000	0.0000	0.0041	0.0000	0.0000	0.0053	0.0191	0.0203	0.0137	0.0182	0.0378	0.0401	0.0245	0.0391	0.0522	0.0489	0.0371	0.0433	0.0465	0.0579	0.0460	0.0440	0.0526	0.0534	0.0563	0.0633	0.0588	0.0644	0.0535	0.0578	0.0602	0.0546	0.0705	0.0594	0.0479	0.0432	0.0566	0.0519	0.0459	0.0471	0.0525	0.0552	0.0491	0.0603	0.0584	0.0582	0.0545	0.0531	0.0590	0.0661	0.0723	0.0680	0.0688	0.0767	0.0829	0.0844	0.0997	0.1234	0.1362	0.1594	0.1709	0.2355	0.4073	0.4893	0.3384	0.2348	0.3729	0.5527
0.0000	0.0000	0.0000	0.0000	0.0000	0.0048	0.0089	0.0033	0.0182	0.0190	0.0219	0.0326	0.0417	0.0350	0.0429	0.0449	0.0563	0.0493	0.0422	0.0431	0.0450	0.0475	0.0510	0.0527	0.0463	0.0512	0.0432	0.0447	0.0580	0.0568	0.0549	0.0532	0.0555	0.0579	0.0533	0.0472	0.0451	0.0578	0.0484	0.0466	0.0542	0.0512	0.0483	0.0502	0.0484	0.0518	0.0574	0.0563	0.0532	0.0585	0.0653	0.0643	0.0651	0.0632	0.0725	0.0799	0.0726	0.0711	0.0824	0.0932	0.1051	0.0943	0.1094	0.1237	0.1516	0.1401	0.1483	0.1828	0.2754
0.0000	0.0000	0.0000	0.0000	0.0000	0.0000	0.0122	0.0085	0.0171	0.0218	0.0211	0.0248	0.0280	0.0333	0.0421	0.0355	0.0379	0.0395	0.0362	0.0429	0.0396	0.0433	0.0472	0.0573	0.0497	0.0439	0.0466	0.0490	0.0590	0.0561	0.0518	0.0551	0.0448	0.0549	0.0529	0.0449	0.0436	0.0556	0.0506	0.0447	0.0539	0.0478	0.0433	0.0450	0.0443	0.0505	0.0513	0.0537	0.0504	0.0532	0.0645	0.0542	0.0599	0.0608	0.0714	0.0721	0.0694	0.0751	0.0730	0.0753	0.0799	0.0798	0.0920	0.1014	0.0968	0.0892	0.0924	0.0980	0.0946
0.0000	0.0000	0.0000	0.0000	0.0000	0.0089	0.0030	0.0074	0.0153	0.0137	0.0219	0.0161	0.0338	0.0311	0.0319	0.0293	0.0293	0.0253	0.0396	0.0473	0.0435	0.0384	0.0379	0.0471	0.0559	0.0402	0.0459	0.0543	0.0531	0.0454	0.0445	0.0407	0.0408	0.0435	0.0424	0.0489	0.0391	0.0423	0.0442	0.0382	0.0391	0.0426	0.0468	0.0475	0.0429	0.0462	0.0483	0.0506	0.0471	0.0471	0.0562	0.0511	0.0572	0.0535	0.0591	0.0675	0.0617	0.0679	0.0584	0.0628	0.0710	0.0779	0.0758	0.0850	0.0832	0.0802	0.0811	0.0737	0.0716
0.0000	0.0000	0.0000	0.0000	0.0059	0.0000	0.0103	0.0000	0.0000	0.0097	0.0232	0.0320	0.0386	0.0202	0.0225	0.0189	0.0245	0.0185	0.0373	0.0402	0.0430	0.0462	0.0364	0.0619	0.0408	0.0393	0.0396	0.0504	0.0435	0.0487	0.0417	0.0450	0.0598	0.0586	0.0477	0.0474	0.0424	0.0451	0.0438	0.0403	0.0430	0.0442	0.0375	0.0419	0.0499	0.0426	0.0429	0.0531	0.0461	0.0464	0.0585	0.0610	0.0637	0.0596	0.0542	0.0644	0.0594	0.0618	0.0633	0.0686	0.0838	0.0881	0.0764	0.0807	0.0783	0.0899	0.0838	0.0772	0.0826
