0.0000	0.0000	0.0054	0.0000	0.0000	0.0124	0.0224	0.0318	0.0192	0.0221	0.0309	0.0280	0.0384	0.0383	0.0323	0.0545	0.0680	0.0575	0.0480	0.0706	0.0699	0.0554	0.0619	0.0941	0.1105	0.0952	0.0919	0.0707	0.1088	0.1142	0.1088	0.1040	0.1031	0.1066	0.0954	0.1004	0.1190	0.0999	0.0950	0.0776	0.1027	0.1001	0.0898	0.0860	0.0868	0.0888	0.0791	0.0758	0.0934	0.0918	0.0932	0.0753	0.0688	0.0756	0.0743	0.0731	0.0805	0.0706	0.0729	0.0613	0.0723	0.0659	0.0767	0.0598	0.0721	0.0755	0.0783	0.0775	0.0948
0.0000	0.0000	0.0113	0.0176	0.0111	0.0149	0.0224	0.0251	0.0255	0.0188	0.0333	0.0377	0.0576	0.0510	0.0483	0.0533	0.0449	0.0825	0.0632	0.0721	0.0975	0.0700	0.0744	0.0942	0.1122	0.0899	0.0878	0.1018	0.0919	0.1273	0.1136	0.0991	0.1229	0.1024	0.1072	0.1166	0.1424	0.1020	0.0909	0.0979	0.1062	0.1305	0.1008	0.0993	0.1060	0.0929	0.0774	0.0964	0.0870	0.0843	0.0866	0.0732	0.0698	0.0731	0.0755	0.0872	0.0805	0.0816	0.0747	0.0841	0.0868	0.0909	0.0759	0.0760	0.0944	0.1215	0.1783	0.1874	0.2252
0.0000	0.0010	0.0145	0.0213	0.0237	0.0149	0.0273	0.0140	0.0270	0.0093	0.0333	0.0448	0.0683	0.0568	0.0409	0.0696	0.0690	0.0886	0.1077	0.1074	0.1014	0.0833	0.0897	0.1109	0.1324	0.1060	0.1169	0.1032	0.1089	0.1120	0.1081	0.0930	0.1266	0.1301	0.1148	0.1067	0.1154	0.1179	0.1141	0.1203	0.1209	0.1159	0.1102	0.0970	0.1047	0.1126	0.0938	0.0869	0.0931	0.0867	0.0988	0.1131	0.0777	0.0852	0.0948	0.0844	0.0901	0.0865	0.0771	0.0896	0.0899	0.1016	0.1248	0.1231	0.1394	0.2218	0.3366	0.3603	0.4035
0.0000	0.0000	0.0076	0.0300	0.0160	0.0104	0.0336	0.0404	0.0330	0.0463	0.0478	0.0540	0.0854	0.0605	0.0609	0.0744	0.0708	0.0851	0.0893	0.1110	0.1069	0.0919	0.0738	0.0794	0.1236	0.1193	0.1370	0.1074	0.0984	0.1120	0.1073	0.0976	0.1126	0.1286	0.1490	0.1226	0.1014	0.1242	0.1140	0.1075	0.1288	0.1199	0.1145	0.0926	0.0856	0.0947	0.1078	0.0987	0.1023	0.0897	0.1061	0.1087	0.0987	0.0830	0.1106	0.1015	0.0896	0.0997	0.1008	0.1008	0.1200	0.1410	0.1774	0.1842	0.1807	0.3616	0.4472	0.4023	0.4330
0.0000	0.0116	0.0104	0.0310	0.0194	0.0114	0.0294	0.0509	0.0302	0.0351	0.0446	0.0495	0.0744	0.0732	0.0573	0.0750	0.0630	0.0701	0.0629	0.0904	0.1002	0.0804	0.0941	0.0939	0.1105	0.0988	0.1039	0.1054	0.1098	0.1236	0.1185	0.1083	0.1421	0.1420	0.1354	0.1236	0.1341	0.1111	0.1170	0.1161	0.1359	0.1147	0.1189	0.1176	0.1364	0.1017	0.1090	0.1039	0.0973	0.1070	0.0936	0.0925	0.0939	0.1013	0.0932	0.0988	0.0973	0.1072	0.1228	0.1248	0.1445	0.1472	0.1747	0.1935	0.2115	0.3711	0.4778	0.3995	0.4244
0.0000	0.0000	0.0133	0.0297	0.0317	0.0517	0.0498	0.0492	0.0337	0.0343	0.0414	0.0577	0.0762	0.0673	0.0741	0.0985	0.0865	0.0847	0.0744	0.1082	0.1032	0.1025	0.0861	0.0999	0.1173	0.1219	0.1203	0.1169	0.1174	0.1301	0.1157	0.1243	0.1591	0.1392	0.1592	0.1324	0.1374	0.1364	0.1244	0.1152	0.1263	0.1435	0.1300	0.1272	0.1351	0.1068	0.1131	0.1156	0.1170	0.1138	0.1006	0.1064	0.1037	0.1098	0.1169	0.1244	0.1163	0.1291	0.1264	0.1519	0.1410	0.1585	0.1933	0.2259	0.2518	0.3735	0.4456	0.4544	0.4362
0.0000	0.0018	0.0270	0.0365	0.0165	0.0366	0.0428	0.0538	0.0624	0.0618	0.0796	0.0726	0.0805	0.0584	0.0631	0.1164	0.1100	0.1010	0.0882	0.1008	0.1130	0.1230	0.0866	0.1012	0.1450	0.1611	0.1348	0.1266	0.1553	0.1310	0.1080	0.1278	0.1495	0.1518	0.1604	0.1404	0.1286	0.1411	0.1498	0.1201	0.1195	0.1465	0.1420	0.1164	0.1184	0.1322	0.1388	0.1408	0.1221	0.1173	0.1378	0.1295	0.1182	0.1373	0.1452	0.1741	0.1613	0.1479	0.1686	0.1837	0.1713	0.1868	0.2138	0.2669	0.3019	0.3979	0.4162	0.4315	0.4187
0.0000	0.0072	0.0255	0.0438	0.0271	0.0328	0.0537	0.0599	0.0687	0.0722	0.0806	0.0850	0.0709	0.0793	0.0680	0.1027	0.0992	0.1117	0.1253	0.1099	0.1214	0.1286	0.1073	0.1239	0.1491	0.1473	0.1171	0.1329	0.1554	0.1325	0.1339	0.1394	0.1475	0.1497	0.1594	0.1550	0.1537	0.1611	0.1596	0.1424	0.1215	0.1575	0.1596	0.1322	0.1432	0.1478	0.1489	0.1653	0.1475	0.1379	0.1505	0.1598	0.1522	0.1474	0.1649	0.1693	0.1695	0.1642	0.1991	0.1874	0.2066	0.2228	0.2332	0.2760	0.2767	0.3380	0.4161	0.4490	0.4481
0.0013	0.0274	0.0347	0.0253	0.0360	0.0648	0.0675	0.0516	0.0594	0.0632	0.0883	0.1011	0.0934	0.0876	0.0928	0.1119	0.1054	0.1025	0.1462	0.1387	0.1282	0.1331	0.1323	0.1168	0.1465	0.1388	0.1195	0.1461	0.1680	0.1480	0.1511	0.1529	0.1766	0.1520	0.1654	0.1781	0.1581	0.1649	0.1544	0.1833	0.1383	0.1571	0.1597	0.1649	0.1658	0.1579	0.1599	0.1679	0.1772	0.1696	0.1742	0.1686	0.1772	0.1945	0.1736	0.1720	0.1795	0.1884	0.2104	0.2021	0.2306	0.2275	0.2326	0.2619	0.2617	0.2891	0.4080	0.4752	0.4552
0.0000	0.0164	0.0385	0.0449	0.0404	0.0451	0.0742	0.0559	0.0673	0.0723	0.0783	0.0900	0.0881	0.0953	0.1010	0.1037	0.1197	0.1083	0.1202	0.1388	0.1461	0.1327	0.1445	0.1278	0.1598	0.1558	0.1622	0.1628	0.1778	0.1715	0.1707	0.1857	0.1871	0.1850	0.1907	0.1933	0.1675	0.1723	0.1753	0.2023	0.1958	0.1835	0.1752	0.2100	0.2202	0.1924	0.1923	0.1771	0.1853	0.1790	0.1907	0.1926	0.1934	0.1909	0.1916	0.1953	0.2125	0.2100	0.2003	0.2156	0.2472	0.2291	0.2390	0.2552	0.2751	0.3055	0.3125	0.4076	0.4284
0.0109	0.0274	0.0455	0.0532	0.0487	0.0724	0.0684	0.0956	0.0918	0.0797	0.0746	0.0882	0.0941	0.1066	0.1012	0.1145	0.1198	0.1272	0.1298	0.1530	0.1624	0.1454	0.1484	0.1471	0.1899	0.1982	0.1994	0.1673	0.1885	0.2087	0.1780	0.2042	0.2516	0.2442	0.2411	0.2121	0.1989	0.2397	0.2179	0.1968	0.2215	0.2258	0.2314	0.2097	0.2489	0.2449	0.2020	0.2167	0.2211	0.2107	0.2009	0.2220	0.2087	0.1911	0.1873	0.2156	0.2472	0.2083	0.2064	0.2329	0.2263	0.2224	0.2602	0.2750	0.3514	0.4164	0.3616	0.3217	0.2877
0.0312	0.0389	0.0642	0.0653	0.0606	0.0633	0.0634	0.0939	0.1014	0.0887	0.1041	0.1138	0.1130	0.1226	0.1001	0.1223	0.1404	0.1643	0.1612	0.1651	0.1992	0.1848	0.1698	0.1596	0.2067	0.2271	0.2372	0.2228	0.2533	0.2609	0.2459	0.2697	0.3063	0.3034	0.3067	0.2901	0.3417	0.4120	0.3438	0.2882	0.2916	0.4280	0.4176	0.2764	0.2655	0.2610	0.2351	0.2300	0.2389	0.2280	0.2216	0.2272	0.2335	0.2267	0.2329	0.2436	0.2691	0.2323	0.2320	0.2520	0.2729	0.2706	0.2961	0.3206	0.3912	0.4638	0.4534	0.3416	0.2813
0.0422	0.0425	0.0503	0.0567	0.0710	0.0672	0.0786	0.1080	0.0984	0.1008	0.1121	0.1251	0.1147	0.1259	0.1092	0.1466	0.1597	0.1773	0.1703	0.1819	0.2165	0.2318	0.2291	0.2597	0.2942	0.3324	0.3297	0.3836	0.4808	0.3698	0.3857	0.4327	0.4479	0.4448	0.4898	0.4881	0.6673	0.8091	0.7010	0.5013	0.5410	0.7890	0.8348	0.5453	0.3509	0.2991	0.2909	0.2557	0.2651	0.2401	0.2317	0.2450	0.2641	0.2747	0.2787	0.3002	0.2931	0.2638	0.2851	0.2756	0.2924	0.3220	0.3161	0.3496	0.4128	0.5020	0.4511	0.4050	0.3084
0.0386	0.0412	0.0733	0.0545	0.0665	0.0630	0.0946	0.0922	0.1019	0.1047	0.1024	0.1462	0.1320	0.1409	0.1309	0.1642	0.2090	0.2291	0.2610	0.2803	0.2925	0.3318	0.4364	0.4735	0.5021	0.5613	0.6732	0.7793	0.8598	0.7996	0.7393	0.8359	0.8641	0.8346	0.8333	0.8317	0.9037	0.8849	0.9328	0.7455	0.7231	0.9019	0.9714	0.8252	0.6381	0.4809	0.3472	0.3145	0.3000	0.2824	0.2937	0.3118	0.2974	0.3108	0.3108	0.3203	0.3065	0.3033	0.3090	0.3089	0.3103	0.3270	0.3500	0.3478	0.3496	0.4112	0.4464	0.3651	0.3421
0.0255	0.0398	0.0716	0.0643	0.0597	0.0760	0.1020	0.1150	0.1254	0.1293	0.1357	0.1376	0.1729	0.1891	0.2107	0.2277	0.2871	0.3467	0.3965	0.4825	0.6112	0.6746	0.7825	0.9188	0.9081	0.8547	0.8708	0.8892	0.9043	0.9297	0.9123	0.9534	1.0000	0.9547	0.8920	0.8995	0.8727	0.8578	0.9021	0.9209	0.8761	0.9001	0.8947	0.9033	0.8176	0.7337	0.4781	0.3968	0.3701	0.3499	0.3910	0.3466	0.3277	0.2981	0.3088	0.3502	0.3365	0.3399	0.3169	0.3468	0.3177	0.3192	0.3487	0.3392	0.3587	0.3454	0.3709	0.3276	0.3799
0.0460	0.0438	0.0811	0.1063	0.1099	0.1126	0.1231	0.1386	0.1520	0.1381	0.1842	0.2303	0.2550	0.3138	0.3663	0.3840	0.4852	0.5467	0.7412	0.8811	0.9769	0.9325	0.8964	0.9313	0.9076	0.8198	0.8489	0.8173	0.8644	0.8452	0.8291	0.9419	0.9165	0.8993	0.8660	0.8516	0.8970	0.8508	0.7913	0.8540	0.8860	0.8369	0.8443	0.8589	0.7958	0.8349	0.7186	0.5177	0.4277	0.4057	0.4277	0.4106	0.3667	0.3246	0.3241	0.3768	0.3717	0.3798	0.3654	0.3944	0.3581	0.3520	0.3828	0.4068	0.3955	0.4054	0.4135	0.3984	0.4232
0.0793	0.0583	0.0895	0.1221	0.1416	0.1560	0.1897	0.1945	0.2450	0.2967	0.3344	0.3792	0.4688	0.5364	0.5968	0.6857	0.8195	0.8427	0.9366	0.9249	0.9298	0.8622	0.7584	0.7658	0.7720	0.7435	0.7097	0.7572	0.7509	0.7778	0.7938	0.8533	0.9169	0.8357	0.9061	0.8045	0.8267	0.8268	0.8159	0.7266	0.7811	0.7525	0.8031	0.8280	0.8051	0.7914	0.7733	0.7637	0.6987	0.6572	0.5769	0.6127	0.4882	0.4159	0.3928	0.4311	0.4875	0.4507	0.4079	0.4137	0.3892	0.3843	0.3913	0.4518	0.4911	0.4236	0.4309	0.4355	0.3940
0.0797	0.1155	0.1678	0.1781	0.2094	0.2790	0.3970	0.5132	0.6254	0.6275	0.6563	0.6755	0.7301	0.8411	0.9145	0.9404	0.9116	0.9142	0.9079	0.7661	0.7857	0.7930	0.6879	0.6813	0.6892	0.6874	0.7127	0.7208	0.7154	0.7228	0.8354	0.8450	0.8057	0.8319	0.8392	0.8125	0.8013	0.8420	0.7984	0.7480	0.7260	0.7335	0.7538	0.7912	0.7769	0.7722	0.7635	0.7834	0.8252	0.8186	0.7990	0.8017	0.6753	0.5519	0.4989	0.5904	0.6629	0.5742	0.4631	0.4523	0.5169	0.5288	0.4732	0.4950	0.4906	0.4191	0.4275	0.4197	0.3727
0.1439	0.2417	0.3532	0.4524	0.5059	0.6181	0.7724	0.8248	0.9412	0.8528	0.8423	0.8602	0.8956	0.8373	0.8761	0.9303	0.9200	0.8147	0.7959	0.7343	0.6819	0.7377	0.6807	0.7512	0.6956	0.6963	0.7205	0.6727	0.6957	0.7616	0.7778	0.8052	0.8129	0.8794	0.8256	0.8113	0.7800	0.7855	0.7811	0.7645	0.6833	0.7164	0.7423	0.7181	0.7437	0.7633	0.7450	0.7112	0.7447	0.7669	0.7757	0.7950	0.7674	0.7686	0.7068	0.7132	0.7076	0.6744	0.5398	0.5808	0.6656	0.6059	0.5695	0.5358	0.4523	0.4104	0.3964	0.3909	0.4077
0.3047	0.4230	0.5209	0.5985	0.5998	0.6671	0.7227	0.7283	0.8025	0.7896	0.7439	0.7485	0.8634	0.7857	0.7956	0.7964	0.7736	0.7234	0.6598	0.6915	0.6863	0.7094	0.6707	0.7082	0.7310	0.7043	0.7038	0.7224	0.7120	0.7353	0.8209	0.8541	0.8461	0.8403	0.8071	0.8099	0.7700	0.7423	0.6809	0.6622	0.6464	0.6975	0.7010	0.6857	0.7295	0.6862	0.6583	0.6729	0.7100	0.6931	0.6773	0.7187	0.6843	0.7070	0.6956	0.6871	0.6493	0.7004	0.6302	0.6295	0.6116	0.5877	0.5857	0.5577	0.4600	0.4289	0.3969	0.3731	0.3449
0.3072	0.3994	0.4192	0.4275	0.4229	0.4809	0.5444	0.5232	0.5533	0.6149	0.6690	0.6222	0.7294	0.7194	0.6446	0.6768	0.6819	0.6844	0.6302	0.6256	0.6868	0.6951	0.6639	0.6836	0.7111	0.7414	0.6921	0.7502	0.7413	0.7148	0.7959	0.8111	0.7977	0.8075	0.8004	0.7460	0.7075	0.6836	0.6648	0.6319	0.6749	0.6620	0.6462	0.6659	0.6351	0.6409	0.6396	0.6392	0.6545	0.6245	0.6366	0.6450	0.5925	0.6755	0.6238	0.6352	0.6116	0.5839	0.5716	0.5754	0.5564	0.5329	0.5075	0.4823	0.5027	0.4455	0.3971	0.3760	0.3660
0.2612	0.2945	0.2960	0.3412	0.3045	0.3231	0.3825	0.3988	0.4236	0.5043	0.5410	0.5003	0.5719	0.6175	0.5625	0.5783	0.7114	0.6611	0.6826	0.6520	0.6595	0.7070	0.7378	0.6877	0.6849	0.6721	0.6664	0.6950	0.7101	0.6899	0.7249	0.7205	0.7470	0.7323	0.7518	0.7138	0.6629	0.6805	0.6175	0.6643	0.6978	0.6264	0.5955	0.6171	0.6360	0.6295	0.5967	0.5921	0.5778	0.5608	0.6172	0.6128	0.5637	0.5902	0.5677	0.5743	0.5929	0.5635	0.5204	0.5014	0.5153	0.5519	0.4922	0.4608	0.4768	0.4406	0.3690	0.3550	0.3602
0.2312	0.2611	0.2705	0.2833	0.2741	0.3016	0.3512	0.3615	0.3752	0.4007	0.4209	0.4432	0.4795	0.5212	0.5229	0.5986	0.6645	0.6645	0.6865	0.5944	0.6632	0.7148	0.6648	0.6729	0.6819	0.6523	0.6749	0.7300	0.6719	0.6963	0.6908	0.6529	0.7006	0.6708	0.6689	0.6523	0.6268	0.6670	0.6437	0.6149	0.6033	0.5827	0.5941	0.6185	0.6337	0.6041	0.6020	0.5723	0.5546	0.5367	0.5814	0.6145	0.6037	0.5607	0.5646	0.5625	0.5690	0.5447	0.5191	0.5424	0.5171	0.5042	0.4866	0.4565	0.4398	0.4138	0.3811	0.3347	0.3366
0.2238	0.2393	0.2370	0.2743	0.2683	0.2920	0.3601	0.3688	0.3449	0.3919	0.4282	0.4326	0.4522	0.5015	0.5396	0.6239	0.6608	0.6505	0.6829	0.6598	0.6613	0.7169	0.6408	0.6206	0.6592	0.6192	0.6355	0.6785	0.6913	0.6257	0.6217	0.6444	0.6694	0.6832	0.6740	0.6429	0.6544	0.6405	0.6384	0.6258	0.6254	0.6165	0.6113	0.6343	0.6261	0.6038	0.6296	0.5902	0.5779	0.5759	0.5541	0.5643	0.5775	0.5825	0.5514	0.5477	0.5781	0.5617	0.5280	0.5217	0.4945	0.5053	0.5203	0.4313	0.4155	0.4237	0.3881	0.3580	0.3610
0.2129	0.2420	0.2468	0.2678	0.2906	0.3392	0.3513	0.3436	0.3722	0.4151	0.4307	0.4174	0.4803	0.5450	0.5586	0.6127	0.6065	0.6159	0.6561	0.6667	0.6004	0.6079	0.6691	0.6893	0.6657	0.6631	0.6368	0.6436	0.7262	0.6827	0.6338	0.6660	0.6851	0.7180	0.6614	0.6745	0.7125	0.6340	0.6345	0.6716	0.6324	0.6645	0.6305	0.6107	0.6376	0.6199	0.6012	0.6307	0.6273	0.5961	0.5695	0.5578	0.5601	0.5573	0.5512	0.5899	0.5514	0.5264	0.5168	0.5158	0.4983	0.5107	0.5014	0.4356	0.4184	0.4054	0.3710	0.3643	0.3779
0.2097	0.2484	0.2644	0.3062	0.3101	0.2973	0.3522	0.3698	0.4069	0.4149	0.4309	0.4326	0.5114	0.5665	0.5538	0.6422	0.6647	0.6306	0.6157	0.6402	0.6693	0.6544	0.6423	0.6274	0.6307	0.6268	0.6675	0.6599	0.6902	0.6838	0.6898	0.6788	0.6902	0.6825	0.6866	0.7002	0.6757	0.6646	0.6979	0.6510	0.6567	0.6577	0.6077	0.6186	0.6474	0.6389	0.6331	0.6617	0.6454	0.6097	0.6506	0.5777	0.5433	0.5542	0.5652	0.5583	0.5549	0.5798	0.5349	0.5083	0.5261	0.4871	0.4888	0.4400	0.4227	0.4197	0.3830	0.3782	0.3690
0.2118	0.2310	0.2655	0.3002	0.3130	0.3348	0.3604	0.3818	0.3801	0.4050	0.4501	0.4709	0.5456	0.5482	0.5288	0.5961	0.6188	0.6286	0.6627	0.6735	0.6478	0.6256	0.6534	0.6863	0.6160	0.6046	0.6565	0.6464	0.6109	0.6619	0.6764	0.6775	0.6969	0.6717	0.6549	0.6562	0.6347	0.6830	0.6794	0.6928	0.6753	0.6421	0.6187	0.6042	0.6533	0.6378	0.6312	0.6495	0.6442	0.6168	0.6584	0.5972	0.5718	0.5711	0.5986	0.5628	0.5208	0.5329	0.5357	0.5355	0.4980	0.4922	0.4973	0.4082	0.4458	0.4378	0.3699	0.3601	0.3608
0.2045	0.2459	0.2559	0.2851	0.2922	0.3300	0.3746	0.3751	0.3751	0.4156	0.4517	0.4827	0.5468	0.5698	0.5822	0.5872	0.5842	0.6373	0.6217	0.6875	0.6540	0.6530	0.6387	0.6460	0.6529	0.6425	0.6576	0.6433	0.6633	0.6754	0.6441	0.6773	0.7002	0.6743	0.6559	0.6779	0.6471	0.6659	0.6689	0.6941	0.6773	0.6642	0.6508	0.6444	0.6434	0.6326	0.6462	0.6278	0.6451	0.6145	0.6459	0.6207	0.6455	0.6250	0.5939	0.5860	0.5612	0.5123	0.5133	0.5448	0.5284	0.5234	0.5136	0.4214	0.4123	0.4009	0.3802	0.3778	0.3685
0.1951	0.2294	0.2351	0.2442	0.2780	0.3470	0.4048	0.3927	0.3807	0.4342	0.4800	0.4512	0.5010	0.5548	0.5878	0.6176	0.6202	0.6389	0.6540	0.6649	0.6515	0.6387	0.6376	0.6356	0.6327	0.6036	0.6607	0.6690	0.7245	0.6500	0.6667	0.6808	0.6915	0.6677	0.6552	0.7020	0.6600	0.6715	0.6583	0.6775	0.6848	0.6691	0.6837	0.6621	0.6411	0.6461	0.6925	0.6449	0.6764	0.6152	0.6118	0.6228	0.6118	0.6060	0.6153	0.6075	0.5866	0.5894	0.5349	0.5413	0.5450	0.5005	0.4582	0.4610	0.4376	0.4151	0.3990	0.3825	0.3581
0.1691	0.1964	0.2141	0.2737	0.3069	0.3016	0.3775	0.3999	0.4323	0.4264	0.4627	0.4863	0.5110	0.5441	0.5789	0.6133	0.6360	0.6243	0.6443	0.7123	0.6523	0.6047	0.6219	0.6463	0.6153	0.5911	0.6073	0.6614	0.7190	0.6669	0.6602	0.6824	0.7167	0.7183	0.6809	0.6759	0.7166	0.7467	0.6555	0.6755	0.7158	0.6724	0.6732	0.6725	0.6822	0.6185	0.6412	0.6659	0.6593	0.6507	0.6305	0.6507	0.6267	0.6235	0.6206	0.6231	0.5770	0.5834	0.5535	0.5440	0.5449	0.5272	0.4797	0.4677	0.4945	0.4343	0.3826	0.4035	0.3569
0.1712	0.1710	0.2203	0.2272	0.2720	0.2912	0.3679	0.3785	0.4285	0.4483	0.4614	0.5183	0.5694	0.5573	0.5736	0.6148	0.6210	0.5870	0.6327	0.6302	0.6519	0.6489	0.6395	0.6627	0.6034	0.6225	0.5742	0.6532	0.6602	0.6530	0.6617	0.6877	0.7001	0.6912	0.7288	0.7487	0.7204	0.6989	0.6852	0.6753	0.6425	0.6842	0.6969	0.6858	0.6605	0.6368	0.6267	0.6374	0.6615	0.6990	0.6873	0.6990	0.7042	0.7025	0.6314	0.6214	0.6291	0.6192	0.5974	0.5976	0.5671	0.5278	0.5140	0.4438	0.4596	0.4148	0.3900	0.3875	0.3439
0.1518	0.1565	0.1698	0.1888	0.2123	0.2635	0.3023	0.3405	0.4165	0.4291	0.4784	0.5152	0.5341	0.5501	0.5806	0.6231	0.6470	0.5949	0.6109	0.6317	0.6625	0.6295	0.6261	0.6481	0.6296	0.6209	0.5953	0.6320	0.6667	0.6738	0.6824	0.6986	0.7069	0.7054	0.7098	0.7105	0.6985	0.6747	0.7017	0.6845	0.6438	0.6433	0.6798	0.6329	0.6569	0.6449	0.6755	0.6928	0.6651	0.6651	0.6927	0.6889	0.7071	0.7100	0.6900	0.6533	0.6391	0.6555	0.6402	0.6399	0.5809	0.5614	0.5544	0.5112	0.4628	0.3995	0.4217	0.3913	0.3576
0.1183	0.1472	0.1546	0.1922	0.2308	0.2464	0.2959	0.3352	0.3804	0.4172	0.4238	0.4957	0.5569	0.5760	0.5695	0.6090	0.6560	0.6115	0.6093	0.6664	0.6619	0.6438	0.6352	0.6451	0.6610	0.6548	0.6476	0.6376	0.6930	0.6755	0.6837	0.7325	0.7292	0.7158	0.7444	0.7176	0.7267	0.6920	0.7400	0.6925	0.6876	0.6933	0.6395	0.6915	0.6826	0.6298	0.6762	0.7028	0.7053	0.6611	0.7037	0.7397	0.7614	0.7064	0.7069	0.6542	0.6643	0.6792	0.6613	0.6407	0.6333	0.6124	0.5828	0.5043	0.4648	0.4233	0.4180	0.3754	0.3607
0.0948	0.1322	0.1633	0.1653	0.1926	0.2156	0.2799	0.3106	0.3392	0.3874	0.4590	0.4594	0.5297	0.5985	0.5692	0.5816	0.5857	0.5937	0.5970	0.6297	0.6621	0.5930	0.6002	0.6355	0.6857	0.6812	0.6388	0.6924	0.7123	0.6978	0.7006	0.7302	0.7674	0.7948	0.7533	0.7554	0.7315	0.6992	0.7400	0.7083	0.6912	0.6984	0.6790	0.6987	0.6668	0.7026	0.7200	0.6931	0.7320	0.7365	0.7406	0.7242	0.7243	0.7040	0.7140	0.6648	0.7069	0.7131	0.7128	0.6220	0.6472	0.6475	0.5908	0.5395	0.4757	0.4572	0.4334	0.3946	0.3785
0.0911	0.1263	0.1280	0.1494	0.1914	0.2051	0.2840	0.3248	0.3119	0.3692	0.4096	0.4235	0.4958	0.5621	0.5572	0.5591	0.5642	0.6073	0.6068	0.6308	0.6481	0.6244	0.6175	0.6941	0.7128	0.7041	0.6983	0.7330	0.7127	0.7484	0.6891	0.6989	0.7353	0.7933	0.8175	0.7809	0.7573	0.7332	0.7647	0.7184	0.7108	0.7138	0.7111	0.6876	0.6735	0.6958	0.7069	0.6999	0.6918	0.7874	0.7377	0.7258	0.7644	0.7917	0.7472	0.7519	0.7966	0.7873	0.6283	0.6453	0.6899	0.6026	0.5695	0.5301	0.5254	0.4900	0.4615	0.4157	0.3822
0.0835	0.0869	0.1241	0.1650	0.1951	0.2355	0.2798	0.3178	0.3161	0.3488	0.3952	0.4461	0.5149	0.5615	0.5505	0.5663	0.5515	0.5997	0.5894	0.6618	0.6441	0.6605	0.6529	0.6764	0.7267	0.7087	0.7059	0.7255	0.7366	0.7293	0.7505	0.7574	0.7597	0.8170	0.8258	0.7885	0.7578	0.7849	0.7590	0.7333	0.7281	0.7348	0.7538	0.7074	0.7053	0.7089	0.7481	0.7801	0.7931	0.8074	0.8196	0.7842	0.7831	0.7887	0.7562	0.7752	0.7498	0.6382	0.4945	0.6128	0.7073	0.6292	0.6216	0.5940	0.5632	0.4697	0.4586	0.4190	0.4191
0.0788	0.0953	0.1504	0.1858	0.2051	0.2645	0.3087	0.3301	0.3588	0.4052	0.3901	0.4343	0.4914	0.5312	0.5306	0.5512	0.5843	0.6230	0.6472	0.6783	0.6920	0.6856	0.6921	0.7309	0.7033	0.7155	0.6868	0.7357	0.7753	0.7601	0.7445	0.7869	0.8002	0.8338	0.8117	0.8110	0.7879	0.8025	0.7319	0.7348	0.7624	0.7520	0.7495	0.7476	0.7381	0.7376	0.7658	0.8099	0.8282	0.8566	0.8115	0.8141	0.8378	0.7539	0.5324	0.5396	0.4846	0.4415	0.4539	0.6233	0.7346	0.6911	0.6648	0.5752	0.5293	0.4752	0.4677	0.4435	0.4392
0.1424	0.1474	0.1801	0.1997	0.2101	0.2638	0.3077	0.3459	0.4117	0.4166	0.4603	0.4941	0.5087	0.5169	0.5524	0.5629	0.5933	0.6933	0.7192	0.7140	0.6941	0.7534	0.7451	0.7301	0.7290	0.7390	0.7065	0.7021	0.7401	0.7091	0.7263	0.8014	0.7989	0.8122	0.8219	0.8149	0.8232	0.8166	0.7721	0.7556	0.7652	0.7217	0.7329	0.7777	0.7889	0.7765	0.8254	0.8268	0.8437	0.8918	0.8311	0.7579	0.7082	0.5671	0.3895	0.3609	0.3921	0.4227	0.5626	0.7253	0.8390	0.7412	0.7128	0.6326	0.5651	0.5145	0.4915	0.4726	0.4587
0.1055	0.1573	0.2049	0.2563	0.2712	0.3578	0.4308	0.4641	0.4829	0.5374	0.6073	0.6299	0.6203	0.6574	0.6283	0.6687	0.7042	0.6583	0.6622	0.6639	0.6578	0.7609	0.7398	0.6942	0.7524	0.7103	0.7204	0.7247	0.6891	0.7013	0.7390	0.8248	0.8060	0.8084	0.8581	0.8253	0.7974	0.8480	0.8088	0.7583	0.7842	0.7902	0.7713	0.8072	0.8208	0.7578	0.7899	0.7868	0.8336	0.7585	0.4960	0.4306	0.4230	0.3631	0.3451	0.3594	0.3837	0.4943	0.7370	0.8231	0.8227	0.6821	0.7401	0.7055	0.6355	0.5935	0.5075	0.4763	0.4453
0.0930	0.1327	0.1506	0.2220	0.2821	0.3671	0.4898	0.6084	0.6778	0.6561	0.5559	0.7065	0.7578	0.8423	0.8407	0.8491	0.8196	0.7783	0.7306	0.7205	0.6533	0.6942	0.6997	0.7063	0.6994	0.6668	0.6760	0.6803	0.6856	0.7129	0.7302	0.8037	0.8060	0.8264	0.8056	0.8434	0.8175	0.7852	0.7929	0.7623	0.7565	0.7924	0.8797	0.8880	0.8546	0.8042	0.8048	0.7984	0.7404	0.5130	0.3306	0.3367	0.3539	0.3307	0.3331	0.3590	0.3622	0.5435	0.8003	0.8454	0.6989	0.5706	0.7758	0.7515	0.6825	0.5979	0.5397	0.5178	0.4422
0.0784	0.0919	0.1308	0.1608	0.1638	0.2013	0.2968	0.3516	0.4738	0.4455	0.3937	0.4522	0.6018	0.7247	0.7134	0.7290	0.8248	0.9825	0.9567	0.8648	0.7955	0.7200	0.6748	0.6958	0.6470	0.6447	0.6262	0.6675	0.7496	0.7516	0.7937	0.8207	0.8103	0.8091	0.8096	0.8428	0.8214	0.7954	0.8089	0.7985	0.8520	0.8238	0.8989	0.8362	0.8815	0.8553	0.8648	0.7339	0.4640	0.3560	0.3265	0.3251	0.3011	0.3064	0.3064	0.3256	0.3553	0.4975	0.7581	0.7031	0.4926	0.5984	0.8507	0.7693	0.6785	0.5999	0.6008	0.5206	0.4827
0.0383	0.0386	0.0701	0.1104	0.1123	0.1236	0.1285	0.1502	0.1862	0.2075	0.2363	0.2522	0.3147	0.3286	0.3712	0.3905	0.4912	0.7049	0.8860	0.8905	0.9394	0.8736	0.8075	0.7714	0.7604	0.6960	0.6721	0.6770	0.7639	0.8011	0.8386	0.8367	0.8590	0.8868	0.8800	0.8871	0.8386	0.8270	0.8238	0.8164	0.8280	0.7269	0.5929	0.4678	0.6853	0.8475	0.8557	0.4999	0.2872	0.2870	0.3206	0.2957	0.2943	0.2992	0.3028	0.3159	0.3304	0.3522	0.4453	0.4742	0.4978	0.7405	0.8628	0.7699	0.7113	0.5941	0.6088	0.5321	0.4710
0.0077	0.0252	0.0510	0.0567	0.0781	0.0793	0.0749	0.0928	0.1083	0.1299	0.1364	0.1436	0.1825	0.1925	0.2232	0.2738	0.3015	0.3500	0.4635	0.5291	0.6003	0.7589	0.8792	0.9188	0.9298	0.8103	0.7568	0.7733	0.8325	0.8469	0.8444	0.8406	0.8777	0.9038	0.8429	0.8202	0.8276	0.8080	0.7571	0.7818	0.7489	0.4110	0.3177	0.3083	0.3830	0.5106	0.5128	0.3359	0.2763	0.2671	0.2686	0.2665	0.2620	0.2798	0.2875	0.3087	0.3179	0.3294	0.3322	0.3617	0.4633	0.7578	0.8393	0.7140	0.6293	0.6588	0.6674	0.6108	0.5407
0.0000	0.0144	0.0327	0.0399	0.0698	0.0710	0.0840	0.0952	0.0950	0.1044	0.1068	0.0953	0.1283	0.1377	0.1466	0.1715	0.1946	0.2148	0.2373	0.2621	0.3143	0.3546	0.5714	0.7176	0.7120	0.6777	0.7356	0.8418	0.8679	0.8779	0.8635	0.8950	0.8997	0.8944	0.8425	0.8476	0.8678	0.8350	0.8465	0.8072	0.5861	0.2730	0.2451	0.2309	0.2585	0.2565	0.2467	0.2634	0.2548	0.2460	0.2324	0.2280	0.2259	0.2386	0.2511	0.2857	0.2913	0.2884	0.2914	0.3244	0.3480	0.4895	0.5623	0.4691	0.5785	0.7255	0.6803	0.6073	0.5131
0.0019	0.0125	0.0164	0.0304	0.0514	0.0579	0.0527	0.0655	0.0693	0.0802	0.0881	0.0880	0.0967	0.0949	0.1351	0.1281	0.1280	0.1344	0.1480	0.1597	0.1864	0.1858	0.2072	0.2771	0.3178	0.3189	0.4208	0.5331	0.7859	0.7820	0.6275	0.6013	0.7058	0.7625	0.8356	0.7461	0.6259	0.7127	0.8308	0.5587	0.3166	0.2162	0.2195	0.2091	0.2154	0.2266	0.2246	0.2281	0.2181	0.2247	0.2174	0.2072	0.2207	0.2186	0.2303	0.2305	0.2349	0.2415	0.2553	0.2638	0.2757	0.2726	0.3095	0.3338	0.4372	0.6120	0.5495	0.3989	0.3315
0.0000	0.0071	0.0279	0.0263	0.0273	0.0440	0.0577	0.0615	0.0676	0.0707	0.0896	0.0802	0.0764	0.0744	0.0816	0.0885	0.0941	0.1136	0.1086	0.1319	0.1246	0.1352	0.1292	0.1559	0.1803	0.1659	0.1964	0.2422	0.3933	0.3861	0.2609	0.2286	0.2670	0.3134	0.4368	0.3404	0.2631	0.3562	0.4581	0.2296	0.1795	0.1905	0.1975	0.1998	0.2031	0.2021	0.2085	0.2113	0.2007	0.2083	0.2064	0.2033	0.2134	0.2056	0.2074	0.2162	0.2358	0.2375	0.2373	0.2534	0.2545	0.2656	0.2621	0.2850	0.3186	0.4088	0.4347	0.3417	0.3141
0.0000	0.0083	0.0249	0.0198	0.0380	0.0435	0.0614	0.0540	0.0635	0.0706	0.0542	0.0633	0.0798	0.0745	0.0617	0.0883	0.0868	0.0934	0.1007	0.1127	0.1154	0.1199	0.1203	0.1378	0.1420	0.1432	0.1527	0.1572	0.1840	0.1709	0.1688	0.1527	0.1509	0.1680	0.1862	0.1710	0.1739	0.1744	0.1810	0.1530	0.1503	0.1582	0.1700	0.1721	0.1766	0.1762	0.1797	0.1837	0.1814	0.1905	0.1993	0.1876	0.2063	0.2011	0.1957	0.2103	0.2226	0.2244	0.2177	0.2286	0.2281	0.2443	0.2569	0.2721	0.2751	0.3037	0.3335	0.3103	0.3272
0.0000	0.0037	0.0021	0.0188	0.0189	0.0240	0.0477	0.0677	0.0567	0.0438	0.0436	0.0698	0.0525	0.0676	0.0813	0.0880	0.0875	0.0861	0.0915	0.0996	0.0967	0.0913	0.1026	0.1109	0.1087	0.1158	0.1085	0.1336	0.1462	0.1460	0.1365	0.1277	0.1285	0.1262	0.1436	0.1425	0.1354	0.1305	0.1350	0.1246	0.1333	0.1351	0.1372	0.1338	0.1460	0.1620	0.1622	0.1565	0.1596	0.1592	0.1658	0.1669	0.1785	0.1785	0.1871	0.2036	0.2031	0.1936	0.2006	0.2044	0.2200	0.2249	0.2462	0.2399	0.2421	0.2563	0.2523	0.3054	0.2984
0.0000	0.0255	0.0201	0.0335	0.0339	0.0330	0.0305	0.0394	0.0259	0.0492	0.0493	0.0582	0.0696	0.0709	0.0617	0.0782	0.0731	0.0762	0.0777	0.0740	0.0991	0.0956	0.0778	0.0821	0.0951	0.0986	0.0985	0.1070	0.1182	0.1077	0.1031	0.1039	0.1076	0.1123	0.1151	0.1046	0.1008	0.0991	0.1134	0.1016	0.1092	0.1064	0.1158	0.1100	0.1269	0.1310	0.1328	0.1301	0.1278	0.1310	0.1321	0.1492	0.1448	0.1441	0.1498	0.1612	0.1631	0.1700	0.1798	0.1865	0.1969	0.1900	0.1858	0.1857	0.1952	0.2047	0.2085	0.2306	0.2395
0.0033	0.0111	0.0173	0.0212	0.0127	0.0326	0.0476	0.0295	0.0437	0.0466	0.0425	0.0484	0.0701	0.0596	0.0586	0.0654	0.0632	0.0774	0.0772	0.0801	0.0865	0.0916	0.0781	0.0818	0.0891	0.0878	0.0806	0.0882	0.0949	0.0926	0.0925	0.0882	0.0925	0.0859	0.0951	0.0786	0.0846	0.1022	0.0992	0.0953	0.0925	0.0903	0.0962	0.0808	0.1091	0.1029	0.1027	0.0973	0.1023	0.1068	0.1073	0.1109	0.1134	0.1155	0.1214	0.1399	0.1382	0.1330	0.1438	0.1661	0.1741	0.1658	0.1568	0.1662	0.1757	0.1792	0.1936	0.2011	0.1929
0.0098	0.0128	0.0000	0.0063	0.0121	0.0245	0.0381	0.0311	0.0383	0.0308	0.0493	0.0599	0.0585	0.0488	0.0558	0.0582	0.0744	0.0705	0.0698	0.0760	0.0790	0.0673	0.0820	0.0761	0.0788	0.0844	0.0805	0.0780	0.0863	0.0869	0.0802	0.0793	0.0928	0.0864	0.0836	0.0756	0.0900	0.0878	0.0836	0.0950	0.0902	0.0891	0.0827	0.0834	0.0783	0.0804	0.0788	0.0845	0.0906	0.0877	0.0908	0.0891	0.0908	0.0855	0.0944	0.1109	0.1037	0.0992	0.1201	0.1314	0.1359	0.1327	0.1302	0.1433	0.1570	0.1738	0.1619	0.1707	0.1740
0.0000	0.0000	0.0000	0.0176	0.0117	0.0105	0.0142	0.0351	0.0397	0.0253	0.0258	0.0369	0.0480	0.0552	0.0581	0.0691	0.0714	0.0708	0.0634	0.0627	0.0599	0.0732	0.0700	0.0642	0.0694	0.0813	0.0795	0.0813	0.0852	0.0791	0.0782	0.0879	0.0759	0.0795	0.0743	0.0744	0.0787	0.0825	0.0758	0.0771	0.0731	0.0681	0.0736	0.0708	0.0659	0.0716	0.0688	0.0698	0.0731	0.0765	0.0754	0.0728	0.0666	0.0726	0.0855	0.0864	0.0862	0.0897	0.0898	0.0888	0.1094	0.1031	0.1000	0.1121	0.1150	0.1241	0.1198	0.1292	0.1280
0.0000	0.0000	0.0000	0.0143	0.0094	0.0034	0.0172	0.0353	0.0284	0.0223	0.0335	0.0349	0.0269	0.0379	0.0560	0.0625	0.0463	0.0458	0.0454	0.0452	0.0453	0.0715	0.0672	0.0612	0.0769	0.0854	0.0786	0.0759	0.0724	0.0739	0.0835	0.0773	0.0672	0.0737	0.0669	0.0686	0.0718	0.0720	0.0745	0.0724	0.0663	0.0640	0.0625	0.0650	0.0654	0.0620	0.0584	0.0639	0.0608	0.0608	0.0660	0.0628	0.0667	0.0667	0.0669	0.0655	0.0664	0.0729	0.0745	0.0765	0.0843	0.0804	0.0825	0.1000	0.0929	0.0886	0.0851	0.0918	0.0928
0.0000	0.0000	0.0037	0.0000	0.0100	0.0000	0.0049	0.0084	0.0006	0.0132	0.0290	0.0396	0.0330	0.0278	0.0368	0.0397	0.0404	0.0415	0.0492	0.0459	0.0377	0.0502	0.0472	0.0518	0.0521	0.0569	0.0662	0.0596	0.0722	0.0649	0.0563	0.0558	0.0694	0.0639	0.0693	0.0606	0.0527	0.0596	0.0622	0.0572	0.0612	0.0645	0.0684	0.0657	0.0551	0.0652	0.0606	0.0620	0.0510	0.0497	0.0631	0.0652	0.0543	0.0534	0.0500	0.0586	0.0583	0.0496	0.0669	0.0662	0.0699	0.0675	0.0825	0.0830	0.0921	0.0773	0.0775	0.0933	0.0896
0.0000	0.0000	0.0000	0.0000	0.0000	0.0000	0.0120	0.0081	0.0000	0.0020	0.0220	0.0508	0.0506	0.0414	0.0391	0.0440	0.0508	0.0376	0.0367	0.0391	0.0466	0.0510	0.0481	0.0519	0.0624	0.0612	0.0525	0.0566	0.0669	0.0646	0.0612	0.0600	0.0765	0.0653	0.0636	0.0591	0.0696	0.0701	0.0561	0.0578	0.0678	0.0581	0.0548	0.0561	0.0559	0.0651	0.0681	0.0552	0.0508	0.0568	0.0597	0.0575	0.0547	0.0508	0.0525	0.0568	0.0528	0.0432	0.0585	0.0612	0.0553	0.0531	0.0544	0.0601	0.0610	0.0573	0.0662	0.0692	0.0667
0.0000	0.0000	0.0000	0.0017	0.0000	0.0000	0.0000	0.0013	0.0051	0.0095	0.0326	0.0329	0.0240	0.0234	0.0344	0.0348	0.0585	0.0485	0.0324	0.0393	0.0424	0.0365	0.0626	0.0616	0.0556	0.0581	0.0468	0.0551	0.0604	0.0582	0.0608	0.0675	0.0597	0.0641	0.0573	0.0526	0.0514	0.0608	0.0568	0.0563	0.0554	0.0575	0.0516	0.0472	0.0547	0.0610	0.0566	0.0530	0.0594	0.0476	0.0467	0.0465	0.0490	0.0445	0.0520	0.0532	0.0505	0.0418	0.0439	0.0512	0.0445	0.0414	0.0484	0.0613	0.0543	0.0458	0.0521	0.0475	0.0386
0.0000	0.0012	0.0014	0.0013	0.0010	0.0017	0.0000	0.0055	0.0191	0.0199	0.0125	0.0186	0.0130	0.0332	0.0316	0.0420	0.0432	0.0370	0.0314	0.0436	0.0368	0.0351	0.0313	0.0470	0.0525	0.0537	0.0457	0.0526	0.0549	0.0682	0.0617	0.0579	0.0465	0.0536	0.0611	0.0559	0.0481	0.0565	0.0564	0.0502	0.0523	0.0601	0.0566	0.0449	0.0528	0.0542	0.0428	0.0452	0.0462	0.0419	0.0394	0.0415	0.0516	0.0486	0.0473	0.0507	0.0512	0.0361	0.0343	0.0462	0.0421	0.0410	0.0460	0.0562	0.0492	0.0385	0.0408	0.0436	0.0486
0.0000	0.0000	0.0000	0.0000	0.0000	0.0000	0.0053	0.0000	0.0048	0.0230	0.0263	0.0263	0.0312	0.0335	0.0457	0.0316	0.0339	0.0395	0.0374	0.0409	0.0292	0.0278	0.0282	0.0292	0.0503	0.0425	0.0475	0.0607	0.0501	0.0574	0.0599	0.0547	0.0601	0.0484	0.0528	0.0549	0.0551	0.0632	0.0603	0.0672	0.0455	0.0459	0.0521	0.0440	0.0536	0.0555	0.0424	0.0448	0.0466	0.0397	0.0457	0.0467	0.0405	0.0460	0.0573	0.0414	0.0431	0.0451	0.0378	0.0511	0.0567	0.0518	0.0465	0.0460	0.0384	0.0385	0.0471	0.0428	0.0440
