0.0000	0.0000	0.0000	0.0179	0.0263	0.0149	0.0000	0.0211	0.0159	0.0193	0.0464	0.0532	0.0387	0.0323	0.0496	0.0550	0.0504	0.0602	0.0640	0.0698	0.0824	0.0470	0.0476	0.0631	0.0781	0.0895	0.0825	0.0631	0.0759	0.0869	0.0914	0.0838	0.0859	0.0978	0.0900	0.0923	0.0935	0.0858	0.0922	0.0701	0.0665	0.0657	0.0809	0.0763	0.0713	0.0762	0.0825	0.0788	0.0844	0.0805	0.0746	0.0697	0.0626	0.0709	0.0802	0.0778	0.0707	0.0758	0.0679	0.0782	0.0666	0.0710	0.0741	0.0611	0.0801	0.0571	0.0487	0.0664	0.0842
0.0000	0.0000	0.0014	0.0057	0.0106	0.0118	0.0000	0.0189	0.0397	0.0223	0.0341	0.0355	0.0570	0.0373	0.0495	0.0618	0.0668	0.0751	0.0795	0.0625	0.0823	0.0765	0.0739	0.0816	0.0974	0.0987	0.0874	0.1003	0.0908	0.0800	0.0985	0.0981	0.0787	0.0993	0.1020	0.1011	0.0958	0.1050	0.1130	0.0885	0.0881	0.0889	0.0891	0.0985	0.0808	0.0605	0.0851	0.0951	0.0857	0.0890	0.0841	0.0704	0.0616	0.0835	0.0924	0.0887	0.0900	0.0861	0.0599	0.0819	0.0866	0.0672	0.0714	0.0859	0.0909	0.0686	0.0605	0.0837	0.0810
0.0000	0.0029	0.0055	0.0042	0.0113	0.0193	0.0209	0.0314	0.0475	0.0322	0.0329	0.0288	0.0548	0.0650	0.0548	0.0669	0.0534	0.0735	0.0599	0.0737	0.0790	0.0848	0.0758	0.0999	0.1066	0.0852	0.1033	0.1006	0.0976	0.1093	0.1047	0.0834	0.0931	0.1018	0.1145	0.1109	0.1170	0.1230	0.1172	0.0948	0.0993	0.1040	0.0856	0.0871	0.0762	0.0834	0.0841	0.0965	0.0946	0.0874	0.0907	0.1078	0.0859	0.0925	0.1048	0.0863	0.0903	0.0957	0.0911	0.1035	0.1082	0.1108	0.0940	0.0859	0.0906	0.0761	0.0785	0.1083	0.0955
0.0000	0.0035	0.0098	0.0086	0.0140	0.0210	0.0154	0.0374	0.0422	0.0355	0.0391	0.0431	0.0505	0.0702	0.0526	0.0737	0.0637	0.0689	0.0684	0.0810	0.0852	0.0975	0.1000	0.0797	0.0953	0.1044	0.1173	0.0908	0.0954	0.0885	0.0742	0.0826	0.1037	0.1027	0.1157	0.1169	0.0901	0.1053	0.0981	0.0989	0.1123	0.0930	0.0853	0.0908	0.0841	0.0728	0.0786	0.0857	0.0914	0.0828	0.0856	0.0953	0.0975	0.0967	0.1133	0.0832	0.0926	0.1055	0.1090	0.1077	0.1203	0.1266	0.1238	0.1070	0.0999	0.0958	0.0997	0.1155	0.1322
0.0000	0.0000	0.0136	0.0276	0.0215	0.0217	0.0277	0.0360	0.0399	0.0276	0.0428	0.0551	0.0700	0.0862	0.0536	0.0811	0.0630	0.0682	0.0746	0.0781	0.0776	0.0683	0.0877	0.0914	0.1030	0.1004	0.1352	0.1038	0.0994	0.0954	0.1202	0.1001	0.1240	0.1175	0.1171	0.1096	0.1117	0.0999	0.1037	0.1148	0.1046	0.0972	0.1138	0.0948	0.0983	0.0854	0.0884	0.0866	0.0935	0.0971	0.1052	0.0964	0.1155	0.1205	0.0950	0.0959	0.1068	0.1011	0.1057	0.1156	0.1210	0.1084	0.1203	0.1320	0.1276	0.1280	0.1553	0.1755	0.2082
0.0021	0.0087	0.0153	0.0339	0.0441	0.0337	0.0336	0.0428	0.0506	0.0392	0.0560	0.0779	0.0854	0.0753	0.0484	0.0706	0.0731	0.0842	0.0713	0.0883	0.0967	0.0982	0.0793	0.0897	0.1055	0.0853	0.0941	0.0924	0.0930	0.1279	0.1413	0.1090	0.1238	0.1420	0.1180	0.1093	0.1009	0.1083	0.1154	0.0925	0.1184	0.1154	0.1265	0.1116	0.1045	0.1017	0.1017	0.1067	0.0993	0.1148	0.1130	0.1250	0.1337	0.1267	0.1009	0.1356	0.1197	0.1027	0.1183	0.1254	0.1333	0.1333	0.1426	0.1824	0.1990	0.2272	0.2655	0.3883	0.4054
0.0000	0.0086	0.0303	0.0260	0.0335	0.0429	0.0434	0.0429	0.0472	0.0531	0.0626	0.0661	0.0605	0.0550	0.0649	0.1079	0.0943	0.0910	0.0904	0.0842	0.1065	0.1069	0.0955	0.1049	0.1042	0.1088	0.1169	0.1086	0.1061	0.1188	0.1109	0.1202	0.1392	0.1465	0.1373	0.1179	0.1098	0.1282	0.1109	0.0973	0.1180	0.1165	0.1272	0.1261	0.1001	0.1081	0.1067	0.1218	0.1201	0.1228	0.1179	0.1409	0.1455	0.1332	0.1446	0.1592	0.1565	0.1364	0.1511	0.1623	0.1631	0.1713	0.1926	0.2571	0.3277	0.3900	0.4484	0.5065	0.4801
0.0099	0.0238	0.0397	0.0276	0.0304	0.0406	0.0667	0.0743	0.0683	0.0555	0.0515	0.0563	0.0711	0.0798	0.0791	0.0818	0.0789	0.0993	0.1025	0.0885	0.1060	0.1063	0.1127	0.1024	0.1205	0.1119	0.1241	0.1008	0.1293	0.1307	0.1455	0.1206	0.1371	0.1328	0.1311	0.1340	0.1390	0.1490	0.1450	0.1306	0.1196	0.1237	0.1352	0.1151	0.1046	0.1373	0.1377	0.1276	0.1258	0.1241	0.1382	0.1405	0.1387	0.1491	0.1457	0.1799	0.1694	0.1841	0.1955	0.2045	0.2175	0.2315	0.2516	0.2886	0.4232	0.4898	0.4595	0.4735	0.4997
0.0155	0.0292	0.0386	0.0403	0.0452	0.0565	0.0539	0.0651	0.0834	0.0406	0.0508	0.0800	0.0853	0.0901	0.0916	0.0905	0.0988	0.0951	0.1075	0.1482	0.1406	0.1343	0.1316	0.1000	0.1276	0.1374	0.1059	0.1223	0.1516	0.1422	0.1330	0.1323	0.1563	0.1487	0.1478	0.1557	0.1373	0.1494	0.1521	0.1666	0.1308	0.1255	0.1367	0.1282	0.1351	0.1449	0.1490	0.1546	0.1595	0.1671	0.1879	0.1606	0.1709	0.1914	0.1823	0.2000	0.2172	0.2276	0.2283	0.2418	0.2506	0.2742	0.2761	0.3031	0.4256	0.4907	0.4795	0.5046	0.4690
0.0177	0.0112	0.0275	0.0523	0.0416	0.0558	0.0928	0.0574	0.0742	0.0853	0.0751	0.0755	0.0822	0.0930	0.0946	0.0912	0.1221	0.1113	0.1171	0.1287	0.1301	0.1281	0.1358	0.1234	0.1410	0.1561	0.1253	0.1389	0.1463	0.1372	0.1205	0.1379	0.1315	0.1468	0.1687	0.1607	0.1579	0.1515	0.1664	0.1614	0.1399	0.1414	0.1471	0.1544	0.1504	0.1605	0.1842	0.1934	0.1883	0.2006	0.2073	0.1977	0.1996	0.2123	0.2263	0.2222	0.2289	0.2373	0.2275	0.2533	0.2946	0.3000	0.3145	0.3611	0.4896	0.4927	0.4824	0.5059	0.4776
0.0165	0.0275	0.0376	0.0435	0.0456	0.0675	0.0687	0.0544	0.0606	0.0793	0.0803	0.0729	0.0870	0.0986	0.0883	0.1200	0.1444	0.1392	0.1200	0.1450	0.1615	0.1497	0.1672	0.1525	0.1515	0.1561	0.1762	0.1642	0.1681	0.1599	0.1576	0.1583	0.1767	0.1908	0.1810	0.1677	0.1802	0.1861	0.1846	0.1541	0.1711	0.1739	0.1933	0.1948	0.1815	0.1890	0.2165	0.2302	0.2071	0.2367	0.2491	0.2434	0.2310	0.2278	0.2437	0.2688	0.2736	0.2526	0.2614	0.3003	0.3264	0.3034	0.3273	0.3880	0.5293	0.5266	0.4794	0.4996	0.4718
0.0191	0.0460	0.0487	0.0467	0.0349	0.0604	0.0594	0.0905	0.0776	0.0609	0.1011	0.1160	0.1054	0.0908	0.1240	0.1362	0.1262	0.1468	0.1700	0.1777	0.2014	0.1786	0.2007	0.2057	0.2121	0.1999	0.1945	0.2000	0.2079	0.2008	0.1911	0.1915	0.1960	0.1925	0.2153	0.1748	0.2048	0.2248	0.2220	0.2313	0.2140	0.2135	0.2378	0.2307	0.2190	0.2283	0.2552	0.2546	0.2471	0.2784	0.2653	0.2588	0.2740	0.2768	0.2682	0.2871	0.3171	0.2942	0.2979	0.3508	0.3527	0.3163	0.3487	0.4046	0.5142	0.5077	0.4682	0.4587	0.4545
0.0339	0.0383	0.0562	0.0657	0.0505	0.0528	0.0595	0.0853	0.0950	0.0738	0.1249	0.1297	0.1190	0.1063	0.1342	0.1617	0.1635	0.1994	0.2324	0.2356	0.3010	0.2854	0.2642	0.2883	0.3324	0.3395	0.3101	0.3005	0.2911	0.2695	0.2882	0.2878	0.2651	0.2654	0.2690	0.2762	0.3157	0.3450	0.2857	0.2819	0.2606	0.2379	0.2700	0.2641	0.2256	0.2562	0.2681	0.2776	0.2805	0.2904	0.2958	0.2913	0.3043	0.3264	0.3343	0.3369	0.3304	0.3308	0.3340	0.3385	0.3812	0.4209	0.4168	0.4735	0.5676	0.5065	0.4893	0.4956	0.4477
0.0280	0.0429	0.0538	0.0577	0.0521	0.0493	0.0736	0.0995	0.1147	0.1122	0.1132	0.1467	0.1572	0.1706	0.2012	0.2017	0.2669	0.3678	0.3291	0.4819	0.6410	0.6399	0.6009	0.5087	0.6425	0.6487	0.6196	0.6054	0.5529	0.5592	0.5952	0.5840	0.4977	0.4910	0.5051	0.5703	0.7666	0.7336	0.5171	0.3506	0.2773	0.2670	0.3206	0.3101	0.2674	0.2745	0.2846	0.2814	0.3016	0.3129	0.3496	0.3576	0.3410	0.3387	0.3409	0.3465	0.3431	0.3578	0.3626	0.4841	0.6073	0.5760	0.5424	0.6002	0.6081	0.5141	0.4997	0.4466	0.4024
0.0237	0.0420	0.0396	0.0607	0.0672	0.0717	0.1076	0.1476	0.1623	0.1703	0.1745	0.2056	0.2501	0.2933	0.3392	0.3904	0.5701	0.7420	0.6484	0.7400	0.8117	0.7700	0.8012	0.7747	0.7574	0.7243	0.7243	0.7294	0.7668	0.8095	0.8084	0.8304	0.9275	0.9594	0.9025	0.9188	1.0000	0.9711	0.8396	0.5541	0.3430	0.3228	0.4072	0.3734	0.2964	0.2950	0.2915	0.3081	0.3320	0.3544	0.4427	0.4433	0.3962	0.3490	0.3664	0.3778	0.4085	0.3998	0.4266	0.6083	0.7347	0.6860	0.6367	0.5845	0.5374	0.4799	0.4599	0.4242	0.4221
0.0360	0.0375	0.0689	0.0942	0.1318	0.1395	0.1671	0.2018	0.1985	0.2418	0.3359	0.4554	0.5063	0.5486	0.6807	0.7446	0.8993	0.8778	0.7935	0.7893	0.7733	0.7462	0.6915	0.7180	0.7131	0.7149	0.7247	0.6949	0.7699	0.8172	0.8045	0.8680	0.9350	0.9378	0.9037	0.9740	0.9687	0.9518	0.8782	0.7478	0.5188	0.4430	0.6848	0.5740	0.3043	0.3385	0.3597	0.3655	0.3952	0.4702	0.6729	0.7635	0.6386	0.5134	0.3995	0.4071	0.4212	0.4311	0.4616	0.6813	0.7141	0.6114	0.6476	0.6274	0.5104	0.4507	0.4435	0.4220	0.4116
0.0756	0.0760	0.0864	0.1249	0.1711	0.2155	0.2367	0.3172	0.3261	0.4360	0.6313	0.7666	0.8268	0.7706	0.7914	0.7865	0.7738	0.7652	0.7164	0.7549	0.7068	0.6711	0.6300	0.6460	0.6387	0.6413	0.6830	0.6463	0.6737	0.7361	0.7864	0.8164	0.8819	0.8588	0.9325	0.8962	0.9130	0.9048	0.9622	0.8090	0.7198	0.6263	0.8374	0.6752	0.3625	0.3892	0.4229	0.5115	0.5848	0.6563	0.8508	0.9473	0.8356	0.7728	0.5666	0.4580	0.4363	0.4608	0.5621	0.7049	0.6823	0.5774	0.5917	0.5668	0.5176	0.4287	0.3970	0.4024	0.3893
0.0919	0.1331	0.1433	0.2138	0.2968	0.4735	0.5479	0.6434	0.7711	0.7099	0.7697	0.7629	0.7271	0.7143	0.6680	0.6603	0.6630	0.6555	0.6357	0.6642	0.6669	0.6595	0.6406	0.6424	0.6323	0.5809	0.6637	0.6893	0.6446	0.7229	0.7881	0.7912	0.8052	0.8068	0.8352	0.8137	0.8381	0.8141	0.8392	0.8554	0.8138	0.8178	0.8507	0.7138	0.4311	0.4316	0.5320	0.7112	0.9011	0.9406	0.8637	0.8678	0.8262	0.8274	0.7475	0.6129	0.5677	0.6093	0.7110	0.7016	0.6857	0.5860	0.5609	0.5402	0.4868	0.4053	0.3726	0.3951	0.3909
0.1162	0.2604	0.3643	0.5105	0.6040	0.7533	0.7798	0.7675	0.7892	0.6772	0.6270	0.6041	0.5999	0.5922	0.5476	0.6137	0.5779	0.6362	0.6667	0.7033	0.6991	0.6989	0.6756	0.6566	0.6424	0.6179	0.6740	0.6356	0.6911	0.7668	0.7831	0.7531	0.8014	0.8091	0.8216	0.7987	0.7741	0.7710	0.7772	0.7809	0.8229	0.7854	0.8655	0.7463	0.4956	0.5597	0.6820	0.7812	0.8503	0.9296	0.8782	0.8257	0.7983	0.8001	0.8295	0.7528	0.7041	0.6532	0.6776	0.6639	0.6502	0.5520	0.5409	0.4894	0.4512	0.4025	0.3963	0.3860	0.4003
0.2479	0.3930	0.4969	0.5440	0.5048	0.5762	0.5699	0.5271	0.5323	0.4902	0.5255	0.5161	0.5398	0.5062	0.4832	0.5269	0.5687	0.6330	0.6563	0.7148	0.7209	0.7400	0.6914	0.6950	0.6255	0.6417	0.6911	0.6368	0.7094	0.7808	0.7765	0.7342	0.7714	0.8156	0.7721	0.7741	0.7448	0.7797	0.7130	0.7247	0.7608	0.7567	0.8165	0.7216	0.5496	0.6818	0.7932	0.7760	0.8147	0.7786	0.7637	0.7482	0.7364	0.7564	0.7511	0.7154	0.7055	0.6502	0.6156	0.6158	0.5897	0.5122	0.5274	0.4808	0.4535	0.4407	0.4052	0.3767	0.3652
0.2732	0.3497	0.3715	0.3307	0.3425	0.3780	0.4215	0.3882	0.3883	0.4056	0.4391	0.4627	0.5334	0.5394	0.4681	0.4935	0.5431	0.5960	0.6195	0.6519	0.6981	0.6842	0.6372	0.6403	0.6346	0.6275	0.6126	0.6668	0.7257	0.7127	0.7597	0.7019	0.7294	0.7547	0.7826	0.7503	0.7485	0.7421	0.7146	0.7350	0.7291	0.7166	0.7786	0.6834	0.5395	0.7028	0.8142	0.7550	0.7645	0.7520	0.7177	0.6992	0.6626	0.7258	0.7211	0.7176	0.6632	0.6236	0.6155	0.5589	0.5976	0.5528	0.4927	0.4425	0.4494	0.4475	0.3962	0.3691	0.3422
0.2150	0.2884	0.2970	0.3221	0.3058	0.3173	0.3723	0.3980	0.4178	0.4299	0.4255	0.4490	0.5062	0.5049	0.4747	0.4799	0.5516	0.5892	0.6172	0.6319	0.6515	0.6605	0.6582	0.6008	0.6305	0.6296	0.6012	0.6096	0.7027	0.6827	0.6479	0.6615	0.6860	0.6697	0.7029	0.6841	0.6743	0.7353	0.6992	0.6969	0.7451	0.7134	0.7060	0.7498	0.6782	0.7402	0.6933	0.6665	0.6471	0.6613	0.7067	0.6761	0.6177	0.6234	0.6591	0.6953	0.6372	0.6108	0.5668	0.5190	0.5708	0.5483	0.4882	0.4655	0.4410	0.4282	0.3852	0.3680	0.3561
0.2157	0.2132	0.2523	0.3038	0.3081	0.3091	0.3879	0.4266	0.4096	0.4012	0.4398	0.4778	0.4752	0.4830	0.4927	0.5078	0.5517	0.5658	0.5705	0.5667	0.6504	0.6783	0.7061	0.6365	0.6246	0.6000	0.6068	0.6570	0.6270	0.6074	0.5629	0.5909	0.6423	0.6518	0.6277	0.6435	0.6647	0.6713	0.6468	0.6178	0.6520	0.6639	0.6376	0.6836	0.7223	0.6968	0.6710	0.6333	0.5880	0.6140	0.6101	0.6435	0.6181	0.6132	0.6170	0.6297	0.6150	0.6031	0.5728	0.5929	0.5543	0.5122	0.5029	0.4780	0.4631	0.4238	0.3667	0.3561	0.3559
0.2234	0.2273	0.2605	0.3141	0.3293	0.3039	0.4026	0.4060	0.3810	0.3817	0.4257	0.4738	0.4694	0.4654	0.4570	0.5039	0.5602	0.5869	0.6184	0.5891	0.6333	0.6735	0.6736	0.6019	0.6451	0.5746	0.5889	0.5802	0.5737	0.5609	0.5986	0.6136	0.5943	0.6124	0.5935	0.5768	0.5825	0.5963	0.5469	0.5802	0.5722	0.6049	0.6131	0.5887	0.5868	0.6369	0.6292	0.5775	0.5704	0.5970	0.5456	0.5581	0.5817	0.5880	0.5634	0.6141	0.6146	0.6172	0.5930	0.5735	0.5440	0.5092	0.4957	0.4780	0.4305	0.4161	0.3920	0.3732	0.3580
0.2106	0.2256	0.2829	0.3099	0.3201	0.3413	0.3887	0.3892	0.3793	0.3954	0.4310	0.4792	0.4838	0.4959	0.4670	0.4814	0.5428	0.5603	0.6077	0.5950	0.5821	0.6202	0.6110	0.6051	0.5882	0.5850	0.5637	0.5790	0.6280	0.6101	0.6004	0.5869	0.6181	0.6374	0.5952	0.5909	0.6054	0.6088	0.5734	0.5486	0.5866	0.6094	0.5735	0.5444	0.5869	0.5971	0.5553	0.5574	0.5865	0.5883	0.5625	0.5486	0.5420	0.5453	0.5940	0.5967	0.6226	0.5960	0.5893	0.5953	0.5744	0.5184	0.5179	0.4480	0.4430	0.4066	0.4078	0.3881	0.3562
0.1944	0.2051	0.2497	0.3154	0.2893	0.2946	0.3331	0.3635	0.3863	0.4356	0.4670	0.5020	0.5145	0.5015	0.5107	0.5195	0.5651	0.5644	0.5490	0.5887	0.6203	0.5796	0.5488	0.6069	0.6041	0.5777	0.5620	0.5951	0.6520	0.5993	0.6004	0.5694	0.5959	0.6182	0.5819	0.5657	0.5715	0.5833	0.5856	0.5621	0.5891	0.5837	0.5243	0.5529	0.5946	0.6106	0.6020	0.5750	0.5723	0.5810	0.5978	0.5728	0.5660	0.5771	0.6188	0.6557	0.6299	0.6169	0.6290	0.5885	0.5999	0.5294	0.4933	0.4616	0.4798	0.4612	0.3976	0.3772	0.3752
0.1870	0.2067	0.2251	0.2672	0.2851	0.2946	0.3335	0.4126	0.3611	0.3899	0.4417	0.4676	0.5171	0.5348	0.5182	0.5340	0.5422	0.5382	0.5877	0.6080	0.6144	0.5996	0.5764	0.6201	0.5894	0.5733	0.5982	0.5816	0.5674	0.6290	0.6322	0.6115	0.6412	0.6258	0.6065	0.5556	0.5931	0.6136	0.6124	0.5895	0.5853	0.5751	0.5742	0.5661	0.6132	0.5946	0.6048	0.5577	0.5825	0.5991	0.6149	0.6199	0.5997	0.5926	0.6175	0.6250	0.5838	0.5880	0.6156	0.6047	0.5858	0.5151	0.4968	0.4580	0.4405	0.4270	0.3868	0.3920	0.3788
0.1636	0.1681	0.1975	0.2184	0.2353	0.2822	0.3319	0.3874	0.3756	0.4052	0.4561	0.5068	0.5068	0.5242	0.5209	0.5229	0.5421	0.5405	0.6084	0.6017	0.6210	0.6276	0.5878	0.6152	0.6259	0.6409	0.6276	0.5987	0.6141	0.6257	0.6397	0.6672	0.6551	0.6244	0.5810	0.5981	0.5895	0.6113	0.6055	0.6011	0.6344	0.6365	0.6262	0.5773	0.5881	0.5658	0.6071	0.5672	0.5914	0.5475	0.5830	0.6052	0.6148	0.5881	0.6017	0.5731	0.5926	0.5338	0.5450	0.5837	0.5577	0.5593	0.4807	0.4445	0.4410	0.4356	0.4232	0.4196	0.4188
0.1515	0.1675	0.1775	0.1997	0.2368	0.2836	0.3330	0.3595	0.3885	0.4233	0.5075	0.5345	0.4932	0.5249	0.5223	0.5570	0.5472	0.5997	0.6752	0.6391	0.6264	0.6222	0.6305	0.6292	0.6411	0.6164	0.6701	0.6835	0.6833	0.6296	0.6392	0.6741	0.7014	0.6666	0.5994	0.6346	0.6524	0.6527	0.6400	0.6294	0.6236	0.6000	0.5711	0.5755	0.5587	0.5507	0.5641	0.5416	0.5604	0.5711	0.5264	0.5410	0.5511	0.5953	0.6017	0.5724	0.5691	0.5445	0.5428	0.5476	0.5158	0.4848	0.4568	0.4739	0.4847	0.4344	0.4193	0.3870	0.3605
0.1569	0.1693	0.1825	0.2222	0.2139	0.2381	0.2914	0.3777	0.4363	0.4416	0.4824	0.5193	0.5226	0.5373	0.5241	0.5317	0.5743	0.6074	0.6276	0.6204	0.6202	0.6293	0.6256	0.6238	0.5994	0.5972	0.6491	0.6625	0.6568	0.6701	0.6697	0.6871	0.6987	0.6615	0.6274	0.6545	0.6540	0.6338	0.6390	0.6363	0.6031	0.6287	0.5642	0.5870	0.5574	0.5312	0.5376	0.5243	0.5261	0.5292	0.5025	0.5220	0.5258	0.5509	0.5688	0.5649	0.5304	0.5030	0.4939	0.5033	0.5056	0.4895	0.4640	0.4482	0.4369	0.4202	0.4249	0.4037	0.3752
0.1458	0.1538	0.1492	0.1660	0.1845	0.2265	0.3059	0.3562	0.4374	0.4816	0.4922	0.4829	0.5191	0.5052	0.5391	0.5993	0.5841	0.5583	0.5892	0.5870	0.6031	0.6372	0.6416	0.6592	0.6359	0.6097	0.5733	0.6111	0.6341	0.6802	0.6650	0.6534	0.6645	0.6610	0.6790	0.6882	0.6309	0.6101	0.6380	0.6155	0.5560	0.6193	0.5910	0.5494	0.5216	0.5038	0.5414	0.5234	0.5257	0.5343	0.5412	0.5672	0.5873	0.5598	0.5360	0.5234	0.5157	0.5282	0.4791	0.5053	0.4957	0.4876	0.4731	0.4108	0.4227	0.4069	0.4030	0.3973	0.3510
0.1482	0.1424	0.1511	0.1634	0.1773	0.2098	0.2557	0.3085	0.4052	0.4716	0.4671	0.4816	0.4976	0.4965	0.5512	0.6696	0.6263	0.6211	0.6396	0.6274	0.6193	0.6268	0.6660	0.6324	0.6563	0.6394	0.5886	0.6383	0.6471	0.6367	0.6073	0.6107	0.6886	0.6576	0.6741	0.6524	0.6381	0.6023	0.6469	0.6019	0.5647	0.5784	0.5904	0.5132	0.5210	0.5127	0.5265	0.5360	0.5242	0.5479	0.5724	0.5506	0.5650	0.5660	0.5823	0.5411	0.5360	0.5685	0.5252	0.5063	0.4768	0.4897	0.5136	0.4353	0.4325	0.4122	0.3949	0.4031	0.4059
0.1250	0.1424	0.1362	0.1582	0.1728	0.1839	0.2391	0.2895	0.3341	0.3806	0.4571	0.4940	0.5358	0.5555	0.5419	0.5845	0.6527	0.6390	0.6135	0.6482	0.6798	0.6505	0.6499	0.6434	0.6528	0.6252	0.6325	0.6236	0.6315	0.6337	0.6197	0.6434	0.6371	0.6126	0.6641	0.6645	0.6700	0.6288	0.6095	0.5814	0.5865	0.5986	0.5790	0.5334	0.5291	0.5089	0.5561	0.5583	0.5554	0.5712	0.5809	0.5882	0.6514	0.6222	0.6304	0.6012	0.5814	0.5595	0.5069	0.5230	0.4815	0.4967	0.4782	0.4487	0.4184	0.4089	0.4033	0.3980	0.3771
0.1231	0.1386	0.1481	0.1311	0.1442	0.1932	0.2360	0.2891	0.3349	0.3523	0.4462	0.4577	0.4993	0.5245	0.5492	0.6094	0.6225	0.6657	0.6356	0.6831	0.6757	0.6632	0.6658	0.6450	0.6355	0.6770	0.6182	0.6073	0.6500	0.6239	0.6016	0.6119	0.6135	0.6370	0.6584	0.6395	0.6222	0.6077	0.6171	0.6038	0.5941	0.6149	0.6024	0.5714	0.5271	0.5530	0.5731	0.5882	0.6390	0.6830	0.6725	0.6693	0.7051	0.6858	0.6669	0.6636	0.6094	0.5752	0.5594	0.5504	0.5342	0.5196	0.4602	0.4462	0.4262	0.4266	0.4088	0.4194	0.3803
0.0794	0.1125	0.1326	0.1374	0.1622	0.1808	0.2376	0.3007	0.3383	0.3539	0.4335	0.4560	0.5029	0.5316	0.5443	0.5649	0.5867	0.6500	0.6418	0.6961	0.7095	0.6945	0.6461	0.6818	0.6907	0.6717	0.6616	0.6523	0.6480	0.6451	0.6338	0.6288	0.6438	0.6687	0.6968	0.6753	0.6810	0.6517	0.6784	0.6614	0.6713	0.6428	0.6599	0.6209	0.6203	0.6729	0.6359	0.6634	0.6791	0.7516	0.7362	0.7367	0.7852	0.7867	0.7060	0.6677	0.6415	0.6275	0.5935	0.5971	0.5410	0.5255	0.5242	0.4663	0.4725	0.4589	0.4066	0.4175	0.3802
0.1210	0.1169	0.1295	0.1566	0.1723	0.1813	0.2108	0.2871	0.3472	0.3881	0.4307	0.4362	0.4800	0.5199	0.5090	0.5877	0.6109	0.6261	0.6241	0.6910	0.6837	0.6935	0.6332	0.6591	0.6920	0.6719	0.6362	0.6531	0.7133	0.7005	0.6960	0.6595	0.7085	0.7257	0.7319	0.7195	0.7109	0.7058	0.6814	0.6799	0.7152	0.7185	0.7202	0.7160	0.7035	0.7409	0.7661	0.7770	0.7698	0.8014	0.7777	0.8049	0.7520	0.6879	0.7749	0.7140	0.6485	0.6430	0.6030	0.6227	0.5762	0.5383	0.5565	0.5270	0.4865	0.4287	0.4230	0.3980	0.3982
0.1271	0.1054	0.1461	0.1718	0.1614	0.1915	0.2354	0.2700	0.3171	0.4317	0.4549	0.4683	0.4894	0.4891	0.5237	0.5746	0.6134	0.6633	0.6729	0.7242	0.7123	0.7301	0.6684	0.6963	0.6331	0.6525	0.6443	0.6846	0.7522	0.7243	0.7268	0.7193	0.7109	0.7477	0.7631	0.7409	0.7421	0.7214	0.7101	0.7011	0.7199	0.7874	0.7681	0.7974	0.7910	0.7661	0.8131	0.8154	0.8654	0.8509	0.8146	0.6931	0.5176	0.5218	0.7326	0.7709	0.7196	0.6865	0.6518	0.6169	0.5836	0.5850	0.5730	0.5136	0.5031	0.4682	0.4308	0.4205	0.4221
0.1330	0.1390	0.1538	0.1555	0.1636	0.2085	0.2480	0.2920	0.2975	0.3625	0.4185	0.4530	0.5065	0.4775	0.5208	0.5459	0.6105	0.6941	0.7465	0.7355	0.7366	0.7448	0.7253	0.7006	0.6753	0.6654	0.6916	0.7430	0.7839	0.7154	0.7630	0.8181	0.7575	0.7628	0.7860	0.7709	0.7713	0.7849	0.7892	0.7652	0.7908	0.7973	0.8377	0.8549	0.8808	0.8469	0.8887	0.8694	0.8593	0.8936	0.8422	0.6097	0.4008	0.4277	0.6108	0.7764	0.7537	0.7091	0.7050	0.6306	0.6366	0.6100	0.5897	0.5538	0.5568	0.5405	0.5197	0.4648	0.4584
0.1174	0.1518	0.1821	0.2394	0.2506	0.2662	0.3107	0.3806	0.3763	0.3882	0.4507	0.4545	0.4967	0.5000	0.5153	0.5474	0.6121	0.6360	0.7073	0.7293	0.7279	0.7364	0.7280	0.7039	0.7476	0.6961	0.7486	0.7350	0.7632	0.7643	0.7761	0.8295	0.7949	0.8132	0.8281	0.8010	0.7815	0.8107	0.8087	0.7998	0.8324	0.8710	0.8582	0.7444	0.5592	0.5976	0.8522	0.9006	0.8128	0.7204	0.6497	0.4587	0.3717	0.3829	0.4483	0.7492	0.8139	0.7812	0.7261	0.7627	0.7121	0.6764	0.6551	0.5989	0.5862	0.5566	0.5206	0.5012	0.4885
0.1040	0.1477	0.1802	0.2690	0.3287	0.4286	0.4790	0.5330	0.5662	0.5406	0.5780	0.5893	0.5418	0.5564	0.5946	0.6001	0.5984	0.6325	0.6481	0.7047	0.7054	0.7267	0.7079	0.6871	0.6771	0.6859	0.7304	0.7588	0.8147	0.7903	0.8172	0.7785	0.7935	0.7843	0.7974	0.7969	0.8139	0.7758	0.8095	0.7968	0.8223	0.9010	0.8499	0.4802	0.3524	0.3835	0.5657	0.6862	0.5847	0.4018	0.3675	0.3558	0.3792	0.3846	0.4149	0.6058	0.8417	0.8687	0.8415	0.8435	0.8032	0.7473	0.6946	0.6665	0.6092	0.5774	0.5707	0.5399	0.5014
0.0729	0.0929	0.1381	0.1826	0.2214	0.3417	0.5046	0.5929	0.6455	0.7000	0.8035	0.7607	0.7214	0.7121	0.7023	0.7203	0.6984	0.6966	0.7103	0.6851	0.6985	0.7128	0.7010	0.6836	0.6980	0.6937	0.7293	0.7155	0.7967	0.7824	0.7999	0.7841	0.7750	0.7727	0.7910	0.8356	0.8214	0.7864	0.8164	0.7673	0.8117	0.6408	0.5333	0.3079	0.2881	0.2977	0.3135	0.3312	0.3396	0.3226	0.3142	0.3189	0.3383	0.3509	0.3546	0.4063	0.6003	0.6017	0.6882	0.9020	0.8611	0.7707	0.7287	0.7247	0.6849	0.6376	0.5943	0.5908	0.5252
0.0375	0.0461	0.0763	0.0999	0.1302	0.1669	0.2202	0.3236	0.4225	0.4948	0.6958	0.6836	0.7916	0.7842	0.7920	0.7735	0.7417	0.7768	0.7665	0.7518	0.7692	0.7390	0.7352	0.7395	0.7378	0.7276	0.7353	0.7115	0.7800	0.8271	0.8241	0.8144	0.8280	0.8210	0.8318	0.8929	0.8227	0.8484	0.8302	0.7503	0.5487	0.2996	0.2690	0.2438	0.2530	0.2713	0.2888	0.2834	0.2890	0.2930	0.3072	0.2930	0.2968	0.3073	0.3107	0.3378	0.3711	0.3859	0.4666	0.7992	0.8847	0.7827	0.8176	0.7810	0.7143	0.6906	0.6243	0.6076	0.5450
0.0381	0.0230	0.0455	0.0583	0.0864	0.1030	0.1063	0.1288	0.1530	0.2009	0.2559	0.2828	0.3781	0.4497	0.5641	0.6623	0.7007	0.8358	0.8821	0.8095	0.8104	0.7969	0.7809	0.8173	0.8102	0.7574	0.7461	0.7532	0.8509	0.8881	0.8338	0.7917	0.8922	0.9225	0.8364	0.8114	0.7167	0.6214	0.5575	0.4327	0.2904	0.2265	0.2201	0.2229	0.2141	0.2334	0.2421	0.2490	0.2581	0.2608	0.2550	0.2604	0.2634	0.2773	0.2773	0.3114	0.3352	0.3471	0.3684	0.4702	0.7381	0.8075	0.8544	0.7638	0.6074	0.5712	0.4594	0.4960	0.5818
0.0173	0.0118	0.0410	0.0455	0.0772	0.0849	0.0837	0.0896	0.0906	0.1161	0.1359	0.1621	0.1678	0.2015	0.2233	0.2843	0.3570	0.5107	0.6373	0.7722	0.8018	0.7800	0.7555	0.8676	0.8126	0.7737	0.7808	0.7916	0.8837	0.8088	0.6696	0.8002	0.9406	0.8079	0.5740	0.5010	0.3724	0.2469	0.2381	0.2129	0.2212	0.2121	0.1985	0.1900	0.2023	0.2030	0.2137	0.2159	0.2201	0.2295	0.2286	0.2319	0.2253	0.2313	0.2390	0.2777	0.3095	0.2929	0.2939	0.3472	0.4740	0.6451	0.7543	0.6340	0.3770	0.3658	0.3244	0.3740	0.5600
0.0076	0.0127	0.0414	0.0468	0.0509	0.0602	0.0760	0.0897	0.0827	0.1020	0.0951	0.1137	0.1317	0.1462	0.1571	0.1498	0.1707	0.1872	0.2296	0.3503	0.4252	0.4275	0.3895	0.6530	0.8400	0.8446	0.9435	0.8876	0.9360	0.6152	0.3723	0.5830	0.6527	0.3585	0.2295	0.2174	0.1865	0.1935	0.1909	0.1832	0.1726	0.1799	0.1844	0.1841	0.1835	0.1784	0.1928	0.2011	0.1943	0.2033	0.2120	0.2104	0.2164	0.2076	0.2060	0.2169	0.2426	0.2562	0.2518	0.2721	0.2775	0.3195	0.4238	0.3486	0.2857	0.2998	0.2930	0.3413	0.5245
0.0165	0.0160	0.0371	0.0304	0.0451	0.0642	0.0805	0.0809	0.0845	0.0750	0.0661	0.0794	0.1011	0.0996	0.1053	0.1217	0.1299	0.1339	0.1405	0.1507	0.1532	0.1692	0.1868	0.2550	0.3897	0.4748	0.5328	0.5469	0.6316	0.3206	0.1714	0.1983	0.2009	0.1513	0.1549	0.1635	0.1591	0.1523	0.1646	0.1585	0.1489	0.1606	0.1589	0.1646	0.1663	0.1720	0.1642	0.1732	0.1724	0.1757	0.1954	0.1764	0.1879	0.1858	0.1908	0.2047	0.2218	0.2222	0.2358	0.2585	0.2748	0.2775	0.2777	0.2622	0.2696	0.2737	0.2769	0.3178	0.5249
0.0207	0.0246	0.0366	0.0202	0.0449	0.0626	0.0819	0.0551	0.0579	0.0580	0.0796	0.0938	0.0977	0.0845	0.0837	0.0984	0.1127	0.1022	0.1287	0.1273	0.1191	0.1274	0.1346	0.1358	0.1332	0.1525	0.1455	0.1687	0.1974	0.1394	0.1327	0.1262	0.1239	0.1363	0.1402	0.1235	0.1312	0.1410	0.1241	0.1284	0.1283	0.1305	0.1370	0.1385	0.1472	0.1530	0.1411	0.1535	0.1473	0.1467	0.1687	0.1664	0.1779	0.1773	0.1759	0.1927	0.1943	0.1989	0.2046	0.2188	0.2310	0.2344	0.2322	0.2336	0.2405	0.2520	0.2635	0.3030	0.5077
0.0180	0.0288	0.0282	0.0233	0.0277	0.0388	0.0518	0.0565	0.0580	0.0499	0.0545	0.0767	0.0806	0.0777	0.0837	0.0952	0.0928	0.0956	0.0984	0.1028	0.1082	0.0975	0.1086	0.0914	0.1096	0.1195	0.1306	0.1267	0.1377	0.1310	0.1114	0.1037	0.1131	0.1062	0.1145	0.1133	0.1120	0.1045	0.1061	0.1038	0.1044	0.1006	0.1079	0.1146	0.1169	0.1191	0.1197	0.1275	0.1203	0.1266	0.1418	0.1468	0.1526	0.1534	0.1606	0.1684	0.1805	0.1782	0.1786	0.1861	0.1929	0.2085	0.2075	0.2159	0.1990	0.2210	0.2395	0.2753	0.3226
0.0000	0.0070	0.0294	0.0313	0.0336	0.0492	0.0462	0.0394	0.0492	0.0560	0.0506	0.0622	0.0716	0.0715	0.0748	0.0840	0.0754	0.0793	0.0781	0.0859	0.0976	0.0881	0.0936	0.0949	0.0913	0.1146	0.1099	0.0969	0.0952	0.1054	0.0904	0.0852	0.1005	0.0870	0.0915	0.0889	0.0901	0.0837	0.0908	0.0856	0.0836	0.0855	0.0838	0.0916	0.0917	0.0935	0.0969	0.0990	0.1053	0.1024	0.1116	0.1176	0.1122	0.1149	0.1288	0.1400	0.1431	0.1494	0.1608	0.1750	0.1726	0.1790	0.1794	0.1818	0.1805	0.1840	0.2008	0.2202	0.2279
0.0000	0.0000	0.0049	0.0231	0.0189	0.0254	0.0419	0.0446	0.0320	0.0478	0.0567	0.0505	0.0545	0.0563	0.0627	0.0797	0.0778	0.0734	0.0807	0.0816	0.0842	0.0859	0.0845	0.0890	0.0876	0.0884	0.0940	0.0779	0.0823	0.0843	0.0841	0.0755	0.0825	0.0733	0.0793	0.0695	0.0628	0.0731	0.0815	0.0861	0.0752	0.0779	0.0874	0.0740	0.0746	0.0783	0.0814	0.0817	0.0840	0.0878	0.0870	0.0907	0.0848	0.0851	0.1008	0.1079	0.1054	0.1006	0.1180	0.1423	0.1349	0.1230	0.1336	0.1427	0.1420	0.1462	0.1624	0.1706	0.1731
0.0000	0.0025	0.0206	0.0141	0.0168	0.0149	0.0424	0.0470	0.0328	0.0426	0.0463	0.0537	0.0433	0.0484	0.0763	0.0738	0.0744	0.0627	0.0706	0.0678	0.0849	0.0720	0.0739	0.0680	0.0728	0.0899	0.0797	0.0845	0.0840	0.0745	0.0645	0.0671	0.0762	0.0823	0.0750	0.0702	0.0783	0.0752	0.0740	0.0699	0.0770	0.0728	0.0671	0.0689	0.0711	0.0684	0.0737	0.0685	0.0798	0.0759	0.0656	0.0667	0.0582	0.0755	0.0842	0.0790	0.0735	0.0808	0.0883	0.0998	0.1103	0.0923	0.0970	0.1079	0.1087	0.1125	0.1244	0.1341	0.1378
0.0000	0.0000	0.0050	0.0149	0.0086	0.0201	0.0369	0.0353	0.0377	0.0453	0.0444	0.0518	0.0525	0.0558	0.0768	0.0708	0.0722	0.0531	0.0521	0.0550	0.0673	0.0766	0.0681	0.0706	0.0765	0.0758	0.0777	0.0824	0.0744	0.0832	0.0610	0.0663	0.0714	0.0752	0.0688	0.0690	0.0768	0.0727	0.0723	0.0641	0.0655	0.0625	0.0647	0.0625	0.0600	0.0556	0.0585	0.0599	0.0635	0.0647	0.0591	0.0605	0.0590	0.0680	0.0718	0.0692	0.0690	0.0710	0.0698	0.0793	0.0860	0.0758	0.0879	0.0873	0.0935	0.0912	0.0777	0.0987	0.1007
0.0000	0.0000	0.0000	0.0055	0.0082	0.0231	0.0222	0.0312	0.0320	0.0388	0.0239	0.0443	0.0372	0.0355	0.0482	0.0546	0.0479	0.0430	0.0479	0.0534	0.0483	0.0576	0.0571	0.0616	0.0785	0.0739	0.0735	0.0683	0.0688	0.0666	0.0617	0.0626	0.0686	0.0643	0.0654	0.0659	0.0621	0.0565	0.0592	0.0603	0.0577	0.0664	0.0736	0.0617	0.0627	0.0524	0.0481	0.0529	0.0561	0.0501	0.0495	0.0626	0.0638	0.0595	0.0603	0.0635	0.0708	0.0647	0.0633	0.0686	0.0652	0.0699	0.0693	0.0703	0.0697	0.0743	0.0737	0.0767	0.0767
0.0000	0.0000	0.0000	0.0102	0.0000	0.0000	0.0068	0.0186	0.0186	0.0260	0.0285	0.0410	0.0430	0.0391	0.0376	0.0457	0.0388	0.0266	0.0422	0.0607	0.0540	0.0534	0.0558	0.0574	0.0578	0.0659	0.0694	0.0618	0.0719	0.0589	0.0543	0.0576	0.0671	0.0578	0.0624	0.0499	0.0505	0.0589	0.0518	0.0507	0.0527	0.0489	0.0490	0.0568	0.0583	0.0485	0.0476	0.0570	0.0508	0.0470	0.0469	0.0584	0.0486	0.0494	0.0557	0.0581	0.0569	0.0531	0.0596	0.0704	0.0659	0.0530	0.0620	0.0650	0.0640	0.0604	0.0586	0.0761	0.0679
0.0000	0.0000	0.0052	0.0203	0.0000	0.0000	0.0208	0.0045	0.0055	0.0219	0.0397	0.0456	0.0422	0.0286	0.0401	0.0467	0.0544	0.0560	0.0438	0.0539	0.0486	0.0488	0.0451	0.0460	0.0471	0.0582	0.0669	0.0582	0.0722	0.0674	0.0578	0.0534	0.0594	0.0575	0.0596	0.0510	0.0535	0.0537	0.0549	0.0577	0.0530	0.0459	0.0487	0.0500	0.0505	0.0528	0.0537	0.0491	0.0465	0.0460	0.0469	0.0467	0.0498	0.0453	0.0548	0.0557	0.0574	0.0498	0.0540	0.0665	0.0547	0.0459	0.0466	0.0531	0.0474	0.0530	0.0417	0.0618	0.0556
0.0000	0.0000	0.0000	0.0067	0.0000	0.0000	0.0067	0.0151	0.0150	0.0114	0.0263	0.0356	0.0364	0.0324	0.0304	0.0364	0.0478	0.0666	0.0500	0.0539	0.0469	0.0466	0.0410	0.0634	0.0573	0.0537	0.0596	0.0562	0.0647	0.0597	0.0589	0.0588	0.0480	0.0559	0.0567	0.0498	0.0421	0.0589	0.0532	0.0489	0.0484	0.0488	0.0508	0.0429	0.0393	0.0445	0.0546	0.0448	0.0478	0.0427	0.0475	0.0546	0.0454	0.0488	0.0478	0.0544	0.0513	0.0518	0.0551	0.0443	0.0432	0.0489	0.0421	0.0484	0.0483	0.0417	0.0443	0.0422	0.0335
0.0000	0.0000	0.0000	0.0000	0.0000	0.0036	0.0001	0.0137	0.0282	0.0219	0.0241	0.0266	0.0226	0.0355	0.0279	0.0260	0.0297	0.0353	0.0402	0.0405	0.0537	0.0414	0.0446	0.0462	0.0558	0.0495	0.0501	0.0489	0.0566	0.0614	0.0486	0.0568	0.0566	0.0541	0.0482	0.0510	0.0467	0.0481	0.0482	0.0370	0.0456	0.0479	0.0448	0.0456	0.0381	0.0416	0.0424	0.0389	0.0459	0.0390	0.0442	0.0378	0.0424	0.0403	0.0452	0.0438	0.0371	0.0379	0.0341	0.0453	0.0436	0.0468	0.0390	0.0449	0.0420	0.0373	0.0278	0.0330	0.0326
0.0000	0.0114	0.0000	0.0000	0.0000	0.0016	0.0156	0.0181	0.0057	0.0153	0.0117	0.0245	0.0199	0.0195	0.0331	0.0198	0.0514	0.0313	0.0396	0.0383	0.0322	0.0394	0.0546	0.0431	0.0616	0.0475	0.0376	0.0595	0.0671	0.0597	0.0526	0.0484	0.0488	0.0487	0.0543	0.0524	0.0590	0.0412	0.0346	0.0337	0.0435	0.0417	0.0387	0.0548	0.0366	0.0345	0.0401	0.0486	0.0406	0.0331	0.0412	0.0384	0.0540	0.0406	0.0313	0.0375	0.0343	0.0365	0.0431	0.0478	0.0438	0.0477	0.0400	0.0501	0.0439	0.0511	0.0408	0.0380	0.0483
