0.0000	0.0000	0.0000	0.0002	0.0000	0.0000	0.0020	0.0189	0.0219	0.0114	0.0267	0.0376	0.0237	0.0237	0.0307	0.0431	0.0488	0.0424	0.0296	0.0312	0.0444	0.0423	0.0301	0.0532	0.0633	0.0646	0.0625	0.0651	0.0722	0.0750	0.0729	0.0556	0.0861	0.0730	0.0622	0.0776	0.0706	0.0699	0.0675	0.0653	0.0714	0.0604	0.0742	0.0714	0.0615	0.0850	0.0825	0.0839	0.0774	0.0935	0.0836	0.0747	0.1074	0.0846	0.0873	0.0845	0.0890	0.1052	0.0746	0.0762	0.0790	0.0789	0.0765	0.0660	0.0772	0.0667	0.0615	0.0803	0.0645
0.0000	0.0010	0.0009	0.0112	0.0117	0.0067	0.0127	0.0113	0.0246	0.0223	0.0254	0.0284	0.0293	0.0369	0.0457	0.0439	0.0530	0.0629	0.0409	0.0453	0.0696	0.0499	0.0489	0.0714	0.0778	0.0639	0.0581	0.0739	0.0787	0.0718	0.0981	0.0800	0.0838	0.0754	0.0699	0.0803	0.0731	0.0755	0.0737	0.0819	0.0874	0.0808	0.0806	0.0861	0.0706	0.0717	0.0895	0.0916	0.0998	0.1075	0.0860	0.0897	0.0817	0.0917	0.1041	0.0886	0.0916	0.1096	0.0952	0.1030	0.0898	0.0955	0.0990	0.1003	0.0816	0.0656	0.0771	0.0737	0.0672
0.0010	0.0000	0.0028	0.0092	0.0063	0.0092	0.0108	0.0215	0.0341	0.0271	0.0319	0.0350	0.0431	0.0504	0.0419	0.0318	0.0507	0.0581	0.0540	0.0731	0.0874	0.0591	0.0592	0.0672	0.0724	0.0790	0.0832	0.0617	0.0741	0.0836	0.0906	0.0910	0.0809	0.0758	0.0726	0.0820	0.0886	0.0900	0.0786	0.0791	0.0809	0.0846	0.0748	0.0749	0.0834	0.0960	0.1119	0.1043	0.0965	0.0860	0.1007	0.1119	0.0906	0.1022	0.1125	0.1085	0.1092	0.1111	0.1007	0.1050	0.1155	0.1314	0.1087	0.1023	0.1003	0.1094	0.0935	0.0810	0.0819
0.0060	0.0000	0.0000	0.0123	0.0173	0.0157	0.0116	0.0267	0.0364	0.0353	0.0394	0.0391	0.0488	0.0468	0.0475	0.0449	0.0443	0.0491	0.0514	0.0658	0.0834	0.0638	0.0499	0.0606	0.0792	0.0776	0.0906	0.0809	0.0842	0.0759	0.0785	0.0913	0.1030	0.0914	0.0894	0.0806	0.0811	0.0804	0.0770	0.0766	0.0874	0.0803	0.0846	0.0761	0.0815	0.0972	0.1049	0.0993	0.1016	0.1049	0.1166	0.1151	0.1096	0.1049	0.1123	0.1222	0.1174	0.1216	0.1195	0.1097	0.1376	0.1400	0.1278	0.1271	0.1192	0.1309	0.1095	0.1030	0.1092
0.0000	0.0000	0.0002	0.0225	0.0254	0.0054	0.0118	0.0219	0.0249	0.0366	0.0359	0.0383	0.0491	0.0458	0.0403	0.0607	0.0599	0.0499	0.0511	0.0677	0.0700	0.0630	0.0626	0.0710	0.0925	0.0889	0.0934	0.0702	0.0933	0.0858	0.0845	0.0909	0.0962	0.0948	0.0874	0.0989	0.0939	0.0899	0.0952	0.0775	0.0880	0.0904	0.0776	0.0840	0.0991	0.1007	0.1107	0.1056	0.1197	0.1079	0.1066	0.1161	0.1317	0.1251	0.1275	0.1177	0.1219	0.1277	0.1385	0.1660	0.1779	0.1801	0.1978	0.1827	0.1428	0.1366	0.1390	0.1328	0.1112
0.0000	0.0109	0.0227	0.0074	0.0033	0.0087	0.0182	0.0439	0.0343	0.0399	0.0396	0.0446	0.0716	0.0538	0.0474	0.0577	0.0626	0.0687	0.0719	0.0934	0.0842	0.0763	0.0655	0.0683	0.0944	0.0938	0.0832	0.0852	0.1034	0.0968	0.1010	0.0991	0.1061	0.1179	0.1009	0.1201	0.1122	0.0925	0.0892	0.0887	0.0768	0.0890	0.0903	0.0970	0.1047	0.1106	0.1076	0.1139	0.1193	0.1207	0.1298	0.1288	0.1278	0.1472	0.1452	0.1734	0.1581	0.1549	0.1856	0.2670	0.3565	0.3690	0.3573	0.3520	0.2487	0.1646	0.1493	0.1524	0.1427
0.0022	0.0047	0.0173	0.0186	0.0256	0.0349	0.0287	0.0293	0.0230	0.0375	0.0407	0.0588	0.0777	0.0496	0.0553	0.0587	0.0744	0.0720	0.0838	0.0763	0.0892	0.0846	0.0666	0.0667	0.1001	0.1139	0.0825	0.0971	0.1116	0.0966	0.0943	0.0998	0.1041	0.1168	0.1105	0.1149	0.1022	0.1067	0.0911	0.0962	0.0833	0.0938	0.0990	0.1047	0.1082	0.1149	0.1123	0.1325	0.1202	0.1426	0.1529	0.1794	0.1753	0.1710	0.1864	0.1980	0.2079	0.2140	0.2783	0.4032	0.4550	0.4395	0.4265	0.4253	0.3720	0.2626	0.1781	0.1661	0.1800
0.0020	0.0000	0.0195	0.0185	0.0228	0.0342	0.0403	0.0367	0.0417	0.0459	0.0391	0.0562	0.0578	0.0499	0.0488	0.0718	0.0716	0.0792	0.0889	0.0827	0.0950	0.1036	0.0882	0.0918	0.1146	0.1095	0.0796	0.0872	0.0956	0.1067	0.1043	0.0962	0.1114	0.1245	0.1265	0.1098	0.1075	0.1127	0.1140	0.1102	0.1005	0.1104	0.1158	0.1096	0.1200	0.1488	0.1245	0.1442	0.1481	0.1644	0.1707	0.1892	0.1978	0.2049	0.2265	0.2389	0.2609	0.2904	0.4151	0.4436	0.4553	0.4649	0.4356	0.4251	0.4011	0.3258	0.2221	0.2058	0.2000
0.0000	0.0059	0.0107	0.0241	0.0283	0.0369	0.0385	0.0426	0.0624	0.0538	0.0577	0.0581	0.0576	0.0555	0.0714	0.0767	0.0661	0.0819	0.0892	0.0973	0.1131	0.0988	0.0928	0.0847	0.1065	0.1034	0.0975	0.0902	0.1097	0.1035	0.1045	0.1011	0.1142	0.1113	0.1321	0.1282	0.1144	0.1228	0.1181	0.1169	0.1078	0.1083	0.1199	0.1259	0.1358	0.1630	0.1665	0.1868	0.1995	0.2168	0.2214	0.2286	0.2663	0.2890	0.2969	0.2979	0.2782	0.3111	0.4592	0.4801	0.4555	0.4743	0.4414	0.3958	0.3682	0.3380	0.3076	0.2603	0.2165
0.0000	0.0078	0.0108	0.0279	0.0353	0.0498	0.0459	0.0605	0.0615	0.0624	0.0658	0.0783	0.0697	0.0706	0.0771	0.0864	0.0978	0.1003	0.1089	0.1093	0.1072	0.1060	0.1000	0.0964	0.1139	0.1195	0.1306	0.1041	0.1128	0.1138	0.1186	0.1186	0.1219	0.1282	0.1377	0.1230	0.1213	0.1381	0.1259	0.1347	0.1331	0.1248	0.1391	0.1502	0.1580	0.1813	0.2090	0.2150	0.2258	0.2597	0.2949	0.3632	0.4999	0.5549	0.5031	0.4189	0.3589	0.3528	0.4025	0.5201	0.5125	0.5093	0.4472	0.4461	0.3760	0.3704	0.3535	0.3411	0.2939
0.0097	0.0149	0.0158	0.0479	0.0462	0.0472	0.0441	0.0660	0.0647	0.0622	0.0763	0.0619	0.0720	0.0733	0.0843	0.0965	0.1109	0.0992	0.1043	0.1254	0.1324	0.1153	0.0967	0.1101	0.1413	0.1296	0.1222	0.1369	0.1336	0.1363	0.1145	0.1426	0.1352	0.1492	0.1450	0.1348	0.1464	0.1677	0.1545	0.1553	0.1511	0.1550	0.1792	0.1879	0.2150	0.2182	0.2455	0.2815	0.2935	0.3330	0.4393	0.6782	0.7483	0.7113	0.7029	0.6630	0.5074	0.4738	0.4875	0.5203	0.5321	0.4719	0.4443	0.4695	0.4205	0.3767	0.3699	0.3943	0.3747
0.0000	0.0152	0.0276	0.0571	0.0441	0.0465	0.0444	0.0568	0.0559	0.0521	0.0767	0.0877	0.0889	0.0817	0.0818	0.0899	0.0946	0.0953	0.1187	0.1060	0.1195	0.1207	0.1131	0.1408	0.1415	0.1438	0.1553	0.1412	0.1313	0.1663	0.1486	0.1588	0.1623	0.1727	0.1715	0.1637	0.1837	0.1977	0.2030	0.1980	0.1921	0.1844	0.2138	0.2409	0.2513	0.2717	0.3063	0.3285	0.3549	0.4319	0.5649	0.7587	0.7347	0.7637	0.7346	0.7152	0.6424	0.5842	0.5988	0.5759	0.5545	0.5065	0.4455	0.4693	0.4541	0.3940	0.3484	0.3685	0.3637
0.0055	0.0071	0.0193	0.0411	0.0588	0.0448	0.0535	0.0580	0.0801	0.0673	0.0799	0.1091	0.1110	0.1032	0.0863	0.1023	0.1159	0.1328	0.1380	0.1345	0.1363	0.1403	0.1597	0.1732	0.1753	0.1940	0.1688	0.1688	0.1750	0.1713	0.1908	0.2001	0.1958	0.2350	0.2448	0.2138	0.2200	0.2161	0.2285	0.2459	0.2394	0.2324	0.2531	0.2803	0.2817	0.3129	0.3690	0.4315	0.4948	0.5129	0.5912	0.7169	0.7366	0.7771	0.7790	0.7026	0.6762	0.6032	0.5775	0.5590	0.5249	0.5364	0.4951	0.4893	0.4637	0.4110	0.3404	0.3584	0.3425
0.0276	0.0261	0.0407	0.0500	0.0583	0.0453	0.0668	0.0785	0.0834	0.0778	0.1067	0.1096	0.1316	0.1424	0.1257	0.1524	0.1659	0.1691	0.1858	0.1920	0.1830	0.1933	0.2136	0.2050	0.2112	0.2327	0.2119	0.2266	0.2291	0.2297	0.2407	0.2477	0.2760	0.2716	0.2777	0.2673	0.2660	0.2600	0.2638	0.2619	0.2716	0.2638	0.2882	0.3114	0.3439	0.3924	0.5542	0.7859	0.7749	0.6744	0.6259	0.6716	0.7428	0.7279	0.6841	0.6735	0.6581	0.5731	0.5481	0.5414	0.5111	0.5136	0.4725	0.4559	0.4803	0.4068	0.3550	0.3286	0.3009
0.0242	0.0355	0.0577	0.0570	0.0637	0.0729	0.0880	0.1074	0.1170	0.1120	0.1442	0.1675	0.2004	0.1725	0.2056	0.2075	0.3061	0.3713	0.3716	0.3143	0.3381	0.3384	0.3227	0.3154	0.2902	0.2882	0.2957	0.2986	0.2850	0.3194	0.2949	0.2945	0.3195	0.3386	0.3063	0.3046	0.3067	0.3007	0.3022	0.2983	0.2839	0.2929	0.3215	0.3648	0.4347	0.4942	0.8040	1.0000	0.9363	0.8138	0.7678	0.6938	0.7000	0.6667	0.6241	0.6092	0.6085	0.5538	0.4697	0.5190	0.4662	0.4472	0.4596	0.4387	0.4286	0.3619	0.3581	0.3286	0.3174
0.0183	0.0351	0.0663	0.0761	0.0840	0.1051	0.1296	0.1462	0.1690	0.1761	0.2567	0.2959	0.3228	0.3483	0.4107	0.4436	0.6275	0.6891	0.7196	0.6449	0.6126	0.6291	0.6304	0.5442	0.4803	0.4810	0.5388	0.4601	0.4298	0.3963	0.3637	0.3828	0.4438	0.6197	0.4645	0.3572	0.3471	0.3182	0.3077	0.3078	0.3235	0.3220	0.3661	0.4284	0.4791	0.6540	0.8859	0.9210	0.8236	0.7761	0.7602	0.7565	0.6899	0.6194	0.5931	0.5966	0.5674	0.5258	0.5051	0.5144	0.4517	0.4357	0.4638	0.4284	0.3662	0.3286	0.3344	0.3506	0.3353
0.0374	0.0545	0.0819	0.1207	0.1411	0.1759	0.2277	0.2857	0.3356	0.4048	0.5095	0.5572	0.6075	0.5962	0.6410	0.7023	0.7100	0.7537	0.7638	0.7651	0.7911	0.7581	0.7430	0.7349	0.7173	0.6756	0.7314	0.6944	0.6632	0.6350	0.6052	0.5798	0.6562	0.8818	0.8005	0.5824	0.5567	0.3760	0.3643	0.3303	0.3365	0.3450	0.3908	0.4578	0.6367	0.8125	0.8737	0.8630	0.7485	0.7346	0.7198	0.7450	0.6665	0.6484	0.6119	0.5791	0.5395	0.5098	0.4974	0.4699	0.4335	0.4192	0.4415	0.3990	0.3835	0.3376	0.3641	0.3324	0.3309
0.0660	0.0981	0.1506	0.2133	0.2764	0.3850	0.5229	0.5868	0.5910	0.5544	0.6216	0.6468	0.6845	0.6551	0.6576	0.7290	0.6725	0.6869	0.7123	0.6757	0.7175	0.7083	0.6777	0.6954	0.6839	0.6793	0.6914	0.7194	0.6662	0.7463	0.8284	0.8334	0.8598	0.9215	0.8567	0.8575	0.8308	0.5526	0.4083	0.3902	0.3574	0.3660	0.4090	0.5275	0.8044	0.8157	0.7881	0.7845	0.7387	0.6515	0.6560	0.6603	0.6504	0.6207	0.5670	0.5345	0.4790	0.5071	0.4908	0.4636	0.4445	0.4334	0.4217	0.4102	0.3896	0.3348	0.3345	0.3200	0.3344
0.1184	0.2011	0.3414	0.4573	0.5277	0.5888	0.5862	0.5689	0.5713	0.5304	0.5480	0.5901	0.6356	0.6342	0.6230	0.6326	0.6303	0.6061	0.6293	0.6396	0.6204	0.6575	0.6482	0.6529	0.6554	0.6574	0.6781	0.6959	0.7329	0.7824	0.7969	0.8047	0.8185	0.8394	0.8028	0.8335	0.8177	0.7409	0.5193	0.4520	0.4060	0.4022	0.4418	0.5927	0.8573	0.8386	0.7338	0.6762	0.6601	0.6619	0.6197	0.6032	0.5857	0.6008	0.5946	0.4962	0.4483	0.4775	0.4446	0.4349	0.4269	0.3955	0.4019	0.3765	0.3389	0.3221	0.3226	0.3187	0.3305
0.2125	0.3176	0.3870	0.4440	0.4313	0.4007	0.3779	0.3595	0.4064	0.4330	0.4593	0.5013	0.5583	0.5373	0.5342	0.5240	0.5478	0.6172	0.6282	0.6263	0.6012	0.6190	0.6157	0.6230	0.6270	0.6186	0.6511	0.6815	0.7222	0.7664	0.7707	0.7871	0.7868	0.8107	0.8046	0.7913	0.7894	0.8096	0.7316	0.5690	0.4980	0.4818	0.4846	0.6404	0.8438	0.7574	0.6739	0.6656	0.6211	0.5737	0.5345	0.5151	0.5031	0.5406	0.5569	0.4960	0.4784	0.4693	0.4496	0.4237	0.4024	0.3905	0.3958	0.3607	0.3507	0.3223	0.3382	0.3367	0.3116
0.1956	0.2482	0.2616	0.2832	0.2615	0.2792	0.2934	0.2795	0.3067	0.3513	0.3653	0.4114	0.4691	0.4420	0.4216	0.4667	0.4867	0.5589	0.5657	0.5722	0.6219	0.5798	0.5866	0.6118	0.5710	0.6116	0.6298	0.6741	0.7038	0.6788	0.7182	0.7304	0.7524	0.7872	0.7595	0.7716	0.7841	0.8195	0.8186	0.7753	0.6907	0.6550	0.5716	0.6205	0.7427	0.6777	0.6546	0.5890	0.5662	0.5045	0.5096	0.5038	0.4991	0.5246	0.5219	0.5116	0.4559	0.4457	0.4447	0.4229	0.4233	0.4023	0.3895	0.3572	0.3466	0.3124	0.3111	0.3412	0.3023
0.1801	0.1879	0.2210	0.2188	0.2210	0.2264	0.2685	0.2910	0.2943	0.3098	0.3617	0.3692	0.4216	0.4275	0.4358	0.4529	0.5472	0.5702	0.5572	0.5259	0.5656	0.6101	0.6337	0.5973	0.5786	0.6094	0.6329	0.6439	0.6744	0.6526	0.6532	0.6845	0.7149	0.6985	0.7580	0.7338	0.7404	0.7760	0.7604	0.8110	0.8226	0.7230	0.5956	0.7307	0.7190	0.6427	0.5666	0.5055	0.4902	0.4726	0.5386	0.4969	0.4942	0.4975	0.4837	0.4826	0.4830	0.4633	0.4238	0.3958	0.3952	0.4051	0.3885	0.3473	0.3430	0.3447	0.3198	0.3164	0.3180
0.1607	0.1758	0.2306	0.2131	0.2248	0.2598	0.2780	0.2826	0.2918	0.2960	0.3591	0.3657	0.3846	0.4216	0.4280	0.4563	0.5353	0.5713	0.5128	0.4858	0.5818	0.5973	0.5713	0.5972	0.5831	0.5954	0.6174	0.6534	0.6401	0.6470	0.6678	0.6628	0.7245	0.7113	0.6581	0.6901	0.7448	0.7634	0.7565	0.7406	0.7903	0.6875	0.6778	0.7760	0.7032	0.5828	0.5062	0.5135	0.4917	0.4802	0.5087	0.5127	0.5388	0.4919	0.5044	0.5172	0.5041	0.4428	0.4301	0.4472	0.3913	0.3948	0.4069	0.3685	0.3481	0.3469	0.3243	0.3060	0.3011
0.1560	0.1811	0.2118	0.2356	0.2484	0.2604	0.2954	0.3018	0.2855	0.2886	0.3255	0.3768	0.3611	0.4087	0.4184	0.4500	0.4939	0.5399	0.5099	0.5060	0.5528	0.5738	0.5415	0.5443	0.5733	0.5588	0.5840	0.6211	0.6544	0.6616	0.6838	0.6763	0.6663	0.6844	0.6886	0.6751	0.7227	0.7087	0.7213	0.7367	0.7461	0.7017	0.7374	0.7099	0.6436	0.5337	0.5559	0.5421	0.4882	0.5016	0.4670	0.4804	0.5285	0.5045	0.4732	0.4936	0.5016	0.4710	0.4376	0.4209	0.3994	0.4130	0.4006	0.3730	0.3513	0.3310	0.2796	0.3108	0.3189
0.1785	0.1721	0.1935	0.2496	0.2721	0.2634	0.2677	0.2888	0.2846	0.3130	0.3518	0.3744	0.3969	0.3916	0.4368	0.4419	0.5075	0.5018	0.5206	0.5329	0.5379	0.5423	0.5548	0.5796	0.5373	0.5690	0.5893	0.6232	0.6457	0.6379	0.6353	0.6757	0.6795	0.6874	0.6624	0.6885	0.7057	0.6509	0.6916	0.6727	0.7275	0.7907	0.7180	0.5866	0.5768	0.5374	0.5440	0.5523	0.5292	0.5327	0.5144	0.4785	0.4902	0.4970	0.4912	0.4703	0.4791	0.4689	0.4200	0.4530	0.4393	0.4179	0.3899	0.3551	0.3399	0.3412	0.3158	0.3250	0.3015
0.1755	0.2136	0.2127	0.2455	0.2437	0.2436	0.2759	0.2861	0.3008	0.3336	0.3593	0.3808	0.4388	0.4319	0.4338	0.4569	0.5099	0.5067	0.4902	0.4958	0.5276	0.5511	0.5446	0.5389	0.5469	0.5765	0.6014	0.6406	0.6297	0.6533	0.6929	0.6587	0.6464	0.6506	0.6284	0.6405	0.6662	0.6400	0.6623	0.6458	0.6574	0.6557	0.5714	0.5538	0.5341	0.5341	0.5398	0.5430	0.5581	0.5261	0.5486	0.5418	0.4970	0.4746	0.5272	0.4976	0.4660	0.4888	0.4627	0.4468	0.4383	0.4110	0.3822	0.3868	0.3698	0.3542	0.3244	0.3181	0.3040
0.2000	0.2295	0.2399	0.2531	0.2351	0.2475	0.2704	0.2688	0.3294	0.3226	0.3266	0.3747	0.4214	0.4579	0.4354	0.4765	0.4844	0.4991	0.5064	0.5131	0.5155	0.5547	0.5432	0.5568	0.5450	0.5608	0.5980	0.6171	0.5844	0.6173	0.6423	0.6419	0.6513	0.6409	0.6350	0.6230	0.6233	0.6050	0.6282	0.6232	0.6397	0.5752	0.5382	0.5641	0.5795	0.5298	0.5138	0.5338	0.5613	0.5559	0.5513	0.5558	0.5081	0.4749	0.5209	0.5096	0.4725	0.4631	0.4612	0.4536	0.4141	0.3883	0.4106	0.3727	0.3655	0.3292	0.2988	0.3055	0.3034
0.1951	0.2273	0.2441	0.2667	0.2510	0.2707	0.2785	0.2810	0.3069	0.3299	0.3575	0.4047	0.4108	0.4520	0.4652	0.4911	0.4650	0.4624	0.4799	0.5457	0.5191	0.5267	0.5243	0.5422	0.5596	0.5551	0.5522	0.5744	0.5953	0.6231	0.6255	0.6416	0.6630	0.6248	0.6146	0.6031	0.5984	0.6194	0.6147	0.5833	0.5958	0.5763	0.5495	0.5314	0.5579	0.5104	0.5406	0.5563	0.5794	0.5339	0.5628	0.5899	0.5727	0.5187	0.5011	0.5020	0.5066	0.4617	0.4606	0.4700	0.4329	0.3961	0.4104	0.3627	0.3596	0.3489	0.3168	0.3167	0.3221
0.2120	0.2239	0.2238	0.2111	0.2274	0.2361	0.2703	0.3134	0.3132	0.3321	0.3655	0.3820	0.4090	0.4326	0.4350	0.4459	0.4604	0.5031	0.5218	0.5113	0.5381	0.4999	0.5199	0.5480	0.5534	0.5202	0.5527	0.5714	0.6062	0.5940	0.6151	0.6211	0.6078	0.6158	0.5817	0.6168	0.6180	0.6414	0.6178	0.6064	0.6212	0.5999	0.5590	0.5391	0.5485	0.5292	0.5768	0.5938	0.5645	0.5458	0.5572	0.5330	0.5490	0.5312	0.5163	0.5079	0.4799	0.4623	0.4225	0.4576	0.4299	0.3980	0.3858	0.3913	0.3807	0.3514	0.3340	0.3074	0.3019
0.1877	0.2082	0.2085	0.2299	0.2087	0.2341	0.3001	0.3103	0.3336	0.3442	0.3713	0.3807	0.4153	0.4409	0.4132	0.4405	0.5211	0.5283	0.5063	0.5242	0.5133	0.5069	0.5063	0.5591	0.5397	0.5182	0.5600	0.5982	0.6250	0.6115	0.6244	0.6383	0.6430	0.6707	0.6055	0.6376	0.6552	0.6528	0.6445	0.6477	0.6532	0.6202	0.5814	0.5822	0.5641	0.5275	0.5607	0.5967	0.5353	0.5583	0.5774	0.5342	0.5080	0.5107	0.4977	0.4910	0.4708	0.4699	0.4395	0.4265	0.4236	0.4089	0.3965	0.4087	0.3788	0.3522	0.3626	0.3429	0.3587
0.1549	0.1739	0.2239	0.2119	0.1910	0.2280	0.2941	0.3193	0.3226	0.3758	0.3936	0.3925	0.4108	0.4280	0.4276	0.4466	0.5121	0.5084	0.5161	0.5360	0.5107	0.5457	0.5433	0.5350	0.5433	0.5406	0.5229	0.5492	0.5732	0.5819	0.5971	0.6103	0.6314	0.6410	0.6494	0.6412	0.6554	0.6157	0.6238	0.6990	0.6548	0.6789	0.6579	0.6131	0.5788	0.5552	0.5551	0.5411	0.5550	0.5836	0.5667	0.5636	0.5565	0.5379	0.4834	0.4876	0.5143	0.4647	0.4486	0.4536	0.4543	0.4203	0.3966	0.3809	0.3718	0.3514	0.3307	0.3156	0.3171
0.1577	0.1748	0.1856	0.1701	0.1992	0.2333	0.2741	0.3123	0.3719	0.3626	0.3706	0.3611	0.4146	0.4088	0.4575	0.4739	0.5139	0.5073	0.5240	0.5240	0.5267	0.5318	0.5283	0.5346	0.5388	0.5382	0.5317	0.5399	0.5603	0.5610	0.5690	0.6219	0.6243	0.5877	0.6256	0.6440	0.6162	0.6060	0.6292	0.6780	0.6425	0.7020	0.7222	0.6379	0.6437	0.6040	0.6024	0.5997	0.5565	0.5573	0.5787	0.5285	0.5558	0.5622	0.5234	0.4896	0.4898	0.4867	0.4577	0.4284	0.4363	0.4222	0.4358	0.4025	0.3533	0.3487	0.3408	0.3522	0.3302
0.1684	0.1660	0.1663	0.1729	0.1858	0.2401	0.3033	0.3091	0.3354	0.4116	0.3772	0.3707	0.4012	0.4205	0.4195	0.4671	0.5245	0.5326	0.5669	0.5742	0.5793	0.5438	0.5392	0.5779	0.5878	0.5583	0.5604	0.5836	0.5643	0.5587	0.5909	0.6494	0.6206	0.6173	0.6553	0.6637	0.6989	0.6543	0.6768	0.6794	0.6913	0.7592	0.7526	0.7160	0.7159	0.6561	0.6718	0.6600	0.6004	0.5612	0.5582	0.5157	0.5381	0.5440	0.5240	0.5012	0.5021	0.5027	0.4668	0.4593	0.4210	0.4198	0.4306	0.4096	0.3713	0.3492	0.3621	0.3496	0.3357
0.1661	0.1574	0.1553	0.1678	0.1810	0.2296	0.2891	0.3356	0.3434	0.3834	0.3480	0.3981	0.4271	0.4390	0.4396	0.5284	0.5463	0.5744	0.5690	0.6125	0.6350	0.5755	0.5757	0.5467	0.5971	0.5816	0.5610	0.6059	0.6159	0.6455	0.6591	0.6598	0.6718	0.6907	0.7055	0.6806	0.6889	0.7075	0.7401	0.7418	0.7784	0.8257	0.8141	0.8129	0.7532	0.7542	0.7470	0.6706	0.6467	0.6391	0.6047	0.5739	0.5394	0.4963	0.5317	0.5397	0.5195	0.4691	0.4902	0.4891	0.4637	0.4236	0.4008	0.4334	0.3882	0.3739	0.3818	0.3678	0.3535
0.1569	0.1418	0.1628	0.1604	0.1851	0.2360	0.2756	0.3516	0.3625	0.3381	0.3832	0.3870	0.4458	0.4769	0.4876	0.5109	0.5549	0.5747	0.6059	0.6338	0.6505	0.6353	0.6061	0.6240	0.6210	0.6379	0.6224	0.6043	0.6072	0.6598	0.6516	0.6630	0.6881	0.6782	0.7396	0.7426	0.7437	0.7670	0.8151	0.7942	0.8495	0.8569	0.6641	0.6268	0.6576	0.7299	0.7710	0.7600	0.6446	0.6996	0.6502	0.6077	0.5986	0.6005	0.5691	0.5494	0.5485	0.5054	0.5264	0.4983	0.4808	0.4263	0.4302	0.4225	0.4346	0.3982	0.3797	0.3597	0.3160
0.1573	0.1491	0.1631	0.1664	0.2055	0.2464	0.2906	0.3231	0.3526	0.3638	0.3933	0.4231	0.4508	0.5019	0.5350	0.5274	0.5789	0.5959	0.6283	0.6497	0.6234	0.6511	0.6222	0.6327	0.6776	0.6760	0.6550	0.6497	0.6772	0.6758	0.6815	0.6971	0.7095	0.7414	0.7625	0.7729	0.7985	0.7952	0.7990	0.7945	0.7905	0.7064	0.4533	0.4163	0.4342	0.5232	0.7878	0.8298	0.7459	0.7385	0.7089	0.6477	0.6051	0.6122	0.6024	0.5657	0.5428	0.5320	0.5212	0.5047	0.4984	0.4625	0.4690	0.4310	0.4035	0.3719	0.3826	0.3597	0.3607
0.1676	0.1675	0.1896	0.2001	0.1953	0.2463	0.2804	0.3100	0.3335	0.3818	0.3691	0.4441	0.4759	0.5176	0.5429	0.5781	0.6102	0.6371	0.6312	0.6398	0.6772	0.6443	0.6174	0.6636	0.6715	0.6677	0.6965	0.6831	0.7050	0.7231	0.7146	0.7166	0.7489	0.7548	0.7407	0.7523	0.8055	0.8141	0.7893	0.8103	0.8123	0.5583	0.3604	0.3859	0.4042	0.4345	0.6992	0.8243	0.8089	0.7751	0.7266	0.6915	0.6418	0.5827	0.5823	0.6112	0.5620	0.5511	0.5497	0.5032	0.4977	0.4844	0.4822	0.4517	0.4305	0.3917	0.4005	0.3579	0.3615
0.1947	0.2292	0.2333	0.2169	0.2330	0.2653	0.2720	0.2939	0.3267	0.3624	0.3535	0.4524	0.4978	0.5171	0.5940	0.5862	0.6274	0.7286	0.6827	0.6725	0.6781	0.6773	0.6777	0.6809	0.6839	0.7465	0.7456	0.7259	0.7118	0.6869	0.7434	0.7521	0.7769	0.7706	0.8129	0.7952	0.8038	0.8248	0.8608	0.8118	0.6194	0.3799	0.3357	0.3444	0.3926	0.3989	0.5155	0.6965	0.8375	0.8200	0.7415	0.7403	0.6721	0.6329	0.6370	0.5893	0.6045	0.5870	0.5790	0.5134	0.5144	0.5110	0.4709	0.4550	0.4632	0.4115	0.4331	0.4046	0.4089
0.2254	0.3131	0.3409	0.3627	0.3682	0.3836	0.3566	0.3660	0.3711	0.3742	0.3899	0.4614	0.4665	0.5021	0.5595	0.5912	0.6706	0.6755	0.6510	0.6543	0.6794	0.6809	0.7157	0.6986	0.7375	0.7279	0.7454	0.7088	0.7111	0.7260	0.7624	0.8168	0.8057	0.8308	0.8375	0.8397	0.8171	0.8797	0.8340	0.5694	0.3132	0.3248	0.3352	0.3364	0.3501	0.3743	0.4292	0.4606	0.6821	0.8447	0.7945	0.7727	0.6981	0.6567	0.6270	0.6235	0.6326	0.5903	0.5444	0.5802	0.5504	0.5114	0.5008	0.5087	0.4796	0.4455	0.4325	0.4328	0.4251
0.1499	0.2716	0.3843	0.4820	0.5406	0.5767	0.5640	0.5121	0.5064	0.4926	0.4663	0.4817	0.5031	0.5556	0.5973	0.6217	0.6615	0.6819	0.6775	0.7120	0.6986	0.7236	0.7342	0.7613	0.7454	0.7225	0.7351	0.6933	0.7300	0.7573	0.8065	0.8159	0.8216	0.8463	0.8389	0.8627	0.8758	0.7567	0.5425	0.3279	0.2659	0.3121	0.3342	0.3356	0.3422	0.3690	0.4031	0.4220	0.6328	0.8678	0.8548	0.7878	0.7418	0.6915	0.6461	0.6380	0.6386	0.5973	0.5842	0.6026	0.5930	0.5496	0.5242	0.5195	0.4930	0.4552	0.4708	0.4610	0.4432
0.0751	0.1295	0.1987	0.2783	0.4000	0.5091	0.5976	0.6458	0.6340	0.6742	0.6597	0.6127	0.6090	0.6826	0.7247	0.7432	0.7320	0.7699	0.7846	0.7875	0.8337	0.8385	0.8219	0.8074	0.7785	0.7352	0.7412	0.7153	0.8084	0.8086	0.8599	0.8601	0.8540	0.8086	0.7369	0.7100	0.6602	0.4302	0.2819	0.2686	0.2755	0.2844	0.3173	0.3120	0.3336	0.3506	0.3915	0.4349	0.6594	0.8806	0.8118	0.7755	0.7041	0.6907	0.6821	0.6501	0.6431	0.6193	0.6095	0.5974	0.5884	0.5892	0.5474	0.5562	0.5048	0.4692	0.4843	0.4939	0.4706
0.0355	0.0400	0.0683	0.1010	0.1290	0.1888	0.2629	0.4076	0.5287	0.5743	0.6583	0.6431	0.6762	0.7290	0.7610	0.7613	0.7781	0.8043	0.8246	0.8257	0.8904	0.8709	0.8420	0.8221	0.8346	0.7465	0.7347	0.7472	0.7954	0.8324	0.8282	0.7467	0.6066	0.4751	0.3762	0.3403	0.2774	0.2704	0.2547	0.2663	0.2703	0.2705	0.2911	0.2951	0.3239	0.3499	0.3998	0.4566	0.7226	0.8795	0.8457	0.7815	0.7296	0.7064	0.6712	0.6869	0.6930	0.6537	0.5818	0.6206	0.6165	0.6004	0.5913	0.5699	0.5498	0.5254	0.4888	0.5120	0.4820
0.0300	0.0397	0.0474	0.0718	0.0544	0.0812	0.1188	0.1461	0.1760	0.2265	0.2985	0.3633	0.4560	0.4549	0.5273	0.6027	0.6387	0.6372	0.6958	0.6981	0.6999	0.6794	0.6016	0.6704	0.7028	0.6240	0.5642	0.6170	0.7467	0.7336	0.5440	0.3192	0.2684	0.2730	0.2423	0.2287	0.2562	0.2565	0.2514	0.2532	0.2746	0.2698	0.2802	0.3003	0.3173	0.3379	0.4018	0.4956	0.7902	0.9031	0.8210	0.7493	0.7254	0.7177	0.7119	0.7421	0.7608	0.7263	0.6494	0.6659	0.6745	0.6509	0.6453	0.5918	0.5411	0.5347	0.5494	0.5125	0.4977
0.0148	0.0337	0.0349	0.0488	0.0600	0.0678	0.0794	0.0882	0.0905	0.1109	0.1104	0.1319	0.1506	0.1523	0.2059	0.2454	0.2569	0.2625	0.2747	0.2743	0.2831	0.2314	0.2368	0.2772	0.2702	0.2520	0.2382	0.2728	0.3106	0.3346	0.2574	0.2276	0.2231	0.2276	0.2230	0.2232	0.2332	0.2384	0.2507	0.2380	0.2476	0.2652	0.2622	0.2774	0.3032	0.3490	0.3796	0.4549	0.8081	0.9008	0.8164	0.7602	0.7237	0.7282	0.7305	0.7788	0.7778	0.7165	0.6626	0.6728	0.7001	0.6712	0.6513	0.6118	0.5456	0.5590	0.5474	0.5168	0.5074
0.0063	0.0239	0.0360	0.0354	0.0506	0.0561	0.0603	0.0729	0.0755	0.0879	0.0956	0.0882	0.1019	0.1014	0.1146	0.1228	0.1299	0.1333	0.1287	0.1331	0.1518	0.1467	0.1343	0.1347	0.1451	0.1513	0.1602	0.1621	0.1774	0.1761	0.1780	0.1778	0.1796	0.1846	0.1925	0.1924	0.1990	0.2147	0.2279	0.2222	0.2164	0.2412	0.2608	0.2636	0.2828	0.3196	0.3565	0.4586	0.7796	0.9121	0.8882	0.7901	0.7532	0.7184	0.7624	0.7469	0.6870	0.6810	0.6838	0.6884	0.6727	0.6145	0.5715	0.5912	0.5511	0.5526	0.5278	0.5331	0.4251
0.0168	0.0153	0.0468	0.0250	0.0386	0.0522	0.0608	0.0717	0.0634	0.0659	0.0739	0.0817	0.0865	0.0798	0.0816	0.0991	0.1015	0.1078	0.1021	0.0982	0.1124	0.1139	0.1032	0.1099	0.1028	0.1066	0.1058	0.1281	0.1365	0.1337	0.1356	0.1319	0.1439	0.1374	0.1499	0.1542	0.1641	0.1743	0.1792	0.1674	0.1768	0.2016	0.2171	0.2485	0.2588	0.2835	0.3252	0.4007	0.6727	0.8892	0.8627	0.8206	0.8142	0.7529	0.7667	0.7212	0.7020	0.6948	0.6630	0.7168	0.6925	0.5647	0.5866	0.5762	0.5575	0.5232	0.5263	0.4438	0.2955
0.0169	0.0177	0.0373	0.0240	0.0312	0.0353	0.0404	0.0563	0.0629	0.0595	0.0636	0.0704	0.0835	0.0793	0.0699	0.0989	0.0987	0.0878	0.0932	0.0927	0.0887	0.0886	0.0950	0.1145	0.0963	0.1014	0.0913	0.1030	0.1056	0.1123	0.1171	0.1048	0.1049	0.1091	0.1098	0.1150	0.1181	0.1151	0.1234	0.1287	0.1446	0.1532	0.1621	0.1872	0.2060	0.2243	0.2533	0.2822	0.3928	0.5497	0.5954	0.7954	0.8676	0.7927	0.7528	0.7666	0.7372	0.6732	0.6305	0.6354	0.4905	0.5017	0.6117	0.5692	0.5361	0.5089	0.4848	0.3479	0.2600
0.0115	0.0074	0.0135	0.0231	0.0298	0.0339	0.0539	0.0521	0.0414	0.0448	0.0646	0.0698	0.0746	0.0675	0.0688	0.0850	0.0841	0.0818	0.0848	0.0938	0.0856	0.0747	0.0733	0.0843	0.0859	0.0912	0.0815	0.0938	0.0945	0.0969	0.0915	0.0856	0.0883	0.0975	0.0985	0.1040	0.1004	0.0943	0.1000	0.1027	0.1053	0.1047	0.1138	0.1197	0.1355	0.1522	0.1722	0.2068	0.2446	0.2722	0.4157	0.7458	0.8046	0.6026	0.6904	0.8409	0.7544	0.6595	0.6166	0.5780	0.3561	0.4203	0.6257	0.5860	0.5200	0.4655	0.3523	0.2647	0.2261
0.0000	0.0099	0.0199	0.0368	0.0292	0.0380	0.0437	0.0384	0.0405	0.0410	0.0574	0.0626	0.0666	0.0717	0.0649	0.0659	0.0648	0.0785	0.0726	0.0699	0.0758	0.0840	0.0783	0.0774	0.0723	0.0810	0.0781	0.0838	0.0771	0.0841	0.0766	0.0771	0.0753	0.0849	0.0810	0.0789	0.0777	0.0842	0.0820	0.0780	0.0755	0.0865	0.0894	0.0935	0.1024	0.1138	0.1203	0.1366	0.1559	0.1643	0.2325	0.3778	0.4123	0.3098	0.5055	0.8123	0.7353	0.6871	0.6260	0.4594	0.2342	0.2565	0.4443	0.5119	0.3759	0.2942	0.2231	0.1983	0.1989
0.0000	0.0000	0.0037	0.0095	0.0120	0.0300	0.0256	0.0341	0.0417	0.0334	0.0416	0.0509	0.0575	0.0629	0.0578	0.0616	0.0543	0.0634	0.0608	0.0725	0.0747	0.0821	0.0719	0.0754	0.0773	0.0672	0.0783	0.0684	0.0701	0.0665	0.0686	0.0655	0.0642	0.0728	0.0757	0.0669	0.0702	0.0754	0.0777	0.0733	0.0676	0.0765	0.0807	0.0797	0.0839	0.0941	0.0958	0.1015	0.1040	0.1124	0.1302	0.1459	0.1772	0.1960	0.3097	0.6820	0.7503	0.6036	0.4613	0.2447	0.1581	0.1534	0.1873	0.2622	0.1878	0.1584	0.1729	0.1655	0.1631
0.0000	0.0053	0.0029	0.0070	0.0164	0.0104	0.0287	0.0296	0.0200	0.0297	0.0430	0.0431	0.0416	0.0476	0.0505	0.0607	0.0637	0.0655	0.0640	0.0719	0.0677	0.0586	0.0541	0.0643	0.0837	0.0849	0.0824	0.0654	0.0689	0.0689	0.0632	0.0653	0.0661	0.0672	0.0679	0.0631	0.0668	0.0721	0.0687	0.0774	0.0671	0.0741	0.0655	0.0729	0.0711	0.0815	0.0824	0.0863	0.0995	0.0942	0.0940	0.1066	0.1145	0.1332	0.1517	0.2919	0.3698	0.2766	0.1948	0.1400	0.1363	0.1294	0.1304	0.1493	0.1495	0.1531	0.1474	0.1388	0.1398
0.0000	0.0000	0.0039	0.0034	0.0109	0.0208	0.0283	0.0230	0.0354	0.0298	0.0276	0.0422	0.0495	0.0444	0.0444	0.0577	0.0585	0.0560	0.0633	0.0585	0.0513	0.0576	0.0639	0.0568	0.0630	0.0768	0.0652	0.0628	0.0593	0.0609	0.0600	0.0634	0.0576	0.0656	0.0614	0.0615	0.0630	0.0690	0.0646	0.0629	0.0657	0.0742	0.0694	0.0673	0.0708	0.0735	0.0766	0.0695	0.0758	0.0896	0.0782	0.0891	0.0921	0.1031	0.1098	0.0983	0.1133	0.1140	0.1157	0.1283	0.1179	0.1083	0.1181	0.1222	0.1270	0.1245	0.1215	0.1278	0.1132
0.0000	0.0000	0.0000	0.0097	0.0064	0.0116	0.0237	0.0386	0.0228	0.0206	0.0304	0.0278	0.0372	0.0322	0.0342	0.0476	0.0456	0.0492	0.0329	0.0410	0.0533	0.0502	0.0540	0.0572	0.0590	0.0650	0.0546	0.0522	0.0545	0.0577	0.0571	0.0500	0.0552	0.0637	0.0500	0.0500	0.0509	0.0525	0.0609	0.0581	0.0550	0.0608	0.0712	0.0589	0.0578	0.0662	0.0656	0.0601	0.0670	0.0670	0.0664	0.0764	0.0829	0.0906	0.0888	0.0930	0.0943	0.0853	0.0847	0.0967	0.0915	0.0848	0.0893	0.0981	0.0988	0.0914	0.0996	0.1004	0.0895
0.0000	0.0000	0.0000	0.0018	0.0081	0.0013	0.0020	0.0169	0.0038	0.0099	0.0173	0.0301	0.0349	0.0283	0.0408	0.0407	0.0340	0.0388	0.0410	0.0498	0.0522	0.0409	0.0393	0.0525	0.0454	0.0463	0.0568	0.0569	0.0495	0.0514	0.0421	0.0522	0.0541	0.0605	0.0473	0.0466	0.0435	0.0476	0.0568	0.0493	0.0476	0.0553	0.0557	0.0516	0.0572	0.0604	0.0588	0.0585	0.0621	0.0669	0.0717	0.0774	0.0740	0.0749	0.0792	0.0879	0.0797	0.0781	0.0834	0.0865	0.0893	0.0749	0.0745	0.0800	0.0819	0.0788	0.0815	0.0778	0.0727
0.0000	0.0000	0.0000	0.0091	0.0000	0.0000	0.0000	0.0040	0.0082	0.0131	0.0301	0.0367	0.0349	0.0344	0.0419	0.0472	0.0416	0.0412	0.0332	0.0503	0.0499	0.0458	0.0417	0.0330	0.0432	0.0400	0.0417	0.0472	0.0489	0.0541	0.0492	0.0408	0.0569	0.0590	0.0456	0.0394	0.0539	0.0591	0.0480	0.0462	0.0541	0.0495	0.0483	0.0470	0.0528	0.0569	0.0621	0.0648	0.0623	0.0659	0.0682	0.0658	0.0644	0.0653	0.0798	0.0790	0.0683	0.0647	0.0754	0.0753	0.0741	0.0669	0.0686	0.0632	0.0713	0.0658	0.0638	0.0590	0.0492
0.0000	0.0000	0.0000	0.0073	0.0000	0.0000	0.0041	0.0053	0.0144	0.0097	0.0177	0.0249	0.0285	0.0317	0.0424	0.0357	0.0310	0.0285	0.0261	0.0350	0.0395	0.0330	0.0270	0.0365	0.0395	0.0391	0.0409	0.0435	0.0507	0.0443	0.0451	0.0365	0.0488	0.0477	0.0456	0.0358	0.0437	0.0471	0.0424	0.0452	0.0464	0.0461	0.0474	0.0423	0.0461	0.0520	0.0567	0.0557	0.0561	0.0657	0.0668	0.0588	0.0636	0.0667	0.0719	0.0696	0.0705	0.0636	0.0664	0.0676	0.0661	0.0560	0.0650	0.0601	0.0709	0.0600	0.0505	0.0472	0.0369
0.0000	0.0000	0.0000	0.0000	0.0018	0.0000	0.0018	0.0039	0.0066	0.0029	0.0111	0.0242	0.0262	0.0217	0.0217	0.0220	0.0254	0.0237	0.0186	0.0225	0.0319	0.0300	0.0320	0.0379	0.0359	0.0332	0.0441	0.0394	0.0490	0.0419	0.0363	0.0385	0.0384	0.0462	0.0428	0.0373	0.0405	0.0405	0.0385	0.0454	0.0373	0.0436	0.0483	0.0436	0.0483	0.0537	0.0504	0.0555	0.0541	0.0573	0.0574	0.0523	0.0604	0.0637	0.0596	0.0668	0.0628	0.0546	0.0633	0.0582	0.0579	0.0481	0.0545	0.0617	0.0613	0.0485	0.0448	0.0401	0.0335
0.0000	0.0000	0.0000	0.0000	0.0000	0.0134	0.0127	0.0083	0.0018	0.0076	0.0179	0.0153	0.0172	0.0170	0.0186	0.0149	0.0345	0.0406	0.0199	0.0267	0.0293	0.0268	0.0342	0.0466	0.0393	0.0363	0.0272	0.0333	0.0350	0.0477	0.0441	0.0338	0.0411	0.0403	0.0399	0.0435	0.0392	0.0370	0.0410	0.0367	0.0417	0.0441	0.0496	0.0481	0.0493	0.0464	0.0554	0.0558	0.0591	0.0529	0.0593	0.0665	0.0585	0.0609	0.0672	0.0712	0.0701	0.0687	0.0683	0.0761	0.0659	0.0603	0.0659	0.0607	0.0748	0.0538	0.0532	0.0566	0.0490
