0.0000	0.0000	0.0000	0.0000	0.0000	0.0021	0.0106	0.0252	0.0139	0.0078	0.0179	0.0135	0.0203	0.0173	0.0119	0.0299	0.0304	0.0372	0.0312	0.0430	0.0538	0.0395	0.0306	0.0574	0.0740	0.0732	0.0674	0.0631	0.0679	0.0915	0.0726	0.0728	0.0744	0.0817	0.0746	0.0968	0.0851	0.0884	0.0919	0.0829	0.0678	0.0737	0.0734	0.0760	0.0656	0.0549	0.0702	0.0685	0.0701	0.0698	0.0813	0.0673	0.0392	0.0623	0.0500	0.0492	0.0461	0.0355	0.0512	0.0451	0.0409	0.0424	0.0379	0.0322	0.0348	0.0287	0.0268	0.0330	0.0231
0.0000	0.0000	0.0000	0.0023	0.0082	0.0000	0.0029	0.0219	0.0187	0.0125	0.0070	0.0218	0.0244	0.0185	0.0277	0.0468	0.0518	0.0524	0.0422	0.0485	0.0604	0.0768	0.0520	0.0736	0.0641	0.0688	0.0687	0.0644	0.0871	0.0954	0.0879	0.0922	0.0986	0.0848	0.0857	0.0820	0.0939	0.0869	0.0807	0.0868	0.0834	0.0880	0.0856	0.0999	0.0768	0.0718	0.0781	0.0664	0.0700	0.0785	0.0775	0.0651	0.0537	0.0751	0.0625	0.0548	0.0560	0.0439	0.0464	0.0377	0.0471	0.0394	0.0395	0.0525	0.0512	0.0367	0.0290	0.0263	0.0288
0.0000	0.0000	0.0000	0.0163	0.0167	0.0000	0.0000	0.0159	0.0195	0.0305	0.0199	0.0255	0.0307	0.0288	0.0451	0.0319	0.0444	0.0556	0.0580	0.0530	0.0472	0.0851	0.0747	0.0677	0.0623	0.0749	0.0855	0.0879	0.0851	0.0990	0.0833	0.0885	0.1049	0.1069	0.1027	0.1002	0.1049	0.0966	0.0935	0.0908	0.0966	0.1042	0.1092	0.1077	0.0835	0.0779	0.0884	0.0861	0.0830	0.0757	0.0771	0.0777	0.0680	0.0820	0.0672	0.0635	0.0650	0.0561	0.0547	0.0467	0.0539	0.0561	0.0575	0.0537	0.0518	0.0483	0.0374	0.0337	0.0365
0.0000	0.0000	0.0095	0.0114	0.0050	0.0036	0.0097	0.0175	0.0178	0.0183	0.0345	0.0431	0.0422	0.0330	0.0186	0.0254	0.0480	0.0642	0.0564	0.0579	0.0600	0.0657	0.0651	0.0718	0.0792	0.0753	0.0799	0.0863	0.0898	0.0982	0.1044	0.0911	0.0933	0.0797	0.1088	0.1120	0.1028	0.1033	0.1093	0.0947	0.1171	0.1041	0.1019	0.0882	0.0780	0.0807	0.0960	0.0786	0.0703	0.0717	0.0841	0.0794	0.0801	0.0754	0.0722	0.0678	0.0582	0.0706	0.0701	0.0487	0.0617	0.0609	0.0646	0.0561	0.0553	0.0535	0.0551	0.0432	0.0475
0.0000	0.0000	0.0123	0.0055	0.0112	0.0148	0.0010	0.0130	0.0182	0.0134	0.0286	0.0444	0.0568	0.0449	0.0311	0.0376	0.0521	0.0613	0.0464	0.0632	0.0647	0.0487	0.0504	0.0779	0.0842	0.0797	0.0763	0.0839	0.0943	0.0893	0.0925	0.0947	0.1008	0.1021	0.1185	0.1041	0.1227	0.0998	0.1000	0.0979	0.1076	0.1002	0.0938	0.0853	0.0912	0.0961	0.0917	0.0854	0.0791	0.0770	0.0809	0.0827	0.0803	0.0682	0.0684	0.0715	0.0643	0.0699	0.0638	0.0631	0.0693	0.0613	0.0785	0.0713	0.0610	0.0526	0.0701	0.0675	0.0629
0.0000	0.0000	0.0053	0.0132	0.0130	0.0148	0.0084	0.0161	0.0397	0.0281	0.0442	0.0440	0.0672	0.0535	0.0348	0.0457	0.0619	0.0622	0.0517	0.0743	0.0667	0.0629	0.0655	0.0841	0.1006	0.0833	0.0814	0.0927	0.1077	0.1072	0.0952	0.0948	0.1157	0.1331	0.1054	0.1064	0.1208	0.1102	0.1089	0.1011	0.1159	0.1176	0.0933	0.1085	0.1123	0.1050	0.1000	0.0969	0.1013	0.0965	0.0855	0.0855	0.0817	0.0853	0.0789	0.0803	0.0909	0.0782	0.0717	0.0736	0.0784	0.0832	0.0788	0.0791	0.0741	0.0719	0.0748	0.0752	0.0781
0.0000	0.0000	0.0000	0.0082	0.0042	0.0072	0.0206	0.0216	0.0322	0.0292	0.0445	0.0326	0.0581	0.0413	0.0415	0.0609	0.0654	0.0661	0.0596	0.0644	0.0651	0.0784	0.0711	0.0792	0.0949	0.0962	0.0964	0.1003	0.1273	0.1117	0.1124	0.1035	0.1135	0.1285	0.1115	0.1135	0.1259	0.1400	0.1303	0.1132	0.1010	0.1132	0.1210	0.1141	0.1133	0.1153	0.1094	0.1245	0.1098	0.1066	0.1136	0.1121	0.1031	0.0941	0.0916	0.1009	0.0931	0.0892	0.0915	0.0956	0.0837	0.0803	0.0965	0.1033	0.0992	0.0815	0.0835	0.0918	0.0873
0.0013	0.0114	0.0166	0.0209	0.0198	0.0161	0.0275	0.0307	0.0234	0.0378	0.0506	0.0497	0.0380	0.0411	0.0430	0.0710	0.0692	0.0752	0.0722	0.0720	0.0816	0.0829	0.0649	0.0797	0.1039	0.1096	0.0941	0.0919	0.1207	0.1230	0.1219	0.1107	0.1275	0.1339	0.1351	0.1347	0.1488	0.1578	0.1369	0.1463	0.1357	0.1220	0.1358	0.1173	0.1117	0.1393	0.1327	0.1459	0.1257	0.1222	0.1240	0.1241	0.1125	0.1027	0.1150	0.1166	0.1010	0.1023	0.1023	0.1062	0.1155	0.1061	0.1147	0.1126	0.1006	0.0928	0.0996	0.1019	0.1051
0.0088	0.0139	0.0141	0.0349	0.0338	0.0363	0.0363	0.0466	0.0523	0.0445	0.0540	0.0615	0.0550	0.0572	0.0654	0.0780	0.0702	0.0784	0.0856	0.0967	0.0907	0.0946	0.0976	0.0899	0.1100	0.1057	0.0918	0.0988	0.1275	0.1404	0.1344	0.1244	0.1425	0.1405	0.1488	0.1500	0.1500	0.1621	0.1597	0.1630	0.1513	0.1406	0.1537	0.1437	0.1549	0.1590	0.1587	0.1649	0.1523	0.1533	0.1472	0.1331	0.1342	0.1462	0.1399	0.1380	0.1352	0.1139	0.1184	0.1184	0.1401	0.1364	0.1193	0.1271	0.1121	0.1164	0.1078	0.1207	0.1228
0.0031	0.0053	0.0133	0.0311	0.0301	0.0338	0.0379	0.0366	0.0428	0.0464	0.0616	0.0690	0.0600	0.0764	0.0802	0.0748	0.0746	0.0832	0.0930	0.0979	0.0999	0.1010	0.1013	0.0958	0.1142	0.1059	0.1102	0.1153	0.1265	0.1532	0.1368	0.1398	0.1712	0.1866	0.1849	0.1697	0.1857	0.1982	0.1964	0.1972	0.1869	0.1649	0.1785	0.1894	0.2007	0.1969	0.1991	0.1798	0.1546	0.1621	0.1706	0.1482	0.1565	0.1585	0.1633	0.1495	0.1577	0.1512	0.1423	0.1411	0.1515	0.1408	0.1438	0.1542	0.1402	0.1258	0.1148	0.1276	0.1375
0.0000	0.0116	0.0262	0.0233	0.0406	0.0370	0.0398	0.0521	0.0336	0.0421	0.0694	0.0669	0.0596	0.0684	0.0742	0.0900	0.0884	0.0771	0.1063	0.1088	0.1158	0.0998	0.1045	0.1124	0.1315	0.1471	0.1309	0.1486	0.1550	0.1593	0.1558	0.1797	0.1905	0.2073	0.2257	0.2289	0.2858	0.3864	0.3794	0.3575	0.3387	0.2705	0.2277	0.2364	0.2845	0.2959	0.2519	0.2293	0.2158	0.1922	0.2062	0.2013	0.1959	0.1675	0.1652	0.1827	0.1942	0.1788	0.1656	0.1848	0.1700	0.1511	0.1537	0.1641	0.1517	0.1376	0.1173	0.1361	0.1253
0.0014	0.0146	0.0310	0.0348	0.0334	0.0305	0.0360	0.0496	0.0505	0.0488	0.0583	0.0672	0.0675	0.0774	0.0746	0.0992	0.0949	0.1119	0.1146	0.0953	0.1054	0.1168	0.1139	0.1337	0.1414	0.1645	0.1855	0.1739	0.1794	0.1967	0.2134	0.2319	0.2469	0.2849	0.3450	0.4522	0.5746	0.7970	0.7737	0.7648	0.7003	0.4869	0.3707	0.3894	0.4831	0.5392	0.4300	0.3546	0.2692	0.2416	0.2241	0.2365	0.2279	0.2254	0.1973	0.2056	0.2295	0.2068	0.1898	0.1929	0.1974	0.2032	0.1806	0.1895	0.1795	0.1393	0.1369	0.1417	0.1395
0.0036	0.0103	0.0336	0.0432	0.0372	0.0462	0.0331	0.0500	0.0707	0.0540	0.0613	0.0703	0.0847	0.0745	0.0779	0.0808	0.0946	0.1207	0.1196	0.1320	0.1372	0.1442	0.1536	0.1648	0.1972	0.2248	0.2683	0.2471	0.2642	0.2878	0.3162	0.4158	0.4313	0.4685	0.6415	0.7696	0.8252	0.8792	0.8110	0.8328	0.8460	0.7488	0.6866	0.6934	0.6517	0.6406	0.6388	0.5932	0.3688	0.2886	0.2566	0.2504	0.2659	0.2438	0.2325	0.2460	0.2434	0.2294	0.2303	0.2320	0.2711	0.3442	0.3427	0.2933	0.2164	0.1614	0.1585	0.1735	0.1622
0.0091	0.0025	0.0298	0.0497	0.0432	0.0407	0.0455	0.0646	0.0812	0.0749	0.0731	0.0782	0.0833	0.0847	0.0885	0.1063	0.1195	0.1368	0.1344	0.1609	0.1718	0.1928	0.2202	0.2335	0.3466	0.4790	0.5381	0.5065	0.4739	0.5073	0.5793	0.7912	0.8169	0.7416	0.8860	0.8177	0.8141	0.8320	0.7853	0.7680	0.7957	0.7605	0.8160	0.7565	0.7080	0.6437	0.6155	0.6598	0.5131	0.4455	0.3569	0.3093	0.2895	0.2732	0.2781	0.2683	0.2493	0.2584	0.2684	0.2929	0.4249	0.4666	0.4576	0.4124	0.2671	0.1823	0.1801	0.1709	0.1623
0.0290	0.0168	0.0283	0.0415	0.0438	0.0353	0.0675	0.0718	0.0659	0.0798	0.0944	0.1069	0.1143	0.1034	0.1226	0.1305	0.1712	0.1926	0.1845	0.2117	0.2674	0.2980	0.3316	0.4121	0.5516	0.7420	0.7419	0.7496	0.7323	0.8058	0.8640	0.9168	1.0000	0.9087	0.8243	0.8132	0.8168	0.8045	0.7933	0.7568	0.7190	0.7275	0.7463	0.7353	0.6764	0.6506	0.6307	0.6721	0.6814	0.6153	0.5602	0.4556	0.4101	0.3128	0.2743	0.2775	0.2830	0.2786	0.2788	0.3346	0.4478	0.4332	0.4319	0.3991	0.2816	0.1860	0.1982	0.1720	0.1759
0.0155	0.0360	0.0309	0.0331	0.0604	0.0688	0.0805	0.0860	0.0922	0.0988	0.1314	0.1351	0.1455	0.1564	0.1959	0.2042	0.2530	0.2560	0.2803	0.3103	0.3477	0.4229	0.4575	0.5868	0.7085	0.7262	0.7221	0.7182	0.7719	0.7962	0.8356	0.8386	0.8837	0.8828	0.8036	0.7667	0.7905	0.7575	0.7215	0.7024	0.6955	0.6707	0.7285	0.7046	0.6478	0.6587	0.6221	0.6664	0.6823	0.6286	0.6401	0.6366	0.5689	0.4170	0.3061	0.3086	0.3172	0.3031	0.3092	0.4082	0.4682	0.4529	0.4602	0.4118	0.2591	0.1937	0.2201	0.2074	0.2178
0.0268	0.0438	0.0497	0.0689	0.0923	0.0960	0.1197	0.1234	0.1309	0.1581	0.1839	0.2182	0.2433	0.2289	0.2687	0.3089	0.3557	0.4095	0.4207	0.4764	0.5619	0.6194	0.6822	0.7330	0.7371	0.7029	0.6818	0.6851	0.7094	0.7242	0.7355	0.7857	0.8233	0.7739	0.8117	0.7235	0.7662	0.7555	0.7028	0.6522	0.7009	0.6983	0.6875	0.6937	0.6722	0.6161	0.5987	0.6214	0.5871	0.5849	0.6187	0.6305	0.5619	0.5404	0.4622	0.3678	0.3447	0.3283	0.3351	0.4210	0.4755	0.4327	0.4345	0.4275	0.3019	0.2090	0.2236	0.2113	0.2174
0.0398	0.0697	0.0785	0.1332	0.1515	0.1832	0.2434	0.2854	0.3110	0.2965	0.2962	0.3199	0.3367	0.3358	0.4077	0.4768	0.5695	0.6745	0.7042	0.7336	0.7821	0.7800	0.7003	0.6709	0.6198	0.5966	0.6168	0.6152	0.6154	0.6622	0.7206	0.7227	0.7341	0.7305	0.7234	0.6566	0.6796	0.6820	0.6792	0.6673	0.6649	0.6754	0.6704	0.6606	0.6382	0.6077	0.6208	0.6174	0.6274	0.5929	0.5582	0.5980	0.5822	0.5679	0.5590	0.4826	0.4132	0.3596	0.3572	0.4042	0.4847	0.4742	0.4567	0.4183	0.3796	0.2901	0.2332	0.2294	0.2456
0.0894	0.1227	0.2021	0.2977	0.3417	0.4285	0.5087	0.5410	0.5787	0.5204	0.4926	0.5104	0.5653	0.5649	0.6480	0.7336	0.8003	0.8097	0.8227	0.7201	0.6925	0.7060	0.6710	0.5511	0.5556	0.5598	0.5722	0.5336	0.5863	0.6698	0.6151	0.6049	0.6702	0.7025	0.6397	0.6077	0.6022	0.6211	0.6274	0.6326	0.6275	0.6046	0.6529	0.6323	0.6048	0.6402	0.5789	0.5554	0.5717	0.5992	0.5617	0.5754	0.5372	0.5162	0.5423	0.4982	0.4993	0.4723	0.4234	0.4277	0.4677	0.4471	0.4598	0.4024	0.4051	0.3460	0.2890	0.2387	0.3024
0.1561	0.2498	0.3577	0.4066	0.4085	0.4600	0.4681	0.4590	0.5171	0.5394	0.5392	0.5945	0.6692	0.6237	0.6413	0.6976	0.7571	0.8016	0.7246	0.6353	0.6091	0.6071	0.5758	0.4988	0.4771	0.5108	0.5166	0.5432	0.5720	0.6185	0.5726	0.5936	0.6465	0.6586	0.5801	0.5889	0.5842	0.5922	0.5582	0.5740	0.5884	0.5823	0.6411	0.6053	0.6001	0.5959	0.5800	0.5459	0.5474	0.5273	0.5353	0.5313	0.5096	0.4839	0.4977	0.5025	0.4863	0.5004	0.4851	0.4455	0.4407	0.4384	0.4041	0.4114	0.3825	0.3690	0.3180	0.2737	0.3402
0.1619	0.2397	0.2605	0.2577	0.2769	0.3197	0.3423	0.3358	0.3548	0.4183	0.4455	0.5127	0.5805	0.5655	0.5685	0.6215	0.6556	0.6417	0.6158	0.5040	0.5030	0.5001	0.4641	0.4812	0.4550	0.5279	0.4863	0.5368	0.5743	0.5421	0.6269	0.6158	0.6579	0.6597	0.5976	0.6069	0.6204	0.6233	0.5682	0.5755	0.5533	0.5772	0.6182	0.6282	0.5807	0.5563	0.5569	0.5424	0.5318	0.4940	0.5008	0.4965	0.4586	0.4987	0.5000	0.4415	0.4546	0.4661	0.4716	0.4396	0.4442	0.4409	0.4052	0.3819	0.3632	0.3566	0.3326	0.2966	0.3431
0.1518	0.2002	0.2249	0.2071	0.2343	0.2423	0.2738	0.2913	0.3205	0.3467	0.3529	0.4271	0.5115	0.5555	0.5239	0.5426	0.6178	0.5515	0.5421	0.4690	0.4993	0.4899	0.4917	0.4744	0.4681	0.5037	0.5168	0.5207	0.5702	0.5985	0.6089	0.6006	0.6144	0.6053	0.6330	0.6220	0.5972	0.6009	0.5664	0.5874	0.6104	0.5881	0.5847	0.6130	0.5733	0.5666	0.5427	0.5460	0.5179	0.4702	0.5223	0.5057	0.4793	0.4856	0.4810	0.4553	0.4683	0.4621	0.4443	0.4216	0.4489	0.4259	0.3724	0.3649	0.3841	0.3879	0.3261	0.3035	0.3413
0.1328	0.1669	0.2077	0.2117	0.2070	0.2019	0.2460	0.2442	0.2799	0.2912	0.3251	0.3974	0.4359	0.4803	0.4691	0.4957	0.5047	0.4668	0.4404	0.4585	0.4847	0.4807	0.4760	0.4970	0.4898	0.4909	0.5184	0.5555	0.5542	0.5834	0.5884	0.5788	0.6265	0.6436	0.6139	0.5823	0.5942	0.5842	0.5806	0.5633	0.5828	0.5863	0.5686	0.5815	0.6068	0.5569	0.5436	0.5407	0.4966	0.4725	0.4982	0.5175	0.4995	0.4823	0.4772	0.4781	0.4797	0.4425	0.4212	0.4284	0.4085	0.4443	0.4103	0.3858	0.3821	0.4002	0.3448	0.3143	0.3407
0.1429	0.1714	0.1966	0.2416	0.2283	0.2387	0.2755	0.2575	0.2506	0.2673	0.2911	0.3419	0.3783	0.4011	0.4122	0.4415	0.4599	0.4663	0.4693	0.4385	0.4650	0.4598	0.4557	0.4822	0.5183	0.5033	0.5192	0.5570	0.5751	0.5881	0.5935	0.6005	0.5744	0.6046	0.6198	0.5738	0.6183	0.5996	0.5641	0.5751	0.5825	0.5908	0.5948	0.5999	0.5889	0.5617	0.5464	0.5180	0.4766	0.4833	0.4606	0.4594	0.5095	0.4840	0.4356	0.4692	0.4858	0.4448	0.4515	0.4536	0.4267	0.4046	0.4002	0.3617	0.3506	0.3634	0.3395	0.3139	0.3306
0.1558	0.1783	0.1804	0.2163	0.2272	0.2245	0.2554	0.2621	0.2736	0.2842	0.3110	0.3432	0.3851	0.3840	0.3741	0.4021	0.4245	0.4208	0.4507	0.4448	0.4475	0.4954	0.4954	0.5251	0.5136	0.5080	0.5294	0.5546	0.5962	0.5800	0.5843	0.5989	0.6031	0.6133	0.6070	0.6000	0.6206	0.6024	0.6239	0.6048	0.6136	0.6350	0.5780	0.5690	0.5637	0.5295	0.5177	0.5348	0.5001	0.4792	0.4689	0.4726	0.4484	0.4564	0.4454	0.4714	0.4723	0.4553	0.4492	0.4418	0.4172	0.4022	0.4044	0.3625	0.3404	0.3496	0.3527	0.3374	0.2981
0.1628	0.1657	0.1902	0.2202	0.2076	0.2245	0.2637	0.2687	0.2652	0.3142	0.3493	0.3636	0.3764	0.3831	0.3870	0.4038	0.4401	0.4048	0.4003	0.4323	0.4813	0.4804	0.4649	0.4798	0.4998	0.5222	0.5188	0.5474	0.5750	0.5860	0.6144	0.5870	0.5940	0.6080	0.6064	0.5932	0.5960	0.6162	0.6255	0.5908	0.6082	0.5954	0.5449	0.5804	0.5628	0.5448	0.5385	0.5413	0.5206	0.4778	0.4792	0.4744	0.4557	0.4442	0.4772	0.4705	0.4583	0.4586	0.4446	0.4085	0.3981	0.4014	0.3953	0.3609	0.3161	0.3327	0.3008	0.2871	0.2817
0.1682	0.1648	0.2127	0.2293	0.2297	0.2392	0.2486	0.2947	0.2879	0.2905	0.3438	0.3523	0.3723	0.3897	0.3593	0.3758	0.4173	0.3956	0.4325	0.4260	0.4662	0.4690	0.4979	0.5163	0.5086	0.4908	0.5003	0.5308	0.5448	0.5718	0.5989	0.5983	0.6005	0.6022	0.5948	0.5523	0.6007	0.6014	0.6013	0.6184	0.6112	0.5565	0.5410	0.5216	0.5458	0.5213	0.4962	0.4643	0.4881	0.4904	0.5086	0.4734	0.4598	0.4407	0.4370	0.4551	0.4269	0.4180	0.4319	0.4196	0.3802	0.3905	0.3876	0.3336	0.3373	0.3016	0.2867	0.2789	0.2783
0.1707	0.1799	0.1845	0.2046	0.2185	0.2560	0.3026	0.3158	0.3189	0.3296	0.3095	0.3483	0.3731	0.3878	0.3697	0.3942	0.4041	0.3875	0.4084	0.4906	0.4745	0.4677	0.4859	0.4999	0.4940	0.4956	0.4891	0.5246	0.5536	0.5620	0.5701	0.5772	0.5650	0.5673	0.5615	0.5710	0.5796	0.5760	0.5912	0.5910	0.5870	0.5574	0.5561	0.4957	0.5002	0.4813	0.5046	0.4822	0.4915	0.4527	0.4914	0.5464	0.5179	0.4726	0.4342	0.4376	0.4352	0.3903	0.3986	0.4039	0.3929	0.3892	0.3658	0.3232	0.3184	0.3050	0.2825	0.2949	0.2805
0.1524	0.1829	0.1813	0.2003	0.2163	0.2674	0.3169	0.3154	0.3048	0.3232	0.3216	0.3531	0.3569	0.3907	0.3708	0.3998	0.3927	0.4111	0.4486	0.4499	0.4698	0.4855	0.5150	0.5082	0.5222	0.4864	0.5146	0.5406	0.5726	0.5251	0.5571	0.5727	0.5767	0.5631	0.5638	0.5485	0.5656	0.5913	0.5431	0.5567	0.5677	0.5269	0.5468	0.5182	0.4942	0.4730	0.5145	0.4990	0.5115	0.4831	0.4675	0.4745	0.4739	0.4805	0.4790	0.4177	0.4072	0.4211	0.4004	0.3812	0.3562	0.3713	0.3474	0.3168	0.3145	0.3206	0.2972	0.2788	0.2661
0.1634	0.1648	0.1838	0.2484	0.2326	0.2505	0.2826	0.3176	0.3075	0.2895	0.3110	0.3534	0.3840	0.3845	0.3653	0.3987	0.4540	0.4474	0.4459	0.4627	0.4647	0.4731	0.4661	0.5166	0.4807	0.4476	0.5039	0.5170	0.5463	0.5737	0.5669	0.5489	0.5845	0.5807	0.5814	0.5455	0.5725	0.6058	0.5463	0.5447	0.5643	0.5631	0.5048	0.5251	0.5099	0.4781	0.5120	0.5193	0.4934	0.4872	0.4756	0.4623	0.4470	0.4467	0.4506	0.4289	0.4186	0.4151	0.3929	0.3756	0.3567	0.3502	0.3555	0.3339	0.3311	0.3114	0.3041	0.2943	0.2700
0.1390	0.1499	0.1786	0.2222	0.2255	0.2577	0.2961	0.3233	0.3305	0.3273	0.3224	0.3480	0.3404	0.3515	0.3602	0.3965	0.4526	0.4270	0.4288	0.4627	0.5140	0.4713	0.4597	0.4683	0.4759	0.4815	0.4718	0.4986	0.5415	0.5503	0.5418	0.5401	0.5779	0.5808	0.5930	0.5835	0.5771	0.5502	0.5499	0.5517	0.5373	0.5662	0.5126	0.5510	0.5110	0.4710	0.4898	0.5111	0.5098	0.5142	0.4916	0.5272	0.5225	0.4898	0.4315	0.4185	0.4283	0.4093	0.3948	0.3887	0.3740	0.3621	0.3510	0.3275	0.3522	0.3167	0.3010	0.3018	0.3030
0.1279	0.1411	0.1397	0.2067	0.2560	0.2537	0.2521	0.2904	0.3255	0.3115	0.3107	0.3108	0.3563	0.3386	0.3594	0.3909	0.4271	0.4217	0.4370	0.4585	0.4831	0.4788	0.4775	0.4627	0.5056	0.5045	0.4807	0.5109	0.5199	0.5288	0.5346	0.5393	0.6015	0.5722	0.5704	0.5814	0.5706	0.5562	0.5572	0.5634	0.5350	0.5113	0.5482	0.5171	0.5246	0.4902	0.5021	0.5408	0.5063	0.5161	0.5253	0.5088	0.5282	0.5308	0.4957	0.4575	0.4357	0.4172	0.3916	0.3905	0.3983	0.4035	0.3898	0.3797	0.3617	0.3298	0.3339	0.3567	0.3488
0.1274	0.1368	0.1443	0.2091	0.2655	0.2566	0.2852	0.2664	0.2913	0.2959	0.3102	0.3204	0.3418	0.3507	0.3774	0.4068	0.4412	0.4491	0.4815	0.5140	0.4952	0.4891	0.5033	0.4922	0.5161	0.4965	0.4797	0.5096	0.5323	0.5372	0.5930	0.5750	0.5810	0.5896	0.6102	0.6066	0.6080	0.6015	0.5945	0.5681	0.5409	0.5556	0.5499	0.5351	0.5457	0.5021	0.5358	0.5324	0.5224	0.5004	0.4976	0.4999	0.5338	0.4992	0.4750	0.4729	0.4822	0.4680	0.4226	0.3899	0.4126	0.4236	0.4029	0.3696	0.3634	0.3466	0.3412	0.3546	0.3833
0.1175	0.1454	0.1730	0.2004	0.2461	0.2651	0.2840	0.3134	0.3084	0.3227	0.3318	0.3281	0.3465	0.3834	0.3623	0.4239	0.4370	0.4622	0.4665	0.5265	0.5075	0.4595	0.4776	0.4798	0.4767	0.5288	0.4988	0.5240	0.5707	0.5950	0.6445	0.6280	0.6145	0.6695	0.6586	0.6523	0.6364	0.6358	0.6524	0.5914	0.5950	0.5738	0.5543	0.5580	0.5190	0.5231	0.5392	0.5049	0.5373	0.5474	0.5283	0.5212	0.5304	0.4965	0.4777	0.4681	0.4661	0.4675	0.4476	0.4248	0.4327	0.4501	0.4326	0.4042	0.3833	0.3734	0.4030	0.4337	0.4593
0.1274	0.1506	0.1685	0.1770	0.2200	0.2438	0.2867	0.3246	0.3293	0.3292	0.3535	0.3438	0.3733	0.4102	0.3919	0.4040	0.4225	0.4724	0.4615	0.5078	0.5167	0.4861	0.4864	0.4967	0.5233	0.5381	0.5442	0.5374	0.5698	0.6138	0.6416	0.6187	0.6112	0.6662	0.6843	0.6610	0.6668	0.6756	0.6919	0.6580	0.6475	0.6036	0.5842	0.5635	0.5354	0.5359	0.5288	0.5400	0.5078	0.5481	0.5160	0.5110	0.5199	0.5206	0.4907	0.4775	0.4845	0.4841	0.4665	0.4514	0.4285	0.4105	0.4201	0.4153	0.4305	0.4081	0.4103	0.4500	0.4299
0.1483	0.1643	0.1730	0.1909	0.2205	0.2949	0.3466	0.3367	0.3431	0.3483	0.3625	0.4189	0.4138	0.4484	0.4391	0.4557	0.4383	0.4546	0.4614	0.4853	0.4936	0.5124	0.4997	0.4805	0.5242	0.5298	0.5412	0.5726	0.6189	0.5881	0.6019	0.5774	0.6329	0.6627	0.6805	0.6310	0.6453	0.6640	0.6525	0.6677	0.6497	0.6271	0.6318	0.5871	0.5621	0.5176	0.5513	0.5537	0.5453	0.5369	0.5501	0.5340	0.5124	0.4814	0.4849	0.4843	0.4556	0.4801	0.4601	0.4356	0.4523	0.4635	0.4772	0.4658	0.4364	0.4008	0.4308	0.4510	0.4191
0.1530	0.1591	0.2086	0.2314	0.2540	0.3096	0.3550	0.3890	0.4036	0.4348	0.4523	0.5079	0.5191	0.5220	0.5140	0.5137	0.4927	0.4753	0.4748	0.4676	0.4932	0.5301	0.5026	0.5378	0.5163	0.5076	0.5346	0.5806	0.6286	0.6111	0.5935	0.6012	0.6483	0.6836	0.6461	0.6144	0.6438	0.6650	0.6578	0.6547	0.6843	0.6615	0.6148	0.6088	0.5703	0.5511	0.5685	0.5341	0.5821	0.5391	0.5343	0.5349	0.5094	0.4886	0.4735	0.4897	0.4794	0.5085	0.4895	0.4726	0.4796	0.4723	0.4875	0.4794	0.4335	0.4127	0.4328	0.4410	0.4338
0.1797	0.2264	0.2539	0.2801	0.3177	0.3314	0.3818	0.4480	0.4757	0.5052	0.5728	0.5946	0.6103	0.5730	0.6001	0.6149	0.5948	0.6105	0.5707	0.5225	0.4915	0.5099	0.5270	0.5514	0.5386	0.5502	0.5224	0.5649	0.6189	0.5668	0.6376	0.6363	0.6114	0.6468	0.6586	0.6062	0.6340	0.6676	0.6884	0.6898	0.6840	0.6265	0.6201	0.6182	0.6130	0.5709	0.5559	0.5410	0.5642	0.5399	0.5360	0.5686	0.5370	0.5360	0.5030	0.4863	0.4974	0.5216	0.5315	0.4937	0.5092	0.4791	0.4795	0.5115	0.5045	0.4488	0.4739	0.4624	0.4444
0.2128	0.2987	0.3374	0.4105	0.4314	0.4461	0.5046	0.5504	0.5573	0.5921	0.6417	0.6730	0.6372	0.6477	0.6615	0.6962	0.7187	0.7220	0.6652	0.5798	0.5248	0.5219	0.5304	0.4983	0.5410	0.5399	0.5319	0.5533	0.6033	0.5713	0.6127	0.6255	0.6522	0.6513	0.6716	0.6308	0.6617	0.7067	0.6924	0.6936	0.6955	0.6596	0.6493	0.6455	0.6283	0.5808	0.5742	0.5748	0.5557	0.5580	0.5648	0.5845	0.5695	0.5520	0.5185	0.5161	0.5061	0.5289	0.5248	0.5312	0.5695	0.5604	0.5236	0.4947	0.5128	0.4718	0.4446	0.4579	0.4334
0.1418	0.2285	0.3087	0.4248	0.4684	0.5644	0.6344	0.6438	0.6655	0.6799	0.6760	0.7321	0.7013	0.7485	0.7456	0.7703	0.7794	0.7948	0.7245	0.7376	0.6654	0.6129	0.5583	0.5194	0.5238	0.5063	0.5167	0.5377	0.5580	0.5968	0.6354	0.6268	0.6376	0.6648	0.6886	0.6898	0.7449	0.7195	0.7231	0.6846	0.6710	0.7008	0.6959	0.6739	0.6447	0.6221	0.6221	0.6384	0.6369	0.6055	0.5909	0.6208	0.6054	0.5782	0.5477	0.5107	0.5106	0.5504	0.5670	0.5646	0.5825	0.5327	0.4872	0.4527	0.5250	0.4618	0.4375	0.4115	0.2960
0.0556	0.0662	0.1035	0.1710	0.2383	0.2925	0.3264	0.3367	0.4077	0.4319	0.4742	0.5339	0.5512	0.6474	0.6970	0.8053	0.8261	0.8553	0.8122	0.8226	0.8325	0.7389	0.6736	0.6263	0.6252	0.5711	0.5539	0.5657	0.6367	0.6683	0.6918	0.7203	0.6945	0.6931	0.7047	0.7296	0.7654	0.7215	0.7176	0.7050	0.6976	0.6713	0.6894	0.6744	0.6786	0.6427	0.6583	0.6599	0.6482	0.6253	0.6102	0.6393	0.6118	0.5822	0.5672	0.5668	0.5370	0.5307	0.5490	0.4977	0.3601	0.3445	0.4343	0.4461	0.4754	0.4506	0.3837	0.2586	0.1856
0.0267	0.0285	0.0537	0.0785	0.0862	0.1067	0.1093	0.1340	0.1544	0.1573	0.1815	0.2135	0.2523	0.2923	0.3635	0.4627	0.5409	0.5601	0.5538	0.5834	0.7609	0.7448	0.7142	0.6890	0.7393	0.6685	0.6620	0.6712	0.7262	0.7625	0.7881	0.7547	0.7773	0.7914	0.7854	0.7836	0.7360	0.7492	0.7228	0.7076	0.6867	0.6678	0.6788	0.6529	0.6774	0.6882	0.7066	0.6911	0.6774	0.6396	0.6507	0.6424	0.6335	0.6232	0.5924	0.5827	0.5538	0.5188	0.5004	0.4418	0.2771	0.2337	0.2845	0.3046	0.3446	0.3946	0.3172	0.1996	0.1717
0.0186	0.0286	0.0478	0.0426	0.0527	0.0772	0.0777	0.0761	0.0932	0.1060	0.1083	0.1241	0.1428	0.1380	0.1618	0.1872	0.2049	0.2376	0.2712	0.2857	0.3675	0.4443	0.4982	0.5433	0.7187	0.7485	0.7485	0.7669	0.8156	0.8366	0.8166	0.7772	0.8015	0.8713	0.7967	0.7348	0.7592	0.7818	0.7429	0.7442	0.7675	0.7280	0.7188	0.7101	0.7259	0.7263	0.7602	0.7667	0.7314	0.7069	0.6731	0.6807	0.6771	0.6323	0.5929	0.6348	0.5954	0.5734	0.5350	0.4763	0.2691	0.1980	0.1966	0.2146	0.2124	0.2306	0.2158	0.1893	0.1842
0.0189	0.0241	0.0253	0.0374	0.0515	0.0617	0.0618	0.0561	0.0591	0.0752	0.0845	0.0831	0.0962	0.1011	0.1080	0.1246	0.1261	0.1403	0.1563	0.1791	0.1965	0.2077	0.2545	0.3004	0.3818	0.4654	0.5377	0.6148	0.6488	0.6440	0.6368	0.7270	0.7742	0.8199	0.8166	0.7847	0.8205	0.8199	0.8055	0.7901	0.8003	0.7821	0.7372	0.7505	0.7401	0.7084	0.6274	0.7087	0.7652	0.7354	0.6663	0.6859	0.6282	0.5472	0.3931	0.5744	0.6013	0.5913	0.5191	0.4903	0.2659	0.1757	0.1801	0.1897	0.1873	0.1936	0.1862	0.1853	0.2017
0.0201	0.0270	0.0433	0.0377	0.0424	0.0493	0.0612	0.0548	0.0555	0.0650	0.0702	0.0770	0.0901	0.0713	0.0819	0.0967	0.1038	0.1006	0.1110	0.1195	0.1197	0.1201	0.1405	0.1645	0.1698	0.1828	0.2080	0.2267	0.2672	0.2777	0.2947	0.3614	0.4405	0.5294	0.5989	0.7080	0.8311	0.7329	0.6491	0.6390	0.6308	0.7443	0.7637	0.7166	0.5729	0.5109	0.5789	0.6841	0.7298	0.6706	0.4887	0.6141	0.6540	0.4987	0.2779	0.2846	0.3641	0.5800	0.5790	0.4748	0.2476	0.1715	0.1750	0.1755	0.1720	0.1714	0.1640	0.1660	0.1717
0.0059	0.0257	0.0437	0.0357	0.0319	0.0524	0.0480	0.0412	0.0501	0.0646	0.0622	0.0683	0.0725	0.0631	0.0680	0.0826	0.0871	0.0904	0.0914	0.0788	0.0872	0.1004	0.1074	0.1155	0.1127	0.1236	0.1229	0.1398	0.1582	0.1664	0.1691	0.1804	0.1987	0.2234	0.2534	0.3518	0.5083	0.3527	0.3141	0.2834	0.2593	0.4382	0.4774	0.3845	0.3052	0.4510	0.5837	0.6360	0.6524	0.4833	0.2941	0.5162	0.5842	0.3362	0.1961	0.1943	0.2218	0.3615	0.4742	0.3823	0.2292	0.1729	0.1723	0.1668	0.1750	0.1612	0.1501	0.1474	0.1514
0.0023	0.0119	0.0303	0.0279	0.0163	0.0444	0.0576	0.0431	0.0422	0.0484	0.0555	0.0605	0.0629	0.0611	0.0585	0.0714	0.0783	0.0719	0.0759	0.0792	0.0856	0.0804	0.0912	0.1066	0.0923	0.1007	0.0994	0.1073	0.1244	0.1244	0.1237	0.1315	0.1325	0.1426	0.1548	0.1592	0.1829	0.1574	0.1514	0.1575	0.1604	0.1728	0.1831	0.1893	0.1947	0.2386	0.2442	0.2725	0.3427	0.2315	0.1899	0.2649	0.2500	0.1680	0.1489	0.1691	0.1642	0.1801	0.2093	0.2047	0.1640	0.1654	0.1627	0.1590	0.1517	0.1405	0.1490	0.1512	0.1522
0.0095	0.0000	0.0233	0.0258	0.0203	0.0207	0.0480	0.0555	0.0453	0.0414	0.0575	0.0598	0.0543	0.0671	0.0651	0.0609	0.0708	0.0720	0.0733	0.0806	0.0779	0.0763	0.0725	0.0784	0.0856	0.0955	0.0818	0.0951	0.1083	0.0995	0.1055	0.1058	0.1114	0.1048	0.1206	0.1213	0.1183	0.1157	0.1060	0.1167	0.1198	0.1183	0.1290	0.1324	0.1284	0.1324	0.1401	0.1433	0.1414	0.1426	0.1431	0.1384	0.1431	0.1441	0.1396	0.1457	0.1505	0.1446	0.1524	0.1544	0.1450	0.1462	0.1536	0.1485	0.1377	0.1392	0.1315	0.1499	0.1435
0.0129	0.0012	0.0156	0.0281	0.0353	0.0250	0.0375	0.0428	0.0404	0.0386	0.0508	0.0526	0.0574	0.0491	0.0513	0.0604	0.0624	0.0632	0.0553	0.0635	0.0737	0.0713	0.0765	0.0698	0.0819	0.0825	0.0736	0.0730	0.0886	0.0905	0.0786	0.0847	0.0841	0.0845	0.0929	0.0895	0.0846	0.0890	0.0930	0.0934	0.0907	0.0910	0.0973	0.1008	0.1040	0.1048	0.1049	0.1150	0.1168	0.1093	0.1045	0.1151	0.1180	0.1118	0.1091	0.1221	0.1186	0.1227	0.1326	0.1379	0.1257	0.1181	0.1284	0.1144	0.1149	0.1141	0.1157	0.1231	0.1357
0.0000	0.0000	0.0022	0.0167	0.0194	0.0159	0.0246	0.0352	0.0398	0.0302	0.0386	0.0453	0.0466	0.0490	0.0501	0.0573	0.0591	0.0582	0.0618	0.0589	0.0668	0.0721	0.0678	0.0572	0.0710	0.0634	0.0721	0.0756	0.0822	0.0770	0.0728	0.0670	0.0741	0.0735	0.0677	0.0789	0.0730	0.0758	0.0888	0.0864	0.0841	0.0849	0.0860	0.0848	0.0879	0.0901	0.0882	0.0870	0.0879	0.0857	0.0825	0.0886	0.0871	0.0819	0.0881	0.0948	0.0911	0.0963	0.0931	0.1077	0.1099	0.0953	0.0979	0.1040	0.1008	0.0954	0.1077	0.1084	0.1044
0.0000	0.0000	0.0126	0.0160	0.0109	0.0044	0.0264	0.0347	0.0271	0.0277	0.0361	0.0399	0.0422	0.0467	0.0497	0.0492	0.0543	0.0573	0.0593	0.0578	0.0595	0.0587	0.0607	0.0498	0.0630	0.0748	0.0737	0.0755	0.0636	0.0677	0.0663	0.0658	0.0764	0.0688	0.0733	0.0804	0.0790	0.0762	0.0723	0.0738	0.0802	0.0811	0.0773	0.0752	0.0729	0.0737	0.0723	0.0773	0.0804	0.0768	0.0693	0.0748	0.0719	0.0670	0.0792	0.0731	0.0695	0.0719	0.0738	0.0846	0.0884	0.0847	0.0707	0.0792	0.0884	0.0972	0.0889	0.0859	0.0878
0.0000	0.0000	0.0088	0.0090	0.0116	0.0093	0.0192	0.0262	0.0269	0.0184	0.0326	0.0274	0.0310	0.0436	0.0448	0.0453	0.0473	0.0590	0.0488	0.0493	0.0555	0.0574	0.0550	0.0475	0.0675	0.0679	0.0573	0.0626	0.0593	0.0653	0.0635	0.0648	0.0657	0.0667	0.0687	0.0727	0.0808	0.0749	0.0672	0.0624	0.0680	0.0666	0.0714	0.0641	0.0608	0.0661	0.0696	0.0697	0.0690	0.0667	0.0664	0.0738	0.0641	0.0663	0.0619	0.0568	0.0679	0.0670	0.0598	0.0690	0.0591	0.0638	0.0688	0.0663	0.0788	0.0805	0.0685	0.0750	0.0726
0.0000	0.0000	0.0046	0.0139	0.0039	0.0083	0.0152	0.0216	0.0229	0.0129	0.0190	0.0284	0.0332	0.0324	0.0347	0.0428	0.0412	0.0455	0.0355	0.0378	0.0441	0.0503	0.0483	0.0521	0.0639	0.0574	0.0519	0.0484	0.0561	0.0604	0.0564	0.0578	0.0561	0.0536	0.0552	0.0629	0.0631	0.0579	0.0657	0.0623	0.0616	0.0626	0.0627	0.0670	0.0632	0.0663	0.0599	0.0558	0.0623	0.0591	0.0533	0.0564	0.0572	0.0555	0.0539	0.0538	0.0603	0.0612	0.0602	0.0508	0.0570	0.0446	0.0400	0.0509	0.0539	0.0475	0.0439	0.0500	0.0528
0.0000	0.0000	0.0045	0.0000	0.0000	0.0001	0.0155	0.0102	0.0064	0.0118	0.0137	0.0259	0.0279	0.0225	0.0263	0.0443	0.0419	0.0350	0.0357	0.0296	0.0326	0.0299	0.0388	0.0528	0.0544	0.0467	0.0484	0.0480	0.0491	0.0543	0.0520	0.0585	0.0549	0.0557	0.0515	0.0473	0.0511	0.0622	0.0583	0.0536	0.0560	0.0583	0.0559	0.0559	0.0537	0.0552	0.0572	0.0552	0.0521	0.0527	0.0570	0.0580	0.0545	0.0499	0.0489	0.0535	0.0520	0.0560	0.0563	0.0506	0.0505	0.0402	0.0440	0.0450	0.0448	0.0494	0.0413	0.0438	0.0425
0.0000	0.0000	0.0025	0.0000	0.0000	0.0000	0.0048	0.0000	0.0123	0.0149	0.0131	0.0227	0.0252	0.0198	0.0262	0.0297	0.0399	0.0464	0.0241	0.0306	0.0402	0.0325	0.0323	0.0347	0.0453	0.0462	0.0583	0.0489	0.0498	0.0573	0.0501	0.0434	0.0517	0.0579	0.0512	0.0411	0.0524	0.0618	0.0610	0.0529	0.0586	0.0509	0.0531	0.0638	0.0515	0.0523	0.0566	0.0546	0.0474	0.0503	0.0605	0.0580	0.0482	0.0438	0.0471	0.0502	0.0483	0.0464	0.0476	0.0493	0.0401	0.0346	0.0391	0.0386	0.0334	0.0339	0.0355	0.0333	0.0308
0.0000	0.0000	0.0000	0.0000	0.0000	0.0000	0.0040	0.0021	0.0081	0.0123	0.0131	0.0123	0.0216	0.0324	0.0219	0.0205	0.0281	0.0350	0.0305	0.0351	0.0352	0.0290	0.0316	0.0404	0.0394	0.0433	0.0451	0.0460	0.0428	0.0572	0.0463	0.0390	0.0469	0.0480	0.0420	0.0436	0.0491	0.0571	0.0573	0.0575	0.0541	0.0525	0.0505	0.0509	0.0479	0.0536	0.0504	0.0509	0.0490	0.0485	0.0471	0.0487	0.0434	0.0409	0.0480	0.0503	0.0454	0.0395	0.0459	0.0358	0.0337	0.0314	0.0307	0.0358	0.0313	0.0286	0.0246	0.0227	0.0223
0.0000	0.0000	0.0000	0.0000	0.0041	0.0000	0.0000	0.0012	0.0087	0.0102	0.0182	0.0165	0.0092	0.0263	0.0169	0.0202	0.0218	0.0260	0.0264	0.0330	0.0275	0.0248	0.0256	0.0349	0.0403	0.0262	0.0293	0.0438	0.0415	0.0510	0.0426	0.0458	0.0429	0.0469	0.0433	0.0491	0.0435	0.0495	0.0388	0.0422	0.0436	0.0492	0.0498	0.0487	0.0473	0.0461	0.0478	0.0461	0.0504	0.0418	0.0367	0.0402	0.0429	0.0371	0.0428	0.0433	0.0363	0.0277	0.0346	0.0352	0.0327	0.0304	0.0206	0.0325	0.0283	0.0214	0.0248	0.0165	0.0177
0.0000	0.0000	0.0000	0.0000	0.0000	0.0000	0.0036	0.0066	0.0000	0.0069	0.0180	0.0125	0.0147	0.0129	0.0160	0.0158	0.0135	0.0178	0.0311	0.0303	0.0380	0.0295	0.0284	0.0317	0.0447	0.0261	0.0273	0.0439	0.0367	0.0412	0.0411	0.0428	0.0502	0.0464	0.0419	0.0446	0.0486	0.0505	0.0460	0.0424	0.0456	0.0446	0.0453	0.0500	0.0485	0.0418	0.0502	0.0450	0.0441	0.0373	0.0488	0.0525	0.0532	0.0396	0.0390	0.0429	0.0392	0.0311	0.0336	0.0415	0.0308	0.0278	0.0354	0.0361	0.0242	0.0290	0.0271	0.0187	0.0251
