0.0000	0.0000	0.0000	0.0000	0.0000	0.0000	0.0156	0.0077	0.0068	0.0059	0.0090	0.0191	0.0263	0.0137	0.0260	0.0390	0.0363	0.0262	0.0229	0.0418	0.0453	0.0399	0.0527	0.0586	0.0646	0.0654	0.0598	0.0563	0.0679	0.0671	0.0637	0.0818	0.0936	0.0793	0.0915	0.0891	0.0911	0.0855	0.1002	0.0875	0.1008	0.0932	0.1072	0.1002	0.1033	0.0852	0.0924	0.1000	0.1063	0.0902	0.0905	0.0814	0.0697	0.0734	0.0785	0.0653	0.0551	0.0708	0.0678	0.0568	0.0614	0.0568	0.0519	0.0568	0.0549	0.0459	0.0299	0.0394	0.0382
0.0000	0.0000	0.0127	0.0033	0.0000	0.0000	0.0113	0.0192	0.0174	0.0076	0.0177	0.0206	0.0244	0.0259	0.0212	0.0443	0.0375	0.0559	0.0336	0.0389	0.0392	0.0463	0.0614	0.0748	0.0580	0.0604	0.0659	0.0765	0.0839	0.0780	0.0783	0.0822	0.1039	0.0863	0.0837	0.0877	0.1057	0.1076	0.1092	0.1119	0.1147	0.1012	0.1018	0.1001	0.1057	0.0996	0.1010	0.1239	0.1191	0.0955	0.0926	0.0979	0.0631	0.0771	0.1000	0.0896	0.0886	0.0665	0.0686	0.0745	0.0616	0.0541	0.0597	0.0565	0.0593	0.0371	0.0381	0.0425	0.0401
0.0000	0.0038	0.0028	0.0052	0.0000	0.0000	0.0000	0.0128	0.0168	0.0126	0.0231	0.0223	0.0358	0.0436	0.0300	0.0325	0.0306	0.0454	0.0394	0.0373	0.0472	0.0554	0.0596	0.0634	0.0684	0.0744	0.0842	0.0812	0.0864	0.0837	0.0968	0.0869	0.0990	0.1191	0.1117	0.0998	0.1054	0.1100	0.1143	0.1024	0.1046	0.1199	0.1128	0.1129	0.1226	0.1172	0.1100	0.1113	0.1066	0.1008	0.1023	0.0987	0.0861	0.0803	0.0995	0.0866	0.1014	0.0806	0.0750	0.0865	0.0858	0.0621	0.0665	0.0629	0.0574	0.0565	0.0504	0.0573	0.0507
0.0000	0.0042	0.0009	0.0134	0.0097	0.0053	0.0163	0.0161	0.0128	0.0240	0.0215	0.0289	0.0403	0.0434	0.0313	0.0463	0.0437	0.0425	0.0507	0.0558	0.0669	0.0612	0.0567	0.0677	0.0767	0.0690	0.0829	0.0809	0.0689	0.0856	0.0935	0.0918	0.0983	0.1103	0.1284	0.1210	0.1033	0.1108	0.1084	0.1027	0.1057	0.0973	0.1230	0.1274	0.1123	0.1321	0.1226	0.1118	0.0931	0.1045	0.1130	0.1001	0.0971	0.0922	0.1019	0.0939	0.0905	0.0896	0.0851	0.0861	0.1037	0.0789	0.0824	0.0780	0.0688	0.0618	0.0635	0.0591	0.0655
0.0000	0.0000	0.0016	0.0056	0.0054	0.0203	0.0180	0.0196	0.0390	0.0180	0.0231	0.0352	0.0350	0.0445	0.0419	0.0572	0.0557	0.0559	0.0428	0.0558	0.0622	0.0517	0.0635	0.0800	0.0701	0.0804	0.0769	0.0740	0.0754	0.0772	0.1018	0.1004	0.0978	0.1179	0.1241	0.1218	0.1082	0.1037	0.1203	0.1095	0.1095	0.1114	0.1312	0.1237	0.1174	0.1372	0.1216	0.1126	0.1100	0.1147	0.1093	0.0936	0.1049	0.1069	0.0896	0.0897	0.0977	0.0953	0.0969	0.0936	0.1089	0.0844	0.0928	0.0824	0.0786	0.0754	0.0797	0.0828	0.0693
0.0000	0.0000	0.0093	0.0015	0.0070	0.0083	0.0115	0.0182	0.0368	0.0308	0.0270	0.0378	0.0441	0.0497	0.0457	0.0530	0.0682	0.0704	0.0457	0.0626	0.0640	0.0731	0.0733	0.0696	0.0894	0.0927	0.0802	0.0731	0.0944	0.1122	0.1010	0.0983	0.1156	0.1370	0.1414	0.1189	0.1169	0.1258	0.1184	0.1194	0.1270	0.1318	0.1227	0.1217	0.1317	0.1342	0.1191	0.1426	0.1393	0.1293	0.1159	0.1054	0.1286	0.1263	0.1182	0.1189	0.1143	0.0925	0.1007	0.0994	0.1047	0.0980	0.1101	0.1063	0.1001	0.0822	0.0843	0.0888	0.0769
0.0000	0.0000	0.0075	0.0179	0.0157	0.0158	0.0234	0.0187	0.0177	0.0338	0.0497	0.0454	0.0519	0.0525	0.0452	0.0617	0.0671	0.0570	0.0764	0.0645	0.0671	0.0840	0.0779	0.0684	0.1011	0.0945	0.0793	0.0834	0.1100	0.1145	0.0970	0.0917	0.1243	0.1557	0.1618	0.1352	0.1318	0.1511	0.1389	0.1446	0.1288	0.1327	0.1402	0.1368	0.1445	0.1527	0.1467	0.1746	0.1609	0.1322	0.1391	0.1584	0.1517	0.1391	0.1498	0.1412	0.1304	0.1068	0.1227	0.1172	0.1100	0.1216	0.1196	0.1237	0.1286	0.1071	0.0921	0.0836	0.0995
0.0000	0.0096	0.0107	0.0198	0.0175	0.0258	0.0437	0.0365	0.0343	0.0380	0.0516	0.0595	0.0571	0.0525	0.0475	0.0658	0.0718	0.0616	0.0733	0.0643	0.0710	0.0880	0.0776	0.0639	0.0906	0.0981	0.0920	0.0839	0.1168	0.1205	0.1137	0.1020	0.1339	0.1553	0.1660	0.1451	0.1376	0.1436	0.1490	0.1489	0.1568	0.1769	0.1820	0.1680	0.1628	0.1863	0.1776	0.1814	0.1758	0.1730	0.1612	0.1521	0.1605	0.1497	0.1622	0.1509	0.1367	0.1318	0.1470	0.1254	0.1407	0.1262	0.1300	0.1306	0.1451	0.1140	0.1113	0.1143	0.1179
0.0011	0.0194	0.0165	0.0199	0.0193	0.0305	0.0392	0.0459	0.0423	0.0402	0.0453	0.0555	0.0648	0.0561	0.0432	0.0563	0.0665	0.0750	0.0813	0.0714	0.0982	0.1000	0.0874	0.0776	0.0891	0.0905	0.0986	0.0844	0.1043	0.1226	0.1087	0.1101	0.1532	0.1599	0.1816	0.1635	0.1635	0.1561	0.1647	0.1783	0.1732	0.1930	0.1898	0.1871	0.2076	0.2299	0.2138	0.2213	0.2118	0.2151	0.2195	0.2022	0.1974	0.1965	0.1984	0.1922	0.1821	0.1681	0.1757	0.1533	0.1640	0.1463	0.1418	0.1442	0.1547	0.1288	0.1317	0.1435	0.1407
0.0000	0.0138	0.0158	0.0242	0.0249	0.0461	0.0526	0.0628	0.0511	0.0493	0.0607	0.0540	0.0660	0.0587	0.0574	0.0660	0.0830	0.0813	0.0909	0.0835	0.0937	0.0890	0.0943	0.0919	0.0964	0.1175	0.1210	0.1167	0.1163	0.1132	0.1141	0.1265	0.1663	0.2663	0.2476	0.1697	0.1727	0.2107	0.2059	0.2095	0.2090	0.2034	0.2290	0.2626	0.3134	0.4164	0.4075	0.3510	0.3519	0.3176	0.2708	0.2374	0.2717	0.2727	0.2369	0.2196	0.2318	0.2402	0.1774	0.1746	0.1927	0.1827	0.1800	0.1681	0.1651	0.1620	0.1428	0.1498	0.1497
0.0053	0.0101	0.0084	0.0156	0.0184	0.0361	0.0345	0.0654	0.0589	0.0501	0.0592	0.0472	0.0614	0.0634	0.0685	0.0750	0.0909	0.0775	0.0755	0.0898	0.1003	0.0886	0.1040	0.1024	0.1073	0.1223	0.1118	0.1066	0.1255	0.1313	0.1441	0.1922	0.2389	0.5863	0.5687	0.2583	0.2433	0.2360	0.2460	0.2572	0.2655	0.2838	0.3368	0.4609	0.5900	0.7726	0.7535	0.7096	0.6568	0.6091	0.4033	0.3315	0.4014	0.4613	0.3691	0.2831	0.2841	0.2371	0.2082	0.2100	0.2224	0.1941	0.1978	0.1961	0.1759	0.1766	0.1540	0.1655	0.1498
0.0110	0.0172	0.0216	0.0350	0.0302	0.0353	0.0352	0.0464	0.0475	0.0484	0.0666	0.0594	0.0564	0.0680	0.0728	0.0825	0.0945	0.1022	0.0896	0.0835	0.1009	0.1114	0.1121	0.1128	0.1222	0.1088	0.1289	0.1224	0.1567	0.1674	0.1864	0.2428	0.3205	0.6932	0.9045	0.5389	0.3807	0.3299	0.3419	0.3794	0.3864	0.3957	0.5011	0.7211	0.7843	0.8114	0.8145	0.7643	0.7295	0.7442	0.6005	0.5085	0.5940	0.6456	0.5447	0.5154	0.4294	0.2978	0.2500	0.2448	0.2288	0.2029	0.2009	0.2361	0.2081	0.1747	0.1616	0.1782	0.1723
0.0224	0.0297	0.0342	0.0394	0.0401	0.0229	0.0384	0.0409	0.0501	0.0633	0.0642	0.0631	0.0785	0.0703	0.0843	0.0905	0.1098	0.1046	0.1012	0.1080	0.1152	0.1329	0.1296	0.1330	0.1541	0.1713	0.1738	0.1674	0.2105	0.2276	0.2790	0.3454	0.4381	0.7342	0.9736	0.8244	0.7039	0.5305	0.5170	0.6295	0.6923	0.6424	0.5682	0.7643	0.8067	0.7756	0.7521	0.7463	0.7761	0.7754	0.7034	0.6276	0.6827	0.6943	0.6072	0.5710	0.5698	0.4537	0.3526	0.2939	0.2302	0.2529	0.2512	0.2507	0.2514	0.2308	0.2146	0.2334	0.2137
0.0154	0.0257	0.0330	0.0331	0.0366	0.0420	0.0506	0.0474	0.0453	0.0579	0.0729	0.0802	0.0929	0.0832	0.0841	0.0926	0.1199	0.1147	0.1210	0.1342	0.1495	0.1512	0.1580	0.1743	0.2007	0.2095	0.2138	0.2665	0.2960	0.3303	0.3843	0.4584	0.6544	0.9311	1.0000	0.9505	0.9960	0.8567	0.8233	0.8525	0.8937	0.8120	0.7498	0.8086	0.7493	0.7278	0.7256	0.7136	0.6979	0.7005	0.7478	0.7019	0.6853	0.6508	0.6237	0.5748	0.5829	0.5458	0.4916	0.3397	0.2585	0.2636	0.2717	0.2733	0.2646	0.2354	0.2485	0.2291	0.2362
0.0132	0.0257	0.0354	0.0439	0.0369	0.0532	0.0797	0.0674	0.0608	0.0746	0.1002	0.1058	0.1199	0.1084	0.1165	0.1116	0.1365	0.1542	0.1640	0.1667	0.1887	0.1910	0.2037	0.2474	0.2547	0.2680	0.2824	0.3415	0.3824	0.4464	0.4839	0.5966	0.8627	0.9977	0.9452	0.9318	0.9301	0.8861	0.9029	0.8789	0.8434	0.8575	0.8455	0.8015	0.7338	0.7073	0.7042	0.7140	0.7166	0.6873	0.6893	0.6827	0.6494	0.5718	0.5738	0.6030	0.6066	0.5763	0.5028	0.4156	0.3838	0.3562	0.3415	0.2872	0.2648	0.2532	0.2481	0.2281	0.2941
0.0180	0.0218	0.0427	0.0529	0.0734	0.0658	0.0689	0.0873	0.0949	0.1038	0.1177	0.1187	0.1448	0.1311	0.1693	0.1721	0.1985	0.2034	0.2161	0.2213	0.2455	0.2700	0.2597	0.3073	0.3117	0.3382	0.3689	0.3958	0.4643	0.5640	0.7077	0.8653	0.9335	0.9761	0.8801	0.8724	0.8578	0.8288	0.8274	0.7754	0.8140	0.7640	0.7763	0.7374	0.7279	0.7334	0.7040	0.7123	0.7030	0.6965	0.6550	0.6731	0.6201	0.5368	0.5524	0.6416	0.5854	0.5339	0.5429	0.5374	0.5094	0.4380	0.4295	0.3438	0.3025	0.2833	0.2654	0.2775	0.3432
0.0455	0.0453	0.0534	0.0728	0.0801	0.0919	0.1112	0.1292	0.1333	0.1514	0.1732	0.1799	0.2311	0.2179	0.2322	0.2472	0.2610	0.2689	0.2641	0.2820	0.3353	0.3391	0.3346	0.3744	0.4485	0.4853	0.5224	0.5490	0.5697	0.7399	0.8451	0.8885	0.8798	0.8089	0.8332	0.7895	0.8695	0.8474	0.8269	0.7241	0.7365	0.7518	0.8102	0.8042	0.7431	0.6699	0.6776	0.7008	0.6097	0.6394	0.6585	0.6875	0.6206	0.5799	0.5939	0.5701	0.5287	0.5341	0.5141	0.5581	0.4979	0.4511	0.4388	0.3818	0.3102	0.2693	0.2571	0.2671	0.3204
0.0455	0.0747	0.1039	0.1250	0.1171	0.1866	0.2218	0.2525	0.2817	0.2482	0.2950	0.3272	0.3534	0.3647	0.3908	0.4145	0.3936	0.3690	0.3720	0.3515	0.4144	0.4248	0.4196	0.4893	0.6166	0.6486	0.6646	0.6749	0.6433	0.7281	0.7900	0.7931	0.7350	0.7387	0.7636	0.7363	0.7360	0.7312	0.7328	0.7481	0.6845	0.6923	0.7236	0.7510	0.6936	0.6419	0.7057	0.6750	0.6816	0.6905	0.6207	0.6362	0.6083	0.6039	0.5573	0.5322	0.5126	0.5004	0.4984	0.4623	0.4654	0.4531	0.4075	0.4051	0.3799	0.2700	0.2672	0.2782	0.2969
0.0839	0.1531	0.2076	0.2924	0.3257	0.4205	0.4946	0.4826	0.4908	0.4965	0.5210	0.5593	0.6408	0.6239	0.6227	0.6841	0.6885	0.5962	0.5806	0.5029	0.4770	0.5594	0.5784	0.6122	0.6496	0.6267	0.6924	0.6002	0.6260	0.6793	0.6738	0.6647	0.6795	0.6988	0.6953	0.6824	0.6514	0.6765	0.6692	0.6842	0.6563	0.6428	0.6998	0.6676	0.6636	0.6852	0.6634	0.6339	0.6565	0.6600	0.6466	0.6110	0.5833	0.6090	0.5705	0.5294	0.4787	0.4419	0.4759	0.4741	0.4715	0.4283	0.4197	0.4010	0.3867	0.3399	0.3062	0.3122	0.3196
0.1576	0.2631	0.3336	0.4180	0.4548	0.4685	0.5239	0.5108	0.5242	0.5095	0.5005	0.5455	0.6521	0.6014	0.6290	0.6473	0.6746	0.7178	0.6645	0.6466	0.6150	0.6596	0.6156	0.6081	0.6089	0.5574	0.5855	0.6032	0.6088	0.6266	0.6318	0.6240	0.6264	0.6470	0.6156	0.6380	0.6087	0.6205	0.6266	0.6019	0.6202	0.6413	0.6448	0.6207	0.6782	0.6203	0.6133	0.6348	0.6512	0.6212	0.5993	0.5701	0.5568	0.5556	0.5558	0.5078	0.4816	0.4602	0.4437	0.4493	0.4575	0.4078	0.4074	0.4001	0.3663	0.3850	0.3780	0.3334	0.3204
0.1607	0.2406	0.2521	0.2669	0.2778	0.3101	0.3349	0.3388	0.3562	0.3680	0.4165	0.4460	0.5719	0.5498	0.5338	0.5813	0.6326	0.6632	0.6159	0.6038	0.6069	0.5628	0.5566	0.5308	0.5308	0.5628	0.4917	0.5391	0.5653	0.5442	0.5949	0.6007	0.6115	0.6134	0.6365	0.6694	0.6445	0.6335	0.6220	0.6059	0.5942	0.5807	0.6091	0.6190	0.6115	0.5921	0.6303	0.6109	0.5965	0.6082	0.5962	0.5567	0.5173	0.5498	0.5280	0.5017	0.4903	0.4596	0.4520	0.4173	0.4223	0.4257	0.4055	0.3849	0.3954	0.3490	0.3574	0.3482	0.3241
0.1466	0.1834	0.1998	0.2247	0.2118	0.2228	0.2531	0.2732	0.3011	0.3340	0.3734	0.3933	0.5013	0.5505	0.5127	0.5537	0.6492	0.6427	0.6014	0.6026	0.5817	0.5538	0.5485	0.4829	0.4775	0.5159	0.4718	0.4888	0.5244	0.5351	0.5636	0.5855	0.6038	0.5985	0.6298	0.6328	0.6317	0.6667	0.6171	0.6261	0.6375	0.5864	0.5824	0.6332	0.6176	0.5988	0.5969	0.6033	0.5584	0.5832	0.6273	0.5783	0.5340	0.5300	0.5030	0.5119	0.5177	0.4757	0.4281	0.4298	0.4323	0.4100	0.3592	0.3694	0.3849	0.3645	0.3510	0.3330	0.3237
0.1201	0.1650	0.1743	0.1873	0.2052	0.2173	0.2518	0.2572	0.2990	0.2853	0.3285	0.3745	0.4547	0.4899	0.5079	0.5780	0.6243	0.5869	0.5687	0.5649	0.5478	0.5330	0.4849	0.4708	0.4624	0.4519	0.4733	0.5008	0.5465	0.5505	0.5360	0.5739	0.5989	0.6297	0.6177	0.6081	0.6342	0.6334	0.6171	0.5780	0.6004	0.6102	0.5758	0.5845	0.6332	0.6345	0.6140	0.6170	0.5569	0.5664	0.5859	0.5855	0.5952	0.5428	0.5246	0.5372	0.5141	0.4677	0.4270	0.4311	0.4169	0.3937	0.3730	0.3639	0.3622	0.3559	0.3306	0.3333	0.3189
0.1265	0.1671	0.1718	0.2076	0.1957	0.2102	0.2791	0.2872	0.2819	0.2708	0.3084	0.3511	0.3761	0.4425	0.4553	0.4980	0.5508	0.5687	0.5675	0.5075	0.4919	0.4967	0.4599	0.4328	0.4870	0.4677	0.4839	0.5242	0.5224	0.5320	0.5446	0.5728	0.6027	0.6382	0.6302	0.6301	0.6379	0.5960	0.5950	0.6056	0.6026	0.5871	0.5942	0.6039	0.5954	0.6152	0.6589	0.6254	0.5854	0.5828	0.5550	0.5520	0.5777	0.5231	0.5041	0.5217	0.5244	0.4569	0.4561	0.4173	0.4222	0.4021	0.4006	0.3477	0.3245	0.3478	0.3164	0.3185	0.3160
0.1433	0.1547	0.1627	0.2153	0.2206	0.2332	0.2590	0.2945	0.2947	0.3006	0.3201	0.3491	0.3860	0.4167	0.4246	0.4139	0.4632	0.4979	0.4933	0.4763	0.4291	0.4435	0.4399	0.4690	0.4978	0.4867	0.4851	0.5041	0.5491	0.5525	0.5358	0.5768	0.5993	0.6208	0.6248	0.6216	0.6670	0.5981	0.6134	0.6131	0.6150	0.6294	0.6069	0.5636	0.5916	0.6077	0.6249	0.6118	0.5954	0.5710	0.5514	0.5260	0.5177	0.5304	0.5125	0.5029	0.4708	0.4616	0.4498	0.4283	0.4211	0.3975	0.3998	0.3485	0.3347	0.3589	0.3121	0.3081	0.2861
0.1723	0.1664	0.1670	0.2124	0.2370	0.2422	0.2545	0.2851	0.3100	0.3163	0.3279	0.3479	0.3648	0.3638	0.3990	0.4053	0.4551	0.4329	0.4182	0.4292	0.4335	0.4245	0.4192	0.4595	0.4754	0.4613	0.4982	0.5241	0.5322	0.5613	0.5917	0.5799	0.5843	0.6047	0.5990	0.6108	0.6482	0.6223	0.6108	0.6115	0.6314	0.6263	0.5818	0.5917	0.6226	0.6344	0.6207	0.6085	0.6377	0.5850	0.5800	0.5607	0.4940	0.5185	0.5198	0.5207	0.4846	0.4699	0.4563	0.4422	0.4271	0.3966	0.3696	0.3494	0.3465	0.3368	0.3134	0.3119	0.2954
0.1682	0.1675	0.1809	0.2347	0.2470	0.2380	0.2629	0.2878	0.2839	0.2902	0.3100	0.3374	0.3644	0.3698	0.3797	0.3940	0.3960	0.3802	0.4349	0.4471	0.4454	0.4441	0.4476	0.4775	0.4678	0.4912	0.4997	0.5096	0.5228	0.5865	0.5507	0.5891	0.6234	0.6175	0.5849	0.5652	0.5984	0.5973	0.6223	0.6161	0.6424	0.5784	0.6013	0.5848	0.6522	0.6031	0.5557	0.5572	0.5911	0.5904	0.5856	0.5533	0.4938	0.5044	0.4995	0.4965	0.4790	0.4418	0.4204	0.4371	0.4118	0.3871	0.3850	0.3603	0.3540	0.3219	0.2947	0.3070	0.3012
0.1582	0.1783	0.1762	0.2166	0.2548	0.2440	0.2848	0.2726	0.2843	0.3078	0.3180	0.3319	0.3566	0.3825	0.3721	0.3865	0.3632	0.3634	0.4127	0.4279	0.4184	0.4566	0.4290	0.4722	0.4894	0.5062	0.4791	0.4997	0.5413	0.5399	0.5685	0.5829	0.5878	0.6033	0.5673	0.5853	0.5902	0.5653	0.6116	0.5999	0.6302	0.6178	0.6127	0.5650	0.5928	0.5710	0.5760	0.5686	0.5736	0.5519	0.5792	0.5427	0.5178	0.5306	0.4981	0.4845	0.4843	0.4508	0.4039	0.4304	0.4227	0.4081	0.4136	0.3733	0.3401	0.3313	0.3091	0.3079	0.2958
0.1587	0.1631	0.1865	0.2241	0.2537	0.2699	0.3177	0.2935	0.2891	0.3029	0.3073	0.3300	0.3455	0.3604	0.4037	0.4082	0.3727	0.3875	0.4291	0.4298	0.4268	0.4277	0.4273	0.4522	0.4700	0.4426	0.4832	0.5194	0.5515	0.5304	0.5897	0.5935	0.5885	0.5931	0.5871	0.6041	0.6104	0.6014	0.6131	0.5938	0.5931	0.6103	0.6004	0.5886	0.5596	0.5552	0.5531	0.5749	0.5677	0.5303	0.5370	0.4915	0.4896	0.4961	0.5019	0.5011	0.4721	0.4545	0.3988	0.4161	0.4038	0.3975	0.3889	0.3596	0.3550	0.3332	0.3099	0.2961	0.2876
0.1713	0.1666	0.1953	0.2508	0.2750	0.2860	0.2810	0.2912	0.3078	0.2983	0.3383	0.3437	0.3683	0.3877	0.3636	0.3959	0.4026	0.4326	0.4381	0.4558	0.4405	0.4398	0.4511	0.4776	0.4592	0.4394	0.4807	0.5328	0.5533	0.5736	0.5695	0.5865	0.6416	0.6042	0.5855	0.5986	0.6160	0.6267	0.5949	0.6090	0.6054	0.5883	0.5842	0.5828	0.5396	0.5308	0.5538	0.5658	0.5411	0.5541	0.5178	0.4943	0.4945	0.4719	0.5251	0.5152	0.4521	0.4388	0.4048	0.4220	0.4186	0.4007	0.3800	0.3755	0.3654	0.3461	0.3276	0.3251	0.3132
0.1503	0.1614	0.2051	0.2373	0.2429	0.2832	0.2637	0.2882	0.3135	0.3256	0.3495	0.3351	0.3593	0.3550	0.3780	0.3944	0.4017	0.4230	0.4325	0.4452	0.4549	0.4769	0.4487	0.4666	0.4666	0.4758	0.4488	0.4750	0.5179	0.5320	0.5551	0.5859	0.6132	0.5977	0.6404	0.6493	0.6210	0.5999	0.5853	0.5891	0.5695	0.5965	0.5833	0.6001	0.5564	0.5389	0.5613	0.5509	0.5268	0.5704	0.5492	0.5557	0.5556	0.4984	0.4876	0.4901	0.4752	0.4451	0.4250	0.4333	0.4231	0.4022	0.3796	0.3764	0.3774	0.3464	0.3290	0.3359	0.3048
0.1243	0.1342	0.1669	0.2197	0.2331	0.2325	0.2682	0.2858	0.3129	0.3081	0.3149	0.3318	0.3424	0.3388	0.3754	0.3907	0.4195	0.4293	0.4225	0.4427	0.4627	0.4481	0.4327	0.4482	0.4829	0.4537	0.4582	0.4984	0.5240	0.5337	0.5793	0.5923	0.6102	0.5762	0.6478	0.6250	0.6289	0.6285	0.6351	0.6148	0.6179	0.6236	0.6176	0.5830	0.5985	0.5845	0.5923	0.6062	0.5462	0.5439	0.5680	0.5480	0.5295	0.5375	0.5105	0.4888	0.4920	0.4731	0.4223	0.4316	0.4621	0.4219	0.4131	0.3889	0.3613	0.3364	0.3310	0.3478	0.3223
0.1494	0.1555	0.1717	0.2019	0.2265	0.2346	0.3049	0.2858	0.2965	0.2975	0.3275	0.3647	0.3619	0.3552	0.3831	0.4128	0.4241	0.4141	0.4410	0.4633	0.4746	0.4701	0.4480	0.4695	0.5022	0.4705	0.4762	0.5071	0.5241	0.5373	0.5800	0.6230	0.6004	0.6056	0.6555	0.6416	0.6843	0.6437	0.6433	0.6152	0.6488	0.6494	0.6038	0.6232	0.6274	0.5912	0.6325	0.6137	0.5935	0.5878	0.5661	0.5227	0.5556	0.5386	0.5099	0.5040	0.4949	0.4609	0.4155	0.4066	0.4261	0.4180	0.4110	0.3893	0.3820	0.3571	0.3362	0.3392	0.3363
0.1200	0.1307	0.2025	0.2176	0.2420	0.2459	0.2836	0.3186	0.3340	0.3370	0.3379	0.3590	0.3846	0.4357	0.4416	0.4695	0.4270	0.4133	0.4439	0.4790	0.4621	0.4486	0.4402	0.4333	0.4760	0.5028	0.4697	0.5075	0.5288	0.5496	0.5890	0.6129	0.6296	0.6614	0.6568	0.6666	0.6597	0.6420	0.6648	0.6316	0.6480	0.6692	0.6311	0.6789	0.6168	0.6582	0.6779	0.6332	0.6080	0.6273	0.5869	0.5179	0.5364	0.5318	0.4900	0.4962	0.5020	0.4829	0.4588	0.4251	0.4295	0.4371	0.4168	0.4046	0.3789	0.3835	0.3885	0.3617	0.3451
0.1267	0.1454	0.1856	0.1896	0.2541	0.2582	0.2822	0.3263	0.3159	0.2841	0.3375	0.3819	0.4352	0.5045	0.5084	0.5021	0.5228	0.5098	0.4701	0.4591	0.4943	0.4670	0.4495	0.4581	0.4849	0.5103	0.4964	0.4922	0.5097	0.5733	0.5797	0.5781	0.6138	0.6268	0.6528	0.6609	0.6378	0.6438	0.6625	0.6262	0.6196	0.6477	0.6614	0.6355	0.6496	0.6784	0.6500	0.6526	0.6170	0.6715	0.6197	0.5440	0.5684	0.5694	0.5103	0.5145	0.5190	0.4754	0.4639	0.4520	0.4453	0.4362	0.4325	0.4130	0.4093	0.4355	0.4207	0.3889	0.3543
0.1483	0.1543	0.2003	0.2124	0.2377	0.2901	0.3067	0.3519	0.3367	0.3407	0.3746	0.4393	0.4871	0.5499	0.5611	0.5669	0.5433	0.5655	0.5240	0.5307	0.4953	0.4750	0.4570	0.4648	0.4609	0.4700	0.4846	0.5052	0.5474	0.5505	0.5581	0.5721	0.5910	0.6446	0.6514	0.6502	0.6420	0.6392	0.6245	0.6311	0.6255	0.6356	0.6815	0.6529	0.6568	0.6711	0.7094	0.6871	0.6875	0.6864	0.6614	0.6065	0.5774	0.5523	0.5160	0.5323	0.4710	0.4705	0.4763	0.4628	0.4541	0.4490	0.4626	0.4556	0.4126	0.4046	0.4181	0.4157	0.3889
0.1444	0.1465	0.2178	0.2298	0.2715	0.3161	0.3612	0.4060	0.3912	0.4292	0.4496	0.4755	0.5396	0.5678	0.5779	0.6026	0.6368	0.6273	0.6201	0.6050	0.5742	0.5418	0.4558	0.4773	0.4652	0.4774	0.4781	0.5212	0.5905	0.5729	0.5551	0.5853	0.6205	0.6563	0.6272	0.6299	0.6294	0.6283	0.5971	0.5996	0.6261	0.6617	0.6159	0.6752	0.6745	0.6567	0.6807	0.6804	0.7009	0.6956	0.6302	0.6114	0.5888	0.5524	0.5224	0.5315	0.4929	0.4976	0.4937	0.4563	0.4558	0.4383	0.4488	0.4478	0.4418	0.4249	0.4157	0.4111	0.3830
0.1855	0.2014	0.2634	0.2790	0.3138	0.3392	0.4101	0.4074	0.4522	0.4640	0.4959	0.5434	0.5913	0.5854	0.6383	0.6297	0.6874	0.7287	0.7097	0.6908	0.6451	0.6347	0.5960	0.5531	0.4878	0.5007	0.5067	0.5329	0.5695	0.5395	0.5834	0.6202	0.6053	0.6225	0.6460	0.6359	0.6424	0.6465	0.6398	0.6230	0.6328	0.6332	0.6566	0.6779	0.7038	0.7011	0.7092	0.7124	0.7067	0.6878	0.6632	0.6458	0.6021	0.6122	0.5542	0.5407	0.5518	0.5147	0.5116	0.4682	0.4703	0.4895	0.4904	0.4615	0.4611	0.4514	0.4566	0.4255	0.4072
0.2285	0.3130	0.3450	0.3880	0.4328	0.4450	0.4877	0.4999	0.5370	0.5290	0.5759	0.6042	0.6609	0.6888	0.6808	0.7246	0.8061	0.7806	0.7215	0.7287	0.7119	0.7271	0.7040	0.6262	0.5696	0.5038	0.5210	0.5070	0.5388	0.5646	0.5817	0.6080	0.6235	0.6407	0.6698	0.6598	0.6474	0.6370	0.6372	0.6204	0.6311	0.6820	0.7001	0.7196	0.6975	0.7111	0.7032	0.6768	0.6994	0.6683	0.6592	0.6677	0.6119	0.6001	0.5622	0.5686	0.5484	0.5334	0.5057	0.5199	0.5461	0.5348	0.5246	0.5211	0.4937	0.4615	0.4599	0.4452	0.4222
0.1407	0.2340	0.3154	0.4210	0.4872	0.5283	0.5406	0.5551	0.5881	0.5922	0.5780	0.6381	0.6308	0.6910	0.7005	0.7006	0.7290	0.7806	0.8287	0.9174	0.8117	0.7852	0.7510	0.7134	0.6514	0.6092	0.5931	0.5408	0.6029	0.6057	0.6199	0.6024	0.6318	0.6746	0.6549	0.6316	0.6529	0.6464	0.6445	0.6440	0.6757	0.7420	0.7389	0.7609	0.7567	0.7407	0.7324	0.6853	0.7009	0.7093	0.6906	0.6656	0.6612	0.6157	0.5849	0.5575	0.5627	0.5714	0.5907	0.5978	0.6124	0.5757	0.5454	0.5493	0.4873	0.4611	0.4676	0.4503	0.4313
0.0495	0.0717	0.1236	0.1780	0.2258	0.2371	0.2847	0.3084	0.2983	0.3099	0.3633	0.3906	0.3747	0.4253	0.4486	0.4342	0.4500	0.5227	0.6669	0.8583	0.8353	0.8704	0.8297	0.7834	0.7440	0.6867	0.6677	0.6280	0.7336	0.7097	0.7329	0.7096	0.6744	0.6690	0.6923	0.6786	0.6860	0.6928	0.6931	0.6860	0.7385	0.7221	0.7712	0.7736	0.7699	0.7379	0.7625	0.7338	0.7120	0.6936	0.6595	0.6683	0.6522	0.6417	0.5958	0.6242	0.6126	0.6013	0.5925	0.6163	0.5976	0.5872	0.5650	0.5347	0.4962	0.4455	0.4454	0.4336	0.4003
0.0333	0.0581	0.0704	0.0661	0.0683	0.0771	0.1014	0.1167	0.1361	0.1402	0.1725	0.1917	0.2050	0.2234	0.2390	0.2462	0.2728	0.2923	0.3321	0.4286	0.4846	0.6395	0.8058	0.8866	0.8234	0.7383	0.6767	0.7143	0.8255	0.8278	0.8123	0.8210	0.8173	0.8060	0.7867	0.7956	0.7523	0.7709	0.7494	0.7435	0.7760	0.7482	0.7482	0.7485	0.7515	0.7673	0.8171	0.7552	0.7203	0.7113	0.7425	0.7035	0.6794	0.6482	0.6371	0.6581	0.6465	0.6314	0.6129	0.6310	0.6153	0.6009	0.5896	0.5561	0.5136	0.4686	0.4489	0.4220	0.3706
0.0166	0.0313	0.0553	0.0473	0.0497	0.0629	0.0624	0.0657	0.0877	0.1047	0.0988	0.1114	0.1261	0.1224	0.1413	0.1691	0.1784	0.1843	0.2010	0.2174	0.2438	0.3076	0.4116	0.5743	0.5835	0.4566	0.4434	0.5287	0.7550	0.8792	0.8356	0.8260	0.8972	0.9292	0.8890	0.8271	0.8131	0.8715	0.8086	0.7920	0.8472	0.7981	0.8049	0.7924	0.7846	0.7893	0.8382	0.8092	0.7647	0.7919	0.7584	0.7354	0.7007	0.7103	0.7212	0.7387	0.7465	0.7350	0.6636	0.6871	0.6438	0.6053	0.6020	0.5921	0.5091	0.5033	0.4893	0.4275	0.3746
0.0273	0.0113	0.0282	0.0331	0.0484	0.0628	0.0631	0.0583	0.0600	0.0788	0.0871	0.0875	0.0900	0.0796	0.0902	0.1147	0.1182	0.1254	0.1336	0.1519	0.1673	0.1758	0.1873	0.2342	0.2471	0.2277	0.2515	0.2862	0.3745	0.4964	0.4985	0.5502	0.6884	0.8127	0.8788	0.8582	0.8684	0.8292	0.8011	0.8069	0.8412	0.8706	0.8299	0.8481	0.8636	0.8602	0.8424	0.8284	0.8376	0.8409	0.7890	0.7587	0.7113	0.7171	0.7257	0.7790	0.7787	0.7546	0.6744	0.6752	0.6723	0.6202	0.6144	0.5604	0.4567	0.5131	0.4859	0.4375	0.4085
0.0115	0.0086	0.0370	0.0385	0.0522	0.0510	0.0586	0.0552	0.0532	0.0661	0.0819	0.0762	0.0815	0.0771	0.0796	0.0884	0.0883	0.1001	0.1018	0.1003	0.1221	0.1111	0.1248	0.1616	0.1644	0.1545	0.1804	0.1695	0.2012	0.2166	0.2308	0.2682	0.3119	0.3879	0.4438	0.4413	0.4373	0.4516	0.4481	0.4909	0.5417	0.5797	0.6530	0.7378	0.8675	0.9008	0.8653	0.8834	0.8499	0.8191	0.8091	0.7630	0.6824	0.6050	0.7410	0.7647	0.7054	0.6877	0.6576	0.6217	0.5849	0.5923	0.5783	0.5019	0.3224	0.3901	0.4707	0.4475	0.3873
0.0017	0.0103	0.0334	0.0340	0.0374	0.0494	0.0581	0.0535	0.0546	0.0450	0.0598	0.0659	0.0749	0.0554	0.0733	0.0790	0.0836	0.0867	0.0901	0.0939	0.0924	0.0930	0.1021	0.1116	0.1213	0.1149	0.1268	0.1286	0.1408	0.1526	0.1601	0.1681	0.1790	0.1774	0.1977	0.1970	0.2086	0.2280	0.2372	0.2431	0.2582	0.3232	0.3752	0.5519	0.8481	0.9082	0.8611	0.8399	0.7150	0.5490	0.6036	0.5736	0.4720	0.5488	0.7530	0.7305	0.7145	0.6782	0.6281	0.5647	0.5746	0.6231	0.5711	0.4016	0.2530	0.2725	0.4062	0.4386	0.3861
0.0114	0.0139	0.0256	0.0349	0.0370	0.0411	0.0478	0.0587	0.0535	0.0467	0.0620	0.0647	0.0676	0.0638	0.0553	0.0728	0.0842	0.0754	0.0802	0.0936	0.0870	0.0798	0.0909	0.0953	0.0956	0.0949	0.1022	0.1103	0.1092	0.1135	0.1172	0.1195	0.1199	0.1341	0.1472	0.1481	0.1594	0.1601	0.1609	0.1750	0.1942	0.2235	0.2678	0.4672	0.7087	0.7037	0.6811	0.5439	0.3703	0.2523	0.2863	0.2927	0.3015	0.4538	0.6259	0.5224	0.5118	0.6241	0.5517	0.3858	0.4579	0.5356	0.4022	0.2443	0.1885	0.2232	0.2879	0.3949	0.4130
0.0068	0.0113	0.0276	0.0209	0.0182	0.0254	0.0361	0.0494	0.0377	0.0310	0.0363	0.0584	0.0505	0.0633	0.0653	0.0689	0.0747	0.0760	0.0677	0.0861	0.0674	0.0722	0.0769	0.0728	0.0909	0.0892	0.0921	0.1041	0.1066	0.0931	0.0912	0.0929	0.1008	0.1066	0.1189	0.1260	0.1277	0.1301	0.1264	0.1230	0.1344	0.1524	0.1587	0.1948	0.2425	0.2657	0.2776	0.2203	0.1898	0.1780	0.1903	0.1887	0.1984	0.2213	0.2717	0.2545	0.2547	0.3376	0.2939	0.2091	0.2741	0.3264	0.2208	0.1805	0.1576	0.1741	0.1787	0.2148	0.2594
0.0108	0.0000	0.0141	0.0258	0.0261	0.0239	0.0444	0.0420	0.0357	0.0293	0.0368	0.0513	0.0670	0.0567	0.0648	0.0664	0.0646	0.0701	0.0528	0.0695	0.0670	0.0633	0.0694	0.0787	0.0749	0.0766	0.0799	0.0778	0.0821	0.0891	0.0886	0.0877	0.0904	0.0843	0.0971	0.0948	0.0949	0.0962	0.1024	0.1042	0.1038	0.1108	0.1236	0.1194	0.1320	0.1402	0.1406	0.1474	0.1427	0.1365	0.1388	0.1445	0.1363	0.1322	0.1488	0.1688	0.1603	0.1528	0.1629	0.1792	0.1660	0.1572	0.1403	0.1349	0.1326	0.1343	0.1483	0.1490	0.1497
0.0000	0.0000	0.0141	0.0181	0.0174	0.0136	0.0266	0.0288	0.0415	0.0438	0.0377	0.0427	0.0453	0.0396	0.0496	0.0525	0.0545	0.0515	0.0476	0.0570	0.0703	0.0674	0.0625	0.0623	0.0717	0.0707	0.0749	0.0701	0.0731	0.0709	0.0785	0.0791	0.0816	0.0825	0.0722	0.0745	0.0758	0.0891	0.0915	0.0938	0.0887	0.0987	0.0980	0.0975	0.1142	0.1184	0.1160	0.1177	0.1251	0.1170	0.1101	0.1179	0.1192	0.1050	0.1166	0.1214	0.1237	0.1200	0.1277	0.1436	0.1386	0.1231	0.1161	0.1154	0.1139	0.1212	0.1356	0.1301	0.1244
0.0050	0.0119	0.0175	0.0073	0.0063	0.0092	0.0124	0.0242	0.0319	0.0309	0.0331	0.0464	0.0436	0.0377	0.0460	0.0494	0.0612	0.0589	0.0563	0.0583	0.0569	0.0527	0.0604	0.0599	0.0625	0.0739	0.0712	0.0674	0.0662	0.0651	0.0637	0.0736	0.0739	0.0805	0.0799	0.0773	0.0847	0.0824	0.0800	0.0791	0.0891	0.0864	0.0827	0.0955	0.0954	0.1021	0.0986	0.0979	0.1044	0.0958	0.0885	0.0947	0.0884	0.1001	0.0988	0.1012	0.1026	0.0991	0.1058	0.1099	0.1166	0.1026	0.0924	0.0948	0.0978	0.1127	0.1102	0.1070	0.1051
0.0000	0.0000	0.0000	0.0018	0.0151	0.0131	0.0148	0.0263	0.0289	0.0234	0.0328	0.0321	0.0403	0.0373	0.0409	0.0426	0.0460	0.0522	0.0568	0.0519	0.0567	0.0633	0.0550	0.0550	0.0635	0.0675	0.0604	0.0701	0.0667	0.0608	0.0652	0.0689	0.0662	0.0727	0.0723	0.0729	0.0809	0.0693	0.0721	0.0620	0.0729	0.0793	0.0757	0.0812	0.0850	0.0865	0.0767	0.0815	0.0837	0.0847	0.0827	0.0847	0.0713	0.0896	0.0957	0.0805	0.0904	0.0953	0.0798	0.0832	0.0858	0.0845	0.0853	0.0813	0.0838	0.0806	0.0747	0.0861	0.0802
0.0000	0.0000	0.0000	0.0065	0.0099	0.0141	0.0108	0.0244	0.0216	0.0231	0.0175	0.0185	0.0247	0.0338	0.0331	0.0423	0.0477	0.0368	0.0394	0.0402	0.0426	0.0478	0.0416	0.0521	0.0636	0.0602	0.0554	0.0607	0.0625	0.0616	0.0580	0.0647	0.0574	0.0619	0.0637	0.0687	0.0705	0.0710	0.0722	0.0663	0.0727	0.0820	0.0769	0.0719	0.0765	0.0735	0.0717	0.0717	0.0701	0.0708	0.0684	0.0670	0.0689	0.0766	0.0787	0.0674	0.0814	0.0766	0.0705	0.0717	0.0707	0.0695	0.0695	0.0786	0.0776	0.0679	0.0625	0.0600	0.0621
0.0000	0.0000	0.0000	0.0011	0.0039	0.0057	0.0055	0.0175	0.0089	0.0000	0.0172	0.0238	0.0255	0.0184	0.0265	0.0335	0.0332	0.0284	0.0399	0.0500	0.0396	0.0371	0.0294	0.0460	0.0522	0.0452	0.0538	0.0581	0.0615	0.0551	0.0529	0.0558	0.0537	0.0523	0.0617	0.0610	0.0574	0.0639	0.0749	0.0659	0.0674	0.0680	0.0710	0.0669	0.0707	0.0673	0.0710	0.0702	0.0634	0.0671	0.0670	0.0720	0.0642	0.0650	0.0730	0.0695	0.0759	0.0646	0.0655	0.0715	0.0660	0.0612	0.0634	0.0636	0.0691	0.0568	0.0503	0.0442	0.0552
0.0000	0.0000	0.0000	0.0029	0.0000	0.0007	0.0179	0.0138	0.0092	0.0019	0.0114	0.0249	0.0304	0.0260	0.0349	0.0318	0.0366	0.0364	0.0305	0.0356	0.0373	0.0431	0.0398	0.0359	0.0471	0.0424	0.0438	0.0462	0.0586	0.0584	0.0556	0.0522	0.0600	0.0572	0.0596	0.0518	0.0575	0.0625	0.0632	0.0579	0.0618	0.0663	0.0671	0.0675	0.0605	0.0656	0.0712	0.0707	0.0668	0.0701	0.0668	0.0610	0.0592	0.0564	0.0748	0.0724	0.0637	0.0622	0.0609	0.0670	0.0554	0.0523	0.0545	0.0533	0.0496	0.0449	0.0471	0.0522	0.0439
0.0000	0.0000	0.0000	0.0013	0.0085	0.0071	0.0034	0.0151	0.0052	0.0010	0.0187	0.0217	0.0256	0.0237	0.0226	0.0251	0.0322	0.0319	0.0248	0.0328	0.0298	0.0398	0.0356	0.0419	0.0359	0.0470	0.0408	0.0472	0.0481	0.0448	0.0441	0.0465	0.0530	0.0540	0.0563	0.0484	0.0533	0.0679	0.0629	0.0553	0.0582	0.0557	0.0556	0.0635	0.0585	0.0659	0.0638	0.0660	0.0641	0.0628	0.0583	0.0642	0.0627	0.0589	0.0684	0.0653	0.0634	0.0532	0.0609	0.0580	0.0525	0.0442	0.0432	0.0468	0.0474	0.0473	0.0361	0.0419	0.0362
0.0000	0.0000	0.0000	0.0000	0.0000	0.0000	0.0000	0.0065	0.0075	0.0014	0.0099	0.0144	0.0169	0.0140	0.0205	0.0245	0.0318	0.0301	0.0246	0.0250	0.0290	0.0289	0.0344	0.0352	0.0430	0.0337	0.0343	0.0391	0.0519	0.0487	0.0458	0.0453	0.0468	0.0527	0.0508	0.0561	0.0540	0.0509	0.0556	0.0583	0.0520	0.0590	0.0542	0.0560	0.0605	0.0632	0.0592	0.0582	0.0542	0.0506	0.0507	0.0584	0.0570	0.0536	0.0569	0.0593	0.0531	0.0479	0.0488	0.0518	0.0428	0.0446	0.0401	0.0464	0.0421	0.0412	0.0350	0.0288	0.0260
0.0000	0.0000	0.0000	0.0000	0.0000	0.0019	0.0026	0.0010	0.0038	0.0028	0.0100	0.0221	0.0195	0.0204	0.0339	0.0281	0.0170	0.0131	0.0127	0.0203	0.0258	0.0218	0.0319	0.0273	0.0467	0.0392	0.0367	0.0427	0.0646	0.0542	0.0437	0.0381	0.0395	0.0472	0.0492	0.0578	0.0539	0.0499	0.0496	0.0542	0.0532	0.0599	0.0516	0.0532	0.0658	0.0583	0.0564	0.0584	0.0538	0.0552	0.0553	0.0577	0.0609	0.0582	0.0547	0.0619	0.0600	0.0600	0.0492	0.0549	0.0543	0.0478	0.0504	0.0435	0.0404	0.0382	0.0419	0.0355	0.0251
