0.0000	0.0000	0.0000	0.0000	0.0000	0.0000	0.0000	0.0065	0.0039	0.0016	0.0009	0.0177	0.0162	0.0184	0.0253	0.0433	0.0361	0.0323	0.0433	0.0500	0.0528	0.0281	0.0444	0.0627	0.0626	0.0742	0.0758	0.0474	0.0647	0.0738	0.0693	0.0565	0.0715	0.0693	0.0589	0.0630	0.0680	0.0606	0.0627	0.0704	0.0635	0.0519	0.0507	0.0514	0.0520	0.0643	0.0678	0.0683	0.0602	0.0637	0.0597	0.0606	0.0667	0.0756	0.0761	0.0691	0.0663	0.0632	0.0810	0.0758	0.0632	0.0596	0.0546	0.0592	0.0660	0.0575	0.0523	0.0522	0.0547
0.0000	0.0000	0.0000	0.0000	0.0000	0.0000	0.0017	0.0056	0.0091	0.0135	0.0292	0.0165	0.0138	0.0225	0.0208	0.0271	0.0444	0.0547	0.0485	0.0530	0.0567	0.0590	0.0430	0.0864	0.0855	0.0827	0.0692	0.0597	0.0732	0.0688	0.0653	0.0713	0.0692	0.0785	0.0815	0.0695	0.0744	0.0613	0.0731	0.0636	0.0621	0.0829	0.0699	0.0660	0.0612	0.0716	0.0780	0.0800	0.0757	0.0684	0.0800	0.0660	0.0620	0.0828	0.0835	0.0769	0.0907	0.0931	0.0574	0.0810	0.0870	0.0689	0.0660	0.0791	0.0870	0.0616	0.0622	0.0711	0.0768
0.0000	0.0000	0.0000	0.0049	0.0000	0.0000	0.0140	0.0176	0.0267	0.0188	0.0306	0.0241	0.0275	0.0355	0.0492	0.0420	0.0460	0.0439	0.0481	0.0692	0.0676	0.0702	0.0619	0.0817	0.0842	0.0815	0.0735	0.0686	0.0827	0.0799	0.0822	0.0731	0.0861	0.0888	0.0848	0.0768	0.0755	0.0687	0.0737	0.0645	0.0700	0.0837	0.0843	0.0783	0.0693	0.0678	0.0803	0.0780	0.0823	0.0778	0.0881	0.0820	0.0787	0.0897	0.1021	0.0960	0.0956	0.0992	0.0942	0.0958	0.1028	0.0897	0.0847	0.0906	0.0960	0.0880	0.0763	0.0905	0.0957
0.0000	0.0000	0.0017	0.0049	0.0189	0.0132	0.0165	0.0202	0.0240	0.0210	0.0298	0.0387	0.0552	0.0434	0.0474	0.0544	0.0454	0.0542	0.0554	0.0650	0.0753	0.0784	0.0714	0.0580	0.0812	0.0640	0.0737	0.0782	0.0854	0.0822	0.0909	0.0982	0.1037	0.0948	0.0987	0.0918	0.0738	0.0697	0.0694	0.0748	0.0795	0.0823	0.0699	0.0796	0.0818	0.0698	0.0747	0.0839	0.0787	0.0780	0.0792	0.0817	0.0836	0.0912	0.1066	0.0974	0.0948	0.1017	0.1106	0.1120	0.0988	0.0904	0.1054	0.1043	0.1086	0.1268	0.1288	0.1323	0.1336
0.0000	0.0000	0.0000	0.0118	0.0004	0.0105	0.0082	0.0144	0.0061	0.0134	0.0230	0.0426	0.0526	0.0432	0.0403	0.0609	0.0490	0.0507	0.0559	0.0625	0.0806	0.0765	0.0606	0.0722	0.0847	0.0764	0.0761	0.0601	0.0883	0.0931	0.0744	0.0768	0.0792	0.0885	0.0914	0.0746	0.0843	0.0700	0.0824	0.0720	0.0658	0.0724	0.0887	0.0771	0.0735	0.0812	0.0746	0.0783	0.0748	0.0775	0.0884	0.0922	0.1015	0.0975	0.1097	0.1030	0.1175	0.1149	0.1131	0.1265	0.1122	0.1145	0.1377	0.1602	0.2113	0.2541	0.2964	0.2630	0.2266
0.0000	0.0000	0.0000	0.0123	0.0036	0.0058	0.0171	0.0318	0.0288	0.0237	0.0362	0.0407	0.0457	0.0472	0.0454	0.0651	0.0728	0.0621	0.0655	0.0799	0.0799	0.0729	0.0640	0.0767	0.0994	0.0809	0.0905	0.0813	0.0908	0.0974	0.0901	0.0778	0.0927	0.1147	0.1098	0.0908	0.0951	0.0840	0.0824	0.0733	0.0685	0.0797	0.0905	0.0743	0.0767	0.0788	0.0769	0.0988	0.0973	0.0929	0.1051	0.1191	0.1241	0.1144	0.1222	0.1406	0.1491	0.1466	0.1535	0.1807	0.1538	0.1627	0.1896	0.2844	0.3831	0.3629	0.3380	0.3294	0.3105
0.0000	0.0000	0.0104	0.0165	0.0128	0.0254	0.0141	0.0225	0.0312	0.0418	0.0519	0.0561	0.0490	0.0448	0.0422	0.0672	0.0917	0.0843	0.0779	0.0913	0.0678	0.0821	0.0756	0.0740	0.0887	0.1089	0.0958	0.0992	0.1037	0.1080	0.0861	0.0737	0.0973	0.1163	0.1068	0.0994	0.0966	0.0922	0.0898	0.0962	0.0868	0.1014	0.0963	0.0814	0.0827	0.0920	0.0925	0.1156	0.1064	0.1055	0.1262	0.1422	0.1533	0.1596	0.1445	0.1729	0.1743	0.1886	0.2384	0.2360	0.2014	0.2274	0.3526	0.4744	0.4770	0.3678	0.3443	0.3419	0.3125
0.0000	0.0000	0.0155	0.0212	0.0186	0.0249	0.0331	0.0308	0.0318	0.0358	0.0461	0.0698	0.0476	0.0516	0.0712	0.0725	0.0761	0.0910	0.0856	0.0920	0.0901	0.1116	0.0983	0.0950	0.1039	0.1166	0.0922	0.1019	0.1081	0.1009	0.0839	0.0865	0.1039	0.1041	0.1077	0.1068	0.1090	0.1075	0.1146	0.1117	0.1006	0.1125	0.1103	0.0984	0.1014	0.1251	0.1360	0.1374	0.1325	0.1288	0.1297	0.1370	0.1711	0.1809	0.1752	0.2113	0.2350	0.3545	0.4881	0.4667	0.3371	0.3047	0.5296	0.5495	0.4855	0.4189	0.3483	0.3363	0.3291
0.0000	0.0000	0.0064	0.0164	0.0296	0.0281	0.0421	0.0390	0.0274	0.0434	0.0534	0.0780	0.0788	0.0868	0.0850	0.0743	0.0798	0.0860	0.0943	0.0838	0.0971	0.1010	0.0920	0.1030	0.1116	0.1080	0.0874	0.0899	0.1141	0.1118	0.0908	0.0940	0.1210	0.1177	0.1253	0.1048	0.1041	0.1172	0.1222	0.1258	0.1158	0.1095	0.1067	0.1113	0.1301	0.1318	0.1412	0.1446	0.1565	0.1538	0.1609	0.1655	0.1999	0.2086	0.2250	0.2680	0.4287	0.6701	0.7224	0.6523	0.4768	0.2784	0.3439	0.4410	0.3575	0.3569	0.3854	0.3629	0.3365
0.0000	0.0000	0.0018	0.0335	0.0267	0.0240	0.0383	0.0503	0.0538	0.0590	0.0625	0.0871	0.1068	0.0802	0.0850	0.0957	0.0914	0.0984	0.1046	0.1052	0.1106	0.0928	0.0879	0.1048	0.1173	0.1073	0.1206	0.1295	0.1185	0.1233	0.1164	0.1099	0.1322	0.1299	0.1395	0.1281	0.1278	0.1397	0.1303	0.1330	0.1335	0.1360	0.1358	0.1481	0.1502	0.1473	0.1561	0.1553	0.1629	0.1686	0.1936	0.2046	0.2209	0.2345	0.2698	0.2944	0.4981	0.7807	0.7204	0.6625	0.5358	0.2980	0.2775	0.3174	0.2841	0.3062	0.3580	0.3843	0.3895
0.0147	0.0165	0.0118	0.0178	0.0275	0.0403	0.0395	0.0408	0.0551	0.0721	0.0762	0.0728	0.0884	0.0907	0.0978	0.1018	0.0979	0.0985	0.1128	0.1130	0.1223	0.1145	0.1194	0.1258	0.1297	0.1413	0.1334	0.1428	0.1225	0.1261	0.1297	0.1180	0.1332	0.1483	0.1621	0.1432	0.1659	0.1673	0.1536	0.1619	0.1551	0.1460	0.1632	0.1647	0.1766	0.1651	0.1723	0.1794	0.1830	0.1909	0.2130	0.2558	0.2478	0.2523	0.2748	0.3149	0.4274	0.5665	0.5812	0.6165	0.6282	0.3747	0.3888	0.4616	0.4006	0.3544	0.3275	0.3718	0.3835
0.0164	0.0131	0.0279	0.0433	0.0350	0.0411	0.0407	0.0555	0.0591	0.0749	0.0728	0.0816	0.0996	0.0914	0.0726	0.0965	0.1059	0.1229	0.1286	0.1304	0.1292	0.1448	0.1481	0.1585	0.1622	0.1513	0.1550	0.1510	0.1450	0.1489	0.1582	0.1542	0.1549	0.1719	0.1814	0.1462	0.1736	0.1849	0.1820	0.1916	0.1725	0.1576	0.1860	0.1793	0.1991	0.1904	0.2076	0.2139	0.2188	0.2179	0.2360	0.2592	0.2871	0.3180	0.3100	0.3638	0.3898	0.4808	0.5239	0.5360	0.5117	0.4136	0.4113	0.5722	0.5454	0.4711	0.3860	0.3838	0.3911
0.0140	0.0202	0.0293	0.0441	0.0691	0.0482	0.0435	0.0623	0.0770	0.0730	0.0722	0.0948	0.1108	0.0890	0.0868	0.1195	0.1351	0.1691	0.1529	0.1575	0.1791	0.2046	0.2019	0.2494	0.3002	0.3181	0.2774	0.2118	0.1978	0.1898	0.1904	0.1970	0.2054	0.2210	0.2122	0.1865	0.2044	0.2074	0.2053	0.2341	0.2196	0.2080	0.2238	0.2153	0.2153	0.2147	0.2412	0.2510	0.2765	0.2748	0.2872	0.3070	0.3189	0.3724	0.3768	0.3896	0.4059	0.5088	0.7197	0.6112	0.4755	0.4690	0.4587	0.5284	0.5500	0.4839	0.4147	0.3981	0.3625
0.0129	0.0275	0.0319	0.0315	0.0387	0.0373	0.0559	0.0691	0.0729	0.0726	0.0921	0.1096	0.1174	0.1163	0.1346	0.1653	0.2361	0.3136	0.3151	0.2565	0.2612	0.3165	0.4081	0.4772	0.6008	0.6336	0.6095	0.5783	0.4646	0.3381	0.2701	0.2665	0.2859	0.2634	0.2563	0.2210	0.2201	0.2282	0.2433	0.2630	0.2262	0.2294	0.2441	0.2403	0.2473	0.2385	0.2663	0.2585	0.2655	0.2783	0.3256	0.3613	0.3596	0.3627	0.3781	0.4015	0.4184	0.4631	0.6249	0.6724	0.6168	0.5752	0.5934	0.5257	0.4901	0.4200	0.4292	0.3787	0.3532
0.0099	0.0209	0.0323	0.0483	0.0525	0.0533	0.0739	0.0930	0.0865	0.0986	0.1207	0.1487	0.1755	0.1783	0.2131	0.2731	0.4867	0.6233	0.6569	0.4528	0.4678	0.5919	0.7154	0.7442	0.6706	0.6547	0.6793	0.7087	0.6978	0.6682	0.5192	0.3683	0.3462	0.3220	0.2985	0.3007	0.2809	0.2768	0.2734	0.2749	0.2538	0.2476	0.2600	0.2663	0.2758	0.2611	0.2750	0.2882	0.3102	0.3043	0.3380	0.3853	0.4098	0.3631	0.3876	0.4444	0.5210	0.6080	0.6146	0.6470	0.5815	0.5524	0.5733	0.5304	0.5163	0.4136	0.3813	0.3542	0.3197
0.0178	0.0258	0.0455	0.0557	0.0707	0.0891	0.1002	0.1091	0.1451	0.1734	0.2174	0.2648	0.3240	0.3940	0.4835	0.5623	0.8366	0.8167	0.8006	0.7248	0.7191	0.7629	0.7015	0.7325	0.6674	0.6233	0.6529	0.6398	0.6915	0.7075	0.7321	0.6668	0.6131	0.5474	0.5059	0.4391	0.3413	0.3178	0.2997	0.2793	0.2884	0.2664	0.2938	0.2999	0.2982	0.3197	0.3157	0.3319	0.3687	0.3884	0.4066	0.5428	0.6320	0.5699	0.5793	0.6461	0.6858	0.7274	0.6929	0.6324	0.5628	0.5042	0.5522	0.5432	0.4615	0.4212	0.3808	0.3696	0.3489
0.0346	0.0394	0.0627	0.0770	0.1191	0.1340	0.1498	0.1961	0.2650	0.3816	0.5458	0.5763	0.7123	0.7111	0.7352	0.7799	0.8281	0.8032	0.8115	0.7973	0.8285	0.7108	0.6826	0.6885	0.7081	0.6297	0.6310	0.6497	0.6785	0.6882	0.7762	0.8561	0.8931	0.8371	0.8822	0.7357	0.5298	0.4544	0.4146	0.3606	0.3311	0.3184	0.3343	0.3323	0.3353	0.3512	0.3632	0.3888	0.3975	0.4321	0.5461	0.8429	0.8814	0.8305	0.8061	0.7842	0.7519	0.6980	0.6218	0.6349	0.5576	0.4670	0.4751	0.4756	0.4411	0.3981	0.3834	0.3592	0.3443
0.0460	0.0967	0.1464	0.1529	0.2184	0.2920	0.3594	0.4598	0.6080	0.6245	0.7238	0.7275	0.7220	0.6866	0.7153	0.7347	0.7066	0.7423	0.7298	0.7052	0.7237	0.6884	0.6518	0.6321	0.6362	0.6265	0.6705	0.7066	0.6430	0.6924	0.7491	0.8107	0.8266	0.8367	0.8575	0.8608	0.8451	0.7418	0.6771	0.6613	0.4357	0.3339	0.3404	0.3392	0.3582	0.3647	0.3935	0.4089	0.4530	0.4597	0.5322	0.8833	0.9119	0.8516	0.7839	0.7462	0.6672	0.6391	0.6143	0.5924	0.5543	0.4888	0.4700	0.4751	0.4204	0.3711	0.3736	0.3834	0.3394
0.1015	0.1649	0.2769	0.4105	0.4952	0.6113	0.6599	0.6506	0.6716	0.5824	0.5921	0.6201	0.6300	0.5672	0.6041	0.6175	0.6374	0.6455	0.6226	0.5954	0.5996	0.6188	0.6008	0.5855	0.5959	0.5988	0.6922	0.6848	0.6848	0.7386	0.7335	0.7812	0.8142	0.8418	0.8091	0.8216	0.8437	0.8122	0.8119	0.8044	0.5619	0.3820	0.3813	0.4130	0.5452	0.5133	0.4098	0.4142	0.4174	0.4584	0.4969	0.6593	0.7456	0.7744	0.7752	0.6840	0.6048	0.5633	0.5564	0.5755	0.5758	0.4729	0.4563	0.4608	0.4323	0.3706	0.3763	0.3906	0.3572
0.1770	0.3120	0.3761	0.4552	0.4740	0.4840	0.4960	0.4411	0.4469	0.4672	0.4487	0.4461	0.5239	0.4829	0.4871	0.5451	0.5577	0.5901	0.5399	0.5285	0.5295	0.5727	0.5480	0.5879	0.5803	0.5607	0.6792	0.7205	0.7113	0.7734	0.7763	0.7784	0.7862	0.8241	0.8316	0.8169	0.8240	0.8168	0.7740	0.8072	0.6811	0.5070	0.5281	0.6353	0.8129	0.6907	0.4423	0.4374	0.4471	0.4625	0.4710	0.4988	0.5447	0.7345	0.7915	0.6894	0.6441	0.5940	0.5381	0.5063	0.5173	0.4702	0.4458	0.4401	0.4262	0.3777	0.3701	0.3839	0.3339
0.1909	0.2449	0.2637	0.2619	0.2973	0.2950	0.3065	0.3008	0.3167	0.3650	0.3926	0.4251	0.4960	0.4854	0.4758	0.5273	0.5207	0.5490	0.5293	0.4851	0.5269	0.5240	0.5205	0.5632	0.5515	0.5931	0.6015	0.6648	0.6946	0.7063	0.7820	0.7944	0.8140	0.8644	0.8604	0.8151	0.8509	0.8472	0.8328	0.8478	0.8296	0.7608	0.8001	0.8401	0.7843	0.7384	0.6223	0.5782	0.5593	0.5367	0.5046	0.5150	0.5413	0.7766	0.7934	0.6986	0.6627	0.6021	0.5575	0.4898	0.4859	0.4627	0.4371	0.4009	0.4061	0.3805	0.3708	0.3717	0.2969
0.1666	0.1820	0.2104	0.2362	0.2357	0.2473	0.2611	0.3140	0.2980	0.3291	0.3765	0.4162	0.4723	0.4883	0.5094	0.5136	0.6010	0.5883	0.5650	0.5532	0.5742	0.5728	0.5615	0.5648	0.5427	0.5673	0.6224	0.6725	0.6814	0.6969	0.7290	0.7282	0.7634	0.7728	0.7633	0.7713	0.7628	0.7831	0.7779	0.8169	0.8669	0.8396	0.8396	0.8274	0.7463	0.7573	0.7686	0.7569	0.7309	0.6992	0.6073	0.5810	0.6718	0.7444	0.7136	0.7189	0.6478	0.6028	0.5433	0.4855	0.5109	0.4699	0.4360	0.4147	0.4436	0.3725	0.3479	0.3322	0.2904
0.1297	0.1536	0.2101	0.2337	0.2263	0.2649	0.3006	0.3327	0.3104	0.3102	0.3943	0.4470	0.4720	0.4878	0.5247	0.5717	0.6341	0.6275	0.5974	0.5302	0.5901	0.6540	0.6151	0.5898	0.5738	0.5503	0.6132	0.6489	0.6562	0.7076	0.7124	0.6916	0.7389	0.7233	0.6899	0.7033	0.7322	0.7782	0.7421	0.7479	0.7767	0.7445	0.7646	0.7799	0.7526	0.7376	0.7586	0.7934	0.7567	0.7462	0.7109	0.7562	0.7919	0.7668	0.6983	0.7166	0.6580	0.6286	0.5672	0.5633	0.5128	0.4511	0.4460	0.4217	0.4151	0.3784	0.3562	0.3174	0.3014
0.1513	0.1931	0.2323	0.2668	0.2773	0.3056	0.3259	0.3162	0.2983	0.3288	0.3717	0.4082	0.4456	0.4557	0.5008	0.5447	0.6150	0.6378	0.6472	0.6356	0.6362	0.6240	0.6066	0.5631	0.6218	0.6231	0.6188	0.6235	0.6373	0.6288	0.7017	0.6603	0.6760	0.7389	0.7130	0.6867	0.7441	0.7513	0.6842	0.6976	0.6924	0.7056	0.7192	0.7352	0.6921	0.7047	0.7560	0.7420	0.7472	0.7654	0.7014	0.7027	0.7753	0.7342	0.6808	0.6736	0.6705	0.6319	0.5684	0.5495	0.4928	0.4553	0.4658	0.4208	0.3805	0.3828	0.3298	0.3065	0.3303
0.1592	0.2078	0.2322	0.2609	0.2749	0.3180	0.3270	0.3081	0.3295	0.3588	0.3902	0.4282	0.4364	0.4210	0.4730	0.5203	0.5365	0.6249	0.5868	0.6067	0.5712	0.5698	0.6209	0.5971	0.5795	0.5829	0.5768	0.5709	0.6156	0.5775	0.6167	0.6454	0.6363	0.6532	0.6721	0.6911	0.7372	0.6759	0.6803	0.6975	0.6956	0.7163	0.7167	0.6783	0.7189	0.6839	0.7057	0.7263	0.7389	0.7440	0.7006	0.6735	0.7012	0.6798	0.6512	0.6531	0.6337	0.5764	0.5599	0.5463	0.5163	0.4696	0.4578	0.4086	0.3794	0.3696	0.3383	0.3432	0.3315
0.1884	0.2251	0.2283	0.2911	0.3027	0.3106	0.3147	0.3153	0.3136	0.3192	0.3508	0.3975	0.4370	0.4724	0.4619	0.4710	0.5454	0.5548	0.5188	0.5483	0.5779	0.5520	0.5588	0.5442	0.5490	0.5369	0.5317	0.5465	0.5982	0.6043	0.6486	0.6284	0.6362	0.6094	0.6171	0.6461	0.6588	0.6437	0.6778	0.6566	0.6660	0.7075	0.6555	0.6560	0.6758	0.6949	0.6958	0.6991	0.7097	0.7099	0.7214	0.7159	0.7075	0.6549	0.6460	0.6590	0.6434	0.6052	0.5897	0.5161	0.4930	0.4637	0.4257	0.4214	0.4060	0.3760	0.3313	0.3422	0.3165
0.1900	0.2278	0.2590	0.3052	0.3218	0.3078	0.3221	0.3278	0.3087	0.3141	0.3574	0.4085	0.4570	0.4762	0.4623	0.4568	0.4785	0.4966	0.5601	0.5682	0.5591	0.5326	0.5332	0.5190	0.5034	0.5329	0.5538	0.5625	0.5519	0.6024	0.6210	0.6223	0.6161	0.6079	0.5927	0.6156	0.6133	0.5978	0.6139	0.6222	0.6242	0.6176	0.6232	0.6218	0.6443	0.6308	0.6306	0.6335	0.6929	0.6803	0.7013	0.6917	0.6716	0.6413	0.6180	0.6368	0.5871	0.5710	0.5514	0.5442	0.4753	0.4472	0.4314	0.3978	0.4057	0.3736	0.3196	0.3186	0.3162
0.2145	0.2439	0.2513	0.2838	0.3028	0.3040	0.3195	0.3454	0.3178	0.3638	0.4033	0.4252	0.4637	0.4736	0.4809	0.4875	0.4629	0.4988	0.5103	0.5669	0.5133	0.5279	0.5309	0.5297	0.5108	0.5236	0.5207	0.5301	0.5846	0.5790	0.5900	0.6165	0.6142	0.6230	0.6131	0.6120	0.5924	0.5991	0.6287	0.6370	0.6214	0.6244	0.6296	0.5824	0.5886	0.5677	0.6148	0.6481	0.6603	0.6260	0.6675	0.6473	0.6389	0.6301	0.6102	0.5664	0.5749	0.5045	0.5148	0.5624	0.4902	0.4945	0.4568	0.4008	0.4036	0.3771	0.3412	0.3489	0.3295
0.2063	0.2289	0.2317	0.2976	0.3128	0.2977	0.3353	0.3384	0.3178	0.3375	0.4150	0.4249	0.4360	0.4694	0.4771	0.5240	0.5124	0.5256	0.5823	0.5603	0.5522	0.5045	0.4881	0.5278	0.5441	0.5162	0.5570	0.5490	0.5768	0.5512	0.6021	0.6265	0.6379	0.6003	0.5959	0.6093	0.6133	0.6329	0.6138	0.6106	0.6288	0.6195	0.6068	0.5745	0.5862	0.5464	0.6019	0.6212	0.6025	0.5926	0.5989	0.5877	0.6049	0.5893	0.5844	0.5688	0.5542	0.5282	0.4961	0.5153	0.4721	0.4590	0.4179	0.4013	0.3930	0.3795	0.3536	0.3196	0.2930
0.2082	0.2230	0.2897	0.2977	0.3052	0.3047	0.3221	0.3454	0.3459	0.3485	0.3796	0.4557	0.4567	0.4495	0.4587	0.4921	0.5253	0.5747	0.5572	0.5411	0.5360	0.5260	0.5006	0.5504	0.5032	0.5099	0.5459	0.5906	0.5689	0.5896	0.5797	0.6075	0.6575	0.6293	0.5970	0.5845	0.6300	0.6420	0.6178	0.6038	0.6064	0.6167	0.5933	0.5824	0.5707	0.5484	0.5858	0.5895	0.5675	0.5712	0.5710	0.5844	0.5929	0.5733	0.5774	0.5611	0.5106	0.5002	0.4654	0.4719	0.4736	0.4540	0.4059	0.4036	0.3954	0.3701	0.3709	0.3396	0.3253
0.1975	0.2537	0.2947	0.2886	0.3018	0.2870	0.3052	0.3453	0.3440	0.3631	0.4011	0.4266	0.4446	0.4434	0.4469	0.5053	0.5506	0.5522	0.5403	0.5391	0.5582	0.5621	0.5427	0.5814	0.5603	0.5356	0.5214	0.5561	0.5723	0.5713	0.5863	0.6214	0.6410	0.6313	0.6470	0.6350	0.6190	0.5702	0.5864	0.6123	0.5782	0.6049	0.6063	0.6019	0.5516	0.5258	0.5744	0.5812	0.5857	0.5911	0.5804	0.6021	0.6227	0.5721	0.5297	0.5167	0.4944	0.4825	0.4823	0.4901	0.4811	0.4439	0.4245	0.4236	0.4008	0.3620	0.3617	0.3423	0.3185
0.1747	0.2177	0.2592	0.2947	0.3067	0.3019	0.2963	0.3358	0.3570	0.3625	0.4042	0.4016	0.4392	0.4318	0.4493	0.4967	0.5469	0.5310	0.5368	0.5478	0.5919	0.6007	0.5820	0.6016	0.6031	0.5847	0.5980	0.5630	0.5954	0.5664	0.5944	0.6536	0.6503	0.6050	0.6396	0.6394	0.6019	0.5579	0.6057	0.6184	0.5829	0.5720	0.6345	0.5575	0.5549	0.5550	0.5507	0.6147	0.5576	0.5740	0.5849	0.5676	0.5601	0.5782	0.5769	0.5195	0.5328	0.5298	0.4865	0.4663	0.4702	0.4557	0.4721	0.4513	0.3858	0.3493	0.3697	0.3483	0.3301
0.1849	0.2113	0.2290	0.2628	0.2923	0.3079	0.3444	0.3316	0.3751	0.3973	0.3976	0.4146	0.4402	0.4382	0.4635	0.5168	0.5610	0.5321	0.5477	0.5957	0.6260	0.6105	0.5954	0.6414	0.6417	0.6041	0.6382	0.6166	0.6301	0.6060	0.6285	0.6612	0.6354	0.6278	0.6642	0.6688	0.6685	0.6396	0.6761	0.6676	0.6623	0.6553	0.6582	0.6092	0.6019	0.5412	0.5582	0.5957	0.6102	0.5644	0.5602	0.5557	0.5697	0.5477	0.5433	0.5321	0.5329	0.5094	0.4689	0.4436	0.4185	0.4557	0.4314	0.4051	0.3962	0.3540	0.3769	0.3386	0.3294
0.1687	0.1962	0.2327	0.2428	0.3004	0.2875	0.3242	0.3512	0.3705	0.3864	0.3867	0.4068	0.4428	0.4944	0.4745	0.5286	0.5485	0.5615	0.5935	0.6013	0.6390	0.5717	0.6024	0.5788	0.5749	0.6143	0.6274	0.6528	0.6549	0.6655	0.6874	0.6852	0.6903	0.7322	0.6987	0.7142	0.6977	0.7164	0.7395	0.7326	0.7554	0.7488	0.7560	0.7463	0.6850	0.6556	0.6378	0.5925	0.5681	0.6080	0.5816	0.5493	0.5500	0.5258	0.5436	0.5120	0.4856	0.4842	0.4752	0.4833	0.4505	0.4295	0.4201	0.4385	0.3995	0.3812	0.4013	0.3626	0.3306
0.2179	0.2091	0.2555	0.2721	0.2914	0.2866	0.3154	0.3648	0.3711	0.3630	0.3911	0.4200	0.4687	0.5070	0.5255	0.5219	0.5553	0.5930	0.6196	0.6125	0.6359	0.6119	0.5937	0.6195	0.6013	0.6331	0.6432	0.6508	0.6704	0.7182	0.6996	0.6868	0.7015	0.7310	0.7908	0.7708	0.7436	0.7364	0.7720	0.7629	0.8073	0.8213	0.8535	0.8643	0.8230	0.7868	0.7477	0.6790	0.5575	0.6134	0.5655	0.5663	0.5465	0.5483	0.5036	0.5025	0.5160	0.5098	0.4655	0.4906	0.4572	0.3986	0.4285	0.4430	0.4271	0.4210	0.3844	0.3495	0.3043
0.1955	0.2171	0.2458	0.2648	0.2720	0.3334	0.3623	0.3814	0.3676	0.3604	0.3839	0.4199	0.4502	0.5228	0.5368	0.5248	0.5756	0.6138	0.6123	0.6295	0.6132	0.6197	0.6308	0.6138	0.6024	0.6062	0.6591	0.6744	0.6715	0.6868	0.6865	0.6981	0.7612	0.7665	0.7737	0.7784	0.7626	0.7636	0.7768	0.7928	0.8476	0.8358	0.7330	0.7078	0.8240	0.7385	0.8392	0.8290	0.7275	0.6497	0.6279	0.6066	0.5644	0.5376	0.5022	0.4863	0.4672	0.4843	0.4821	0.4887	0.4753	0.4279	0.4562	0.4329	0.4208	0.4068	0.3821	0.3600	0.3305
0.1909	0.2080	0.2696	0.3182	0.2932	0.3274	0.3593	0.3826	0.3617	0.3979	0.4001	0.4361	0.4849	0.5254	0.5491	0.5358	0.5851	0.6363	0.6770	0.6559	0.6541	0.6561	0.6426	0.6501	0.5811	0.5763	0.6428	0.6787	0.7262	0.7329	0.7111	0.7340	0.7791	0.7867	0.7569	0.7573	0.7784	0.7770	0.7577	0.7937	0.8069	0.6122	0.4397	0.6206	0.8768	0.6801	0.8029	0.8605	0.7952	0.7395	0.6859	0.6177	0.6112	0.5567	0.5152	0.5058	0.4894	0.4889	0.4991	0.4642	0.4431	0.4413	0.4473	0.4274	0.3912	0.3873	0.3829	0.3485	0.3691
0.2236	0.2562	0.3323	0.3288	0.3447	0.3794	0.3729	0.3768	0.3907	0.3878	0.4176	0.4560	0.4769	0.4831	0.5772	0.6169	0.6254	0.7371	0.7033	0.6821	0.6768	0.6621	0.6382	0.6570	0.6363	0.6562	0.6717	0.7130	0.7486	0.6963	0.7566	0.7694	0.7357	0.7636	0.7682	0.7647	0.8011	0.8032	0.7896	0.8270	0.7698	0.4508	0.3845	0.5229	0.7940	0.5880	0.6773	0.8978	0.9010	0.8041	0.7412	0.6873	0.6798	0.6448	0.5671	0.5377	0.5314	0.5169	0.5227	0.4896	0.4878	0.4861	0.4772	0.4574	0.4316	0.4066	0.4299	0.3886	0.3805
0.2736	0.3962	0.4633	0.4837	0.4753	0.5450	0.5130	0.4632	0.4484	0.4295	0.4356	0.4796	0.4651	0.4954	0.5528	0.6060	0.6671	0.6540	0.6659	0.6750	0.6346	0.6605	0.6389	0.6199	0.6810	0.6755	0.7146	0.7267	0.7312	0.7084	0.7472	0.7664	0.8017	0.8016	0.7944	0.7994	0.7914	0.8199	0.8117	0.8312	0.6423	0.3794	0.3491	0.3741	0.4378	0.4220	0.5204	0.8187	0.9648	0.8435	0.7399	0.7665	0.7648	0.6894	0.6174	0.6195	0.6141	0.6098	0.6055	0.5799	0.5757	0.5510	0.5073	0.5227	0.4783	0.4516	0.4353	0.4214	0.4006
0.1778	0.3119	0.4233	0.5954	0.6729	0.7467	0.7515	0.6806	0.6557	0.6242	0.5312	0.5485	0.5363	0.5487	0.5674	0.5995	0.6303	0.6833	0.6948	0.6848	0.6297	0.6486	0.6584	0.6513	0.6509	0.6867	0.6956	0.6688	0.7349	0.7331	0.8148	0.7995	0.8132	0.8243	0.8203	0.8114	0.8306	0.8222	0.8157	0.6796	0.3915	0.3260	0.3331	0.3481	0.3608	0.4011	0.4929	0.8072	1.0000	0.9250	0.8505	0.8125	0.8218	0.7589	0.6772	0.6436	0.6638	0.6501	0.7051	0.6819	0.6404	0.6184	0.6078	0.6056	0.5451	0.5064	0.4789	0.4456	0.4083
0.0613	0.1192	0.1711	0.2870	0.3974	0.4987	0.6068	0.6519	0.6920	0.7144	0.7834	0.6907	0.6668	0.6747	0.6626	0.6661	0.6514	0.6741	0.7235	0.7223	0.7377	0.7128	0.6844	0.6968	0.6937	0.6832	0.6816	0.6964	0.7715	0.7912	0.8402	0.8711	0.8344	0.8539	0.8652	0.8650	0.8539	0.7495	0.6348	0.4101	0.2910	0.2741	0.3098	0.3162	0.3293	0.3694	0.4486	0.6994	0.9277	0.9546	0.9406	0.9318	0.8441	0.7971	0.7242	0.7316	0.7019	0.6668	0.6962	0.7343	0.7091	0.6754	0.6636	0.6374	0.5799	0.5463	0.5238	0.4856	0.4270
0.0519	0.0613	0.0955	0.1325	0.1407	0.1794	0.2030	0.2643	0.3742	0.4369	0.6063	0.6289	0.6979	0.7131	0.7946	0.7806	0.7384	0.7340	0.7273	0.7424	0.7819	0.7320	0.7495	0.7301	0.7172	0.6965	0.6852	0.7363	0.7886	0.8285	0.8664	0.9053	0.8800	0.9238	0.9046	0.8663	0.5885	0.4069	0.3158	0.2723	0.2595	0.2510	0.2654	0.2755	0.2946	0.3202	0.3677	0.4265	0.5462	0.6699	0.9382	0.9538	0.8898	0.8040	0.7495	0.7759	0.7564	0.7147	0.7198	0.7549	0.7646	0.6957	0.6845	0.6260	0.6009	0.5807	0.5447	0.4615	0.4310
0.0281	0.0294	0.0710	0.0809	0.0843	0.0846	0.0890	0.1238	0.1371	0.1652	0.2220	0.2864	0.3822	0.4387	0.5994	0.7779	0.7935	0.8119	0.8249	0.7873	0.7751	0.7462	0.7605	0.7680	0.7509	0.7302	0.7419	0.7743	0.8363	0.8448	0.8495	0.8291	0.8457	0.8623	0.7774	0.5391	0.2961	0.2502	0.2338	0.2292	0.2508	0.2498	0.2554	0.2562	0.2682	0.2851	0.3132	0.3532	0.3780	0.4436	0.6197	0.8600	0.9101	0.8546	0.8151	0.8364	0.8426	0.8143	0.7738	0.7536	0.7511	0.7155	0.7063	0.6614	0.5880	0.5812	0.5381	0.4920	0.4677
0.0155	0.0252	0.0252	0.0572	0.0606	0.0675	0.0786	0.0861	0.0868	0.1088	0.1143	0.1389	0.1602	0.1679	0.2278	0.3867	0.4544	0.5394	0.5834	0.6391	0.7052	0.6817	0.7215	0.7654	0.7110	0.7064	0.6665	0.6285	0.6138	0.5451	0.4637	0.4122	0.3944	0.3744	0.3132	0.2356	0.2166	0.2152	0.2141	0.2103	0.2150	0.2271	0.2247	0.2385	0.2569	0.2759	0.3040	0.3298	0.3668	0.4046	0.5948	0.9385	0.9147	0.8834	0.8605	0.9039	0.8890	0.8073	0.7465	0.7439	0.7375	0.7384	0.7391	0.6949	0.6107	0.6262	0.5674	0.5138	0.4997
0.0255	0.0251	0.0315	0.0517	0.0584	0.0567	0.0669	0.0840	0.0732	0.0752	0.0923	0.0970	0.1139	0.1028	0.1129	0.1384	0.1687	0.1710	0.2031	0.2464	0.2997	0.3455	0.3757	0.4271	0.4182	0.3567	0.3149	0.2375	0.2332	0.2097	0.1698	0.1771	0.1763	0.1792	0.1765	0.1612	0.1666	0.1747	0.1759	0.1673	0.1661	0.1742	0.1926	0.2030	0.2042	0.2186	0.2324	0.2643	0.2983	0.3429	0.5342	0.8204	0.8737	0.6964	0.5447	0.6461	0.8325	0.8200	0.7636	0.7531	0.7734	0.7200	0.6658	0.7093	0.6165	0.6095	0.5944	0.5777	0.4824
0.0172	0.0261	0.0301	0.0390	0.0466	0.0474	0.0766	0.0652	0.0703	0.0743	0.0771	0.0802	0.0784	0.0744	0.0893	0.0987	0.1133	0.1036	0.1139	0.1263	0.1299	0.1362	0.1403	0.1465	0.1312	0.1291	0.1214	0.1184	0.1358	0.1311	0.1276	0.1275	0.1377	0.1406	0.1440	0.1320	0.1327	0.1327	0.1282	0.1292	0.1268	0.1360	0.1489	0.1629	0.1619	0.1639	0.1822	0.1980	0.2069	0.2248	0.2726	0.3857	0.4728	0.3581	0.3206	0.3952	0.6131	0.7922	0.8150	0.7898	0.8000	0.7045	0.6755	0.7334	0.6833	0.6300	0.5811	0.5491	0.5286
0.0155	0.0307	0.0314	0.0299	0.0380	0.0428	0.0542	0.0661	0.0581	0.0586	0.0721	0.0753	0.0619	0.0588	0.0663	0.0833	0.0962	0.0782	0.0908	0.1034	0.0989	0.1059	0.1000	0.1245	0.1033	0.1051	0.1003	0.1039	0.1039	0.1071	0.1094	0.1048	0.1054	0.1112	0.1158	0.1055	0.0992	0.1072	0.0997	0.1043	0.1069	0.1098	0.1165	0.1315	0.1364	0.1291	0.1387	0.1518	0.1552	0.1646	0.1881	0.2078	0.2205	0.2261	0.2472	0.2794	0.3237	0.5131	0.7316	0.7581	0.7306	0.5213	0.5789	0.5549	0.5866	0.6604	0.6205	0.5968	0.5739
0.0069	0.0149	0.0134	0.0222	0.0249	0.0313	0.0397	0.0644	0.0666	0.0575	0.0625	0.0561	0.0593	0.0608	0.0686	0.0708	0.0898	0.0858	0.0928	0.0891	0.0857	0.1013	0.0971	0.0870	0.0936	0.0889	0.0851	0.0906	0.0954	0.0943	0.0941	0.0876	0.0921	0.0906	0.0905	0.0892	0.0927	0.0876	0.0832	0.0841	0.0887	0.0869	0.0906	0.0949	0.1060	0.1100	0.1113	0.1204	0.1218	0.1261	0.1363	0.1417	0.1621	0.1612	0.1746	0.2118	0.2395	0.2660	0.4398	0.6848	0.5588	0.3213	0.3242	0.3185	0.4591	0.5997	0.5569	0.5008	0.3535
0.0016	0.0091	0.0147	0.0165	0.0272	0.0330	0.0297	0.0411	0.0410	0.0426	0.0508	0.0528	0.0625	0.0564	0.0671	0.0692	0.0673	0.0838	0.0778	0.0772	0.0846	0.0807	0.0802	0.0797	0.0807	0.0789	0.0851	0.0793	0.0780	0.0874	0.0868	0.0834	0.0803	0.0774	0.0782	0.0791	0.0801	0.0734	0.0756	0.0749	0.0824	0.0688	0.0754	0.0816	0.0908	0.0913	0.0923	0.1032	0.0983	0.0958	0.1044	0.1144	0.1118	0.1122	0.1195	0.1423	0.1522	0.1638	0.2287	0.4054	0.2788	0.1716	0.1537	0.1743	0.2256	0.2734	0.2784	0.2216	0.1867
0.0031	0.0226	0.0162	0.0222	0.0222	0.0297	0.0283	0.0374	0.0404	0.0336	0.0415	0.0415	0.0561	0.0489	0.0617	0.0724	0.0609	0.0697	0.0683	0.0726	0.0869	0.0711	0.0700	0.0759	0.0764	0.0751	0.0656	0.0741	0.0722	0.0751	0.0676	0.0709	0.0782	0.0762	0.0640	0.0674	0.0667	0.0734	0.0716	0.0689	0.0709	0.0710	0.0715	0.0728	0.0792	0.0748	0.0836	0.0752	0.0802	0.0820	0.0887	0.0978	0.1000	0.0875	0.0931	0.1025	0.1100	0.1130	0.1336	0.1606	0.1356	0.1100	0.1171	0.1293	0.1338	0.1311	0.1349	0.1341	0.1370
0.0046	0.0074	0.0066	0.0029	0.0052	0.0145	0.0281	0.0369	0.0353	0.0393	0.0378	0.0473	0.0430	0.0398	0.0492	0.0575	0.0590	0.0525	0.0612	0.0739	0.0774	0.0550	0.0712	0.0788	0.0760	0.0783	0.0710	0.0687	0.0707	0.0703	0.0638	0.0584	0.0626	0.0657	0.0588	0.0625	0.0695	0.0744	0.0652	0.0689	0.0693	0.0659	0.0633	0.0674	0.0643	0.0673	0.0680	0.0667	0.0774	0.0755	0.0777	0.0802	0.0744	0.0839	0.0843	0.0870	0.0905	0.0915	0.1062	0.1083	0.1060	0.0972	0.0967	0.0982	0.1137	0.1205	0.1219	0.1066	0.1056
0.0016	0.0000	0.0000	0.0087	0.0243	0.0164	0.0218	0.0252	0.0322	0.0386	0.0280	0.0296	0.0376	0.0358	0.0463	0.0548	0.0546	0.0476	0.0569	0.0489	0.0601	0.0547	0.0570	0.0605	0.0599	0.0692	0.0658	0.0634	0.0593	0.0627	0.0583	0.0540	0.0517	0.0647	0.0688	0.0608	0.0645	0.0613	0.0547	0.0634	0.0563	0.0540	0.0604	0.0584	0.0623	0.0592	0.0560	0.0637	0.0621	0.0686	0.0775	0.0731	0.0598	0.0707	0.0731	0.0708	0.0731	0.0875	0.0816	0.0855	0.0876	0.0822	0.0928	0.0934	0.1013	0.0965	0.0868	0.0863	0.0847
0.0000	0.0020	0.0000	0.0126	0.0094	0.0000	0.0191	0.0313	0.0201	0.0150	0.0178	0.0314	0.0320	0.0349	0.0443	0.0476	0.0417	0.0434	0.0461	0.0571	0.0459	0.0560	0.0498	0.0534	0.0571	0.0580	0.0543	0.0563	0.0615	0.0579	0.0523	0.0551	0.0600	0.0621	0.0470	0.0515	0.0511	0.0539	0.0489	0.0505	0.0514	0.0612	0.0629	0.0478	0.0488	0.0522	0.0571	0.0485	0.0553	0.0621	0.0602	0.0615	0.0623	0.0650	0.0626	0.0604	0.0713	0.0701	0.0729	0.0771	0.0804	0.0737	0.0703	0.0754	0.0796	0.0721	0.0696	0.0825	0.0751
0.0000	0.0000	0.0000	0.0041	0.0000	0.0000	0.0110	0.0174	0.0160	0.0084	0.0219	0.0287	0.0214	0.0225	0.0290	0.0407	0.0430	0.0343	0.0298	0.0458	0.0449	0.0420	0.0388	0.0489	0.0469	0.0506	0.0526	0.0487	0.0536	0.0534	0.0535	0.0489	0.0471	0.0525	0.0467	0.0505	0.0467	0.0487	0.0453	0.0410	0.0454	0.0523	0.0605	0.0549	0.0411	0.0452	0.0517	0.0530	0.0548	0.0573	0.0619	0.0593	0.0578	0.0621	0.0637	0.0637	0.0607	0.0633	0.0659	0.0659	0.0665	0.0583	0.0662	0.0598	0.0639	0.0647	0.0629	0.0762	0.0727
0.0000	0.0000	0.0000	0.0000	0.0000	0.0000	0.0172	0.0196	0.0121	0.0098	0.0247	0.0426	0.0338	0.0235	0.0297	0.0355	0.0404	0.0344	0.0297	0.0426	0.0441	0.0337	0.0320	0.0326	0.0418	0.0432	0.0448	0.0434	0.0501	0.0518	0.0527	0.0495	0.0441	0.0446	0.0441	0.0412	0.0516	0.0464	0.0435	0.0479	0.0474	0.0448	0.0484	0.0558	0.0407	0.0392	0.0535	0.0611	0.0466	0.0520	0.0622	0.0622	0.0524	0.0512	0.0638	0.0646	0.0609	0.0636	0.0627	0.0582	0.0591	0.0563	0.0611	0.0675	0.0602	0.0517	0.0563	0.0567	0.0486
0.0000	0.0000	0.0000	0.0000	0.0044	0.0053	0.0070	0.0099	0.0058	0.0133	0.0225	0.0290	0.0383	0.0366	0.0261	0.0381	0.0405	0.0289	0.0310	0.0362	0.0456	0.0451	0.0341	0.0430	0.0405	0.0364	0.0394	0.0341	0.0445	0.0401	0.0443	0.0424	0.0395	0.0428	0.0433	0.0479	0.0421	0.0496	0.0458	0.0437	0.0449	0.0388	0.0406	0.0434	0.0379	0.0427	0.0437	0.0580	0.0467	0.0437	0.0487	0.0582	0.0606	0.0524	0.0564	0.0576	0.0609	0.0539	0.0457	0.0530	0.0549	0.0496	0.0484	0.0609	0.0543	0.0441	0.0380	0.0394	0.0287
0.0000	0.0029	0.0000	0.0000	0.0000	0.0000	0.0000	0.0013	0.0099	0.0146	0.0089	0.0152	0.0251	0.0207	0.0232	0.0281	0.0301	0.0218	0.0224	0.0260	0.0364	0.0320	0.0380	0.0394	0.0465	0.0385	0.0370	0.0426	0.0450	0.0384	0.0367	0.0327	0.0370	0.0373	0.0378	0.0423	0.0351	0.0374	0.0381	0.0413	0.0383	0.0444	0.0361	0.0341	0.0375	0.0415	0.0412	0.0454	0.0455	0.0447	0.0464	0.0486	0.0559	0.0499	0.0464	0.0498	0.0439	0.0380	0.0420	0.0449	0.0535	0.0501	0.0411	0.0492	0.0473	0.0424	0.0372	0.0322	0.0281
0.0000	0.0000	0.0000	0.0000	0.0000	0.0000	0.0000	0.0092	0.0162	0.0154	0.0208	0.0098	0.0299	0.0197	0.0219	0.0230	0.0312	0.0173	0.0191	0.0287	0.0293	0.0406	0.0309	0.0355	0.0415	0.0363	0.0355	0.0380	0.0400	0.0516	0.0374	0.0370	0.0463	0.0354	0.0388	0.0428	0.0362	0.0301	0.0321	0.0283	0.0384	0.0383	0.0349	0.0414	0.0453	0.0469	0.0423	0.0404	0.0368	0.0406	0.0434	0.0509	0.0510	0.0475	0.0550	0.0418	0.0410	0.0441	0.0474	0.0618	0.0603	0.0543	0.0462	0.0557	0.0562	0.0454	0.0504	0.0357	0.0418
