0.0000	0.0000	0.0000	0.0000	0.0000	0.0000	0.0000	0.0035	0.0052	0.0035	0.0000	0.0158	0.0247	0.0192	0.0334	0.0437	0.0371	0.0328	0.0340	0.0424	0.0391	0.0458	0.0520	0.0414	0.0609	0.0680	0.0848	0.0650	0.0636	0.0861	0.0868	0.0731	0.0810	0.0730	0.0752	0.0846	0.0841	0.0833	0.0935	0.0733	0.0778	0.0676	0.0768	0.0861	0.0605	0.0780	0.0798	0.0657	0.0645	0.0736	0.0663	0.0649	0.0664	0.0686	0.0739	0.0675	0.0659	0.0596	0.0739	0.0618	0.0676	0.0606	0.0604	0.0521	0.0462	0.0551	0.0395	0.0668	0.0515
0.0000	0.0000	0.0197	0.0055	0.0000	0.0000	0.0036	0.0221	0.0129	0.0070	0.0284	0.0278	0.0413	0.0236	0.0341	0.0545	0.0318	0.0452	0.0570	0.0588	0.0677	0.0565	0.0600	0.0755	0.0676	0.0787	0.0645	0.0783	0.0840	0.0994	0.0844	0.1043	0.1030	0.0951	0.0906	0.0870	0.1043	0.0888	0.0836	0.0817	0.1052	0.0981	0.0933	0.0958	0.0742	0.0805	0.0737	0.0778	0.0763	0.0809	0.0900	0.0772	0.0605	0.0764	0.0755	0.0755	0.0759	0.0714	0.0805	0.0731	0.0791	0.0516	0.0571	0.0682	0.0683	0.0516	0.0448	0.0610	0.0631
0.0000	0.0000	0.0132	0.0044	0.0042	0.0000	0.0044	0.0244	0.0271	0.0250	0.0206	0.0289	0.0525	0.0572	0.0472	0.0462	0.0377	0.0459	0.0478	0.0538	0.0803	0.0725	0.0625	0.0889	0.0761	0.0699	0.0771	0.0889	0.0731	0.1010	0.1077	0.0936	0.1131	0.1000	0.0903	0.0981	0.1130	0.1107	0.0951	0.0858	0.1068	0.1031	0.1031	0.1076	0.0960	0.1009	0.0900	0.0892	0.0777	0.0799	0.0937	0.0966	0.0882	0.0846	0.0875	0.0884	0.0801	0.0727	0.0764	0.0966	0.1027	0.0811	0.0786	0.0781	0.0706	0.0681	0.0707	0.0766	0.0713
0.0000	0.0068	0.0038	0.0000	0.0000	0.0114	0.0104	0.0158	0.0379	0.0273	0.0179	0.0434	0.0533	0.0522	0.0527	0.0500	0.0519	0.0638	0.0625	0.0579	0.0714	0.0674	0.0787	0.0867	0.0770	0.0712	0.0825	0.0855	0.0889	0.1132	0.0949	0.0768	0.1031	0.1217	0.1087	0.1038	0.0978	0.1125	0.1051	0.0954	0.1125	0.1022	0.0927	0.1046	0.1045	0.0952	0.0913	0.0835	0.0813	0.0749	0.1068	0.1042	0.0931	0.0920	0.1081	0.0919	0.0921	0.0676	0.0813	0.1050	0.1105	0.0992	0.0972	0.1082	0.0996	0.0880	0.0929	0.0804	0.0960
0.0000	0.0000	0.0095	0.0000	0.0000	0.0142	0.0073	0.0213	0.0427	0.0361	0.0310	0.0330	0.0556	0.0496	0.0504	0.0661	0.0591	0.0480	0.0593	0.0793	0.0776	0.0726	0.0772	0.1024	0.0956	0.0805	0.0659	0.0882	0.1024	0.1053	0.1033	0.0751	0.1068	0.1376	0.1127	0.0853	0.1029	0.0936	0.1173	0.1012	0.0954	0.1078	0.1028	0.1030	0.1059	0.0978	0.1001	0.0899	0.0846	0.0847	0.1022	0.0972	0.0865	0.1045	0.1061	0.0980	0.0931	0.0854	0.0808	0.0896	0.1038	0.1098	0.1238	0.1296	0.1146	0.0862	0.1094	0.1125	0.1201
0.0000	0.0000	0.0024	0.0035	0.0054	0.0220	0.0299	0.0257	0.0433	0.0343	0.0326	0.0457	0.0616	0.0635	0.0465	0.0672	0.0677	0.0636	0.0638	0.0879	0.0838	0.0785	0.0766	0.0876	0.0961	0.0829	0.0835	0.0906	0.1014	0.1077	0.1080	0.0884	0.1025	0.1202	0.1059	0.0839	0.1037	0.1073	0.1057	0.1025	0.0991	0.1056	0.1094	0.1135	0.0992	0.0859	0.0920	0.1031	0.0911	0.1081	0.1061	0.0992	0.1109	0.1010	0.1140	0.1340	0.1084	0.0948	0.1021	0.1126	0.1234	0.1282	0.1220	0.1319	0.1176	0.1086	0.1198	0.1353	0.1405
0.0000	0.0015	0.0089	0.0115	0.0191	0.0336	0.0304	0.0430	0.0378	0.0272	0.0425	0.0642	0.0584	0.0503	0.0478	0.0612	0.0650	0.0674	0.0692	0.0793	0.1046	0.0863	0.0803	0.0637	0.1101	0.1110	0.0961	0.0905	0.1063	0.0905	0.1029	0.1206	0.1227	0.1369	0.1241	0.1083	0.1117	0.1085	0.1142	0.1195	0.0979	0.1167	0.1189	0.1061	0.0958	0.1007	0.1051	0.1246	0.0987	0.0976	0.1169	0.1245	0.1176	0.1205	0.1211	0.1501	0.1307	0.1286	0.1378	0.1496	0.1363	0.1363	0.1354	0.1561	0.1584	0.1411	0.1639	0.1727	0.1822
0.0000	0.0102	0.0061	0.0151	0.0139	0.0203	0.0324	0.0483	0.0422	0.0369	0.0409	0.0523	0.0545	0.0463	0.0583	0.0823	0.0719	0.0775	0.0759	0.0672	0.1086	0.0988	0.0954	0.0929	0.1136	0.1098	0.0891	0.1042	0.1137	0.1108	0.1226	0.1148	0.1254	0.1454	0.1297	0.1194	0.1220	0.1316	0.1200	0.1241	0.1134	0.1215	0.1380	0.1240	0.1086	0.1174	0.1202	0.1382	0.1108	0.1079	0.1250	0.1354	0.1346	0.1294	0.1485	0.1554	0.1482	0.1483	0.1578	0.1807	0.1796	0.2050	0.1946	0.2002	0.1946	0.1779	0.1737	0.1982	0.2267
0.0000	0.0068	0.0085	0.0232	0.0175	0.0240	0.0458	0.0433	0.0506	0.0633	0.0489	0.0748	0.0721	0.0693	0.0584	0.0852	0.0799	0.0818	0.0941	0.1012	0.1016	0.1218	0.1179	0.1025	0.1226	0.1162	0.0921	0.1172	0.1330	0.1155	0.1216	0.1145	0.1387	0.1471	0.1491	0.1411	0.1242	0.1303	0.1251	0.1384	0.1271	0.1187	0.1411	0.1389	0.1397	0.1455	0.1379	0.1426	0.1384	0.1479	0.1552	0.1692	0.1961	0.1952	0.1753	0.1825	0.1819	0.1746	0.2109	0.2097	0.2192	0.2158	0.2233	0.2120	0.2189	0.2160	0.2145	0.2532	0.2530
0.0000	0.0000	0.0193	0.0410	0.0262	0.0339	0.0503	0.0630	0.0455	0.0639	0.0675	0.0770	0.0693	0.0801	0.0840	0.0885	0.0928	0.0927	0.1113	0.1128	0.1179	0.1127	0.1246	0.1159	0.1152	0.1323	0.1193	0.1415	0.1477	0.1282	0.1299	0.1349	0.1341	0.1549	0.1594	0.1577	0.1445	0.1678	0.1611	0.1570	0.1318	0.1501	0.1539	0.1603	0.1732	0.1614	0.1771	0.1726	0.1689	0.1676	0.1795	0.2005	0.2255	0.2075	0.2041	0.2184	0.2355	0.2272	0.2344	0.2285	0.2409	0.2414	0.2642	0.2736	0.2332	0.2251	0.2513	0.2858	0.2817
0.0012	0.0107	0.0216	0.0229	0.0330	0.0532	0.0492	0.0552	0.0598	0.0581	0.0600	0.0654	0.1020	0.1018	0.0680	0.0970	0.1178	0.1169	0.1273	0.1149	0.1225	0.1331	0.1440	0.1341	0.1502	0.1497	0.1423	0.1347	0.1553	0.1487	0.1346	0.1500	0.1512	0.1668	0.1717	0.1717	0.1667	0.1782	0.1818	0.1736	0.1669	0.1813	0.2070	0.1833	0.1771	0.1916	0.2133	0.2084	0.2046	0.2077	0.2335	0.2470	0.2273	0.2228	0.2239	0.2514	0.2729	0.2607	0.2704	0.2806	0.2829	0.2548	0.2608	0.2884	0.2918	0.2540	0.2782	0.3512	0.3320
0.0062	0.0246	0.0476	0.0372	0.0360	0.0381	0.0519	0.0751	0.0711	0.0782	0.0752	0.0788	0.0917	0.1107	0.1020	0.1138	0.1154	0.1323	0.1407	0.1346	0.1531	0.1611	0.1464	0.1754	0.1920	0.1565	0.1847	0.1685	0.1665	0.1740	0.1694	0.1871	0.1820	0.2075	0.2165	0.1880	0.2065	0.2121	0.2340	0.2248	0.2128	0.2236	0.2461	0.2376	0.2160	0.2343	0.2313	0.2417	0.2284	0.2483	0.2587	0.2562	0.2646	0.2741	0.2802	0.3119	0.3788	0.3934	0.3603	0.3204	0.3232	0.3099	0.3106	0.3351	0.3346	0.2813	0.3045	0.3833	0.3618
0.0101	0.0366	0.0492	0.0426	0.0595	0.0616	0.0337	0.0663	0.0764	0.0883	0.0799	0.0915	0.1195	0.0952	0.1084	0.1165	0.1406	0.1671	0.1991	0.2324	0.2940	0.3871	0.2911	0.2768	0.2349	0.2391	0.2528	0.2237	0.2353	0.2265	0.2250	0.2406	0.2649	0.3033	0.3089	0.2547	0.2441	0.2631	0.2684	0.2651	0.2451	0.2584	0.2645	0.2758	0.2590	0.2551	0.2503	0.2635	0.2854	0.2677	0.2892	0.2940	0.3098	0.3122	0.3472	0.4241	0.5555	0.6291	0.5321	0.3479	0.3400	0.3794	0.4351	0.3778	0.3283	0.3492	0.3991	0.3905	0.3350
0.0155	0.0296	0.0467	0.0595	0.0568	0.0546	0.0704	0.0951	0.0949	0.1063	0.0926	0.1310	0.1406	0.1407	0.1493	0.2005	0.2290	0.3209	0.3896	0.4394	0.5046	0.6326	0.5517	0.4659	0.4234	0.3647	0.3219	0.3307	0.3019	0.3293	0.3229	0.3356	0.3925	0.5434	0.6402	0.4337	0.3101	0.2719	0.2797	0.2920	0.2848	0.2724	0.3133	0.2892	0.2758	0.2720	0.2781	0.2631	0.2679	0.2841	0.3369	0.3633	0.3630	0.3800	0.4026	0.5266	0.6602	0.6814	0.6283	0.4662	0.4839	0.5089	0.5427	0.4086	0.3418	0.4118	0.4558	0.3856	0.3362
0.0248	0.0137	0.0439	0.0520	0.0457	0.0597	0.0918	0.1154	0.1273	0.1193	0.1302	0.1769	0.2036	0.2040	0.2339	0.3203	0.4942	0.6121	0.6598	0.6170	0.6499	0.6687	0.6427	0.6565	0.6815	0.5611	0.5438	0.5600	0.4411	0.4629	0.4656	0.5094	0.6391	0.7560	0.8590	0.7275	0.5078	0.3598	0.3371	0.3535	0.3183	0.3330	0.4397	0.4091	0.3273	0.3153	0.3131	0.3066	0.3365	0.3334	0.4035	0.5214	0.5578	0.4426	0.4443	0.5647	0.7069	0.7103	0.6622	0.5503	0.5761	0.5635	0.5571	0.4659	0.3769	0.4205	0.4296	0.3709	0.3136
0.0174	0.0266	0.0471	0.0665	0.0745	0.0963	0.1047	0.1276	0.1574	0.1818	0.2449	0.2999	0.3324	0.3772	0.4313	0.5561	0.7711	0.7015	0.6972	0.7123	0.6902	0.6687	0.6399	0.6800	0.6590	0.6932	0.7029	0.7303	0.7477	0.7064	0.6859	0.7893	0.8767	0.9196	0.8734	0.8509	0.8311	0.6338	0.4935	0.5129	0.5273	0.5307	0.7781	0.7537	0.4787	0.3927	0.3617	0.3656	0.3954	0.4436	0.6073	0.8008	0.8070	0.5824	0.4719	0.6057	0.7005	0.6836	0.6500	0.6030	0.5875	0.5642	0.5530	0.5373	0.3603	0.4109	0.4096	0.3688	0.3260
0.0433	0.0534	0.0592	0.1004	0.1375	0.1469	0.1628	0.2251	0.2741	0.3706	0.5032	0.6145	0.6369	0.5886	0.6629	0.6745	0.6460	0.6145	0.6068	0.6231	0.6615	0.6285	0.5932	0.6411	0.6730	0.7122	0.6785	0.7173	0.7426	0.7691	0.8214	0.9035	0.9425	0.9453	0.9083	0.8716	0.9416	0.9385	0.8945	0.8436	0.8450	0.7941	0.9662	1.0000	0.7458	0.4798	0.4155	0.4443	0.4392	0.5522	0.7995	0.8632	0.7939	0.7202	0.5090	0.5304	0.6503	0.6519	0.6063	0.6236	0.6061	0.5665	0.5412	0.5137	0.4356	0.3896	0.3898	0.3658	0.3218
0.0621	0.0974	0.1141	0.1646	0.2319	0.3077	0.3895	0.4570	0.5400	0.5693	0.6513	0.6481	0.6371	0.5930	0.5871	0.6049	0.5310	0.5723	0.5903	0.5907	0.6587	0.6448	0.6254	0.6075	0.6033	0.6408	0.7027	0.7216	0.6664	0.7555	0.8307	0.8888	0.8814	0.9040	0.8714	0.8956	0.9103	0.8848	0.9079	0.9261	0.9282	0.8945	0.9997	0.9239	0.7939	0.6450	0.4954	0.4784	0.5000	0.6179	0.7966	0.8132	0.7676	0.7273	0.5499	0.4330	0.4949	0.5274	0.5351	0.6171	0.6087	0.5413	0.4847	0.5121	0.4244	0.3677	0.3692	0.3623	0.3289
0.1141	0.1864	0.2426	0.3439	0.4309	0.5536	0.6088	0.6410	0.6326	0.5328	0.5314	0.5402	0.5156	0.4570	0.4946	0.5533	0.5807	0.5847	0.6006	0.5948	0.6324	0.6484	0.6164	0.6037	0.6109	0.6285	0.7048	0.6976	0.7072	0.7999	0.7969	0.8123	0.8431	0.8795	0.8611	0.8721	0.8386	0.8515	0.8608	0.8758	0.9087	0.9077	0.9697	0.8887	0.8496	0.8821	0.6090	0.4840	0.5176	0.6875	0.8542	0.7968	0.7839	0.7517	0.6441	0.5447	0.5684	0.5500	0.5550	0.6029	0.6057	0.5057	0.4799	0.4631	0.3946	0.3637	0.3607	0.3389	0.3263
0.2182	0.2945	0.3880	0.4147	0.4396	0.4933	0.4648	0.4407	0.4430	0.4251	0.4443	0.4409	0.4852	0.4336	0.4971	0.4865	0.5445	0.6157	0.6149	0.5747	0.6012	0.6480	0.6076	0.6122	0.6070	0.6152	0.6267	0.6718	0.7126	0.7879	0.7374	0.7546	0.8241	0.8862	0.8166	0.8444	0.8056	0.8409	0.8188	0.7809	0.8286	0.8493	0.8604	0.8670	0.9407	0.8548	0.6270	0.5135	0.5700	0.6932	0.8285	0.7527	0.7219	0.6978	0.7074	0.6492	0.6166	0.6060	0.5815	0.5489	0.5072	0.4682	0.4773	0.4689	0.4198	0.3874	0.3615	0.3570	0.2968
0.2193	0.2663	0.2866	0.2811	0.2978	0.3184	0.3576	0.3341	0.3304	0.3502	0.3673	0.4132	0.4616	0.4784	0.4546	0.4594	0.5053	0.5668	0.5746	0.5496	0.5913	0.6067	0.5822	0.6129	0.5503	0.6058	0.6010	0.6536	0.6832	0.7011	0.7867	0.7955	0.8078	0.8171	0.8306	0.8310	0.8416	0.8010	0.7932	0.8169	0.8064	0.8199	0.8359	0.8483	0.8257	0.8180	0.7624	0.6227	0.6635	0.7249	0.7375	0.7001	0.6817	0.7058	0.6459	0.6204	0.5923	0.5710	0.5532	0.5352	0.5297	0.5047	0.4682	0.4266	0.4117	0.3827	0.3658	0.3522	0.3097
0.1878	0.2381	0.2419	0.2734	0.2669	0.2891	0.3055	0.3304	0.3178	0.3427	0.3555	0.4017	0.4436	0.4818	0.4592	0.4670	0.5435	0.5445	0.5917	0.5698	0.5914	0.5956	0.6068	0.5812	0.5771	0.5811	0.5939	0.6319	0.6527	0.6777	0.7461	0.7349	0.7449	0.7427	0.7562	0.7543	0.7263	0.7689	0.7868	0.7689	0.8170	0.7631	0.7851	0.8235	0.7958	0.8203	0.7749	0.7560	0.7432	0.7498	0.7668	0.6884	0.6910	0.6745	0.6112	0.6171	0.5999	0.5664	0.5316	0.5199	0.5235	0.4920	0.4585	0.4120	0.4063	0.3812	0.3729	0.3663	0.3075
0.1701	0.2193	0.2599	0.2560	0.2570	0.2668	0.3285	0.2997	0.3086	0.3404	0.3960	0.4000	0.4425	0.4728	0.4626	0.5272	0.5773	0.5600	0.5588	0.5029	0.5616	0.6141	0.5757	0.5850	0.5672	0.5474	0.6123	0.6339	0.6043	0.6513	0.6636	0.6388	0.7139	0.7011	0.7059	0.7410	0.7437	0.7290	0.7677	0.7479	0.7338	0.7153	0.7338	0.7523	0.7843	0.7846	0.7541	0.7544	0.7228	0.7023	0.7017	0.7072	0.7191	0.6720	0.6262	0.6012	0.5899	0.5672	0.5236	0.5543	0.4997	0.4889	0.4694	0.4380	0.4044	0.3771	0.3639	0.3148	0.2998
0.1803	0.2006	0.2443	0.2694	0.2568	0.2819	0.3670	0.3464	0.3132	0.3135	0.3691	0.3982	0.4231	0.4282	0.4601	0.4953	0.5458	0.5445	0.5309	0.5210	0.5610	0.5761	0.5542	0.5468	0.5626	0.5283	0.5749	0.6002	0.6197	0.6091	0.6435	0.7019	0.7099	0.7309	0.7141	0.6905	0.7236	0.6967	0.6933	0.7083	0.7204	0.7060	0.7452	0.7377	0.7572	0.7619	0.7557	0.7438	0.6932	0.6927	0.6383	0.6494	0.7119	0.6506	0.6103	0.5846	0.5616	0.5653	0.5414	0.5084	0.4850	0.4867	0.4528	0.4397	0.4130	0.4061	0.3735	0.3263	0.3268
0.2017	0.2164	0.2423	0.2522	0.2537	0.3231	0.3680	0.3195	0.3357	0.3399	0.3626	0.3816	0.4407	0.4335	0.4518	0.4886	0.4839	0.5144	0.5293	0.5250	0.5227	0.5232	0.5377	0.5600	0.5286	0.5686	0.5473	0.5570	0.6088	0.6017	0.6029	0.6346	0.6975	0.7143	0.6892	0.6788	0.7328	0.6893	0.6766	0.6778	0.7008	0.7107	0.7357	0.7017	0.7061	0.6972	0.6954	0.6748	0.6940	0.6629	0.6392	0.6095	0.6466	0.6114	0.6081	0.5669	0.5616	0.5346	0.5319	0.5228	0.5111	0.4832	0.4781	0.3863	0.3892	0.3665	0.3610	0.3343	0.2810
0.2040	0.2142	0.2327	0.2390	0.2427	0.2620	0.2918	0.3244	0.3383	0.3123	0.3779	0.4132	0.4538	0.4505	0.4589	0.4830	0.5219	0.4817	0.5047	0.5332	0.5449	0.5081	0.5052	0.5289	0.5267	0.5606	0.5549	0.5760	0.5880	0.6041	0.6682	0.6291	0.6417	0.6814	0.6857	0.6636	0.6764	0.6742	0.7113	0.6875	0.7100	0.6937	0.6764	0.6673	0.6670	0.6925	0.6832	0.6715	0.6925	0.6372	0.6576	0.6406	0.6126	0.5832	0.6042	0.5742	0.5881	0.5306	0.5278	0.4896	0.4826	0.4492	0.4547	0.4403	0.4025	0.3742	0.3412	0.3189	0.2899
0.1787	0.2162	0.2651	0.2586	0.2747	0.2875	0.2877	0.3290	0.3161	0.3295	0.3811	0.4141	0.4885	0.4658	0.5004	0.4939	0.5102	0.4590	0.5061	0.5184	0.5643	0.5311	0.5219	0.5595	0.5333	0.5455	0.5580	0.5873	0.6065	0.6157	0.6568	0.6461	0.6394	0.6574	0.6534	0.6294	0.6285	0.6382	0.6811	0.6770	0.6649	0.6363	0.6404	0.6253	0.6760	0.6846	0.6430	0.6371	0.6298	0.6371	0.6296	0.6165	0.5913	0.5871	0.5829	0.5731	0.5245	0.4924	0.5325	0.5189	0.4543	0.4642	0.4596	0.4139	0.4005	0.3751	0.3562	0.3476	0.3213
0.1987	0.2309	0.2707	0.2879	0.2770	0.2982	0.3120	0.3199	0.3266	0.3519	0.3428	0.3773	0.4597	0.4499	0.4985	0.5047	0.4901	0.4864	0.5075	0.5315	0.5237	0.5561	0.5356	0.5691	0.5802	0.5661	0.5541	0.5840	0.6147	0.6163	0.6484	0.6576	0.6399	0.6686	0.6285	0.6278	0.6332	0.6565	0.6789	0.6548	0.6637	0.6410	0.6385	0.5923	0.6219	0.6255	0.6131	0.6002	0.6019	0.5895	0.6410	0.6021	0.6215	0.5700	0.5617	0.5703	0.5270	0.4919	0.5083	0.5136	0.4773	0.4965	0.4744	0.4182	0.4050	0.3644	0.3910	0.3798	0.3321
0.1955	0.2222	0.2273	0.2741	0.2851	0.2650	0.3007	0.3046	0.3313	0.3711	0.3877	0.4010	0.4327	0.4731	0.5173	0.5014	0.5285	0.5632	0.5757	0.5395	0.5522	0.5202	0.5426	0.5758	0.5764	0.5366	0.5907	0.6112	0.6442	0.6390	0.6741	0.6713	0.6646	0.6670	0.6314	0.6296	0.6615	0.6924	0.6600	0.6479	0.6647	0.6425	0.6413	0.6199	0.5960	0.5901	0.5973	0.5937	0.5938	0.5815	0.5755	0.5587	0.5561	0.5319	0.5574	0.5537	0.5160	0.4960	0.4899	0.4877	0.4834	0.4928	0.4979	0.4217	0.3829	0.3595	0.3852	0.3474	0.3028
0.1885	0.1990	0.2644	0.3119	0.2801	0.2781	0.3087	0.3178	0.3357	0.3475	0.3688	0.4288	0.4643	0.4580	0.4343	0.4618	0.5334	0.5760	0.5691	0.5692	0.5397	0.5416	0.5618	0.6269	0.5649	0.5515	0.5929	0.6052	0.6046	0.6469	0.6621	0.6816	0.7335	0.6890	0.6663	0.6586	0.7328	0.7178	0.6580	0.6630	0.6703	0.6233	0.6107	0.6279	0.6061	0.5637	0.5872	0.5808	0.5684	0.5897	0.5672	0.5584	0.5598	0.5156	0.5406	0.5331	0.5110	0.5032	0.4700	0.4662	0.4678	0.4641	0.4348	0.4436	0.4088	0.3699	0.3912	0.3957	0.3247
0.1905	0.2158	0.2644	0.2644	0.2644	0.2783	0.3406	0.3286	0.3471	0.3510	0.3732	0.4084	0.4245	0.4263	0.4797	0.4847	0.5420	0.5328	0.5292	0.5469	0.5506	0.5741	0.5513	0.5735	0.5524	0.5394	0.5579	0.6087	0.6249	0.6152	0.6691	0.6915	0.6914	0.7188	0.7327	0.7634	0.7370	0.6786	0.7088	0.6827	0.6516	0.6869	0.6338	0.6267	0.6040	0.5666	0.6047	0.5808	0.5849	0.6246	0.5826	0.5714	0.5848	0.5400	0.5312	0.5176	0.5326	0.5054	0.4756	0.4982	0.4690	0.4644	0.4280	0.4059	0.3936	0.3618	0.3784	0.3766	0.3373
0.1819	0.2054	0.2041	0.2625	0.2745	0.2719	0.3043	0.3194	0.3294	0.3399	0.3815	0.4144	0.4163	0.4053	0.4520	0.5138	0.5498	0.5266	0.5439	0.5516	0.5662	0.5586	0.5476	0.5819	0.6067	0.5595	0.5374	0.5902	0.6655	0.6417	0.6709	0.7345	0.7191	0.7087	0.7389	0.7496	0.7419	0.7033	0.7363	0.6723	0.6829	0.6814	0.6931	0.6537	0.6791	0.6348	0.6162	0.6340	0.5725	0.5870	0.6104	0.5561	0.5606	0.5436	0.5619	0.5308	0.5299	0.5199	0.4686	0.4839	0.4877	0.4936	0.4719	0.4307	0.4141	0.4002	0.3869	0.3762	0.3399
0.1870	0.2116	0.2017	0.2531	0.2694	0.2673	0.3174	0.3314	0.3413	0.3300	0.3240	0.3816	0.4021	0.4361	0.4212	0.4824	0.5225	0.5554	0.5582	0.5751	0.5917	0.5674	0.5672	0.6151	0.6029	0.6039	0.6143	0.6669	0.6909	0.6543	0.6850	0.7379	0.7377	0.7472	0.7552	0.7912	0.8096	0.7571	0.7645	0.6933	0.7480	0.7266	0.6913	0.6919	0.7376	0.6528	0.6745	0.6450	0.6307	0.5827	0.5866	0.5526	0.5656	0.5393	0.5337	0.5272	0.5261	0.5066	0.4726	0.4982	0.4881	0.4811	0.4745	0.4225	0.4039	0.3949	0.3900	0.3523	0.3401
0.1756	0.1798	0.2288	0.2491	0.2779	0.2781	0.3001	0.3516	0.3497	0.3351	0.3394	0.3425	0.3764	0.4441	0.4496	0.4800	0.4944	0.5126	0.5152	0.5684	0.5703	0.5355	0.5721	0.5855	0.6087	0.6221	0.6135	0.6925	0.7171	0.6953	0.7438	0.7294	0.7740	0.7791	0.7801	0.7955	0.7748	0.7687	0.8143	0.7605	0.8089	0.7761	0.7376	0.7498	0.7310	0.7264	0.7378	0.6677	0.6914	0.6714	0.6124	0.5861	0.5625	0.5455	0.5482	0.5314	0.5115	0.4994	0.5070	0.5116	0.4918	0.4476	0.4452	0.4714	0.4134	0.4149	0.4126	0.3975	0.3622
0.1592	0.2045	0.2394	0.2182	0.2586	0.2769	0.2820	0.3338	0.3159	0.3247	0.3460	0.3423	0.4033	0.4391	0.4425	0.4631	0.5029	0.5130	0.5320	0.5498	0.5962	0.5979	0.6043	0.6471	0.6813	0.6802	0.6630	0.6713	0.6586	0.6856	0.7307	0.7424	0.7438	0.7639	0.8379	0.8074	0.7850	0.8015	0.8335	0.7862	0.8342	0.8136	0.8048	0.7991	0.7630	0.7859	0.7327	0.7839	0.7571	0.7604	0.6787	0.6468	0.6069	0.5939	0.5548	0.5464	0.5132	0.5209	0.5235	0.5160	0.4790	0.4587	0.4594	0.4374	0.4517	0.4422	0.4102	0.3752	0.3503
0.1707	0.1713	0.2000	0.2367	0.2335	0.2724	0.3099	0.3054	0.3166	0.3418	0.3390	0.3658	0.3629	0.4312	0.4553	0.4474	0.4835	0.5097	0.5054	0.5686	0.5839	0.6086	0.6191	0.6330	0.6626	0.6659	0.6635	0.6859	0.6779	0.7257	0.7549	0.7334	0.7389	0.7881	0.7929	0.8215	0.8090	0.8219	0.7847	0.7891	0.8156	0.7822	0.8274	0.8361	0.8107	0.8318	0.8435	0.8658	0.8554	0.8238	0.7628	0.7069	0.6394	0.6262	0.5943	0.5721	0.5459	0.5575	0.5162	0.5024	0.5093	0.4988	0.5005	0.4544	0.4403	0.4202	0.4026	0.3914	0.3561
0.1699	0.1971	0.1986	0.2378	0.2616	0.2932	0.3048	0.3176	0.3464	0.3726	0.3582	0.3755	0.4048	0.4434	0.4424	0.4620	0.4875	0.5231	0.5408	0.5573	0.6110	0.6339	0.6542	0.6596	0.6085	0.6200	0.6269	0.6728	0.7192	0.7392	0.7515	0.7837	0.8057	0.8218	0.7897	0.8159	0.8236	0.8174	0.7768	0.7902	0.8258	0.8337	0.7878	0.8373	0.8616	0.8296	0.8857	0.8228	0.6998	0.8516	0.8224	0.7627	0.7156	0.6922	0.6199	0.6215	0.5974	0.6017	0.5729	0.5198	0.5172	0.5261	0.5001	0.4597	0.4469	0.4194	0.4224	0.4072	0.3789
0.1968	0.2239	0.2655	0.3140	0.3065	0.3565	0.3560	0.3865	0.4064	0.3795	0.3770	0.4193	0.4310	0.4393	0.4701	0.4718	0.5151	0.5947	0.5942	0.6113	0.6443	0.6825	0.6596	0.7103	0.6750	0.6894	0.6486	0.6722	0.7092	0.6953	0.7703	0.8197	0.8286	0.8696	0.8634	0.8246	0.8158	0.8234	0.8358	0.8330	0.8368	0.8031	0.8668	0.8659	0.9222	0.8990	0.9460	0.9081	0.6936	0.7561	0.9386	0.8765	0.8232	0.7932	0.7092	0.6894	0.6808	0.6665	0.6467	0.5743	0.5631	0.5594	0.5380	0.4984	0.4898	0.4700	0.4710	0.4358	0.3834
0.2263	0.3417	0.4153	0.4639	0.4601	0.5010	0.5215	0.5260	0.4666	0.4817	0.4937	0.5002	0.4778	0.5125	0.4963	0.5313	0.5763	0.5598	0.5659	0.5957	0.6206	0.6801	0.7180	0.6867	0.7087	0.7091	0.6889	0.6666	0.6849	0.7014	0.7931	0.8377	0.8838	0.8988	0.8595	0.8183	0.8422	0.8731	0.8557	0.8601	0.9060	0.9040	0.9612	0.9854	0.9666	0.9421	0.9602	0.9569	0.8345	0.6223	0.7400	0.7951	0.8056	0.8497	0.7793	0.7974	0.7204	0.6816	0.6785	0.6567	0.6426	0.6330	0.5785	0.5669	0.5013	0.5084	0.4936	0.4340	0.3978
0.1266	0.2472	0.4042	0.5671	0.6143	0.6975	0.7101	0.7096	0.6701	0.6502	0.6051	0.6258	0.6181	0.6062	0.6245	0.6429	0.6173	0.5879	0.5691	0.5864	0.5911	0.6680	0.6867	0.6583	0.6280	0.6258	0.6242	0.6440	0.7203	0.7650	0.8364	0.8391	0.8836	0.8948	0.8462	0.8194	0.8939	0.8594	0.8701	0.8699	0.9154	0.9092	0.8715	0.8384	0.7563	0.7564	0.9218	0.9512	0.8351	0.5002	0.4460	0.5162	0.6025	0.7868	0.8247	0.8334	0.7951	0.7293	0.7632	0.7372	0.6945	0.6976	0.6113	0.6054	0.5557	0.5170	0.4916	0.4446	0.4254
0.0771	0.1209	0.1639	0.2816	0.3800	0.5395	0.6381	0.6989	0.7145	0.7745	0.7703	0.7563	0.7438	0.7386	0.7338	0.7251	0.7012	0.6744	0.6812	0.6653	0.6722	0.6511	0.6446	0.6486	0.6174	0.6259	0.6576	0.7144	0.7839	0.8076	0.8534	0.9083	0.8764	0.8538	0.8560	0.8795	0.8805	0.8415	0.8408	0.8496	0.8787	0.6384	0.4389	0.4086	0.3720	0.4126	0.5502	0.6111	0.5517	0.3916	0.3655	0.4064	0.4273	0.4973	0.5510	0.6254	0.6573	0.6174	0.7018	0.7035	0.6913	0.7264	0.6698	0.6359	0.5627	0.5262	0.5357	0.5060	0.4718
0.0529	0.0688	0.0939	0.1098	0.1385	0.1959	0.2302	0.3230	0.4300	0.5388	0.6616	0.6959	0.7494	0.7345	0.7900	0.8118	0.7898	0.7809	0.7677	0.7234	0.7505	0.7080	0.7169	0.7182	0.7338	0.7222	0.7204	0.7644	0.8012	0.8146	0.8703	0.8780	0.8865	0.9462	0.9134	0.9296	0.9077	0.9199	0.8637	0.7865	0.6184	0.3922	0.2680	0.2681	0.2803	0.2907	0.3042	0.3190	0.3070	0.2985	0.3312	0.3335	0.3425	0.3620	0.3653	0.3738	0.4067	0.4082	0.4545	0.5465	0.7317	0.7702	0.7194	0.6405	0.6105	0.5898	0.5739	0.5298	0.4777
0.0155	0.0500	0.0657	0.0695	0.0891	0.0931	0.1113	0.1192	0.1436	0.1934	0.2654	0.3173	0.3822	0.4229	0.5944	0.6908	0.7616	0.8552	0.8580	0.7871	0.7574	0.7754	0.7799	0.7847	0.8065	0.8006	0.7700	0.8002	0.8641	0.8546	0.8644	0.8486	0.8870	0.9695	0.9422	0.8396	0.7347	0.7974	0.7772	0.5187	0.3059	0.2480	0.2474	0.2564	0.2543	0.2505	0.2713	0.2887	0.2775	0.2706	0.2940	0.3135	0.3306	0.3406	0.3583	0.3879	0.4045	0.4221	0.4426	0.5728	0.7767	0.7523	0.7473	0.6768	0.6144	0.6233	0.5930	0.5483	0.5287
0.0054	0.0215	0.0310	0.0463	0.0730	0.0645	0.0733	0.0708	0.1015	0.1156	0.1156	0.1289	0.1451	0.1775	0.2184	0.2893	0.3995	0.4979	0.6085	0.6983	0.7062	0.7100	0.7892	0.8138	0.8173	0.7919	0.8028	0.8340	0.8375	0.8410	0.8544	0.9252	0.8748	0.8082	0.7460	0.6070	0.4002	0.3640	0.3708	0.2565	0.2322	0.2304	0.2310	0.2296	0.2327	0.2415	0.2458	0.2568	0.2686	0.2656	0.2667	0.2990	0.3066	0.3297	0.3482	0.3805	0.4011	0.4221	0.4321	0.5635	0.7524	0.7781	0.7792	0.6735	0.5987	0.5179	0.4874	0.5187	0.5171
0.0153	0.0233	0.0369	0.0404	0.0503	0.0715	0.0649	0.0704	0.0709	0.0821	0.0912	0.1019	0.1192	0.1192	0.1153	0.1251	0.1506	0.1748	0.2193	0.2686	0.3256	0.3537	0.3915	0.5177	0.5552	0.5646	0.5969	0.5867	0.6742	0.6849	0.6476	0.6668	0.5131	0.3809	0.3229	0.2496	0.2120	0.2024	0.2052	0.1970	0.1868	0.2070	0.2102	0.2069	0.2095	0.2167	0.2095	0.2226	0.2325	0.2378	0.2567	0.2508	0.2718	0.2919	0.3064	0.3095	0.3174	0.3534	0.3756	0.4363	0.5832	0.6216	0.6888	0.6858	0.5783	0.5305	0.4851	0.5763	0.5146
0.0235	0.0092	0.0340	0.0361	0.0384	0.0629	0.0731	0.0812	0.0710	0.0705	0.0803	0.0761	0.0837	0.0820	0.1024	0.1174	0.1207	0.1321	0.1521	0.1569	0.1552	0.1551	0.1773	0.1811	0.1940	0.2009	0.2095	0.2050	0.2547	0.2635	0.2426	0.2302	0.1976	0.1706	0.1665	0.1704	0.1719	0.1699	0.1711	0.1649	0.1531	0.1671	0.1686	0.1842	0.1795	0.1824	0.1935	0.2035	0.1966	0.2033	0.2163	0.2174	0.2293	0.2379	0.2537	0.2622	0.2762	0.2976	0.3198	0.3490	0.3880	0.4136	0.4866	0.6634	0.6840	0.5949	0.4870	0.5541	0.5415
0.0179	0.0188	0.0486	0.0442	0.0427	0.0536	0.0564	0.0564	0.0616	0.0622	0.0717	0.0608	0.0804	0.0832	0.0846	0.0936	0.1113	0.1123	0.1272	0.1242	0.1177	0.1252	0.1321	0.1284	0.1243	0.1367	0.1397	0.1274	0.1363	0.1398	0.1391	0.1397	0.1270	0.1260	0.1325	0.1309	0.1320	0.1350	0.1322	0.1338	0.1348	0.1399	0.1346	0.1495	0.1575	0.1437	0.1567	0.1620	0.1607	0.1647	0.1846	0.1962	0.1883	0.1896	0.2085	0.2203	0.2393	0.2461	0.2560	0.2781	0.2938	0.3295	0.3655	0.5356	0.6273	0.4917	0.4765	0.5764	0.5834
0.0189	0.0236	0.0289	0.0382	0.0232	0.0296	0.0511	0.0476	0.0443	0.0536	0.0636	0.0622	0.0576	0.0720	0.0694	0.0717	0.0992	0.0910	0.0983	0.0974	0.0937	0.1004	0.1004	0.1027	0.1223	0.1146	0.1059	0.1190	0.1312	0.1227	0.1129	0.1091	0.1155	0.1108	0.1158	0.1105	0.1181	0.1042	0.1037	0.1063	0.1033	0.1132	0.1177	0.1105	0.1186	0.1191	0.1281	0.1349	0.1337	0.1331	0.1521	0.1533	0.1545	0.1529	0.1738	0.1946	0.1975	0.2007	0.2094	0.2273	0.2411	0.2472	0.2866	0.3232	0.3714	0.3647	0.4080	0.5506	0.5867
0.0090	0.0199	0.0303	0.0278	0.0211	0.0304	0.0398	0.0493	0.0324	0.0471	0.0510	0.0624	0.0669	0.0635	0.0623	0.0723	0.0734	0.0891	0.0808	0.0745	0.0936	0.0829	0.0784	0.0922	0.0900	0.0955	0.0856	0.0912	0.0997	0.1023	0.0986	0.0935	0.1036	0.0910	0.1021	0.0933	0.0908	0.0855	0.0853	0.0887	0.0836	0.0976	0.0963	0.0915	0.1008	0.1049	0.1141	0.1174	0.1110	0.1116	0.1168	0.1270	0.1254	0.1223	0.1420	0.1588	0.1493	0.1570	0.1841	0.1928	0.1887	0.2038	0.2249	0.2422	0.2534	0.3045	0.4136	0.5600	0.5746
0.0000	0.0087	0.0127	0.0132	0.0246	0.0264	0.0257	0.0408	0.0389	0.0498	0.0481	0.0572	0.0588	0.0595	0.0599	0.0639	0.0636	0.0785	0.0785	0.0603	0.0814	0.0778	0.0783	0.0926	0.0976	0.0920	0.0872	0.0830	0.0871	0.0826	0.0852	0.0825	0.0813	0.0845	0.0952	0.0804	0.0803	0.0785	0.0854	0.0794	0.0821	0.0823	0.0928	0.0790	0.0885	0.0930	0.0929	0.0917	0.0912	0.0979	0.0968	0.1003	0.1032	0.1075	0.1232	0.1346	0.1317	0.1292	0.1534	0.1726	0.1760	0.1769	0.2043	0.2307	0.2638	0.3761	0.6019	0.5942	0.5255
0.0000	0.0000	0.0184	0.0049	0.0060	0.0111	0.0244	0.0268	0.0430	0.0381	0.0370	0.0453	0.0505	0.0547	0.0601	0.0672	0.0603	0.0655	0.0680	0.0708	0.0749	0.0587	0.0678	0.0883	0.0843	0.0919	0.0966	0.0805	0.0742	0.0727	0.0683	0.0756	0.0770	0.0802	0.0846	0.0775	0.0789	0.0751	0.0776	0.0791	0.0745	0.0780	0.0778	0.0750	0.0686	0.0719	0.0789	0.0743	0.0737	0.0765	0.0821	0.0827	0.0798	0.0853	0.1055	0.1095	0.1066	0.1088	0.1224	0.1512	0.1608	0.1612	0.1828	0.2140	0.2582	0.5068	0.6688	0.5653	0.5217
0.0000	0.0068	0.0138	0.0094	0.0189	0.0039	0.0131	0.0287	0.0406	0.0335	0.0308	0.0385	0.0579	0.0553	0.0508	0.0619	0.0572	0.0508	0.0577	0.0528	0.0572	0.0672	0.0728	0.0703	0.0717	0.0722	0.0742	0.0788	0.0714	0.0643	0.0746	0.0653	0.0589	0.0814	0.0854	0.0751	0.0810	0.0710	0.0657	0.0725	0.0673	0.0654	0.0705	0.0633	0.0609	0.0651	0.0657	0.0675	0.0684	0.0633	0.0679	0.0663	0.0715	0.0680	0.0763	0.0748	0.0814	0.0853	0.0865	0.1085	0.1177	0.1316	0.1549	0.1772	0.2243	0.3609	0.5598	0.5742	0.4769
0.0000	0.0000	0.0033	0.0142	0.0155	0.0072	0.0333	0.0440	0.0222	0.0291	0.0329	0.0263	0.0374	0.0308	0.0471	0.0453	0.0434	0.0472	0.0521	0.0569	0.0555	0.0619	0.0613	0.0600	0.0705	0.0519	0.0592	0.0592	0.0618	0.0682	0.0622	0.0617	0.0628	0.0761	0.0652	0.0649	0.0584	0.0624	0.0623	0.0603	0.0588	0.0601	0.0638	0.0590	0.0581	0.0629	0.0584	0.0577	0.0647	0.0582	0.0696	0.0645	0.0651	0.0640	0.0634	0.0663	0.0725	0.0701	0.0635	0.0763	0.0829	0.0880	0.0989	0.1275	0.1434	0.1929	0.3785	0.5044	0.4608
0.0000	0.0000	0.0000	0.0000	0.0000	0.0036	0.0242	0.0276	0.0002	0.0149	0.0279	0.0290	0.0273	0.0361	0.0361	0.0342	0.0449	0.0280	0.0325	0.0430	0.0549	0.0525	0.0501	0.0507	0.0555	0.0592	0.0563	0.0540	0.0662	0.0740	0.0573	0.0608	0.0523	0.0601	0.0721	0.0654	0.0488	0.0568	0.0654	0.0599	0.0530	0.0529	0.0638	0.0600	0.0469	0.0508	0.0592	0.0561	0.0497	0.0530	0.0676	0.0671	0.0611	0.0565	0.0653	0.0639	0.0613	0.0615	0.0658	0.0731	0.0737	0.0711	0.0863	0.0782	0.0853	0.1018	0.1360	0.2019	0.2294
0.0000	0.0000	0.0000	0.0000	0.0000	0.0000	0.0039	0.0143	0.0128	0.0051	0.0313	0.0407	0.0265	0.0268	0.0353	0.0448	0.0561	0.0510	0.0432	0.0500	0.0539	0.0440	0.0417	0.0487	0.0541	0.0560	0.0557	0.0518	0.0634	0.0647	0.0660	0.0662	0.0505	0.0528	0.0607	0.0561	0.0569	0.0571	0.0660	0.0637	0.0581	0.0521	0.0584	0.0526	0.0534	0.0564	0.0584	0.0573	0.0422	0.0485	0.0558	0.0555	0.0586	0.0500	0.0657	0.0672	0.0606	0.0555	0.0598	0.0625	0.0606	0.0575	0.0670	0.0716	0.0711	0.0702	0.0739	0.0830	0.0860
0.0000	0.0000	0.0000	0.0013	0.0000	0.0000	0.0104	0.0112	0.0303	0.0221	0.0159	0.0288	0.0322	0.0393	0.0339	0.0422	0.0476	0.0490	0.0426	0.0427	0.0461	0.0396	0.0441	0.0555	0.0534	0.0527	0.0574	0.0475	0.0452	0.0633	0.0653	0.0545	0.0552	0.0564	0.0598	0.0547	0.0491	0.0540	0.0636	0.0474	0.0483	0.0545	0.0515	0.0438	0.0464	0.0535	0.0574	0.0570	0.0566	0.0542	0.0531	0.0470	0.0543	0.0514	0.0604	0.0635	0.0569	0.0447	0.0525	0.0513	0.0578	0.0453	0.0616	0.0634	0.0626	0.0545	0.0544	0.0614	0.0552
0.0000	0.0000	0.0000	0.0000	0.0000	0.0000	0.0030	0.0063	0.0223	0.0201	0.0238	0.0232	0.0191	0.0267	0.0326	0.0243	0.0318	0.0436	0.0299	0.0254	0.0414	0.0426	0.0401	0.0521	0.0561	0.0466	0.0446	0.0483	0.0576	0.0621	0.0491	0.0500	0.0464	0.0467	0.0513	0.0448	0.0466	0.0475	0.0487	0.0412	0.0461	0.0454	0.0481	0.0476	0.0424	0.0523	0.0543	0.0510	0.0506	0.0409	0.0453	0.0391	0.0450	0.0481	0.0479	0.0456	0.0443	0.0437	0.0472	0.0489	0.0477	0.0439	0.0462	0.0513	0.0591	0.0444	0.0452	0.0535	0.0534
0.0000	0.0000	0.0000	0.0000	0.0000	0.0000	0.0024	0.0049	0.0000	0.0000	0.0248	0.0048	0.0260	0.0175	0.0173	0.0062	0.0302	0.0474	0.0314	0.0355	0.0308	0.0560	0.0331	0.0370	0.0544	0.0524	0.0358	0.0347	0.0490	0.0529	0.0465	0.0375	0.0519	0.0473	0.0527	0.0415	0.0556	0.0503	0.0413	0.0509	0.0437	0.0494	0.0424	0.0507	0.0538	0.0393	0.0466	0.0496	0.0402	0.0359	0.0482	0.0445	0.0395	0.0450	0.0495	0.0464	0.0431	0.0509	0.0506	0.0660	0.0566	0.0528	0.0497	0.0497	0.0714	0.0588	0.0569	0.0635	0.0648
