0.0000	0.0000	0.0011	0.0134	0.0000	0.0000	0.0044	0.0055	0.0004	0.0027	0.0022	0.0287	0.0183	0.0157	0.0230	0.0257	0.0374	0.0330	0.0249	0.0381	0.0374	0.0537	0.0590	0.0583	0.0597	0.0698	0.0726	0.0614	0.0925	0.0844	0.0869	0.1017	0.0931	0.1177	0.1117	0.1170	0.1110	0.0950	0.1202	0.0965	0.0924	0.0955	0.0972	0.1101	0.0752	0.0978	0.1107	0.1009	0.0809	0.0915	0.1117	0.0885	0.0582	0.0715	0.0969	0.0827	0.0715	0.0787	0.0780	0.0634	0.0427	0.0455	0.0507	0.0496	0.0525	0.0429	0.0341	0.0329	0.0317
0.0000	0.0000	0.0000	0.0000	0.0000	0.0001	0.0102	0.0172	0.0274	0.0227	0.0172	0.0384	0.0253	0.0260	0.0317	0.0374	0.0380	0.0348	0.0225	0.0365	0.0452	0.0523	0.0556	0.0641	0.0732	0.0749	0.0748	0.0745	0.0859	0.0871	0.0923	0.1026	0.1140	0.1138	0.1049	0.0977	0.1247	0.1095	0.1224	0.1088	0.1107	0.1250	0.1149	0.1067	0.0839	0.0872	0.1110	0.0963	0.0792	0.0922	0.1159	0.0856	0.0710	0.0712	0.0876	0.0758	0.0765	0.0861	0.0734	0.0660	0.0568	0.0518	0.0516	0.0495	0.0425	0.0518	0.0570	0.0387	0.0490
0.0000	0.0000	0.0010	0.0027	0.0084	0.0021	0.0100	0.0159	0.0234	0.0065	0.0151	0.0345	0.0293	0.0326	0.0457	0.0343	0.0224	0.0403	0.0496	0.0491	0.0593	0.0632	0.0522	0.0708	0.0818	0.0835	0.0867	0.0665	0.0767	0.0839	0.0978	0.0937	0.1001	0.1147	0.1157	0.1066	0.1102	0.1070	0.1328	0.1182	0.1179	0.1241	0.1171	0.0961	0.1113	0.0993	0.1101	0.1054	0.1198	0.0950	0.1057	0.1080	0.1022	0.1109	0.0988	0.0858	0.0873	0.0832	0.0746	0.0590	0.0759	0.0773	0.0658	0.0570	0.0504	0.0472	0.0472	0.0501	0.0470
0.0000	0.0000	0.0000	0.0071	0.0103	0.0082	0.0110	0.0172	0.0131	0.0151	0.0211	0.0344	0.0400	0.0399	0.0401	0.0426	0.0379	0.0591	0.0722	0.0670	0.0627	0.0748	0.0620	0.0741	0.0836	0.0717	0.0756	0.0774	0.0760	0.0961	0.0928	0.0873	0.1045	0.1316	0.1261	0.1329	0.1168	0.1104	0.1178	0.1135	0.1215	0.1222	0.1135	0.1141	0.1117	0.1126	0.1209	0.1004	0.1045	0.0954	0.1242	0.1197	0.1012	0.1114	0.1137	0.0990	0.0769	0.0923	0.0922	0.0744	0.0756	0.0869	0.0910	0.0829	0.0738	0.0628	0.0633	0.0477	0.0511
0.0000	0.0000	0.0116	0.0000	0.0000	0.0075	0.0060	0.0221	0.0270	0.0322	0.0252	0.0296	0.0377	0.0404	0.0302	0.0397	0.0416	0.0355	0.0455	0.0530	0.0636	0.0656	0.0677	0.0674	0.0802	0.0870	0.0776	0.0715	0.0809	0.0896	0.1054	0.0891	0.1076	0.1202	0.1197	0.1200	0.1224	0.1064	0.1240	0.1302	0.1186	0.1294	0.1310	0.1260	0.1127	0.1347	0.1253	0.1077	0.0961	0.1075	0.1203	0.1084	0.1023	0.1034	0.1078	0.1035	0.0964	0.0946	0.0930	0.0892	0.0918	0.0809	0.1040	0.0854	0.0828	0.0752	0.0779	0.0630	0.0603
0.0000	0.0000	0.0183	0.0168	0.0099	0.0202	0.0143	0.0122	0.0206	0.0412	0.0396	0.0242	0.0490	0.0466	0.0490	0.0536	0.0452	0.0444	0.0480	0.0618	0.0815	0.0719	0.0717	0.0682	0.0907	0.0859	0.0833	0.0889	0.0838	0.0990	0.1161	0.1128	0.1205	0.1406	0.1354	0.1250	0.1280	0.1401	0.1361	0.1297	0.1292	0.1516	0.1617	0.1398	0.1315	0.1292	0.1295	0.1190	0.1243	0.1433	0.1380	0.1111	0.1056	0.1301	0.1214	0.1246	0.1253	0.1144	0.1131	0.1085	0.1076	0.1003	0.0971	0.1028	0.0943	0.0881	0.0800	0.0909	0.0815
0.0000	0.0000	0.0034	0.0143	0.0218	0.0210	0.0404	0.0253	0.0108	0.0258	0.0404	0.0563	0.0525	0.0305	0.0418	0.0641	0.0537	0.0469	0.0603	0.0699	0.0804	0.0838	0.0693	0.0700	0.1059	0.1010	0.0915	0.1072	0.1159	0.1081	0.1067	0.1206	0.1234	0.1460	0.1469	0.1418	0.1411	0.1340	0.1290	0.1522	0.1566	0.1586	0.1670	0.1379	0.1305	0.1396	0.1396	0.1500	0.1424	0.1431	0.1506	0.1501	0.1532	0.1653	0.1431	0.1588	0.1432	0.1299	0.1341	0.1366	0.1231	0.1103	0.1122	0.1159	0.1097	0.0991	0.0991	0.0832	0.0906
0.0048	0.0012	0.0089	0.0227	0.0213	0.0328	0.0417	0.0334	0.0231	0.0226	0.0287	0.0428	0.0556	0.0433	0.0421	0.0688	0.0568	0.0655	0.0763	0.0675	0.0730	0.0900	0.0942	0.0876	0.1059	0.1075	0.1033	0.0901	0.1220	0.1273	0.1272	0.1317	0.1492	0.1595	0.1691	0.1511	0.1648	0.1560	0.1765	0.1764	0.1929	0.2134	0.1926	0.1657	0.1514	0.1452	0.1652	0.1807	0.1530	0.1525	0.1588	0.1769	0.1611	0.1656	0.1593	0.1658	0.1580	0.1472	0.1405	0.1392	0.1411	0.1287	0.1274	0.1296	0.1266	0.1157	0.1188	0.1068	0.1024
0.0104	0.0000	0.0043	0.0129	0.0237	0.0325	0.0307	0.0305	0.0438	0.0365	0.0411	0.0563	0.0586	0.0757	0.0670	0.0710	0.0728	0.0739	0.0726	0.0726	0.0889	0.0865	0.0816	0.1055	0.1169	0.0974	0.1105	0.1163	0.1323	0.1413	0.1306	0.1474	0.1669	0.1634	0.1891	0.1869	0.2249	0.2401	0.2069	0.2424	0.3595	0.5145	0.4335	0.2575	0.1861	0.1927	0.1996	0.1973	0.1804	0.1968	0.2011	0.1929	0.1865	0.2233	0.2030	0.2351	0.2221	0.1765	0.1832	0.1682	0.1575	0.1397	0.1430	0.1426	0.1384	0.1218	0.1255	0.1308	0.1189
0.0111	0.0082	0.0254	0.0227	0.0485	0.0316	0.0293	0.0316	0.0445	0.0517	0.0463	0.0610	0.0624	0.0663	0.0708	0.0716	0.0867	0.0743	0.0873	0.0988	0.0968	0.0805	0.0826	0.1207	0.1194	0.1128	0.1072	0.1261	0.1316	0.1412	0.1445	0.1827	0.1922	0.2602	0.3234	0.3364	0.5804	0.5683	0.3628	0.4234	0.6678	0.7264	0.6485	0.5117	0.2979	0.2168	0.2128	0.2069	0.2091	0.2245	0.2310	0.2349	0.2503	0.2645	0.2650	0.4052	0.4142	0.2491	0.1790	0.1943	0.1788	0.1613	0.1664	0.1720	0.1505	0.1312	0.1347	0.1384	0.1408
0.0000	0.0000	0.0304	0.0237	0.0196	0.0238	0.0472	0.0653	0.0650	0.0568	0.0548	0.0542	0.0634	0.0527	0.0673	0.1043	0.0904	0.0813	0.0940	0.1009	0.1025	0.0980	0.0998	0.1140	0.1235	0.1406	0.1308	0.1419	0.1546	0.1780	0.1930	0.2828	0.3484	0.5959	0.7667	0.7145	0.8495	0.8334	0.7089	0.7365	0.7789	0.7123	0.7056	0.6314	0.4416	0.2651	0.2555	0.2600	0.2831	0.2843	0.4182	0.4948	0.4175	0.4723	0.4513	0.5161	0.5310	0.3581	0.2253	0.2270	0.2038	0.1700	0.1713	0.1939	0.1717	0.1432	0.1406	0.1470	0.1534
0.0061	0.0041	0.0182	0.0289	0.0183	0.0330	0.0458	0.0698	0.0561	0.0719	0.0847	0.0688	0.0754	0.0843	0.0818	0.0940	0.0910	0.0939	0.1067	0.1015	0.1054	0.1118	0.1006	0.1169	0.1390	0.1448	0.1594	0.1719	0.2119	0.2730	0.3995	0.6591	0.7487	0.8666	0.9450	0.8594	0.8591	0.8637	0.9043	0.7821	0.7430	0.7154	0.7569	0.7020	0.5962	0.4160	0.3597	0.3106	0.3311	0.4052	0.6125	0.6598	0.6132	0.6087	0.5577	0.5742	0.5875	0.4573	0.2881	0.2927	0.2409	0.2050	0.1895	0.2166	0.2031	0.1705	0.1608	0.1809	0.1697
0.0183	0.0170	0.0255	0.0405	0.0434	0.0486	0.0425	0.0572	0.0568	0.0796	0.0856	0.0694	0.0784	0.0807	0.0833	0.0780	0.0951	0.1132	0.1117	0.1191	0.1294	0.1292	0.1459	0.1580	0.1947	0.2030	0.2255	0.2574	0.3126	0.4114	0.7105	0.9453	0.9749	1.0000	0.9125	0.8548	0.8586	0.8470	0.7863	0.7977	0.7808	0.7305	0.7112	0.6951	0.6630	0.6124	0.5853	0.4422	0.4120	0.5420	0.6867	0.6463	0.6387	0.6355	0.6042	0.6181	0.6230	0.5515	0.4708	0.4462	0.3637	0.2735	0.2606	0.2690	0.2697	0.2959	0.3254	0.3294	0.2534
0.0099	0.0193	0.0388	0.0472	0.0431	0.0442	0.0472	0.0577	0.0599	0.0713	0.0902	0.0885	0.0900	0.0811	0.0924	0.1012	0.1099	0.1285	0.1360	0.1403	0.1585	0.1666	0.1893	0.2164	0.2440	0.2778	0.2962	0.3408	0.3790	0.5385	0.8277	0.8969	0.9465	0.9391	0.8807	0.7838	0.7983	0.7915	0.7150	0.7078	0.7340	0.6878	0.7528	0.6913	0.6679	0.6904	0.6886	0.6097	0.4787	0.6601	0.7699	0.7116	0.6399	0.6578	0.6259	0.6228	0.5859	0.5869	0.5602	0.5204	0.5035	0.4444	0.3585	0.3373	0.3620	0.4241	0.4917	0.4068	0.3471
0.0183	0.0344	0.0432	0.0710	0.0585	0.0542	0.0625	0.0681	0.0718	0.0739	0.0987	0.1126	0.1140	0.0908	0.1153	0.1286	0.1414	0.1632	0.1750	0.1802	0.2178	0.2414	0.2505	0.2936	0.3172	0.3622	0.3478	0.3763	0.4573	0.6186	0.7943	0.8545	0.9035	0.8293	0.8084	0.7851	0.7461	0.7499	0.7271	0.7001	0.7184	0.6918	0.6958	0.6975	0.6708	0.6800	0.6896	0.6994	0.6600	0.7350	0.7527	0.7595	0.6698	0.6101	0.6060	0.6149	0.6236	0.6050	0.5529	0.5666	0.5615	0.5289	0.4543	0.4529	0.4857	0.4356	0.4476	0.4094	0.3799
0.0085	0.0297	0.0510	0.0664	0.0581	0.0665	0.0764	0.1036	0.1004	0.0928	0.1110	0.1247	0.1339	0.1460	0.1815	0.1862	0.2084	0.2093	0.2095	0.2285	0.2544	0.3145	0.2984	0.3626	0.5205	0.6285	0.5183	0.4841	0.6205	0.7389	0.7800	0.8096	0.8018	0.8300	0.7883	0.7446	0.7487	0.7412	0.7206	0.6658	0.6913	0.6928	0.6934	0.7146	0.6995	0.7030	0.7361	0.7357	0.7245	0.7162	0.7386	0.7783	0.7504	0.6524	0.6063	0.6243	0.6159	0.6487	0.5869	0.6144	0.5725	0.5424	0.5675	0.5590	0.5002	0.4127	0.4533	0.4310	0.4163
0.0300	0.0614	0.0637	0.0829	0.0854	0.0963	0.1258	0.1713	0.1911	0.1864	0.1955	0.2169	0.2126	0.1871	0.2302	0.2327	0.2282	0.2701	0.2785	0.3024	0.3612	0.3753	0.3939	0.4834	0.6821	0.7774	0.6984	0.6418	0.6659	0.6691	0.7035	0.7024	0.7390	0.7130	0.7469	0.6842	0.7248	0.7380	0.7213	0.6715	0.6881	0.6525	0.7064	0.6879	0.6762	0.6691	0.7032	0.7216	0.6416	0.6571	0.7113	0.7898	0.7107	0.6806	0.6524	0.6269	0.6005	0.5929	0.5830	0.5863	0.5721	0.5581	0.5715	0.5245	0.5004	0.4349	0.4180	0.4020	0.4263
0.0522	0.0857	0.0997	0.1295	0.1657	0.2372	0.2911	0.3632	0.4276	0.3597	0.4009	0.4045	0.3105	0.2647	0.2769	0.2750	0.2863	0.3255	0.3546	0.3854	0.4466	0.5017	0.4879	0.6207	0.7044	0.6971	0.6828	0.6551	0.5817	0.5789	0.6048	0.6175	0.6232	0.6373	0.6440	0.6720	0.6771	0.6780	0.6787	0.6920	0.6587	0.6160	0.7056	0.7040	0.6765	0.6299	0.6743	0.6735	0.6861	0.6697	0.6778	0.7100	0.7060	0.6520	0.6352	0.6075	0.5637	0.5848	0.6177	0.5803	0.5620	0.5441	0.5482	0.5381	0.4975	0.4006	0.4012	0.3675	0.3872
0.1023	0.1740	0.2462	0.3419	0.4071	0.4515	0.5031	0.5061	0.5683	0.5147	0.5346	0.5733	0.5554	0.5517	0.5563	0.5404	0.4828	0.4710	0.5440	0.5792	0.6260	0.7260	0.6532	0.6881	0.6312	0.6261	0.6316	0.5335	0.5374	0.5860	0.5531	0.6032	0.6397	0.6440	0.6273	0.6250	0.6261	0.6137	0.6088	0.6381	0.6375	0.5831	0.6776	0.6918	0.6361	0.6564	0.6450	0.6202	0.6383	0.6970	0.6822	0.6573	0.6658	0.6388	0.6281	0.6119	0.5342	0.5333	0.5586	0.5942	0.5929	0.5070	0.5487	0.5207	0.4598	0.4020	0.3877	0.3758	0.3982
0.1685	0.2788	0.3261	0.3641	0.3815	0.3713	0.3692	0.4039	0.4444	0.4712	0.5031	0.5417	0.6480	0.6387	0.6649	0.6986	0.6964	0.6996	0.7192	0.7264	0.7171	0.7435	0.7154	0.6494	0.5905	0.5964	0.5544	0.5085	0.5163	0.5914	0.5978	0.6020	0.6093	0.6474	0.6190	0.6086	0.5994	0.6063	0.5934	0.6055	0.6106	0.5962	0.6241	0.6283	0.6394	0.6232	0.6375	0.6372	0.6231	0.6245	0.6170	0.5913	0.5984	0.5876	0.5813	0.5742	0.5543	0.5284	0.5290	0.5214	0.5404	0.5205	0.5181	0.4937	0.4292	0.4382	0.4271	0.3986	0.3978
0.1943	0.2492	0.2619	0.2571	0.2669	0.2791	0.2763	0.3171	0.3622	0.4220	0.4474	0.5007	0.5694	0.5511	0.5661	0.6101	0.6721	0.7051	0.6710	0.6395	0.6600	0.6324	0.5825	0.5833	0.5206	0.5124	0.4796	0.5122	0.5228	0.5303	0.5697	0.5978	0.6151	0.6457	0.6275	0.6081	0.6181	0.6148	0.5922	0.6088	0.6009	0.5648	0.5991	0.6122	0.5814	0.5931	0.6308	0.6093	0.5757	0.5965	0.6017	0.5895	0.5599	0.5801	0.5544	0.5332	0.5334	0.5219	0.5333	0.5057	0.5143	0.4951	0.4810	0.4451	0.4285	0.3972	0.4018	0.3954	0.3730
0.1888	0.2220	0.2378	0.2274	0.2224	0.2286	0.2793	0.3156	0.3363	0.4185	0.4516	0.4529	0.5213	0.5281	0.5359	0.5707	0.6388	0.6415	0.6371	0.5837	0.5867	0.5913	0.5430	0.5017	0.4995	0.4698	0.4609	0.5020	0.5324	0.5394	0.5529	0.5586	0.5895	0.5946	0.6176	0.5847	0.5910	0.6162	0.6002	0.5844	0.6059	0.5866	0.5866	0.6375	0.6101	0.5932	0.6031	0.5814	0.5555	0.5588	0.6007	0.5709	0.5589	0.5343	0.5267	0.5645	0.5507	0.5414	0.5203	0.4823	0.5033	0.4761	0.4688	0.4478	0.4034	0.3871	0.3706	0.3787	0.3479
0.1859	0.2009	0.2373	0.2298	0.2345	0.2606	0.3164	0.3282	0.3264	0.3319	0.4023	0.4158	0.4413	0.5193	0.5268	0.5611	0.5777	0.5828	0.5235	0.5037	0.5523	0.5554	0.4837	0.4626	0.4593	0.4641	0.4931	0.5119	0.5113	0.5293	0.5330	0.5483	0.6173	0.5880	0.5721	0.5703	0.5959	0.5930	0.5679	0.5720	0.5652	0.5688	0.5823	0.5978	0.6199	0.6133	0.5907	0.5819	0.5916	0.5616	0.5857	0.5770	0.5862	0.5538	0.5478	0.5388	0.5618	0.5099	0.4833	0.4930	0.4805	0.4583	0.4340	0.4312	0.4027	0.3956	0.3955	0.3666	0.3460
0.1968	0.2096	0.2065	0.2343	0.2611	0.2592	0.3050	0.3106	0.2921	0.2953	0.3549	0.3437	0.3801	0.4271	0.4293	0.4845	0.5061	0.5277	0.4809	0.4556	0.4863	0.4719	0.4799	0.4445	0.4834	0.4745	0.5074	0.5106	0.5032	0.5333	0.5308	0.5607	0.5791	0.6003	0.6094	0.5790	0.5903	0.5704	0.5429	0.5356	0.5721	0.5747	0.5961	0.5808	0.5868	0.5964	0.5941	0.5733	0.5737	0.5673	0.5224	0.5269	0.5582	0.5611	0.4956	0.5223	0.5415	0.5206	0.4839	0.4667	0.4640	0.4509	0.4393	0.4238	0.3922	0.3786	0.3634	0.3509	0.3666
0.1773	0.1949	0.2052	0.2271	0.2737	0.2738	0.2889	0.3020	0.2989	0.3013	0.3406	0.3378	0.3787	0.3690	0.4035	0.4140	0.4393	0.4486	0.4368	0.4637	0.4402	0.4562	0.4683	0.4724	0.4880	0.4754	0.4900	0.4812	0.5190	0.5497	0.5306	0.5662	0.5832	0.6152	0.5945	0.5791	0.6030	0.5703	0.5614	0.5688	0.5898	0.6289	0.6058	0.5534	0.5833	0.5864	0.5828	0.5483	0.5414	0.5366	0.5431	0.5178	0.5082	0.5283	0.5037	0.5066	0.5051	0.4915	0.4789	0.4909	0.4711	0.4296	0.4409	0.3867	0.3990	0.3597	0.3479	0.3438	0.3329
0.1758	0.1877	0.2172	0.2376	0.2365	0.2835	0.3059	0.2898	0.2879	0.2810	0.3347	0.3500	0.3933	0.3967	0.3998	0.4194	0.4310	0.4564	0.4465	0.4429	0.4499	0.4626	0.4533	0.4600	0.4831	0.4572	0.4734	0.5089	0.5407	0.5374	0.5610	0.5646	0.5754	0.6203	0.5891	0.5749	0.5815	0.5825	0.5894	0.5707	0.5994	0.5724	0.5398	0.5505	0.5884	0.5960	0.5955	0.5539	0.5291	0.5448	0.5571	0.5349	0.5212	0.5122	0.5421	0.5259	0.5078	0.4874	0.4817	0.4627	0.4754	0.4126	0.4236	0.3897	0.3766	0.3662	0.3724	0.3407	0.3147
0.1637	0.2110	0.2536	0.2624	0.2593	0.2732	0.2524	0.2903	0.2611	0.2624	0.3255	0.3536	0.3950	0.3929	0.4190	0.4396	0.4494	0.4254	0.4411	0.4495	0.4376	0.4611	0.4500	0.4746	0.4729	0.4745	0.4802	0.5043	0.5139	0.5451	0.5342	0.5786	0.5798	0.5781	0.5490	0.5562	0.5639	0.5549	0.5934	0.6004	0.6139	0.5603	0.5782	0.5608	0.5871	0.5321	0.5393	0.5194	0.5315	0.5489	0.5539	0.5460	0.5375	0.5394	0.5109	0.5145	0.4806	0.4822	0.4786	0.5080	0.4517	0.4285	0.4195	0.3790	0.3737	0.3573	0.3536	0.3602	0.3328
0.1970	0.2179	0.2437	0.2542	0.2478	0.2523	0.2701	0.2814	0.2708	0.3290	0.3510	0.3603	0.3875	0.4003	0.3900	0.4214	0.4482	0.4670	0.4757	0.4918	0.4512	0.4675	0.4584	0.4689	0.4842	0.5009	0.4876	0.4924	0.5145	0.5131	0.5294	0.5603	0.5394	0.5532	0.5683	0.5706	0.5576	0.5734	0.5922	0.5839	0.5969	0.5744	0.5874	0.5244	0.5316	0.5152	0.5423	0.5363	0.5304	0.5125	0.5587	0.5611	0.5507	0.5353	0.5055	0.4896	0.4857	0.4702	0.4626	0.5140	0.4683	0.4450	0.4491	0.3903	0.3747	0.3627	0.3610	0.3607	0.3275
0.1806	0.2154	0.2277	0.2382	0.2456	0.2377	0.2791	0.2806	0.2869	0.3142	0.3188	0.3602	0.3801	0.4323	0.4205	0.4160	0.4290	0.4536	0.4839	0.4730	0.4843	0.4634	0.4686	0.4759	0.4858	0.4632	0.5030	0.5247	0.5329	0.5249	0.5454	0.5702	0.5716	0.5679	0.5297	0.5554	0.5600	0.5877	0.5630	0.5652	0.5845	0.5399	0.5569	0.5181	0.5188	0.5077	0.5468	0.5391	0.5208	0.5093	0.5218	0.5026	0.5451	0.5219	0.5174	0.4970	0.4851	0.4785	0.4716	0.4888	0.4579	0.4329	0.4127	0.4224	0.4062	0.3920	0.3626	0.3363	0.3232
0.1702	0.2326	0.2270	0.2402	0.2516	0.2434	0.2662	0.2684	0.3218	0.3141	0.3077	0.3484	0.3672	0.3994	0.3930	0.4204	0.4411	0.4646	0.4703	0.4822	0.4814	0.4378	0.4478	0.4726	0.4746	0.4690	0.4968	0.5274	0.5367	0.5431	0.5572	0.5700	0.5852	0.5648	0.5392	0.5597	0.5954	0.5755	0.5519	0.5543	0.5729	0.5841	0.5755	0.5301	0.5171	0.5067	0.5463	0.5299	0.4993	0.5264	0.5205	0.5392	0.5170	0.4971	0.5256	0.5119	0.4568	0.4719	0.4658	0.4597	0.4423	0.4528	0.4290	0.4172	0.4230	0.3970	0.3769	0.3740	0.3269
0.1638	0.2147	0.2172	0.2423	0.2499	0.2586	0.3080	0.2969	0.3023	0.3015	0.3251	0.3564	0.3334	0.3545	0.4082	0.4114	0.4407	0.4330	0.4356	0.4516	0.4648	0.4718	0.4593	0.4918	0.4861	0.4639	0.4555	0.4736	0.5079	0.5384	0.5554	0.5600	0.6023	0.5576	0.5605	0.5942	0.5946	0.5408	0.5604	0.5780	0.5432	0.5897	0.5814	0.5477	0.4842	0.4961	0.5383	0.5190	0.5341	0.5513	0.5598	0.5668	0.5643	0.5186	0.4870	0.4900	0.4861	0.4876	0.4761	0.4813	0.4619	0.4615	0.4439	0.4278	0.4162	0.3956	0.3791	0.3376	0.3324
0.1677	0.1823	0.1962	0.2354	0.2647	0.2784	0.2969	0.2964	0.3188	0.3107	0.3108	0.3129	0.3318	0.3324	0.3821	0.4174	0.4302	0.4503	0.4589	0.4626	0.4836	0.4624	0.4620	0.4829	0.4998	0.4796	0.4563	0.5059	0.5191	0.5072	0.5450	0.5743	0.6116	0.5520	0.5842	0.5962	0.5496	0.5440	0.5737	0.5446	0.5319	0.5425	0.5808	0.5537	0.5382	0.5331	0.5362	0.5700	0.5318	0.5330	0.5777	0.5440	0.5592	0.5595	0.5365	0.5205	0.5182	0.5145	0.4726	0.4841	0.4809	0.4875	0.4845	0.4534	0.4346	0.4066	0.4086	0.3628	0.3558
0.1637	0.1739	0.1931	0.2259	0.2633	0.2638	0.2904	0.2913	0.3064	0.3088	0.2991	0.3055	0.3304	0.3636	0.3623	0.3978	0.4330	0.4592	0.4655	0.4563	0.4769	0.4587	0.4638	0.4810	0.5048	0.4815	0.5033	0.5275	0.5265	0.5195	0.5514	0.5874	0.5650	0.5726	0.5942	0.5942	0.5914	0.5656	0.5932	0.5440	0.5819	0.6049	0.5750	0.5618	0.5707	0.5442	0.5920	0.6144	0.5877	0.5582	0.5586	0.5369	0.5625	0.5500	0.5564	0.5396	0.5330	0.5252	0.4855	0.4620	0.4842	0.4751	0.4741	0.4510	0.4359	0.4176	0.4196	0.3930	0.3687
0.1624	0.1622	0.2010	0.2110	0.2430	0.2462	0.2538	0.2876	0.3160	0.3156	0.3234	0.3335	0.3675	0.3969	0.3941	0.3969	0.4038	0.4067	0.4225	0.4304	0.4675	0.4369	0.4685	0.4568	0.4824	0.4820	0.4878	0.5395	0.5260	0.5500	0.5988	0.5831	0.5798	0.6173	0.5893	0.6007	0.5750	0.5956	0.6191	0.5921	0.6103	0.6091	0.5917	0.5934	0.5460	0.5771	0.6570	0.6262	0.6174	0.6351	0.6225	0.5905	0.5734	0.5458	0.5528	0.5295	0.5372	0.4942	0.5148	0.5120	0.5024	0.4788	0.4576	0.4807	0.4407	0.4489	0.4598	0.4237	0.4078
0.1344	0.1794	0.1881	0.1800	0.2194	0.2339	0.2518	0.3005	0.3228	0.3136	0.3338	0.3664	0.3787	0.4027	0.4161	0.3985	0.4142	0.4184	0.3922	0.4270	0.4655	0.4609	0.4606	0.4683	0.5126	0.5010	0.5007	0.5054	0.5089	0.5368	0.5330	0.5702	0.5949	0.6142	0.6390	0.6005	0.5909	0.5898	0.6307	0.6086	0.6078	0.6054	0.6092	0.5907	0.5839	0.5996	0.5980	0.6072	0.5879	0.6643	0.6451	0.6207	0.6161	0.6069	0.5797	0.5627	0.5516	0.5412	0.5216	0.5381	0.5364	0.4768	0.4981	0.4876	0.4845	0.4868	0.4764	0.4495	0.4270
0.1188	0.1700	0.1827	0.2146	0.2190	0.2481	0.2823	0.3184	0.3069	0.3515	0.3845	0.3906	0.4234	0.4870	0.4881	0.4925	0.4622	0.4460	0.4762	0.5163	0.4677	0.4726	0.4654	0.4603	0.4967	0.5038	0.4929	0.5040	0.5248	0.5223	0.5303	0.5329	0.5969	0.6481	0.6333	0.6018	0.6030	0.6103	0.5890	0.5971	0.5953	0.5726	0.5852	0.5953	0.5916	0.6120	0.6630	0.6636	0.6329	0.6628	0.6521	0.6425	0.6142	0.5739	0.5701	0.5887	0.5431	0.5634	0.5468	0.5248	0.5553	0.5334	0.5373	0.5164	0.4970	0.4929	0.4981	0.5017	0.4769
0.1315	0.1540	0.1909	0.2153	0.2234	0.2459	0.2929	0.3423	0.3221	0.3668	0.4198	0.4760	0.5154	0.5265	0.5519	0.5732	0.5673	0.5944	0.5964	0.5847	0.5978	0.5468	0.5145	0.5035	0.4890	0.4725	0.4859	0.5086	0.5083	0.5266	0.5319	0.5535	0.5627	0.6087	0.6032	0.5830	0.6136	0.6124	0.5718	0.5663	0.5936	0.5809	0.5774	0.6134	0.6225	0.6054	0.6434	0.6532	0.6923	0.6752	0.6447	0.6269	0.6155	0.6005	0.5760	0.5929	0.5768	0.5675	0.5735	0.5431	0.5206	0.5402	0.5521	0.5454	0.5221	0.5176	0.5458	0.5311	0.5062
0.1465	0.1791	0.2366	0.2295	0.2245	0.2584	0.3073	0.3371	0.3444	0.3978	0.4908	0.5326	0.5539	0.5505	0.5797	0.5998	0.6626	0.7245	0.6907	0.6884	0.6961	0.6722	0.6246	0.6071	0.5890	0.5511	0.5470	0.5476	0.5315	0.5035	0.5525	0.5848	0.5735	0.5959	0.6253	0.6011	0.6114	0.5815	0.5961	0.5645	0.5902	0.5806	0.6249	0.6071	0.6511	0.6435	0.6739	0.6840	0.6896	0.6772	0.6669	0.6836	0.6446	0.6285	0.6208	0.5843	0.6280	0.5954	0.6019	0.5458	0.5696	0.5855	0.5647	0.5686	0.5574	0.5335	0.5794	0.5585	0.5112
0.1884	0.2438	0.3080	0.3298	0.3313	0.3323	0.3794	0.4122	0.4351	0.4871	0.5616	0.5832	0.5971	0.6495	0.6888	0.7123	0.8245	0.7835	0.7504	0.7632	0.7067	0.7679	0.7091	0.6924	0.6934	0.6277	0.6311	0.5961	0.5890	0.5654	0.6020	0.6334	0.6286	0.6113	0.6276	0.6275	0.6148	0.6305	0.6090	0.6154	0.6112	0.6293	0.6690	0.6739	0.6660	0.6446	0.6787	0.6774	0.6816	0.6965	0.6763	0.6976	0.6581	0.6245	0.6045	0.6214	0.6344	0.6242	0.5926	0.5944	0.6011	0.5979	0.6246	0.6143	0.5544	0.5522	0.5028	0.5342	0.4139
0.1130	0.1866	0.3041	0.4513	0.4756	0.5115	0.5351	0.5458	0.5555	0.5886	0.6222	0.6744	0.6374	0.6628	0.7453	0.7267	0.7677	0.6857	0.5734	0.5812	0.5681	0.6147	0.6647	0.7702	0.7672	0.6827	0.6675	0.6552	0.6693	0.6726	0.6790	0.6692	0.6949	0.6899	0.6584	0.6511	0.6554	0.6442	0.6472	0.6398	0.6422	0.6828	0.6939	0.7131	0.6877	0.6448	0.6991	0.6747	0.6616	0.6930	0.6608	0.6580	0.6825	0.6770	0.6525	0.6295	0.6099	0.6351	0.6562	0.6495	0.6321	0.6080	0.6157	0.6186	0.5712	0.5170	0.3690	0.4413	0.3527
0.0532	0.0792	0.1283	0.1865	0.2899	0.3397	0.3847	0.4186	0.4554	0.4774	0.5059	0.4915	0.4281	0.3703	0.3702	0.3404	0.3762	0.3379	0.3131	0.3350	0.3506	0.3679	0.4152	0.5399	0.6746	0.6770	0.6846	0.7305	0.7885	0.7790	0.7821	0.7701	0.7331	0.7035	0.7016	0.7063	0.7006	0.6395	0.6558	0.6402	0.6753	0.6369	0.6993	0.6927	0.6739	0.6373	0.6821	0.6750	0.6714	0.6866	0.6505	0.6815	0.6673	0.6802	0.6911	0.6804	0.6434	0.6533	0.6560	0.6505	0.6294	0.6524	0.6455	0.6198	0.5720	0.4470	0.3654	0.3633	0.3064
0.0304	0.0387	0.0477	0.0766	0.0783	0.1026	0.1217	0.1557	0.1889	0.1834	0.2126	0.2106	0.1998	0.1834	0.2015	0.2119	0.2182	0.2229	0.2281	0.2517	0.2745	0.2750	0.3044	0.3235	0.3880	0.4111	0.5014	0.6837	0.8364	0.8396	0.8512	0.8194	0.7939	0.7930	0.7593	0.7839	0.7249	0.6908	0.6899	0.6665	0.6812	0.6496	0.6640	0.6504	0.6730	0.6816	0.7289	0.6899	0.6880	0.6814	0.7076	0.6766	0.6689	0.6625	0.6690	0.6625	0.6739	0.6525	0.6439	0.7075	0.6983	0.6445	0.6479	0.6221	0.5620	0.4222	0.5178	0.4087	0.2874
0.0245	0.0327	0.0357	0.0409	0.0497	0.0581	0.0711	0.0658	0.0771	0.0960	0.1105	0.1214	0.1394	0.1332	0.1391	0.1641	0.1689	0.1885	0.2049	0.2028	0.2246	0.2356	0.2568	0.2857	0.3216	0.3312	0.3568	0.4568	0.6593	0.8499	0.8716	0.8472	0.8483	0.8670	0.8238	0.7808	0.7393	0.7550	0.7200	0.7019	0.7248	0.6862	0.6848	0.6568	0.6943	0.7022	0.7401	0.7361	0.7153	0.7276	0.6980	0.7090	0.7040	0.6781	0.6628	0.6864	0.7291	0.7226	0.7294	0.7397	0.7145	0.6634	0.6545	0.6136	0.5472	0.4019	0.5420	0.3937	0.2645
0.0056	0.0214	0.0262	0.0332	0.0558	0.0527	0.0590	0.0694	0.0768	0.0783	0.0842	0.0783	0.0931	0.0907	0.0940	0.1160	0.1200	0.1403	0.1290	0.1494	0.1665	0.1654	0.1877	0.2249	0.2308	0.2411	0.2570	0.2939	0.3603	0.5293	0.6275	0.7844	0.8294	0.7872	0.8550	0.8393	0.8403	0.8007	0.7591	0.7198	0.7058	0.7282	0.7042	0.7232	0.7270	0.7159	0.7218	0.7923	0.7880	0.7766	0.7261	0.7067	0.7070	0.7029	0.6849	0.7329	0.7836	0.7351	0.7025	0.7305	0.7126	0.6522	0.5958	0.5578	0.4227	0.2812	0.3122	0.2392	0.2153
0.0024	0.0000	0.0257	0.0399	0.0421	0.0482	0.0505	0.0625	0.0531	0.0641	0.0686	0.0604	0.0740	0.0786	0.0846	0.0846	0.0906	0.0880	0.0924	0.1002	0.1082	0.1124	0.1153	0.1430	0.1561	0.1452	0.1652	0.1996	0.2192	0.2389	0.2783	0.4122	0.4595	0.4897	0.7197	0.8189	0.7595	0.7125	0.7103	0.7637	0.7299	0.7612	0.7666	0.7464	0.7302	0.7568	0.7459	0.7839	0.6923	0.7190	0.7939	0.7214	0.7273	0.7123	0.7098	0.7153	0.7220	0.7336	0.7106	0.6693	0.6445	0.4630	0.2991	0.2695	0.2476	0.2166	0.2016	0.1888	0.1770
0.0020	0.0178	0.0176	0.0231	0.0279	0.0472	0.0542	0.0509	0.0508	0.0530	0.0579	0.0569	0.0573	0.0568	0.0718	0.0674	0.0814	0.0805	0.0888	0.0820	0.0876	0.0868	0.0938	0.1021	0.1025	0.0971	0.1107	0.1258	0.1351	0.1447	0.1615	0.1819	0.2051	0.2191	0.2911	0.3845	0.3607	0.3094	0.3509	0.4349	0.5801	0.6841	0.6013	0.4937	0.4270	0.4920	0.6307	0.6787	0.4838	0.4959	0.7544	0.7641	0.7382	0.6917	0.7155	0.7293	0.7557	0.7189	0.6925	0.6379	0.5594	0.3065	0.1795	0.1774	0.1741	0.1711	0.1736	0.1567	0.1469
0.0039	0.0182	0.0326	0.0203	0.0279	0.0349	0.0421	0.0631	0.0561	0.0355	0.0512	0.0606	0.0562	0.0494	0.0522	0.0665	0.0784	0.0674	0.0675	0.0718	0.0732	0.0723	0.0842	0.0928	0.0913	0.0995	0.0984	0.1024	0.1072	0.1026	0.1181	0.1295	0.1204	0.1309	0.1483	0.1516	0.1489	0.1431	0.1510	0.1741	0.2450	0.3227	0.2727	0.2233	0.2146	0.2322	0.3026	0.3872	0.3109	0.3244	0.6279	0.7677	0.7443	0.6970	0.6550	0.5835	0.5697	0.5541	0.4785	0.3297	0.2434	0.1720	0.1568	0.1620	0.1522	0.1459	0.1447	0.1510	0.1463
0.0000	0.0112	0.0155	0.0139	0.0270	0.0308	0.0507	0.0467	0.0436	0.0294	0.0415	0.0482	0.0510	0.0497	0.0546	0.0711	0.0725	0.0692	0.0662	0.0702	0.0668	0.0763	0.0739	0.0694	0.0910	0.0872	0.0790	0.0945	0.0916	0.1029	0.1033	0.0973	0.1074	0.1101	0.1215	0.1251	0.1281	0.1221	0.1284	0.1266	0.1339	0.1273	0.1423	0.1399	0.1413	0.1541	0.1630	0.1898	0.1977	0.2326	0.4810	0.6815	0.6045	0.5912	0.5301	0.3245	0.2219	0.1991	0.1934	0.1620	0.1537	0.1432	0.1405	0.1412	0.1362	0.1390	0.1348	0.1512	0.1281
0.0026	0.0094	0.0091	0.0227	0.0268	0.0347	0.0451	0.0428	0.0416	0.0382	0.0444	0.0489	0.0514	0.0585	0.0643	0.0629	0.0589	0.0596	0.0595	0.0606	0.0660	0.0616	0.0706	0.0672	0.0719	0.0811	0.0660	0.0768	0.0798	0.0925	0.0869	0.0841	0.0957	0.0881	0.0953	0.1068	0.1023	0.1021	0.1062	0.1013	0.1024	0.1109	0.1191	0.1133	0.1100	0.1181	0.1252	0.1336	0.1386	0.1480	0.2146	0.3111	0.2452	0.2457	0.2447	0.1558	0.1311	0.1347	0.1439	0.1495	0.1340	0.1186	0.1166	0.1219	0.1177	0.1125	0.1146	0.1225	0.1125
0.0000	0.0042	0.0080	0.0250	0.0031	0.0063	0.0293	0.0329	0.0402	0.0371	0.0412	0.0481	0.0426	0.0396	0.0462	0.0538	0.0464	0.0424	0.0463	0.0564	0.0667	0.0590	0.0563	0.0599	0.0714	0.0794	0.0693	0.0695	0.0713	0.0808	0.0812	0.0809	0.0803	0.0775	0.0739	0.0839	0.0810	0.0844	0.0954	0.1006	0.0918	0.0962	0.0998	0.0920	0.0964	0.1008	0.1005	0.0970	0.1086	0.1014	0.1073	0.1246	0.1218	0.1156	0.1186	0.1144	0.1168	0.1009	0.1116	0.1302	0.1204	0.1090	0.1059	0.1166	0.1083	0.1006	0.1016	0.1062	0.1005
0.0000	0.0028	0.0112	0.0071	0.0169	0.0165	0.0218	0.0288	0.0268	0.0277	0.0311	0.0320	0.0371	0.0312	0.0427	0.0460	0.0556	0.0445	0.0488	0.0620	0.0578	0.0524	0.0573	0.0604	0.0674	0.0745	0.0648	0.0638	0.0776	0.0725	0.0706	0.0707	0.0749	0.0764	0.0747	0.0670	0.0774	0.0778	0.0821	0.0900	0.0862	0.0843	0.0899	0.0936	0.0880	0.0853	0.0834	0.0780	0.0861	0.0885	0.1073	0.1059	0.0978	0.0906	0.0967	0.1018	0.0990	0.0891	0.0947	0.1072	0.0968	0.0842	0.0886	0.0914	0.0977	0.1006	0.0997	0.0920	0.0944
0.0018	0.0000	0.0039	0.0133	0.0208	0.0177	0.0106	0.0251	0.0256	0.0149	0.0150	0.0323	0.0421	0.0387	0.0425	0.0469	0.0510	0.0413	0.0428	0.0474	0.0528	0.0598	0.0615	0.0586	0.0586	0.0690	0.0583	0.0584	0.0612	0.0609	0.0615	0.0644	0.0682	0.0692	0.0728	0.0715	0.0743	0.0764	0.0716	0.0695	0.0771	0.0753	0.0853	0.0771	0.0828	0.0779	0.0823	0.0850	0.0844	0.0810	0.0840	0.0863	0.0801	0.0873	0.0814	0.0702	0.0776	0.0849	0.0804	0.0807	0.0779	0.0774	0.0785	0.0774	0.0931	0.0837	0.0748	0.0855	0.0776
0.0000	0.0000	0.0000	0.0140	0.0123	0.0022	0.0092	0.0284	0.0296	0.0149	0.0119	0.0195	0.0312	0.0320	0.0381	0.0407	0.0332	0.0438	0.0380	0.0304	0.0478	0.0470	0.0538	0.0467	0.0484	0.0528	0.0541	0.0493	0.0526	0.0637	0.0654	0.0649	0.0634	0.0620	0.0591	0.0637	0.0679	0.0666	0.0677	0.0673	0.0678	0.0750	0.0819	0.0713	0.0686	0.0740	0.0758	0.0762	0.0695	0.0744	0.0712	0.0785	0.0678	0.0710	0.0699	0.0672	0.0696	0.0726	0.0722	0.0689	0.0706	0.0632	0.0678	0.0711	0.0743	0.0677	0.0695	0.0731	0.0576
0.0000	0.0000	0.0000	0.0114	0.0007	0.0057	0.0168	0.0204	0.0116	0.0170	0.0154	0.0247	0.0289	0.0255	0.0224	0.0286	0.0327	0.0282	0.0302	0.0377	0.0380	0.0394	0.0364	0.0424	0.0428	0.0454	0.0526	0.0549	0.0626	0.0600	0.0535	0.0574	0.0596	0.0522	0.0549	0.0630	0.0519	0.0607	0.0577	0.0590	0.0673	0.0636	0.0622	0.0636	0.0616	0.0687	0.0720	0.0695	0.0639	0.0668	0.0665	0.0757	0.0687	0.0702	0.0710	0.0643	0.0650	0.0631	0.0682	0.0687	0.0748	0.0565	0.0648	0.0635	0.0624	0.0608	0.0558	0.0491	0.0530
0.0000	0.0000	0.0000	0.0041	0.0014	0.0000	0.0000	0.0094	0.0026	0.0031	0.0244	0.0246	0.0211	0.0296	0.0222	0.0290	0.0365	0.0330	0.0293	0.0400	0.0410	0.0380	0.0359	0.0431	0.0422	0.0460	0.0492	0.0546	0.0555	0.0576	0.0531	0.0527	0.0587	0.0592	0.0493	0.0507	0.0519	0.0561	0.0545	0.0547	0.0594	0.0561	0.0644	0.0586	0.0582	0.0643	0.0704	0.0700	0.0573	0.0587	0.0654	0.0649	0.0668	0.0705	0.0703	0.0597	0.0600	0.0635	0.0631	0.0558	0.0567	0.0520	0.0532	0.0497	0.0476	0.0532	0.0471	0.0435	0.0343
0.0000	0.0000	0.0000	0.0062	0.0004	0.0000	0.0012	0.0000	0.0000	0.0102	0.0180	0.0202	0.0268	0.0137	0.0161	0.0200	0.0279	0.0294	0.0317	0.0389	0.0368	0.0386	0.0372	0.0333	0.0355	0.0459	0.0363	0.0328	0.0442	0.0493	0.0540	0.0500	0.0543	0.0622	0.0538	0.0494	0.0481	0.0530	0.0541	0.0552	0.0581	0.0590	0.0582	0.0567	0.0644	0.0660	0.0624	0.0693	0.0619	0.0592	0.0639	0.0577	0.0604	0.0569	0.0578	0.0619	0.0617	0.0596	0.0576	0.0569	0.0451	0.0468	0.0487	0.0519	0.0522	0.0394	0.0390	0.0358	0.0267
0.0000	0.0000	0.0000	0.0000	0.0000	0.0088	0.0034	0.0039	0.0179	0.0035	0.0088	0.0156	0.0151	0.0114	0.0214	0.0222	0.0220	0.0185	0.0232	0.0257	0.0298	0.0310	0.0310	0.0250	0.0316	0.0329	0.0394	0.0395	0.0449	0.0419	0.0494	0.0486	0.0501	0.0491	0.0556	0.0497	0.0479	0.0544	0.0541	0.0491	0.0452	0.0571	0.0574	0.0525	0.0602	0.0618	0.0576	0.0610	0.0617	0.0496	0.0515	0.0520	0.0539	0.0514	0.0572	0.0609	0.0479	0.0463	0.0478	0.0466	0.0440	0.0463	0.0411	0.0396	0.0344	0.0311	0.0267	0.0305	0.0339
0.0000	0.0000	0.0000	0.0000	0.0000	0.0000	0.0160	0.0113	0.0152	0.0113	0.0117	0.0270	0.0214	0.0146	0.0224	0.0193	0.0184	0.0063	0.0107	0.0163	0.0241	0.0373	0.0322	0.0301	0.0466	0.0389	0.0307	0.0335	0.0462	0.0468	0.0472	0.0494	0.0551	0.0459	0.0512	0.0498	0.0397	0.0496	0.0543	0.0510	0.0500	0.0607	0.0520	0.0505	0.0580	0.0533	0.0595	0.0683	0.0530	0.0532	0.0602	0.0618	0.0644	0.0484	0.0524	0.0559	0.0512	0.0588	0.0481	0.0584	0.0526	0.0412	0.0386	0.0427	0.0522	0.0379	0.0230	0.0315	0.0263
