0.0000	0.0000	0.0000	0.0099	0.0023	0.0000	0.0038	0.0082	0.0107	0.0117	0.0092	0.0289	0.0285	0.0364	0.0391	0.0364	0.0492	0.0410	0.0217	0.0369	0.0441	0.0600	0.0437	0.0542	0.0455	0.0504	0.0646	0.0548	0.0507	0.0599	0.0587	0.0715	0.0681	0.0634	0.0660	0.0811	0.0949	0.0815	0.1070	0.0876	0.0831	0.0883	0.0976	0.1230	0.0902	0.0904	0.0993	0.0963	0.0901	0.0955	0.0865	0.0720	0.0708	0.0872	0.0804	0.0629	0.0764	0.0747	0.0609	0.0662	0.0518	0.0485	0.0483	0.0481	0.0552	0.0483	0.0419	0.0475	0.0520
0.0000	0.0000	0.0000	0.0155	0.0118	0.0064	0.0063	0.0081	0.0148	0.0153	0.0183	0.0143	0.0222	0.0425	0.0381	0.0345	0.0333	0.0497	0.0420	0.0458	0.0473	0.0471	0.0508	0.0555	0.0602	0.0608	0.0629	0.0707	0.0717	0.0574	0.0634	0.0666	0.0883	0.0717	0.0801	0.0877	0.1145	0.1030	0.1118	0.1024	0.0959	0.0975	0.1101	0.1203	0.0949	0.0903	0.1098	0.1223	0.1117	0.1019	0.0923	0.0795	0.0710	0.0785	0.0848	0.0803	0.0689	0.0701	0.0747	0.0824	0.0577	0.0497	0.0729	0.0603	0.0490	0.0438	0.0514	0.0579	0.0597
0.0000	0.0000	0.0063	0.0154	0.0148	0.0094	0.0126	0.0244	0.0237	0.0336	0.0249	0.0264	0.0342	0.0423	0.0418	0.0464	0.0370	0.0551	0.0626	0.0446	0.0550	0.0742	0.0523	0.0587	0.0656	0.0658	0.0808	0.0713	0.0808	0.0908	0.0775	0.0737	0.0879	0.0887	0.0868	0.0926	0.1040	0.1017	0.1072	0.1125	0.1082	0.1092	0.1138	0.1320	0.1229	0.1128	0.1189	0.1078	0.1072	0.1030	0.1153	0.1125	0.1035	0.0828	0.0822	0.0874	0.0936	0.0903	0.0818	0.0928	0.0763	0.0685	0.0753	0.0730	0.0611	0.0578	0.0554	0.0626	0.0609
0.0000	0.0000	0.0078	0.0050	0.0028	0.0061	0.0130	0.0339	0.0237	0.0220	0.0212	0.0305	0.0409	0.0328	0.0342	0.0347	0.0489	0.0593	0.0538	0.0644	0.0653	0.0667	0.0520	0.0563	0.0728	0.0861	0.0799	0.0695	0.0734	0.0814	0.0929	0.0965	0.0851	0.1026	0.0933	0.1136	0.0997	0.0950	0.1066	0.1158	0.1293	0.1033	0.1158	0.1221	0.1276	0.1217	0.1171	0.1046	0.1152	0.1152	0.1155	0.1134	0.1032	0.0953	0.1117	0.0942	0.0918	0.0802	0.0912	0.0916	0.0992	0.0874	0.0799	0.0726	0.0796	0.0729	0.0552	0.0693	0.0688
0.0000	0.0003	0.0221	0.0056	0.0106	0.0144	0.0162	0.0312	0.0165	0.0080	0.0282	0.0380	0.0439	0.0445	0.0437	0.0422	0.0516	0.0558	0.0490	0.0683	0.0666	0.0716	0.0625	0.0765	0.0714	0.0719	0.0855	0.0753	0.0860	0.0813	0.0850	0.0986	0.1060	0.1078	0.1133	0.0905	0.0950	0.0897	0.1039	0.0948	0.1094	0.1139	0.1295	0.1273	0.1296	0.1270	0.1371	0.1295	0.1200	0.1122	0.1114	0.1165	0.1092	0.1008	0.1206	0.1196	0.1138	0.1144	0.0943	0.1184	0.1135	0.1015	0.1011	0.0884	0.0808	0.0724	0.0834	0.0754	0.0860
0.0000	0.0044	0.0163	0.0142	0.0149	0.0328	0.0231	0.0221	0.0275	0.0385	0.0427	0.0367	0.0476	0.0501	0.0395	0.0409	0.0546	0.0527	0.0549	0.0823	0.0717	0.0703	0.0713	0.0786	0.0928	0.0848	0.0892	0.0837	0.0932	0.0961	0.0787	0.0954	0.1066	0.1030	0.1116	0.1060	0.1075	0.1073	0.1123	0.1111	0.1187	0.1254	0.1386	0.1223	0.1188	0.1248	0.1268	0.1277	0.1259	0.1376	0.1347	0.1224	0.1291	0.1294	0.1208	0.1270	0.1171	0.1150	0.1114	0.1174	0.1215	0.1029	0.1019	0.0987	0.0917	0.0868	0.0952	0.0807	0.0819
0.0000	0.0049	0.0118	0.0146	0.0004	0.0289	0.0340	0.0322	0.0343	0.0396	0.0502	0.0515	0.0529	0.0516	0.0340	0.0510	0.0613	0.0576	0.0569	0.0582	0.0878	0.0933	0.0786	0.0700	0.0865	0.1071	0.0852	0.1021	0.0994	0.0947	0.0923	0.0963	0.1156	0.0932	0.1115	0.1137	0.1090	0.1273	0.1317	0.1219	0.1204	0.1409	0.1609	0.1419	0.1474	0.1408	0.1460	0.1526	0.1636	0.1570	0.1642	0.1413	0.1548	0.1442	0.1396	0.1462	0.1251	0.1380	0.1353	0.1409	0.1248	0.1075	0.1105	0.1233	0.1274	0.1015	0.0887	0.0964	0.0965
0.0075	0.0134	0.0193	0.0167	0.0046	0.0230	0.0312	0.0399	0.0379	0.0385	0.0451	0.0492	0.0660	0.0466	0.0523	0.0682	0.0647	0.0668	0.0926	0.0788	0.0965	0.0970	0.0724	0.0749	0.1058	0.1012	0.0937	0.0879	0.1107	0.1034	0.0962	0.0845	0.1166	0.1159	0.1314	0.1165	0.1233	0.1410	0.1446	0.1445	0.1445	0.1574	0.1727	0.1747	0.1786	0.1776	0.1765	0.2056	0.1909	0.1703	0.1449	0.1478	0.1499	0.1503	0.1500	0.1656	0.1442	0.1364	0.1669	0.1544	0.1737	0.1522	0.1522	0.1428	0.1340	0.1226	0.1063	0.1177	0.1340
0.0195	0.0127	0.0224	0.0365	0.0254	0.0277	0.0390	0.0386	0.0550	0.0526	0.0527	0.0656	0.0712	0.0647	0.0617	0.0650	0.0664	0.0629	0.0970	0.1102	0.0907	0.0956	0.0869	0.0817	0.1053	0.0916	0.0911	0.1051	0.1029	0.1031	0.1126	0.1133	0.1210	0.1380	0.1238	0.1260	0.1381	0.1483	0.1695	0.1661	0.1663	0.1652	0.1979	0.2145	0.2392	0.2437	0.3677	0.4225	0.3586	0.2808	0.2183	0.1734	0.1737	0.1966	0.2016	0.2063	0.2063	0.1871	0.2220	0.2582	0.2771	0.1843	0.1560	0.1616	0.1434	0.1331	0.1332	0.1314	0.1280
0.0138	0.0164	0.0190	0.0247	0.0323	0.0304	0.0448	0.0534	0.0588	0.0656	0.0788	0.0570	0.0679	0.0807	0.0645	0.0815	0.0912	0.0914	0.0932	0.0970	0.1085	0.0963	0.0997	0.0966	0.1091	0.1038	0.0949	0.1115	0.1067	0.1094	0.1097	0.1077	0.1214	0.1458	0.1461	0.1408	0.1595	0.1800	0.1830	0.1908	0.2093	0.2268	0.2871	0.3369	0.3331	0.4217	0.7416	0.7329	0.6397	0.5257	0.3587	0.2579	0.2264	0.2320	0.2733	0.2806	0.2924	0.2908	0.4074	0.4992	0.4518	0.3186	0.2025	0.1915	0.1880	0.1490	0.1579	0.1697	0.2134
0.0109	0.0284	0.0415	0.0283	0.0306	0.0340	0.0360	0.0481	0.0565	0.0508	0.0574	0.0619	0.0691	0.0769	0.0663	0.0893	0.0905	0.0857	0.0925	0.1031	0.1144	0.0930	0.1015	0.1079	0.1275	0.1141	0.1111	0.1205	0.1298	0.1189	0.1261	0.1280	0.1403	0.1675	0.1725	0.1742	0.1887	0.2316	0.2371	0.2298	0.2757	0.3364	0.6080	0.7303	0.6024	0.5463	0.7902	0.8014	0.6916	0.6795	0.6597	0.5483	0.3432	0.4080	0.4898	0.4929	0.4670	0.4133	0.5611	0.5863	0.5254	0.4425	0.2736	0.2135	0.2266	0.1877	0.1759	0.2263	0.3290
0.0124	0.0318	0.0220	0.0321	0.0369	0.0361	0.0570	0.0677	0.0576	0.0564	0.0725	0.0568	0.0697	0.0947	0.0805	0.0940	0.0972	0.1027	0.1033	0.1154	0.1081	0.1145	0.1135	0.1112	0.1222	0.1162	0.1211	0.1123	0.1408	0.1464	0.1596	0.1531	0.1745	0.1950	0.1879	0.1896	0.2176	0.2624	0.2994	0.3491	0.4087	0.4964	0.8561	0.8743	0.8344	0.6362	0.7262	0.7853	0.7095	0.7058	0.7174	0.7012	0.5279	0.6659	0.6968	0.6876	0.6440	0.5201	0.5846	0.5954	0.5656	0.5131	0.3858	0.3559	0.3657	0.2706	0.2175	0.3132	0.3712
0.0163	0.0274	0.0324	0.0266	0.0332	0.0290	0.0507	0.0618	0.0692	0.0775	0.0766	0.0738	0.0885	0.0823	0.0802	0.0927	0.1043	0.1174	0.1063	0.1276	0.1219	0.1286	0.1340	0.1315	0.1359	0.1560	0.1474	0.1545	0.1732	0.1911	0.1823	0.1996	0.2309	0.2487	0.2647	0.2614	0.3060	0.3621	0.3975	0.4931	0.6846	0.7435	0.9179	0.9153	0.8534	0.7869	0.8174	0.8021	0.7541	0.7262	0.7290	0.7366	0.7122	0.7271	0.6724	0.6745	0.6816	0.6101	0.6072	0.5996	0.5883	0.5810	0.4952	0.5019	0.5267	0.4130	0.3628	0.3362	0.3698
0.0187	0.0230	0.0449	0.0559	0.0371	0.0424	0.0487	0.0621	0.0692	0.0711	0.0815	0.0915	0.1034	0.0969	0.0825	0.1067	0.1216	0.1183	0.1298	0.1423	0.1454	0.1450	0.1561	0.1516	0.1657	0.1781	0.1905	0.2117	0.2055	0.2294	0.2524	0.2822	0.3022	0.3310	0.3756	0.4039	0.5194	0.6170	0.5841	0.6881	0.8404	0.8418	0.8626	0.8768	0.8612	0.8084	0.7922	0.7620	0.7444	0.7392	0.7655	0.7861	0.7442	0.6643	0.6494	0.6998	0.6591	0.6226	0.6033	0.6082	0.5633	0.5528	0.5417	0.5383	0.5333	0.4590	0.4651	0.3214	0.3642
0.0030	0.0305	0.0435	0.0551	0.0538	0.0490	0.0528	0.0862	0.0948	0.0732	0.0904	0.1120	0.1084	0.1051	0.1131	0.1243	0.1520	0.1536	0.1617	0.1616	0.1846	0.2028	0.1959	0.2058	0.2068	0.1968	0.2266	0.2573	0.2758	0.3035	0.3268	0.3780	0.4154	0.4894	0.6381	0.8066	0.9005	0.9201	0.8586	0.8769	0.9088	0.8569	0.7800	0.8628	0.8394	0.8117	0.7343	0.7876	0.7953	0.7479	0.7676	0.7513	0.6997	0.6442	0.6591	0.6369	0.6151	0.6189	0.5193	0.5629	0.5568	0.5522	0.5719	0.5299	0.5070	0.4241	0.4242	0.3873	0.3826
0.0160	0.0214	0.0393	0.0605	0.0698	0.0705	0.0804	0.0957	0.1006	0.0942	0.1307	0.1439	0.1288	0.1268	0.1695	0.1844	0.2206	0.2144	0.2114	0.2177	0.2556	0.2748	0.2407	0.2497	0.2585	0.2728	0.3110	0.3188	0.4081	0.3861	0.4211	0.5435	0.6426	0.8163	0.9785	0.9946	0.9839	0.9146	0.8243	0.8471	0.8624	0.8160	0.8264	0.8729	0.8093	0.8076	0.7660	0.7482	0.7357	0.7456	0.7518	0.7641	0.6847	0.6004	0.5980	0.6322	0.5888	0.5572	0.5093	0.5746	0.5552	0.5499	0.5364	0.5355	0.4663	0.3960	0.4071	0.4094	0.3628
0.0311	0.0458	0.0579	0.0742	0.0845	0.1092	0.1184	0.1318	0.1556	0.1788	0.2251	0.2489	0.2726	0.2971	0.3665	0.3933	0.3975	0.3964	0.3554	0.3866	0.4360	0.4228	0.3653	0.4100	0.4249	0.3860	0.4791	0.5760	0.6859	0.5836	0.6557	0.8228	0.8969	0.9712	1.0000	0.8390	0.7885	0.8118	0.7828	0.7267	0.7603	0.8049	0.8402	0.8300	0.7613	0.7095	0.7419	0.7350	0.6776	0.7045	0.7250	0.7436	0.6543	0.6232	0.5758	0.6002	0.5871	0.5251	0.4923	0.5624	0.5332	0.5065	0.4798	0.4765	0.4482	0.3861	0.3703	0.3801	0.3395
0.0525	0.0938	0.1027	0.1327	0.1624	0.2302	0.2846	0.3461	0.4352	0.4435	0.4878	0.4963	0.5582	0.5973	0.6566	0.7118	0.6968	0.7276	0.7127	0.7606	0.8416	0.8103	0.6972	0.7351	0.7514	0.6708	0.8153	0.8431	0.7903	0.8236	0.9007	0.9040	0.8865	0.8299	0.8058	0.7006	0.6477	0.6481	0.6619	0.6819	0.6728	0.7218	0.7833	0.7836	0.7246	0.6585	0.7242	0.7068	0.7192	0.7017	0.6875	0.6813	0.6658	0.6440	0.5778	0.5597	0.5420	0.4959	0.5162	0.4965	0.5069	0.4840	0.4716	0.4662	0.4380	0.3823	0.3849	0.3756	0.3604
0.1080	0.1979	0.3147	0.3838	0.4474	0.5387	0.6220	0.6346	0.7030	0.6513	0.6361	0.6434	0.6295	0.6291	0.6634	0.7601	0.7918	0.7965	0.8300	0.8125	0.8506	0.8544	0.8238	0.7835	0.7854	0.7744	0.8305	0.7703	0.8003	0.8891	0.8289	0.7583	0.7685	0.7457	0.6796	0.6303	0.6043	0.6156	0.6331	0.6371	0.6450	0.6591	0.7399	0.7153	0.6735	0.6706	0.6579	0.6640	0.6916	0.6851	0.6894	0.6549	0.6342	0.6019	0.5780	0.5389	0.4940	0.4797	0.4599	0.4981	0.4942	0.4678	0.4789	0.4230	0.3817	0.3397	0.3569	0.3602	0.3799
0.2023	0.3346	0.4079	0.4221	0.4782	0.4912	0.5189	0.5058	0.5292	0.5153	0.4926	0.4925	0.5694	0.5605	0.5741	0.6553	0.7094	0.7602	0.7475	0.7177	0.7297	0.7994	0.7462	0.7100	0.7009	0.6943	0.7149	0.7012	0.7270	0.7520	0.7402	0.6963	0.6632	0.6624	0.6053	0.6094	0.5707	0.5788	0.5828	0.6002	0.6305	0.6553	0.6655	0.6754	0.7300	0.6268	0.6257	0.6324	0.6408	0.6187	0.6174	0.5947	0.6010	0.5525	0.5671	0.5769	0.5193	0.4990	0.4728	0.4622	0.4559	0.4473	0.4273	0.4318	0.4039	0.3648	0.3456	0.3455	0.3524
0.2301	0.3003	0.2898	0.2919	0.3079	0.3481	0.3859	0.3594	0.3817	0.3944	0.4172	0.4274	0.4898	0.5056	0.5049	0.5936	0.6810	0.7275	0.6572	0.6537	0.6933	0.6761	0.6624	0.6827	0.6244	0.6725	0.6285	0.6752	0.6205	0.6478	0.6508	0.6288	0.6362	0.6332	0.6156	0.5849	0.6057	0.5990	0.5893	0.6074	0.6347	0.6260	0.6379	0.6555	0.6047	0.5973	0.6183	0.6090	0.5742	0.5797	0.5928	0.5863	0.5240	0.5491	0.5558	0.5517	0.5246	0.4956	0.4584	0.4526	0.4485	0.4472	0.4048	0.4082	0.3936	0.3588	0.3210	0.3108	0.2934
0.2134	0.2277	0.2605	0.2798	0.2933	0.2966	0.3278	0.3580	0.3512	0.3443	0.3267	0.3680	0.4153	0.4509	0.4928	0.5695	0.6707	0.6988	0.6703	0.6734	0.6743	0.6752	0.6186	0.6027	0.5993	0.6168	0.5948	0.6000	0.5649	0.5720	0.5677	0.5945	0.5879	0.5907	0.6204	0.5937	0.6164	0.5907	0.5864	0.6306	0.6251	0.5656	0.5741	0.6292	0.5974	0.5906	0.5898	0.5643	0.5248	0.5324	0.5933	0.5549	0.5107	0.5224	0.5181	0.5355	0.5097	0.5065	0.4541	0.4380	0.4317	0.4376	0.4189	0.3593	0.3621	0.3542	0.3171	0.2920	0.3044
0.1810	0.1902	0.2333	0.2425	0.3114	0.2918	0.3008	0.3346	0.3514	0.3098	0.3228	0.3543	0.4066	0.4530	0.4510	0.5076	0.5901	0.6459	0.6002	0.5951	0.6502	0.7163	0.6215	0.6267	0.5782	0.5607	0.5740	0.5651	0.5584	0.6087	0.5495	0.5725	0.5853	0.5845	0.5965	0.5779	0.6148	0.5952	0.5539	0.5509	0.5819	0.5714	0.5698	0.5809	0.5715	0.5745	0.5922	0.5698	0.5066	0.4885	0.5326	0.5437	0.5650	0.5309	0.5165	0.5164	0.5088	0.4923	0.4473	0.4572	0.4114	0.4166	0.3977	0.3778	0.3498	0.3486	0.3387	0.3061	0.3027
0.1702	0.1812	0.2234	0.2644	0.2858	0.3025	0.3011	0.3252	0.3134	0.3112	0.3234	0.3573	0.3706	0.4035	0.4129	0.4871	0.5427	0.5947	0.6594	0.6200	0.6356	0.6327	0.5712	0.5749	0.5802	0.5408	0.5597	0.5705	0.5801	0.5724	0.5608	0.5816	0.5750	0.5969	0.5949	0.5705	0.5685	0.5533	0.5260	0.5635	0.5812	0.5625	0.5502	0.5579	0.5516	0.5470	0.5972	0.5586	0.5153	0.5213	0.4829	0.4933	0.5427	0.5186	0.4955	0.5140	0.5153	0.4991	0.4807	0.4446	0.4167	0.4383	0.4111	0.3848	0.3277	0.3515	0.3168	0.3108	0.3029
0.1684	0.2039	0.2342	0.2755	0.2692	0.2919	0.3068	0.3293	0.3435	0.3566	0.3617	0.3860	0.3761	0.4097	0.4204	0.4430	0.4866	0.5256	0.5762	0.5577	0.5527	0.5574	0.5563	0.5990	0.5864	0.5356	0.5473	0.5581	0.5855	0.5967	0.5893	0.5933	0.6151	0.6127	0.5743	0.5913	0.6006	0.5706	0.5582	0.6124	0.5967	0.5890	0.5693	0.5672	0.5590	0.5454	0.5373	0.5388	0.5398	0.5479	0.5357	0.5194	0.5198	0.4981	0.5009	0.5047	0.5060	0.4827	0.4533	0.4440	0.4550	0.4076	0.4140	0.3616	0.3328	0.3496	0.3065	0.3135	0.2960
0.1687	0.2092	0.2220	0.2536	0.2568	0.2826	0.3241	0.3385	0.3289	0.3393	0.3571	0.3857	0.4053	0.4133	0.4274	0.4362	0.4942	0.4885	0.5031	0.5020	0.5230	0.5348	0.5220	0.5495	0.5614	0.5751	0.5724	0.5820	0.5582	0.5614	0.6078	0.5920	0.5845	0.5697	0.5528	0.5606	0.5837	0.5918	0.5960	0.6047	0.6040	0.5825	0.5522	0.5770	0.5703	0.5821	0.5901	0.5469	0.5492	0.5458	0.5615	0.5391	0.5410	0.5220	0.5262	0.5221	0.5261	0.4827	0.4835	0.4369	0.4588	0.3863	0.4017	0.3722	0.3514	0.3589	0.3182	0.3310	0.3109
0.1875	0.2015	0.2545	0.2645	0.2784	0.2887	0.2996	0.3422	0.3447	0.3211	0.3561	0.3704	0.4371	0.4677	0.4442	0.4511	0.4701	0.4754	0.5155	0.5227	0.5186	0.5342	0.5228	0.5402	0.5489	0.5495	0.5595	0.5579	0.5625	0.5815	0.5995	0.5899	0.6035	0.5905	0.5841	0.5513	0.5716	0.5889	0.6249	0.6047	0.6193	0.5665	0.5777	0.5785	0.5932	0.5600	0.5483	0.5440	0.5476	0.5357	0.5589	0.5396	0.5309	0.5318	0.5114	0.5243	0.4974	0.4719	0.4592	0.4705	0.4612	0.4216	0.4249	0.3924	0.3739	0.3392	0.3140	0.3171	0.3133
0.2060	0.2209	0.2449	0.2728	0.2809	0.3038	0.3105	0.3132	0.3147	0.3643	0.3864	0.3780	0.4068	0.4451	0.4267	0.4296	0.4375	0.4787	0.4735	0.5019	0.4907	0.5139	0.5243	0.5422	0.5522	0.5404	0.5444	0.5627	0.5733	0.6022	0.6043	0.6077	0.5968	0.5836	0.5663	0.5659	0.5862	0.5825	0.6257	0.6088	0.6166	0.6196	0.5616	0.5432	0.5587	0.5592	0.5718	0.5734	0.5694	0.5115	0.5831	0.5852	0.5958	0.5596	0.5153	0.5141	0.5175	0.4709	0.4671	0.4945	0.4759	0.4611	0.4430	0.3929	0.3858	0.3541	0.3437	0.3331	0.3250
0.2037	0.2192	0.2416	0.2719	0.2832	0.3030	0.3190	0.2981	0.3181	0.3545	0.3711	0.3844	0.4214	0.4143	0.4226	0.4154	0.4204	0.5063	0.5240	0.4881	0.4977	0.4885	0.5005	0.5394	0.5722	0.5190	0.5665	0.5894	0.5929	0.5858	0.5936	0.6203	0.6276	0.5991	0.5712	0.5772	0.5877	0.5966	0.5931	0.6167	0.6256	0.6104	0.5628	0.5578	0.5516	0.5706	0.5980	0.5709	0.5736	0.5334	0.5452	0.5497	0.5372	0.5332	0.5259	0.5330	0.5020	0.4753	0.4780	0.4815	0.4659	0.4494	0.4492	0.4298	0.4206	0.3799	0.3549	0.3269	0.3206
0.1920	0.1992	0.2406	0.2854	0.2920	0.2921	0.3228	0.3413	0.3476	0.3388	0.3674	0.3849	0.3988	0.4107	0.4174	0.4212	0.4609	0.5179	0.5273	0.5235	0.4968	0.5239	0.5078	0.5419	0.5195	0.5084	0.5532	0.5773	0.5858	0.6036	0.6060	0.6231	0.6821	0.6204	0.5945	0.5814	0.6296	0.6239	0.6176	0.6223	0.6240	0.6191	0.5721	0.6133	0.6061	0.5376	0.5542	0.5602	0.5226	0.5371	0.5444	0.5386	0.5120	0.5182	0.5183	0.5182	0.5127	0.4823	0.4607	0.4766	0.4898	0.4715	0.4419	0.4220	0.3981	0.3953	0.3582	0.3672	0.3296
0.1941	0.2046	0.2661	0.2852	0.2938	0.3132	0.3523	0.3554	0.3413	0.3694	0.3888	0.3855	0.3773	0.3756	0.4194	0.4331	0.4610	0.4678	0.5023	0.5168	0.4973	0.5483	0.5064	0.5123	0.5046	0.5084	0.5108	0.5452	0.5791	0.5933	0.5858	0.6214	0.6153	0.6299	0.6594	0.6298	0.6290	0.5648	0.6149	0.6415	0.5767	0.5856	0.6135	0.6094	0.5701	0.5215	0.5447	0.5359	0.5308	0.5687	0.5585	0.5741	0.5745	0.5278	0.5204	0.5241	0.5203	0.4961	0.4741	0.4879	0.4797	0.4492	0.4303	0.4251	0.3981	0.3690	0.3508	0.3623	0.3328
0.1796	0.2100	0.2476	0.2817	0.2943	0.3027	0.3407	0.3232	0.3605	0.3762	0.3782	0.3716	0.3806	0.3853	0.4267	0.4360	0.4656	0.5041	0.4854	0.4940	0.4974	0.5285	0.5230	0.5465	0.5269	0.5365	0.5367	0.5541	0.5729	0.5865	0.5951	0.5975	0.5996	0.6003	0.6332	0.6248	0.6126	0.5717	0.6141	0.6349	0.5846	0.5639	0.6182	0.5750	0.5877	0.5665	0.5575	0.5967	0.5447	0.5358	0.5575	0.5525	0.5392	0.5540	0.5414	0.5377	0.5189	0.5014	0.4702	0.4550	0.4914	0.4885	0.4759	0.4226	0.4018	0.3933	0.3694	0.3523	0.3486
0.1701	0.2053	0.2523	0.2614	0.2773	0.2956	0.3316	0.3750	0.3736	0.3673	0.3723	0.3634	0.3909	0.3990	0.4273	0.4368	0.4689	0.4884	0.4919	0.5006	0.5188	0.5293	0.5131	0.5379	0.5196	0.5433	0.5518	0.5567	0.5638	0.5513	0.5761	0.6010	0.5890	0.5869	0.6261	0.6140	0.6320	0.5935	0.5986	0.5962	0.6447	0.6252	0.5989	0.5804	0.5878	0.5460	0.5660	0.5886	0.5812	0.5368	0.5606	0.5547	0.5648	0.5538	0.5309	0.5211	0.5161	0.4980	0.4666	0.4719	0.4639	0.4859	0.4756	0.4413	0.4304	0.3910	0.3760	0.3310	0.3487
0.1503	0.1902	0.2268	0.2535	0.2816	0.2909	0.2997	0.3551	0.3689	0.3649	0.3525	0.3357	0.3698	0.4160	0.4017	0.4455	0.4498	0.4851	0.4630	0.5080	0.5220	0.4737	0.4889	0.4979	0.5000	0.5278	0.5197	0.5489	0.5577	0.5830	0.6153	0.5931	0.6022	0.6320	0.6333	0.6036	0.6058	0.6165	0.6340	0.6075	0.6239	0.6125	0.6053	0.5867	0.5609	0.5518	0.5776	0.5498	0.5871	0.5805	0.5826	0.5520	0.5487	0.5458	0.5341	0.5137	0.5160	0.4932	0.4945	0.5007	0.4691	0.4789	0.4542	0.4546	0.4396	0.3951	0.4075	0.3650	0.3720
0.1350	0.1682	0.2016	0.2300	0.2708	0.2781	0.3226	0.3568	0.3386	0.3210	0.3796	0.3690	0.3737	0.3999	0.3980	0.4335	0.4620	0.5083	0.4947	0.5176	0.5425	0.5216	0.5351	0.5579	0.5773	0.5835	0.6035	0.6065	0.5916	0.6045	0.5924	0.6201	0.6282	0.6244	0.6621	0.6289	0.5982	0.6212	0.6642	0.6078	0.6494	0.6220	0.6069	0.5975	0.5861	0.5683	0.5560	0.5632	0.5315	0.5769	0.5752	0.5730	0.5610	0.5642	0.5382	0.5323	0.5170	0.5093	0.4953	0.5020	0.4924	0.4422	0.4582	0.4395	0.4532	0.4111	0.4029	0.3806	0.3472
0.1410	0.1596	0.1924	0.2363	0.2680	0.2853	0.3145	0.3695	0.3404	0.3213	0.3846	0.3966	0.3878	0.4220	0.4411	0.4979	0.4948	0.5542	0.5775	0.5688	0.5554	0.5927	0.5932	0.5966	0.6317	0.6523	0.6589	0.6567	0.6802	0.6652	0.6640	0.6340	0.6872	0.6919	0.7041	0.6625	0.6175	0.6209	0.6127	0.6045	0.6266	0.5994	0.6239	0.6224	0.6126	0.5823	0.6046	0.5876	0.5668	0.5785	0.5677	0.5747	0.5411	0.5302	0.5228	0.5322	0.4858	0.4822	0.4829	0.4744	0.4968	0.4807	0.4850	0.4653	0.4293	0.4107	0.3867	0.3734	0.3725
0.1108	0.1364	0.1980	0.2430	0.2992	0.3015	0.3236	0.3492	0.3484	0.3755	0.3681	0.4184	0.4543	0.4844	0.4671	0.5497	0.6076	0.6397	0.6617	0.6604	0.6660	0.6984	0.6509	0.6893	0.6629	0.7046	0.7208	0.7278	0.7430	0.7259	0.6974	0.7249	0.7305	0.7405	0.7119	0.7062	0.6434	0.6239	0.5887	0.5845	0.6118	0.6249	0.6127	0.6358	0.6067	0.5757	0.5945	0.5746	0.6092	0.5967	0.5415	0.5363	0.5427	0.5084	0.4822	0.5245	0.4948	0.4946	0.5002	0.4632	0.4556	0.5071	0.4683	0.4283	0.4332	0.4138	0.4036	0.3941	0.3862
0.1334	0.1491	0.1899	0.2306	0.2816	0.2844	0.3194	0.3421	0.3551	0.3701	0.3886	0.4083	0.4536	0.4650	0.5353	0.5691	0.6706	0.7531	0.7263	0.7428	0.7664	0.7763	0.7885	0.7980	0.7672	0.7859	0.7643	0.8005	0.8196	0.7347	0.7953	0.8341	0.7976	0.8076	0.8106	0.7408	0.7220	0.6731	0.6345	0.6341	0.6473	0.6067	0.6339	0.6410	0.6072	0.6009	0.6017	0.6051	0.5842	0.5936	0.5581	0.5557	0.5614	0.5393	0.5053	0.5120	0.5284	0.5306	0.5065	0.4910	0.5255	0.5200	0.5054	0.4521	0.4572	0.4443	0.4309	0.4173	0.3958
0.1135	0.1652	0.2102	0.2586	0.3143	0.3617	0.3940	0.4060	0.4391	0.4098	0.4463	0.4407	0.4838	0.5143	0.5924	0.6115	0.7324	0.7615	0.7649	0.8137	0.8232	0.8381	0.8351	0.7971	0.8282	0.8376	0.8660	0.8446	0.8397	0.8205	0.7925	0.8463	0.9069	0.8415	0.8087	0.8217	0.8057	0.7477	0.6835	0.6759	0.6775	0.6626	0.6639	0.6621	0.6331	0.5962	0.5960	0.6026	0.6020	0.6201	0.5816	0.5982	0.5717	0.5507	0.5099	0.5334	0.5556	0.5328	0.5190	0.5340	0.5767	0.5396	0.5155	0.4983	0.4763	0.4525	0.4446	0.4322	0.4166
0.0548	0.1104	0.2022	0.2504	0.3454	0.4485	0.4756	0.5477	0.5647	0.5716	0.5715	0.5755	0.5631	0.5915	0.6502	0.7024	0.7865	0.8849	0.8618	0.8711	0.8544	0.8372	0.8388	0.7895	0.6210	0.6726	0.8160	0.6972	0.7779	0.8605	0.5859	0.5643	0.7141	0.6125	0.4817	0.5865	0.7468	0.7645	0.7528	0.7037	0.6936	0.6902	0.6871	0.6721	0.6619	0.6374	0.6445	0.6252	0.6272	0.6181	0.6204	0.6047	0.6165	0.5924	0.5514	0.5436	0.5517	0.5700	0.5725	0.5762	0.5880	0.5821	0.5382	0.5150	0.5016	0.4746	0.4538	0.4489	0.4419
0.0556	0.0749	0.1105	0.1213	0.1840	0.2473	0.2856	0.3372	0.3797	0.3654	0.4594	0.5628	0.6220	0.6600	0.6948	0.7611	0.7746	0.8148	0.7049	0.7356	0.7551	0.6158	0.5344	0.4749	0.3432	0.3366	0.4725	0.4420	0.4684	0.5476	0.3581	0.3855	0.3818	0.3582	0.3684	0.3990	0.4624	0.6086	0.7942	0.7584	0.7431	0.6883	0.6970	0.6801	0.6759	0.6571	0.6581	0.6487	0.6313	0.6131	0.6378	0.6267	0.6031	0.5930	0.5857	0.6081	0.6056	0.5645	0.5963	0.5967	0.6135	0.6010	0.5752	0.5538	0.5245	0.5025	0.4943	0.4672	0.4448
0.0196	0.0482	0.0673	0.0609	0.0830	0.0870	0.0944	0.1255	0.1515	0.1412	0.1821	0.2387	0.3366	0.3963	0.4415	0.4496	0.4291	0.3984	0.2889	0.2882	0.3243	0.2557	0.2326	0.2154	0.2350	0.2190	0.2284	0.2364	0.2576	0.2663	0.2770	0.2873	0.3075	0.3126	0.3337	0.3711	0.3871	0.5942	0.8281	0.7979	0.7678	0.6951	0.6972	0.6677	0.6690	0.6398	0.6838	0.6570	0.6349	0.6360	0.6739	0.6439	0.6369	0.6246	0.5909	0.6010	0.6265	0.5986	0.6005	0.6492	0.6292	0.5842	0.6155	0.5864	0.5575	0.5242	0.5305	0.4912	0.4135
0.0034	0.0247	0.0443	0.0356	0.0441	0.0618	0.0722	0.0744	0.0854	0.0949	0.1016	0.1050	0.1266	0.1221	0.1435	0.1430	0.1473	0.1624	0.1637	0.1539	0.1743	0.1689	0.1750	0.1937	0.2108	0.1949	0.1949	0.2137	0.2266	0.2389	0.2348	0.2440	0.2665	0.3016	0.3060	0.3276	0.3853	0.6562	0.8555	0.8096	0.8070	0.7360	0.7352	0.7120	0.6965	0.6591	0.6765	0.6873	0.6819	0.6928	0.6927	0.6730	0.6454	0.6452	0.6361	0.6753	0.6875	0.6756	0.6499	0.6826	0.6552	0.6301	0.6529	0.6439	0.5898	0.5547	0.5095	0.4864	0.4669
0.0086	0.0166	0.0179	0.0364	0.0523	0.0505	0.0659	0.0652	0.0693	0.0708	0.0787	0.0761	0.0844	0.0808	0.0944	0.1045	0.1037	0.1107	0.1049	0.1160	0.1311	0.1154	0.1312	0.1473	0.1530	0.1500	0.1667	0.1781	0.1814	0.1964	0.2044	0.2259	0.2363	0.2512	0.2701	0.3027	0.3483	0.5029	0.8195	0.8265	0.8329	0.7686	0.7500	0.7514	0.7560	0.7518	0.7225	0.7177	0.7360	0.7361	0.7061	0.7379	0.6780	0.6549	0.6695	0.7062	0.7310	0.6858	0.6415	0.6396	0.6251	0.6541	0.6843	0.6410	0.6122	0.5939	0.5679	0.5256	0.4839
0.0143	0.0301	0.0222	0.0402	0.0515	0.0480	0.0519	0.0534	0.0654	0.0571	0.0602	0.0672	0.0723	0.0845	0.0837	0.0829	0.0846	0.0848	0.0782	0.0933	0.1008	0.1039	0.1044	0.1077	0.1129	0.1071	0.1210	0.1278	0.1442	0.1460	0.1466	0.1650	0.1794	0.1993	0.2153	0.2333	0.2763	0.3839	0.7151	0.8307	0.8055	0.7919	0.7388	0.7389	0.7537	0.7446	0.7129	0.7345	0.7275	0.6255	0.5271	0.6226	0.7242	0.6964	0.6946	0.6617	0.6443	0.6368	0.5681	0.3818	0.3348	0.4228	0.4589	0.4437	0.5157	0.5719	0.5388	0.4794	0.3276
0.0211	0.0257	0.0287	0.0298	0.0407	0.0542	0.0449	0.0518	0.0558	0.0476	0.0562	0.0555	0.0650	0.0719	0.0650	0.0658	0.0693	0.0770	0.0915	0.0920	0.0864	0.0921	0.0888	0.0888	0.0834	0.0942	0.0933	0.0991	0.1164	0.1090	0.1102	0.1151	0.1224	0.1335	0.1441	0.1546	0.1822	0.2261	0.3929	0.6358	0.7280	0.6436	0.4428	0.6041	0.6988	0.6140	0.4550	0.5189	0.5167	0.3374	0.2763	0.3810	0.6244	0.6872	0.6765	0.6437	0.6166	0.5821	0.3946	0.2316	0.2273	0.2219	0.2267	0.2441	0.2825	0.3950	0.3442	0.2489	0.1846
0.0143	0.0227	0.0253	0.0338	0.0248	0.0285	0.0420	0.0496	0.0528	0.0457	0.0465	0.0500	0.0716	0.0594	0.0550	0.0510	0.0668	0.0715	0.0790	0.0857	0.0803	0.0760	0.0750	0.0759	0.0780	0.0887	0.0798	0.0832	0.0979	0.0885	0.0988	0.0939	0.0805	0.0969	0.1109	0.1178	0.1228	0.1330	0.1583	0.2549	0.4644	0.3448	0.1968	0.3256	0.3534	0.2555	0.1785	0.1952	0.1926	0.1697	0.1849	0.2037	0.2979	0.3784	0.4857	0.6381	0.5624	0.3737	0.2058	0.1764	0.1776	0.1710	0.1670	0.1830	0.1762	0.1799	0.1826	0.1750	0.1716
0.0085	0.0069	0.0088	0.0193	0.0287	0.0310	0.0321	0.0425	0.0420	0.0490	0.0533	0.0463	0.0451	0.0517	0.0555	0.0608	0.0609	0.0715	0.0600	0.0685	0.0764	0.0682	0.0650	0.0614	0.0636	0.0706	0.0743	0.0832	0.0944	0.0912	0.0841	0.0818	0.0767	0.0812	0.0948	0.0990	0.0930	0.1027	0.1141	0.1088	0.1352	0.1368	0.1186	0.1236	0.1242	0.1333	0.1254	0.1250	0.1215	0.1247	0.1305	0.1302	0.1433	0.1555	0.2206	0.3522	0.2993	0.1753	0.1475	0.1511	0.1527	0.1440	0.1479	0.1425	0.1443	0.1464	0.1484	0.1620	0.1396
0.0000	0.0123	0.0160	0.0231	0.0290	0.0313	0.0258	0.0446	0.0336	0.0390	0.0408	0.0507	0.0542	0.0515	0.0543	0.0516	0.0543	0.0593	0.0513	0.0564	0.0623	0.0550	0.0617	0.0593	0.0599	0.0646	0.0660	0.0692	0.0738	0.0782	0.0747	0.0680	0.0787	0.0742	0.0730	0.0741	0.0775	0.0839	0.0827	0.0941	0.0869	0.0895	0.1016	0.1062	0.1072	0.1079	0.0984	0.1046	0.1030	0.1002	0.0989	0.1039	0.1052	0.1157	0.1124	0.1174	0.1317	0.1305	0.1280	0.1309	0.1290	0.1138	0.1144	0.1187	0.1090	0.1064	0.1157	0.1245	0.1096
0.0000	0.0087	0.0185	0.0150	0.0108	0.0222	0.0318	0.0248	0.0323	0.0346	0.0302	0.0321	0.0448	0.0481	0.0446	0.0489	0.0532	0.0560	0.0499	0.0453	0.0642	0.0718	0.0592	0.0568	0.0607	0.0607	0.0624	0.0670	0.0682	0.0631	0.0557	0.0619	0.0733	0.0641	0.0607	0.0625	0.0680	0.0745	0.0722	0.0842	0.0808	0.0836	0.0880	0.0888	0.0882	0.0886	0.0837	0.0813	0.0806	0.0842	0.0895	0.0830	0.0898	0.0822	0.0843	0.0990	0.1042	0.0924	0.0950	0.1083	0.1022	0.0946	0.0990	0.1069	0.1004	0.1048	0.0958	0.0860	0.0881
0.0000	0.0000	0.0132	0.0136	0.0192	0.0172	0.0173	0.0175	0.0291	0.0346	0.0186	0.0315	0.0415	0.0400	0.0419	0.0376	0.0579	0.0497	0.0461	0.0423	0.0519	0.0557	0.0558	0.0541	0.0569	0.0608	0.0579	0.0497	0.0570	0.0572	0.0530	0.0623	0.0589	0.0574	0.0564	0.0608	0.0724	0.0683	0.0683	0.0734	0.0760	0.0771	0.0714	0.0834	0.0742	0.0754	0.0762	0.0752	0.0725	0.0752	0.0811	0.0787	0.0730	0.0800	0.0841	0.0804	0.0822	0.0764	0.0744	0.0873	0.0894	0.0773	0.0768	0.0786	0.0911	0.0813	0.0851	0.0760	0.0804
0.0000	0.0000	0.0000	0.0048	0.0167	0.0234	0.0131	0.0078	0.0271	0.0216	0.0259	0.0281	0.0383	0.0339	0.0414	0.0384	0.0508	0.0423	0.0394	0.0468	0.0412	0.0449	0.0426	0.0435	0.0461	0.0505	0.0498	0.0544	0.0534	0.0568	0.0578	0.0539	0.0563	0.0601	0.0584	0.0585	0.0661	0.0667	0.0657	0.0631	0.0727	0.0663	0.0642	0.0676	0.0692	0.0703	0.0714	0.0700	0.0637	0.0705	0.0686	0.0710	0.0697	0.0761	0.0742	0.0688	0.0654	0.0639	0.0663	0.0702	0.0707	0.0573	0.0680	0.0640	0.0740	0.0719	0.0615	0.0607	0.0584
0.0000	0.0000	0.0000	0.0061	0.0100	0.0059	0.0158	0.0157	0.0203	0.0108	0.0154	0.0267	0.0282	0.0177	0.0376	0.0385	0.0337	0.0257	0.0233	0.0366	0.0320	0.0410	0.0421	0.0348	0.0493	0.0519	0.0508	0.0499	0.0594	0.0511	0.0477	0.0490	0.0529	0.0573	0.0505	0.0529	0.0542	0.0526	0.0613	0.0580	0.0584	0.0646	0.0671	0.0572	0.0659	0.0642	0.0604	0.0557	0.0580	0.0599	0.0584	0.0582	0.0632	0.0630	0.0618	0.0607	0.0587	0.0581	0.0540	0.0578	0.0615	0.0548	0.0533	0.0579	0.0576	0.0532	0.0516	0.0478	0.0469
0.0000	0.0000	0.0000	0.0078	0.0179	0.0000	0.0095	0.0115	0.0074	0.0130	0.0133	0.0294	0.0235	0.0145	0.0195	0.0196	0.0322	0.0229	0.0266	0.0345	0.0373	0.0380	0.0348	0.0398	0.0343	0.0405	0.0502	0.0500	0.0463	0.0454	0.0404	0.0453	0.0466	0.0497	0.0482	0.0454	0.0430	0.0482	0.0528	0.0500	0.0501	0.0585	0.0559	0.0601	0.0548	0.0492	0.0588	0.0606	0.0532	0.0458	0.0542	0.0587	0.0540	0.0587	0.0565	0.0563	0.0596	0.0559	0.0577	0.0543	0.0554	0.0509	0.0477	0.0572	0.0519	0.0458	0.0472	0.0414	0.0437
0.0000	0.0000	0.0000	0.0000	0.0000	0.0000	0.0137	0.0162	0.0075	0.0092	0.0170	0.0367	0.0271	0.0113	0.0285	0.0250	0.0323	0.0245	0.0241	0.0379	0.0299	0.0302	0.0331	0.0362	0.0319	0.0371	0.0434	0.0418	0.0384	0.0403	0.0459	0.0445	0.0488	0.0455	0.0510	0.0413	0.0492	0.0515	0.0518	0.0514	0.0494	0.0517	0.0540	0.0566	0.0522	0.0559	0.0645	0.0561	0.0507	0.0522	0.0567	0.0567	0.0518	0.0571	0.0597	0.0583	0.0576	0.0497	0.0555	0.0479	0.0473	0.0449	0.0464	0.0407	0.0423	0.0451	0.0406	0.0397	0.0423
0.0000	0.0000	0.0000	0.0000	0.0024	0.0000	0.0101	0.0141	0.0071	0.0088	0.0240	0.0311	0.0249	0.0127	0.0168	0.0241	0.0301	0.0291	0.0310	0.0337	0.0250	0.0209	0.0316	0.0388	0.0323	0.0272	0.0399	0.0377	0.0362	0.0447	0.0425	0.0402	0.0416	0.0399	0.0490	0.0440	0.0480	0.0500	0.0483	0.0481	0.0500	0.0535	0.0530	0.0452	0.0463	0.0520	0.0480	0.0488	0.0470	0.0488	0.0512	0.0513	0.0532	0.0527	0.0532	0.0574	0.0510	0.0512	0.0481	0.0418	0.0428	0.0413	0.0400	0.0451	0.0413	0.0426	0.0325	0.0364	0.0347
0.0000	0.0000	0.0000	0.0000	0.0017	0.0109	0.0000	0.0099	0.0175	0.0145	0.0137	0.0196	0.0082	0.0112	0.0190	0.0301	0.0255	0.0231	0.0310	0.0251	0.0281	0.0283	0.0269	0.0344	0.0433	0.0333	0.0272	0.0318	0.0385	0.0444	0.0330	0.0359	0.0352	0.0402	0.0422	0.0398	0.0414	0.0427	0.0391	0.0470	0.0408	0.0426	0.0546	0.0505	0.0497	0.0465	0.0459	0.0469	0.0446	0.0462	0.0417	0.0405	0.0464	0.0450	0.0450	0.0482	0.0405	0.0394	0.0368	0.0369	0.0333	0.0344	0.0379	0.0361	0.0358	0.0330	0.0259	0.0286	0.0241
0.0000	0.0000	0.0000	0.0000	0.0000	0.0000	0.0000	0.0190	0.0142	0.0143	0.0177	0.0078	0.0147	0.0144	0.0225	0.0185	0.0184	0.0167	0.0107	0.0141	0.0284	0.0271	0.0200	0.0272	0.0309	0.0326	0.0296	0.0348	0.0428	0.0502	0.0443	0.0367	0.0376	0.0464	0.0416	0.0379	0.0453	0.0535	0.0516	0.0452	0.0383	0.0525	0.0510	0.0524	0.0476	0.0393	0.0473	0.0576	0.0498	0.0360	0.0480	0.0540	0.0478	0.0461	0.0461	0.0463	0.0390	0.0448	0.0365	0.0479	0.0430	0.0404	0.0394	0.0452	0.0392	0.0369	0.0368	0.0266	0.0299
