0.0000	0.0000	0.0033	0.0153	0.0002	0.0042	0.0000	0.0065	0.0109	0.0178	0.0148	0.0183	0.0265	0.0157	0.0188	0.0287	0.0427	0.0392	0.0360	0.0317	0.0545	0.0352	0.0251	0.0586	0.0673	0.0524	0.0621	0.0493	0.0449	0.0632	0.0689	0.0772	0.0739	0.0613	0.0700	0.0664	0.0672	0.0527	0.0635	0.0502	0.0534	0.0715	0.0721	0.0749	0.0692	0.0780	0.0925	0.0713	0.0689	0.0858	0.0761	0.0630	0.0841	0.0798	0.0685	0.0755	0.0794	0.0711	0.0825	0.0685	0.0789	0.0668	0.0847	0.0834	0.0739	0.0492	0.0356	0.0399	0.0488
0.0000	0.0000	0.0013	0.0058	0.0000	0.0000	0.0157	0.0176	0.0234	0.0204	0.0132	0.0238	0.0300	0.0343	0.0397	0.0337	0.0405	0.0403	0.0345	0.0348	0.0597	0.0536	0.0501	0.0676	0.0657	0.0693	0.0717	0.0777	0.0709	0.0802	0.0817	0.0825	0.0661	0.0784	0.0713	0.0685	0.0819	0.0748	0.0716	0.0757	0.0835	0.0759	0.0733	0.0879	0.0902	0.0716	0.0916	0.0920	0.0743	0.0798	0.0850	0.0648	0.0618	0.0730	0.0909	0.0738	0.0775	0.0809	0.0666	0.0774	0.0882	0.0660	0.0699	0.0818	0.0656	0.0510	0.0518	0.0564	0.0497
0.0000	0.0000	0.0000	0.0103	0.0219	0.0000	0.0000	0.0143	0.0181	0.0151	0.0265	0.0127	0.0320	0.0408	0.0282	0.0359	0.0462	0.0515	0.0612	0.0380	0.0499	0.0653	0.0713	0.0625	0.0754	0.0753	0.0720	0.0735	0.0744	0.0856	0.0861	0.0808	0.0968	0.0913	0.0796	0.0712	0.0817	0.0801	0.0939	0.0698	0.0790	0.0828	0.0863	0.0778	0.0790	0.0842	0.0901	0.0991	0.0820	0.0735	0.0998	0.1055	0.0827	0.0971	0.1127	0.0813	0.0918	0.0778	0.0804	0.1044	0.1138	0.0983	0.1050	0.0844	0.0834	0.0778	0.0708	0.0669	0.0624
0.0015	0.0055	0.0016	0.0000	0.0104	0.0095	0.0040	0.0167	0.0145	0.0218	0.0360	0.0292	0.0329	0.0300	0.0314	0.0537	0.0344	0.0577	0.0703	0.0504	0.0638	0.0614	0.0755	0.0638	0.0673	0.0733	0.0779	0.0678	0.0758	0.0738	0.0767	0.0751	0.0976	0.0900	0.0876	0.0884	0.0900	0.0851	0.0913	0.1009	0.0885	0.0794	0.0847	0.0787	0.0838	0.0895	0.0942	0.0788	0.0830	0.0825	0.0966	0.1055	0.0986	0.1011	0.1036	0.0909	0.0997	0.1132	0.1008	0.1026	0.1199	0.1088	0.1122	0.1077	0.1003	0.0731	0.0702	0.0853	0.0865
0.0000	0.0019	0.0267	0.0141	0.0000	0.0121	0.0098	0.0188	0.0264	0.0200	0.0333	0.0408	0.0413	0.0362	0.0357	0.0472	0.0364	0.0576	0.0666	0.0648	0.0844	0.0712	0.0624	0.0781	0.0711	0.0717	0.0881	0.0699	0.0742	0.0780	0.0791	0.0837	0.0864	0.0773	0.0946	0.0858	0.1013	0.0761	0.0842	0.0968	0.0798	0.0854	0.1019	0.0837	0.0984	0.0986	0.0930	0.0890	0.0853	0.0969	0.0857	0.0832	0.0928	0.0835	0.0989	0.1108	0.1003	0.1189	0.1056	0.1153	0.1143	0.1509	0.1965	0.1435	0.1125	0.0903	0.1076	0.0994	0.0900
0.0000	0.0000	0.0000	0.0096	0.0000	0.0165	0.0216	0.0215	0.0246	0.0317	0.0455	0.0526	0.0524	0.0411	0.0432	0.0555	0.0578	0.0410	0.0489	0.0767	0.0798	0.0639	0.0676	0.0667	0.0817	0.0784	0.0846	0.0698	0.0818	0.0862	0.0938	0.0970	0.0989	0.0932	0.0954	0.1021	0.0995	0.0956	0.0884	0.0822	0.0864	0.1061	0.1059	0.0900	0.0974	0.0981	0.0982	0.1059	0.1091	0.1184	0.1161	0.0876	0.1009	0.1061	0.1236	0.1305	0.1265	0.1287	0.1322	0.1488	0.1750	0.2651	0.4425	0.3151	0.1654	0.1140	0.1119	0.1063	0.1064
0.0000	0.0029	0.0058	0.0050	0.0021	0.0190	0.0266	0.0334	0.0400	0.0364	0.0516	0.0585	0.0699	0.0578	0.0527	0.0865	0.0877	0.0827	0.0766	0.0689	0.0874	0.0855	0.0739	0.0791	0.0850	0.0897	0.0814	0.0817	0.0966	0.1033	0.1012	0.0986	0.1051	0.1171	0.1073	0.1087	0.1042	0.1147	0.0895	0.1000	0.0843	0.0928	0.1037	0.0959	0.0938	0.1202	0.1139	0.1186	0.1129	0.1243	0.1270	0.1280	0.1280	0.1277	0.1388	0.1595	0.1564	0.1671	0.2254	0.3412	0.3674	0.4190	0.4657	0.4563	0.3195	0.1717	0.1328	0.1420	0.1150
0.0016	0.0199	0.0247	0.0182	0.0136	0.0175	0.0372	0.0614	0.0610	0.0429	0.0446	0.0618	0.0632	0.0494	0.0488	0.0852	0.0872	0.0949	0.0767	0.0554	0.0807	0.0986	0.0889	0.0805	0.0988	0.1035	0.0971	0.1035	0.1092	0.1185	0.0956	0.0843	0.1037	0.1181	0.1170	0.1069	0.1165	0.1142	0.1124	0.1109	0.0937	0.1135	0.1218	0.1147	0.1081	0.1137	0.1322	0.1462	0.1204	0.1302	0.1295	0.1381	0.1300	0.1438	0.1635	0.1891	0.2055	0.2185	0.3101	0.4899	0.5296	0.5388	0.4795	0.4435	0.4332	0.3419	0.2409	0.1954	0.1543
0.0019	0.0028	0.0324	0.0235	0.0154	0.0325	0.0490	0.0512	0.0594	0.0477	0.0628	0.0677	0.0641	0.0686	0.0591	0.0620	0.0637	0.0890	0.0898	0.0856	0.0964	0.1185	0.0975	0.0925	0.1078	0.0984	0.0929	0.0957	0.1047	0.1144	0.1009	0.1005	0.1090	0.1249	0.1344	0.1306	0.1216	0.1219	0.1258	0.1349	0.1253	0.1159	0.1221	0.1258	0.1340	0.1258	0.1560	0.1517	0.1620	0.1786	0.1779	0.1541	0.1761	0.1978	0.2063	0.2295	0.2550	0.2647	0.3343	0.4939	0.5440	0.5157	0.4733	0.4424	0.4169	0.3821	0.3963	0.3902	0.2778
0.0013	0.0045	0.0077	0.0242	0.0193	0.0389	0.0363	0.0556	0.0588	0.0624	0.0600	0.0496	0.0675	0.0842	0.0890	0.0830	0.0867	0.0968	0.1039	0.0998	0.1047	0.1170	0.1037	0.1068	0.1188	0.1147	0.0994	0.1095	0.1118	0.1067	0.1162	0.1195	0.1223	0.1479	0.1447	0.1409	0.1229	0.1265	0.1195	0.1255	0.1221	0.1223	0.1519	0.1637	0.1708	0.1656	0.1862	0.1929	0.1887	0.1811	0.1934	0.1932	0.2111	0.2316	0.2568	0.2693	0.2992	0.3694	0.4758	0.5440	0.5543	0.5215	0.4984	0.4750	0.4446	0.3778	0.3987	0.4495	0.4449
0.0150	0.0270	0.0187	0.0291	0.0335	0.0437	0.0433	0.0523	0.0517	0.0633	0.0644	0.0527	0.0748	0.0766	0.0699	0.1048	0.1028	0.0881	0.1046	0.1086	0.1263	0.1240	0.1182	0.0940	0.1173	0.1249	0.1203	0.1299	0.1194	0.1280	0.1341	0.1282	0.1308	0.1515	0.1593	0.1345	0.1424	0.1609	0.1431	0.1426	0.1473	0.1625	0.1888	0.1911	0.2048	0.1774	0.2082	0.2230	0.2136	0.2263	0.2352	0.2538	0.2359	0.2613	0.2617	0.3210	0.3770	0.4833	0.6355	0.6218	0.5709	0.4833	0.4941	0.4951	0.4788	0.4304	0.3866	0.3926	0.3906
0.0179	0.0207	0.0254	0.0273	0.0335	0.0349	0.0312	0.0400	0.0620	0.0535	0.0664	0.0776	0.0926	0.0861	0.0849	0.1080	0.1181	0.1019	0.1071	0.1050	0.1136	0.1253	0.1429	0.1192	0.1498	0.1349	0.1220	0.1292	0.1360	0.1524	0.1516	0.1453	0.1426	0.1716	0.1660	0.1416	0.1633	0.1946	0.2062	0.1926	0.1815	0.1863	0.2113	0.2092	0.2134	0.2069	0.2421	0.2497	0.2414	0.2833	0.2852	0.2766	0.2763	0.3176	0.3362	0.4058	0.5281	0.6621	0.6595	0.6363	0.6197	0.5150	0.4961	0.5199	0.4970	0.4477	0.4110	0.3979	0.4027
0.0240	0.0251	0.0364	0.0376	0.0519	0.0543	0.0509	0.0548	0.0775	0.0776	0.0727	0.0957	0.0922	0.0991	0.0989	0.0990	0.1206	0.1473	0.1342	0.1365	0.1602	0.1466	0.1594	0.1470	0.1757	0.1731	0.1317	0.1396	0.1833	0.1839	0.2018	0.1900	0.1864	0.2005	0.2036	0.2080	0.2242	0.2238	0.2311	0.2275	0.2175	0.2209	0.2390	0.2487	0.2380	0.2610	0.2779	0.2959	0.3212	0.3389	0.3304	0.3097	0.3371	0.3862	0.4025	0.4312	0.5260	0.6588	0.7443	0.6387	0.5813	0.6129	0.5564	0.5253	0.5069	0.4631	0.4285	0.4225	0.3884
0.0201	0.0305	0.0620	0.0453	0.0463	0.0553	0.0581	0.0693	0.0669	0.0739	0.0918	0.1040	0.1121	0.1138	0.1176	0.1276	0.1583	0.1622	0.1591	0.1777	0.1966	0.1721	0.1867	0.1709	0.1948	0.1827	0.1857	0.2006	0.2188	0.2014	0.2212	0.2489	0.2449	0.2511	0.2740	0.2622	0.2735	0.2526	0.2417	0.2423	0.2399	0.2473	0.2704	0.2772	0.2869	0.3076	0.3190	0.3495	0.3698	0.3952	0.3964	0.3735	0.4211	0.4097	0.4323	0.5389	0.6150	0.5877	0.6506	0.6752	0.5932	0.5725	0.5637	0.5456	0.5018	0.4454	0.4492	0.4151	0.3691
0.0361	0.0184	0.0518	0.0481	0.0583	0.0705	0.0781	0.0953	0.1068	0.1043	0.1269	0.1370	0.1536	0.1418	0.1628	0.2249	0.2844	0.3053	0.3179	0.3223	0.3510	0.3278	0.2831	0.2871	0.3006	0.2559	0.2581	0.3014	0.2846	0.2761	0.2814	0.2912	0.3146	0.3175	0.3292	0.3385	0.3126	0.3199	0.3235	0.3063	0.3029	0.3029	0.3066	0.3363	0.3505	0.3664	0.4315	0.4753	0.5954	0.6133	0.4519	0.3746	0.4314	0.4035	0.4563	0.6525	0.7935	0.7603	0.6530	0.6236	0.5845	0.5436	0.5626	0.5161	0.4826	0.4049	0.4358	0.4245	0.4055
0.0275	0.0322	0.0546	0.0659	0.1022	0.1084	0.1169	0.1187	0.1459	0.1536	0.1999	0.2253	0.2389	0.2896	0.3804	0.4839	0.6334	0.6578	0.6421	0.6800	0.6691	0.6687	0.5566	0.5293	0.5308	0.4830	0.4700	0.5294	0.5239	0.4030	0.3672	0.4089	0.5002	0.5168	0.5064	0.4557	0.4295	0.3939	0.3531	0.3174	0.3381	0.3455	0.3701	0.4167	0.4673	0.5126	0.7570	0.8584	0.8475	0.8432	0.5978	0.4702	0.4979	0.4846	0.5460	0.7756	0.7641	0.7226	0.6668	0.6595	0.5750	0.5150	0.5430	0.5296	0.4334	0.4060	0.4231	0.4207	0.4141
0.0461	0.0436	0.0804	0.1002	0.1115	0.1404	0.1792	0.2263	0.2813	0.3751	0.4424	0.5005	0.5490	0.5615	0.6444	0.6682	0.6934	0.7246	0.6863	0.7469	0.7769	0.7651	0.7087	0.7298	0.7674	0.7111	0.6976	0.7341	0.7046	0.6590	0.6075	0.7525	0.9477	0.9181	0.9485	0.7723	0.7410	0.5618	0.3906	0.3648	0.3973	0.4241	0.4893	0.6511	0.7876	0.6513	0.8458	0.9543	0.8784	0.8999	0.7739	0.5954	0.6903	0.7271	0.7347	0.7447	0.6796	0.6418	0.6014	0.6189	0.5796	0.5122	0.4896	0.4870	0.4697	0.4142	0.4068	0.3640	0.3629
0.0687	0.0967	0.1529	0.1658	0.2223	0.3049	0.4393	0.5300	0.6064	0.5761	0.6397	0.6489	0.6526	0.6392	0.6312	0.6634	0.6914	0.7201	0.6804	0.7334	0.7682	0.7544	0.7663	0.7398	0.7509	0.7008	0.7215	0.7617	0.7386	0.8547	0.8877	0.9861	0.9707	0.9293	0.9690	0.9499	0.9070	0.7434	0.5186	0.5126	0.4742	0.4922	0.7060	0.9581	0.9895	0.8522	0.8837	0.9056	0.9117	0.9177	0.7984	0.6698	0.7862	0.7606	0.7104	0.6698	0.5938	0.5617	0.5760	0.5552	0.5413	0.4899	0.4745	0.4756	0.4181	0.3940	0.4101	0.3982	0.3715
0.0994	0.1863	0.3091	0.4153	0.4932	0.5733	0.6286	0.6130	0.6001	0.5654	0.5429	0.5782	0.5407	0.5369	0.5587	0.6036	0.6400	0.6407	0.6719	0.6553	0.6783	0.7086	0.6993	0.6854	0.7068	0.6906	0.7439	0.7277	0.7420	0.8382	0.8133	0.8655	0.8779	0.9319	0.9305	0.9539	0.8760	0.8646	0.7934	0.7269	0.6290	0.5833	0.8932	1.0000	0.9435	0.9291	0.8815	0.8700	0.8874	0.9010	0.7805	0.7450	0.7682	0.6897	0.6480	0.6234	0.5474	0.5053	0.5241	0.5097	0.5336	0.4692	0.4735	0.4538	0.4065	0.3898	0.3883	0.3991	0.3903
0.2028	0.2959	0.3930	0.4666	0.4526	0.4696	0.4619	0.4376	0.4356	0.4524	0.4422	0.4264	0.4500	0.4339	0.4730	0.5167	0.5747	0.6148	0.6207	0.6247	0.6296	0.6338	0.6398	0.6625	0.6662	0.6611	0.6577	0.6869	0.7450	0.7901	0.7740	0.8144	0.8609	0.9075	0.8873	0.9027	0.8643	0.9205	0.8520	0.8487	0.8677	0.7477	0.8764	0.8897	0.9209	0.8393	0.7833	0.8057	0.8267	0.8397	0.7375	0.7337	0.6647	0.6369	0.5982	0.5618	0.5448	0.4913	0.4698	0.4600	0.4714	0.4804	0.4736	0.4497	0.4375	0.3928	0.3849	0.3911	0.3658
0.2061	0.2720	0.3054	0.2874	0.2963	0.3113	0.3391	0.3414	0.3294	0.3538	0.3419	0.3885	0.4543	0.4536	0.4265	0.4967	0.5597	0.6090	0.6382	0.6166	0.6204	0.6147	0.5918	0.5993	0.6271	0.7025	0.6498	0.6739	0.6815	0.6835	0.7764	0.7872	0.8083	0.8445	0.8581	0.8243	0.8028	0.8136	0.8062	0.8043	0.8427	0.8224	0.8630	0.8662	0.7848	0.7383	0.7751	0.7408	0.7536	0.7399	0.7205	0.6606	0.6045	0.5897	0.5418	0.5262	0.5082	0.4936	0.4900	0.4558	0.4559	0.4994	0.4782	0.4215	0.4349	0.3875	0.3911	0.3999	0.3567
0.1962	0.2133	0.2666	0.2585	0.2529	0.2553	0.2978	0.3124	0.3209	0.3412	0.3642	0.3567	0.3786	0.4244	0.4498	0.4974	0.5791	0.6121	0.6120	0.6136	0.6216	0.6169	0.6005	0.5885	0.5992	0.6386	0.6278	0.6592	0.6894	0.6977	0.7061	0.7209	0.7438	0.7822	0.7967	0.7721	0.7492	0.7915	0.7969	0.8054	0.8515	0.8248	0.8114	0.7801	0.7436	0.7124	0.7145	0.7114	0.6948	0.6754	0.6851	0.6232	0.5603	0.5537	0.5114	0.5527	0.5493	0.5081	0.4620	0.4362	0.4638	0.4720	0.4613	0.4064	0.4133	0.4082	0.3732	0.3444	0.3295
0.1716	0.2162	0.2445	0.2377	0.2732	0.2644	0.2803	0.2818	0.3014	0.2939	0.3455	0.3665	0.3719	0.3932	0.4457	0.4971	0.5711	0.5871	0.5924	0.5578	0.6053	0.6540	0.6010	0.6087	0.5944	0.5871	0.6694	0.6838	0.7020	0.7031	0.6880	0.6765	0.7414	0.7434	0.7096	0.7402	0.7669	0.7580	0.7779	0.7425	0.7173	0.6941	0.7321	0.7041	0.7075	0.6824	0.6832	0.6994	0.6681	0.6463	0.6054	0.6031	0.5705	0.5457	0.5367	0.5558	0.5259	0.5072	0.4775	0.4959	0.4655	0.4520	0.4444	0.4273	0.4099	0.3935	0.3754	0.3504	0.3346
0.1604	0.2095	0.2327	0.2661	0.2535	0.2585	0.3039	0.2967	0.3038	0.2942	0.3118	0.3514	0.3749	0.4009	0.4051	0.4540	0.5338	0.5620	0.6307	0.6249	0.5953	0.6289	0.6213	0.5572	0.6527	0.5976	0.6213	0.6682	0.6912	0.6700	0.7027	0.6891	0.7067	0.7198	0.7248	0.7343	0.7490	0.7053	0.6831	0.6740	0.6781	0.6665	0.6615	0.6384	0.6571	0.6402	0.6845	0.6574	0.6322	0.6583	0.5752	0.5418	0.5534	0.5702	0.5263	0.5467	0.5650	0.5485	0.5053	0.4723	0.4467	0.4463	0.4379	0.4227	0.4032	0.3991	0.3949	0.3410	0.3570
0.1507	0.2088	0.2105	0.2648	0.2609	0.2524	0.2821	0.2878	0.2830	0.2954	0.3195	0.3611	0.3920	0.3828	0.4247	0.4449	0.4940	0.5389	0.5623	0.6050	0.5853	0.6377	0.6379	0.6080	0.6268	0.6118	0.6132	0.6060	0.6815	0.6690	0.6934	0.7038	0.7369	0.7181	0.7134	0.7048	0.7180	0.6861	0.7027	0.6687	0.6732	0.6684	0.6110	0.5531	0.5963	0.5821	0.6123	0.6125	0.6385	0.6102	0.5958	0.5277	0.5372	0.5441	0.5448	0.5423	0.5463	0.5177	0.4964	0.4818	0.4962	0.4680	0.4687	0.4269	0.3792	0.4015	0.3708	0.3594	0.3326
0.1740	0.2063	0.2391	0.2570	0.2738	0.2700	0.2763	0.2982	0.2897	0.3321	0.3592	0.3568	0.4003	0.4067	0.4411	0.4670	0.4870	0.5346	0.5538	0.5822	0.6228	0.5966	0.5817	0.5767	0.5998	0.6172	0.6496	0.6353	0.6680	0.6775	0.7049	0.6635	0.6975	0.6864	0.7080	0.6955	0.6969	0.6951	0.7186	0.6849	0.6322	0.6320	0.6009	0.6182	0.6091	0.6128	0.6181	0.6191	0.6307	0.6005	0.5750	0.5517	0.5624	0.5432	0.5711	0.5739	0.5638	0.5433	0.5240	0.4646	0.4872	0.4344	0.4330	0.4208	0.4120	0.4005	0.3673	0.3519	0.3271
0.1838	0.2105	0.2309	0.2844	0.2873	0.2609	0.2681	0.3374	0.3211	0.3031	0.3545	0.3811	0.4273	0.4504	0.4492	0.4877	0.4827	0.4915	0.5718	0.5620	0.5474	0.5282	0.5746	0.6067	0.5768	0.5701	0.6490	0.6383	0.6128	0.6608	0.6609	0.6381	0.6940	0.6867	0.6574	0.6373	0.6430	0.6619	0.6595	0.6260	0.6158	0.5951	0.5971	0.5973	0.6283	0.6038	0.5718	0.5821	0.5943	0.5913	0.5680	0.5845	0.5644	0.5635	0.5623	0.5776	0.5559	0.5386	0.5066	0.5121	0.5147	0.4435	0.4484	0.4197	0.3893	0.3602	0.3581	0.3533	0.3445
0.1688	0.2136	0.2433	0.2617	0.2598	0.2748	0.3011	0.3129	0.2905	0.3191	0.3376	0.3819	0.4328	0.4105	0.4306	0.4815	0.4855	0.4861	0.5309	0.5332	0.5213	0.5534	0.5402	0.5927	0.5849	0.5983	0.6028	0.6104	0.6311	0.5943	0.6156	0.6264	0.6566	0.6087	0.5847	0.5992	0.6016	0.6106	0.6464	0.6016	0.5996	0.5741	0.6240	0.5743	0.5953	0.5817	0.5835	0.5996	0.5898	0.5743	0.5947	0.6114	0.6151	0.5802	0.5495	0.5598	0.5609	0.4986	0.4889	0.5531	0.5177	0.4740	0.4560	0.4099	0.3925	0.3832	0.3689	0.3953	0.3409
0.1738	0.2105	0.2270	0.2448	0.2757	0.2789	0.3051	0.3121	0.3362	0.3385	0.3538	0.3990	0.4305	0.4518	0.4335	0.4652	0.4905	0.5292	0.5788	0.5169	0.5352	0.5390	0.5295	0.5478	0.5752	0.5334	0.5939	0.6174	0.5991	0.5720	0.6217	0.6053	0.6082	0.5940	0.5811	0.6012	0.6150	0.6437	0.6466	0.6149	0.6002	0.6084	0.5784	0.6054	0.5804	0.5621	0.5840	0.5942	0.5985	0.5960	0.5936	0.5549	0.5756	0.5896	0.5897	0.5787	0.5111	0.5278	0.4832	0.5201	0.4725	0.4824	0.4445	0.4320	0.4255	0.4061	0.3902	0.3714	0.3306
0.1838	0.2105	0.2370	0.2925	0.2755	0.2679	0.2923	0.3100	0.3566	0.3342	0.3657	0.4205	0.4517	0.4704	0.4112	0.4556	0.4955	0.5129	0.5398	0.5216	0.5079	0.5216	0.5224	0.5422	0.5396	0.5083	0.5121	0.5753	0.5809	0.5880	0.5829	0.6034	0.6462	0.6115	0.6066	0.5957	0.6736	0.6483	0.6419	0.6196	0.6542	0.6567	0.5802	0.6357	0.6182	0.5743	0.5985	0.6004	0.5730	0.6053	0.5768	0.5795	0.5667	0.5799	0.5619	0.5489	0.5165	0.5263	0.4921	0.4838	0.4817	0.4637	0.4456	0.4571	0.4238	0.4150	0.3899	0.3864	0.3435
0.1778	0.2120	0.2674	0.2739	0.2757	0.2740	0.3028	0.2961	0.3453	0.3611	0.4119	0.4113	0.4207	0.4623	0.4487	0.4675	0.5226	0.4923	0.4608	0.5156	0.5043	0.5247	0.5429	0.5473	0.5463	0.5017	0.5140	0.5302	0.5769	0.5933	0.6052	0.6375	0.6612	0.6468	0.6698	0.6396	0.6875	0.6626	0.6548	0.6355	0.5878	0.6553	0.6185	0.6253	0.6026	0.5629	0.5784	0.5707	0.5862	0.6261	0.6000	0.5988	0.6127	0.5734	0.5244	0.5177	0.5407	0.5318	0.5015	0.4863	0.4692	0.4712	0.4523	0.4343	0.4330	0.4001	0.3789	0.3677	0.3469
0.1573	0.1867	0.2096	0.2281	0.2583	0.2871	0.2926	0.3277	0.3421	0.3644	0.3822	0.3848	0.4127	0.4576	0.4651	0.4876	0.5279	0.4843	0.5017	0.5142	0.5472	0.5471	0.5368	0.5735	0.5826	0.5931	0.5735	0.5714	0.6170	0.6251	0.6581	0.6737	0.6718	0.6634	0.6760	0.6783	0.6862	0.6803	0.6699	0.6429	0.5903	0.6039	0.6229	0.5734	0.5907	0.5825	0.5857	0.6183	0.5617	0.5979	0.6250	0.5736	0.5881	0.5955	0.5641	0.5587	0.5036	0.5231	0.4836	0.4699	0.4867	0.4743	0.4814	0.4675	0.4060	0.4027	0.4080	0.3989	0.3571
0.1718	0.1914	0.1969	0.2451	0.2604	0.2659	0.3083	0.3524	0.3415	0.3601	0.3602	0.4173	0.4279	0.4653	0.4610	0.4932	0.5583	0.5144	0.5591	0.5700	0.5826	0.5960	0.5940	0.5877	0.6495	0.6057	0.6015	0.6285	0.6349	0.6061	0.6563	0.7031	0.6931	0.6849	0.7257	0.7206	0.7500	0.7485	0.7330	0.6921	0.6940	0.6558	0.5964	0.5899	0.5978	0.5653	0.5944	0.6266	0.6249	0.6028	0.5978	0.5587	0.5709	0.6067	0.5698	0.5498	0.5538	0.5310	0.4779	0.4968	0.4756	0.4797	0.4555	0.4259	0.4215	0.3960	0.4090	0.3819	0.3724
0.1697	0.2037	0.2353	0.2376	0.2550	0.2702	0.2899	0.3478	0.3357	0.3633	0.4006	0.4030	0.4380	0.5095	0.4414	0.5161	0.5385	0.5859	0.5907	0.6443	0.6239	0.6148	0.6277	0.5850	0.6420	0.6286	0.6016	0.6394	0.6701	0.6449	0.7036	0.7028	0.7007	0.7398	0.7373	0.7448	0.7414	0.7579	0.8020	0.7616	0.7622	0.7298	0.6637	0.6035	0.5646	0.5921	0.6345	0.5832	0.6108	0.6247	0.6084	0.5635	0.5649	0.5854	0.5727	0.5488	0.5488	0.5243	0.5061	0.4702	0.4654	0.4558	0.4315	0.4391	0.3935	0.4072	0.4156	0.3880	0.3793
0.1933	0.2196	0.2222	0.2034	0.2479	0.2708	0.2770	0.3127	0.3350	0.3417	0.3964	0.4068	0.4277	0.5058	0.4626	0.5395	0.5409	0.5810	0.6105	0.6278	0.6463	0.6183	0.5962	0.6268	0.6751	0.6750	0.6506	0.6458	0.6432	0.6702	0.6754	0.7076	0.7401	0.7571	0.8050	0.7970	0.7958	0.8126	0.8720	0.8079	0.8212	0.8098	0.7712	0.7009	0.6146	0.6021	0.5683	0.5876	0.5561	0.6309	0.5849	0.5735	0.5583	0.6087	0.5570	0.5344	0.5572	0.5342	0.5216	0.4930	0.4800	0.4407	0.4684	0.4724	0.4639	0.4250	0.4082	0.4089	0.3643
0.1986	0.1939	0.2177	0.2148	0.2391	0.2813	0.3094	0.3428	0.3348	0.3585	0.3813	0.4275	0.4436	0.5271	0.5117	0.5641	0.5698	0.5695	0.5794	0.6259	0.6021	0.6170	0.6139	0.6090	0.6388	0.6376	0.6644	0.6872	0.7066	0.6669	0.6790	0.6828	0.7378	0.8010	0.8051	0.8339	0.8387	0.8794	0.8558	0.8464	0.8540	0.8979	0.8757	0.8221	0.7176	0.6574	0.6319	0.6197	0.6047	0.6353	0.6077	0.5701	0.5633	0.5701	0.5508	0.5661	0.5376	0.5209	0.5108	0.5000	0.4900	0.4669	0.4772	0.4623	0.4602	0.4385	0.3996	0.4321	0.4070
0.1709	0.1924	0.2330	0.2475	0.2575	0.2862	0.3164	0.3543	0.3294	0.3513	0.3749	0.4162	0.4648	0.5242	0.5331	0.5707	0.5880	0.6338	0.5927	0.6333	0.6279	0.6437	0.6025	0.5968	0.6242	0.6185	0.6466	0.6926	0.7291	0.7051	0.7387	0.7199	0.7609	0.8140	0.8199	0.8683	0.8998	0.9365	0.8808	0.8802	0.9175	0.8956	0.8276	0.9043	0.8415	0.6879	0.6539	0.6246	0.6381	0.6077	0.5954	0.5631	0.5870	0.5638	0.5072	0.5441	0.5575	0.5346	0.5231	0.4986	0.4633	0.4686	0.4892	0.4449	0.4674	0.4506	0.4465	0.4462	0.4172
0.2017	0.2559	0.2805	0.2924	0.2981	0.3108	0.3375	0.3700	0.3952	0.3609	0.3804	0.4150	0.4570	0.4517	0.5317	0.5735	0.5909	0.6812	0.6489	0.6650	0.6456	0.6686	0.6647	0.6511	0.6623	0.7191	0.6856	0.7043	0.7302	0.6876	0.7478	0.7976	0.7845	0.8066	0.8633	0.8722	0.8961	0.9415	0.9306	0.9111	0.8972	0.6498	0.6557	0.9385	0.9236	0.8015	0.7575	0.7255	0.6655	0.6241	0.5968	0.5874	0.5667	0.5612	0.5383	0.5315	0.5641	0.5680	0.5768	0.5256	0.5281	0.5165	0.5303	0.4937	0.4799	0.4689	0.4848	0.4696	0.4391
0.2569	0.3386	0.4116	0.4403	0.3997	0.4111	0.4647	0.4372	0.4373	0.4245	0.4378	0.4630	0.4628	0.4605	0.5196	0.5767	0.6468	0.6376	0.6252	0.6372	0.6342	0.6859	0.6827	0.6960	0.7079	0.7198	0.7094	0.7150	0.7154	0.7115	0.7623	0.8270	0.8417	0.8356	0.8954	0.8956	0.8882	0.9270	0.9307	0.7996	0.5288	0.4417	0.5189	0.8073	0.9378	0.8784	0.8275	0.7731	0.7429	0.6775	0.6299	0.6064	0.6003	0.5973	0.5449	0.5702	0.5939	0.5814	0.5874	0.5863	0.5874	0.5652	0.5490	0.5202	0.5084	0.4996	0.4870	0.4699	0.4579
0.1609	0.3151	0.4501	0.5820	0.5828	0.6149	0.6693	0.6302	0.6004	0.6027	0.5539	0.5518	0.5311	0.5693	0.5783	0.6313	0.6522	0.6833	0.6977	0.7293	0.7327	0.7430	0.7323	0.7262	0.7308	0.7169	0.7077	0.7176	0.7242	0.7584	0.7955	0.8177	0.8552	0.8615	0.8672	0.9067	0.9439	0.8736	0.7956	0.4836	0.3444	0.3771	0.4287	0.5441	0.8656	0.9725	0.9270	0.8979	0.8357	0.7959	0.7142	0.6552	0.6721	0.6163	0.5739	0.5879	0.6104	0.6236	0.6245	0.6748	0.6509	0.6232	0.6019	0.5586	0.5500	0.5039	0.4916	0.4879	0.4521
0.0537	0.1073	0.1837	0.2883	0.3805	0.5037	0.6506	0.6748	0.7082	0.6895	0.6747	0.6547	0.6527	0.6797	0.6915	0.7440	0.7327	0.8036	0.8163	0.8267	0.8101	0.7813	0.8123	0.7906	0.7998	0.7298	0.7640	0.7601	0.8183	0.8518	0.8592	0.9124	0.9061	0.9109	0.8744	0.9110	0.9149	0.7743	0.4901	0.3198	0.3165	0.3237	0.3710	0.3971	0.6080	0.8371	0.7272	0.8321	0.9024	0.8711	0.8253	0.7941	0.7506	0.7146	0.6415	0.6566	0.6992	0.6904	0.6772	0.6826	0.6756	0.6389	0.6336	0.6262	0.5728	0.5456	0.5216	0.5079	0.4847
0.0262	0.0592	0.0766	0.0965	0.1295	0.1666	0.2270	0.3267	0.4185	0.4499	0.5243	0.6251	0.6698	0.6342	0.7025	0.7833	0.7683	0.7873	0.7217	0.7547	0.8453	0.7890	0.8188	0.7707	0.7680	0.6912	0.7011	0.6989	0.6839	0.7407	0.7549	0.7800	0.7946	0.7467	0.6840	0.6485	0.5982	0.4663	0.2969	0.2648	0.2723	0.2690	0.3002	0.3029	0.3644	0.4346	0.4161	0.5065	0.7005	0.7973	0.8536	0.7868	0.7938	0.8145	0.7585	0.7895	0.7816	0.7789	0.7071	0.7222	0.7001	0.6180	0.6515	0.6280	0.6249	0.5691	0.5679	0.5110	0.4735
0.0189	0.0285	0.0494	0.0527	0.0607	0.0851	0.1071	0.1018	0.1213	0.1467	0.1809	0.2368	0.3005	0.3529	0.4377	0.5497	0.6082	0.7055	0.7301	0.7038	0.6396	0.5670	0.5221	0.4349	0.3931	0.3366	0.3369	0.3137	0.3467	0.3639	0.3373	0.3351	0.3519	0.3217	0.3011	0.2820	0.2734	0.2587	0.2423	0.2349	0.2559	0.2552	0.2742	0.2773	0.2855	0.3032	0.3302	0.3652	0.3860	0.4581	0.5310	0.5091	0.6902	0.9028	0.8811	0.8893	0.9332	0.9187	0.8302	0.8141	0.7545	0.6436	0.6712	0.6246	0.6076	0.6157	0.6064	0.5425	0.5310
0.0145	0.0313	0.0381	0.0505	0.0507	0.0569	0.0684	0.0766	0.0769	0.0784	0.0898	0.1124	0.1297	0.1376	0.1486	0.1895	0.2408	0.2853	0.3390	0.3888	0.3398	0.2130	0.1970	0.1830	0.1818	0.1710	0.1734	0.1872	0.1893	0.1794	0.1875	0.1981	0.2034	0.1950	0.1950	0.2113	0.2139	0.2074	0.2060	0.2008	0.2054	0.2259	0.2316	0.2353	0.2566	0.2752	0.2789	0.2980	0.3196	0.3247	0.3579	0.3692	0.4661	0.7408	0.8019	0.7276	0.8702	0.9389	0.8620	0.8471	0.7389	0.6789	0.7068	0.6756	0.6337	0.6721	0.6080	0.5817	0.5422
0.0214	0.0365	0.0384	0.0398	0.0412	0.0617	0.0509	0.0619	0.0629	0.0680	0.0820	0.0841	0.0924	0.0940	0.1092	0.1047	0.1002	0.1078	0.1194	0.1372	0.1339	0.1257	0.1098	0.1239	0.1395	0.1285	0.1354	0.1377	0.1468	0.1417	0.1440	0.1576	0.1550	0.1564	0.1735	0.1598	0.1621	0.1703	0.1726	0.1748	0.1715	0.1834	0.2026	0.2017	0.2084	0.2238	0.2308	0.2508	0.2563	0.2741	0.2964	0.2968	0.3177	0.3897	0.4798	0.5140	0.7630	0.9187	0.8628	0.8093	0.7799	0.7216	0.6950	0.5995	0.4271	0.5034	0.6142	0.6181	0.5584
0.0112	0.0178	0.0369	0.0291	0.0420	0.0644	0.0696	0.0668	0.0682	0.0631	0.0657	0.0580	0.0677	0.0711	0.0775	0.0970	0.1080	0.1054	0.1025	0.1067	0.1012	0.1028	0.0980	0.0958	0.1074	0.1124	0.1084	0.1068	0.1132	0.1092	0.1203	0.1148	0.1185	0.1173	0.1225	0.1213	0.1201	0.1343	0.1342	0.1260	0.1220	0.1332	0.1443	0.1591	0.1679	0.1766	0.1840	0.2070	0.2194	0.2246	0.2385	0.2594	0.2920	0.3141	0.3607	0.5800	0.8359	0.8436	0.8066	0.7926	0.7892	0.7470	0.5821	0.3783	0.2832	0.3198	0.5244	0.6153	0.5685
0.0031	0.0267	0.0542	0.0566	0.0347	0.0352	0.0513	0.0604	0.0661	0.0454	0.0661	0.0682	0.0708	0.0741	0.0722	0.0899	0.0892	0.0835	0.0803	0.0846	0.0898	0.0769	0.0917	0.1012	0.0868	0.0892	0.0952	0.0993	0.1005	0.0988	0.1106	0.0928	0.0986	0.0991	0.1085	0.0956	0.0996	0.1062	0.1035	0.1010	0.1020	0.1083	0.1071	0.1232	0.1333	0.1340	0.1395	0.1443	0.1626	0.1624	0.1885	0.2034	0.2276	0.2539	0.2900	0.5698	0.8135	0.7925	0.7574	0.7684	0.7029	0.5038	0.3133	0.2673	0.2621	0.2886	0.4325	0.6072	0.5899
0.0185	0.0214	0.0333	0.0329	0.0214	0.0234	0.0421	0.0556	0.0504	0.0378	0.0493	0.0601	0.0604	0.0636	0.0569	0.0627	0.0750	0.0891	0.0657	0.0763	0.0627	0.0761	0.0842	0.0845	0.0865	0.0809	0.0749	0.0869	0.0968	0.0945	0.0850	0.0800	0.0947	0.0885	0.0975	0.0876	0.0886	0.0975	0.0898	0.0906	0.0848	0.0885	0.0898	0.0943	0.0975	0.1036	0.1109	0.1094	0.1157	0.1132	0.1351	0.1315	0.1400	0.1572	0.1807	0.2658	0.3894	0.4457	0.4678	0.4882	0.3797	0.2492	0.2225	0.2246	0.2092	0.2368	0.2764	0.4774	0.5399
0.0141	0.0202	0.0151	0.0266	0.0168	0.0340	0.0371	0.0502	0.0312	0.0393	0.0503	0.0475	0.0635	0.0592	0.0567	0.0702	0.0775	0.0740	0.0647	0.0642	0.0656	0.0730	0.0761	0.0729	0.0743	0.0822	0.0705	0.0745	0.0752	0.0813	0.0794	0.0699	0.0873	0.0769	0.0724	0.0696	0.0732	0.0760	0.0783	0.0756	0.0777	0.0714	0.0766	0.0842	0.0802	0.0879	0.0907	0.0990	0.0898	0.0901	0.1111	0.1104	0.1004	0.1066	0.1192	0.1289	0.1448	0.1620	0.1735	0.1902	0.1633	0.1729	0.1575	0.1550	0.1445	0.1666	0.1834	0.2373	0.3040
0.0000	0.0043	0.0051	0.0183	0.0232	0.0249	0.0281	0.0384	0.0268	0.0367	0.0369	0.0477	0.0410	0.0440	0.0570	0.0624	0.0633	0.0592	0.0606	0.0652	0.0651	0.0733	0.0627	0.0603	0.0652	0.0718	0.0701	0.0645	0.0602	0.0712	0.0784	0.0740	0.0737	0.0620	0.0592	0.0584	0.0602	0.0625	0.0724	0.0679	0.0658	0.0639	0.0743	0.0735	0.0804	0.0805	0.0798	0.0746	0.0735	0.0809	0.0838	0.0930	0.0870	0.0898	0.0926	0.1043	0.1169	0.1050	0.1287	0.1264	0.1232	0.1182	0.1141	0.1182	0.1141	0.1254	0.1214	0.1357	0.1415
0.0000	0.0000	0.0136	0.0097	0.0204	0.0144	0.0310	0.0329	0.0219	0.0308	0.0366	0.0396	0.0455	0.0540	0.0453	0.0608	0.0660	0.0669	0.0532	0.0570	0.0595	0.0572	0.0557	0.0689	0.0702	0.0695	0.0606	0.0531	0.0604	0.0597	0.0612	0.0625	0.0678	0.0552	0.0552	0.0637	0.0652	0.0621	0.0611	0.0599	0.0669	0.0630	0.0641	0.0635	0.0722	0.0661	0.0682	0.0650	0.0717	0.0792	0.0768	0.0770	0.0748	0.0804	0.0852	0.0974	0.1009	0.0970	0.0985	0.0986	0.1018	0.0874	0.0909	0.0975	0.0990	0.0904	0.0981	0.1059	0.1077
0.0000	0.0000	0.0047	0.0135	0.0146	0.0154	0.0296	0.0205	0.0326	0.0318	0.0386	0.0254	0.0392	0.0531	0.0554	0.0454	0.0468	0.0396	0.0411	0.0472	0.0505	0.0536	0.0539	0.0559	0.0589	0.0565	0.0514	0.0547	0.0605	0.0582	0.0579	0.0544	0.0523	0.0570	0.0628	0.0642	0.0644	0.0625	0.0650	0.0491	0.0540	0.0554	0.0594	0.0607	0.0630	0.0597	0.0628	0.0617	0.0660	0.0718	0.0682	0.0728	0.0670	0.0750	0.0800	0.0733	0.0777	0.0876	0.0805	0.0863	0.0902	0.0763	0.0834	0.0849	0.0993	0.0831	0.0759	0.0923	0.0908
0.0000	0.0000	0.0000	0.0118	0.0089	0.0059	0.0183	0.0294	0.0250	0.0198	0.0199	0.0173	0.0223	0.0276	0.0336	0.0413	0.0406	0.0372	0.0341	0.0449	0.0442	0.0374	0.0454	0.0453	0.0520	0.0522	0.0493	0.0487	0.0567	0.0584	0.0473	0.0437	0.0439	0.0549	0.0540	0.0511	0.0563	0.0493	0.0526	0.0456	0.0463	0.0530	0.0513	0.0533	0.0543	0.0570	0.0613	0.0592	0.0567	0.0598	0.0580	0.0601	0.0602	0.0667	0.0623	0.0778	0.0734	0.0619	0.0679	0.0824	0.0794	0.0701	0.0761	0.0803	0.0728	0.0741	0.0735	0.0730	0.0707
0.0000	0.0000	0.0000	0.0042	0.0027	0.0083	0.0334	0.0159	0.0197	0.0185	0.0203	0.0244	0.0245	0.0224	0.0204	0.0317	0.0402	0.0293	0.0320	0.0456	0.0467	0.0318	0.0380	0.0479	0.0494	0.0514	0.0399	0.0422	0.0574	0.0587	0.0455	0.0401	0.0523	0.0480	0.0472	0.0457	0.0341	0.0400	0.0421	0.0500	0.0410	0.0454	0.0517	0.0519	0.0450	0.0500	0.0590	0.0581	0.0524	0.0569	0.0595	0.0603	0.0524	0.0549	0.0616	0.0654	0.0637	0.0555	0.0650	0.0790	0.0781	0.0611	0.0721	0.0678	0.0706	0.0638	0.0704	0.0737	0.0688
0.0000	0.0000	0.0000	0.0011	0.0000	0.0000	0.0117	0.0080	0.0131	0.0152	0.0188	0.0243	0.0218	0.0221	0.0321	0.0327	0.0414	0.0343	0.0304	0.0431	0.0392	0.0325	0.0409	0.0484	0.0382	0.0413	0.0443	0.0379	0.0399	0.0493	0.0482	0.0484	0.0564	0.0459	0.0439	0.0375	0.0360	0.0493	0.0462	0.0439	0.0466	0.0458	0.0459	0.0433	0.0429	0.0490	0.0550	0.0510	0.0430	0.0462	0.0535	0.0504	0.0541	0.0521	0.0630	0.0610	0.0600	0.0538	0.0641	0.0688	0.0623	0.0524	0.0620	0.0605	0.0542	0.0493	0.0577	0.0584	0.0600
0.0000	0.0000	0.0000	0.0000	0.0000	0.0000	0.0086	0.0102	0.0050	0.0146	0.0166	0.0255	0.0178	0.0232	0.0196	0.0244	0.0367	0.0452	0.0325	0.0360	0.0331	0.0306	0.0289	0.0482	0.0395	0.0461	0.0422	0.0348	0.0382	0.0358	0.0463	0.0416	0.0360	0.0465	0.0494	0.0393	0.0384	0.0507	0.0431	0.0411	0.0399	0.0475	0.0435	0.0366	0.0382	0.0503	0.0505	0.0535	0.0475	0.0502	0.0498	0.0478	0.0505	0.0538	0.0602	0.0580	0.0562	0.0473	0.0630	0.0639	0.0460	0.0484	0.0571	0.0552	0.0593	0.0476	0.0445	0.0432	0.0382
0.0000	0.0000	0.0000	0.0000	0.0000	0.0069	0.0053	0.0000	0.0151	0.0151	0.0132	0.0150	0.0117	0.0096	0.0148	0.0204	0.0273	0.0266	0.0282	0.0234	0.0327	0.0320	0.0358	0.0320	0.0454	0.0446	0.0370	0.0307	0.0387	0.0397	0.0420	0.0304	0.0363	0.0426	0.0413	0.0441	0.0315	0.0314	0.0376	0.0398	0.0326	0.0398	0.0474	0.0328	0.0411	0.0454	0.0459	0.0489	0.0450	0.0407	0.0399	0.0403	0.0374	0.0425	0.0440	0.0528	0.0517	0.0489	0.0488	0.0437	0.0501	0.0425	0.0404	0.0445	0.0474	0.0431	0.0373	0.0413	0.0420
0.0000	0.0000	0.0000	0.0000	0.0000	0.0094	0.0104	0.0002	0.0016	0.0000	0.0241	0.0120	0.0060	0.0050	0.0136	0.0235	0.0201	0.0292	0.0281	0.0255	0.0277	0.0276	0.0327	0.0269	0.0381	0.0485	0.0363	0.0412	0.0442	0.0440	0.0385	0.0245	0.0453	0.0377	0.0396	0.0387	0.0451	0.0274	0.0351	0.0409	0.0393	0.0366	0.0319	0.0402	0.0338	0.0305	0.0407	0.0442	0.0485	0.0421	0.0418	0.0403	0.0404	0.0409	0.0423	0.0535	0.0457	0.0487	0.0519	0.0557	0.0612	0.0472	0.0360	0.0485	0.0478	0.0390	0.0542	0.0480	0.0462
