0.0000	0.0000	0.0000	0.0004	0.0000	0.0000	0.0093	0.0136	0.0048	0.0026	0.0000	0.0143	0.0194	0.0127	0.0269	0.0286	0.0566	0.0405	0.0375	0.0547	0.0437	0.0454	0.0616	0.0659	0.0715	0.0876	0.0970	0.0607	0.0997	0.0969	0.0848	0.0804	0.0999	0.0937	0.0965	0.0911	0.0979	0.0985	0.1027	0.0749	0.0764	0.0836	0.0792	0.0792	0.0696	0.0832	0.0855	0.0673	0.0586	0.0649	0.0655	0.0392	0.0560	0.0514	0.0524	0.0480	0.0382	0.0358	0.0385	0.0324	0.0280	0.0357	0.0369	0.0303	0.0405	0.0391	0.0196	0.0244	0.0235
0.0000	0.0000	0.0000	0.0000	0.0000	0.0000	0.0080	0.0000	0.0153	0.0137	0.0089	0.0191	0.0184	0.0226	0.0227	0.0359	0.0417	0.0527	0.0624	0.0401	0.0507	0.0605	0.0759	0.0794	0.0620	0.0706	0.0851	0.0918	0.1005	0.1146	0.0929	0.1042	0.1020	0.0994	0.1104	0.1226	0.1127	0.1008	0.0992	0.1036	0.1007	0.1001	0.1005	0.1003	0.0841	0.0881	0.0905	0.0879	0.0693	0.0822	0.0740	0.0649	0.0511	0.0586	0.0577	0.0494	0.0472	0.0378	0.0327	0.0466	0.0368	0.0315	0.0452	0.0448	0.0407	0.0356	0.0340	0.0285	0.0346
0.0000	0.0000	0.0000	0.0032	0.0000	0.0000	0.0005	0.0011	0.0055	0.0263	0.0183	0.0322	0.0395	0.0396	0.0327	0.0521	0.0454	0.0622	0.0569	0.0669	0.0566	0.0710	0.0906	0.0900	0.0806	0.0865	0.0913	0.0867	0.1148	0.1161	0.0957	0.1087	0.1004	0.1394	0.1269	0.1234	0.1126	0.1139	0.0992	0.1072	0.1168	0.1088	0.1002	0.0888	0.0943	0.1102	0.1111	0.0894	0.0787	0.0753	0.0789	0.0861	0.0659	0.0621	0.0625	0.0554	0.0536	0.0359	0.0390	0.0405	0.0498	0.0368	0.0491	0.0523	0.0396	0.0347	0.0310	0.0388	0.0393
0.0000	0.0000	0.0000	0.0100	0.0120	0.0126	0.0093	0.0168	0.0181	0.0301	0.0221	0.0351	0.0323	0.0323	0.0249	0.0556	0.0548	0.0561	0.0666	0.0696	0.0729	0.0710	0.0661	0.0703	0.0752	0.0790	0.0907	0.0873	0.1019	0.1037	0.0931	0.1130	0.1218	0.1417	0.1337	0.1314	0.1112	0.1199	0.1131	0.1032	0.1064	0.1103	0.0870	0.0946	0.0940	0.0999	0.0995	0.0797	0.0887	0.0759	0.0879	0.0823	0.0650	0.0741	0.0665	0.0522	0.0474	0.0465	0.0475	0.0386	0.0506	0.0485	0.0470	0.0565	0.0493	0.0345	0.0409	0.0508	0.0482
0.0000	0.0000	0.0000	0.0153	0.0179	0.0064	0.0030	0.0285	0.0321	0.0341	0.0284	0.0416	0.0485	0.0368	0.0327	0.0589	0.0552	0.0563	0.0638	0.0779	0.0662	0.0700	0.0925	0.0821	0.0776	0.0915	0.0929	0.0908	0.1020	0.0928	0.1064	0.1100	0.1215	0.1128	0.1417	0.1435	0.1104	0.1096	0.1192	0.1052	0.0957	0.1021	0.1134	0.1049	0.1104	0.1121	0.1095	0.0991	0.0971	0.0782	0.0882	0.0840	0.0775	0.0776	0.0666	0.0721	0.0586	0.0431	0.0489	0.0491	0.0572	0.0515	0.0547	0.0509	0.0593	0.0527	0.0572	0.0525	0.0578
0.0000	0.0000	0.0027	0.0119	0.0196	0.0162	0.0156	0.0325	0.0363	0.0346	0.0348	0.0431	0.0581	0.0412	0.0415	0.0575	0.0574	0.0511	0.0726	0.0812	0.0780	0.0785	0.0908	0.1004	0.1022	0.1045	0.0927	0.0971	0.1256	0.1261	0.1170	0.1279	0.1281	0.1422	0.1498	0.1544	0.1378	0.1170	0.1156	0.1245	0.1196	0.1103	0.1190	0.1248	0.1215	0.1076	0.0997	0.1141	0.1020	0.0965	0.0951	0.0732	0.0922	0.0834	0.0748	0.0752	0.0639	0.0551	0.0589	0.0681	0.0609	0.0679	0.0665	0.0652	0.0746	0.0681	0.0711	0.0745	0.0606
0.0000	0.0017	0.0076	0.0158	0.0181	0.0259	0.0205	0.0282	0.0353	0.0332	0.0563	0.0444	0.0599	0.0365	0.0453	0.0536	0.0575	0.0701	0.0794	0.0794	0.0895	0.1012	0.0782	0.0954	0.0991	0.1169	0.1157	0.1116	0.1454	0.1327	0.1267	0.1270	0.1198	0.1675	0.1776	0.1393	0.1348	0.1560	0.1365	0.1346	0.1243	0.1243	0.1449	0.1336	0.1231	0.1134	0.0966	0.1154	0.1089	0.1071	0.1081	0.0962	0.0943	0.0944	0.0817	0.0855	0.0732	0.0700	0.0631	0.0652	0.0679	0.0725	0.0832	0.0955	0.0977	0.0779	0.0731	0.0940	0.0873
0.0017	0.0158	0.0058	0.0153	0.0174	0.0354	0.0346	0.0452	0.0699	0.0492	0.0474	0.0415	0.0428	0.0415	0.0580	0.0711	0.0836	0.0909	0.0839	0.0812	0.0814	0.1133	0.1097	0.0973	0.1072	0.1362	0.1303	0.1419	0.1709	0.1621	0.1507	0.1483	0.1513	0.1890	0.1776	0.1486	0.1514	0.1698	0.1598	0.1409	0.1531	0.1682	0.1582	0.1342	0.1355	0.1286	0.1224	0.1335	0.1167	0.1136	0.1146	0.1098	0.1045	0.1039	0.0963	0.1021	0.0901	0.0702	0.0748	0.0748	0.1017	0.0922	0.0961	0.0972	0.1129	0.1008	0.0936	0.1230	0.1303
0.0009	0.0020	0.0159	0.0212	0.0126	0.0268	0.0302	0.0505	0.0577	0.0513	0.0582	0.0590	0.0530	0.0634	0.0702	0.0789	0.0745	0.0834	0.0820	0.1027	0.1098	0.1109	0.1127	0.1025	0.1254	0.1351	0.1437	0.1431	0.1716	0.1703	0.1779	0.1773	0.2037	0.1900	0.2017	0.1981	0.1942	0.1920	0.1841	0.1931	0.1904	0.1598	0.1576	0.1491	0.1663	0.1464	0.1411	0.1429	0.1423	0.1552	0.1382	0.1129	0.1221	0.1277	0.1059	0.1165	0.0988	0.0771	0.0850	0.0950	0.1077	0.1096	0.1085	0.1292	0.1287	0.1254	0.1405	0.1608	0.1581
0.0000	0.0000	0.0275	0.0291	0.0393	0.0356	0.0330	0.0474	0.0525	0.0548	0.0575	0.0452	0.0706	0.0787	0.0771	0.0768	0.0783	0.0837	0.1119	0.1339	0.1237	0.1232	0.1079	0.1249	0.1684	0.1398	0.1750	0.1731	0.1753	0.1815	0.1851	0.2193	0.2350	0.2954	0.3444	0.2980	0.2522	0.2286	0.2074	0.2027	0.1886	0.1689	0.1619	0.1711	0.1657	0.1759	0.1693	0.1636	0.1701	0.1543	0.1487	0.1242	0.1305	0.1472	0.1314	0.1280	0.1244	0.1095	0.1099	0.1160	0.1253	0.1253	0.1288	0.1617	0.1562	0.1586	0.1671	0.1918	0.1800
0.0071	0.0068	0.0250	0.0364	0.0451	0.0430	0.0337	0.0435	0.0600	0.0580	0.0532	0.0489	0.0672	0.0734	0.0662	0.0882	0.0945	0.1076	0.1052	0.1187	0.1502	0.1490	0.1410	0.1536	0.1801	0.1758	0.2199	0.2379	0.2191	0.2376	0.2518	0.2849	0.3263	0.5657	0.7112	0.6044	0.4624	0.3229	0.2447	0.2342	0.2274	0.2281	0.2402	0.2002	0.1928	0.2103	0.2175	0.2052	0.1853	0.1747	0.1672	0.1737	0.1602	0.1681	0.1584	0.1573	0.1547	0.1508	0.1251	0.1399	0.1498	0.1479	0.1571	0.1787	0.2029	0.1918	0.2453	0.2847	0.2197
0.0189	0.0143	0.0266	0.0288	0.0326	0.0420	0.0396	0.0514	0.0616	0.0609	0.0786	0.0863	0.0817	0.0826	0.0881	0.1183	0.1222	0.1320	0.1366	0.1458	0.1674	0.1787	0.1639	0.2011	0.2283	0.2175	0.2438	0.2998	0.3642	0.4722	0.5293	0.5760	0.6182	0.8075	0.9055	0.7910	0.7867	0.6187	0.5122	0.4668	0.3770	0.3474	0.3197	0.2472	0.2502	0.2664	0.2645	0.2464	0.2304	0.2274	0.2103	0.2031	0.2063	0.2122	0.1867	0.1873	0.1830	0.1633	0.1483	0.1636	0.1805	0.1826	0.1951	0.2291	0.2547	0.2445	0.3590	0.3568	0.2866
0.0273	0.0138	0.0291	0.0366	0.0469	0.0461	0.0479	0.0570	0.0730	0.0685	0.0853	0.0895	0.1028	0.0914	0.0973	0.1159	0.1408	0.1530	0.1582	0.1750	0.2114	0.2361	0.2410	0.2614	0.3379	0.3792	0.5024	0.6369	0.7635	0.8336	0.8054	0.8977	0.9680	1.0000	0.9043	0.8623	0.9223	0.9402	0.8464	0.8563	0.7236	0.6605	0.5676	0.4729	0.4808	0.5604	0.5625	0.4039	0.3086	0.2650	0.2612	0.2509	0.2522	0.2694	0.2401	0.2211	0.2151	0.1797	0.1812	0.1956	0.2048	0.2155	0.2343	0.2926	0.3467	0.3657	0.4500	0.4513	0.3635
0.0056	0.0166	0.0518	0.0444	0.0556	0.0537	0.0541	0.0656	0.0728	0.0852	0.0928	0.0961	0.1077	0.0920	0.0912	0.1297	0.1840	0.2118	0.2273	0.2709	0.2956	0.3514	0.4504	0.5001	0.6110	0.6927	0.7700	0.9462	0.8437	0.8174	0.8233	0.8876	0.9513	0.9212	0.8768	0.8453	0.8895	0.8847	0.8624	0.8633	0.8461	0.8341	0.8708	0.8075	0.8235	0.8421	0.8431	0.6936	0.4434	0.2990	0.2979	0.3171	0.2891	0.2698	0.2585	0.2536	0.2203	0.2118	0.1932	0.2161	0.2288	0.2373	0.2734	0.3568	0.4864	0.4736	0.4565	0.4161	0.3477
0.0221	0.0257	0.0439	0.0637	0.0781	0.0705	0.0659	0.0709	0.0881	0.0971	0.1121	0.1097	0.1452	0.1428	0.1653	0.1984	0.2553	0.2933	0.3215	0.4311	0.6186	0.7040	0.7174	0.7882	0.7881	0.7725	0.7587	0.8231	0.8204	0.8578	0.8136	0.8547	0.9050	0.8741	0.8251	0.7890	0.8087	0.8535	0.8204	0.7800	0.7721	0.8436	0.8334	0.7979	0.8604	0.7948	0.7595	0.7921	0.7285	0.4009	0.3199	0.3078	0.3083	0.2637	0.2732	0.2686	0.2509	0.2251	0.2049	0.2301	0.2381	0.2753	0.3110	0.3860	0.5535	0.4733	0.4293	0.3967	0.3673
0.0195	0.0155	0.0414	0.0563	0.0684	0.0721	0.0759	0.0853	0.1071	0.1182	0.1319	0.1533	0.1770	0.2101	0.2600	0.2939	0.3609	0.3716	0.5005	0.7183	0.8149	0.7988	0.7091	0.7637	0.7109	0.6965	0.7395	0.7297	0.7795	0.7876	0.7666	0.8478	0.8787	0.9089	0.8646	0.8292	0.8053	0.8270	0.7692	0.7504	0.7516	0.7642	0.7650	0.8182	0.7741	0.8111	0.7707	0.7966	0.7887	0.6188	0.4623	0.4423	0.4039	0.3153	0.2995	0.3030	0.2637	0.2552	0.2365	0.2604	0.2607	0.2933	0.3361	0.4600	0.5118	0.4612	0.4240	0.4243	0.4241
0.0403	0.0421	0.0460	0.0557	0.0645	0.0921	0.1223	0.1312	0.1522	0.1713	0.2038	0.2451	0.2767	0.2864	0.3671	0.4540	0.5377	0.5593	0.7122	0.8911	0.8401	0.7544	0.6828	0.6647	0.6691	0.6613	0.6517	0.6429	0.6768	0.7299	0.7024	0.7806	0.8280	0.8295	0.8607	0.7788	0.8148	0.8080	0.7828	0.7360	0.7130	0.7051	0.7821	0.8006	0.7918	0.7655	0.7711	0.7765	0.7731	0.7396	0.7560	0.7348	0.6139	0.4142	0.3368	0.3240	0.2885	0.2513	0.2466	0.2600	0.2705	0.2999	0.3194	0.4862	0.5163	0.4288	0.4189	0.3945	0.3904
0.0485	0.0715	0.1056	0.1149	0.1609	0.1948	0.2313	0.2473	0.2618	0.2487	0.3032	0.3283	0.3472	0.3905	0.5947	0.7923	0.8314	0.8514	0.8678	0.8567	0.8271	0.7049	0.6406	0.6048	0.6138	0.5807	0.6219	0.6736	0.6226	0.7057	0.7310	0.7794	0.7797	0.7898	0.7716	0.7384	0.7783	0.7775	0.7649	0.7275	0.7343	0.7283	0.7650	0.7504	0.7342	0.7080	0.7378	0.7131	0.7738	0.7292	0.7291	0.7737	0.7174	0.5506	0.3486	0.3054	0.2794	0.2559	0.2634	0.2653	0.2855	0.3075	0.3393	0.4924	0.5154	0.4239	0.3961	0.3632	0.3600
0.1005	0.1543	0.2438	0.3481	0.4139	0.4802	0.5394	0.4740	0.4573	0.4237	0.5120	0.5938	0.6000	0.5618	0.7497	0.9077	0.9008	0.8559	0.8183	0.6881	0.6688	0.6236	0.5906	0.5803	0.5874	0.5903	0.6585	0.6646	0.6655	0.7371	0.7285	0.7720	0.8204	0.8272	0.7892	0.7444	0.7256	0.7345	0.7528	0.7525	0.7485	0.7335	0.7576	0.7413	0.7378	0.7274	0.6709	0.6822	0.6749	0.7144	0.7252	0.7222	0.7087	0.6307	0.4118	0.3390	0.2781	0.2562	0.2597	0.2705	0.3130	0.3330	0.3965	0.5355	0.5065	0.3800	0.3711	0.3736	0.3686
0.1907	0.3090	0.4112	0.4833	0.5180	0.6030	0.6139	0.6017	0.6419	0.6394	0.6675	0.7282	0.7569	0.7146	0.7375	0.7761	0.8403	0.7495	0.6721	0.6173	0.5811	0.6083	0.5760	0.5900	0.6251	0.6137	0.7021	0.6925	0.7137	0.7651	0.7624	0.7888	0.8327	0.8233	0.7824	0.7598	0.7286	0.7106	0.6904	0.7241	0.6996	0.7227	0.7441	0.7243	0.7601	0.7218	0.6571	0.6866	0.6674	0.6703	0.6658	0.6643	0.6783	0.6790	0.5646	0.4075	0.3346	0.2660	0.2665	0.2823	0.3127	0.3818	0.5451	0.5529	0.4550	0.4112	0.3707	0.3642	0.3348
0.1949	0.3081	0.3477	0.3338	0.3908	0.4480	0.5032	0.5046	0.5324	0.5671	0.5787	0.6117	0.7140	0.6645	0.6126	0.6410	0.6409	0.6346	0.5749	0.5515	0.5648	0.5903	0.5858	0.6151	0.6114	0.6773	0.6647	0.7139	0.7333	0.6882	0.8009	0.7811	0.8000	0.8314	0.8111	0.7749	0.7659	0.7389	0.6823	0.7162	0.6827	0.6982	0.6984	0.7370	0.6714	0.6468	0.6740	0.6694	0.6214	0.6319	0.6543	0.6745	0.6589	0.6829	0.6103	0.5016	0.3847	0.2832	0.2816	0.3100	0.3448	0.5093	0.5918	0.5184	0.4550	0.3920	0.3731	0.3744	0.3396
0.1861	0.2372	0.2849	0.2890	0.3192	0.3562	0.4306	0.4576	0.4550	0.4838	0.5013	0.5609	0.6035	0.5911	0.5382	0.5539	0.5873	0.5846	0.5650	0.5930	0.5973	0.6139	0.6245	0.6150	0.6056	0.6339	0.6729	0.6972	0.7403	0.7301	0.7238	0.7440	0.7691	0.7823	0.8003	0.7452	0.7420	0.7355	0.6933	0.7144	0.7409	0.6909	0.7268	0.7447	0.7138	0.6542	0.6691	0.6749	0.6263	0.6222	0.6799	0.6874	0.6747	0.6630	0.6255	0.6555	0.5187	0.3219	0.2936	0.3170	0.3883	0.5831	0.5726	0.4897	0.4334	0.3856	0.3741	0.3615	0.3332
0.1737	0.2015	0.2538	0.2635	0.2839	0.3273	0.3708	0.3725	0.3917	0.3866	0.4049	0.4427	0.4782	0.5106	0.4804	0.5232	0.6086	0.5853	0.5306	0.4960	0.6005	0.6285	0.5865	0.6220	0.6131	0.6127	0.6617	0.6888	0.7098	0.7542	0.7007	0.7039	0.7701	0.8014	0.7267	0.7246	0.7436	0.7226	0.7348	0.6762	0.6892	0.6873	0.6835	0.7070	0.7195	0.6842	0.6803	0.6805	0.6665	0.6466	0.6448	0.6493	0.6801	0.6681	0.6971	0.7035	0.5650	0.3225	0.2941	0.3559	0.5023	0.5951	0.5726	0.5044	0.4433	0.3822	0.3806	0.3514	0.3254
0.1910	0.2166	0.2701	0.2985	0.2818	0.3128	0.3629	0.3596	0.3300	0.3507	0.3617	0.3956	0.4592	0.4563	0.4936	0.5538	0.5759	0.5749	0.5870	0.5649	0.5951	0.6014	0.5940	0.5820	0.6676	0.6145	0.6488	0.6599	0.7104	0.7170	0.7435	0.7643	0.7821	0.8036	0.7294	0.6961	0.7297	0.6985	0.6986	0.6970	0.6925	0.6715	0.6905	0.6937	0.7158	0.7141	0.7167	0.6714	0.6435	0.6440	0.6357	0.6271	0.6466	0.6445	0.6153	0.6507	0.4966	0.3334	0.3297	0.4394	0.6391	0.5949	0.5509	0.4986	0.4105	0.3739	0.3566	0.3509	0.3239
0.1872	0.2224	0.2409	0.2827	0.2952	0.3240	0.3310	0.3449	0.3525	0.3661	0.3879	0.3836	0.4297	0.4436	0.4476	0.5216	0.5589	0.5850	0.5917	0.6013	0.5827	0.5928	0.6049	0.6189	0.6301	0.6311	0.6324	0.6703	0.7185	0.7302	0.7296	0.7477	0.7760	0.8001	0.7606	0.7219	0.7281	0.6977	0.6855	0.7227	0.7122	0.7185	0.7198	0.6836	0.6889	0.6758	0.6809	0.6857	0.6660	0.6377	0.6299	0.5770	0.6061	0.6592	0.6402	0.5672	0.4110	0.3427	0.3505	0.5471	0.6734	0.5890	0.5815	0.4867	0.4106	0.3836	0.3662	0.3522	0.3312
0.2179	0.2446	0.2865	0.3041	0.3062	0.3124	0.3303	0.3449	0.3469	0.3629	0.3814	0.4046	0.4279	0.4897	0.5312	0.5343	0.5711	0.5764	0.5367	0.5840	0.6201	0.6212	0.5942	0.5935	0.6375	0.6120	0.6441	0.6819	0.7329	0.7391	0.7874	0.7516	0.7357	0.7395	0.7601	0.7292	0.7285	0.7623	0.7536	0.7157	0.7145	0.7211	0.7106	0.6997	0.7391	0.7158	0.6979	0.7211	0.7096	0.6798	0.6435	0.6227	0.6271	0.6801	0.6987	0.6159	0.4851	0.3875	0.4282	0.6268	0.6794	0.5908	0.5282	0.4742	0.4199	0.3964	0.3556	0.3348	0.3275
0.2372	0.2685	0.3111	0.3273	0.3399	0.3198	0.3117	0.3303	0.3460	0.3497	0.3801	0.4156	0.4651	0.4750	0.5081	0.5598	0.5880	0.5403	0.5655	0.5644	0.6052	0.5794	0.6085	0.6092	0.5948	0.5921	0.6389	0.6784	0.7082	0.7257	0.7360	0.7357	0.7692	0.7151	0.7031	0.6922	0.6954	0.7206	0.7442	0.7190	0.7563	0.7027	0.7223	0.7209	0.7526	0.7245	0.7265	0.7097	0.7152	0.6942	0.7199	0.7263	0.7290	0.7153	0.7073	0.7338	0.5990	0.4044	0.5462	0.6898	0.6029	0.5549	0.5301	0.4690	0.4285	0.3722	0.3278	0.3402	0.3326
0.2600	0.2601	0.2671	0.2831	0.2936	0.3114	0.3159	0.3224	0.3416	0.3833	0.4126	0.4063	0.4269	0.4607	0.4881	0.4976	0.5176	0.5603	0.5709	0.6225	0.5825	0.5719	0.5905	0.5949	0.6120	0.6502	0.6524	0.6524	0.6960	0.7026	0.7360	0.7432	0.7489	0.7147	0.6869	0.7184	0.7017	0.6927	0.7079	0.7139	0.7592	0.7269	0.7305	0.7233	0.7284	0.6882	0.7314	0.7333	0.7441	0.7006	0.7631	0.8188	0.8119	0.7053	0.6739	0.6542	0.5792	0.4926	0.6204	0.7000	0.6246	0.5676	0.5129	0.4375	0.4099	0.3840	0.3430	0.3388	0.3300
0.2482	0.2544	0.2635	0.2756	0.3181	0.3578	0.3448	0.3496	0.3508	0.3721	0.4211	0.4179	0.4148	0.4773	0.4755	0.5117	0.5075	0.5539	0.5987	0.5784	0.5998	0.5567	0.6115	0.6116	0.6134	0.6001	0.6792	0.6869	0.7119	0.7054	0.7094	0.7550	0.7717	0.7231	0.7225	0.7035	0.6947	0.7399	0.7364	0.7353	0.7572	0.7305	0.7208	0.7178	0.7179	0.7075	0.7523	0.7172	0.7413	0.7295	0.7528	0.7691	0.7635	0.6543	0.6152	0.6172	0.5949	0.5854	0.6598	0.6561	0.6271	0.5615	0.5211	0.4825	0.4777	0.3916	0.3328	0.3167	0.3235
0.2107	0.2717	0.2866	0.3018	0.3231	0.3127	0.3542	0.3597	0.3772	0.3851	0.4021	0.4338	0.4388	0.4846	0.4568	0.5074	0.5487	0.5792	0.5512	0.5698	0.5982	0.5820	0.6031	0.6034	0.6058	0.5978	0.6544	0.7066	0.7278	0.7402	0.7178	0.7266	0.8029	0.7648	0.7314	0.7072	0.7567	0.7700	0.7198	0.7319	0.7236	0.7250	0.7049	0.7378	0.7185	0.7001	0.7417	0.7213	0.6888	0.7052	0.7225	0.7606	0.7796	0.7171	0.6968	0.6654	0.6017	0.4723	0.4976	0.6406	0.6331	0.5656	0.5224	0.4977	0.4729	0.4020	0.3582	0.3616	0.3436
0.2058	0.2611	0.2851	0.2902	0.3002	0.3016	0.3550	0.3650	0.3903	0.4022	0.4004	0.4290	0.4511	0.4751	0.4609	0.4933	0.5716	0.5539	0.5446	0.5525	0.5655	0.6040	0.5946	0.5918	0.6202	0.6344	0.6401	0.6741	0.6939	0.7091	0.7284	0.7358	0.7549	0.7487	0.7715	0.7806	0.7702	0.7094	0.6997	0.7291	0.6757	0.7588	0.7146	0.7222	0.6926	0.6659	0.6991	0.6887	0.7080	0.7527	0.7584	0.7707	0.8085	0.7471	0.6836	0.6796	0.6028	0.4115	0.3650	0.5182	0.6611	0.6221	0.5493	0.5065	0.4654	0.4163	0.3858	0.3661	0.3389
0.2338	0.2433	0.2479	0.2886	0.2987	0.3215	0.3301	0.3460	0.3719	0.3655	0.3580	0.3819	0.4241	0.4356	0.4644	0.4913	0.5334	0.5428	0.5566	0.5603	0.5346	0.5817	0.5884	0.6167	0.6548	0.6722	0.6523	0.6692	0.6984	0.6812	0.6867	0.7780	0.8041	0.7281	0.7942	0.7613	0.7194	0.7177	0.7624	0.7217	0.7134	0.7190	0.7751	0.7027	0.6934	0.6967	0.6943	0.7235	0.6905	0.7222	0.7334	0.7052	0.6992	0.7035	0.6757	0.6660	0.6107	0.4276	0.3320	0.3720	0.5942	0.6692	0.6496	0.5497	0.4749	0.4321	0.3972	0.3811	0.3951
0.2209	0.2449	0.2486	0.2825	0.3062	0.3083	0.3242	0.3322	0.3456	0.3825	0.3674	0.4226	0.4574	0.4495	0.4253	0.4555	0.5222	0.5242	0.5352	0.5537	0.5769	0.5692	0.5864	0.6286	0.6364	0.6434	0.6764	0.6628	0.6967	0.7187	0.7339	0.7776	0.7647	0.7318	0.7865	0.7344	0.7619	0.7286	0.7572	0.7414	0.7283	0.7423	0.7474	0.7164	0.7009	0.6587	0.7139	0.7338	0.7065	0.6590	0.6903	0.6945	0.7065	0.6831	0.6810	0.6560	0.7052	0.5481	0.3271	0.3154	0.4758	0.6720	0.6470	0.5350	0.4694	0.4393	0.4298	0.3860	0.3776
0.2079	0.2406	0.2723	0.2791	0.3092	0.3072	0.3205	0.3452	0.3947	0.3726	0.3772	0.4216	0.4369	0.4455	0.4263	0.4816	0.5067	0.5202	0.5266	0.5663	0.5753	0.5403	0.5693	0.5717	0.5705	0.6181	0.6657	0.6845	0.7202	0.7041	0.7739	0.7689	0.7728	0.7669	0.7730	0.7233	0.6982	0.7218	0.7534	0.7353	0.7263	0.7440	0.7518	0.7394	0.6902	0.7158	0.7411	0.6993	0.7017	0.7037	0.7020	0.6882	0.7104	0.6975	0.6717	0.6753	0.7218	0.5097	0.3381	0.3351	0.3439	0.5576	0.6215	0.5812	0.5014	0.4475	0.4543	0.4272	0.3974
0.1793	0.2378	0.2755	0.2855	0.3017	0.2814	0.3159	0.3639	0.3687	0.3626	0.3720	0.3977	0.4236	0.4527	0.4591	0.5037	0.4970	0.5293	0.5489	0.5463	0.5542	0.5681	0.5638	0.6197	0.6667	0.6689	0.6872	0.6819	0.7262	0.7388	0.7300	0.7493	0.7812	0.7678	0.7720	0.7556	0.6976	0.7167	0.7404	0.7313	0.7518	0.7591	0.7373	0.7067	0.6832	0.7305	0.6942	0.6907	0.6750	0.7565	0.7155	0.6948	0.7178	0.7385	0.6806	0.6841	0.6639	0.3848	0.2903	0.3056	0.2942	0.3459	0.5208	0.5954	0.5684	0.4899	0.4656	0.4309	0.3558
0.1992	0.2400	0.2677	0.2671	0.3260	0.3402	0.3797	0.3922	0.4038	0.4124	0.4481	0.4573	0.4862	0.5070	0.4685	0.4783	0.5029	0.5191	0.5408	0.5766	0.5475	0.5619	0.5630	0.6215	0.6775	0.6705	0.6631	0.6949	0.7450	0.7317	0.7023	0.7244	0.7473	0.7748	0.7589	0.7742	0.7225	0.6919	0.6903	0.7011	0.7293	0.7191	0.7573	0.7102	0.6765	0.7001	0.7215	0.7333	0.7413	0.7357	0.7308	0.7290	0.6966	0.6916	0.6910	0.6970	0.6414	0.3433	0.2409	0.2565	0.2690	0.2976	0.3894	0.5637	0.5881	0.4969	0.4516	0.4556	0.3814
0.1900	0.2387	0.2973	0.3152	0.3559	0.4352	0.4849	0.5260	0.5452	0.5385	0.5496	0.5625	0.6196	0.6009	0.5470	0.5392	0.5103	0.5341	0.5404	0.5774	0.5807	0.5864	0.5661	0.6284	0.6402	0.6397	0.6685	0.6821	0.7141	0.7313	0.6993	0.7551	0.7397	0.7847	0.7570	0.7075	0.7024	0.7014	0.6725	0.7069	0.7098	0.7169	0.7153	0.7320	0.7034	0.6886	0.6737	0.6785	0.7488	0.7488	0.7363	0.7522	0.7471	0.7342	0.6852	0.6986	0.5616	0.2829	0.2273	0.2475	0.2447	0.2798	0.3205	0.4604	0.5780	0.5255	0.4771	0.4555	0.4292
0.2223	0.2709	0.3476	0.3903	0.4262	0.5050	0.5650	0.5924	0.6530	0.6355	0.6433	0.6996	0.7048	0.6814	0.7078	0.7041	0.6276	0.6082	0.5827	0.5882	0.5819	0.5973	0.6005	0.6093	0.6547	0.6686	0.6896	0.7014	0.7487	0.7069	0.7358	0.7561	0.7416	0.7714	0.7504	0.7085	0.7164	0.7445	0.7338	0.7268	0.7387	0.6728	0.7211	0.7286	0.7210	0.7187	0.6994	0.7106	0.7372	0.7585	0.7762	0.8236	0.7830	0.7732	0.7263	0.6554	0.4010	0.2333	0.2261	0.2295	0.2495	0.2645	0.2892	0.3717	0.5031	0.5427	0.5383	0.4738	0.4326
0.1998	0.3103	0.4221	0.5105	0.5384	0.5951	0.6568	0.6708	0.7110	0.7053	0.7788	0.7938	0.7655	0.7941	0.8142	0.8165	0.8793	0.7033	0.6169	0.5715	0.5707	0.6090	0.6139	0.6102	0.6551	0.6321	0.6799	0.7013	0.6771	0.6897	0.7295	0.7764	0.7557	0.7473	0.7405	0.7152	0.7171	0.7581	0.7264	0.6863	0.7121	0.6922	0.6999	0.7301	0.7135	0.6892	0.7124	0.7114	0.7403	0.7616	0.7575	0.6590	0.7101	0.7620	0.6461	0.4481	0.2603	0.2172	0.2172	0.2404	0.2477	0.2496	0.2619	0.3075	0.3323	0.4464	0.5349	0.5079	0.4548
0.1164	0.2059	0.3135	0.4559	0.5187	0.5932	0.6584	0.6320	0.5601	0.5158	0.5577	0.5967	0.5607	0.6939	0.8841	0.9169	0.9245	0.8547	0.7508	0.6880	0.5794	0.5860	0.5566	0.5883	0.6185	0.6168	0.6497	0.6125	0.6702	0.6771	0.7087	0.7161	0.7330	0.7064	0.6950	0.6742	0.7036	0.7147	0.7370	0.6815	0.6867	0.6848	0.7410	0.7288	0.7204	0.7128	0.7255	0.7287	0.7298	0.7664	0.6446	0.4268	0.6182	0.5381	0.3280	0.2476	0.2211	0.2266	0.2204	0.2347	0.2530	0.2537	0.2685	0.3255	0.3810	0.4730	0.5695	0.5180	0.4422
0.0483	0.0774	0.1111	0.1704	0.2301	0.2485	0.2863	0.2670	0.2446	0.2774	0.3024	0.3070	0.3374	0.5016	0.8348	0.9457	0.9030	0.7608	0.8666	0.8108	0.7039	0.6061	0.5679	0.5812	0.6060	0.5665	0.5811	0.6095	0.6752	0.6733	0.6500	0.6684	0.6802	0.6623	0.6784	0.6968	0.7118	0.7102	0.7362	0.6973	0.7156	0.6694	0.7273	0.6944	0.7132	0.7229	0.7351	0.7588	0.7644	0.6688	0.3896	0.2846	0.3666	0.2857	0.2270	0.2277	0.2311	0.2131	0.2124	0.2331	0.2446	0.2606	0.2865	0.4028	0.5866	0.5859	0.5514	0.5487	0.4505
0.0242	0.0339	0.0596	0.0778	0.0859	0.0931	0.1264	0.1414	0.1578	0.1598	0.2114	0.2147	0.2597	0.3030	0.4893	0.6778	0.7092	0.5408	0.7057	0.7974	0.7975	0.6761	0.6109	0.5790	0.5752	0.5254	0.5865	0.5746	0.6176	0.6293	0.6286	0.6569	0.6329	0.6657	0.6909	0.7526	0.7237	0.7564	0.7267	0.7026	0.7097	0.7211	0.6991	0.6908	0.7391	0.7479	0.7547	0.7306	0.5797	0.3418	0.2503	0.2225	0.2259	0.2256	0.2196	0.2067	0.2145	0.1982	0.1937	0.2195	0.2365	0.2356	0.2655	0.3451	0.5582	0.5409	0.4139	0.5321	0.5115
0.0101	0.0338	0.0471	0.0509	0.0525	0.0748	0.0909	0.0865	0.0938	0.1242	0.1391	0.1500	0.1837	0.1839	0.2319	0.3155	0.3453	0.3598	0.5276	0.7274	0.7725	0.7299	0.6666	0.6520	0.6496	0.5857	0.5896	0.5917	0.6373	0.6449	0.6330	0.6503	0.6687	0.7062	0.6933	0.7044	0.6975	0.7433	0.6949	0.7060	0.7377	0.7115	0.7069	0.7257	0.7141	0.5574	0.4527	0.4276	0.3106	0.2250	0.2120	0.2057	0.1965	0.1990	0.2056	0.2048	0.2067	0.2012	0.1944	0.2027	0.2038	0.2043	0.2250	0.2425	0.3037	0.3768	0.3398	0.4385	0.5309
0.0272	0.0392	0.0354	0.0443	0.0572	0.0604	0.0717	0.0683	0.0716	0.0955	0.0909	0.1056	0.1258	0.1292	0.1537	0.1875	0.2119	0.2604	0.3113	0.4956	0.6326	0.6908	0.7334	0.7241	0.6688	0.6277	0.5951	0.6807	0.6717	0.6807	0.6738	0.7151	0.6985	0.7126	0.7013	0.7077	0.7091	0.7109	0.7204	0.6909	0.6900	0.7242	0.7076	0.6880	0.4947	0.2635	0.2001	0.1998	0.2103	0.1989	0.1895	0.1785	0.1701	0.1775	0.1818	0.1979	0.1927	0.1915	0.1872	0.1943	0.1912	0.2044	0.2126	0.2135	0.2219	0.2745	0.2697	0.2890	0.4100
0.0124	0.0387	0.0403	0.0391	0.0485	0.0654	0.0644	0.0712	0.0627	0.0742	0.0920	0.0718	0.0928	0.1079	0.1122	0.1291	0.1506	0.1603	0.1983	0.2555	0.3439	0.4458	0.6093	0.7471	0.7455	0.6881	0.6982	0.7060	0.7661	0.7612	0.7549	0.7792	0.7520	0.7219	0.7635	0.7354	0.7145	0.7684	0.7426	0.7017	0.6066	0.4928	0.5055	0.4337	0.2293	0.1835	0.1699	0.1654	0.1712	0.1685	0.1656	0.1616	0.1598	0.1569	0.1642	0.1698	0.1678	0.1813	0.1794	0.1837	0.1760	0.1810	0.1818	0.1874	0.1920	0.2289	0.2321	0.2490	0.2672
0.0019	0.0138	0.0334	0.0324	0.0435	0.0637	0.0578	0.0676	0.0679	0.0771	0.0715	0.0751	0.0766	0.0816	0.0850	0.0968	0.1090	0.1187	0.1279	0.1471	0.1778	0.2105	0.2978	0.4625	0.6151	0.6700	0.7062	0.7010	0.7007	0.6845	0.7340	0.8264	0.8165	0.7898	0.7747	0.7545	0.6857	0.6640	0.6081	0.5437	0.3562	0.2057	0.1881	0.1828	0.1512	0.1428	0.1382	0.1403	0.1286	0.1252	0.1257	0.1324	0.1345	0.1323	0.1395	0.1389	0.1421	0.1493	0.1511	0.1581	0.1576	0.1636	0.1623	0.1711	0.1724	0.1815	0.1900	0.2031	0.2248
0.0153	0.0159	0.0347	0.0359	0.0363	0.0537	0.0442	0.0505	0.0567	0.0708	0.0667	0.0615	0.0705	0.0758	0.0743	0.0862	0.0974	0.0880	0.1036	0.1178	0.1235	0.1361	0.1588	0.1911	0.2479	0.3827	0.3816	0.3284	0.3029	0.2947	0.3796	0.5319	0.5160	0.5519	0.5953	0.4893	0.3578	0.3113	0.3050	0.2702	0.1741	0.1357	0.1331	0.1275	0.1177	0.1145	0.1054	0.1089	0.1016	0.1035	0.1115	0.1099	0.1141	0.1136	0.1092	0.1090	0.1111	0.1191	0.1153	0.1224	0.1285	0.1278	0.1383	0.1448	0.1424	0.1571	0.1609	0.1838	0.2015
0.0221	0.0274	0.0255	0.0164	0.0141	0.0242	0.0328	0.0529	0.0513	0.0542	0.0619	0.0571	0.0634	0.0756	0.0749	0.0750	0.0833	0.0832	0.0847	0.0908	0.0904	0.0961	0.1125	0.1253	0.1374	0.1397	0.1420	0.1701	0.1734	0.1742	0.1698	0.1821	0.1897	0.2030	0.2320	0.1996	0.1629	0.1471	0.1430	0.1236	0.1082	0.1105	0.1126	0.1016	0.0964	0.0954	0.0919	0.0974	0.0998	0.0974	0.0945	0.0963	0.0886	0.0923	0.0896	0.0922	0.0978	0.0957	0.0926	0.0989	0.1006	0.0997	0.1103	0.1090	0.1110	0.1240	0.1177	0.1459	0.1425
0.0148	0.0094	0.0196	0.0295	0.0360	0.0252	0.0274	0.0502	0.0546	0.0458	0.0455	0.0568	0.0652	0.0571	0.0603	0.0700	0.0753	0.0760	0.0672	0.0657	0.0852	0.0850	0.0848	0.1022	0.1028	0.1038	0.1157	0.1234	0.1226	0.1205	0.1227	0.1232	0.1304	0.1212	0.1281	0.1251	0.1130	0.1078	0.1075	0.0988	0.0924	0.0868	0.0909	0.0880	0.0832	0.0837	0.0772	0.0880	0.0845	0.0766	0.0727	0.0782	0.0776	0.0673	0.0682	0.0734	0.0750	0.0690	0.0792	0.0856	0.0763	0.0753	0.0837	0.0853	0.0810	0.0830	0.0799	0.0966	0.0977
0.0000	0.0000	0.0247	0.0284	0.0134	0.0202	0.0230	0.0316	0.0372	0.0361	0.0406	0.0471	0.0605	0.0588	0.0518	0.0544	0.0568	0.0617	0.0600	0.0706	0.0838	0.0757	0.0711	0.0794	0.0884	0.0894	0.0972	0.0915	0.0948	0.0847	0.0952	0.0986	0.0994	0.1012	0.0918	0.0876	0.0865	0.0994	0.0879	0.0854	0.0890	0.0770	0.0747	0.0669	0.0776	0.0730	0.0735	0.0724	0.0717	0.0658	0.0670	0.0685	0.0712	0.0660	0.0604	0.0636	0.0598	0.0545	0.0624	0.0691	0.0599	0.0571	0.0593	0.0676	0.0715	0.0697	0.0697	0.0703	0.0771
0.0000	0.0000	0.0078	0.0079	0.0135	0.0046	0.0180	0.0313	0.0339	0.0460	0.0400	0.0465	0.0422	0.0538	0.0453	0.0549	0.0631	0.0656	0.0533	0.0677	0.0748	0.0679	0.0677	0.0735	0.0819	0.0900	0.0864	0.0822	0.0754	0.0765	0.0769	0.0856	0.0837	0.0906	0.0759	0.0737	0.0858	0.0830	0.0741	0.0805	0.0842	0.0785	0.0698	0.0684	0.0667	0.0629	0.0622	0.0591	0.0581	0.0594	0.0655	0.0585	0.0482	0.0578	0.0625	0.0576	0.0531	0.0453	0.0531	0.0562	0.0558	0.0515	0.0501	0.0528	0.0641	0.0669	0.0604	0.0537	0.0654
0.0000	0.0000	0.0000	0.0007	0.0068	0.0206	0.0244	0.0254	0.0282	0.0344	0.0406	0.0388	0.0358	0.0465	0.0566	0.0597	0.0726	0.0624	0.0581	0.0559	0.0572	0.0593	0.0701	0.0698	0.0689	0.0748	0.0651	0.0711	0.0764	0.0738	0.0745	0.0733	0.0618	0.0672	0.0679	0.0650	0.0720	0.0638	0.0676	0.0636	0.0650	0.0672	0.0653	0.0613	0.0582	0.0531	0.0526	0.0530	0.0493	0.0483	0.0509	0.0504	0.0394	0.0539	0.0597	0.0517	0.0442	0.0425	0.0486	0.0540	0.0457	0.0396	0.0498	0.0510	0.0540	0.0472	0.0482	0.0460	0.0453
0.0000	0.0000	0.0000	0.0081	0.0086	0.0071	0.0257	0.0329	0.0223	0.0261	0.0311	0.0304	0.0323	0.0415	0.0522	0.0450	0.0466	0.0409	0.0408	0.0583	0.0509	0.0576	0.0576	0.0633	0.0693	0.0738	0.0687	0.0684	0.0690	0.0663	0.0574	0.0624	0.0632	0.0664	0.0607	0.0597	0.0633	0.0587	0.0610	0.0629	0.0574	0.0516	0.0622	0.0547	0.0540	0.0476	0.0458	0.0482	0.0433	0.0454	0.0452	0.0403	0.0460	0.0443	0.0457	0.0419	0.0417	0.0394	0.0386	0.0464	0.0453	0.0349	0.0405	0.0448	0.0452	0.0347	0.0345	0.0296	0.0301
0.0000	0.0000	0.0000	0.0077	0.0026	0.0000	0.0157	0.0147	0.0083	0.0055	0.0184	0.0196	0.0250	0.0268	0.0236	0.0403	0.0397	0.0315	0.0381	0.0500	0.0464	0.0513	0.0424	0.0586	0.0600	0.0555	0.0615	0.0655	0.0706	0.0620	0.0555	0.0597	0.0542	0.0654	0.0603	0.0617	0.0546	0.0576	0.0561	0.0519	0.0547	0.0503	0.0506	0.0496	0.0424	0.0449	0.0495	0.0439	0.0390	0.0429	0.0400	0.0468	0.0381	0.0324	0.0344	0.0341	0.0399	0.0392	0.0356	0.0384	0.0413	0.0291	0.0383	0.0382	0.0438	0.0350	0.0324	0.0381	0.0372
0.0000	0.0000	0.0000	0.0083	0.0000	0.0000	0.0031	0.0000	0.0120	0.0060	0.0189	0.0286	0.0290	0.0200	0.0324	0.0375	0.0442	0.0349	0.0354	0.0486	0.0419	0.0417	0.0368	0.0488	0.0516	0.0541	0.0487	0.0557	0.0606	0.0616	0.0579	0.0581	0.0510	0.0519	0.0625	0.0510	0.0587	0.0596	0.0511	0.0470	0.0527	0.0507	0.0477	0.0534	0.0441	0.0420	0.0486	0.0454	0.0352	0.0378	0.0408	0.0418	0.0344	0.0325	0.0370	0.0355	0.0320	0.0273	0.0330	0.0314	0.0267	0.0221	0.0234	0.0329	0.0356	0.0265	0.0223	0.0299	0.0296
0.0000	0.0000	0.0000	0.0000	0.0000	0.0000	0.0083	0.0115	0.0165	0.0073	0.0171	0.0259	0.0317	0.0297	0.0354	0.0302	0.0284	0.0309	0.0393	0.0446	0.0417	0.0389	0.0429	0.0474	0.0532	0.0530	0.0481	0.0524	0.0458	0.0553	0.0550	0.0549	0.0549	0.0458	0.0571	0.0501	0.0531	0.0570	0.0507	0.0569	0.0535	0.0477	0.0436	0.0484	0.0402	0.0437	0.0438	0.0405	0.0380	0.0379	0.0308	0.0338	0.0379	0.0374	0.0366	0.0285	0.0311	0.0311	0.0223	0.0248	0.0243	0.0247	0.0237	0.0287	0.0300	0.0223	0.0210	0.0240	0.0157
0.0000	0.0000	0.0009	0.0000	0.0032	0.0000	0.0125	0.0117	0.0080	0.0149	0.0207	0.0264	0.0254	0.0353	0.0216	0.0324	0.0325	0.0281	0.0282	0.0412	0.0326	0.0262	0.0373	0.0347	0.0491	0.0457	0.0376	0.0440	0.0524	0.0548	0.0497	0.0535	0.0471	0.0423	0.0477	0.0483	0.0461	0.0475	0.0509	0.0495	0.0398	0.0386	0.0468	0.0416	0.0434	0.0421	0.0388	0.0358	0.0325	0.0302	0.0290	0.0275	0.0325	0.0315	0.0259	0.0247	0.0245	0.0242	0.0181	0.0169	0.0172	0.0229	0.0221	0.0228	0.0224	0.0184	0.0197	0.0191	0.0178
0.0000	0.0000	0.0034	0.0000	0.0000	0.0000	0.0000	0.0054	0.0097	0.0160	0.0117	0.0043	0.0202	0.0248	0.0189	0.0316	0.0303	0.0277	0.0263	0.0276	0.0284	0.0391	0.0387	0.0339	0.0513	0.0434	0.0380	0.0411	0.0483	0.0560	0.0466	0.0452	0.0501	0.0474	0.0458	0.0354	0.0466	0.0554	0.0505	0.0502	0.0423	0.0406	0.0419	0.0428	0.0400	0.0374	0.0350	0.0383	0.0223	0.0326	0.0336	0.0271	0.0264	0.0204	0.0274	0.0338	0.0217	0.0167	0.0234	0.0294	0.0208	0.0181	0.0242	0.0240	0.0261	0.0174	0.0168	0.0213	0.0224
