0.0000	0.0000	0.0000	0.0012	0.0000	0.0000	0.0016	0.0178	0.0145	0.0011	0.0082	0.0233	0.0174	0.0210	0.0174	0.0505	0.0394	0.0356	0.0184	0.0434	0.0449	0.0391	0.0293	0.0457	0.0549	0.0616	0.0498	0.0447	0.0495	0.0524	0.0531	0.0587	0.0605	0.0604	0.0710	0.0677	0.0659	0.0536	0.0638	0.0585	0.0679	0.0657	0.0745	0.0744	0.0608	0.0652	0.0812	0.0766	0.0655	0.0734	0.0792	0.0771	0.0633	0.0643	0.0884	0.0752	0.0681	0.0509	0.0549	0.0512	0.0583	0.0480	0.0513	0.0441	0.0516	0.0430	0.0415	0.0343	0.0317
0.0000	0.0000	0.0144	0.0046	0.0000	0.0000	0.0058	0.0072	0.0138	0.0003	0.0139	0.0152	0.0247	0.0426	0.0412	0.0437	0.0417	0.0439	0.0216	0.0281	0.0475	0.0397	0.0509	0.0559	0.0610	0.0560	0.0454	0.0521	0.0566	0.0568	0.0621	0.0670	0.0625	0.0625	0.0664	0.0667	0.0705	0.0760	0.0868	0.0832	0.0723	0.0685	0.0791	0.0851	0.0883	0.0768	0.0911	0.0870	0.0822	0.0918	0.0808	0.0782	0.0678	0.0702	0.0778	0.0756	0.0755	0.0703	0.0774	0.0585	0.0635	0.0467	0.0488	0.0636	0.0499	0.0334	0.0395	0.0477	0.0343
0.0000	0.0000	0.0097	0.0057	0.0089	0.0000	0.0031	0.0075	0.0124	0.0084	0.0248	0.0200	0.0284	0.0405	0.0434	0.0356	0.0260	0.0313	0.0380	0.0426	0.0472	0.0700	0.0587	0.0683	0.0720	0.0654	0.0689	0.0563	0.0623	0.0788	0.0574	0.0668	0.0651	0.0862	0.0750	0.0695	0.0691	0.0826	0.0823	0.0750	0.1062	0.0831	0.0874	0.0771	0.0831	0.0984	0.0997	0.0745	0.0798	0.0776	0.0842	0.0983	0.0829	0.0762	0.0828	0.1003	0.1023	0.0697	0.0724	0.0806	0.0753	0.0674	0.0589	0.0525	0.0527	0.0417	0.0415	0.0553	0.0442
0.0000	0.0000	0.0060	0.0062	0.0000	0.0000	0.0075	0.0119	0.0111	0.0321	0.0300	0.0227	0.0247	0.0276	0.0235	0.0388	0.0299	0.0518	0.0496	0.0539	0.0588	0.0671	0.0521	0.0429	0.0614	0.0605	0.0731	0.0600	0.0679	0.0645	0.0668	0.0734	0.0796	0.0797	0.0864	0.0801	0.0700	0.0714	0.0743	0.0802	0.0866	0.0920	0.0965	0.0842	0.0754	0.0935	0.0962	0.0792	0.0787	0.0732	0.0944	0.0944	0.0963	0.0858	0.0839	0.0902	0.0973	0.0912	0.0792	0.0892	0.0842	0.0708	0.0809	0.0750	0.0664	0.0692	0.0588	0.0577	0.0543
0.0000	0.0000	0.0154	0.0156	0.0000	0.0030	0.0151	0.0176	0.0096	0.0152	0.0288	0.0343	0.0338	0.0408	0.0292	0.0484	0.0436	0.0321	0.0376	0.0695	0.0650	0.0532	0.0544	0.0497	0.0691	0.0604	0.0686	0.0596	0.0588	0.0721	0.0755	0.0717	0.0772	0.0748	0.0789	0.0743	0.0676	0.0674	0.0926	0.0818	0.0774	0.0917	0.0948	0.0987	0.0962	0.0844	0.0906	0.0872	0.0860	0.1001	0.0997	0.0953	0.1101	0.0992	0.0820	0.0825	0.0853	0.0932	0.0886	0.0863	0.0850	0.0764	0.0802	0.0847	0.0847	0.0722	0.0774	0.0715	0.0728
0.0000	0.0000	0.0084	0.0178	0.0034	0.0116	0.0170	0.0252	0.0281	0.0318	0.0248	0.0451	0.0549	0.0401	0.0488	0.0616	0.0622	0.0410	0.0522	0.0559	0.0755	0.0769	0.0639	0.0660	0.0795	0.0636	0.0701	0.0604	0.0760	0.0905	0.0879	0.0861	0.0861	0.0829	0.0828	0.0931	0.0948	0.0969	0.0876	0.0885	0.0884	0.1099	0.1019	0.0920	0.0935	0.0870	0.0877	0.0878	0.0968	0.1025	0.1023	0.0878	0.1025	0.1132	0.1076	0.1056	0.1145	0.1171	0.1075	0.1083	0.1097	0.1018	0.1043	0.1065	0.0899	0.0734	0.0751	0.0846	0.0832
0.0000	0.0016	0.0094	0.0171	0.0222	0.0087	0.0233	0.0290	0.0355	0.0449	0.0366	0.0518	0.0565	0.0414	0.0518	0.0632	0.0615	0.0531	0.0692	0.0535	0.0821	0.0828	0.0709	0.0612	0.0865	0.1001	0.0869	0.0763	0.0837	0.0838	0.0829	0.0930	0.0951	0.1014	0.0932	0.0928	0.0933	0.1074	0.1021	0.1060	0.0821	0.1096	0.1243	0.1136	0.0966	0.0988	0.1009	0.1062	0.0931	0.0970	0.1127	0.1258	0.1362	0.1207	0.1287	0.1537	0.1349	0.1219	0.1318	0.1319	0.1184	0.1221	0.1236	0.1414	0.1142	0.0994	0.0957	0.1144	0.1107
0.0000	0.0030	0.0168	0.0192	0.0189	0.0053	0.0325	0.0402	0.0386	0.0492	0.0435	0.0398	0.0484	0.0407	0.0519	0.0553	0.0643	0.0668	0.0850	0.0782	0.0838	0.0929	0.0768	0.0874	0.0888	0.0956	0.0942	0.0877	0.0962	0.0975	0.0861	0.0793	0.0925	0.1175	0.1071	0.0948	0.1188	0.1213	0.1088	0.1087	0.1101	0.1207	0.1323	0.1192	0.1098	0.1237	0.1266	0.1257	0.1110	0.1158	0.1112	0.1226	0.1327	0.1328	0.1436	0.1728	0.1441	0.1397	0.1497	0.1468	0.1408	0.1439	0.1706	0.1707	0.1490	0.1289	0.1126	0.1331	0.1433
0.0000	0.0000	0.0234	0.0267	0.0269	0.0219	0.0388	0.0406	0.0467	0.0483	0.0521	0.0552	0.0546	0.0606	0.0505	0.0638	0.0834	0.0687	0.0786	0.0849	0.0888	0.0895	0.0963	0.0982	0.1010	0.0939	0.0855	0.0893	0.1178	0.1054	0.0956	0.0967	0.1114	0.1018	0.1095	0.1091	0.1045	0.1347	0.1163	0.0987	0.1172	0.1331	0.1433	0.1286	0.1319	0.1327	0.1262	0.1337	0.1437	0.1503	0.1382	0.1521	0.1606	0.1743	0.1719	0.1979	0.2059	0.2133	0.2450	0.2111	0.2008	0.2010	0.2553	0.2114	0.1716	0.1628	0.1875	0.2287	0.2206
0.0044	0.0100	0.0310	0.0358	0.0300	0.0308	0.0317	0.0446	0.0443	0.0456	0.0548	0.0637	0.0728	0.0766	0.0724	0.0654	0.0959	0.0889	0.0952	0.0975	0.1023	0.0912	0.0920	0.0985	0.1028	0.0988	0.0959	0.0985	0.1233	0.1073	0.1023	0.1034	0.1154	0.1053	0.1247	0.1193	0.1200	0.1329	0.1260	0.1280	0.1325	0.1387	0.1573	0.1602	0.1567	0.1532	0.1688	0.1527	0.1545	0.1668	0.1611	0.1945	0.2152	0.2111	0.2344	0.2528	0.3299	0.4371	0.4144	0.3678	0.3089	0.3291	0.3827	0.3640	0.2361	0.2040	0.2960	0.3556	0.3593
0.0049	0.0139	0.0379	0.0326	0.0206	0.0356	0.0401	0.0629	0.0503	0.0473	0.0570	0.0597	0.0737	0.0964	0.0928	0.0829	0.0937	0.0922	0.0886	0.0993	0.1192	0.0990	0.1052	0.0935	0.1131	0.1223	0.1094	0.1119	0.1137	0.1168	0.1161	0.1323	0.1243	0.1310	0.1369	0.1269	0.1387	0.1412	0.1311	0.1425	0.1600	0.1595	0.1898	0.1873	0.1963	0.1918	0.2234	0.2025	0.2005	0.2230	0.2380	0.2719	0.2850	0.2775	0.3103	0.4200	0.5248	0.5122	0.4444	0.4615	0.4412	0.3835	0.3977	0.4097	0.3047	0.2855	0.3437	0.3625	0.3503
0.0096	0.0276	0.0364	0.0298	0.0210	0.0415	0.0499	0.0680	0.0602	0.0533	0.0641	0.0853	0.0738	0.0751	0.0789	0.0877	0.0963	0.1089	0.0954	0.1183	0.1204	0.1179	0.1176	0.0987	0.1078	0.1206	0.1295	0.1223	0.1189	0.1353	0.1494	0.1434	0.1482	0.1479	0.1537	0.1451	0.1528	0.1602	0.1839	0.1960	0.2193	0.2662	0.3549	0.3020	0.2678	0.3181	0.3170	0.2616	0.2512	0.2870	0.3071	0.3377	0.3592	0.3972	0.4298	0.5904	0.6168	0.5676	0.4918	0.4910	0.5000	0.4400	0.4028	0.4640	0.4037	0.3282	0.3614	0.3527	0.3460
0.0220	0.0238	0.0229	0.0399	0.0503	0.0432	0.0559	0.0692	0.0758	0.0602	0.0687	0.0877	0.0837	0.0730	0.0811	0.0885	0.1242	0.1397	0.1204	0.1150	0.1147	0.1243	0.1267	0.1196	0.1342	0.1277	0.1459	0.1368	0.1424	0.1483	0.1665	0.1825	0.1803	0.1737	0.1940	0.1799	0.1970	0.2130	0.2499	0.3126	0.3976	0.6083	0.7948	0.6295	0.4278	0.5798	0.5981	0.3549	0.2991	0.3301	0.3746	0.3986	0.4527	0.5837	0.5592	0.6329	0.6233	0.5498	0.5501	0.4995	0.4707	0.4821	0.4540	0.5076	0.4701	0.3870	0.3821	0.3730	0.3445
0.0171	0.0225	0.0383	0.0482	0.0582	0.0498	0.0656	0.0660	0.0734	0.0803	0.0825	0.0859	0.0924	0.0980	0.1057	0.1103	0.1317	0.1363	0.1491	0.1434	0.1502	0.1550	0.1685	0.1691	0.1611	0.1481	0.1598	0.1888	0.1847	0.1734	0.2131	0.2382	0.2452	0.2389	0.2555	0.2392	0.2656	0.3083	0.3380	0.4132	0.6481	0.9163	1.0000	0.8588	0.7537	0.7279	0.6766	0.4220	0.3177	0.3425	0.4381	0.4979	0.6075	0.6642	0.6294	0.6298	0.5764	0.5547	0.5506	0.5033	0.4909	0.4610	0.4670	0.4672	0.4593	0.3940	0.3930	0.3400	0.3393
0.0093	0.0363	0.0343	0.0480	0.0561	0.0769	0.0827	0.0912	0.0930	0.1107	0.1122	0.1198	0.1267	0.1288	0.1437	0.1561	0.1853	0.1810	0.2108	0.1972	0.2222	0.2470	0.2379	0.2382	0.1927	0.1806	0.1922	0.2081	0.2449	0.2429	0.2507	0.2992	0.3073	0.3251	0.3240	0.3383	0.3520	0.3803	0.4130	0.5029	0.7969	0.9407	0.8700	0.8548	0.8305	0.7171	0.6649	0.4873	0.4247	0.4981	0.5717	0.6309	0.6687	0.6130	0.6078	0.6053	0.5939	0.5625	0.5027	0.4886	0.4845	0.4503	0.4310	0.4568	0.4292	0.3430	0.3554	0.3134	0.3098
0.0095	0.0420	0.0431	0.0554	0.1068	0.1140	0.1143	0.1256	0.1372	0.1707	0.1609	0.2035	0.2327	0.2124	0.2740	0.3005	0.3375	0.3048	0.3334	0.3708	0.4016	0.4117	0.4401	0.4034	0.2974	0.2764	0.2649	0.2546	0.2980	0.3054	0.3190	0.3530	0.3758	0.4262	0.3992	0.4208	0.4354	0.4483	0.4841	0.5729	0.8658	0.8425	0.8597	0.8300	0.8086	0.7876	0.7543	0.6155	0.5588	0.7028	0.6925	0.6934	0.6626	0.6052	0.5892	0.6520	0.6143	0.5555	0.5056	0.5070	0.4747	0.4093	0.4328	0.4317	0.3665	0.3406	0.3450	0.3413	0.3051
0.0356	0.0485	0.0575	0.0811	0.1256	0.1488	0.1785	0.2288	0.2728	0.3144	0.3985	0.4644	0.5354	0.4556	0.5573	0.6329	0.6151	0.6329	0.6578	0.6723	0.7145	0.6979	0.6881	0.6640	0.5334	0.4135	0.3990	0.3977	0.4111	0.4217	0.4603	0.4963	0.5347	0.5284	0.5449	0.5559	0.5911	0.6410	0.7601	0.7251	0.8108	0.7792	0.8305	0.7909	0.7653	0.7319	0.7324	0.7326	0.6631	0.6739	0.6504	0.6982	0.6214	0.6063	0.5443	0.5767	0.5722	0.5114	0.4736	0.4605	0.4607	0.4365	0.4231	0.3988	0.3678	0.3083	0.3341	0.3143	0.3004
0.0436	0.0857	0.1361	0.1789	0.2759	0.3839	0.4310	0.5294	0.6052	0.5315	0.6173	0.6505	0.6250	0.6240	0.6648	0.7322	0.7335	0.7544	0.7780	0.7804	0.7628	0.7499	0.6911	0.7046	0.6878	0.6557	0.7086	0.7383	0.6685	0.6986	0.7642	0.8601	0.8560	0.8336	0.7742	0.8552	0.8135	0.8013	0.8799	0.8020	0.7333	0.6728	0.7376	0.7174	0.6955	0.6739	0.6908	0.6761	0.7020	0.6479	0.6376	0.6332	0.5823	0.5818	0.5305	0.5012	0.4881	0.4604	0.4717	0.4069	0.4381	0.4285	0.3906	0.3990	0.3514	0.3068	0.3107	0.2869	0.2937
0.0870	0.2020	0.3359	0.4724	0.5252	0.5688	0.6540	0.6103	0.6368	0.5721	0.5287	0.5337	0.5412	0.5490	0.6075	0.6271	0.6881	0.6910	0.7070	0.6908	0.6968	0.7141	0.6962	0.7116	0.6504	0.6696	0.7176	0.6987	0.6924	0.7941	0.8048	0.8188	0.8540	0.9365	0.8796	0.8610	0.7606	0.7383	0.7525	0.7245	0.6790	0.6236	0.6960	0.6657	0.6588	0.6535	0.6088	0.5962	0.5989	0.5928	0.6031	0.5529	0.5213	0.5355	0.5174	0.4811	0.4305	0.4276	0.4355	0.4249	0.4504	0.3811	0.3738	0.3530	0.3461	0.3165	0.3043	0.2989	0.2996
0.2139	0.3549	0.4027	0.4501	0.4346	0.4064	0.4327	0.4174	0.4356	0.4242	0.4238	0.4337	0.4900	0.4913	0.4995	0.5138	0.6106	0.6419	0.6179	0.6433	0.6393	0.7034	0.6756	0.6956	0.6373	0.6121	0.6377	0.6286	0.6501	0.6842	0.7116	0.7327	0.7749	0.8082	0.7644	0.7571	0.6841	0.6899	0.6354	0.6349	0.6358	0.6255	0.6418	0.5790	0.6017	0.5693	0.5508	0.5300	0.5298	0.5231	0.5203	0.5170	0.4940	0.4919	0.4725	0.4759	0.4217	0.4380	0.4167	0.4085	0.4022	0.3841	0.3618	0.3734	0.3572	0.3327	0.3156	0.3299	0.2939
0.2257	0.2845	0.3046	0.2819	0.3029	0.3138	0.3365	0.3278	0.3250	0.3387	0.3921	0.3828	0.4491	0.4681	0.4611	0.5345	0.6073	0.5772	0.5624	0.5978	0.6274	0.6217	0.6300	0.6172	0.5720	0.5876	0.5925	0.5895	0.5795	0.5937	0.6719	0.6787	0.6900	0.7364	0.7195	0.6893	0.6649	0.6613	0.6020	0.6072	0.5776	0.5906	0.5832	0.5563	0.5323	0.5124	0.5342	0.5100	0.5099	0.5030	0.4888	0.4528	0.4461	0.4838	0.4624	0.4422	0.4335	0.4279	0.4056	0.4130	0.4073	0.3981	0.3587	0.3490	0.3464	0.3169	0.3110	0.3173	0.3065
0.2201	0.2483	0.3064	0.2740	0.2683	0.2811	0.3252	0.3292	0.3205	0.3425	0.3733	0.3745	0.3946	0.4686	0.5035	0.5409	0.6217	0.5884	0.6178	0.6135	0.6307	0.6354	0.6004	0.5526	0.5360	0.5450	0.5667	0.5473	0.5676	0.5950	0.6012	0.6249	0.6129	0.6119	0.6502	0.6205	0.5934	0.6222	0.5716	0.6070	0.6332	0.5363	0.5273	0.5461	0.5270	0.5069	0.4899	0.5014	0.4853	0.4799	0.5085	0.4937	0.4489	0.4667	0.4362	0.4564	0.4424	0.4288	0.3997	0.3811	0.3872	0.3880	0.3471	0.3413	0.3302	0.3206	0.3074	0.2866	0.2922
0.2130	0.2448	0.2688	0.2842	0.2774	0.2899	0.3456	0.3349	0.3082	0.3274	0.3672	0.3974	0.4227	0.4528	0.5030	0.5612	0.6226	0.6018	0.6074	0.5831	0.6358	0.6604	0.6074	0.5657	0.5586	0.5089	0.5291	0.5351	0.5569	0.5971	0.5583	0.5556	0.6172	0.6078	0.5455	0.5757	0.5915	0.5719	0.5744	0.5431	0.5623	0.5168	0.5412	0.5254	0.5463	0.5144	0.4999	0.5119	0.4719	0.4794	0.4759	0.4954	0.4917	0.4808	0.4684	0.4733	0.4638	0.4131	0.4042	0.3973	0.3714	0.3635	0.3495	0.3546	0.3494	0.3361	0.3333	0.2943	0.2980
0.2108	0.2336	0.2744	0.2787	0.2801	0.3246	0.3314	0.3318	0.3104	0.3225	0.3501	0.4065	0.4298	0.4151	0.4643	0.5184	0.5781	0.6145	0.6583	0.6134	0.5960	0.6066	0.5638	0.5169	0.5689	0.5048	0.5236	0.5149	0.5442	0.5317	0.5355	0.5455	0.5677	0.6056	0.6017	0.5747	0.5576	0.5473	0.5505	0.5159	0.5305	0.5186	0.5378	0.5198	0.5332	0.5068	0.5098	0.5027	0.4686	0.4875	0.4587	0.4415	0.4823	0.4942	0.4587	0.4483	0.4753	0.4533	0.4247	0.3918	0.3946	0.3729	0.3664	0.3419	0.3195	0.3115	0.3179	0.3027	0.2900
0.2155	0.2346	0.2426	0.2572	0.2913	0.3066	0.3107	0.3196	0.3213	0.3703	0.3821	0.3850	0.4090	0.4109	0.4450	0.4901	0.5276	0.5744	0.5760	0.5776	0.5487	0.5503	0.5585	0.5495	0.5505	0.5056	0.4790	0.5032	0.5412	0.5442	0.5353	0.5322	0.5791	0.5779	0.5816	0.5647	0.5671	0.5657	0.5378	0.5241	0.5204	0.5435	0.5506	0.5069	0.5518	0.5322	0.5093	0.5172	0.5154	0.5365	0.4931	0.4698	0.4705	0.4781	0.4765	0.4655	0.4381	0.4377	0.3880	0.3924	0.4100	0.3682	0.3683	0.3153	0.3311	0.2991	0.2865	0.2868	0.2796
0.2093	0.2421	0.2439	0.2460	0.2711	0.2757	0.3005	0.3641	0.3589	0.3738	0.3909	0.3857	0.4104	0.4362	0.4735	0.4873	0.5314	0.5325	0.5369	0.5232	0.5267	0.4980	0.5016	0.5061	0.5269	0.4881	0.5058	0.5391	0.5531	0.5479	0.5893	0.5798	0.5806	0.5641	0.5560	0.5290	0.5448	0.5680	0.5672	0.5595	0.5472	0.5544	0.5300	0.5171	0.5564	0.5471	0.5720	0.5456	0.5489	0.5088	0.5051	0.4934	0.4934	0.4882	0.5076	0.4806	0.4416	0.4487	0.4123	0.3694	0.4152	0.3864	0.3427	0.3535	0.3369	0.3314	0.3109	0.2931	0.2859
0.2215	0.2355	0.2518	0.2910	0.2696	0.2786	0.2974	0.3566	0.3347	0.3531	0.4024	0.3834	0.4040	0.4328	0.4681	0.4640	0.4675	0.4887	0.5334	0.5256	0.5016	0.5283	0.5049	0.5170	0.4957	0.5031	0.5100	0.5317	0.5560	0.5508	0.5793	0.6057	0.6079	0.5757	0.5443	0.5558	0.5529	0.5501	0.5865	0.5761	0.5797	0.5256	0.5459	0.5237	0.5426	0.5269	0.5212	0.4960	0.5121	0.4859	0.5078	0.4986	0.4842	0.5173	0.5067	0.4797	0.4418	0.4440	0.4121	0.4033	0.3921	0.3750	0.3718	0.3491	0.3362	0.3220	0.3160	0.2961	0.3060
0.2140	0.2433	0.2437	0.2623	0.2742	0.2787	0.3118	0.3524	0.3509	0.3685	0.3902	0.3946	0.4582	0.4311	0.4622	0.4593	0.4504	0.4558	0.5063	0.5387	0.4709	0.4985	0.4818	0.5072	0.5240	0.5082	0.5254	0.5384	0.5483	0.5625	0.5461	0.5994	0.5767	0.5795	0.5853	0.5882	0.5561	0.5498	0.5821	0.5539	0.5610	0.5606	0.5518	0.5242	0.5351	0.5099	0.5218	0.5471	0.5310	0.4755	0.5493	0.5215	0.5277	0.5292	0.4720	0.4604	0.4535	0.4217	0.4124	0.4516	0.4265	0.4013	0.3554	0.3414	0.3556	0.3480	0.3065	0.3235	0.3013
0.1773	0.2219	0.2265	0.2347	0.2790	0.3053	0.3249	0.3104	0.3438	0.3879	0.4183	0.4232	0.4443	0.4518	0.4814	0.4642	0.4751	0.5097	0.5556	0.5261	0.5358	0.5141	0.5306	0.5103	0.5242	0.4852	0.5530	0.5686	0.5935	0.5798	0.5809	0.6044	0.5893	0.5730	0.5629	0.5760	0.5864	0.5922	0.5586	0.5385	0.5771	0.5569	0.5304	0.5422	0.5277	0.5004	0.5222	0.5278	0.5241	0.4988	0.5328	0.4978	0.5125	0.5201	0.4895	0.4736	0.4680	0.4476	0.4120	0.4213	0.4087	0.4041	0.3752	0.3522	0.3421	0.3366	0.3178	0.2959	0.2819
0.1801	0.1938	0.2253	0.2738	0.2781	0.2915	0.3211	0.3278	0.3686	0.3827	0.3915	0.4577	0.4541	0.4549	0.4644	0.4826	0.5465	0.5665	0.5318	0.5236	0.5325	0.5278	0.5035	0.5315	0.4901	0.4882	0.5586	0.5895	0.5849	0.5611	0.5530	0.5778	0.6240	0.5981	0.5778	0.5729	0.5940	0.5912	0.5592	0.5645	0.5654	0.5489	0.5160	0.5349	0.5099	0.4914	0.5567	0.5340	0.5005	0.5064	0.5077	0.5191	0.5058	0.4896	0.5063	0.4911	0.4433	0.4566	0.4334	0.4059	0.4267	0.3972	0.3829	0.3819	0.3593	0.3265	0.3193	0.3225	0.2942
0.1466	0.1853	0.2295	0.2586	0.2571	0.2802	0.3401	0.3457	0.3750	0.4050	0.4275	0.4492	0.4302	0.4633	0.4891	0.5034	0.5771	0.5584	0.5704	0.5757	0.5740	0.5686	0.5288	0.5277	0.5222	0.4976	0.4916	0.5296	0.5522	0.5356	0.5600	0.5966	0.5889	0.5450	0.6027	0.6006	0.5857	0.5406	0.5517	0.5857	0.5450	0.5580	0.5385	0.5412	0.5182	0.4939	0.5200	0.5091	0.5174	0.5561	0.5361	0.5374	0.5710	0.5303	0.4731	0.4881	0.4767	0.4387	0.4629	0.4494	0.4210	0.3937	0.3672	0.3569	0.3645	0.3206	0.3156	0.3056	0.2871
0.1358	0.1882	0.1951	0.2232	0.2604	0.2756	0.3109	0.3319	0.3641	0.3969	0.4044	0.4304	0.4650	0.4714	0.5249	0.5824	0.6344	0.5840	0.6060	0.5865	0.5921	0.5712	0.5539	0.5256	0.5325	0.5107	0.4977	0.5358	0.5574	0.5359	0.5385	0.5881	0.5766	0.5557	0.6135	0.5659	0.5706	0.5576	0.5594	0.5681	0.5613	0.5658	0.5677	0.5325	0.5314	0.5167	0.5202	0.5690	0.5153	0.5283	0.5578	0.5426	0.5463	0.5369	0.5504	0.5054	0.4900	0.4620	0.4412	0.4415	0.4362	0.4101	0.3995	0.3834	0.3571	0.3443	0.3365	0.3269	0.3053
0.1662	0.1992	0.2032	0.2370	0.2780	0.3122	0.3461	0.3697	0.3811	0.4181	0.3877	0.4148	0.4628	0.5135	0.5115	0.5388	0.6442	0.6054	0.6367	0.6384	0.6304	0.6137	0.6070	0.5991	0.5691	0.5339	0.5159	0.5289	0.5637	0.5406	0.5510	0.5756	0.5605	0.5995	0.6375	0.5944	0.6158	0.5841	0.5851	0.5604	0.5583	0.5721	0.5658	0.5652	0.5373	0.4971	0.5693	0.5639	0.5680	0.5414	0.5398	0.5214	0.5657	0.5730	0.5609	0.4978	0.4831	0.4633	0.4111	0.4154	0.4066	0.4013	0.4175	0.3882	0.3611	0.3284	0.3385	0.3239	0.3102
0.2004	0.2069	0.2554	0.2685	0.2708	0.2830	0.3314	0.4005	0.3584	0.3817	0.3778	0.3892	0.4245	0.4618	0.5096	0.5908	0.6099	0.6192	0.6029	0.6442	0.6501	0.6134	0.6153	0.6302	0.5892	0.5852	0.5177	0.5537	0.5856	0.5563	0.5881	0.5711	0.5735	0.6121	0.6137	0.6010	0.6074	0.5655	0.5671	0.5729	0.5685	0.5640	0.5705	0.5930	0.5152	0.5416	0.5802	0.5435	0.5480	0.5704	0.5811	0.5302	0.5478	0.5677	0.5400	0.5215	0.5016	0.4689	0.4419	0.4263	0.4479	0.4238	0.3958	0.3994	0.3910	0.3475	0.3350	0.3278	0.3127
0.1666	0.2220	0.2179	0.2355	0.2868	0.2837	0.3170	0.3538	0.3594	0.3522	0.3822	0.4179	0.4165	0.4676	0.5039	0.5785	0.6129	0.6246	0.6112	0.6160	0.6452	0.6222	0.6011	0.6702	0.6500	0.5933	0.5603	0.5677	0.5609	0.6031	0.5713	0.5699	0.5963	0.5634	0.5991	0.5931	0.5693	0.5637	0.5992	0.5793	0.5836	0.5579	0.5621	0.5406	0.5291	0.5644	0.5378	0.5559	0.5108	0.5840	0.5766	0.5455	0.5639	0.5732	0.5446	0.5299	0.5331	0.4963	0.4648	0.4506	0.4567	0.4087	0.3949	0.3952	0.3867	0.3639	0.3402	0.3481	0.3180
0.1794	0.2336	0.2387	0.2385	0.2894	0.3129	0.3367	0.3689	0.3624	0.3826	0.3709	0.4135	0.4163	0.4653	0.4873	0.5515	0.5856	0.5932	0.6113	0.5758	0.5758	0.6055	0.6308	0.6599	0.6612	0.6413	0.5875	0.6013	0.6162	0.6122	0.5934	0.5758	0.6225	0.6161	0.6185	0.5914	0.5927	0.5744	0.5349	0.5701	0.5656	0.5375	0.5381	0.5692	0.5587	0.5501	0.5707	0.5695	0.5665	0.6080	0.6000	0.5815	0.5774	0.5658	0.5536	0.5472	0.5051	0.4826	0.4511	0.4379	0.4375	0.4308	0.4258	0.4286	0.3859	0.3590	0.3553	0.3517	0.3363
0.2219	0.2161	0.2532	0.2873	0.3225	0.3390	0.3638	0.3826	0.3886	0.3804	0.3348	0.4020	0.4394	0.4506	0.4573	0.5226	0.5984	0.5848	0.6019	0.6125	0.6087	0.6604	0.6425	0.6701	0.6174	0.6172	0.6108	0.6472	0.6608	0.6445	0.6428	0.6598	0.6765	0.6785	0.6339	0.5791	0.5774	0.5715	0.5400	0.5310	0.5600	0.5397	0.5387	0.5691	0.5790	0.5535	0.5968	0.6076	0.6201	0.5964	0.6022	0.5555	0.5573	0.5641	0.5416	0.5596	0.5050	0.4899	0.5119	0.4520	0.4331	0.4273	0.4248	0.4096	0.3873	0.3746	0.3611	0.3561	0.3539
0.2502	0.2810	0.2804	0.2947	0.3246	0.3513	0.3833	0.4046	0.4167	0.4060	0.4073	0.4235	0.4276	0.4312	0.4806	0.5157	0.5799	0.6368	0.6415	0.6585	0.6981	0.7065	0.6946	0.7100	0.6912	0.6703	0.6595	0.6564	0.6872	0.6414	0.7174	0.7574	0.7251	0.7294	0.7363	0.7121	0.6701	0.6350	0.5843	0.5560	0.5610	0.5285	0.5836	0.5825	0.6304	0.6016	0.6268	0.6435	0.6382	0.5986	0.6170	0.5981	0.5969	0.6062	0.5606	0.5431	0.5249	0.5198	0.5306	0.4556	0.4742	0.4543	0.4204	0.4269	0.4278	0.4048	0.3945	0.3652	0.3878
0.2639	0.3807	0.3987	0.4203	0.4161	0.4592	0.4817	0.4868	0.4680	0.4714	0.4788	0.4583	0.4801	0.4978	0.5271	0.5379	0.6167	0.6674	0.6799	0.7008	0.6963	0.7249	0.7374	0.6936	0.7227	0.7007	0.7094	0.6948	0.7254	0.7253	0.7813	0.8231	0.8356	0.8537	0.8912	0.7771	0.7509	0.7915	0.7359	0.6801	0.6388	0.6295	0.6520	0.6724	0.6571	0.6510	0.6886	0.6729	0.6499	0.6487	0.6843	0.6586	0.6233	0.6145	0.5707	0.5518	0.5517	0.5242	0.5001	0.5168	0.5265	0.4792	0.4703	0.4549	0.4354	0.4045	0.4092	0.3918	0.3858
0.1699	0.3250	0.4584	0.5691	0.5814	0.6594	0.7045	0.6803	0.6431	0.6550	0.5972	0.6189	0.6020	0.6152	0.6637	0.7049	0.7357	0.7632	0.7972	0.7928	0.7721	0.7878	0.7246	0.7548	0.7644	0.7305	0.7601	0.7591	0.7673	0.8120	0.8259	0.8385	0.8800	0.8503	0.8021	0.5586	0.5960	0.7232	0.7724	0.7858	0.7528	0.7458	0.7872	0.7695	0.7338	0.7216	0.7491	0.7179	0.6972	0.7115	0.7083	0.6705	0.6603	0.6211	0.5917	0.5740	0.5417	0.5383	0.5693	0.5570	0.5333	0.4940	0.4961	0.4692	0.4509	0.4474	0.4161	0.4279	0.3838
0.0970	0.1381	0.2261	0.3086	0.4173	0.5415	0.7057	0.6988	0.6525	0.6809	0.7275	0.7036	0.7312	0.7461	0.7693	0.8017	0.8398	0.8572	0.8785	0.8776	0.8547	0.8205	0.7858	0.8183	0.8005	0.7334	0.6930	0.7047	0.7604	0.7399	0.7005	0.6948	0.6250	0.4796	0.4299	0.3857	0.4115	0.4637	0.4915	0.6549	0.8343	0.7967	0.8168	0.8013	0.8085	0.7836	0.7643	0.7465	0.7630	0.7553	0.7099	0.6911	0.6499	0.6694	0.6032	0.6113	0.5848	0.5662	0.5658	0.5496	0.5592	0.5387	0.5116	0.4723	0.4949	0.4989	0.4612	0.4569	0.4324
0.0642	0.0775	0.1028	0.1056	0.1386	0.1960	0.2573	0.2990	0.3223	0.3608	0.4561	0.4672	0.5157	0.5613	0.5796	0.6313	0.6535	0.6770	0.6752	0.6595	0.6588	0.5914	0.5732	0.5636	0.5854	0.5334	0.3894	0.3319	0.3632	0.3373	0.3400	0.3340	0.3106	0.3058	0.3143	0.3270	0.3175	0.3384	0.3539	0.4257	0.5525	0.5598	0.5653	0.7134	0.8692	0.8570	0.8279	0.8136	0.7594	0.7605	0.7655	0.7156	0.7224	0.7109	0.6271	0.6325	0.6024	0.6047	0.5777	0.5953	0.5806	0.5168	0.4996	0.5016	0.5206	0.5166	0.5007	0.4590	0.4519
0.0242	0.0502	0.0540	0.0672	0.0729	0.0847	0.0992	0.1124	0.1285	0.1372	0.1374	0.1466	0.1879	0.1811	0.1946	0.2356	0.2170	0.2467	0.2823	0.2679	0.2488	0.2403	0.2486	0.2526	0.2534	0.2377	0.2129	0.2158	0.2320	0.2319	0.2334	0.2169	0.2295	0.2593	0.2520	0.2511	0.2605	0.2875	0.2932	0.3026	0.3524	0.3643	0.4053	0.4863	0.7335	0.8684	0.8491	0.8582	0.8266	0.8150	0.7751	0.7644	0.7242	0.7363	0.6917	0.6737	0.6773	0.6666	0.6176	0.6245	0.5810	0.5063	0.4991	0.5085	0.4912	0.5434	0.5360	0.4740	0.4537
0.0097	0.0353	0.0417	0.0517	0.0714	0.0642	0.0666	0.0901	0.0933	0.0864	0.0886	0.0819	0.1054	0.1113	0.1055	0.1019	0.1244	0.1336	0.1334	0.1448	0.1408	0.1309	0.1394	0.1673	0.1543	0.1372	0.1551	0.1686	0.1704	0.1773	0.1787	0.1855	0.1835	0.1961	0.1973	0.1989	0.2060	0.2131	0.2316	0.2335	0.2567	0.2934	0.3160	0.3481	0.5073	0.8097	0.8197	0.7758	0.7174	0.6268	0.6873	0.7901	0.7435	0.7221	0.6755	0.7104	0.7226	0.6913	0.6285	0.6378	0.5753	0.5191	0.5200	0.5005	0.5075	0.5550	0.4730	0.3484	0.3926
0.0054	0.0245	0.0372	0.0526	0.0587	0.0580	0.0512	0.0655	0.0708	0.0818	0.0778	0.0716	0.0871	0.0728	0.0858	0.0950	0.1030	0.0937	0.1007	0.1039	0.1087	0.1044	0.0961	0.1147	0.1202	0.1110	0.1230	0.1157	0.1370	0.1444	0.1472	0.1497	0.1555	0.1603	0.1631	0.1597	0.1643	0.1788	0.1821	0.1849	0.1862	0.2044	0.2377	0.2562	0.3193	0.5660	0.6381	0.4498	0.4242	0.4761	0.5493	0.7742	0.8223	0.7469	0.7021	0.6687	0.6477	0.6626	0.6371	0.6166	0.5846	0.5281	0.5205	0.5223	0.5063	0.4255	0.3003	0.2507	0.3273
0.0124	0.0107	0.0278	0.0292	0.0468	0.0514	0.0615	0.0529	0.0605	0.0715	0.0644	0.0619	0.0623	0.0600	0.0750	0.0867	0.0874	0.0907	0.0922	0.0871	0.0960	0.0947	0.0927	0.0991	0.0943	0.0861	0.0978	0.0988	0.1092	0.1068	0.1114	0.1181	0.1316	0.1283	0.1302	0.1448	0.1434	0.1512	0.1569	0.1558	0.1501	0.1678	0.1818	0.2031	0.2200	0.2816	0.3146	0.2837	0.2884	0.3293	0.5366	0.8068	0.7885	0.7349	0.6827	0.6696	0.6442	0.6470	0.6425	0.6294	0.5929	0.5679	0.5434	0.5121	0.4553	0.2775	0.2082	0.2209	0.3303
0.0058	0.0102	0.0063	0.0245	0.0417	0.0362	0.0655	0.0629	0.0495	0.0658	0.0604	0.0527	0.0623	0.0588	0.0591	0.0701	0.0806	0.0715	0.0772	0.0839	0.0748	0.0797	0.0814	0.0896	0.0857	0.0814	0.0833	0.0919	0.0957	0.0903	0.0913	0.0931	0.0939	0.1008	0.1092	0.1107	0.1116	0.1150	0.1170	0.1240	0.1318	0.1390	0.1539	0.1725	0.1907	0.1933	0.1957	0.2210	0.2428	0.2716	0.5581	0.7360	0.6082	0.6616	0.6744	0.6382	0.6170	0.5965	0.5614	0.5141	0.3990	0.5058	0.4031	0.3291	0.2958	0.1979	0.1711	0.1899	0.2100
0.0090	0.0159	0.0093	0.0246	0.0223	0.0327	0.0420	0.0503	0.0398	0.0455	0.0497	0.0570	0.0714	0.0596	0.0572	0.0626	0.0699	0.0643	0.0744	0.0717	0.0728	0.0744	0.0719	0.0644	0.0803	0.0793	0.0615	0.0802	0.0895	0.0883	0.0722	0.0751	0.0727	0.0753	0.0850	0.0829	0.0934	0.0924	0.0955	0.0998	0.1045	0.1084	0.1158	0.1213	0.1366	0.1583	0.1669	0.1853	0.1963	0.2200	0.3484	0.4003	0.3516	0.5823	0.7213	0.6600	0.6106	0.5833	0.5431	0.4306	0.2460	0.3137	0.2322	0.1860	0.1723	0.1669	0.1650	0.1666	0.1482
0.0022	0.0102	0.0220	0.0220	0.0168	0.0289	0.0281	0.0345	0.0465	0.0526	0.0569	0.0557	0.0576	0.0488	0.0564	0.0574	0.0669	0.0712	0.0575	0.0555	0.0705	0.0717	0.0667	0.0564	0.0643	0.0619	0.0609	0.0743	0.0705	0.0760	0.0679	0.0767	0.0663	0.0585	0.0731	0.0736	0.0728	0.0716	0.0793	0.0808	0.0783	0.0862	0.0916	0.0943	0.1094	0.1179	0.1261	0.1364	0.1472	0.1601	0.1943	0.2246	0.2490	0.5124	0.6806	0.6102	0.5882	0.5631	0.5070	0.2989	0.1575	0.1577	0.1465	0.1399	0.1281	0.1266	0.1299	0.1299	0.1420
0.0000	0.0013	0.0107	0.0143	0.0068	0.0253	0.0265	0.0238	0.0351	0.0514	0.0329	0.0498	0.0500	0.0470	0.0531	0.0573	0.0650	0.0528	0.0376	0.0577	0.0639	0.0681	0.0623	0.0588	0.0623	0.0541	0.0586	0.0646	0.0697	0.0612	0.0596	0.0603	0.0615	0.0624	0.0584	0.0573	0.0636	0.0636	0.0699	0.0716	0.0705	0.0750	0.0803	0.0783	0.0950	0.1011	0.0973	0.0936	0.1019	0.1136	0.1244	0.1449	0.1604	0.2787	0.4222	0.4740	0.4871	0.3993	0.2884	0.1491	0.1236	0.1231	0.1186	0.1118	0.1073	0.1063	0.1140	0.1059	0.1033
0.0000	0.0069	0.0196	0.0096	0.0198	0.0287	0.0297	0.0257	0.0343	0.0316	0.0247	0.0360	0.0460	0.0354	0.0510	0.0498	0.0549	0.0507	0.0480	0.0660	0.0631	0.0629	0.0490	0.0445	0.0524	0.0582	0.0559	0.0493	0.0516	0.0591	0.0559	0.0573	0.0613	0.0596	0.0503	0.0554	0.0629	0.0620	0.0607	0.0658	0.0752	0.0719	0.0704	0.0780	0.0853	0.0806	0.0779	0.0795	0.0890	0.0939	0.1030	0.1169	0.1055	0.1225	0.1502	0.1875	0.1726	0.1500	0.1266	0.1173	0.1059	0.1071	0.0929	0.0977	0.0966	0.0890	0.0890	0.0884	0.0842
0.0000	0.0000	0.0000	0.0000	0.0159	0.0174	0.0175	0.0387	0.0305	0.0187	0.0304	0.0289	0.0340	0.0423	0.0476	0.0388	0.0539	0.0495	0.0425	0.0543	0.0523	0.0480	0.0443	0.0500	0.0563	0.0572	0.0472	0.0559	0.0484	0.0531	0.0600	0.0547	0.0553	0.0565	0.0534	0.0575	0.0629	0.0573	0.0612	0.0590	0.0567	0.0596	0.0711	0.0673	0.0711	0.0652	0.0618	0.0723	0.0698	0.0811	0.0836	0.0897	0.0889	0.0981	0.1084	0.0931	0.0949	0.1027	0.1014	0.0954	0.0919	0.0931	0.0944	0.0931	0.0885	0.0762	0.0694	0.0680	0.0671
0.0000	0.0000	0.0000	0.0097	0.0129	0.0052	0.0255	0.0258	0.0071	0.0088	0.0218	0.0177	0.0183	0.0353	0.0287	0.0254	0.0356	0.0334	0.0329	0.0365	0.0311	0.0403	0.0416	0.0474	0.0492	0.0487	0.0402	0.0406	0.0426	0.0459	0.0512	0.0476	0.0421	0.0479	0.0492	0.0487	0.0513	0.0510	0.0592	0.0468	0.0477	0.0573	0.0648	0.0573	0.0562	0.0636	0.0539	0.0559	0.0644	0.0683	0.0679	0.0712	0.0769	0.0858	0.0813	0.0759	0.0885	0.0836	0.0822	0.0815	0.0817	0.0736	0.0748	0.0732	0.0688	0.0654	0.0630	0.0625	0.0611
0.0000	0.0000	0.0000	0.0148	0.0037	0.0000	0.0064	0.0077	0.0095	0.0094	0.0212	0.0213	0.0170	0.0067	0.0142	0.0392	0.0338	0.0230	0.0264	0.0320	0.0347	0.0289	0.0197	0.0293	0.0322	0.0355	0.0418	0.0358	0.0405	0.0501	0.0372	0.0438	0.0425	0.0412	0.0417	0.0376	0.0360	0.0481	0.0514	0.0476	0.0493	0.0528	0.0524	0.0532	0.0579	0.0555	0.0566	0.0603	0.0593	0.0564	0.0680	0.0701	0.0646	0.0763	0.0740	0.0672	0.0721	0.0724	0.0779	0.0730	0.0710	0.0626	0.0681	0.0728	0.0728	0.0635	0.0604	0.0640	0.0581
0.0000	0.0000	0.0003	0.0000	0.0000	0.0000	0.0146	0.0102	0.0140	0.0086	0.0105	0.0232	0.0255	0.0128	0.0212	0.0321	0.0355	0.0325	0.0302	0.0338	0.0311	0.0320	0.0297	0.0289	0.0250	0.0363	0.0411	0.0368	0.0412	0.0406	0.0370	0.0414	0.0451	0.0428	0.0367	0.0368	0.0421	0.0427	0.0494	0.0509	0.0512	0.0491	0.0439	0.0523	0.0524	0.0494	0.0665	0.0566	0.0544	0.0576	0.0600	0.0608	0.0519	0.0641	0.0738	0.0686	0.0650	0.0677	0.0694	0.0696	0.0620	0.0563	0.0679	0.0639	0.0580	0.0509	0.0472	0.0504	0.0407
0.0000	0.0000	0.0000	0.0046	0.0000	0.0000	0.0091	0.0038	0.0093	0.0085	0.0126	0.0245	0.0229	0.0191	0.0199	0.0204	0.0386	0.0283	0.0258	0.0280	0.0310	0.0326	0.0249	0.0373	0.0324	0.0243	0.0290	0.0358	0.0361	0.0352	0.0387	0.0329	0.0376	0.0446	0.0350	0.0324	0.0381	0.0454	0.0435	0.0433	0.0486	0.0409	0.0471	0.0481	0.0466	0.0512	0.0549	0.0562	0.0543	0.0536	0.0545	0.0560	0.0596	0.0575	0.0631	0.0531	0.0570	0.0510	0.0504	0.0554	0.0515	0.0478	0.0561	0.0508	0.0538	0.0400	0.0372	0.0467	0.0417
0.0000	0.0000	0.0000	0.0000	0.0000	0.0000	0.0000	0.0012	0.0136	0.0113	0.0090	0.0093	0.0098	0.0140	0.0299	0.0308	0.0271	0.0164	0.0178	0.0244	0.0296	0.0217	0.0209	0.0307	0.0429	0.0314	0.0313	0.0301	0.0395	0.0382	0.0403	0.0302	0.0269	0.0357	0.0455	0.0376	0.0317	0.0414	0.0385	0.0432	0.0412	0.0413	0.0518	0.0472	0.0447	0.0523	0.0520	0.0488	0.0490	0.0461	0.0461	0.0488	0.0476	0.0522	0.0496	0.0558	0.0510	0.0516	0.0444	0.0472	0.0452	0.0466	0.0450	0.0445	0.0400	0.0387	0.0338	0.0384	0.0387
0.0000	0.0000	0.0000	0.0000	0.0000	0.0000	0.0000	0.0070	0.0000	0.0067	0.0174	0.0075	0.0221	0.0168	0.0185	0.0200	0.0160	0.0079	0.0090	0.0122	0.0283	0.0225	0.0203	0.0357	0.0373	0.0326	0.0230	0.0244	0.0267	0.0288	0.0212	0.0180	0.0316	0.0309	0.0382	0.0308	0.0292	0.0422	0.0365	0.0356	0.0408	0.0400	0.0382	0.0385	0.0489	0.0495	0.0484	0.0462	0.0544	0.0480	0.0566	0.0557	0.0511	0.0523	0.0640	0.0664	0.0532	0.0566	0.0545	0.0573	0.0535	0.0458	0.0369	0.0503	0.0377	0.0360	0.0439	0.0431	0.0384
