0.0000	0.0000	0.0000	0.0043	0.0000	0.0000	0.0077	0.0208	0.0125	0.0067	0.0042	0.0170	0.0248	0.0171	0.0335	0.0375	0.0397	0.0442	0.0261	0.0435	0.0482	0.0446	0.0435	0.0478	0.0569	0.0732	0.0657	0.0669	0.0761	0.0821	0.0904	0.0837	0.0907	0.0869	0.0783	0.0809	0.0936	0.0900	0.1028	0.0931	0.0712	0.0750	0.0779	0.0875	0.0777	0.0782	0.0869	0.0837	0.0676	0.0763	0.0773	0.0595	0.0671	0.0538	0.0753	0.0605	0.0543	0.0622	0.0511	0.0389	0.0373	0.0450	0.0469	0.0428	0.0397	0.0350	0.0307	0.0311	0.0225
0.0000	0.0000	0.0000	0.0081	0.0000	0.0000	0.0072	0.0154	0.0134	0.0081	0.0233	0.0273	0.0260	0.0382	0.0281	0.0349	0.0391	0.0452	0.0487	0.0293	0.0444	0.0503	0.0358	0.0726	0.0682	0.0650	0.0749	0.0841	0.0777	0.0779	0.0915	0.0970	0.0984	0.0865	0.0765	0.0901	0.0984	0.0907	0.0977	0.0955	0.0983	0.1031	0.0856	0.0892	0.0800	0.0751	0.0882	0.0859	0.0802	0.0673	0.0901	0.0715	0.0610	0.0678	0.0680	0.0607	0.0686	0.0749	0.0419	0.0603	0.0488	0.0441	0.0551	0.0524	0.0390	0.0319	0.0291	0.0274	0.0328
0.0000	0.0000	0.0000	0.0004	0.0037	0.0000	0.0051	0.0166	0.0149	0.0124	0.0244	0.0195	0.0286	0.0272	0.0208	0.0409	0.0388	0.0515	0.0533	0.0507	0.0472	0.0400	0.0468	0.0769	0.0882	0.0740	0.0947	0.0719	0.0860	0.1010	0.0973	0.0869	0.0869	0.0962	0.0838	0.0936	0.0893	0.0831	0.0987	0.0946	0.0967	0.1076	0.0960	0.0841	0.0771	0.0940	0.1105	0.0871	0.0779	0.0776	0.0901	0.0853	0.0710	0.0736	0.0753	0.0718	0.0746	0.0537	0.0536	0.0697	0.0668	0.0659	0.0535	0.0486	0.0423	0.0375	0.0325	0.0383	0.0356
0.0000	0.0000	0.0000	0.0000	0.0038	0.0029	0.0108	0.0257	0.0269	0.0306	0.0344	0.0408	0.0464	0.0484	0.0356	0.0424	0.0437	0.0562	0.0516	0.0649	0.0628	0.0546	0.0757	0.0661	0.0754	0.0825	0.0986	0.0784	0.0857	0.0832	0.0998	0.0944	0.0905	0.0821	0.1061	0.1104	0.0949	0.0950	0.0952	0.1016	0.0950	0.1033	0.0975	0.0924	0.0851	0.1014	0.0955	0.0969	0.0860	0.0826	0.0909	0.0836	0.0745	0.0766	0.0787	0.0792	0.0690	0.0611	0.0688	0.0663	0.0720	0.0660	0.0606	0.0522	0.0492	0.0578	0.0486	0.0564	0.0397
0.0000	0.0080	0.0015	0.0058	0.0051	0.0143	0.0217	0.0285	0.0194	0.0262	0.0333	0.0381	0.0461	0.0461	0.0445	0.0431	0.0460	0.0460	0.0607	0.0756	0.0597	0.0478	0.0725	0.0793	0.0903	0.0826	0.0932	0.0935	0.1015	0.0905	0.1057	0.1144	0.1154	0.1074	0.1171	0.1130	0.1105	0.1073	0.1170	0.0936	0.0940	0.0947	0.0935	0.1011	0.1079	0.1042	0.1049	0.1004	0.0925	0.0867	0.0877	0.0821	0.0735	0.0950	0.0909	0.0832	0.0838	0.0665	0.0758	0.0654	0.0674	0.0609	0.0688	0.0717	0.0657	0.0580	0.0636	0.0498	0.0498
0.0000	0.0000	0.0095	0.0087	0.0050	0.0119	0.0206	0.0205	0.0287	0.0201	0.0390	0.0564	0.0645	0.0559	0.0389	0.0585	0.0575	0.0558	0.0637	0.0789	0.0682	0.0616	0.0669	0.0686	0.1205	0.0868	0.0873	0.0857	0.1027	0.1241	0.1153	0.1225	0.1336	0.1308	0.1233	0.1247	0.1259	0.1375	0.1278	0.1003	0.0984	0.1076	0.1142	0.0993	0.1070	0.0953	0.0941	0.1148	0.1099	0.1067	0.0996	0.0924	0.0778	0.0851	0.0904	0.0962	0.0909	0.0758	0.0787	0.0785	0.0789	0.0747	0.0821	0.0882	0.0779	0.0760	0.0665	0.0633	0.0540
0.0000	0.0008	0.0072	0.0138	0.0121	0.0133	0.0204	0.0288	0.0309	0.0159	0.0310	0.0544	0.0526	0.0460	0.0534	0.0675	0.0556	0.0712	0.0763	0.0825	0.0731	0.0783	0.0897	0.0877	0.1086	0.1094	0.0987	0.0908	0.1144	0.1201	0.1327	0.1227	0.1224	0.1354	0.1284	0.1331	0.1382	0.1306	0.1224	0.1261	0.1067	0.1306	0.1316	0.1150	0.1097	0.1102	0.1081	0.1246	0.1115	0.1075	0.1215	0.1063	0.0957	0.1079	0.1080	0.1119	0.0914	0.0855	0.0998	0.1011	0.0957	0.0924	0.0925	0.0922	0.0955	0.0880	0.0821	0.0761	0.0716
0.0041	0.0113	0.0098	0.0278	0.0211	0.0195	0.0362	0.0296	0.0341	0.0406	0.0432	0.0509	0.0433	0.0424	0.0651	0.0938	0.0751	0.0712	0.0804	0.0729	0.0713	0.0828	0.0901	0.1086	0.1137	0.1215	0.1140	0.1063	0.1248	0.1324	0.1399	0.1275	0.1357	0.1211	0.1379	0.1343	0.1462	0.1545	0.1402	0.1289	0.1309	0.1416	0.1420	0.1235	0.1201	0.1309	0.1334	0.1557	0.1289	0.1237	0.1207	0.1186	0.1155	0.1076	0.1078	0.1089	0.1038	0.1166	0.1164	0.1033	0.1025	0.1066	0.1128	0.1086	0.1104	0.0967	0.0991	0.1003	0.1092
0.0032	0.0030	0.0159	0.0406	0.0284	0.0194	0.0296	0.0303	0.0548	0.0617	0.0492	0.0492	0.0610	0.0615	0.0547	0.0713	0.0809	0.0808	0.0887	0.0977	0.0915	0.0853	0.1109	0.1041	0.1158	0.1089	0.1090	0.1188	0.1318	0.1322	0.1317	0.1364	0.1444	0.1432	0.1473	0.1599	0.1501	0.1499	0.1549	0.1467	0.1470	0.1301	0.1596	0.1443	0.1541	0.1464	0.1389	0.1589	0.1551	0.1448	0.1390	0.1397	0.1241	0.1438	0.1454	0.1396	0.1294	0.1210	0.1306	0.1254	0.1301	0.1283	0.1191	0.1179	0.1096	0.1157	0.1108	0.1220	0.1215
0.0092	0.0062	0.0185	0.0349	0.0291	0.0235	0.0346	0.0555	0.0520	0.0438	0.0541	0.0559	0.0566	0.0815	0.0710	0.0692	0.0824	0.0855	0.0928	0.0978	0.1068	0.1031	0.0941	0.1094	0.1127	0.1221	0.1250	0.1255	0.1156	0.1373	0.1535	0.1410	0.1438	0.1683	0.1605	0.1627	0.1675	0.1804	0.1714	0.1722	0.1584	0.1580	0.1620	0.1623	0.1776	0.1807	0.1861	0.1830	0.1839	0.1658	0.1638	0.1606	0.1705	0.1672	0.1644	0.1591	0.1675	0.1517	0.1560	0.1584	0.1558	0.1502	0.1626	0.1473	0.1465	0.1334	0.1409	0.1496	0.1495
0.0021	0.0143	0.0268	0.0282	0.0340	0.0553	0.0472	0.0598	0.0484	0.0403	0.0566	0.0510	0.0626	0.0872	0.0893	0.0965	0.0937	0.1080	0.1076	0.1011	0.1102	0.1241	0.1154	0.1111	0.1209	0.1397	0.1521	0.1546	0.1504	0.1650	0.1576	0.1904	0.2004	0.1939	0.2215	0.1973	0.2353	0.2543	0.2464	0.2299	0.1874	0.1864	0.2202	0.2150	0.2248	0.2461	0.2515	0.2457	0.2397	0.2158	0.2058	0.2150	0.2008	0.2055	0.2021	0.2065	0.2282	0.1904	0.1859	0.1924	0.1866	0.1858	0.1984	0.1897	0.1716	0.1707	0.1609	0.1680	0.1614
0.0176	0.0253	0.0307	0.0365	0.0335	0.0472	0.0341	0.0470	0.0679	0.0581	0.0647	0.0709	0.0766	0.0787	0.0880	0.0987	0.1069	0.1157	0.1037	0.1193	0.1231	0.1231	0.1203	0.1148	0.1624	0.1551	0.1704	0.1812	0.1926	0.1949	0.2168	0.2276	0.2413	0.2516	0.2615	0.2787	0.4161	0.5472	0.5994	0.4585	0.2528	0.2444	0.2949	0.3005	0.3636	0.4494	0.3863	0.3593	0.3942	0.3057	0.2604	0.2993	0.2902	0.3500	0.3299	0.2855	0.2680	0.2466	0.2709	0.2661	0.2300	0.2132	0.1964	0.2040	0.2011	0.1728	0.1578	0.1772	0.1665
0.0200	0.0178	0.0276	0.0477	0.0456	0.0486	0.0498	0.0598	0.0785	0.0751	0.0758	0.0770	0.0865	0.0991	0.0871	0.0978	0.1121	0.1262	0.1142	0.1226	0.1347	0.1420	0.1300	0.1533	0.1773	0.1953	0.1872	0.2265	0.2308	0.2585	0.2967	0.3027	0.3526	0.4363	0.4621	0.4285	0.6792	0.8402	0.8203	0.6880	0.3732	0.3345	0.3692	0.4429	0.6436	0.7295	0.6773	0.6684	0.6868	0.4551	0.4390	0.4819	0.4775	0.6246	0.6050	0.5169	0.3979	0.3081	0.4584	0.4555	0.2935	0.2361	0.2208	0.2529	0.2405	0.2257	0.2014	0.1911	0.1878
0.0155	0.0121	0.0281	0.0453	0.0481	0.0455	0.0657	0.0764	0.0764	0.0768	0.0854	0.0880	0.0969	0.0957	0.1056	0.1108	0.1260	0.1389	0.1273	0.1459	0.1684	0.1969	0.1938	0.2015	0.2327	0.2434	0.2934	0.3560	0.4690	0.4584	0.6192	0.6266	0.6177	0.7746	0.8144	0.7320	0.8545	0.8456	0.8016	0.7431	0.5416	0.4334	0.4950	0.5726	0.7913	0.7816	0.7793	0.7435	0.7314	0.6478	0.6804	0.7300	0.6388	0.6776	0.6775	0.6792	0.5798	0.4344	0.5281	0.5544	0.4070	0.2739	0.2586	0.2918	0.3407	0.3029	0.2405	0.1982	0.1864
0.0094	0.0274	0.0521	0.0418	0.0472	0.0522	0.0892	0.0846	0.0757	0.0830	0.1008	0.1068	0.1062	0.1016	0.1394	0.1411	0.1578	0.1686	0.1746	0.1896	0.2195	0.2545	0.2672	0.3017	0.3560	0.4181	0.5872	0.7132	0.8659	0.8473	0.9494	0.9834	0.9828	0.9995	0.9348	0.9031	0.8693	0.8207	0.8006	0.8004	0.7674	0.6904	0.6879	0.6816	0.8040	0.7652	0.7603	0.7689	0.8026	0.7512	0.7711	0.7504	0.6879	0.6254	0.6364	0.6235	0.6337	0.5655	0.5485	0.5660	0.4957	0.3578	0.3227	0.3882	0.4318	0.3970	0.3142	0.1974	0.1918
0.0161	0.0427	0.0482	0.0575	0.0566	0.0790	0.0820	0.0947	0.0976	0.0993	0.1123	0.1443	0.1355	0.1519	0.1741	0.1883	0.2401	0.2498	0.2529	0.2896	0.3303	0.3905	0.4912	0.5778	0.5844	0.7392	0.8485	0.8579	0.8863	0.8832	0.9015	0.9777	1.0000	0.9700	0.9022	0.8630	0.8637	0.8300	0.7824	0.7639	0.7840	0.7904	0.7993	0.8112	0.7634	0.7458	0.7120	0.7476	0.7582	0.7321	0.7592	0.7474	0.6936	0.6612	0.6490	0.6749	0.6792	0.6267	0.5788	0.5643	0.5121	0.4719	0.3976	0.4779	0.4110	0.3897	0.3803	0.2734	0.2431
0.0293	0.0622	0.0606	0.0724	0.0907	0.1125	0.1237	0.1743	0.1431	0.1449	0.1807	0.2072	0.2477	0.2760	0.2883	0.3204	0.3136	0.3612	0.4247	0.4726	0.4905	0.6490	0.8042	0.8097	0.8132	0.8236	0.8206	0.7759	0.7620	0.8114	0.8852	0.9163	0.9115	0.8578	0.9182	0.8130	0.8132	0.8526	0.7943	0.7026	0.7461	0.7376	0.7786	0.7815	0.7459	0.6746	0.6498	0.7190	0.6540	0.6874	0.7096	0.7261	0.6466	0.6528	0.6532	0.6613	0.6427	0.6026	0.5949	0.5800	0.5038	0.4935	0.4937	0.4831	0.4083	0.3812	0.3965	0.3575	0.3258
0.0492	0.0807	0.1062	0.1509	0.1669	0.2425	0.2762	0.3513	0.3805	0.3461	0.4234	0.4439	0.4762	0.6028	0.5825	0.6781	0.6365	0.6497	0.7462	0.7679	0.7390	0.8393	0.8227	0.7651	0.7657	0.7339	0.7611	0.7194	0.7162	0.7991	0.8287	0.8388	0.8449	0.8355	0.8781	0.7972	0.7872	0.7467	0.7169	0.7029	0.7054	0.6954	0.7320	0.7065	0.6906	0.6570	0.6620	0.6782	0.6980	0.6835	0.6538	0.6465	0.6268	0.6200	0.6021	0.5983	0.5738	0.5836	0.6080	0.5517	0.5448	0.5122	0.4986	0.4755	0.3977	0.3734	0.3694	0.3848	0.3799
0.0982	0.1844	0.2660	0.3880	0.4680	0.5326	0.6009	0.6237	0.6788	0.6317	0.6589	0.6691	0.7451	0.8225	0.7982	0.8849	0.9213	0.8525	0.8462	0.7605	0.7986	0.7988	0.7229	0.6701	0.6755	0.6497	0.6909	0.6484	0.6608	0.7840	0.7660	0.7061	0.7590	0.8121	0.7783	0.7636	0.7243	0.7129	0.6877	0.7066	0.6674	0.6417	0.7026	0.6721	0.6799	0.6737	0.6242	0.6075	0.6121	0.6300	0.6592	0.6207	0.5930	0.5769	0.5730	0.5396	0.5131	0.5141	0.5304	0.5233	0.5208	0.4844	0.4687	0.4217	0.4019	0.3598	0.3643	0.3422	0.3361
0.2125	0.3129	0.3807	0.4412	0.4381	0.4809	0.5195	0.5235	0.5703	0.5618	0.6127	0.6351	0.7063	0.7182	0.6910	0.7522	0.7585	0.7730	0.7448	0.6555	0.6891	0.6756	0.6099	0.6064	0.6341	0.5964	0.6422	0.6388	0.6686	0.7520	0.7275	0.6882	0.7243	0.7467	0.7106	0.7249	0.6823	0.6979	0.6609	0.6349	0.6466	0.6562	0.6837	0.6369	0.6354	0.5924	0.5571	0.5793	0.5771	0.5644	0.5785	0.5602	0.5345	0.5688	0.5427	0.5382	0.5336	0.5032	0.4948	0.4871	0.4768	0.4582	0.4335	0.4222	0.3640	0.3731	0.3587	0.3603	0.3252
0.2379	0.2392	0.2898	0.3122	0.3290	0.3611	0.3746	0.3617	0.3997	0.4365	0.5041	0.5249	0.6115	0.6077	0.5775	0.6373	0.6383	0.6722	0.6552	0.5784	0.5935	0.5731	0.5572	0.5773	0.5783	0.6163	0.6278	0.6546	0.6431	0.6456	0.7243	0.6748	0.7000	0.7387	0.6990	0.6825	0.6838	0.6931	0.6620	0.6394	0.6419	0.6206	0.6343	0.6328	0.5822	0.5748	0.5782	0.5922	0.5415	0.5287	0.5445	0.5233	0.4829	0.5247	0.5122	0.4984	0.4905	0.4612	0.4658	0.4521	0.4313	0.4145	0.3774	0.3659	0.3538	0.3476	0.3248	0.3254	0.3004
0.2286	0.2339	0.2462	0.2420	0.2600	0.2827	0.2955	0.3312	0.3276	0.3625	0.3833	0.4277	0.4837	0.5104	0.5343	0.5605	0.6158	0.6221	0.6088	0.5923	0.5979	0.5806	0.6062	0.5776	0.5665	0.6040	0.6337	0.6449	0.6247	0.6654	0.6953	0.6748	0.6469	0.6433	0.6742	0.6651	0.6236	0.6729	0.6640	0.6507	0.6882	0.6300	0.6237	0.6181	0.6022	0.5721	0.5591	0.5823	0.5206	0.4956	0.5518	0.5230	0.4742	0.4875	0.4641	0.4946	0.4885	0.4621	0.4213	0.4010	0.3998	0.3942	0.3860	0.3578	0.3392	0.3294	0.2981	0.3025	0.2894
0.1714	0.2155	0.2313	0.2214	0.2302	0.2667	0.2948	0.3033	0.3008	0.3112	0.3530	0.4079	0.4720	0.4875	0.5044	0.5348	0.5897	0.5521	0.5401	0.5169	0.5725	0.5919	0.6017	0.5816	0.5764	0.5813	0.6391	0.6764	0.6947	0.6841	0.6424	0.6564	0.6824	0.6409	0.6243	0.6513	0.6679	0.6607	0.6460	0.6296	0.6501	0.6137	0.5918	0.5975	0.6293	0.5602	0.5574	0.5524	0.5208	0.5034	0.5142	0.5023	0.5017	0.4981	0.4737	0.4883	0.4902	0.4434	0.4206	0.4158	0.3980	0.3867	0.3866	0.3490	0.3304	0.3058	0.3088	0.2928	0.2501
0.2056	0.2158	0.2188	0.2503	0.2645	0.2944	0.3291	0.3275	0.3433	0.3122	0.3419	0.3927	0.4257	0.4724	0.4871	0.5042	0.5283	0.5606	0.5574	0.5340	0.5485	0.5853	0.5960	0.5392	0.6247	0.6085	0.6360	0.6786	0.6683	0.6526	0.6513	0.6762	0.6868	0.6631	0.6264	0.6041	0.6356	0.6408	0.6269	0.6084	0.6136	0.6391	0.6596	0.6288	0.5925	0.5548	0.5553	0.5237	0.5081	0.4965	0.4644	0.4666	0.4804	0.4627	0.4291	0.4647	0.4785	0.4387	0.4347	0.4038	0.3841	0.3835	0.3708	0.3541	0.3159	0.3074	0.3156	0.2818	0.2682
0.2163	0.2103	0.2270	0.2439	0.2806	0.2747	0.2929	0.3110	0.3605	0.3477	0.3577	0.4046	0.4212	0.4326	0.4263	0.4945	0.4922	0.5296	0.5512	0.5326	0.5209	0.5569	0.5578	0.5926	0.6447	0.6242	0.6026	0.6419	0.6799	0.6734	0.6527	0.6774	0.6418	0.6495	0.6553	0.6126	0.6503	0.6512	0.6258	0.6111	0.6153	0.6160	0.6178	0.5731	0.5748	0.5309	0.5407	0.5155	0.5293	0.5229	0.5004	0.4557	0.4585	0.4418	0.4232	0.4555	0.4590	0.4328	0.4347	0.4194	0.3980	0.3607	0.3783	0.3422	0.3217	0.3050	0.2935	0.2837	0.2847
0.1957	0.2005	0.2238	0.2408	0.2666	0.2754	0.3163	0.3149	0.3403	0.3812	0.3915	0.4124	0.4358	0.4315	0.4535	0.4832	0.5083	0.5200	0.5191	0.5281	0.5682	0.5469	0.5404	0.5651	0.6127	0.6143	0.5982	0.6141	0.6566	0.6659	0.6922	0.6666	0.6736	0.6560	0.6361	0.6141	0.6321	0.6551	0.6330	0.6403	0.6114	0.5961	0.5573	0.5696	0.5669	0.5385	0.5456	0.5427	0.5534	0.4981	0.4954	0.4889	0.4675	0.4649	0.4493	0.4665	0.4528	0.4456	0.4261	0.4021	0.3962	0.3833	0.3858	0.3634	0.3335	0.3291	0.3026	0.2860	0.2706
0.1950	0.1941	0.2369	0.2668	0.2821	0.2851	0.3057	0.3295	0.3179	0.3393	0.3961	0.4031	0.4484	0.4751	0.4568	0.4708	0.4770	0.4769	0.5038	0.5251	0.5427	0.5351	0.5239	0.5446	0.5648	0.5714	0.5896	0.6175	0.6144	0.6492	0.6649	0.6639	0.6731	0.6465	0.6450	0.6381	0.6254	0.6423	0.6545	0.6361	0.6139	0.5872	0.5799	0.5676	0.5907	0.5401	0.4936	0.5095	0.5151	0.4937	0.4872	0.4691	0.4576	0.4565	0.4547	0.4402	0.4287	0.4304	0.4057	0.4370	0.3921	0.3670	0.3775	0.3591	0.3311	0.2786	0.3006	0.3109	0.2750
0.2067	0.2057	0.2220	0.2749	0.2864	0.2972	0.3251	0.3458	0.3297	0.3670	0.3782	0.3999	0.4311	0.4398	0.4678	0.4676	0.4341	0.4818	0.5016	0.5364	0.5079	0.5234	0.5077	0.5340	0.5485	0.5353	0.5755	0.6224	0.6290	0.6266	0.6790	0.6871	0.6532	0.6381	0.6324	0.6407	0.6116	0.6227	0.6465	0.6171	0.6101	0.6067	0.5874	0.5569	0.5620	0.5129	0.5074	0.5328	0.5118	0.4758	0.5210	0.5134	0.4778	0.4567	0.4181	0.4322	0.4530	0.4301	0.3960	0.4267	0.4082	0.4031	0.3799	0.3384	0.3540	0.2984	0.3104	0.3192	0.2899
0.1934	0.2084	0.1996	0.2458	0.2770	0.3094	0.3210	0.3277	0.3358	0.3585	0.3948	0.4302	0.4415	0.4522	0.4626	0.4694	0.4721	0.4701	0.5220	0.5093	0.5205	0.4894	0.5048	0.5284	0.5727	0.5429	0.6150	0.6549	0.6719	0.6399	0.6855	0.7264	0.7100	0.6817	0.6456	0.6508	0.6513	0.6446	0.6157	0.5859	0.6133	0.5881	0.5797	0.5451	0.5302	0.5243	0.5445	0.5466	0.5323	0.4979	0.4983	0.4715	0.4831	0.4726	0.4432	0.4324	0.4362	0.4362	0.4029	0.3993	0.3787	0.3807	0.3641	0.3618	0.3476	0.3322	0.3162	0.2879	0.2888
0.1930	0.1991	0.2391	0.2868	0.3097	0.3054	0.3307	0.3353	0.3670	0.3557	0.4070	0.4451	0.4696	0.4734	0.4313	0.4773	0.5137	0.4958	0.5108	0.5351	0.5301	0.5180	0.5297	0.5871	0.6011	0.5635	0.6068	0.6472	0.6510	0.6813	0.6639	0.6844	0.7162	0.6926	0.6505	0.6429	0.6587	0.6317	0.5991	0.5830	0.5880	0.5713	0.5576	0.5508	0.5444	0.5046	0.5136	0.5504	0.5145	0.5124	0.4867	0.4615	0.4662	0.4447	0.4484	0.4631	0.4281	0.4044	0.3852	0.3938	0.3868	0.3643	0.3594	0.3650	0.3546	0.3353	0.3274	0.3048	0.3019
0.1683	0.1859	0.2266	0.2543	0.2870	0.3077	0.3416	0.3417	0.3819	0.3576	0.4000	0.4230	0.4477	0.4350	0.4571	0.4892	0.5034	0.4804	0.4896	0.5274	0.5451	0.5698	0.5612	0.5861	0.6094	0.5964	0.5572	0.5887	0.6452	0.6381	0.6737	0.6895	0.6768	0.6638	0.6567	0.6687	0.6679	0.6302	0.5955	0.6286	0.5665	0.5823	0.5569	0.5334	0.5245	0.4922	0.5148	0.5178	0.5085	0.5332	0.5040	0.4982	0.4829	0.4526	0.4269	0.4416	0.4236	0.4030	0.3903	0.4276	0.3956	0.3809	0.3645	0.3230	0.3322	0.3198	0.3019	0.2908	0.2891
0.1613	0.2017	0.2048	0.2415	0.2718	0.3196	0.3306	0.3237	0.3691	0.3691	0.3813	0.3966	0.4386	0.4355	0.4742	0.4922	0.5118	0.4790	0.4885	0.4715	0.5322	0.5453	0.5538	0.5875	0.6019	0.5861	0.5654	0.5858	0.6587	0.6400	0.6576	0.6883	0.6771	0.6468	0.6793	0.6657	0.6489	0.6313	0.6271	0.6455	0.6014	0.5611	0.5776	0.5217	0.5274	0.5228	0.5093	0.5354	0.4987	0.5089	0.5036	0.4619	0.4605	0.4914	0.4757	0.4300	0.3974	0.4432	0.3990	0.4123	0.4332	0.4124	0.3737	0.3574	0.3399	0.3221	0.3152	0.3114	0.3133
0.1698	0.1974	0.2137	0.2748	0.2848	0.2881	0.3306	0.3214	0.3567	0.3726	0.3868	0.4353	0.4251	0.4411	0.4704	0.4797	0.4913	0.4771	0.5000	0.5078	0.5688	0.5549	0.5643	0.5976	0.5875	0.5825	0.6016	0.5947	0.6530	0.6022	0.6290	0.6868	0.6357	0.6560	0.6838	0.6621	0.6874	0.6639	0.6405	0.6298	0.6217	0.5975	0.6010	0.5561	0.5441	0.5345	0.5271	0.5327	0.5425	0.5167	0.4929	0.4541	0.4999	0.4719	0.4654	0.4393	0.4389	0.4427	0.4098	0.4243	0.4137	0.4220	0.3977	0.3865	0.3476	0.3222	0.3482	0.3203	0.3256
0.1727	0.2027	0.2407	0.2515	0.2829	0.2987	0.3011	0.3193	0.3603	0.3626	0.3657	0.4171	0.4246	0.4802	0.4671	0.4973	0.4921	0.4781	0.4620	0.5076	0.5486	0.5242	0.5355	0.5750	0.5707	0.5995	0.5833	0.6288	0.6698	0.6482	0.6597	0.6710	0.6691	0.7038	0.7156	0.6982	0.6782	0.6866	0.6721	0.6505	0.6203	0.6244	0.6246	0.6022	0.5424	0.5404	0.5570	0.5058	0.5358	0.5545	0.5194	0.4964	0.4943	0.4889	0.4529	0.4354	0.4343	0.4107	0.4186	0.4339	0.4281	0.4495	0.4309	0.4232	0.3879	0.3827	0.3785	0.3584	0.3668
0.1939	0.2056	0.2225	0.2424	0.2793	0.2900	0.2988	0.3252	0.3508	0.3545	0.3688	0.3819	0.4323	0.4912	0.4560	0.4758	0.4657	0.4748	0.4763	0.5227	0.5311	0.5604	0.5454	0.5868	0.6343	0.5971	0.6051	0.6348	0.6405	0.6596	0.6608	0.6574	0.6863	0.7025	0.7664	0.7033	0.6855	0.6896	0.6969	0.6546	0.6315	0.6468	0.6240	0.5885	0.5613	0.5722	0.5431	0.5608	0.5240	0.5840	0.5532	0.5035	0.4997	0.5236	0.4765	0.4565	0.4593	0.4309	0.4290	0.4432	0.4428	0.4429	0.4450	0.4367	0.4528	0.4442	0.4080	0.3867	0.3535
0.2064	0.2175	0.2434	0.2477	0.2821	0.3108	0.3275	0.3402	0.3520	0.3571	0.3883	0.4320	0.4457	0.4858	0.4907	0.5197	0.5059	0.4782	0.5104	0.5305	0.5217	0.5360	0.5576	0.5477	0.6008	0.6051	0.6201	0.6495	0.6664	0.6509	0.6599	0.6457	0.6572	0.7137	0.7245	0.6883	0.6873	0.6791	0.6576	0.6554	0.6162	0.5938	0.6170	0.6172	0.5543	0.5544	0.5666	0.5877	0.5742	0.5597	0.5524	0.5412	0.5033	0.5122	0.5024	0.5002	0.4694	0.4792	0.4588	0.4738	0.4900	0.4756	0.4842	0.4851	0.4540	0.4464	0.4172	0.3976	0.3770
0.2009	0.2369	0.2913	0.2741	0.2954	0.3469	0.3480	0.3813	0.4143	0.4343	0.4189	0.5003	0.5308	0.5431	0.5370	0.5719	0.5611	0.5591	0.5483	0.5314	0.5237	0.5368	0.5376	0.5723	0.5694	0.5886	0.6201	0.6521	0.6795	0.6632	0.6372	0.6775	0.6707	0.7138	0.7302	0.6996	0.7099	0.7048	0.6505	0.6328	0.6387	0.6242	0.6191	0.6286	0.5976	0.5598	0.6150	0.6021	0.6109	0.5962	0.5463	0.5318	0.5372	0.5281	0.5065	0.5221	0.5261	0.5266	0.5091	0.5065	0.4885	0.5054	0.5310	0.5196	0.5096	0.4700	0.4473	0.4101	0.4139
0.2258	0.2922	0.3126	0.3249	0.3345	0.3912	0.3896	0.4576	0.5070	0.5380	0.5683	0.6164	0.6207	0.6193	0.6607	0.6555	0.6650	0.6990	0.6197	0.5798	0.5364	0.5801	0.5516	0.5819	0.5900	0.6167	0.6033	0.6397	0.6480	0.6230	0.6904	0.7156	0.6795	0.7167	0.7607	0.7159	0.7099	0.6820	0.6665	0.6414	0.6517	0.6188	0.6380	0.6303	0.6513	0.6188	0.6544	0.6560	0.6436	0.6311	0.6080	0.5878	0.5724	0.5692	0.5607	0.5460	0.5648	0.5746	0.5598	0.5415	0.5489	0.5433	0.5611	0.5306	0.4706	0.5422	0.5263	0.5006	0.4804
0.2638	0.3523	0.4177	0.4446	0.4528	0.5006	0.5436	0.5763	0.5880	0.6147	0.6801	0.6826	0.6911	0.7004	0.7231	0.7546	0.8042	0.7540	0.6875	0.6524	0.6167	0.5901	0.5655	0.5652	0.5900	0.5954	0.5995	0.6180	0.6149	0.6166	0.6605	0.7163	0.7204	0.7465	0.7709	0.7473	0.7337	0.7211	0.6799	0.6974	0.6707	0.6612	0.6936	0.6916	0.6809	0.6784	0.6662	0.6781	0.6746	0.6647	0.6447	0.6475	0.6273	0.5863	0.5658	0.5802	0.5881	0.5668	0.5650	0.5762	0.5963	0.5784	0.5982	0.5679	0.4670	0.4851	0.5343	0.4964	0.4913
0.1369	0.2628	0.3704	0.4927	0.5281	0.5698	0.6265	0.6692	0.6550	0.6531	0.6488	0.6511	0.6532	0.7496	0.7629	0.7494	0.8154	0.8323	0.8114	0.8119	0.7282	0.7124	0.6921	0.6627	0.6532	0.6146	0.5997	0.6072	0.6363	0.6331	0.6762	0.7068	0.7485	0.7907	0.7900	0.7425	0.7669	0.7195	0.7152	0.6798	0.6776	0.7099	0.7380	0.7193	0.7304	0.7325	0.7123	0.7115	0.7117	0.7047	0.6783	0.6594	0.6423	0.6150	0.6123	0.6351	0.6278	0.6002	0.6340	0.6244	0.6035	0.6095	0.6145	0.5945	0.4907	0.4105	0.5026	0.5040	0.4231
0.0604	0.0900	0.1502	0.2094	0.2765	0.3032	0.3340	0.3530	0.3493	0.3936	0.3854	0.3916	0.3840	0.4979	0.4984	0.4637	0.5327	0.7363	0.8376	0.8926	0.8720	0.8031	0.7328	0.7353	0.7755	0.7251	0.6840	0.6663	0.7430	0.7348	0.7636	0.7762	0.7790	0.7895	0.7796	0.7608	0.7632	0.7369	0.7126	0.7046	0.7403	0.7013	0.7532	0.7238	0.7296	0.7297	0.7446	0.7383	0.7409	0.7350	0.6825	0.6865	0.6544	0.6209	0.6199	0.6545	0.6622	0.6313	0.6124	0.5968	0.5968	0.5875	0.5699	0.5263	0.4120	0.2704	0.2975	0.3909	0.2934
0.0375	0.0317	0.0602	0.0762	0.1004	0.0982	0.1015	0.1229	0.1467	0.1484	0.1643	0.1776	0.1874	0.1990	0.2335	0.2398	0.2719	0.3433	0.4113	0.5132	0.6016	0.5042	0.4595	0.5296	0.7629	0.7980	0.7789	0.7722	0.8157	0.8259	0.8508	0.8053	0.8186	0.8130	0.8124	0.7997	0.7462	0.7698	0.7297	0.7316	0.7695	0.7390	0.7630	0.7623	0.7693	0.7624	0.7926	0.7572	0.7302	0.7243	0.7371	0.7072	0.6642	0.5866	0.5846	0.5628	0.6179	0.6027	0.5957	0.6116	0.5782	0.4503	0.5027	0.4965	0.3089	0.1870	0.2022	0.1918	0.1833
0.0154	0.0325	0.0557	0.0537	0.0574	0.0677	0.0655	0.0701	0.0769	0.0984	0.1030	0.0970	0.1115	0.1154	0.1343	0.1550	0.1676	0.1885	0.2058	0.2067	0.2501	0.2543	0.2641	0.3310	0.4911	0.5960	0.7348	0.8067	0.8140	0.8370	0.8518	0.7939	0.8303	0.8662	0.8325	0.7934	0.7648	0.7725	0.7467	0.7407	0.7156	0.5966	0.6498	0.7259	0.7574	0.7273	0.7634	0.7556	0.7148	0.6948	0.5623	0.5026	0.5018	0.3534	0.3247	0.3010	0.3846	0.4564	0.5201	0.5297	0.4177	0.2360	0.3047	0.3154	0.1955	0.1693	0.1901	0.1846	0.1731
0.0127	0.0285	0.0356	0.0421	0.0552	0.0576	0.0596	0.0647	0.0767	0.0875	0.0758	0.0829	0.0900	0.0896	0.0945	0.1058	0.1169	0.1211	0.1245	0.1335	0.1519	0.1467	0.1567	0.1973	0.2127	0.2352	0.3067	0.4046	0.4117	0.4634	0.5730	0.5813	0.5160	0.6394	0.5887	0.6184	0.7484	0.6962	0.6741	0.6663	0.4334	0.3832	0.4984	0.4884	0.6355	0.7074	0.6862	0.6879	0.6793	0.5663	0.2929	0.2514	0.2691	0.2076	0.1899	0.2057	0.2113	0.2204	0.2669	0.2826	0.2171	0.1760	0.1801	0.1756	0.1701	0.1716	0.1636	0.1613	0.1522
0.0126	0.0178	0.0223	0.0461	0.0451	0.0378	0.0534	0.0653	0.0630	0.0775	0.0658	0.0628	0.0710	0.0726	0.0898	0.0880	0.0909	0.0836	0.0923	0.1017	0.1071	0.1126	0.1008	0.1236	0.1360	0.1378	0.1549	0.1488	0.1764	0.2018	0.2228	0.2452	0.2324	0.2718	0.2590	0.2764	0.4030	0.3728	0.3353	0.3901	0.2329	0.3163	0.4575	0.2972	0.3193	0.4153	0.3877	0.4846	0.5738	0.3934	0.1967	0.1633	0.1732	0.1731	0.1619	0.1668	0.1613	0.1666	0.1706	0.1695	0.1535	0.1507	0.1544	0.1515	0.1488	0.1500	0.1470	0.1472	0.1288
0.0291	0.0380	0.0291	0.0307	0.0330	0.0444	0.0532	0.0629	0.0585	0.0531	0.0543	0.0557	0.0653	0.0702	0.0664	0.0750	0.0800	0.0857	0.0939	0.0999	0.0954	0.0928	0.0942	0.0974	0.0999	0.0996	0.1062	0.1154	0.1294	0.1375	0.1448	0.1478	0.1521	0.1429	0.1720	0.1528	0.1681	0.1677	0.1610	0.1621	0.1535	0.2026	0.2421	0.1916	0.1715	0.1624	0.1693	0.2027	0.2472	0.1944	0.1535	0.1478	0.1477	0.1478	0.1363	0.1454	0.1430	0.1389	0.1450	0.1484	0.1418	0.1491	0.1393	0.1362	0.1362	0.1337	0.1350	0.1308	0.1277
0.0226	0.0278	0.0467	0.0334	0.0348	0.0386	0.0479	0.0620	0.0470	0.0437	0.0544	0.0583	0.0755	0.0703	0.0601	0.0688	0.0729	0.0807	0.0833	0.0836	0.0810	0.0762	0.0840	0.0875	0.0849	0.0941	0.0975	0.1015	0.1119	0.1101	0.1078	0.1058	0.1057	0.1130	0.1259	0.1186	0.1238	0.1192	0.1078	0.1146	0.1201	0.1323	0.1287	0.1454	0.1380	0.1226	0.1216	0.1347	0.1281	0.1270	0.1317	0.1252	0.1188	0.1151	0.1154	0.1263	0.1184	0.1219	0.1208	0.1200	0.1192	0.1240	0.1227	0.1194	0.1141	0.1110	0.1099	0.1193	0.1188
0.0148	0.0121	0.0132	0.0293	0.0260	0.0331	0.0401	0.0553	0.0442	0.0382	0.0503	0.0484	0.0625	0.0643	0.0656	0.0703	0.0717	0.0660	0.0605	0.0721	0.0736	0.0638	0.0724	0.0777	0.0825	0.0843	0.0807	0.0940	0.0985	0.0970	0.0873	0.0906	0.0961	0.0981	0.0977	0.1021	0.1003	0.1061	0.1007	0.1010	0.0958	0.0935	0.1025	0.1001	0.1019	0.1060	0.1075	0.1073	0.1142	0.1033	0.1088	0.1117	0.1051	0.1041	0.1043	0.1066	0.1067	0.1026	0.1020	0.1137	0.1105	0.1156	0.1071	0.1030	0.1003	0.0992	0.0958	0.1094	0.1058
0.0105	0.0069	0.0102	0.0283	0.0267	0.0249	0.0342	0.0403	0.0327	0.0363	0.0421	0.0441	0.0502	0.0479	0.0614	0.0611	0.0708	0.0524	0.0559	0.0645	0.0614	0.0556	0.0623	0.0666	0.0676	0.0686	0.0766	0.0795	0.0806	0.0784	0.0794	0.0850	0.0856	0.0788	0.0808	0.0790	0.0799	0.0848	0.0832	0.0826	0.0805	0.0759	0.0839	0.0874	0.0883	0.0850	0.0894	0.0896	0.0877	0.0894	0.0946	0.0904	0.0847	0.0865	0.0867	0.0870	0.0836	0.0867	0.0908	0.0988	0.0953	0.0901	0.0842	0.0863	0.0791	0.0764	0.0790	0.0897	0.0896
0.0000	0.0000	0.0155	0.0191	0.0093	0.0162	0.0272	0.0296	0.0328	0.0432	0.0334	0.0377	0.0417	0.0464	0.0421	0.0476	0.0513	0.0565	0.0583	0.0580	0.0586	0.0656	0.0596	0.0601	0.0712	0.0650	0.0677	0.0689	0.0638	0.0647	0.0680	0.0653	0.0701	0.0754	0.0681	0.0664	0.0659	0.0673	0.0740	0.0767	0.0761	0.0697	0.0754	0.0767	0.0790	0.0769	0.0788	0.0773	0.0756	0.0731	0.0706	0.0712	0.0744	0.0675	0.0660	0.0829	0.0790	0.0705	0.0784	0.0852	0.0848	0.0693	0.0696	0.0689	0.0716	0.0700	0.0710	0.0683	0.0767
0.0000	0.0000	0.0102	0.0083	0.0046	0.0077	0.0218	0.0269	0.0322	0.0309	0.0281	0.0336	0.0419	0.0383	0.0345	0.0432	0.0433	0.0566	0.0577	0.0537	0.0570	0.0563	0.0553	0.0539	0.0569	0.0615	0.0588	0.0635	0.0587	0.0591	0.0591	0.0653	0.0698	0.0712	0.0625	0.0647	0.0727	0.0689	0.0698	0.0715	0.0700	0.0622	0.0636	0.0723	0.0651	0.0649	0.0704	0.0701	0.0697	0.0682	0.0705	0.0571	0.0597	0.0594	0.0620	0.0651	0.0637	0.0550	0.0639	0.0739	0.0744	0.0621	0.0592	0.0612	0.0661	0.0620	0.0590	0.0545	0.0591
0.0000	0.0000	0.0000	0.0026	0.0125	0.0137	0.0203	0.0260	0.0313	0.0274	0.0132	0.0238	0.0339	0.0299	0.0361	0.0478	0.0535	0.0438	0.0457	0.0452	0.0520	0.0591	0.0574	0.0535	0.0497	0.0569	0.0521	0.0553	0.0570	0.0504	0.0577	0.0590	0.0564	0.0597	0.0554	0.0624	0.0668	0.0559	0.0655	0.0646	0.0551	0.0554	0.0608	0.0593	0.0550	0.0608	0.0600	0.0573	0.0539	0.0565	0.0615	0.0595	0.0525	0.0543	0.0551	0.0533	0.0553	0.0576	0.0588	0.0635	0.0609	0.0485	0.0547	0.0574	0.0522	0.0478	0.0427	0.0526	0.0508
0.0000	0.0000	0.0158	0.0077	0.0116	0.0203	0.0130	0.0255	0.0255	0.0295	0.0229	0.0144	0.0273	0.0339	0.0299	0.0379	0.0368	0.0314	0.0321	0.0372	0.0407	0.0520	0.0394	0.0445	0.0503	0.0487	0.0447	0.0455	0.0501	0.0547	0.0494	0.0522	0.0573	0.0518	0.0508	0.0598	0.0567	0.0514	0.0560	0.0568	0.0496	0.0534	0.0518	0.0485	0.0453	0.0511	0.0492	0.0503	0.0541	0.0524	0.0474	0.0521	0.0592	0.0460	0.0481	0.0491	0.0442	0.0479	0.0504	0.0526	0.0485	0.0391	0.0384	0.0471	0.0471	0.0427	0.0389	0.0378	0.0371
0.0000	0.0000	0.0013	0.0074	0.0003	0.0000	0.0159	0.0172	0.0175	0.0138	0.0129	0.0197	0.0177	0.0208	0.0206	0.0233	0.0372	0.0280	0.0282	0.0354	0.0381	0.0391	0.0301	0.0363	0.0370	0.0434	0.0480	0.0448	0.0494	0.0513	0.0443	0.0371	0.0461	0.0489	0.0519	0.0483	0.0440	0.0484	0.0486	0.0450	0.0475	0.0495	0.0498	0.0489	0.0439	0.0473	0.0484	0.0475	0.0485	0.0413	0.0472	0.0482	0.0486	0.0425	0.0481	0.0432	0.0414	0.0425	0.0474	0.0443	0.0473	0.0410	0.0416	0.0361	0.0403	0.0370	0.0348	0.0331	0.0362
0.0000	0.0000	0.0000	0.0000	0.0000	0.0001	0.0025	0.0116	0.0164	0.0131	0.0134	0.0230	0.0206	0.0194	0.0192	0.0316	0.0397	0.0351	0.0234	0.0264	0.0333	0.0338	0.0255	0.0361	0.0371	0.0384	0.0430	0.0389	0.0504	0.0491	0.0403	0.0391	0.0499	0.0511	0.0440	0.0447	0.0518	0.0493	0.0513	0.0468	0.0515	0.0413	0.0504	0.0475	0.0449	0.0477	0.0489	0.0449	0.0387	0.0394	0.0476	0.0420	0.0435	0.0401	0.0456	0.0415	0.0401	0.0390	0.0389	0.0430	0.0424	0.0344	0.0443	0.0399	0.0307	0.0280	0.0318	0.0247	0.0252
0.0000	0.0000	0.0000	0.0000	0.0000	0.0039	0.0025	0.0040	0.0064	0.0046	0.0122	0.0118	0.0197	0.0184	0.0184	0.0217	0.0261	0.0273	0.0249	0.0386	0.0392	0.0256	0.0331	0.0437	0.0366	0.0345	0.0345	0.0422	0.0406	0.0451	0.0439	0.0393	0.0445	0.0487	0.0431	0.0457	0.0449	0.0490	0.0446	0.0459	0.0448	0.0387	0.0448	0.0402	0.0449	0.0442	0.0485	0.0485	0.0413	0.0391	0.0411	0.0468	0.0399	0.0407	0.0441	0.0352	0.0324	0.0326	0.0329	0.0324	0.0289	0.0314	0.0322	0.0347	0.0314	0.0307	0.0268	0.0187	0.0166
0.0000	0.0000	0.0000	0.0000	0.0000	0.0098	0.0000	0.0024	0.0125	0.0167	0.0055	0.0153	0.0092	0.0155	0.0164	0.0204	0.0241	0.0254	0.0206	0.0218	0.0295	0.0242	0.0282	0.0308	0.0360	0.0386	0.0311	0.0416	0.0469	0.0416	0.0338	0.0335	0.0385	0.0367	0.0381	0.0427	0.0392	0.0391	0.0385	0.0401	0.0404	0.0453	0.0465	0.0410	0.0350	0.0427	0.0409	0.0419	0.0392	0.0362	0.0382	0.0370	0.0343	0.0378	0.0365	0.0343	0.0278	0.0266	0.0236	0.0255	0.0259	0.0241	0.0273	0.0260	0.0262	0.0232	0.0200	0.0160	0.0182
0.0000	0.0000	0.0000	0.0000	0.0000	0.0000	0.0026	0.0074	0.0000	0.0057	0.0043	0.0220	0.0117	0.0067	0.0123	0.0152	0.0275	0.0287	0.0195	0.0146	0.0229	0.0425	0.0319	0.0233	0.0446	0.0368	0.0310	0.0349	0.0305	0.0404	0.0439	0.0369	0.0347	0.0334	0.0463	0.0374	0.0417	0.0380	0.0448	0.0451	0.0330	0.0459	0.0461	0.0428	0.0320	0.0367	0.0483	0.0442	0.0375	0.0362	0.0399	0.0342	0.0311	0.0295	0.0356	0.0334	0.0292	0.0311	0.0295	0.0234	0.0280	0.0284	0.0277	0.0214	0.0268	0.0203	0.0216	0.0154	0.0137
