0.0000	0.0000	0.0072	0.0096	0.0101	0.0000	0.0000	0.0099	0.0207	0.0018	0.0153	0.0437	0.0289	0.0240	0.0336	0.0553	0.0535	0.0348	0.0319	0.0427	0.0414	0.0337	0.0338	0.0439	0.0619	0.0521	0.0566	0.0626	0.0722	0.0776	0.0525	0.0487	0.0717	0.0656	0.0642	0.0750	0.0628	0.0553	0.0713	0.0553	0.0607	0.0680	0.0681	0.0597	0.0698	0.0906	0.0713	0.0695	0.0722	0.0822	0.0586	0.0736	0.0726	0.0600	0.0646	0.0623	0.0538	0.0598	0.0626	0.0629	0.0613	0.0517	0.0495	0.0561	0.0652	0.0411	0.0294	0.0336	0.0362
0.0000	0.0000	0.0017	0.0000	0.0103	0.0007	0.0071	0.0111	0.0057	0.0065	0.0280	0.0302	0.0325	0.0306	0.0350	0.0561	0.0537	0.0422	0.0374	0.0410	0.0486	0.0385	0.0431	0.0406	0.0610	0.0531	0.0481	0.0579	0.0747	0.0758	0.0701	0.0603	0.0710	0.0772	0.0702	0.0681	0.0751	0.0719	0.0792	0.0751	0.0727	0.0746	0.0719	0.0748	0.0815	0.0715	0.0648	0.0880	0.0831	0.0799	0.0854	0.0853	0.0543	0.0675	0.0683	0.0715	0.0653	0.0678	0.0708	0.0777	0.0607	0.0548	0.0581	0.0622	0.0561	0.0417	0.0362	0.0466	0.0419
0.0000	0.0000	0.0000	0.0000	0.0114	0.0069	0.0000	0.0149	0.0010	0.0186	0.0307	0.0297	0.0322	0.0362	0.0351	0.0534	0.0397	0.0455	0.0498	0.0420	0.0411	0.0523	0.0590	0.0557	0.0592	0.0536	0.0638	0.0731	0.0770	0.0740	0.0735	0.0654	0.0687	0.0719	0.0814	0.0831	0.0788	0.0862	0.0890	0.0953	0.0878	0.0777	0.0816	0.0854	0.0826	0.0823	0.0824	0.0963	0.0849	0.0741	0.1061	0.0959	0.0823	0.0873	0.0783	0.0711	0.0805	0.0856	0.0870	0.0806	0.0812	0.0744	0.0679	0.0621	0.0576	0.0598	0.0566	0.0615	0.0477
0.0033	0.0064	0.0046	0.0050	0.0000	0.0043	0.0002	0.0146	0.0150	0.0213	0.0296	0.0328	0.0387	0.0383	0.0322	0.0428	0.0571	0.0549	0.0418	0.0448	0.0591	0.0457	0.0471	0.0528	0.0718	0.0640	0.0802	0.0687	0.0754	0.0818	0.0687	0.0713	0.0684	0.0689	0.0943	0.0962	0.0812	0.0878	0.0846	0.0877	0.1078	0.0782	0.0816	0.0798	0.0845	0.1029	0.0916	0.0816	0.0770	0.0834	0.1054	0.0866	0.0803	0.0966	0.0927	0.0799	0.0739	0.0907	0.0802	0.0839	0.0954	0.0968	0.0889	0.0665	0.0685	0.0615	0.0684	0.0721	0.0684
0.0000	0.0068	0.0054	0.0146	0.0048	0.0025	0.0079	0.0199	0.0203	0.0239	0.0240	0.0328	0.0347	0.0371	0.0413	0.0412	0.0508	0.0559	0.0424	0.0458	0.0604	0.0594	0.0659	0.0724	0.0675	0.0593	0.0624	0.0709	0.0707	0.0690	0.0735	0.0766	0.0921	0.0761	0.0931	0.0830	0.0683	0.0717	0.0788	0.0823	0.0875	0.0661	0.0845	0.0998	0.0932	0.0934	0.0916	0.0879	0.1050	0.0992	0.0973	0.0813	0.0928	0.1051	0.1016	0.0983	0.0759	0.0803	0.0824	0.0999	0.1085	0.0880	0.1002	0.0927	0.0819	0.0708	0.0820	0.0776	0.0800
0.0000	0.0000	0.0217	0.0270	0.0079	0.0143	0.0165	0.0237	0.0193	0.0258	0.0222	0.0382	0.0532	0.0484	0.0305	0.0483	0.0482	0.0559	0.0578	0.0669	0.0675	0.0768	0.0669	0.0652	0.0759	0.0745	0.0566	0.0771	0.0790	0.0807	0.0768	0.0789	0.1044	0.1051	0.0948	0.0889	0.0943	0.0943	0.0832	0.0747	0.0819	0.0957	0.0969	0.1174	0.1002	0.0921	0.1007	0.1035	0.1056	0.1155	0.1123	0.1037	0.1128	0.1141	0.1026	0.1244	0.1057	0.1093	0.1017	0.1194	0.1141	0.0994	0.1011	0.1083	0.0946	0.0944	0.1020	0.0984	0.0862
0.0000	0.0000	0.0201	0.0131	0.0000	0.0129	0.0219	0.0507	0.0380	0.0249	0.0406	0.0358	0.0388	0.0303	0.0351	0.0589	0.0537	0.0726	0.0632	0.0616	0.0684	0.0752	0.0738	0.0559	0.0754	0.0834	0.0729	0.0781	0.0792	0.0885	0.0829	0.0878	0.0900	0.1032	0.0972	0.1039	0.0965	0.0935	0.0911	0.0939	0.1018	0.1024	0.1046	0.0996	0.1005	0.1093	0.1130	0.1319	0.1150	0.1165	0.1268	0.1347	0.1365	0.1281	0.1097	0.1242	0.1264	0.1246	0.1225	0.1402	0.1244	0.1165	0.1155	0.1266	0.1176	0.0980	0.1072	0.1120	0.1136
0.0056	0.0088	0.0109	0.0161	0.0068	0.0030	0.0388	0.0497	0.0392	0.0252	0.0379	0.0416	0.0420	0.0336	0.0554	0.0558	0.0577	0.0658	0.0635	0.0569	0.0741	0.0741	0.0733	0.0636	0.0629	0.0969	0.0802	0.0818	0.0927	0.1058	0.1031	0.0965	0.1135	0.1142	0.1110	0.1088	0.1007	0.1059	0.1146	0.1043	0.1008	0.1035	0.1086	0.1012	0.1073	0.1280	0.1322	0.1209	0.1225	0.1224	0.1264	0.1376	0.1301	0.1271	0.1244	0.1411	0.1471	0.1360	0.1392	0.1420	0.1532	0.1446	0.1357	0.1395	0.1311	0.1156	0.1218	0.1291	0.1277
0.0045	0.0012	0.0167	0.0222	0.0167	0.0149	0.0389	0.0424	0.0462	0.0312	0.0423	0.0727	0.0625	0.0525	0.0666	0.0603	0.0585	0.0611	0.0953	0.0844	0.0857	0.0739	0.0888	0.0797	0.0814	0.0973	0.0851	0.0928	0.1078	0.0996	0.1070	0.1052	0.1147	0.1311	0.1320	0.1207	0.1192	0.1157	0.1128	0.1226	0.1107	0.1147	0.1309	0.1361	0.1418	0.1456	0.1570	0.1350	0.1485	0.1588	0.1405	0.1429	0.1353	0.1524	0.1645	0.1684	0.1661	0.1556	0.1653	0.1647	0.1696	0.1489	0.1641	0.1578	0.1512	0.1503	0.1493	0.1512	0.1515
0.0000	0.0000	0.0227	0.0119	0.0190	0.0434	0.0471	0.0447	0.0455	0.0383	0.0326	0.0575	0.0581	0.0573	0.0568	0.0758	0.0959	0.0880	0.0958	0.0924	0.0980	0.0970	0.0888	0.0898	0.0979	0.1034	0.1081	0.1009	0.1062	0.1025	0.0988	0.1060	0.1074	0.1133	0.1275	0.1305	0.1243	0.1466	0.1214	0.1366	0.1321	0.1345	0.1323	0.1475	0.1508	0.1567	0.1743	0.1559	0.1648	0.1657	0.1752	0.1699	0.1829	0.2068	0.2198	0.1947	0.1891	0.1937	0.1847	0.1948	0.1858	0.2161	0.2778	0.2581	0.2046	0.1861	0.1697	0.1757	0.1655
0.0024	0.0099	0.0253	0.0071	0.0194	0.0369	0.0337	0.0386	0.0529	0.0527	0.0483	0.0505	0.0717	0.0823	0.0677	0.0830	0.1101	0.1021	0.0807	0.0900	0.1086	0.1033	0.0928	0.0960	0.1113	0.1223	0.1082	0.1136	0.1095	0.1131	0.1089	0.0987	0.1075	0.1216	0.1354	0.1327	0.1337	0.1569	0.1365	0.1407	0.1549	0.1547	0.1480	0.1601	0.1740	0.1751	0.2074	0.1934	0.2021	0.2045	0.2512	0.2857	0.3537	0.3738	0.2956	0.2422	0.2469	0.2657	0.2578	0.2837	0.2896	0.3345	0.4144	0.3976	0.3355	0.2491	0.2208	0.2428	0.2149
0.0075	0.0217	0.0252	0.0337	0.0312	0.0377	0.0380	0.0441	0.0436	0.0444	0.0548	0.0619	0.0739	0.0776	0.0718	0.0894	0.1013	0.0979	0.0947	0.0981	0.1187	0.1271	0.0962	0.1157	0.1332	0.1256	0.1302	0.1419	0.1199	0.1236	0.1251	0.1328	0.1504	0.1508	0.1585	0.1445	0.1525	0.1661	0.1743	0.1714	0.1769	0.1619	0.1868	0.1934	0.2218	0.2246	0.2573	0.2609	0.2816	0.3847	0.5012	0.4546	0.5461	0.6431	0.5560	0.4963	0.4961	0.4636	0.4119	0.4277	0.4655	0.4489	0.4398	0.4530	0.4361	0.3444	0.3434	0.3401	0.2877
0.0213	0.0173	0.0282	0.0472	0.0343	0.0464	0.0453	0.0535	0.0615	0.0620	0.0616	0.0833	0.0926	0.0821	0.0771	0.1124	0.1160	0.1174	0.1328	0.1274	0.1321	0.1271	0.1425	0.1542	0.1621	0.1505	0.1772	0.1577	0.1343	0.1515	0.1523	0.1581	0.1655	0.1762	0.1903	0.1608	0.1877	0.1824	0.1935	0.2049	0.2111	0.2050	0.2354	0.2522	0.2824	0.3464	0.4609	0.4141	0.5175	0.7694	0.8133	0.6802	0.5973	0.6915	0.7138	0.7135	0.6690	0.6282	0.5569	0.4589	0.4907	0.5495	0.5164	0.4962	0.4959	0.4468	0.4128	0.4019	0.3537
0.0218	0.0133	0.0591	0.0538	0.0360	0.0312	0.0603	0.0778	0.0755	0.0738	0.0924	0.1221	0.1337	0.1347	0.1466	0.1902	0.1858	0.1875	0.1994	0.1942	0.2386	0.2753	0.2742	0.2638	0.2913	0.2717	0.2750	0.2529	0.2037	0.1937	0.1927	0.1889	0.2001	0.2200	0.2331	0.2190	0.2346	0.2216	0.2390	0.2608	0.2770	0.2662	0.3156	0.3737	0.5156	0.7038	0.8008	0.6855	0.7090	0.8356	0.8456	0.8569	0.7363	0.6934	0.6881	0.7044	0.6327	0.6268	0.5931	0.4893	0.5220	0.5328	0.5144	0.5058	0.4769	0.3994	0.3974	0.3707	0.3501
0.0102	0.0178	0.0379	0.0531	0.0509	0.0478	0.0794	0.0933	0.1061	0.1152	0.1574	0.1788	0.2357	0.2473	0.3283	0.3690	0.3713	0.3909	0.4062	0.4222	0.4909	0.5920	0.5073	0.5217	0.5380	0.5041	0.4997	0.5047	0.3956	0.3191	0.2625	0.2897	0.3006	0.3012	0.3066	0.3199	0.3243	0.3121	0.3200	0.3501	0.3658	0.3875	0.4106	0.6320	0.9042	0.9209	0.8788	0.8448	0.8385	0.8351	0.8398	0.7984	0.7839	0.6892	0.6688	0.6450	0.6540	0.6031	0.5973	0.5398	0.4979	0.4938	0.4976	0.4520	0.4193	0.3652	0.3488	0.3279	0.3243
0.0187	0.0293	0.0437	0.0624	0.0736	0.0926	0.0960	0.1306	0.1563	0.2128	0.3246	0.3835	0.4264	0.4578	0.5625	0.5635	0.5698	0.5554	0.5626	0.5663	0.5755	0.6225	0.5860	0.6347	0.5751	0.6091	0.5971	0.5966	0.6030	0.5482	0.5400	0.5065	0.4797	0.5377	0.5731	0.5834	0.5324	0.4508	0.5346	0.6341	0.6726	0.5549	0.4813	0.7391	0.9866	0.9473	0.8806	0.8873	0.8608	0.8004	0.7527	0.7653	0.7381	0.6877	0.6278	0.6419	0.6379	0.5718	0.5528	0.5596	0.4760	0.4414	0.4785	0.4818	0.4048	0.3782	0.3416	0.3487	0.3234
0.0394	0.0388	0.0645	0.0896	0.1075	0.1514	0.2008	0.2626	0.3005	0.4044	0.5096	0.4720	0.5104	0.4877	0.4964	0.5310	0.5327	0.5239	0.5497	0.5574	0.5984	0.5830	0.6172	0.6461	0.6300	0.6078	0.5892	0.6508	0.6976	0.6626	0.7304	0.8099	0.8159	0.9003	0.9350	0.9608	0.9435	0.8216	0.9007	0.8843	0.9319	0.7283	0.6637	0.8818	1.0000	0.8592	0.8077	0.8575	0.8254	0.7839	0.7700	0.7658	0.6942	0.6745	0.6245	0.6356	0.5869	0.5476	0.5325	0.5357	0.4767	0.4410	0.4475	0.4247	0.3819	0.3535	0.3413	0.3095	0.2887
0.0433	0.0686	0.1162	0.1594	0.2017	0.2889	0.4356	0.4860	0.4877	0.4285	0.4818	0.4319	0.4075	0.4011	0.4054	0.4514	0.4689	0.5016	0.5407	0.5279	0.5956	0.6114	0.5874	0.5878	0.5558	0.5745	0.5875	0.6387	0.5972	0.6394	0.7166	0.7832	0.8538	0.9261	0.8729	0.9327	0.9880	0.9374	0.9461	0.8885	0.8748	0.7967	0.8935	0.9757	0.8803	0.7695	0.7833	0.8086	0.8383	0.7799	0.7560	0.7272	0.6768	0.6556	0.5851	0.5609	0.5491	0.5149	0.4981	0.4689	0.4753	0.4627	0.4334	0.4106	0.3746	0.3453	0.3184	0.3157	0.2960
0.0899	0.1677	0.2594	0.3229	0.4007	0.4167	0.4907	0.4331	0.4148	0.3367	0.3459	0.3758	0.3686	0.3740	0.4155	0.4621	0.4984	0.4953	0.5312	0.5153	0.5427	0.5473	0.5553	0.5437	0.5564	0.5478	0.6187	0.5774	0.6128	0.6537	0.6723	0.7016	0.7875	0.8004	0.8420	0.8714	0.8295	0.8230	0.8706	0.8997	0.9028	0.8726	0.9541	0.9232	0.8323	0.7701	0.7053	0.7609	0.7252	0.7685	0.7255	0.6994	0.6639	0.6064	0.5674	0.5020	0.4821	0.5008	0.4726	0.4605	0.4810	0.4563	0.4351	0.3888	0.3630	0.3511	0.3316	0.3181	0.3080
0.1738	0.2482	0.3341	0.3382	0.3486	0.3275	0.3328	0.3002	0.2875	0.2893	0.3101	0.3394	0.3729	0.3810	0.4070	0.4347	0.4783	0.4914	0.5019	0.5096	0.5143	0.5143	0.5160	0.5104	0.5486	0.5541	0.5764	0.5766	0.6037	0.6485	0.6747	0.6710	0.7102	0.7505	0.7335	0.7595	0.7445	0.7553	0.7793	0.8144	0.8171	0.8674	0.8588	0.8300	0.8226	0.7396	0.6638	0.6992	0.6678	0.6501	0.6596	0.6482	0.6094	0.5733	0.5777	0.5434	0.5048	0.5001	0.4651	0.4372	0.4318	0.4378	0.4225	0.4164	0.3757	0.3288	0.3445	0.3440	0.2733
0.1729	0.2350	0.2605	0.2373	0.2322	0.2566	0.2646	0.2613	0.2702	0.2926	0.3058	0.3415	0.4088	0.3790	0.3713	0.4266	0.4637	0.5140	0.4822	0.4659	0.5026	0.5101	0.4817	0.4898	0.4972	0.5526	0.4947	0.5716	0.5879	0.5732	0.6504	0.6494	0.6538	0.7168	0.7345	0.7156	0.7610	0.7470	0.7352	0.7477	0.7990	0.7916	0.7752	0.7956	0.6890	0.6526	0.6545	0.6447	0.6557	0.5974	0.6492	0.6154	0.5470	0.5689	0.5275	0.5000	0.5178	0.4939	0.4785	0.4349	0.4169	0.4120	0.3858	0.4216	0.3667	0.3344	0.3140	0.3119	0.2942
0.1454	0.1682	0.2080	0.2273	0.2142	0.2253	0.2666	0.2746	0.2728	0.3124	0.3233	0.3247	0.3678	0.3999	0.3832	0.4085	0.4869	0.5022	0.4952	0.4658	0.4703	0.4990	0.5089	0.4768	0.4882	0.5240	0.4996	0.5435	0.5916	0.5826	0.5980	0.6234	0.6381	0.6348	0.7070	0.6843	0.7091	0.7552	0.7025	0.7145	0.7605	0.7249	0.7167	0.7123	0.6579	0.6319	0.6325	0.6222	0.6021	0.5903	0.6115	0.5875	0.5358	0.5212	0.5134	0.5200	0.4984	0.5001	0.4682	0.4208	0.4187	0.4344	0.3871	0.3673	0.3764	0.3530	0.2965	0.2919	0.2799
0.1546	0.1658	0.2062	0.2457	0.2273	0.2321	0.2660	0.2764	0.2834	0.3111	0.3278	0.3295	0.3635	0.3907	0.4103	0.4513	0.4867	0.4754	0.4752	0.4594	0.4860	0.5292	0.5204	0.4838	0.4860	0.4673	0.5094	0.5575	0.5742	0.5886	0.5878	0.5758	0.6384	0.6480	0.6432	0.6606	0.6839	0.7038	0.6934	0.6419	0.6719	0.6686	0.6676	0.6721	0.6477	0.6487	0.6135	0.6024	0.5687	0.5695	0.5645	0.5723	0.5942	0.5366	0.5144	0.5238	0.4983	0.4724	0.4525	0.4863	0.4305	0.4175	0.4044	0.3628	0.3719	0.3376	0.3024	0.2871	0.2786
0.1671	0.2004	0.2210	0.2459	0.2345	0.2633	0.2931	0.2804	0.2858	0.2633	0.3087	0.3258	0.3646	0.3837	0.3755	0.4298	0.4527	0.4643	0.5055	0.4520	0.4419	0.4973	0.4808	0.4727	0.4908	0.4521	0.5149	0.5222	0.5100	0.5650	0.5892	0.6094	0.6311	0.6451	0.6551	0.6580	0.6650	0.6544	0.6372	0.6430	0.6629	0.6487	0.6581	0.6623	0.6191	0.6235	0.6329	0.5881	0.5545	0.5419	0.5266	0.5091	0.5353	0.5094	0.4699	0.5114	0.4980	0.4752	0.4931	0.4659	0.4252	0.4316	0.4244	0.3865	0.3517	0.3304	0.2915	0.3063	0.3018
0.1801	0.1827	0.2011	0.2373	0.2403	0.2440	0.2702	0.2759	0.3074	0.2756	0.3163	0.3464	0.3758	0.3826	0.3722	0.4002	0.4258	0.4666	0.4651	0.4682	0.4472	0.4420	0.4749	0.4833	0.4789	0.4808	0.4713	0.4850	0.5261	0.5240	0.5801	0.6051	0.5939	0.6333	0.6629	0.6509	0.6904	0.6451	0.6400	0.6590	0.6583	0.6467	0.6739	0.6167	0.6296	0.5830	0.6041	0.5863	0.5609	0.5524	0.5493	0.5187	0.4963	0.4773	0.4948	0.5087	0.4886	0.4908	0.4658	0.4594	0.4220	0.4285	0.4447	0.3794	0.3837	0.3577	0.3057	0.3002	0.2983
0.1886	0.2022	0.1993	0.2366	0.2667	0.2548	0.2689	0.2835	0.3040	0.3086	0.3219	0.3534	0.3602	0.3695	0.3779	0.4149	0.4624	0.4419	0.4211	0.4500	0.4771	0.4610	0.4555	0.4580	0.4838	0.4718	0.5275	0.5289	0.5279	0.5393	0.5959	0.5994	0.5915	0.6179	0.6401	0.6322	0.6535	0.6583	0.6491	0.6523	0.6434	0.6246	0.6081	0.6154	0.6144	0.6373	0.5912	0.5759	0.5963	0.5591	0.5489	0.5437	0.5051	0.4952	0.5139	0.5117	0.4944	0.5045	0.4890	0.4474	0.4446	0.4318	0.4100	0.3859	0.3873	0.3632	0.3168	0.2917	0.2672
0.1962	0.2297	0.2285	0.2681	0.2679	0.2694	0.2833	0.2795	0.2605	0.2647	0.2961	0.3602	0.3970	0.4023	0.3803	0.4289	0.4399	0.4208	0.4691	0.4651	0.4652	0.4583	0.4723	0.4968	0.4656	0.4638	0.5259	0.5498	0.5450	0.5593	0.5938	0.5906	0.6050	0.5893	0.5751	0.6061	0.6365	0.6216	0.6275	0.6251	0.6520	0.6091	0.6176	0.5948	0.6256	0.5986	0.5663	0.5300	0.5505	0.5416	0.5565	0.5416	0.5259	0.5359	0.5258	0.5189	0.4914	0.5064	0.5064	0.4835	0.4377	0.4399	0.3968	0.3824	0.3725	0.3512	0.3155	0.3070	0.3050
0.2110	0.2342	0.2377	0.2649	0.2476	0.2537	0.2732	0.2716	0.2606	0.2976	0.3211	0.3452	0.3899	0.3828	0.3797	0.4368	0.4259	0.4308	0.4734	0.4973	0.4691	0.4561	0.4608	0.4877	0.5023	0.4779	0.5085	0.4938	0.5427	0.5376	0.5658	0.5996	0.5918	0.5720	0.5826	0.6236	0.6118	0.6132	0.6020	0.6146	0.6070	0.6110	0.6082	0.5910	0.6006	0.5454	0.5600	0.5372	0.5407	0.5217	0.5560	0.5502	0.5969	0.5505	0.4796	0.5049	0.5187	0.4751	0.4616	0.4910	0.4421	0.4409	0.4071	0.3703	0.3603	0.3582	0.3192	0.3030	0.3240
0.2002	0.2020	0.2109	0.2449	0.2757	0.2617	0.2880	0.2792	0.2796	0.3022	0.3397	0.3633	0.3790	0.3976	0.4187	0.4318	0.4389	0.4615	0.4971	0.4852	0.4890	0.4721	0.4828	0.5193	0.5290	0.4922	0.5252	0.5495	0.5669	0.5782	0.5844	0.6151	0.6472	0.5990	0.5858	0.6240	0.6236	0.6454	0.6011	0.6161	0.6324	0.5815	0.5842	0.5719	0.5434	0.5226	0.5231	0.5156	0.5418	0.5444	0.5302	0.5251	0.5355	0.5153	0.5165	0.5019	0.4752	0.4919	0.4443	0.4651	0.4523	0.4303	0.4197	0.4014	0.3826	0.3712	0.3129	0.2995	0.3074
0.2001	0.2398	0.2275	0.2731	0.2847	0.2595	0.2914	0.2982	0.2973	0.2983	0.3121	0.3607	0.3849	0.4186	0.4110	0.4609	0.4837	0.4733	0.4865	0.4984	0.5063	0.5105	0.4903	0.5385	0.4992	0.5192	0.5388	0.5619	0.5836	0.5761	0.5822	0.6102	0.6837	0.6656	0.6128	0.6154	0.6717	0.6785	0.6412	0.5886	0.6006	0.5653	0.5529	0.5738	0.5298	0.5094	0.5206	0.5290	0.4953	0.5161	0.5458	0.5282	0.5295	0.5083	0.5112	0.4948	0.4751	0.4610	0.4361	0.4440	0.4487	0.4454	0.4083	0.3832	0.3984	0.3834	0.3204	0.3655	0.3253
0.1869	0.2041	0.2512	0.2508	0.2509	0.2403	0.2739	0.2923	0.3049	0.3135	0.3307	0.3403	0.3622	0.4125	0.4143	0.4636	0.4810	0.4908	0.4723	0.5181	0.5166	0.5273	0.4999	0.5103	0.5028	0.5251	0.4922	0.5296	0.5536	0.5383	0.6136	0.6312	0.6612	0.6746	0.6637	0.6624	0.7039	0.6326	0.6153	0.5762	0.5554	0.5919	0.5433	0.5374	0.5116	0.4946	0.5286	0.5088	0.5091	0.5355	0.5205	0.5289	0.5441	0.5084	0.4774	0.4861	0.4853	0.4668	0.4419	0.4563	0.4189	0.4167	0.4177	0.3874	0.3796	0.3560	0.3256	0.3290	0.3078
0.1876	0.1856	0.2324	0.2447	0.2341	0.2550	0.2567	0.2799	0.3346	0.3381	0.3376	0.3326	0.3529	0.4045	0.4101	0.4730	0.4920	0.5041	0.4986	0.5310	0.5339	0.5010	0.5101	0.5185	0.5613	0.5563	0.5278	0.5524	0.5922	0.5738	0.6274	0.6469	0.6713	0.6627	0.6939	0.6829	0.6726	0.6146	0.6276	0.6181	0.5426	0.5505	0.5729	0.5297	0.5294	0.5037	0.5213	0.5479	0.5206	0.5362	0.5373	0.5172	0.5069	0.5172	0.5059	0.4843	0.4768	0.4809	0.4522	0.4485	0.4255	0.4213	0.4339	0.4116	0.3698	0.3393	0.3374	0.3199	0.3243
0.1940	0.2164	0.2317	0.2534	0.2687	0.2646	0.2889	0.2918	0.3369	0.3374	0.3431	0.3409	0.3433	0.4120	0.4153	0.4679	0.5001	0.4985	0.4969	0.5213	0.5635	0.5594	0.5504	0.5642	0.6106	0.5731	0.5627	0.5891	0.6245	0.6046	0.6229	0.6381	0.6774	0.6817	0.7057	0.7249	0.7234	0.6489	0.6671	0.6165	0.5949	0.5825	0.5751	0.5585	0.5376	0.4840	0.5336	0.5394	0.5345	0.5156	0.5246	0.4895	0.5075	0.4971	0.4910	0.4861	0.4571	0.4779	0.4340	0.4209	0.4109	0.4193	0.4181	0.4137	0.3757	0.3286	0.3175	0.3138	0.3362
0.2013	0.2516	0.2402	0.2640	0.2616	0.2511	0.2740	0.3098	0.3395	0.3317	0.3355	0.3321	0.3642	0.4391	0.4223	0.4961	0.4760	0.5105	0.5265	0.5503	0.5588	0.5576	0.5634	0.5751	0.5905	0.6162	0.5998	0.6381	0.6177	0.6151	0.6643	0.6632	0.6823	0.6973	0.7112	0.7324	0.7235	0.7168	0.7073	0.6800	0.6560	0.6475	0.6331	0.6103	0.5583	0.5517	0.5687	0.5327	0.5201	0.5402	0.5083	0.4950	0.4835	0.4784	0.5024	0.4818	0.4676	0.4602	0.4632	0.4266	0.4267	0.4074	0.3955	0.4227	0.3897	0.3664	0.3515	0.3310	0.3356
0.1733	0.2122	0.2098	0.2314	0.2887	0.2662	0.2914	0.3200	0.3090	0.3157	0.3475	0.3417	0.3476	0.4148	0.4249	0.4593	0.4608	0.5045	0.5046	0.5428	0.5696	0.5691	0.5527	0.5798	0.5643	0.5790	0.5967	0.6120	0.6198	0.6329	0.5879	0.6139	0.6815	0.7006	0.7377	0.7269	0.7120	0.7391	0.7570	0.7348	0.7529	0.7027	0.7030	0.6922	0.6286	0.6231	0.5961	0.5628	0.5205	0.5754	0.5225	0.4958	0.4902	0.5279	0.4909	0.4641	0.4471	0.4789	0.4551	0.4603	0.4287	0.4005	0.4010	0.4005	0.4373	0.3999	0.3595	0.3576	0.3295
0.1651	0.1904	0.1962	0.2355	0.2734	0.2867	0.3293	0.3116	0.2901	0.3033	0.3627	0.3670	0.3528	0.4187	0.4379	0.4763	0.4797	0.4917	0.4753	0.4973	0.5161	0.5566	0.5371	0.5264	0.5643	0.5693	0.5796	0.6087	0.6505	0.6443	0.6386	0.6074	0.6862	0.7487	0.7554	0.7295	0.7218	0.7432	0.7325	0.7525	0.7841	0.7526	0.7643	0.7337	0.6908	0.6781	0.6947	0.6518	0.6330	0.6022	0.5953	0.5740	0.5200	0.5181	0.5236	0.5096	0.4739	0.4781	0.4541	0.4295	0.4118	0.4206	0.4291	0.4167	0.4094	0.3892	0.3919	0.3675	0.3241
0.1783	0.2003	0.2148	0.2351	0.2698	0.2806	0.3155	0.3268	0.3119	0.3376	0.3390	0.3732	0.3789	0.4062	0.3980	0.4492	0.4848	0.4920	0.5040	0.5062	0.5369	0.5592	0.5415	0.5726	0.5381	0.5540	0.5667	0.6279	0.6821	0.6585	0.6263	0.6810	0.7142	0.7298	0.7276	0.7493	0.7712	0.7821	0.7415	0.7961	0.8557	0.8600	0.8286	0.7840	0.7526	0.7201	0.7398	0.7344	0.7179	0.6713	0.6150	0.6307	0.5869	0.5480	0.5176	0.5182	0.5238	0.5252	0.5335	0.4610	0.4297	0.4175	0.4280	0.4244	0.4109	0.3914	0.3614	0.3491	0.3626
0.2266	0.2566	0.2633	0.2694	0.2724	0.2928	0.3410	0.3418	0.3345	0.3514	0.3564	0.3798	0.4168	0.4150	0.4482	0.4275	0.4920	0.5530	0.5314	0.5574	0.5877	0.5803	0.5675	0.5897	0.6032	0.6158	0.6345	0.6019	0.6746	0.6445	0.6945	0.7074	0.7274	0.7581	0.7834	0.7800	0.8255	0.8133	0.8061	0.8579	0.8692	0.6598	0.6702	0.7366	0.8725	0.8017	0.8336	0.8321	0.7673	0.7579	0.7103	0.6943	0.6462	0.6139	0.5463	0.5544	0.5617	0.5503	0.5494	0.4726	0.4913	0.4819	0.4728	0.4431	0.4320	0.4117	0.4112	0.3921	0.3811
0.2378	0.3484	0.3855	0.4170	0.4226	0.3893	0.3844	0.3741	0.3426	0.3452	0.3895	0.3926	0.4126	0.4305	0.4696	0.4816	0.5456	0.5506	0.5413	0.5631	0.6038	0.6255	0.6338	0.6269	0.6604	0.6223	0.6871	0.6650	0.6858	0.7385	0.7360	0.7516	0.7692	0.7833	0.8381	0.8175	0.8250	0.8418	0.8371	0.8363	0.6111	0.4225	0.4390	0.5881	0.8783	0.8145	0.7670	0.6235	0.6154	0.6637	0.7506	0.7908	0.7329	0.6570	0.5906	0.5748	0.5716	0.5786	0.5460	0.5533	0.5261	0.4989	0.4997	0.5011	0.4540	0.4426	0.3975	0.3957	0.4164
0.1679	0.2699	0.3669	0.4561	0.5046	0.5616	0.5399	0.5204	0.4382	0.4289	0.4210	0.4235	0.4406	0.4469	0.4866	0.5503	0.5927	0.6022	0.6109	0.6321	0.6253	0.6856	0.6688	0.6662	0.6703	0.6213	0.6696	0.6804	0.7102	0.7279	0.7525	0.7418	0.7764	0.7909	0.7783	0.8107	0.8749	0.8391	0.8804	0.6879	0.3602	0.3366	0.4096	0.4975	0.8026	0.8770	0.6952	0.4001	0.3805	0.4715	0.6363	0.6832	0.7952	0.7925	0.6879	0.6102	0.5975	0.6214	0.6113	0.6026	0.5673	0.5467	0.5427	0.5361	0.4839	0.4763	0.4345	0.4325	0.4275
0.0696	0.1159	0.1433	0.1870	0.2646	0.3876	0.5211	0.5462	0.5205	0.5359	0.5869	0.4971	0.4911	0.5366	0.5615	0.5853	0.5966	0.6356	0.6820	0.7088	0.7109	0.6856	0.6936	0.6757	0.6828	0.6542	0.6497	0.6706	0.7698	0.7647	0.8042	0.8237	0.8222	0.7846	0.7993	0.8900	0.9244	0.8472	0.7384	0.4193	0.2642	0.2824	0.3393	0.3623	0.5920	0.8288	0.6508	0.3522	0.3408	0.3907	0.4403	0.5368	0.8095	0.8357	0.7099	0.6921	0.7053	0.6693	0.5974	0.6049	0.6266	0.6117	0.5557	0.5331	0.5138	0.4902	0.4694	0.4576	0.4357
0.0241	0.0491	0.0783	0.1115	0.1251	0.1450	0.1953	0.2805	0.3654	0.4426	0.5223	0.5330	0.5612	0.5871	0.6572	0.6450	0.6603	0.6698	0.6483	0.6881	0.7316	0.7344	0.7282	0.7019	0.7402	0.7097	0.6746	0.7170	0.7710	0.8179	0.8015	0.8474	0.8794	0.8854	0.9649	0.9849	0.9073	0.6315	0.3454	0.2379	0.2251	0.2379	0.2528	0.2646	0.3363	0.4457	0.4174	0.3153	0.3130	0.3508	0.4075	0.5304	0.8575	0.8678	0.7625	0.7369	0.7714	0.7064	0.6522	0.6787	0.6796	0.6288	0.5911	0.5609	0.5753	0.5406	0.4991	0.4613	0.4217
0.0175	0.0233	0.0485	0.0748	0.0675	0.0699	0.1013	0.1341	0.1452	0.2012	0.2262	0.2877	0.3964	0.4372	0.4930	0.6031	0.6437	0.6362	0.6414	0.6481	0.6513	0.6859	0.7200	0.6505	0.6298	0.5797	0.5980	0.6307	0.5538	0.5068	0.4606	0.4615	0.5822	0.7417	0.8329	0.8863	0.6371	0.2866	0.1902	0.2025	0.2153	0.2195	0.2263	0.2391	0.2530	0.2516	0.2823	0.2962	0.2987	0.3291	0.3655	0.4561	0.7504	0.8689	0.8387	0.8538	0.7783	0.7604	0.7781	0.7681	0.7487	0.6701	0.6404	0.6413	0.6087	0.6164	0.5655	0.5035	0.4843
0.0234	0.0310	0.0400	0.0461	0.0485	0.0512	0.0869	0.0729	0.0934	0.1194	0.1226	0.1207	0.1518	0.1825	0.1903	0.2782	0.4210	0.4407	0.3736	0.3461	0.3455	0.4209	0.4396	0.3201	0.2562	0.2267	0.2576	0.2814	0.2294	0.2045	0.2281	0.2945	0.4352	0.4384	0.3732	0.4112	0.2637	0.1742	0.1821	0.1790	0.1718	0.1933	0.2009	0.1914	0.2156	0.2250	0.2376	0.2619	0.2723	0.2916	0.3327	0.3829	0.5983	0.8650	0.8686	0.8440	0.7171	0.8240	0.8181	0.8207	0.7979	0.7077	0.6932	0.6425	0.5958	0.6359	0.5393	0.5668	0.5238
0.0049	0.0250	0.0298	0.0288	0.0331	0.0392	0.0501	0.0503	0.0549	0.0658	0.0895	0.0762	0.0971	0.0906	0.0980	0.1163	0.1371	0.1655	0.1470	0.1506	0.1542	0.1553	0.1479	0.1390	0.1533	0.1321	0.1256	0.1295	0.1434	0.1589	0.1595	0.2052	0.2578	0.2315	0.1681	0.1560	0.1556	0.1571	0.1622	0.1548	0.1492	0.1636	0.1764	0.1700	0.1705	0.1780	0.1855	0.1968	0.2065	0.2157	0.2403	0.2616	0.3459	0.5754	0.6840	0.5085	0.4657	0.6857	0.7657	0.7588	0.5657	0.6148	0.6127	0.4342	0.4302	0.5112	0.5112	0.5886	0.5139
0.0091	0.0181	0.0279	0.0262	0.0296	0.0390	0.0496	0.0515	0.0510	0.0436	0.0794	0.0648	0.0738	0.0785	0.0829	0.0944	0.0915	0.0973	0.0902	0.1019	0.1059	0.0982	0.1092	0.1109	0.1159	0.1174	0.1148	0.1066	0.1194	0.1203	0.1211	0.1261	0.1227	0.1141	0.1252	0.1343	0.1286	0.1263	0.1175	0.1191	0.1197	0.1262	0.1340	0.1514	0.1493	0.1562	0.1526	0.1697	0.1618	0.1612	0.1766	0.1812	0.2042	0.2342	0.2628	0.2602	0.2804	0.3335	0.4754	0.5019	0.3492	0.3856	0.3689	0.3044	0.3121	0.3846	0.5339	0.5447	0.5020
0.0000	0.0121	0.0364	0.0135	0.0265	0.0403	0.0439	0.0446	0.0409	0.0385	0.0571	0.0655	0.0748	0.0720	0.0695	0.0867	0.0890	0.0727	0.0792	0.0907	0.0906	0.0767	0.0949	0.0907	0.0924	0.1013	0.1026	0.1040	0.1062	0.1076	0.0964	0.1046	0.0950	0.1027	0.1084	0.1019	0.1137	0.1014	0.1016	0.1044	0.1119	0.1072	0.1042	0.1275	0.1325	0.1294	0.1249	0.1301	0.1326	0.1380	0.1491	0.1570	0.1702	0.1758	0.1782	0.1965	0.2037	0.2096	0.2196	0.2235	0.2278	0.2400	0.2588	0.2650	0.2690	0.4251	0.5670	0.5544	0.5300
0.0000	0.0092	0.0193	0.0192	0.0285	0.0278	0.0340	0.0390	0.0427	0.0354	0.0509	0.0636	0.0644	0.0521	0.0739	0.0630	0.0720	0.0839	0.0814	0.0790	0.0735	0.0848	0.0832	0.0749	0.0845	0.0842	0.0838	0.0928	0.0990	0.0924	0.0827	0.0855	0.0968	0.0991	0.0935	0.0839	0.1009	0.0921	0.0945	0.0938	0.0823	0.0839	0.0979	0.0970	0.1024	0.1151	0.1202	0.1209	0.1099	0.1133	0.1262	0.1321	0.1381	0.1413	0.1634	0.1719	0.1736	0.1760	0.1641	0.1667	0.1915	0.2047	0.2123	0.2304	0.2442	0.3915	0.5670	0.5729	0.4089
0.0054	0.0131	0.0205	0.0193	0.0215	0.0249	0.0239	0.0334	0.0360	0.0386	0.0441	0.0463	0.0446	0.0383	0.0629	0.0692	0.0688	0.0669	0.0542	0.0611	0.0753	0.0784	0.0644	0.0717	0.0667	0.0693	0.0733	0.0723	0.0845	0.0752	0.0790	0.0761	0.0806	0.0806	0.0846	0.0731	0.0803	0.0865	0.0886	0.0767	0.0748	0.0807	0.0821	0.0832	0.0832	0.0914	0.0994	0.0987	0.0920	0.0892	0.0978	0.1054	0.1076	0.1118	0.1231	0.1303	0.1283	0.1429	0.1344	0.1575	0.1626	0.1567	0.1616	0.1654	0.1699	0.2141	0.3209	0.2817	0.2053
0.0000	0.0062	0.0113	0.0145	0.0146	0.0199	0.0163	0.0332	0.0284	0.0308	0.0309	0.0402	0.0413	0.0450	0.0507	0.0530	0.0487	0.0591	0.0553	0.0530	0.0637	0.0608	0.0593	0.0611	0.0747	0.0618	0.0685	0.0611	0.0708	0.0699	0.0672	0.0747	0.0742	0.0690	0.0674	0.0612	0.0641	0.0687	0.0761	0.0684	0.0633	0.0713	0.0753	0.0665	0.0778	0.0862	0.0804	0.0757	0.0739	0.0776	0.0713	0.0800	0.0876	0.0936	0.0930	0.0948	0.1062	0.1059	0.1088	0.1261	0.1196	0.1174	0.1318	0.1340	0.1366	0.1369	0.1566	0.1583	0.1526
0.0000	0.0015	0.0000	0.0090	0.0121	0.0305	0.0326	0.0362	0.0294	0.0315	0.0314	0.0434	0.0378	0.0411	0.0513	0.0454	0.0539	0.0587	0.0545	0.0480	0.0621	0.0516	0.0514	0.0528	0.0579	0.0627	0.0606	0.0622	0.0651	0.0562	0.0550	0.0595	0.0616	0.0652	0.0600	0.0561	0.0664	0.0614	0.0629	0.0617	0.0635	0.0652	0.0538	0.0592	0.0620	0.0734	0.0660	0.0668	0.0694	0.0759	0.0717	0.0723	0.0658	0.0790	0.0871	0.0787	0.0794	0.0749	0.0878	0.0940	0.0939	0.0918	0.0909	0.0906	0.1138	0.1215	0.1248	0.1198	0.1191
0.0000	0.0000	0.0020	0.0212	0.0197	0.0301	0.0286	0.0244	0.0264	0.0342	0.0299	0.0394	0.0371	0.0395	0.0537	0.0618	0.0522	0.0435	0.0413	0.0465	0.0547	0.0502	0.0511	0.0453	0.0566	0.0583	0.0600	0.0569	0.0561	0.0489	0.0463	0.0561	0.0510	0.0581	0.0470	0.0518	0.0582	0.0572	0.0551	0.0524	0.0622	0.0506	0.0503	0.0528	0.0508	0.0560	0.0556	0.0586	0.0590	0.0615	0.0629	0.0714	0.0695	0.0700	0.0748	0.0657	0.0699	0.0746	0.0718	0.0753	0.0840	0.0757	0.0831	0.0787	0.0947	0.0843	0.0893	0.0995	0.0864
0.0000	0.0000	0.0000	0.0119	0.0001	0.0064	0.0138	0.0255	0.0271	0.0158	0.0166	0.0267	0.0153	0.0237	0.0331	0.0369	0.0369	0.0267	0.0380	0.0420	0.0412	0.0419	0.0491	0.0470	0.0575	0.0612	0.0500	0.0463	0.0502	0.0490	0.0464	0.0486	0.0480	0.0474	0.0456	0.0448	0.0508	0.0495	0.0561	0.0400	0.0514	0.0461	0.0480	0.0439	0.0464	0.0471	0.0528	0.0510	0.0484	0.0523	0.0477	0.0513	0.0598	0.0611	0.0566	0.0643	0.0671	0.0737	0.0653	0.0679	0.0676	0.0563	0.0667	0.0682	0.0755	0.0679	0.0719	0.0688	0.0660
0.0000	0.0000	0.0020	0.0042	0.0000	0.0000	0.0101	0.0215	0.0099	0.0042	0.0132	0.0236	0.0220	0.0234	0.0217	0.0329	0.0365	0.0226	0.0415	0.0401	0.0365	0.0282	0.0280	0.0371	0.0361	0.0410	0.0447	0.0470	0.0486	0.0480	0.0383	0.0447	0.0459	0.0423	0.0425	0.0432	0.0345	0.0431	0.0499	0.0381	0.0377	0.0459	0.0419	0.0439	0.0460	0.0463	0.0529	0.0462	0.0448	0.0470	0.0478	0.0531	0.0486	0.0522	0.0515	0.0522	0.0588	0.0560	0.0563	0.0573	0.0594	0.0513	0.0626	0.0604	0.0639	0.0641	0.0584	0.0659	0.0676
0.0000	0.0000	0.0000	0.0000	0.0000	0.0000	0.0000	0.0169	0.0140	0.0066	0.0168	0.0269	0.0213	0.0135	0.0358	0.0288	0.0279	0.0269	0.0357	0.0396	0.0448	0.0412	0.0384	0.0354	0.0376	0.0337	0.0382	0.0499	0.0574	0.0511	0.0420	0.0349	0.0549	0.0490	0.0502	0.0407	0.0483	0.0454	0.0403	0.0359	0.0476	0.0422	0.0409	0.0399	0.0398	0.0414	0.0495	0.0422	0.0396	0.0409	0.0514	0.0519	0.0493	0.0527	0.0565	0.0432	0.0446	0.0509	0.0584	0.0481	0.0453	0.0446	0.0521	0.0449	0.0508	0.0515	0.0562	0.0455	0.0510
0.0000	0.0000	0.0000	0.0000	0.0000	0.0000	0.0064	0.0137	0.0043	0.0195	0.0179	0.0122	0.0264	0.0182	0.0198	0.0274	0.0256	0.0336	0.0270	0.0449	0.0409	0.0345	0.0320	0.0359	0.0404	0.0347	0.0368	0.0356	0.0446	0.0376	0.0358	0.0349	0.0368	0.0432	0.0444	0.0351	0.0431	0.0504	0.0427	0.0413	0.0437	0.0412	0.0375	0.0367	0.0424	0.0413	0.0429	0.0443	0.0430	0.0429	0.0432	0.0444	0.0452	0.0447	0.0476	0.0505	0.0473	0.0415	0.0503	0.0375	0.0461	0.0455	0.0468	0.0486	0.0453	0.0387	0.0357	0.0404	0.0388
0.0000	0.0000	0.0000	0.0011	0.0000	0.0000	0.0023	0.0045	0.0065	0.0035	0.0049	0.0100	0.0144	0.0156	0.0193	0.0290	0.0178	0.0198	0.0215	0.0303	0.0457	0.0326	0.0202	0.0402	0.0439	0.0364	0.0473	0.0302	0.0423	0.0469	0.0338	0.0365	0.0305	0.0290	0.0337	0.0342	0.0341	0.0365	0.0313	0.0310	0.0309	0.0381	0.0430	0.0380	0.0411	0.0360	0.0360	0.0368	0.0369	0.0316	0.0338	0.0326	0.0384	0.0374	0.0379	0.0469	0.0436	0.0407	0.0393	0.0377	0.0405	0.0393	0.0384	0.0431	0.0416	0.0427	0.0380	0.0373	0.0359
0.0000	0.0000	0.0049	0.0078	0.0000	0.0000	0.0000	0.0075	0.0038	0.0023	0.0194	0.0053	0.0077	0.0138	0.0249	0.0214	0.0100	0.0148	0.0102	0.0216	0.0259	0.0260	0.0300	0.0295	0.0340	0.0327	0.0319	0.0275	0.0317	0.0351	0.0420	0.0337	0.0329	0.0317	0.0366	0.0384	0.0334	0.0345	0.0362	0.0283	0.0380	0.0331	0.0348	0.0342	0.0405	0.0346	0.0305	0.0309	0.0272	0.0308	0.0499	0.0363	0.0378	0.0317	0.0424	0.0337	0.0411	0.0403	0.0417	0.0450	0.0582	0.0520	0.0403	0.0438	0.0503	0.0406	0.0340	0.0373	0.0499
