0.0000	0.0000	0.0070	0.0098	0.0000	0.0000	0.0194	0.0118	0.0077	0.0058	0.0018	0.0146	0.0165	0.0124	0.0161	0.0316	0.0411	0.0434	0.0237	0.0237	0.0364	0.0285	0.0259	0.0332	0.0475	0.0572	0.0630	0.0437	0.0359	0.0651	0.0465	0.0584	0.0608	0.0611	0.0650	0.0644	0.0627	0.0569	0.0727	0.0595	0.0581	0.0643	0.0747	0.0619	0.0602	0.0664	0.0796	0.0870	0.0784	0.0832	0.0909	0.0761	0.0713	0.0776	0.0898	0.0852	0.0863	0.0765	0.0995	0.0776	0.0729	0.0669	0.0669	0.0714	0.0858	0.0808	0.0685	0.0783	0.0666
0.0000	0.0000	0.0052	0.0005	0.0000	0.0000	0.0188	0.0196	0.0069	0.0027	0.0112	0.0143	0.0192	0.0292	0.0269	0.0323	0.0448	0.0503	0.0289	0.0261	0.0559	0.0383	0.0374	0.0640	0.0653	0.0587	0.0569	0.0581	0.0598	0.0822	0.0665	0.0729	0.0587	0.0619	0.0628	0.0588	0.0599	0.0769	0.0791	0.0650	0.0659	0.0717	0.0721	0.0713	0.0651	0.0743	0.0787	0.0925	0.0885	0.0788	0.0945	0.0789	0.0864	0.0846	0.0830	0.0909	0.0986	0.0900	0.0806	0.0829	0.0738	0.0703	0.0755	0.0992	0.0937	0.0898	0.0824	0.0749	0.0717
0.0000	0.0000	0.0022	0.0101	0.0000	0.0000	0.0120	0.0271	0.0097	0.0060	0.0174	0.0191	0.0289	0.0443	0.0339	0.0377	0.0405	0.0438	0.0418	0.0391	0.0491	0.0544	0.0405	0.0640	0.0670	0.0586	0.0563	0.0578	0.0681	0.0704	0.0693	0.0763	0.0630	0.0700	0.0688	0.0663	0.0748	0.0825	0.0766	0.0568	0.0693	0.0649	0.0733	0.0679	0.0778	0.0868	0.0846	0.0873	0.0948	0.0913	0.1076	0.0972	0.1057	0.1208	0.0966	0.0905	0.1009	0.1116	0.1071	0.1056	0.1058	0.0971	0.0895	0.1445	0.2322	0.2075	0.1446	0.1019	0.1124
0.0000	0.0000	0.0137	0.0019	0.0000	0.0010	0.0287	0.0317	0.0162	0.0210	0.0210	0.0247	0.0363	0.0362	0.0237	0.0436	0.0421	0.0476	0.0379	0.0457	0.0535	0.0585	0.0454	0.0429	0.0651	0.0804	0.0597	0.0430	0.0569	0.0656	0.0654	0.0688	0.0741	0.0715	0.0783	0.0912	0.0732	0.0605	0.0761	0.0635	0.0715	0.0731	0.0700	0.0857	0.0840	0.0842	0.0994	0.0913	0.0813	0.0830	0.1125	0.1068	0.1086	0.1237	0.1044	0.1106	0.1066	0.1233	0.1131	0.1102	0.1331	0.1407	0.1375	0.2373	0.3473	0.2912	0.2395	0.1983	0.1961
0.0000	0.0000	0.0039	0.0037	0.0081	0.0060	0.0238	0.0204	0.0164	0.0197	0.0207	0.0351	0.0518	0.0384	0.0277	0.0420	0.0437	0.0422	0.0363	0.0472	0.0567	0.0713	0.0613	0.0508	0.0457	0.0674	0.0654	0.0558	0.0663	0.0667	0.0776	0.0715	0.0789	0.0904	0.1033	0.0847	0.0685	0.0571	0.0800	0.0717	0.0750	0.0741	0.0754	0.0803	0.0926	0.0908	0.1103	0.0948	0.0886	0.1023	0.1049	0.1163	0.1189	0.1246	0.1379	0.1453	0.1430	0.1468	0.1337	0.1508	0.1424	0.1488	0.1696	0.2207	0.3186	0.3077	0.2962	0.2593	0.2458
0.0000	0.0000	0.0060	0.0189	0.0111	0.0085	0.0328	0.0197	0.0191	0.0313	0.0276	0.0369	0.0504	0.0427	0.0368	0.0472	0.0607	0.0467	0.0464	0.0656	0.0637	0.0524	0.0688	0.0584	0.0683	0.0629	0.0686	0.0765	0.0752	0.0901	0.0785	0.0736	0.0860	0.0957	0.0912	0.0918	0.0885	0.0718	0.0826	0.0787	0.0674	0.0885	0.0976	0.0785	0.1028	0.0848	0.0904	0.1096	0.1150	0.1160	0.1122	0.1308	0.1361	0.1533	0.1659	0.1869	0.2013	0.2219	0.2069	0.1922	0.1703	0.1706	0.1989	0.2016	0.2622	0.2980	0.2974	0.3187	0.2694
0.0000	0.0000	0.0043	0.0117	0.0011	0.0122	0.0197	0.0214	0.0229	0.0267	0.0357	0.0524	0.0395	0.0318	0.0354	0.0481	0.0587	0.0571	0.0598	0.0626	0.0709	0.0565	0.0641	0.0640	0.0867	0.0776	0.0718	0.0721	0.0842	0.0822	0.0729	0.0856	0.0879	0.1021	0.1018	0.0979	0.0855	0.0759	0.0863	0.0955	0.0792	0.0884	0.1079	0.1003	0.1006	0.1064	0.0995	0.1303	0.1299	0.1241	0.1556	0.1976	0.2177	0.2485	0.2208	0.2239	0.2489	0.3833	0.4098	0.3528	0.3070	0.3061	0.2684	0.2264	0.2467	0.3121	0.3106	0.3235	0.2663
0.0145	0.0130	0.0125	0.0190	0.0123	0.0183	0.0313	0.0413	0.0267	0.0406	0.0313	0.0645	0.0533	0.0454	0.0466	0.0472	0.0607	0.0661	0.0753	0.0590	0.0863	0.0765	0.0744	0.0748	0.0787	0.0959	0.0792	0.0704	0.0923	0.0753	0.0844	0.0983	0.1076	0.1078	0.0986	0.1043	0.1096	0.1004	0.0969	0.0960	0.0928	0.0973	0.0995	0.0970	0.1044	0.1238	0.1307	0.1626	0.1643	0.1687	0.2050	0.3166	0.5162	0.4673	0.3247	0.2632	0.2621	0.4511	0.5117	0.4437	0.4763	0.4250	0.4148	0.3098	0.2357	0.3176	0.3338	0.3166	0.2894
0.0041	0.0184	0.0222	0.0288	0.0244	0.0248	0.0400	0.0445	0.0337	0.0254	0.0345	0.0482	0.0581	0.0701	0.0602	0.0642	0.0600	0.0598	0.0778	0.0833	0.0888	0.0853	0.0816	0.0666	0.0841	0.1018	0.0870	0.0759	0.0933	0.0928	0.1001	0.1017	0.1158	0.0957	0.1110	0.1125	0.1049	0.1063	0.0902	0.1054	0.1015	0.1039	0.1159	0.1175	0.1277	0.1510	0.1701	0.1763	0.2162	0.2538	0.3234	0.5491	0.6802	0.7047	0.5734	0.4418	0.3489	0.4734	0.5618	0.4613	0.4612	0.4388	0.4200	0.4090	0.2862	0.2729	0.3328	0.3447	0.3288
0.0138	0.0143	0.0120	0.0200	0.0268	0.0345	0.0392	0.0424	0.0452	0.0445	0.0530	0.0431	0.0570	0.0741	0.0640	0.0575	0.0596	0.0748	0.0963	0.0837	0.0716	0.0804	0.0822	0.0897	0.1094	0.1036	0.0869	0.0856	0.0882	0.1086	0.0933	0.1001	0.1185	0.1178	0.1295	0.1158	0.1048	0.1124	0.1049	0.1165	0.0995	0.1134	0.1336	0.1448	0.1689	0.1925	0.2197	0.2392	0.2891	0.3075	0.4136	0.6913	0.7723	0.6902	0.6532	0.5992	0.4859	0.5131	0.5535	0.5209	0.4893	0.4336	0.4374	0.4385	0.3628	0.2903	0.3431	0.3694	0.3278
0.0109	0.0203	0.0215	0.0294	0.0384	0.0481	0.0331	0.0468	0.0470	0.0521	0.0524	0.0397	0.0442	0.0595	0.0602	0.0743	0.0837	0.0863	0.0845	0.0833	0.0934	0.0831	0.0903	0.0893	0.1030	0.1127	0.1032	0.1020	0.0992	0.1072	0.0969	0.1084	0.1043	0.1177	0.1363	0.1331	0.1358	0.1494	0.1263	0.1219	0.1325	0.1374	0.1694	0.1759	0.2050	0.2213	0.2588	0.2999	0.3186	0.3765	0.4566	0.6621	0.7182	0.6952	0.5970	0.6212	0.6319	0.5630	0.5214	0.5379	0.4678	0.4082	0.4207	0.4337	0.4388	0.3269	0.3200	0.3621	0.3290
0.0172	0.0136	0.0317	0.0346	0.0273	0.0446	0.0405	0.0636	0.0470	0.0506	0.0639	0.0693	0.0685	0.0869	0.0720	0.0795	0.0859	0.0973	0.0947	0.0963	0.1077	0.1014	0.1031	0.1051	0.1354	0.1282	0.1141	0.1294	0.1403	0.1192	0.1317	0.1236	0.1165	0.1385	0.1523	0.1428	0.1442	0.1652	0.1699	0.1537	0.1630	0.1773	0.2103	0.2219	0.2280	0.2567	0.2883	0.3225	0.3789	0.4921	0.4621	0.4895	0.6327	0.7353	0.6471	0.6565	0.6715	0.6226	0.5146	0.4949	0.4611	0.4283	0.4160	0.4592	0.4625	0.3500	0.3298	0.3815	0.3420
0.0131	0.0149	0.0347	0.0244	0.0432	0.0385	0.0370	0.0638	0.0611	0.0563	0.0663	0.0749	0.0793	0.0894	0.0930	0.0857	0.1068	0.1121	0.1074	0.1239	0.1230	0.1288	0.1401	0.1524	0.1490	0.1718	0.1530	0.1409	0.1557	0.1533	0.1485	0.1707	0.1724	0.1860	0.1832	0.1757	0.1862	0.1972	0.2030	0.2028	0.2090	0.2159	0.2460	0.2406	0.2412	0.2932	0.3478	0.4494	0.7023	0.8009	0.6733	0.5977	0.5857	0.7255	0.7090	0.6628	0.6403	0.5793	0.5481	0.4743	0.4557	0.4727	0.4953	0.4658	0.4590	0.4246	0.3692	0.3794	0.3426
0.0212	0.0277	0.0395	0.0309	0.0408	0.0499	0.0502	0.0629	0.0783	0.0704	0.0775	0.1076	0.1149	0.1213	0.1164	0.1354	0.1490	0.1474	0.1581	0.1582	0.1729	0.1729	0.1993	0.1841	0.1934	0.2079	0.2012	0.1908	0.2036	0.2053	0.2053	0.2095	0.2040	0.2181	0.2154	0.2057	0.2071	0.2270	0.2343	0.2155	0.2242	0.2493	0.2883	0.2784	0.3262	0.3680	0.4382	0.6256	0.8424	0.8400	0.8034	0.8122	0.7690	0.6967	0.6576	0.6514	0.6079	0.5455	0.5138	0.5117	0.4829	0.4403	0.4477	0.4471	0.4357	0.4048	0.3739	0.3369	0.3257
0.0084	0.0254	0.0317	0.0371	0.0622	0.0616	0.0767	0.0942	0.1025	0.1011	0.1045	0.1414	0.1556	0.1511	0.1934	0.2125	0.2268	0.2241	0.2196	0.2274	0.2484	0.2800	0.2742	0.2625	0.2830	0.3054	0.3045	0.2871	0.2898	0.3009	0.2702	0.2762	0.2820	0.2861	0.2511	0.2454	0.2490	0.2611	0.2639	0.2487	0.2686	0.2900	0.3202	0.3540	0.4210	0.4860	0.6086	0.7823	0.8490	0.7705	0.7346	0.7311	0.7260	0.6563	0.6137	0.6097	0.6010	0.5689	0.5137	0.5271	0.4661	0.4088	0.4456	0.4442	0.4139	0.3628	0.3361	0.3328	0.2912
0.0143	0.0256	0.0506	0.0779	0.0798	0.0825	0.0924	0.1121	0.1270	0.1376	0.1634	0.2086	0.2600	0.2993	0.3809	0.4091	0.5145	0.4816	0.4442	0.4743	0.4558	0.4623	0.4210	0.4550	0.4735	0.5028	0.5069	0.5116	0.5387	0.5119	0.4947	0.5357	0.5602	0.5020	0.3764	0.3183	0.3260	0.3144	0.3062	0.2930	0.3122	0.3312	0.4120	0.5190	0.6671	0.8018	0.8094	0.7893	0.7516	0.6954	0.6418	0.6443	0.6237	0.6151	0.6010	0.6062	0.5589	0.5177	0.4982	0.5220	0.4784	0.4033	0.4499	0.4196	0.3640	0.3339	0.3141	0.3380	0.3057
0.0249	0.0542	0.0650	0.0927	0.1077	0.1285	0.1657	0.2099	0.2340	0.2497	0.3396	0.4595	0.5523	0.5364	0.5570	0.5626	0.5888	0.5894	0.5827	0.6108	0.6151	0.5990	0.5684	0.5607	0.5707	0.5225	0.5902	0.5712	0.6042	0.6515	0.7065	0.7413	0.7785	0.7678	0.6725	0.4978	0.4344	0.4672	0.5491	0.3679	0.3456	0.3822	0.5687	0.8455	0.8141	0.7074	0.6728	0.6432	0.5600	0.5510	0.5670	0.5680	0.5438	0.5763	0.5486	0.5113	0.4847	0.4764	0.4857	0.5044	0.4660	0.4288	0.4468	0.3927	0.3384	0.3050	0.3173	0.3054	0.2950
0.0546	0.0830	0.1312	0.1590	0.2280	0.2891	0.4179	0.5208	0.5324	0.4733	0.5359	0.5672	0.5638	0.5346	0.5017	0.5585	0.5504	0.5713	0.5638	0.6013	0.6068	0.6130	0.5562	0.5484	0.5471	0.5254	0.5351	0.5630	0.5416	0.6190	0.6870	0.7417	0.7321	0.7583	0.7539	0.7441	0.6698	0.6984	0.7436	0.4867	0.3669	0.4328	0.6904	0.7909	0.7069	0.5956	0.5481	0.5199	0.5612	0.5337	0.5118	0.5266	0.5143	0.5103	0.5011	0.4522	0.4327	0.4153	0.4627	0.4326	0.4487	0.4271	0.4203	0.4100	0.3572	0.2955	0.3168	0.3267	0.3060
0.0933	0.1320	0.2478	0.3570	0.4706	0.5441	0.6132	0.5680	0.5833	0.5184	0.4734	0.4348	0.4729	0.4137	0.4232	0.4623	0.5024	0.5180	0.5415	0.5121	0.5678	0.5353	0.5323	0.5276	0.4960	0.5338	0.5510	0.5450	0.5852	0.6550	0.6719	0.6707	0.7237	0.7861	0.7657	0.7876	0.7740	0.7573	0.7182	0.4873	0.3886	0.4827	0.7343	0.6950	0.6428	0.5972	0.5154	0.5291	0.5464	0.5294	0.5239	0.5090	0.4997	0.5051	0.4840	0.4465	0.4034	0.4236	0.4142	0.4085	0.4476	0.4085	0.4380	0.4032	0.3550	0.3363	0.3314	0.3322	0.2962
0.1398	0.2290	0.3180	0.3810	0.3945	0.4135	0.4070	0.4210	0.4058	0.3924	0.3677	0.3791	0.4042	0.3760	0.3810	0.4051	0.4416	0.4878	0.5103	0.4711	0.4898	0.5286	0.5127	0.5354	0.5122	0.5067	0.5783	0.5897	0.5844	0.6527	0.6743	0.6296	0.6751	0.7316	0.7419	0.7484	0.7178	0.7537	0.6671	0.4997	0.4614	0.5153	0.6622	0.6116	0.5709	0.5185	0.4795	0.5173	0.5471	0.5067	0.5088	0.4935	0.4705	0.4997	0.4958	0.4915	0.4225	0.4297	0.4317	0.3874	0.3956	0.3669	0.4062	0.3970	0.3639	0.3476	0.3520	0.3446	0.2800
0.1535	0.2055	0.2233	0.2479	0.2708	0.2748	0.3168	0.3276	0.3007	0.3181	0.3498	0.3438	0.3694	0.3725	0.3831	0.4216	0.4610	0.4770	0.4598	0.4423	0.4810	0.5015	0.4809	0.4823	0.5009	0.5539	0.5721	0.5723	0.5927	0.5768	0.6587	0.6891	0.6875	0.7309	0.7356	0.7589	0.7865	0.8141	0.7696	0.7739	0.6962	0.6321	0.6158	0.5549	0.4998	0.4837	0.5157	0.5129	0.5095	0.4894	0.5104	0.4963	0.4800	0.4803	0.4871	0.4698	0.4305	0.4345	0.4130	0.4070	0.4059	0.3894	0.3858	0.3775	0.3585	0.3247	0.3366	0.3183	0.3175
0.1670	0.1817	0.2097	0.2381	0.2330	0.2644	0.2958	0.3033	0.2852	0.3390	0.3630	0.3615	0.4001	0.4049	0.4212	0.4595	0.5185	0.5258	0.5115	0.4882	0.5052	0.4931	0.5066	0.4758	0.4893	0.5080	0.5270	0.5552	0.5946	0.5707	0.5850	0.6370	0.6445	0.6821	0.7072	0.7311	0.7487	0.7819	0.7655	0.8003	0.7452	0.6132	0.5419	0.5557	0.5084	0.4975	0.5132	0.5206	0.5005	0.5143	0.5302	0.5005	0.4717	0.4792	0.4685	0.4710	0.4755	0.4746	0.4193	0.3913	0.3921	0.4025	0.3667	0.3749	0.3714	0.3284	0.3019	0.3051	0.3131
0.1685	0.1872	0.2224	0.2389	0.2571	0.2681	0.2841	0.2955	0.2966	0.3113	0.3490	0.3720	0.4241	0.4088	0.4251	0.4928	0.5364	0.5177	0.4827	0.4755	0.4896	0.4924	0.4991	0.5233	0.4951	0.4713	0.5068	0.5638	0.5775	0.5963	0.5948	0.6074	0.6617	0.6729	0.6847	0.6764	0.7371	0.7375	0.6733	0.6507	0.6033	0.5234	0.5318	0.5502	0.5337	0.5097	0.5063	0.5344	0.5098	0.5372	0.5064	0.4963	0.5132	0.5153	0.5047	0.4959	0.4930	0.4771	0.4328	0.4369	0.4420	0.3967	0.3876	0.3654	0.3725	0.3562	0.3219	0.3084	0.3060
0.1699	0.2001	0.2228	0.2443	0.2807	0.2937	0.3033	0.3137	0.2953	0.2992	0.3314	0.3711	0.3957	0.4011	0.4087	0.4685	0.4999	0.5422	0.5168	0.5136	0.4921	0.4902	0.4871	0.4815	0.5387	0.4836	0.5009	0.5493	0.5769	0.5671	0.6066	0.6320	0.6407	0.6796	0.6528	0.6355	0.6477	0.6284	0.5666	0.5592	0.5444	0.5148	0.5638	0.5460	0.5259	0.5207	0.5715	0.5794	0.5307	0.5325	0.5030	0.5076	0.5421	0.5101	0.4851	0.5008	0.5096	0.4891	0.4787	0.4207	0.4357	0.4031	0.3993	0.3691	0.3518	0.3708	0.3357	0.3158	0.3215
0.1956	0.2258	0.2334	0.2493	0.2527	0.2819	0.3093	0.3001	0.2874	0.3290	0.3483	0.3723	0.3893	0.4054	0.3978	0.4251	0.4593	0.4892	0.5094	0.5191	0.4802	0.5094	0.4909	0.5258	0.5356	0.5139	0.5388	0.5266	0.5792	0.5922	0.5979	0.5997	0.6261	0.6303	0.6142	0.6141	0.5859	0.5695	0.5719	0.5728	0.5625	0.5574	0.5782	0.5543	0.5235	0.5139	0.5664	0.5480	0.5422	0.5402	0.5294	0.5023	0.5027	0.4874	0.5085	0.5098	0.5149	0.4981	0.4640	0.4512	0.4460	0.4252	0.4041	0.3704	0.3534	0.3489	0.3287	0.3337	0.3004
0.2305	0.2254	0.2358	0.2713	0.2491	0.2469	0.2824	0.3028	0.3209	0.3308	0.3647	0.3748	0.3792	0.3690	0.3991	0.4374	0.4561	0.4732	0.4821	0.4935	0.5176	0.4967	0.4689	0.4965	0.4989	0.5050	0.5086	0.5145	0.5496	0.5529	0.5887	0.5786	0.5664	0.5876	0.5535	0.5514	0.5683	0.5688	0.5645	0.5790	0.5777	0.5764	0.5524	0.5462	0.5172	0.5583	0.5551	0.5528	0.5368	0.5358	0.5570	0.5234	0.5188	0.5202	0.5417	0.5410	0.5121	0.5197	0.4760	0.4335	0.4481	0.4354	0.4169	0.3933	0.3765	0.3734	0.3361	0.3396	0.3172
0.2053	0.2117	0.2635	0.2795	0.2641	0.2763	0.2791	0.3084	0.3172	0.3017	0.3478	0.3698	0.3764	0.3710	0.3759	0.4138	0.4368	0.4406	0.4575	0.4905	0.4899	0.4539	0.4556	0.4827	0.4727	0.4613	0.4939	0.4917	0.4912	0.5296	0.5582	0.5519	0.5703	0.5774	0.5501	0.5466	0.5646	0.5524	0.5800	0.5666	0.5873	0.5644	0.5544	0.5641	0.5756	0.5267	0.5362	0.5298	0.5504	0.5480	0.5489	0.5260	0.5270	0.5306	0.5316	0.5068	0.4769	0.5128	0.4661	0.4681	0.4589	0.4054	0.4083	0.4100	0.3900	0.3328	0.3151	0.3173	0.3170
0.2038	0.2043	0.2483	0.2700	0.2417	0.2823	0.2969	0.3029	0.3011	0.3384	0.3453	0.3986	0.3943	0.3750	0.3571	0.3903	0.4228	0.4198	0.4424	0.4790	0.4550	0.4639	0.4565	0.4842	0.4890	0.4741	0.4684	0.4845	0.5176	0.5245	0.5412	0.5687	0.5656	0.5515	0.5339	0.5303	0.5558	0.5589	0.5671	0.5590	0.6167	0.5849	0.5681	0.5493	0.5492	0.5167	0.5343	0.5222	0.5498	0.5143	0.5312	0.5814	0.5661	0.5604	0.5209	0.5025	0.5201	0.4948	0.4751	0.5003	0.4548	0.4218	0.4250	0.3834	0.3741	0.3523	0.3365	0.3286	0.3237
0.1954	0.2198	0.2447	0.2580	0.2766	0.2837	0.3019	0.3103	0.3153	0.3275	0.3368	0.3740	0.3890	0.3695	0.3691	0.4080	0.4270	0.4601	0.4872	0.4520	0.4519	0.4411	0.4385	0.4817	0.4870	0.4574	0.5067	0.4931	0.5414	0.5087	0.5476	0.5738	0.5660	0.5522	0.5295	0.5414	0.5556	0.5888	0.5770	0.5497	0.5939	0.5658	0.5431	0.5436	0.5090	0.4989	0.5469	0.5364	0.5276	0.5319	0.5281	0.5127	0.5236	0.5177	0.5370	0.5025	0.5013	0.4929	0.4668	0.4652	0.4668	0.4654	0.4496	0.3920	0.3765	0.3577	0.3467	0.3177	0.2923
0.2062	0.2350	0.2713	0.2764	0.2825	0.2806	0.3060	0.3071	0.3134	0.3246	0.3548	0.3878	0.3785	0.3853	0.3726	0.3996	0.4281	0.4618	0.4552	0.4579	0.4437	0.4391	0.4416	0.4850	0.4513	0.4704	0.4869	0.5201	0.5233	0.5275	0.5389	0.5719	0.6057	0.5693	0.5604	0.5641	0.5840	0.6002	0.5957	0.5755	0.5795	0.5666	0.5411	0.5563	0.5322	0.4990	0.5238	0.5473	0.5287	0.5563	0.5331	0.5488	0.5297	0.5027	0.5157	0.5026	0.4971	0.4722	0.4600	0.4776	0.4769	0.4492	0.4338	0.3984	0.3754	0.3651	0.3439	0.3276	0.3199
0.1909	0.2185	0.2645	0.2482	0.2479	0.2643	0.2696	0.2979	0.2797	0.3086	0.3711	0.3586	0.3553	0.3462	0.3463	0.3899	0.4428	0.4502	0.4564	0.4610	0.4557	0.4719	0.4513	0.4655	0.4576	0.4555	0.4465	0.4896	0.5064	0.5383	0.5385	0.5753	0.6009	0.5745	0.5860	0.6083	0.5667	0.5506	0.5568	0.5915	0.5365	0.5618	0.5463	0.5469	0.5241	0.5120	0.5307	0.5206	0.5353	0.5826	0.5360	0.5768	0.5762	0.5692	0.5404	0.4884	0.5262	0.5052	0.4824	0.4861	0.4843	0.4489	0.4304	0.4228	0.3993	0.3776	0.3498	0.3132	0.3288
0.1958	0.2265	0.2415	0.2437	0.2695	0.2601	0.2787	0.2898	0.3029	0.3037	0.3191	0.3621	0.3535	0.3474	0.3917	0.4494	0.4710	0.4499	0.4860	0.4865	0.4809	0.4773	0.4443	0.4579	0.4982	0.4867	0.4521	0.4882	0.5128	0.5110	0.5364	0.5523	0.5898	0.5798	0.6055	0.5876	0.5333	0.5481	0.5599	0.5508	0.5376	0.5335	0.5558	0.5380	0.5400	0.5433	0.5277	0.5681	0.5369	0.5702	0.5922	0.5719	0.6081	0.6219	0.6213	0.5723	0.5262	0.5221	0.4984	0.4737	0.4891	0.4805	0.4855	0.4469	0.3658	0.3631	0.3623	0.3323	0.3253
0.2009	0.2163	0.2277	0.2339	0.2643	0.2577	0.2850	0.3149	0.3382	0.3530	0.3277	0.3624	0.3740	0.3781	0.4042	0.4309	0.4775	0.5159	0.5197	0.5260	0.5257	0.4857	0.4731	0.4880	0.5248	0.5085	0.4854	0.5189	0.5249	0.5318	0.5607	0.5704	0.5772	0.6047	0.6096	0.6039	0.5893	0.5846	0.5857	0.5577	0.5677	0.5694	0.5463	0.5733	0.5276	0.5002	0.5495	0.5824	0.6018	0.6108	0.6118	0.5816	0.6578	0.6168	0.6206	0.6106	0.5812	0.5433	0.4925	0.4703	0.4954	0.4652	0.4795	0.4455	0.3906	0.3700	0.3656	0.3428	0.3311
0.1777	0.2189	0.2232	0.2489	0.2497	0.2502	0.2885	0.3392	0.3338	0.3650	0.3522	0.3640	0.3721	0.4155	0.4077	0.4530	0.4921	0.5544	0.5265	0.5567	0.5710	0.5115	0.5124	0.5003	0.5507	0.5361	0.5199	0.5563	0.5745	0.5961	0.6651	0.6314	0.6485	0.6949	0.6935	0.6643	0.6063	0.5878	0.6037	0.5770	0.5492	0.5640	0.5767	0.5724	0.5464	0.5237	0.5754	0.5930	0.6253	0.6335	0.6084	0.5681	0.5918	0.6028	0.5844	0.6002	0.5960	0.5758	0.5453	0.4988	0.5115	0.4717	0.4752	0.4440	0.4299	0.3929	0.4130	0.3868	0.3553
0.1705	0.2066	0.2287	0.2387	0.2473	0.2582	0.2796	0.3112	0.3395	0.3336	0.3413	0.3541	0.3775	0.3921	0.3983	0.4366	0.4806	0.5216	0.5455	0.5667	0.5770	0.5741	0.5813	0.5552	0.5994	0.6063	0.5701	0.5667	0.5825	0.5992	0.6341	0.6755	0.6800	0.7009	0.7643	0.7640	0.7116	0.6501	0.7166	0.6681	0.6321	0.6467	0.6533	0.6393	0.6051	0.5812	0.5403	0.5948	0.5806	0.6465	0.6046	0.6220	0.6124	0.6720	0.6394	0.6218	0.6151	0.5836	0.5466	0.5471	0.5030	0.4832	0.4871	0.4561	0.4589	0.4182	0.3931	0.3839	0.3506
0.1704	0.2085	0.2240	0.2506	0.2641	0.3011	0.3034	0.3228	0.3519	0.3452	0.3547	0.3716	0.3873	0.4173	0.4298	0.4615	0.4923	0.5286	0.5619	0.5866	0.5724	0.5758	0.5606	0.5977	0.6197	0.5943	0.5965	0.6025	0.6197	0.6150	0.6525	0.6580	0.7192	0.7772	0.8099	0.8219	0.8098	0.8137	0.8202	0.7861	0.7864	0.7785	0.7830	0.7737	0.7226	0.6989	0.6925	0.6628	0.6672	0.6580	0.6604	0.6417	0.6390	0.6392	0.6470	0.6367	0.6031	0.5960	0.5412	0.5205	0.4897	0.4899	0.5202	0.4803	0.4544	0.4467	0.4113	0.3767	0.3781
0.1942	0.2382	0.2581	0.2820	0.2830	0.3030	0.3218	0.3616	0.3736	0.3808	0.3771	0.4068	0.4177	0.4460	0.4366	0.4735	0.5167	0.5398	0.5672	0.6025	0.5914	0.5832	0.5753	0.6019	0.5885	0.6047	0.6042	0.6457	0.6541	0.6576	0.6767	0.7171	0.7296	0.7866	0.8219	0.8219	0.8272	0.8645	0.7705	0.6719	0.8158	0.8617	0.8434	0.8673	0.8126	0.7790	0.8047	0.7733	0.7609	0.7352	0.6703	0.6560	0.6548	0.6343	0.6558	0.6431	0.6242	0.5874	0.5562	0.5155	0.4879	0.4976	0.4970	0.4624	0.4452	0.4206	0.3880	0.3862	0.3802
0.2125	0.2604	0.2890	0.2822	0.3013	0.3252	0.3382	0.3814	0.3941	0.4015	0.4096	0.4496	0.4414	0.4407	0.4794	0.4969	0.5460	0.5889	0.6043	0.6010	0.5814	0.6247	0.6162	0.6115	0.6010	0.6321	0.6521	0.6831	0.7040	0.6519	0.7607	0.7831	0.7473	0.8071	0.8483	0.8183	0.8266	0.8437	0.7480	0.5057	0.6553	0.8675	0.8661	0.7576	0.8155	0.8415	0.8385	0.8478	0.8032	0.7688	0.7289	0.7468	0.7090	0.7158	0.6966	0.6723	0.6664	0.6291	0.6061	0.5170	0.5339	0.5247	0.5314	0.4998	0.4618	0.4318	0.4176	0.4081	0.3937
0.2105	0.3248	0.3868	0.4188	0.4760	0.4995	0.4647	0.4497	0.4617	0.4408	0.4328	0.4389	0.4489	0.4719	0.5016	0.5254	0.5805	0.5879	0.5949	0.5656	0.5814	0.6384	0.6877	0.6085	0.6631	0.6399	0.6619	0.6849	0.7184	0.7087	0.7469	0.7667	0.7892	0.8155	0.8580	0.8405	0.8548	0.8735	0.7458	0.4270	0.4030	0.5930	0.6644	0.5510	0.6135	0.8262	0.9278	0.8806	0.8204	0.8205	0.7965	0.8063	0.7716	0.7778	0.7395	0.7433	0.7111	0.6805	0.6028	0.5790	0.5966	0.5730	0.5522	0.5147	0.4655	0.4665	0.4414	0.4063	0.4133
0.1270	0.2744	0.3969	0.5189	0.6054	0.6612	0.6460	0.6217	0.6153	0.5973	0.5560	0.5272	0.4584	0.4517	0.4917	0.5740	0.5753	0.6057	0.6062	0.5778	0.6080	0.6739	0.6654	0.6771	0.6548	0.6537	0.6466	0.6587	0.7171	0.7504	0.7938	0.7740	0.8012	0.8318	0.8011	0.8114	0.8377	0.7417	0.6501	0.3677	0.2986	0.3350	0.4147	0.4278	0.5400	0.8656	0.8848	0.8657	0.9082	0.8895	0.8598	0.8725	0.8978	0.8484	0.8259	0.6878	0.6365	0.6806	0.6750	0.6284	0.5960	0.5965	0.5700	0.5590	0.4935	0.4865	0.4932	0.4600	0.4422
0.0624	0.1160	0.1589	0.2542	0.3484	0.4089	0.4758	0.5212	0.5532	0.5849	0.6402	0.6120	0.6035	0.5785	0.5616	0.5749	0.5829	0.6470	0.6680	0.6805	0.6976	0.6812	0.7093	0.6794	0.6811	0.6651	0.6559	0.6814	0.8113	0.7805	0.7672	0.8081	0.8079	0.8083	0.8219	0.8430	0.8023	0.5338	0.3877	0.3054	0.2732	0.2843	0.3426	0.3651	0.4354	0.5606	0.6562	0.8916	1.0000	0.9454	0.8842	0.9203	0.8404	0.8169	0.6142	0.5175	0.5740	0.7137	0.7292	0.6930	0.6745	0.6136	0.6056	0.5747	0.5198	0.4902	0.4894	0.4508	0.4481
0.0298	0.0437	0.0710	0.1037	0.1154	0.1390	0.1507	0.2100	0.2497	0.3086	0.3504	0.4426	0.5731	0.5925	0.6118	0.6267	0.6285	0.7065	0.6993	0.7064	0.7604	0.7371	0.7288	0.7218	0.7325	0.7218	0.7154	0.7508	0.8184	0.8329	0.8587	0.8467	0.8632	0.8707	0.9069	0.8445	0.5539	0.3026	0.2346	0.2521	0.2591	0.2633	0.3008	0.3258	0.3862	0.4484	0.7208	0.9845	0.9639	0.9194	0.9035	0.8660	0.7411	0.5605	0.5576	0.7411	0.8213	0.8013	0.7125	0.7253	0.6900	0.6150	0.6248	0.5719	0.5562	0.5309	0.5195	0.4642	0.4105
0.0064	0.0343	0.0486	0.0515	0.0560	0.0724	0.0898	0.1029	0.1331	0.1563	0.1543	0.1799	0.2485	0.3016	0.4127	0.5179	0.5843	0.6487	0.6673	0.6466	0.6657	0.6559	0.6824	0.6948	0.6856	0.6926	0.6285	0.6232	0.6352	0.7125	0.7692	0.7787	0.8690	0.8708	0.7123	0.4312	0.2490	0.2143	0.1965	0.2072	0.2347	0.2390	0.2625	0.2885	0.3252	0.3788	0.5792	0.9209	0.9510	0.8727	0.8558	0.7742	0.5378	0.4211	0.6134	0.8385	0.8586	0.8602	0.8043	0.7597	0.6984	0.6457	0.6682	0.6030	0.5540	0.5440	0.5206	0.4694	0.4647
0.0119	0.0225	0.0297	0.0349	0.0524	0.0550	0.0674	0.0579	0.0836	0.0982	0.0979	0.1170	0.1092	0.1106	0.1649	0.2041	0.2846	0.3172	0.3070	0.3150	0.3237	0.3230	0.3360	0.3328	0.3072	0.2938	0.2308	0.2429	0.2425	0.2774	0.3077	0.3388	0.4149	0.3985	0.2828	0.1902	0.1909	0.1773	0.1838	0.1798	0.1933	0.2048	0.2081	0.2182	0.2429	0.2761	0.3366	0.5132	0.6160	0.6878	0.7049	0.5595	0.3592	0.3498	0.4110	0.5587	0.6549	0.6982	0.7533	0.8183	0.7671	0.7114	0.7003	0.6444	0.5954	0.5832	0.5432	0.4930	0.5016
0.0180	0.0216	0.0367	0.0346	0.0404	0.0457	0.0573	0.0555	0.0502	0.0504	0.0782	0.0939	0.0797	0.0840	0.1015	0.1116	0.1159	0.1088	0.1149	0.1225	0.1398	0.1358	0.1282	0.1409	0.1350	0.1352	0.1388	0.1389	0.1526	0.1587	0.1561	0.1649	0.1660	0.1606	0.1757	0.1593	0.1532	0.1545	0.1572	0.1532	0.1558	0.1675	0.1829	0.1859	0.1982	0.2148	0.2193	0.2439	0.2928	0.3809	0.3767	0.3289	0.3006	0.3179	0.3377	0.3998	0.4731	0.5104	0.6902	0.7605	0.7655	0.6989	0.6729	0.6766	0.6157	0.6288	0.5654	0.5465	0.5126
0.0163	0.0147	0.0228	0.0362	0.0378	0.0499	0.0556	0.0464	0.0596	0.0455	0.0614	0.0670	0.0569	0.0679	0.0706	0.0816	0.0750	0.0948	0.0966	0.0961	0.1038	0.1048	0.1005	0.1048	0.1098	0.0959	0.0969	0.1011	0.1155	0.1165	0.1194	0.1200	0.1365	0.1263	0.1392	0.1313	0.1273	0.1280	0.1240	0.1193	0.1153	0.1312	0.1383	0.1544	0.1610	0.1750	0.1758	0.1940	0.2103	0.2191	0.2315	0.2524	0.2658	0.3157	0.3189	0.3193	0.3621	0.4830	0.7123	0.7865	0.7985	0.5925	0.5660	0.6846	0.6485	0.6483	0.5841	0.5395	0.4993
0.0054	0.0162	0.0218	0.0306	0.0320	0.0423	0.0401	0.0417	0.0403	0.0534	0.0546	0.0533	0.0589	0.0615	0.0657	0.0713	0.0784	0.0838	0.0871	0.0844	0.0795	0.0811	0.0870	0.0952	0.0949	0.0855	0.0995	0.0982	0.1011	0.1091	0.1055	0.1036	0.1009	0.1061	0.1117	0.1069	0.1024	0.0952	0.0983	0.1061	0.1064	0.1099	0.1161	0.1294	0.1329	0.1342	0.1407	0.1408	0.1493	0.1646	0.1824	0.1972	0.2365	0.3465	0.2851	0.2773	0.3190	0.5230	0.7005	0.7331	0.7042	0.5082	0.4526	0.6584	0.6572	0.5830	0.5271	0.5817	0.5602
0.0105	0.0157	0.0175	0.0270	0.0341	0.0339	0.0432	0.0476	0.0406	0.0472	0.0496	0.0602	0.0575	0.0524	0.0684	0.0662	0.0709	0.0732	0.0833	0.0736	0.0665	0.0688	0.0726	0.0756	0.0811	0.0846	0.0807	0.0885	0.0937	0.0876	0.0859	0.0860	0.0894	0.0870	0.0961	0.0965	0.0959	0.0886	0.0886	0.0848	0.0903	0.0881	0.0963	0.1044	0.1075	0.1048	0.1128	0.1214	0.1208	0.1277	0.1481	0.1545	0.1837	0.2232	0.2107	0.2222	0.2504	0.3816	0.5195	0.5228	0.5169	0.3625	0.3474	0.5122	0.4761	0.3612	0.3820	0.5881	0.5060
0.0000	0.0026	0.0236	0.0436	0.0282	0.0253	0.0260	0.0355	0.0328	0.0326	0.0342	0.0594	0.0493	0.0430	0.0478	0.0658	0.0650	0.0646	0.0656	0.0607	0.0665	0.0608	0.0609	0.0652	0.0756	0.0711	0.0704	0.0726	0.0747	0.0763	0.0724	0.0775	0.0798	0.0713	0.0821	0.0766	0.0821	0.0786	0.0715	0.0769	0.0771	0.0745	0.0832	0.0818	0.0864	0.0969	0.1026	0.1038	0.1029	0.1072	0.1228	0.1258	0.1305	0.1369	0.1545	0.1559	0.1607	0.1890	0.2088	0.2382	0.2299	0.2017	0.2134	0.2370	0.2315	0.2171	0.2606	0.3816	0.3344
0.0000	0.0000	0.0165	0.0186	0.0098	0.0114	0.0213	0.0224	0.0285	0.0420	0.0503	0.0492	0.0425	0.0479	0.0427	0.0622	0.0575	0.0513	0.0548	0.0652	0.0608	0.0634	0.0634	0.0647	0.0642	0.0631	0.0652	0.0656	0.0813	0.0743	0.0657	0.0665	0.0708	0.0668	0.0688	0.0655	0.0697	0.0731	0.0695	0.0672	0.0694	0.0733	0.0855	0.0774	0.0826	0.0882	0.0879	0.0843	0.0855	0.0911	0.0923	0.1039	0.1106	0.1078	0.1251	0.1261	0.1257	0.1376	0.1424	0.1644	0.1641	0.1588	0.1603	0.1741	0.1716	0.1779	0.1893	0.2033	0.2435
0.0000	0.0000	0.0000	0.0076	0.0039	0.0144	0.0244	0.0227	0.0284	0.0309	0.0306	0.0476	0.0323	0.0456	0.0514	0.0526	0.0418	0.0576	0.0644	0.0638	0.0515	0.0540	0.0630	0.0709	0.0627	0.0590	0.0592	0.0638	0.0656	0.0651	0.0603	0.0578	0.0653	0.0638	0.0686	0.0631	0.0633	0.0630	0.0582	0.0609	0.0662	0.0665	0.0671	0.0693	0.0681	0.0760	0.0760	0.0707	0.0765	0.0809	0.0841	0.0857	0.0844	0.0916	0.1019	0.1039	0.1033	0.1104	0.1123	0.1219	0.1357	0.1387	0.1304	0.1493	0.1569	0.1745	0.1755	0.1963	0.2630
0.0000	0.0005	0.0026	0.0052	0.0137	0.0205	0.0201	0.0237	0.0248	0.0271	0.0250	0.0206	0.0321	0.0358	0.0411	0.0393	0.0536	0.0547	0.0463	0.0473	0.0518	0.0591	0.0611	0.0522	0.0549	0.0675	0.0632	0.0524	0.0524	0.0606	0.0539	0.0515	0.0508	0.0554	0.0555	0.0627	0.0582	0.0537	0.0583	0.0557	0.0608	0.0591	0.0612	0.0625	0.0600	0.0651	0.0634	0.0614	0.0714	0.0736	0.0690	0.0810	0.0769	0.0805	0.0841	0.0789	0.0913	0.1017	0.0931	0.1020	0.1077	0.1055	0.1098	0.1182	0.1302	0.1304	0.1388	0.1772	0.2152
0.0000	0.0000	0.0006	0.0005	0.0076	0.0096	0.0138	0.0264	0.0119	0.0125	0.0236	0.0218	0.0282	0.0329	0.0322	0.0413	0.0379	0.0391	0.0279	0.0457	0.0470	0.0494	0.0504	0.0469	0.0539	0.0492	0.0492	0.0397	0.0595	0.0496	0.0467	0.0490	0.0469	0.0552	0.0425	0.0505	0.0504	0.0491	0.0503	0.0473	0.0495	0.0479	0.0555	0.0523	0.0505	0.0608	0.0611	0.0561	0.0561	0.0584	0.0650	0.0678	0.0699	0.0735	0.0723	0.0721	0.0821	0.0826	0.0835	0.0865	0.0889	0.0842	0.0776	0.0928	0.0946	0.0845	0.1021	0.1223	0.1429
0.0000	0.0000	0.0000	0.0048	0.0000	0.0000	0.0038	0.0212	0.0136	0.0025	0.0224	0.0290	0.0225	0.0237	0.0315	0.0525	0.0365	0.0315	0.0348	0.0380	0.0362	0.0325	0.0312	0.0408	0.0385	0.0431	0.0468	0.0365	0.0577	0.0521	0.0372	0.0428	0.0499	0.0515	0.0449	0.0444	0.0361	0.0451	0.0451	0.0361	0.0395	0.0476	0.0426	0.0485	0.0452	0.0492	0.0577	0.0573	0.0587	0.0576	0.0613	0.0607	0.0577	0.0602	0.0692	0.0711	0.0758	0.0766	0.0795	0.0806	0.0786	0.0807	0.0774	0.0765	0.0777	0.0769	0.0767	0.0908	0.0923
0.0000	0.0000	0.0000	0.0034	0.0000	0.0042	0.0012	0.0053	0.0065	0.0052	0.0160	0.0186	0.0227	0.0238	0.0282	0.0342	0.0466	0.0403	0.0267	0.0225	0.0340	0.0376	0.0426	0.0303	0.0308	0.0393	0.0433	0.0441	0.0515	0.0496	0.0493	0.0467	0.0454	0.0509	0.0456	0.0388	0.0431	0.0511	0.0424	0.0421	0.0447	0.0549	0.0448	0.0467	0.0412	0.0441	0.0539	0.0509	0.0500	0.0548	0.0565	0.0522	0.0595	0.0570	0.0608	0.0711	0.0770	0.0728	0.0793	0.0704	0.0713	0.0685	0.0717	0.0719	0.0595	0.0562	0.0574	0.0706	0.0730
0.0000	0.0000	0.0000	0.0000	0.0064	0.0052	0.0036	0.0000	0.0027	0.0124	0.0109	0.0215	0.0227	0.0163	0.0231	0.0286	0.0300	0.0314	0.0322	0.0342	0.0423	0.0347	0.0397	0.0368	0.0326	0.0333	0.0379	0.0386	0.0402	0.0458	0.0489	0.0505	0.0428	0.0449	0.0397	0.0357	0.0408	0.0461	0.0479	0.0412	0.0434	0.0414	0.0450	0.0467	0.0509	0.0465	0.0449	0.0497	0.0499	0.0438	0.0476	0.0495	0.0602	0.0497	0.0553	0.0624	0.0618	0.0620	0.0629	0.0619	0.0583	0.0559	0.0645	0.0675	0.0518	0.0570	0.0535	0.0508	0.0578
0.0000	0.0000	0.0000	0.0000	0.0000	0.0073	0.0013	0.0011	0.0113	0.0210	0.0122	0.0113	0.0209	0.0228	0.0209	0.0251	0.0343	0.0172	0.0148	0.0236	0.0275	0.0262	0.0282	0.0370	0.0323	0.0303	0.0307	0.0382	0.0430	0.0371	0.0468	0.0365	0.0427	0.0360	0.0362	0.0363	0.0390	0.0390	0.0352	0.0350	0.0344	0.0375	0.0479	0.0410	0.0427	0.0456	0.0421	0.0440	0.0510	0.0419	0.0414	0.0464	0.0482	0.0485	0.0580	0.0555	0.0460	0.0480	0.0458	0.0481	0.0533	0.0555	0.0520	0.0568	0.0525	0.0539	0.0523	0.0472	0.0414
0.0000	0.0000	0.0000	0.0000	0.0000	0.0006	0.0067	0.0000	0.0023	0.0038	0.0177	0.0130	0.0108	0.0124	0.0120	0.0189	0.0335	0.0205	0.0165	0.0206	0.0233	0.0299	0.0224	0.0286	0.0431	0.0284	0.0256	0.0319	0.0342	0.0428	0.0470	0.0291	0.0379	0.0421	0.0393	0.0450	0.0374	0.0400	0.0328	0.0466	0.0315	0.0379	0.0402	0.0384	0.0433	0.0404	0.0469	0.0411	0.0409	0.0330	0.0413	0.0455	0.0379	0.0418	0.0495	0.0656	0.0471	0.0478	0.0485	0.0505	0.0530	0.0509	0.0533	0.0654	0.0533	0.0566	0.0587	0.0565	0.0622
