0.0000	0.0002	0.0087	0.0035	0.0060	0.0000	0.0027	0.0098	0.0112	0.0038	0.0169	0.0161	0.0287	0.0259	0.0320	0.0409	0.0341	0.0275	0.0417	0.0298	0.0379	0.0305	0.0379	0.0409	0.0547	0.0645	0.0642	0.0564	0.0476	0.0651	0.0683	0.0583	0.0562	0.0712	0.0692	0.0695	0.0645	0.0634	0.0747	0.0777	0.0827	0.0973	0.0935	0.0823	0.0645	0.0768	0.0718	0.0810	0.0787	0.0861	0.0859	0.0724	0.0540	0.0647	0.0880	0.0759	0.0606	0.0592	0.0704	0.0676	0.0630	0.0481	0.0545	0.0484	0.0407	0.0404	0.0325	0.0439	0.0363
0.0000	0.0000	0.0158	0.0121	0.0000	0.0034	0.0141	0.0122	0.0136	0.0104	0.0082	0.0204	0.0304	0.0368	0.0333	0.0417	0.0313	0.0336	0.0344	0.0316	0.0429	0.0482	0.0542	0.0567	0.0559	0.0500	0.0518	0.0607	0.0585	0.0552	0.0658	0.0605	0.0717	0.0701	0.0775	0.0805	0.0708	0.0678	0.0918	0.1079	0.0920	0.0989	0.0885	0.0924	0.1050	0.1099	0.0967	0.0981	0.0798	0.0787	0.0916	0.0714	0.0615	0.0872	0.0934	0.0921	0.0725	0.0699	0.0679	0.0907	0.0819	0.0556	0.0673	0.0594	0.0545	0.0386	0.0418	0.0504	0.0521
0.0000	0.0000	0.0000	0.0144	0.0023	0.0000	0.0129	0.0260	0.0144	0.0101	0.0224	0.0274	0.0216	0.0421	0.0320	0.0429	0.0372	0.0569	0.0493	0.0389	0.0594	0.0556	0.0558	0.0600	0.0696	0.0734	0.0698	0.0770	0.0550	0.0659	0.0814	0.0724	0.0940	0.0919	0.0696	0.0646	0.0960	0.0914	0.1046	0.0891	0.0926	0.0934	0.0993	0.1029	0.1013	0.1058	0.1098	0.1072	0.0933	0.0765	0.0903	0.0956	0.0858	0.0846	0.0879	0.0938	0.1037	0.0824	0.0912	0.0914	0.0798	0.0851	0.0583	0.0622	0.0640	0.0622	0.0467	0.0515	0.0574
0.0000	0.0000	0.0022	0.0059	0.0095	0.0031	0.0228	0.0207	0.0213	0.0289	0.0271	0.0335	0.0430	0.0334	0.0221	0.0269	0.0374	0.0550	0.0574	0.0622	0.0717	0.0552	0.0596	0.0604	0.0714	0.0755	0.0738	0.0707	0.0682	0.0673	0.0723	0.0720	0.0872	0.1031	0.0928	0.0825	0.0854	0.0869	0.1127	0.0900	0.0937	0.0895	0.0938	0.1052	0.0905	0.0922	0.0860	0.0978	0.0912	0.0854	0.0893	0.0972	0.0890	0.0944	0.1157	0.1028	0.1002	0.0957	0.0890	0.0948	0.0859	0.0843	0.0744	0.0788	0.0692	0.0703	0.0595	0.0601	0.0659
0.0000	0.0000	0.0047	0.0010	0.0179	0.0124	0.0155	0.0165	0.0307	0.0382	0.0260	0.0349	0.0490	0.0435	0.0378	0.0311	0.0350	0.0415	0.0473	0.0644	0.0596	0.0564	0.0637	0.0754	0.0775	0.0811	0.0800	0.0693	0.0892	0.0772	0.0597	0.0661	0.0937	0.0888	0.0850	0.0859	0.0902	0.0875	0.1051	0.0807	0.1048	0.0998	0.1109	0.1069	0.0868	0.0945	0.1002	0.1035	0.0973	0.1190	0.1173	0.1094	0.0982	0.1094	0.1187	0.1264	0.1182	0.1058	0.1110	0.1206	0.0990	0.0895	0.0920	0.1134	0.1041	0.0764	0.0892	0.0905	0.0846
0.0015	0.0049	0.0057	0.0044	0.0050	0.0047	0.0197	0.0270	0.0322	0.0302	0.0343	0.0418	0.0608	0.0392	0.0300	0.0294	0.0513	0.0646	0.0604	0.0713	0.0490	0.0597	0.0625	0.0709	0.0949	0.0736	0.0638	0.0667	0.0660	0.0788	0.0823	0.0732	0.0904	0.0974	0.0810	0.0961	0.1015	0.0970	0.1032	0.0991	0.1118	0.1269	0.1086	0.0993	0.1148	0.1198	0.1253	0.1231	0.1186	0.1136	0.1344	0.1278	0.1208	0.1284	0.1319	0.1486	0.1323	0.1181	0.1296	0.1251	0.1372	0.1281	0.1314	0.1302	0.1242	0.1069	0.0810	0.0931	0.1080
0.0000	0.0045	0.0111	0.0167	0.0078	0.0146	0.0167	0.0289	0.0320	0.0234	0.0507	0.0468	0.0525	0.0398	0.0488	0.0509	0.0552	0.0705	0.0535	0.0574	0.0820	0.0696	0.0512	0.0598	0.0786	0.0855	0.0713	0.0680	0.0792	0.0792	0.0786	0.0896	0.1031	0.0955	0.0970	0.0948	0.1003	0.1109	0.1084	0.1143	0.1060	0.1366	0.1266	0.1181	0.1187	0.1141	0.1311	0.1425	0.1405	0.1207	0.1373	0.1439	0.1518	0.1565	0.1471	0.1374	0.1439	0.1403	0.1452	0.1466	0.1482	0.1439	0.1464	0.1466	0.1281	0.1144	0.1120	0.0997	0.1006
0.0000	0.0160	0.0199	0.0207	0.0308	0.0014	0.0390	0.0417	0.0477	0.0317	0.0486	0.0557	0.0670	0.0605	0.0513	0.0504	0.0587	0.0727	0.0687	0.0657	0.0877	0.0858	0.0776	0.0649	0.0745	0.0948	0.0985	0.0728	0.0965	0.0937	0.0839	0.0902	0.1008	0.1104	0.1167	0.1074	0.1103	0.1227	0.1086	0.1235	0.1337	0.1402	0.1444	0.1379	0.1448	0.1537	0.1487	0.1662	0.1553	0.1409	0.1558	0.1499	0.1559	0.1584	0.1576	0.1826	0.1717	0.1675	0.1708	0.1756	0.2175	0.2333	0.1790	0.1659	0.1584	0.1258	0.1148	0.1231	0.1086
0.0071	0.0072	0.0312	0.0254	0.0274	0.0134	0.0470	0.0508	0.0400	0.0492	0.0427	0.0513	0.0801	0.0595	0.0372	0.0687	0.0883	0.0727	0.1067	0.0846	0.0786	0.0866	0.0995	0.0824	0.0815	0.0917	0.0803	0.0894	0.1035	0.1021	0.1025	0.0991	0.1350	0.1156	0.1294	0.1190	0.1159	0.1335	0.1374	0.1490	0.1443	0.1550	0.1674	0.1560	0.1690	0.1781	0.1823	0.1665	0.1905	0.1847	0.2026	0.2049	0.1988	0.2186	0.2054	0.2149	0.2400	0.2326	0.2596	0.3302	0.4020	0.3420	0.2992	0.2469	0.1794	0.1357	0.1334	0.1400	0.1537
0.0042	0.0052	0.0233	0.0234	0.0172	0.0517	0.0498	0.0476	0.0514	0.0644	0.0723	0.0585	0.0748	0.0635	0.0604	0.0760	0.0845	0.0811	0.0862	0.0817	0.0995	0.0991	0.0878	0.0846	0.1049	0.1011	0.0928	0.0941	0.1060	0.1052	0.1088	0.1191	0.1260	0.1199	0.1349	0.1290	0.1369	0.1504	0.1450	0.1707	0.1729	0.1733	0.1858	0.1930	0.2053	0.2157	0.2292	0.2286	0.2199	0.2365	0.2283	0.2555	0.2945	0.2471	0.2710	0.2939	0.3696	0.3870	0.4571	0.4983	0.4530	0.3880	0.3991	0.3451	0.2096	0.1385	0.1500	0.1793	0.1860
0.0000	0.0099	0.0240	0.0309	0.0309	0.0467	0.0470	0.0561	0.0594	0.0649	0.0745	0.0564	0.0564	0.0690	0.0812	0.0893	0.0856	0.0924	0.0939	0.0950	0.1055	0.1074	0.0946	0.0853	0.1144	0.1139	0.1054	0.1171	0.1126	0.1079	0.1114	0.1232	0.1162	0.1486	0.1595	0.1556	0.1643	0.1768	0.1898	0.1746	0.1921	0.2149	0.2350	0.2561	0.2720	0.3336	0.4007	0.4953	0.4313	0.3549	0.3282	0.4605	0.4460	0.3436	0.2932	0.4425	0.5846	0.5353	0.5224	0.4890	0.4473	0.3852	0.3673	0.3530	0.2587	0.1769	0.1635	0.1776	0.1928
0.0112	0.0192	0.0286	0.0447	0.0299	0.0461	0.0348	0.0483	0.0575	0.0603	0.0711	0.0656	0.0722	0.0828	0.0683	0.0763	0.1000	0.0953	0.1161	0.1060	0.1033	0.1267	0.1090	0.0981	0.1233	0.1154	0.1174	0.1223	0.1303	0.1272	0.1369	0.1500	0.1520	0.1686	0.1821	0.1665	0.1907	0.2328	0.2606	0.2835	0.3057	0.3081	0.3795	0.5211	0.5912	0.7073	0.7876	0.7852	0.7123	0.5894	0.4537	0.5174	0.6060	0.5737	0.3789	0.4802	0.6892	0.6079	0.4986	0.4874	0.4580	0.4162	0.3999	0.4373	0.3345	0.2141	0.1900	0.1984	0.2025
0.0278	0.0315	0.0313	0.0420	0.0454	0.0380	0.0315	0.0684	0.0826	0.0462	0.0733	0.0754	0.0678	0.0731	0.0572	0.0821	0.1071	0.1008	0.1071	0.1131	0.1192	0.1264	0.1209	0.1403	0.1345	0.1326	0.1241	0.1394	0.1605	0.1578	0.1639	0.1900	0.2107	0.2197	0.2360	0.2221	0.2749	0.3348	0.3787	0.5194	0.6002	0.6107	0.7533	0.8476	0.8352	0.8303	0.8694	0.8478	0.8291	0.7995	0.6628	0.6247	0.7314	0.6867	0.4919	0.4644	0.6260	0.6085	0.5702	0.4869	0.4484	0.4679	0.4462	0.4620	0.4107	0.2319	0.2076	0.2318	0.2255
0.0120	0.0338	0.0445	0.0399	0.0564	0.0453	0.0578	0.0729	0.0623	0.0547	0.0912	0.0916	0.0880	0.0838	0.0909	0.1025	0.1096	0.1195	0.1088	0.1282	0.1211	0.1491	0.1702	0.1525	0.1761	0.1728	0.1751	0.1888	0.2014	0.2061	0.2159	0.2340	0.2710	0.2926	0.3042	0.3338	0.3827	0.4519	0.5350	0.8090	0.9224	0.8388	0.9159	0.8355	0.8226	0.7778	0.7525	0.7546	0.8101	0.7701	0.7944	0.8389	0.7914	0.7331	0.6090	0.5353	0.6183	0.6240	0.5581	0.4908	0.4590	0.4426	0.4526	0.4271	0.4310	0.3298	0.2732	0.2256	0.2369
0.0137	0.0292	0.0511	0.0374	0.0554	0.0783	0.0748	0.0704	0.0837	0.1022	0.1051	0.1199	0.1199	0.0966	0.1048	0.1304	0.1519	0.1384	0.1474	0.1620	0.1504	0.1849	0.1980	0.2028	0.1934	0.2056	0.2171	0.2344	0.2677	0.2726	0.2857	0.3071	0.3435	0.3746	0.3815	0.4298	0.5012	0.5877	0.7296	0.9278	0.9311	0.8186	0.8048	0.7579	0.7873	0.7470	0.7070	0.7435	0.7816	0.7463	0.7852	0.7823	0.7016	0.6529	0.6911	0.6679	0.6443	0.5956	0.4907	0.4715	0.4555	0.4448	0.4382	0.3993	0.4194	0.3891	0.3574	0.3035	0.2842
0.0224	0.0295	0.0475	0.0729	0.0678	0.0851	0.1015	0.1080	0.1260	0.1225	0.1371	0.1458	0.1530	0.1454	0.1643	0.1717	0.1992	0.1764	0.1921	0.1924	0.2039	0.2311	0.2240	0.2324	0.2513	0.2503	0.2540	0.2572	0.3056	0.2970	0.3315	0.4056	0.4659	0.5077	0.4929	0.6432	0.8641	0.8628	0.8443	0.8720	0.8742	0.7584	0.7780	0.7512	0.7409	0.7703	0.6805	0.7175	0.7115	0.7099	0.7083	0.7327	0.7096	0.6650	0.6577	0.6504	0.6275	0.5640	0.5282	0.5215	0.4505	0.4200	0.4630	0.4719	0.4032	0.3695	0.3754	0.3661	0.3442
0.0320	0.0506	0.0700	0.0836	0.1077	0.1316	0.1464	0.1606	0.1782	0.1879	0.2166	0.2587	0.3199	0.2985	0.2949	0.2756	0.2702	0.2858	0.2706	0.2685	0.3001	0.3131	0.3028	0.2942	0.3148	0.3050	0.3283	0.3474	0.3529	0.3780	0.4368	0.5971	0.8006	0.7986	0.7207	0.8704	0.9732	0.9343	0.9134	0.7599	0.7448	0.7469	0.8174	0.7309	0.7289	0.6885	0.6735	0.6920	0.6682	0.6547	0.6928	0.7018	0.6596	0.6792	0.6345	0.6290	0.5889	0.5724	0.5254	0.5127	0.4583	0.4251	0.4552	0.4245	0.3620	0.3533	0.3576	0.3445	0.3701
0.0609	0.0847	0.1338	0.1596	0.2092	0.2434	0.3112	0.3739	0.4212	0.3829	0.4935	0.5679	0.5903	0.5752	0.5529	0.5423	0.5331	0.6191	0.5156	0.4611	0.5011	0.5998	0.5632	0.4281	0.4267	0.4998	0.5749	0.6303	0.5392	0.5410	0.6757	0.8842	0.9841	1.0000	0.9042	0.8819	0.8439	0.7891	0.7885	0.7579	0.7110	0.6790	0.7361	0.7027	0.6754	0.6138	0.6410	0.6491	0.7002	0.6847	0.6454	0.6851	0.6410	0.6353	0.5606	0.5627	0.5475	0.5276	0.4969	0.4727	0.4578	0.4461	0.4045	0.3926	0.3667	0.3645	0.3377	0.3457	0.3422
0.1295	0.1894	0.2930	0.4031	0.4566	0.5257	0.5364	0.5745	0.6238	0.5719	0.6028	0.6696	0.6737	0.6848	0.6958	0.7825	0.8534	0.8759	0.8808	0.8021	0.8121	0.8906	0.8189	0.7200	0.6950	0.7080	0.8169	0.7591	0.7602	0.8206	0.8014	0.8592	0.8613	0.8923	0.8231	0.7817	0.6913	0.6830	0.7220	0.6996	0.6342	0.6189	0.6908	0.6716	0.6261	0.6298	0.5973	0.6382	0.6417	0.6650	0.6342	0.6094	0.6440	0.6415	0.5823	0.5376	0.5028	0.4720	0.4620	0.4885	0.4966	0.4273	0.3986	0.3902	0.3851	0.3550	0.3403	0.3124	0.3213
0.2074	0.3202	0.3927	0.4181	0.4260	0.4711	0.4842	0.4627	0.4835	0.4960	0.5106	0.5469	0.6032	0.6061	0.6532	0.7179	0.7989	0.8120	0.8047	0.7776	0.8362	0.8309	0.7185	0.7527	0.7335	0.7152	0.8019	0.7527	0.7433	0.7885	0.7816	0.7427	0.7527	0.7513	0.6781	0.6596	0.6444	0.6406	0.6221	0.5945	0.5921	0.6103	0.6431	0.6235	0.6160	0.5815	0.5853	0.6069	0.6314	0.6191	0.6155	0.6142	0.5887	0.6076	0.5677	0.5321	0.5014	0.4738	0.4650	0.4410	0.4622	0.4261	0.3975	0.3789	0.3734	0.3572	0.3458	0.3393	0.3253
0.2230	0.2749	0.2944	0.2939	0.3092	0.3656	0.3778	0.3771	0.3676	0.4288	0.4700	0.4984	0.5929	0.5961	0.5887	0.6354	0.7137	0.7778	0.7018	0.6800	0.7276	0.7156	0.6415	0.6843	0.6621	0.6666	0.6621	0.7009	0.6681	0.6949	0.6836	0.6696	0.6684	0.6450	0.6598	0.6462	0.6541	0.6524	0.5958	0.6043	0.5957	0.5821	0.6168	0.6115	0.5742	0.5692	0.6200	0.5837	0.5807	0.5995	0.6084	0.5779	0.5657	0.6026	0.5569	0.5435	0.5380	0.4876	0.4586	0.4386	0.4380	0.4400	0.3985	0.3708	0.3750	0.3388	0.3447	0.3459	0.3470
0.2346	0.2588	0.2962	0.3115	0.2872	0.2878	0.3294	0.3753	0.3484	0.4036	0.4347	0.4748	0.5301	0.5884	0.5866	0.6115	0.6937	0.7030	0.6892	0.6716	0.6664	0.7005	0.6581	0.6386	0.6121	0.6122	0.5984	0.6121	0.6360	0.6359	0.5958	0.6144	0.6289	0.6091	0.6576	0.6283	0.6143	0.6585	0.6108	0.6082	0.6412	0.5950	0.6003	0.5995	0.5964	0.5896	0.5755	0.5720	0.5451	0.5546	0.6119	0.5662	0.5520	0.5582	0.5355	0.5699	0.5360	0.5076	0.4634	0.4222	0.4452	0.4402	0.3952	0.3752	0.3723	0.3509	0.3310	0.3219	0.3247
0.2047	0.2484	0.2818	0.3171	0.3102	0.2947	0.3396	0.3372	0.3227	0.3703	0.4083	0.4563	0.5063	0.5393	0.5602	0.6321	0.7171	0.7119	0.6458	0.6005	0.6190	0.6578	0.6155	0.6047	0.5873	0.5206	0.5461	0.5649	0.5637	0.5818	0.5807	0.6076	0.6353	0.6488	0.6230	0.6086	0.6077	0.6440	0.6135	0.5992	0.6096	0.5862	0.5871	0.5906	0.6002	0.5977	0.5944	0.5938	0.5567	0.5549	0.5447	0.5804	0.5738	0.5646	0.5502	0.5393	0.5100	0.4918	0.4717	0.4769	0.4695	0.4272	0.4231	0.3934	0.3796	0.3631	0.3246	0.3135	0.2988
0.2166	0.2374	0.2640	0.2888	0.3018	0.3172	0.3533	0.3651	0.3621	0.3409	0.3741	0.3994	0.4458	0.4709	0.5072	0.5601	0.6095	0.6413	0.6125	0.5768	0.5939	0.6291	0.5525	0.5372	0.5732	0.5558	0.5654	0.5802	0.5649	0.5911	0.6085	0.6229	0.6347	0.6602	0.6640	0.6163	0.6237	0.6149	0.6006	0.6142	0.5937	0.5801	0.6153	0.6158	0.5846	0.5871	0.6332	0.5803	0.5547	0.5481	0.5439	0.5447	0.5506	0.5602	0.5343	0.5362	0.5281	0.4993	0.4886	0.4927	0.4815	0.4291	0.4254	0.3887	0.3863	0.3679	0.3318	0.3155	0.3115
0.2153	0.2443	0.2754	0.2949	0.3303	0.3332	0.3528	0.3611	0.3670	0.3570	0.3784	0.4223	0.4454	0.4575	0.4841	0.5371	0.5291	0.5602	0.5847	0.5612	0.5195	0.5326	0.5037	0.5419	0.5602	0.5400	0.5512	0.5606	0.5766	0.5990	0.5906	0.6184	0.6500	0.6488	0.6387	0.6333	0.6480	0.6238	0.6231	0.6368	0.5914	0.6276	0.6152	0.5764	0.5977	0.5750	0.5801	0.5895	0.5683	0.5420	0.5701	0.5420	0.5270	0.5474	0.5494	0.5269	0.5322	0.5156	0.4608	0.4763	0.4861	0.4195	0.4266	0.3936	0.3783	0.3570	0.3304	0.3288	0.3207
0.2066	0.2334	0.2458	0.3005	0.3109	0.3414	0.3612	0.3362	0.3683	0.3656	0.3960	0.4163	0.4123	0.4400	0.4704	0.5089	0.5630	0.5290	0.4808	0.5185	0.5428	0.5450	0.5079	0.5180	0.5511	0.5494	0.5520	0.5891	0.5795	0.5903	0.6485	0.6263	0.6319	0.6561	0.6405	0.6394	0.6357	0.6245	0.6267	0.6157	0.6269	0.6047	0.5843	0.5835	0.6207	0.6318	0.5924	0.5810	0.6117	0.5825	0.5988	0.5868	0.5522	0.5736	0.5691	0.5437	0.5411	0.5103	0.4900	0.4515	0.4745	0.4484	0.4396	0.4088	0.3774	0.3627	0.3419	0.3438	0.3162
0.2374	0.2650	0.2636	0.2792	0.3269	0.3371	0.3411	0.3311	0.3444	0.3218	0.3651	0.3950	0.4499	0.4525	0.4506	0.4878	0.5177	0.4777	0.5194	0.5198	0.5684	0.5795	0.5130	0.5107	0.5164	0.5327	0.5574	0.5475	0.5421	0.5885	0.6226	0.6477	0.6241	0.6388	0.6183	0.6138	0.6206	0.6212	0.6645	0.6374	0.6418	0.6182	0.6133	0.5924	0.6150	0.5959	0.5607	0.5601	0.5920	0.5687	0.5967	0.5618	0.5676	0.5586	0.5508	0.5372	0.5104	0.4972	0.4773	0.4808	0.4670	0.4415	0.4419	0.3895	0.3782	0.3701	0.3268	0.3294	0.3133
0.2390	0.2592	0.2533	0.2958	0.3158	0.3244	0.3187	0.3297	0.3214	0.3880	0.4005	0.4037	0.4498	0.4392	0.4298	0.4767	0.4864	0.4856	0.4927	0.5513	0.5411	0.5480	0.5449	0.5792	0.5553	0.5208	0.5574	0.5545	0.5449	0.5816	0.5904	0.6336	0.6341	0.6112	0.5905	0.6140	0.5912	0.6241	0.6400	0.6272	0.6391	0.6422	0.6293	0.5820	0.5853	0.5774	0.5960	0.5901	0.5682	0.5531	0.6109	0.6028	0.6061	0.5730	0.5561	0.5475	0.5418	0.5137	0.4756	0.5276	0.5055	0.4375	0.3957	0.3583	0.3588	0.3578	0.3416	0.3406	0.3214
0.1969	0.2404	0.2367	0.2838	0.2881	0.2921	0.3360	0.3432	0.3347	0.3806	0.4002	0.3930	0.4298	0.4254	0.4024	0.4269	0.4478	0.5374	0.5491	0.5459	0.5558	0.5138	0.5284	0.5664	0.5646	0.5229	0.5621	0.5925	0.5840	0.5940	0.6184	0.6239	0.6626	0.6175	0.5979	0.6237	0.6281	0.6605	0.6328	0.6351	0.6599	0.6499	0.6141	0.6214	0.6118	0.5821	0.6038	0.5927	0.5836	0.5635	0.5724	0.5527	0.5630	0.5838	0.5730	0.5369	0.5205	0.5141	0.4893	0.4914	0.4609	0.4270	0.4032	0.4079	0.3750	0.3574	0.3276	0.3166	0.2988
0.2114	0.2171	0.2429	0.3017	0.2886	0.3176	0.3202	0.3299	0.3750	0.3572	0.3869	0.4442	0.4096	0.4254	0.4158	0.4443	0.5066	0.5349	0.5515	0.5600	0.5679	0.5549	0.5212	0.5863	0.5596	0.5449	0.5564	0.6090	0.6211	0.6371	0.6168	0.6507	0.6855	0.6889	0.6556	0.6376	0.6941	0.6779	0.6494	0.6296	0.6433	0.6507	0.6222	0.6385	0.6081	0.5850	0.6032	0.6041	0.5551	0.5785	0.5822	0.5637	0.5362	0.5403	0.5325	0.5311	0.4979	0.4940	0.4800	0.4636	0.4358	0.4351	0.4366	0.4324	0.3825	0.3600	0.3542	0.3568	0.3265
0.2306	0.2394	0.2686	0.2727	0.2825	0.3264	0.3313	0.3625	0.3947	0.3975	0.4162	0.3999	0.4095	0.4139	0.4313	0.4752	0.4990	0.5060	0.5352	0.5528	0.5592	0.5702	0.5234	0.5594	0.5501	0.5576	0.5138	0.5722	0.6051	0.6166	0.6490	0.6629	0.6484	0.6666	0.6899	0.6906	0.6556	0.6404	0.6343	0.6369	0.6031	0.6382	0.6230	0.6284	0.5852	0.5757	0.5970	0.5798	0.5858	0.6306	0.6370	0.6194	0.6106	0.5823	0.5409	0.5401	0.5378	0.5116	0.4676	0.4691	0.4521	0.4330	0.4360	0.4069	0.3870	0.3723	0.3493	0.3317	0.3309
0.2065	0.1902	0.2526	0.2736	0.2938	0.3000	0.2972	0.3266	0.3767	0.3965	0.3838	0.3854	0.4267	0.4263	0.4287	0.4907	0.5192	0.5037	0.5162	0.5128	0.5420	0.5677	0.5316	0.5420	0.5783	0.5814	0.5433	0.5783	0.6151	0.5743	0.6345	0.6439	0.6595	0.6406	0.6611	0.6861	0.6678	0.6540	0.6648	0.6525	0.6271	0.6009	0.6265	0.5913	0.5731	0.5567	0.5899	0.6276	0.5798	0.6050	0.6545	0.5857	0.5984	0.6224	0.5958	0.5275	0.5170	0.5340	0.4990	0.4696	0.4842	0.4459	0.4578	0.4223	0.3914	0.3728	0.3793	0.3489	0.3490
0.1901	0.2192	0.2715	0.2842	0.2949	0.2824	0.3301	0.3514	0.3645	0.3826	0.3865	0.3990	0.4299	0.4326	0.4344	0.4655	0.5197	0.5177	0.5107	0.5383	0.5636	0.5561	0.5459	0.5669	0.5897	0.5884	0.5973	0.5971	0.5960	0.6059	0.6365	0.6832	0.6395	0.6553	0.6854	0.6864	0.6928	0.6716	0.6715	0.6427	0.6522	0.6226	0.6366	0.6210	0.6053	0.5899	0.6221	0.6317	0.6465	0.6254	0.6310	0.5971	0.6108	0.5940	0.6064	0.5695	0.5500	0.5435	0.4953	0.4816	0.4606	0.4561	0.4599	0.4219	0.4072	0.3852	0.3787	0.3367	0.3329
0.1891	0.2444	0.2493	0.2862	0.2786	0.2631	0.3239	0.3851	0.3805	0.3533	0.3927	0.4107	0.4429	0.4307	0.4313	0.4737	0.5023	0.5640	0.5318	0.5587	0.5814	0.5661	0.5812	0.5866	0.5772	0.6119	0.6413	0.6407	0.6334	0.6543	0.6545	0.6764	0.6719	0.6842	0.6625	0.6399	0.6486	0.6489	0.6814	0.6200	0.6514	0.6580	0.6274	0.6335	0.6320	0.6218	0.6483	0.6231	0.6377	0.6536	0.6537	0.6220	0.6057	0.6033	0.5997	0.5866	0.5703	0.5397	0.5250	0.4936	0.4854	0.4671	0.4283	0.4389	0.4034	0.4064	0.3927	0.3506	0.3310
0.1803	0.1938	0.2232	0.2366	0.2563	0.2397	0.2794	0.3723	0.3621	0.3570	0.4004	0.4300	0.4350	0.4528	0.4889	0.5284	0.5584	0.6082	0.6147	0.6014	0.6293	0.6420	0.6332	0.6368	0.6642	0.7059	0.6577	0.6532	0.6501	0.6666	0.6546	0.6430	0.6371	0.6319	0.6693	0.6384	0.6424	0.6308	0.6778	0.6361	0.6409	0.6612	0.6561	0.6459	0.6281	0.6353	0.6245	0.6512	0.5956	0.6536	0.6317	0.6174	0.6479	0.6754	0.6314	0.5878	0.5673	0.5571	0.5405	0.5265	0.5011	0.4564	0.4523	0.4412	0.4234	0.4257	0.3889	0.3718	0.3601
0.1877	0.2116	0.2225	0.2256	0.2448	0.3046	0.3213	0.3716	0.3672	0.3847	0.3903	0.4307	0.4333	0.4784	0.5346	0.5835	0.5976	0.6585	0.6622	0.6734	0.6958	0.6985	0.6628	0.6209	0.6679	0.6669	0.6487	0.6690	0.6719	0.6695	0.6782	0.6427	0.6606	0.6588	0.6355	0.6436	0.6350	0.6345	0.6344	0.5937	0.6068	0.6261	0.6294	0.6328	0.6353	0.6514	0.6582	0.6648	0.6574	0.6772	0.6813	0.6582	0.6679	0.6766	0.6264	0.5881	0.5699	0.5805	0.5587	0.5226	0.5113	0.4736	0.4661	0.4629	0.4301	0.4029	0.3881	0.3867	0.3735
0.1928	0.2221	0.2326	0.2486	0.2435	0.2952	0.3353	0.3667	0.3682	0.3699	0.4212	0.4624	0.4637	0.5120	0.5581	0.5775	0.6312	0.7090	0.7441	0.7401	0.7467	0.7208	0.7064	0.7271	0.6556	0.6774	0.6928	0.7205	0.7535	0.7363	0.7036	0.7420	0.7250	0.7162	0.6575	0.6378	0.6678	0.6369	0.5922	0.5941	0.6051	0.6343	0.6176	0.6698	0.6716	0.6628	0.6664	0.6904	0.7096	0.7301	0.6935	0.6796	0.6482	0.6479	0.6315	0.6197	0.5989	0.5981	0.5828	0.5331	0.5140	0.4824	0.4727	0.4498	0.4429	0.4021	0.3896	0.3690	0.3784
0.2185	0.2456	0.2942	0.2592	0.2496	0.3296	0.3580	0.3445	0.3740	0.3886	0.4174	0.4610	0.4869	0.5198	0.6152	0.6176	0.6860	0.7935	0.8157	0.7986	0.7444	0.7971	0.7631	0.7469	0.7350	0.7662	0.7396	0.7629	0.8010	0.7609	0.8255	0.8602	0.8097	0.8034	0.7964	0.7265	0.7147	0.6948	0.6555	0.6395	0.6650	0.6180	0.6355	0.6491	0.7003	0.6860	0.6874	0.7308	0.7313	0.7306	0.7119	0.7290	0.6954	0.7076	0.6783	0.6310	0.6512	0.5909	0.5771	0.5444	0.5394	0.4938	0.4845	0.4878	0.4455	0.4065	0.4193	0.4124	0.4111
0.2765	0.3715	0.4119	0.4259	0.4112	0.4546	0.4744	0.4642	0.4404	0.4923	0.5250	0.5425	0.5502	0.6032	0.6380	0.7232	0.8578	0.8534	0.8314	0.8375	0.8542	0.8449	0.8339	0.7935	0.8430	0.8237	0.8442	0.8531	0.8598	0.8096	0.8300	0.9085	0.8460	0.8158	0.8745	0.8319	0.7917	0.7930	0.7506	0.7166	0.6968	0.6950	0.7081	0.7158	0.7051	0.7003	0.7192	0.7117	0.7321	0.7532	0.7511	0.7564	0.7314	0.7371	0.6554	0.6545	0.6584	0.6155	0.5825	0.5717	0.5901	0.5654	0.5415	0.5097	0.4840	0.4815	0.4334	0.4254	0.4345
0.1803	0.3054	0.4700	0.5588	0.6554	0.6754	0.7150	0.7274	0.7103	0.7011	0.6742	0.7067	0.7341	0.7820	0.8008	0.8721	0.9558	0.9627	0.9561	0.9283	0.9417	0.9705	0.9437	0.9318	0.9045	0.8896	0.8971	0.8291	0.7775	0.5817	0.5373	0.5983	0.5188	0.5254	0.6737	0.8457	0.9269	0.8876	0.8467	0.7912	0.7537	0.7730	0.7816	0.7941	0.7681	0.7721	0.7873	0.7730	0.7633	0.7776	0.7784	0.7817	0.8148	0.7897	0.7515	0.7133	0.6808	0.6876	0.6801	0.6449	0.6262	0.6146	0.5993	0.5738	0.4961	0.5036	0.4731	0.4568	0.4269
0.0984	0.1291	0.1941	0.2804	0.3562	0.4494	0.5271	0.5585	0.5597	0.6234	0.6333	0.6166	0.6452	0.6828	0.7027	0.7216	0.7279	0.7442	0.7183	0.5963	0.5603	0.5720	0.5548	0.7456	0.6645	0.5915	0.6001	0.4742	0.4027	0.3471	0.3470	0.3677	0.3802	0.3978	0.4520	0.6840	0.9039	0.8465	0.7321	0.8455	0.8815	0.8220	0.8755	0.8272	0.8144	0.7898	0.8131	0.8005	0.7951	0.7844	0.7231	0.6715	0.6334	0.7142	0.8118	0.8078	0.7721	0.7498	0.7581	0.7276	0.6892	0.6819	0.6462	0.5865	0.5509	0.5418	0.5097	0.4907	0.4267
0.0468	0.0552	0.0706	0.0897	0.1052	0.1379	0.1290	0.1657	0.1908	0.2137	0.2398	0.2518	0.2759	0.2345	0.2727	0.2681	0.2594	0.2442	0.2175	0.2181	0.2334	0.2160	0.2268	0.2824	0.2834	0.2454	0.2611	0.2411	0.2612	0.2778	0.2828	0.2935	0.3046	0.3267	0.3610	0.4191	0.5035	0.5598	0.4814	0.6565	0.8228	0.8538	0.8728	0.8372	0.8720	0.8424	0.8431	0.7997	0.6668	0.5096	0.4558	0.4007	0.3863	0.4618	0.6443	0.7078	0.7746	0.8098	0.7949	0.7515	0.7036	0.6502	0.6708	0.6211	0.6010	0.5847	0.5429	0.4763	0.4420
0.0228	0.0377	0.0505	0.0505	0.0595	0.0755	0.0659	0.0854	0.0966	0.1021	0.1210	0.1143	0.1275	0.1263	0.1332	0.1404	0.1545	0.1482	0.1462	0.1452	0.1690	0.1665	0.1788	0.1822	0.1922	0.1968	0.2007	0.1943	0.2107	0.2251	0.2201	0.2154	0.2309	0.2464	0.2562	0.2595	0.2733	0.3261	0.3391	0.3610	0.6006	0.7476	0.5941	0.5996	0.7549	0.7189	0.7937	0.6710	0.3990	0.3066	0.3232	0.3261	0.3472	0.4075	0.4749	0.6514	0.8508	0.8796	0.8109	0.7697	0.7362	0.5963	0.6025	0.6165	0.5494	0.5871	0.5876	0.5169	0.5008
0.0076	0.0394	0.0462	0.0503	0.0581	0.0548	0.0645	0.0754	0.0780	0.0851	0.0834	0.0782	0.0944	0.0851	0.0939	0.1005	0.1137	0.1056	0.1159	0.1161	0.1278	0.1140	0.1308	0.1361	0.1294	0.1301	0.1378	0.1497	0.1559	0.1659	0.1653	0.1766	0.1675	0.1672	0.1775	0.1797	0.2046	0.2152	0.2368	0.2324	0.2811	0.3500	0.2917	0.3116	0.4172	0.3739	0.4493	0.3497	0.2807	0.2727	0.2808	0.3053	0.3175	0.4725	0.5964	0.7436	0.8669	0.8376	0.7902	0.7688	0.7547	0.6950	0.6728	0.6302	0.5699	0.5910	0.5587	0.5349	0.5454
0.0090	0.0309	0.0519	0.0503	0.0464	0.0451	0.0580	0.0710	0.0699	0.0690	0.0821	0.0673	0.0854	0.0697	0.0761	0.0818	0.0937	0.0869	0.0937	0.0948	0.0985	0.0885	0.0868	0.1017	0.1077	0.1061	0.1077	0.1116	0.1238	0.1247	0.1256	0.1285	0.1235	0.1262	0.1363	0.1390	0.1474	0.1655	0.1733	0.1772	0.1656	0.1821	0.2055	0.2108	0.2069	0.1972	0.2246	0.2266	0.2221	0.2388	0.2473	0.2490	0.2847	0.3663	0.4619	0.4501	0.5637	0.7632	0.8005	0.7705	0.7306	0.6756	0.6451	0.6291	0.5938	0.5954	0.5685	0.5764	0.5191
0.0093	0.0364	0.0315	0.0275	0.0463	0.0438	0.0567	0.0522	0.0572	0.0629	0.0619	0.0693	0.0657	0.0648	0.0522	0.0627	0.0791	0.0903	0.0761	0.0837	0.0849	0.0814	0.0807	0.0850	0.0844	0.0830	0.0834	0.0915	0.1097	0.1058	0.0952	0.1068	0.1096	0.1031	0.1036	0.1102	0.1135	0.1269	0.1282	0.1313	0.1328	0.1430	0.1590	0.1689	0.1583	0.1634	0.1691	0.1767	0.1695	0.1746	0.1936	0.2038	0.2124	0.2280	0.2604	0.2905	0.3369	0.5222	0.6837	0.7574	0.7536	0.6969	0.6295	0.6101	0.5871	0.5831	0.5366	0.4347	0.3336
0.0111	0.0197	0.0303	0.0293	0.0355	0.0406	0.0529	0.0440	0.0494	0.0597	0.0600	0.0705	0.0710	0.0557	0.0616	0.0673	0.0897	0.0746	0.0695	0.0691	0.0707	0.0787	0.0804	0.0917	0.0807	0.0787	0.0811	0.0807	0.0961	0.0932	0.0827	0.0965	0.0819	0.0856	0.0939	0.0965	0.0988	0.0975	0.1007	0.1010	0.1072	0.1066	0.1249	0.1296	0.1359	0.1279	0.1242	0.1298	0.1333	0.1336	0.1359	0.1466	0.1720	0.1753	0.1899	0.2176	0.2477	0.2880	0.3626	0.6133	0.6659	0.6372	0.5274	0.3841	0.4091	0.4137	0.3347	0.2255	0.1950
0.0034	0.0142	0.0209	0.0118	0.0199	0.0313	0.0425	0.0421	0.0466	0.0366	0.0512	0.0463	0.0518	0.0579	0.0600	0.0630	0.0728	0.0747	0.0591	0.0625	0.0567	0.0567	0.0647	0.0733	0.0788	0.0767	0.0689	0.0767	0.0836	0.0900	0.0761	0.0786	0.0736	0.0798	0.0798	0.0811	0.0884	0.0885	0.0843	0.0836	0.0861	0.0885	0.0962	0.0955	0.0987	0.1099	0.1085	0.1148	0.1067	0.1070	0.1127	0.1155	0.1247	0.1287	0.1460	0.1775	0.1982	0.2221	0.2762	0.5488	0.6555	0.5869	0.4099	0.2159	0.1793	0.1970	0.1580	0.1814	0.1539
0.0040	0.0124	0.0224	0.0190	0.0247	0.0349	0.0455	0.0457	0.0348	0.0419	0.0516	0.0540	0.0479	0.0496	0.0460	0.0586	0.0652	0.0600	0.0508	0.0575	0.0592	0.0531	0.0579	0.0664	0.0665	0.0626	0.0602	0.0641	0.0722	0.0688	0.0632	0.0620	0.0715	0.0710	0.0675	0.0723	0.0722	0.0674	0.0809	0.0751	0.0749	0.0789	0.0798	0.0842	0.0885	0.0859	0.0909	0.1048	0.0903	0.0876	0.0972	0.0963	0.0928	0.1047	0.1163	0.1235	0.1335	0.1512	0.1873	0.3217	0.3518	0.2988	0.2040	0.1423	0.1305	0.1322	0.1253	0.1391	0.1259
0.0000	0.0000	0.0138	0.0265	0.0197	0.0252	0.0319	0.0214	0.0299	0.0497	0.0370	0.0411	0.0427	0.0400	0.0376	0.0533	0.0574	0.0585	0.0490	0.0510	0.0571	0.0590	0.0504	0.0566	0.0549	0.0610	0.0565	0.0642	0.0629	0.0576	0.0521	0.0526	0.0631	0.0616	0.0599	0.0592	0.0547	0.0567	0.0676	0.0622	0.0691	0.0717	0.0752	0.0725	0.0697	0.0638	0.0777	0.0805	0.0737	0.0784	0.0836	0.0855	0.0838	0.0789	0.0859	0.1022	0.1096	0.1124	0.1218	0.1376	0.1459	0.1209	0.1089	0.1199	0.1083	0.1120	0.1113	0.1099	0.1085
0.0000	0.0021	0.0146	0.0069	0.0079	0.0228	0.0131	0.0139	0.0304	0.0275	0.0240	0.0371	0.0454	0.0418	0.0506	0.0432	0.0572	0.0442	0.0408	0.0464	0.0594	0.0550	0.0499	0.0522	0.0526	0.0553	0.0591	0.0619	0.0513	0.0510	0.0499	0.0543	0.0533	0.0593	0.0518	0.0540	0.0583	0.0602	0.0564	0.0583	0.0636	0.0664	0.0666	0.0629	0.0662	0.0673	0.0669	0.0647	0.0699	0.0697	0.0805	0.0633	0.0656	0.0683	0.0816	0.0832	0.0942	0.0920	0.0928	0.1044	0.1168	0.0971	0.0961	0.1070	0.1106	0.1071	0.0901	0.0908	0.0894
0.0000	0.0003	0.0031	0.0006	0.0135	0.0247	0.0186	0.0233	0.0220	0.0260	0.0249	0.0329	0.0369	0.0266	0.0419	0.0394	0.0404	0.0404	0.0380	0.0383	0.0454	0.0464	0.0443	0.0404	0.0487	0.0594	0.0578	0.0550	0.0478	0.0434	0.0438	0.0441	0.0456	0.0565	0.0433	0.0500	0.0553	0.0508	0.0512	0.0537	0.0593	0.0525	0.0608	0.0552	0.0612	0.0579	0.0616	0.0581	0.0630	0.0566	0.0691	0.0731	0.0578	0.0664	0.0680	0.0735	0.0775	0.0741	0.0777	0.0835	0.0852	0.0822	0.0887	0.0863	0.0914	0.0866	0.0775	0.0807	0.0706
0.0000	0.0000	0.0101	0.0153	0.0095	0.0070	0.0206	0.0165	0.0130	0.0209	0.0281	0.0308	0.0287	0.0226	0.0290	0.0436	0.0431	0.0326	0.0367	0.0321	0.0447	0.0397	0.0402	0.0399	0.0480	0.0505	0.0489	0.0427	0.0394	0.0549	0.0567	0.0487	0.0490	0.0504	0.0488	0.0402	0.0402	0.0447	0.0544	0.0519	0.0481	0.0467	0.0517	0.0519	0.0524	0.0549	0.0622	0.0433	0.0496	0.0498	0.0567	0.0650	0.0632	0.0613	0.0644	0.0607	0.0674	0.0631	0.0655	0.0659	0.0706	0.0637	0.0711	0.0729	0.0678	0.0675	0.0672	0.0599	0.0636
0.0000	0.0000	0.0000	0.0030	0.0023	0.0000	0.0082	0.0237	0.0111	0.0000	0.0164	0.0284	0.0243	0.0137	0.0258	0.0274	0.0298	0.0203	0.0287	0.0284	0.0328	0.0347	0.0283	0.0384	0.0405	0.0416	0.0336	0.0336	0.0379	0.0398	0.0395	0.0461	0.0395	0.0434	0.0427	0.0413	0.0326	0.0402	0.0464	0.0406	0.0418	0.0490	0.0470	0.0427	0.0452	0.0521	0.0574	0.0520	0.0490	0.0474	0.0570	0.0580	0.0523	0.0515	0.0578	0.0605	0.0609	0.0589	0.0598	0.0667	0.0729	0.0615	0.0714	0.0640	0.0599	0.0621	0.0645	0.0648	0.0646
0.0000	0.0000	0.0000	0.0000	0.0004	0.0000	0.0147	0.0109	0.0077	0.0000	0.0088	0.0237	0.0147	0.0093	0.0122	0.0275	0.0373	0.0227	0.0279	0.0300	0.0249	0.0294	0.0247	0.0298	0.0403	0.0405	0.0270	0.0360	0.0315	0.0353	0.0328	0.0309	0.0519	0.0419	0.0396	0.0359	0.0375	0.0491	0.0439	0.0425	0.0424	0.0402	0.0457	0.0428	0.0396	0.0476	0.0480	0.0462	0.0410	0.0557	0.0553	0.0503	0.0417	0.0508	0.0561	0.0563	0.0585	0.0559	0.0600	0.0585	0.0599	0.0582	0.0617	0.0574	0.0510	0.0516	0.0488	0.0610	0.0612
0.0000	0.0000	0.0000	0.0000	0.0000	0.0000	0.0068	0.0148	0.0106	0.0048	0.0112	0.0246	0.0178	0.0161	0.0064	0.0177	0.0321	0.0297	0.0226	0.0309	0.0334	0.0290	0.0314	0.0405	0.0412	0.0279	0.0266	0.0347	0.0383	0.0407	0.0383	0.0377	0.0448	0.0406	0.0410	0.0368	0.0375	0.0455	0.0398	0.0366	0.0398	0.0406	0.0421	0.0368	0.0391	0.0436	0.0439	0.0468	0.0445	0.0486	0.0499	0.0403	0.0424	0.0501	0.0529	0.0499	0.0499	0.0524	0.0537	0.0475	0.0530	0.0533	0.0453	0.0566	0.0470	0.0359	0.0400	0.0374	0.0348
0.0000	0.0000	0.0000	0.0000	0.0000	0.0000	0.0000	0.0092	0.0000	0.0000	0.0011	0.0106	0.0064	0.0129	0.0132	0.0076	0.0159	0.0154	0.0097	0.0178	0.0233	0.0206	0.0180	0.0248	0.0259	0.0242	0.0313	0.0276	0.0398	0.0343	0.0339	0.0351	0.0327	0.0318	0.0331	0.0243	0.0263	0.0379	0.0378	0.0371	0.0343	0.0373	0.0404	0.0403	0.0401	0.0369	0.0377	0.0376	0.0357	0.0388	0.0336	0.0350	0.0401	0.0403	0.0400	0.0479	0.0444	0.0392	0.0465	0.0443	0.0464	0.0386	0.0358	0.0430	0.0440	0.0405	0.0319	0.0325	0.0294
0.0000	0.0000	0.0000	0.0000	0.0000	0.0000	0.0000	0.0118	0.0000	0.0000	0.0037	0.0082	0.0066	0.0099	0.0139	0.0213	0.0238	0.0144	0.0135	0.0257	0.0433	0.0354	0.0249	0.0207	0.0375	0.0210	0.0251	0.0280	0.0269	0.0397	0.0276	0.0426	0.0388	0.0317	0.0373	0.0281	0.0225	0.0306	0.0284	0.0301	0.0380	0.0338	0.0360	0.0366	0.0357	0.0403	0.0368	0.0437	0.0346	0.0381	0.0356	0.0405	0.0490	0.0456	0.0369	0.0545	0.0447	0.0411	0.0397	0.0513	0.0496	0.0452	0.0490	0.0477	0.0553	0.0457	0.0431	0.0357	0.0337
