0.0000	0.0000	0.0019	0.0051	0.0000	0.0031	0.0096	0.0092	0.0092	0.0153	0.0096	0.0195	0.0307	0.0284	0.0289	0.0307	0.0465	0.0429	0.0361	0.0482	0.0457	0.0558	0.0458	0.0424	0.0654	0.0510	0.0434	0.0512	0.0613	0.0619	0.0626	0.0696	0.0917	0.0898	0.0798	0.0828	0.0841	0.0744	0.0876	0.0997	0.0843	0.1107	0.1154	0.0889	0.0772	0.0900	0.0962	0.0950	0.0846	0.1176	0.1163	0.0931	0.0884	0.0862	0.0894	0.0811	0.0714	0.0581	0.0706	0.0676	0.0632	0.0631	0.0710	0.0706	0.0543	0.0458	0.0535	0.0496	0.0467
0.0000	0.0069	0.0172	0.0142	0.0060	0.0194	0.0135	0.0112	0.0308	0.0198	0.0154	0.0341	0.0345	0.0329	0.0161	0.0363	0.0440	0.0514	0.0316	0.0397	0.0554	0.0589	0.0445	0.0507	0.0720	0.0621	0.0532	0.0617	0.0746	0.0799	0.0786	0.0779	0.0929	0.0815	0.0740	0.0808	0.0994	0.0815	0.1023	0.1169	0.1019	0.1147	0.1106	0.1051	0.0961	0.1033	0.1026	0.1194	0.0990	0.1026	0.1212	0.1024	0.0812	0.0819	0.0922	0.0817	0.0784	0.0786	0.0875	0.0867	0.0772	0.0646	0.0650	0.0556	0.0606	0.0414	0.0606	0.0712	0.0494
0.0000	0.0127	0.0050	0.0127	0.0138	0.0117	0.0170	0.0299	0.0268	0.0209	0.0295	0.0385	0.0435	0.0370	0.0405	0.0470	0.0503	0.0617	0.0472	0.0442	0.0659	0.0659	0.0460	0.0631	0.0828	0.0635	0.0792	0.0674	0.0905	0.0860	0.0770	0.0649	0.0801	0.1051	0.0993	0.0747	0.0759	0.0907	0.0987	0.1082	0.1077	0.1104	0.1030	0.1106	0.1008	0.1144	0.1062	0.1347	0.1230	0.0974	0.1210	0.1222	0.0914	0.1134	0.1126	0.1051	0.0992	0.0797	0.0846	0.0839	0.0884	0.0754	0.0713	0.0638	0.0761	0.0625	0.0594	0.0717	0.0629
0.0000	0.0131	0.0000	0.0113	0.0102	0.0124	0.0282	0.0275	0.0228	0.0186	0.0194	0.0360	0.0435	0.0257	0.0293	0.0432	0.0378	0.0585	0.0613	0.0640	0.0714	0.0605	0.0600	0.0637	0.0728	0.0559	0.0563	0.0693	0.0808	0.0658	0.0867	0.0806	0.1003	0.0982	0.1023	0.0888	0.0874	0.0942	0.1016	0.0997	0.1063	0.1024	0.0930	0.1091	0.1042	0.1075	0.1116	0.1125	0.1224	0.1136	0.1341	0.1257	0.1136	0.0996	0.1041	0.0920	0.0943	0.0888	0.0845	0.0851	0.1247	0.1083	0.1015	0.1009	0.0866	0.0827	0.0738	0.0762	0.0856
0.0000	0.0003	0.0054	0.0036	0.0041	0.0165	0.0245	0.0211	0.0230	0.0177	0.0268	0.0311	0.0396	0.0424	0.0340	0.0502	0.0416	0.0519	0.0484	0.0660	0.0651	0.0656	0.0483	0.0589	0.0751	0.0830	0.0667	0.0671	0.0715	0.0760	0.0895	0.0797	0.1039	0.0875	0.1029	0.0960	0.1099	0.1012	0.1001	0.1048	0.0980	0.1154	0.1137	0.1097	0.1115	0.1290	0.1324	0.1263	0.1117	0.1140	0.1125	0.1070	0.1151	0.1098	0.1136	0.1155	0.1049	0.1160	0.0936	0.0994	0.1246	0.1089	0.1232	0.1152	0.1128	0.0881	0.0869	0.0949	0.0919
0.0000	0.0102	0.0309	0.0266	0.0137	0.0280	0.0317	0.0261	0.0256	0.0256	0.0333	0.0550	0.0543	0.0655	0.0633	0.0744	0.0493	0.0512	0.0530	0.0660	0.0679	0.0875	0.0710	0.0795	0.0883	0.0816	0.0676	0.0721	0.0858	0.0939	0.1068	0.0932	0.1103	0.1260	0.1191	0.1007	0.1095	0.1113	0.1070	0.0969	0.1243	0.1315	0.1272	0.1256	0.1281	0.1325	0.1408	0.1631	0.1348	0.1321	0.1354	0.1293	0.1288	0.1308	0.1507	0.1299	0.1248	0.1198	0.1187	0.1291	0.1283	0.1257	0.1214	0.1453	0.1198	0.1073	0.0970	0.1100	0.0967
0.0000	0.0144	0.0349	0.0248	0.0207	0.0168	0.0366	0.0331	0.0395	0.0329	0.0468	0.0479	0.0489	0.0451	0.0562	0.0629	0.0618	0.0547	0.0700	0.0733	0.0673	0.0862	0.0718	0.0704	0.0894	0.0985	0.0726	0.0796	0.0901	0.0920	0.0945	0.0938	0.1102	0.1303	0.1203	0.1030	0.1108	0.1177	0.1175	0.1009	0.1197	0.1386	0.1714	0.1461	0.1268	0.1318	0.1361	0.1514	0.1409	0.1257	0.1557	0.1759	0.1561	0.1530	0.1649	0.1460	0.1462	0.1380	0.1584	0.1488	0.1336	0.1286	0.1333	0.1536	0.1561	0.1142	0.1132	0.1283	0.1230
0.0000	0.0294	0.0406	0.0333	0.0210	0.0228	0.0473	0.0391	0.0446	0.0429	0.0346	0.0447	0.0587	0.0435	0.0581	0.0666	0.0737	0.0661	0.0825	0.0794	0.0854	0.0788	0.0834	0.0849	0.1008	0.1045	0.0976	0.0866	0.1023	0.0927	0.0950	0.0922	0.1169	0.1430	0.1338	0.1158	0.1160	0.1336	0.1414	0.1232	0.1250	0.1577	0.1826	0.1578	0.1532	0.1558	0.1626	0.1880	0.1863	0.1615	0.1812	0.1853	0.1834	0.1596	0.1654	0.1900	0.1660	0.1577	0.1683	0.1614	0.1700	0.1751	0.2024	0.2580	0.2272	0.1730	0.1341	0.1490	0.1204
0.0025	0.0149	0.0310	0.0383	0.0259	0.0342	0.0593	0.0442	0.0396	0.0346	0.0326	0.0417	0.0524	0.0581	0.0591	0.0729	0.0825	0.0693	0.0776	0.0747	0.0892	0.0829	0.1040	0.0850	0.0949	0.0906	0.0919	0.0895	0.1114	0.1059	0.1054	0.0969	0.1233	0.1207	0.1287	0.1331	0.1310	0.1360	0.1494	0.1585	0.1624	0.1803	0.1951	0.1793	0.2018	0.1816	0.1954	0.2023	0.2091	0.2238	0.2328	0.2343	0.2258	0.2068	0.2175	0.2309	0.3006	0.2622	0.2282	0.2137	0.2252	0.2530	0.3862	0.4216	0.3817	0.2907	0.2098	0.1734	0.1368
0.0000	0.0030	0.0279	0.0425	0.0386	0.0390	0.0475	0.0377	0.0552	0.0547	0.0537	0.0529	0.0681	0.0710	0.0754	0.0697	0.1014	0.0930	0.0824	0.0915	0.1007	0.0897	0.0979	0.0958	0.0998	0.1051	0.1022	0.1009	0.1130	0.1159	0.1111	0.1230	0.1385	0.1424	0.1398	0.1417	0.1667	0.1735	0.1787	0.1801	0.2051	0.1957	0.2075	0.2133	0.2197	0.2506	0.2522	0.2531	0.2748	0.3387	0.4877	0.4912	0.3420	0.2621	0.2743	0.2643	0.3514	0.3845	0.2805	0.2842	0.3090	0.4233	0.5140	0.4577	0.3989	0.3756	0.3347	0.2003	0.1682
0.0161	0.0153	0.0296	0.0351	0.0550	0.0450	0.0564	0.0530	0.0485	0.0601	0.0502	0.0616	0.0720	0.0864	0.0664	0.0835	0.1023	0.0951	0.0996	0.0885	0.0889	0.0898	0.1015	0.1026	0.1229	0.1255	0.0992	0.1073	0.1258	0.1298	0.1374	0.1262	0.1461	0.1672	0.1667	0.1628	0.1732	0.2148	0.2019	0.2133	0.2489	0.2843	0.3578	0.2997	0.2788	0.3065	0.4040	0.4923	0.5471	0.6811	0.7353	0.7600	0.5364	0.3156	0.3270	0.3302	0.3299	0.3449	0.3328	0.3426	0.4442	0.5124	0.4793	0.5016	0.4385	0.3557	0.3452	0.2461	0.1791
0.0117	0.0167	0.0384	0.0314	0.0265	0.0399	0.0510	0.0762	0.0527	0.0682	0.0783	0.0791	0.0784	0.0795	0.0779	0.1014	0.1055	0.0987	0.1017	0.1065	0.1072	0.1021	0.1031	0.1227	0.1239	0.1083	0.1225	0.1165	0.1318	0.1410	0.1531	0.1603	0.1751	0.2028	0.2007	0.2049	0.2289	0.2860	0.3028	0.3624	0.5314	0.6907	0.7600	0.5432	0.3767	0.3979	0.6165	0.8289	0.8507	0.8456	0.7743	0.7529	0.6661	0.5253	0.4220	0.3824	0.3719	0.4361	0.3927	0.4116	0.5573	0.5078	0.4421	0.4714	0.4650	0.3713	0.3360	0.2720	0.2090
0.0171	0.0267	0.0344	0.0298	0.0192	0.0263	0.0387	0.0637	0.0641	0.0824	0.0877	0.0814	0.0766	0.0754	0.0876	0.0968	0.1166	0.1219	0.1122	0.1059	0.1120	0.1060	0.1235	0.1291	0.1340	0.1490	0.1446	0.1509	0.1615	0.1708	0.1853	0.2107	0.2552	0.2787	0.2787	0.2952	0.3512	0.4452	0.4782	0.6489	0.8151	0.9091	0.9062	0.8044	0.6489	0.6544	0.8048	0.8710	0.8627	0.8140	0.8104	0.7601	0.7341	0.7069	0.6495	0.5354	0.4220	0.5220	0.5124	0.5097	0.5688	0.5370	0.5096	0.5119	0.4909	0.3985	0.3719	0.3631	0.2757
0.0239	0.0225	0.0365	0.0343	0.0420	0.0362	0.0485	0.0719	0.0682	0.0699	0.0850	0.0978	0.1057	0.1001	0.0963	0.1101	0.1525	0.1430	0.1412	0.1165	0.1281	0.1367	0.1582	0.1721	0.1745	0.1881	0.1973	0.2078	0.2108	0.2191	0.2709	0.2908	0.3569	0.3689	0.3839	0.4446	0.5056	0.5450	0.7193	0.8874	0.8957	0.8701	0.9271	0.8947	0.9028	0.8299	0.8682	0.8386	0.7734	0.7123	0.7673	0.7799	0.7363	0.6599	0.7283	0.7274	0.6336	0.6425	0.6305	0.5837	0.5597	0.5510	0.5459	0.5284	0.4884	0.4112	0.4273	0.3886	0.3049
0.0337	0.0337	0.0482	0.0580	0.0596	0.0657	0.0748	0.0925	0.0966	0.0845	0.1017	0.1283	0.1456	0.1187	0.1282	0.1247	0.1577	0.1585	0.1585	0.1519	0.1867	0.1823	0.1903	0.2254	0.2218	0.2285	0.2353	0.2539	0.2795	0.3006	0.3322	0.4029	0.4635	0.5511	0.5683	0.6591	0.7514	0.8245	0.9433	0.8826	0.8128	0.8576	0.8947	0.8455	0.8718	0.8248	0.7596	0.7438	0.7418	0.7057	0.7324	0.7022	0.6938	0.6103	0.6338	0.6796	0.7174	0.6316	0.5822	0.5863	0.5506	0.5025	0.5099	0.4987	0.4565	0.3812	0.3971	0.4007	0.3667
0.0240	0.0148	0.0375	0.0666	0.0751	0.0975	0.0891	0.1151	0.1376	0.1173	0.1461	0.1402	0.1428	0.1505	0.1696	0.1777	0.2017	0.1837	0.1940	0.2172	0.2192	0.2176	0.2187	0.2311	0.2403	0.2636	0.2851	0.2712	0.3270	0.3410	0.3883	0.5169	0.7021	0.9456	0.9061	0.8809	0.9253	0.9083	0.8455	0.7891	0.7826	0.7709	0.8101	0.8275	0.7904	0.8665	0.7404	0.7164	0.7587	0.6957	0.7061	0.7359	0.7049	0.6310	0.6169	0.6397	0.6236	0.6104	0.5424	0.5589	0.4983	0.4494	0.5208	0.4731	0.4142	0.3789	0.3855	0.3777	0.3977
0.0235	0.0337	0.0657	0.1025	0.0887	0.1320	0.1582	0.1904	0.2260	0.2338	0.2451	0.2668	0.2384	0.2114	0.2310	0.2341	0.2344	0.2368	0.2318	0.2560	0.2724	0.2766	0.2577	0.2643	0.2757	0.3043	0.3105	0.3177	0.3512	0.4117	0.5490	0.7090	0.9427	0.9958	1.0000	0.8797	0.8593	0.8821	0.8576	0.7297	0.7400	0.7319	0.8374	0.8170	0.7737	0.7493	0.7189	0.7224	0.7237	0.6973	0.6928	0.7388	0.6635	0.6268	0.6439	0.6153	0.5945	0.5742	0.5333	0.5720	0.5014	0.4888	0.4900	0.4701	0.4150	0.3847	0.3768	0.3985	0.3675
0.0659	0.0701	0.1241	0.1571	0.1807	0.2323	0.3360	0.4465	0.4854	0.4536	0.5120	0.5212	0.4796	0.4291	0.4070	0.3532	0.3080	0.2950	0.3008	0.2920	0.3336	0.3333	0.3009	0.3198	0.3257	0.3348	0.3626	0.3868	0.4062	0.5566	0.8087	0.9402	0.9442	0.9016	0.8804	0.8155	0.8168	0.7862	0.7745	0.7416	0.7201	0.7146	0.7403	0.7170	0.7014	0.6422	0.7174	0.7174	0.7281	0.6834	0.6727	0.7049	0.6522	0.6308	0.6168	0.5816	0.5450	0.5662	0.5644	0.5257	0.5204	0.5034	0.4578	0.4685	0.4228	0.3879	0.3703	0.3789	0.3558
0.1091	0.1480	0.2407	0.3219	0.4162	0.4197	0.4914	0.4641	0.5227	0.4983	0.5553	0.6024	0.6638	0.7135	0.6765	0.6648	0.6276	0.5323	0.4820	0.4154	0.3831	0.3888	0.3700	0.3578	0.3932	0.4776	0.5549	0.4485	0.4864	0.6888	0.8961	0.8778	0.8864	0.8321	0.7753	0.7507	0.7207	0.6837	0.6655	0.7094	0.6695	0.6468	0.7059	0.6750	0.6798	0.6703	0.6515	0.7095	0.6825	0.6444	0.6592	0.6533	0.6250	0.6112	0.5989	0.5731	0.5274	0.5421	0.5252	0.5123	0.5114	0.4977	0.4702	0.4540	0.4108	0.3674	0.3685	0.3800	0.3621
0.1800	0.2742	0.3597	0.3660	0.3785	0.4046	0.4148	0.4025	0.4512	0.4693	0.5471	0.5696	0.6671	0.6955	0.7460	0.8235	0.8636	0.8871	0.7942	0.7221	0.7161	0.6638	0.5699	0.5495	0.5536	0.7601	0.7829	0.6099	0.6515	0.8023	0.8616	0.8432	0.7553	0.7331	0.6774	0.6849	0.6548	0.6480	0.6204	0.6273	0.6080	0.6240	0.6382	0.6529	0.6605	0.6180	0.5934	0.6080	0.6132	0.6118	0.6031	0.6130	0.5931	0.6072	0.5912	0.5735	0.5467	0.5100	0.4854	0.4911	0.4871	0.4650	0.4968	0.4660	0.4223	0.3958	0.3640	0.3696	0.3430
0.2107	0.2773	0.2834	0.3053	0.2856	0.3499	0.3398	0.3527	0.3782	0.3955	0.4756	0.5181	0.6224	0.6320	0.6427	0.7212	0.7502	0.7995	0.8172	0.7741	0.8057	0.8185	0.7977	0.7812	0.7214	0.8817	0.8086	0.8143	0.7955	0.7850	0.7895	0.7435	0.7147	0.6952	0.6831	0.6601	0.6678	0.6581	0.6294	0.6078	0.5891	0.6158	0.6262	0.6512	0.5911	0.5899	0.6047	0.5968	0.6005	0.5895	0.5796	0.5887	0.5623	0.6049	0.5661	0.5617	0.5342	0.4974	0.4846	0.4652	0.4722	0.4834	0.4735	0.4360	0.3960	0.4075	0.3808	0.3681	0.3701
0.1942	0.2446	0.2929	0.2786	0.2555	0.2764	0.3184	0.3592	0.3815	0.4018	0.4172	0.4827	0.5714	0.6091	0.5992	0.6400	0.7466	0.7834	0.7546	0.6930	0.7088	0.7227	0.7568	0.7427	0.7551	0.8049	0.7843	0.7724	0.7317	0.6703	0.6686	0.6619	0.6522	0.6562	0.6744	0.6377	0.6411	0.6593	0.6178	0.6581	0.6651	0.6309	0.6236	0.6528	0.5945	0.6054	0.6406	0.6057	0.5616	0.5801	0.6244	0.6164	0.5574	0.5639	0.5513	0.5657	0.5670	0.5503	0.4930	0.4902	0.5134	0.4610	0.4614	0.4291	0.4041	0.3847	0.3773	0.3763	0.3563
0.2261	0.2111	0.2389	0.2636	0.2623	0.2861	0.3219	0.3477	0.4070	0.4028	0.4287	0.4795	0.5459	0.6058	0.6074	0.6527	0.7286	0.7541	0.7066	0.6550	0.6928	0.7252	0.7017	0.7145	0.7178	0.6743	0.6903	0.6782	0.6664	0.6714	0.6152	0.6001	0.6356	0.6517	0.6244	0.6284	0.6484	0.6560	0.6494	0.6499	0.6307	0.6082	0.6427	0.6160	0.6053	0.6352	0.6114	0.6092	0.5792	0.5707	0.5601	0.6140	0.5794	0.5670	0.5732	0.5814	0.5672	0.5597	0.5261	0.5254	0.4995	0.4381	0.4427	0.4392	0.4208	0.4143	0.3648	0.3398	0.3358
0.2145	0.2481	0.2535	0.2624	0.2901	0.2867	0.3154	0.3505	0.3396	0.3579	0.4025	0.4462	0.4798	0.5294	0.5595	0.6444	0.6674	0.6824	0.6831	0.6415	0.6475	0.7000	0.6626	0.6223	0.6517	0.5984	0.6181	0.6507	0.6343	0.6412	0.6330	0.6260	0.6312	0.6278	0.6413	0.6260	0.6559	0.6404	0.6263	0.6217	0.6233	0.6374	0.6576	0.6365	0.6434	0.6377	0.6255	0.6271	0.5780	0.5711	0.5598	0.5744	0.5910	0.5407	0.5337	0.5684	0.5441	0.5559	0.5070	0.5039	0.5014	0.4751	0.4893	0.4433	0.4140	0.3832	0.3466	0.3459	0.3590
0.2167	0.2569	0.2481	0.2677	0.3007	0.3045	0.3319	0.3572	0.3651	0.3613	0.3861	0.4205	0.4533	0.4850	0.4867	0.5403	0.5902	0.6515	0.6420	0.6225	0.5734	0.6172	0.6131	0.6458	0.6176	0.6152	0.5699	0.5928	0.6046	0.6210	0.6013	0.6039	0.6588	0.6429	0.6192	0.6263	0.6507	0.6186	0.6348	0.6452	0.6550	0.6755	0.6695	0.6316	0.6428	0.6075	0.6150	0.6339	0.5980	0.5809	0.5747	0.5711	0.5587	0.5628	0.5520	0.5849	0.5540	0.5272	0.4915	0.5187	0.4935	0.4657	0.4782	0.4272	0.3967	0.3864	0.3630	0.3423	0.3332
0.2182	0.2363	0.2729	0.2695	0.2704	0.2879	0.3224	0.3489	0.3276	0.3466	0.3839	0.3557	0.4151	0.4575	0.4582	0.5183	0.5288	0.5546	0.5233	0.5233	0.5332	0.5449	0.5652	0.5713	0.5830	0.5832	0.5628	0.6189	0.6062	0.6438	0.6482	0.5843	0.6417	0.6425	0.6297	0.6543	0.6587	0.6120	0.6317	0.6245	0.6635	0.6667	0.6187	0.6399	0.6484	0.6320	0.6570	0.6336	0.6186	0.6207	0.6296	0.6085	0.5763	0.5822	0.6119	0.5918	0.5845	0.5446	0.5189	0.5292	0.5215	0.4759	0.4592	0.4359	0.4008	0.3983	0.3719	0.3405	0.3315
0.2106	0.2324	0.2705	0.2960	0.2913	0.2801	0.3070	0.3203	0.3241	0.3189	0.3776	0.3801	0.4316	0.4295	0.4394	0.4823	0.4801	0.4901	0.5131	0.5078	0.5105	0.5430	0.5291	0.5528	0.5214	0.5300	0.5982	0.5894	0.6013	0.6234	0.6019	0.6151	0.6530	0.6518	0.5972	0.6020	0.6034	0.6115	0.6266	0.6396	0.6731	0.6543	0.5911	0.5833	0.6518	0.6391	0.6257	0.6059	0.6146	0.6011	0.6510	0.6213	0.5892	0.5598	0.5975	0.5759	0.5457	0.5607	0.5328	0.5255	0.5004	0.4817	0.4866	0.4186	0.3929	0.3668	0.3656	0.3380	0.3221
0.2025	0.2213	0.2518	0.2671	0.2436	0.2724	0.3015	0.3234	0.3063	0.3462	0.3679	0.3850	0.4353	0.4178	0.4619	0.4709	0.4813	0.4807	0.5183	0.5314	0.5159	0.5235	0.4934	0.5369	0.5621	0.5717	0.5691	0.5860	0.5917	0.6096	0.6172	0.6121	0.6189	0.6120	0.6076	0.5958	0.5826	0.6136	0.6334	0.6386	0.6601	0.6386	0.6399	0.5649	0.6233	0.6280	0.6298	0.6291	0.6050	0.5770	0.6459	0.6314	0.6352	0.6161	0.5688	0.5571	0.5511	0.5277	0.4935	0.5262	0.4885	0.4883	0.5122	0.4439	0.4081	0.3997	0.3862	0.3576	0.3663
0.1953	0.2249	0.2529	0.2413	0.2421	0.2830	0.3030	0.3289	0.3051	0.3704	0.3772	0.3949	0.4326	0.4539	0.4859	0.4690	0.4684	0.5194	0.5443	0.4783	0.5202	0.5015	0.5203	0.5157	0.5643	0.5764	0.5839	0.6282	0.6524	0.6033	0.6007	0.6291	0.6417	0.6225	0.6292	0.6073	0.6518	0.6418	0.6514	0.6313	0.6465	0.6587	0.6561	0.6328	0.6198	0.6374	0.6397	0.6523	0.6422	0.6173	0.6296	0.5825	0.5850	0.6008	0.5828	0.5492	0.5052	0.5416	0.5141	0.5077	0.4876	0.4582	0.4955	0.4789	0.4025	0.4029	0.3800	0.3673	0.3616
0.1993	0.2170	0.2705	0.2684	0.2736	0.2644	0.3000	0.3278	0.3175	0.3441	0.3516	0.4266	0.4536	0.4701	0.4416	0.4418	0.5186	0.5465	0.5554	0.5114	0.4852	0.5219	0.5122	0.5647	0.5620	0.5894	0.5728	0.6246	0.6404	0.6504	0.6373	0.6661	0.6909	0.6646	0.6653	0.6395	0.6840	0.6769	0.6854	0.6652	0.6817	0.7204	0.6742	0.6720	0.6806	0.6334	0.6503	0.6461	0.5994	0.6135	0.6101	0.6038	0.5756	0.5584	0.5906	0.5440	0.4798	0.5048	0.5045	0.5040	0.5093	0.4647	0.4368	0.4466	0.4463	0.4039	0.3857	0.3795	0.3565
0.2253	0.2146	0.2460	0.2444	0.2465	0.2518	0.3072	0.3345	0.3351	0.3443	0.3759	0.3812	0.3977	0.4294	0.4348	0.4921	0.5325	0.5324	0.5461	0.5186	0.5150	0.5539	0.5450	0.5701	0.5813	0.5809	0.5397	0.5659	0.6144	0.6493	0.6359	0.6683	0.7020	0.6482	0.6814	0.6962	0.6581	0.6503	0.6668	0.6497	0.6198	0.6476	0.6537	0.6743	0.6401	0.6230	0.6278	0.6183	0.6285	0.6425	0.6133	0.6498	0.6112	0.5975	0.5834	0.5494	0.5557	0.5500	0.5349	0.5064	0.4910	0.4748	0.4574	0.4305	0.4337	0.3768	0.3420	0.3445	0.3415
0.1952	0.2141	0.2220	0.2545	0.2354	0.2499	0.3111	0.3382	0.3537	0.3647	0.4056	0.4013	0.4191	0.4479	0.4928	0.5372	0.5658	0.5674	0.5897	0.5462	0.5790	0.5903	0.5477	0.5744	0.5950	0.5608	0.5243	0.5736	0.6188	0.6289	0.6310	0.6800	0.6761	0.6386	0.6910	0.6752	0.6398	0.6438	0.6452	0.6507	0.6174	0.6254	0.6796	0.6514	0.6493	0.6299	0.6102	0.6594	0.6303	0.6619	0.6739	0.6364	0.6052	0.6356	0.6123	0.5813	0.5677	0.5837	0.5285	0.5361	0.5128	0.4851	0.4886	0.4583	0.3984	0.3856	0.3718	0.3651	0.3607
0.1983	0.2085	0.2250	0.2342	0.2523	0.2816	0.3433	0.3485	0.3772	0.4106	0.4005	0.4386	0.4587	0.4961	0.5059	0.5643	0.5957	0.5964	0.6044	0.6154	0.6258	0.6136	0.6121	0.5986	0.6034	0.5765	0.5603	0.5847	0.6177	0.6087	0.6369	0.6663	0.6544	0.6325	0.6718	0.6808	0.7154	0.6553	0.6617	0.6391	0.6422	0.6582	0.6648	0.6785	0.6781	0.6140	0.6507	0.6795	0.6670	0.6809	0.6385	0.6261	0.6610	0.6312	0.6183	0.6083	0.5799	0.6168	0.5500	0.5122	0.5203	0.5401	0.5025	0.4748	0.4474	0.4032	0.4047	0.3557	0.3712
0.1693	0.1903	0.2428	0.2235	0.2474	0.2886	0.3093	0.3619	0.4045	0.4277	0.4606	0.4819	0.5459	0.5808	0.5711	0.6133	0.6142	0.6345	0.6103	0.6544	0.6588	0.6136	0.6402	0.5984	0.5911	0.6062	0.5978	0.6124	0.5975	0.6150	0.6778	0.6812	0.6517	0.6754	0.7196	0.6827	0.6537	0.6276	0.6650	0.6467	0.6297	0.6724	0.6679	0.6799	0.6261	0.6276	0.6765	0.6651	0.6778	0.6777	0.6746	0.6735	0.6809	0.6563	0.6248	0.6073	0.6032	0.5959	0.5732	0.5486	0.5468	0.5344	0.5216	0.4986	0.4477	0.4474	0.4407	0.4023	0.3913
0.1574	0.2082	0.2375	0.2179	0.2187	0.2821	0.2772	0.3288	0.3513	0.4179	0.4563	0.5154	0.5736	0.6052	0.5987	0.6342	0.6433	0.6155	0.6073	0.6322	0.6488	0.6456	0.6474	0.6802	0.6936	0.6657	0.6420	0.5969	0.5958	0.6075	0.6225	0.6327	0.6186	0.6452	0.6985	0.6913	0.6386	0.6347	0.6853	0.6244	0.6336	0.6830	0.6713	0.6484	0.6177	0.6243	0.6384	0.6756	0.6150	0.6716	0.6582	0.6778	0.6678	0.6913	0.6582	0.6026	0.6344	0.6100	0.5787	0.5717	0.5679	0.5412	0.5362	0.4967	0.4819	0.4591	0.4311	0.4021	0.3691
0.1741	0.2047	0.2029	0.2355	0.2459	0.2888	0.3104	0.3438	0.3749	0.4536	0.4783	0.5033	0.5462	0.6335	0.6346	0.6387	0.6319	0.6606	0.6310	0.7106	0.6843	0.6521	0.6631	0.6933	0.7370	0.7498	0.6908	0.6599	0.6574	0.5834	0.5933	0.5783	0.6180	0.6498	0.6655	0.6727	0.6046	0.6240	0.5933	0.6147	0.6419	0.6566	0.6511	0.6470	0.6342	0.6456	0.6759	0.6945	0.6549	0.6815	0.6989	0.7477	0.6987	0.6930	0.6570	0.6320	0.6086	0.6132	0.5796	0.5736	0.5769	0.5729	0.5405	0.5079	0.4735	0.4453	0.4427	0.4331	0.3754
0.1320	0.1649	0.2045	0.2345	0.2869	0.2821	0.3251	0.3478	0.4138	0.4519	0.4888	0.5344	0.5790	0.6111	0.6565	0.6955	0.6769	0.7294	0.7394	0.7025	0.7326	0.7366	0.7416	0.8244	0.8358	0.8412	0.7945	0.7850	0.7490	0.6331	0.5921	0.6031	0.5905	0.6235	0.6438	0.6307	0.5952	0.6166	0.6007	0.5918	0.6305	0.6402	0.6214	0.6499	0.6381	0.6265	0.6700	0.6808	0.7207	0.7298	0.6897	0.7177	0.6744	0.6647	0.6207	0.6401	0.6466	0.6380	0.5779	0.5443	0.5639	0.5426	0.5457	0.5271	0.4892	0.4460	0.4519	0.4582	0.4410
0.1606	0.1884	0.2283	0.2303	0.2708	0.2703	0.3176	0.3783	0.4140	0.4433	0.5069	0.5683	0.5753	0.6289	0.7207	0.7603	0.8186	0.8759	0.8431	0.8282	0.8207	0.8523	0.8703	0.9140	0.8308	0.7053	0.5913	0.6700	0.8114	0.7435	0.7283	0.6927	0.6237	0.6411	0.6503	0.5968	0.6089	0.6390	0.6110	0.6161	0.6503	0.6281	0.6379	0.6398	0.6737	0.6734	0.6873	0.7091	0.7417	0.7710	0.7096	0.7457	0.7578	0.7352	0.6680	0.6482	0.6717	0.6549	0.6313	0.5666	0.5834	0.5606	0.5566	0.5557	0.5288	0.4741	0.5093	0.4983	0.4824
0.1821	0.2349	0.2958	0.3070	0.3418	0.3713	0.3625	0.3877	0.4163	0.4547	0.5321	0.5923	0.6192	0.7667	0.8261	0.8308	0.9539	0.9046	0.8006	0.7630	0.8003	0.8610	0.6462	0.4773	0.4087	0.3493	0.3647	0.4175	0.5637	0.7584	0.8586	0.8027	0.7320	0.6828	0.6626	0.6139	0.6322	0.6284	0.6301	0.6133	0.6106	0.6384	0.6702	0.6501	0.6391	0.6500	0.6758	0.7004	0.7516	0.7559	0.7422	0.7542	0.7861	0.7618	0.7052	0.6855	0.6694	0.6635	0.6248	0.6184	0.6520	0.6210	0.5944	0.5778	0.5526	0.5092	0.5280	0.4888	0.4515
0.1279	0.2367	0.3346	0.4097	0.4458	0.5345	0.4981	0.4875	0.5068	0.5538	0.5815	0.6651	0.7050	0.7992	0.7810	0.7945	0.6783	0.5691	0.4246	0.3969	0.4603	0.4803	0.3074	0.2630	0.2854	0.2877	0.3095	0.3383	0.3926	0.5578	0.8077	0.8959	0.8501	0.7556	0.6837	0.6551	0.6429	0.5936	0.6181	0.6005	0.6019	0.6342	0.7036	0.6730	0.6825	0.7126	0.7251	0.7238	0.7455	0.7463	0.7426	0.7452	0.7965	0.8079	0.7487	0.6595	0.6600	0.6498	0.6491	0.6625	0.7034	0.6575	0.6352	0.5973	0.5678	0.5411	0.5037	0.4924	0.4656
0.0703	0.1179	0.1791	0.2840	0.3680	0.4565	0.4795	0.5346	0.5306	0.5458	0.5999	0.6383	0.6167	0.5155	0.4423	0.3600	0.2756	0.2647	0.2546	0.2707	0.2626	0.2392	0.2296	0.2375	0.2552	0.2627	0.2688	0.2720	0.3459	0.3988	0.5003	0.7181	0.8653	0.8356	0.8065	0.7355	0.6758	0.5942	0.6294	0.6102	0.6608	0.6460	0.7085	0.7094	0.7333	0.7427	0.7621	0.7731	0.7646	0.7366	0.7430	0.7846	0.7389	0.7371	0.7360	0.6934	0.7014	0.6717	0.6706	0.6889	0.7006	0.6628	0.6372	0.6277	0.5722	0.5481	0.5249	0.5177	0.4734
0.0517	0.0535	0.0798	0.1221	0.1464	0.1787	0.2141	0.2755	0.2898	0.2944	0.3292	0.3233	0.2826	0.1817	0.1851	0.1990	0.1876	0.1949	0.1969	0.2129	0.2132	0.2144	0.2024	0.2211	0.2348	0.2258	0.2471	0.2590	0.3067	0.3374	0.3670	0.4304	0.5546	0.7181	0.8642	0.9019	0.7798	0.7287	0.6795	0.6926	0.7377	0.7226	0.7416	0.7670	0.7799	0.7590	0.7931	0.7863	0.7677	0.7404	0.7805	0.7865	0.7762	0.7866	0.7043	0.7187	0.7140	0.6792	0.6689	0.7040	0.6849	0.6137	0.6306	0.6177	0.5924	0.5595	0.5362	0.4974	0.4713
0.0177	0.0227	0.0444	0.0616	0.0618	0.0845	0.0884	0.0936	0.0974	0.1094	0.1158	0.1269	0.1348	0.1193	0.1312	0.1539	0.1452	0.1558	0.1739	0.1564	0.1926	0.1989	0.1849	0.2112	0.2224	0.2181	0.2304	0.2410	0.2808	0.3086	0.3235	0.3340	0.3938	0.4846	0.6309	0.8841	0.9118	0.8960	0.8405	0.8338	0.8759	0.8559	0.8450	0.8290	0.7890	0.7798	0.8197	0.8427	0.7923	0.7654	0.7933	0.8162	0.8042	0.7846	0.7592	0.7659	0.7518	0.7547	0.7010	0.7113	0.6723	0.6415	0.6335	0.5908	0.5634	0.5455	0.5407	0.5061	0.4723
0.0175	0.0128	0.0353	0.0465	0.0469	0.0630	0.0661	0.0804	0.0794	0.0777	0.0794	0.0799	0.0840	0.0954	0.0938	0.1172	0.1213	0.1217	0.1137	0.1343	0.1535	0.1354	0.1531	0.1796	0.1692	0.1785	0.1903	0.2076	0.2267	0.2546	0.2813	0.3066	0.3107	0.3436	0.3746	0.4868	0.6050	0.7177	0.8327	0.8553	0.8851	0.9021	0.8786	0.8609	0.8638	0.8387	0.8294	0.8483	0.8310	0.8191	0.8036	0.8314	0.8303	0.8388	0.8002	0.8335	0.8055	0.7674	0.7179	0.7283	0.6724	0.6403	0.6415	0.5979	0.5568	0.5487	0.5533	0.5345	0.5108
0.0149	0.0123	0.0293	0.0337	0.0527	0.0509	0.0540	0.0570	0.0680	0.0726	0.0838	0.0793	0.0896	0.0706	0.0954	0.0866	0.0848	0.0928	0.0936	0.0905	0.1082	0.1149	0.1048	0.1178	0.1313	0.1359	0.1365	0.1537	0.1757	0.1886	0.1923	0.2260	0.2471	0.2707	0.2980	0.3114	0.3459	0.4272	0.4967	0.6816	0.9144	0.9650	0.9366	0.9099	0.8954	0.8736	0.8354	0.8745	0.8493	0.8631	0.8562	0.8702	0.9035	0.8711	0.8903	0.8349	0.7593	0.7529	0.7088	0.7046	0.7037	0.6389	0.6130	0.5977	0.5398	0.5682	0.5366	0.5473	0.5207
0.0000	0.0264	0.0284	0.0209	0.0415	0.0535	0.0433	0.0426	0.0613	0.0583	0.0521	0.0612	0.0751	0.0627	0.0923	0.0819	0.0794	0.0854	0.0938	0.0818	0.0823	0.0840	0.0963	0.0942	0.0912	0.0968	0.1004	0.1112	0.1243	0.1227	0.1288	0.1498	0.1703	0.1809	0.2097	0.2316	0.2623	0.3081	0.3552	0.4543	0.8011	0.8852	0.6930	0.8132	0.8479	0.8308	0.8979	0.9262	0.8965	0.8956	0.8833	0.9373	0.9698	0.9039	0.8953	0.8264	0.7452	0.7648	0.7137	0.7464	0.7425	0.7020	0.6384	0.5956	0.5575	0.5623	0.4922	0.4866	0.4841
0.0100	0.0120	0.0253	0.0308	0.0239	0.0373	0.0639	0.0398	0.0448	0.0420	0.0554	0.0702	0.0761	0.0540	0.0622	0.0641	0.0776	0.0774	0.0883	0.0868	0.0835	0.0785	0.0872	0.0812	0.0805	0.0826	0.0894	0.1035	0.1148	0.1015	0.1012	0.1076	0.1155	0.1317	0.1471	0.1484	0.1658	0.1919	0.2188	0.2995	0.6648	0.6878	0.3594	0.4443	0.4921	0.5700	0.8857	0.9040	0.6944	0.7466	0.8614	0.8861	0.9568	0.9189	0.8466	0.8206	0.7915	0.7789	0.7553	0.7498	0.6543	0.6427	0.6843	0.5961	0.5265	0.4956	0.4768	0.4873	0.4594
0.0004	0.0137	0.0267	0.0274	0.0113	0.0245	0.0360	0.0581	0.0369	0.0290	0.0405	0.0596	0.0543	0.0554	0.0682	0.0569	0.0650	0.0765	0.0723	0.0804	0.0704	0.0738	0.0723	0.0632	0.0720	0.0799	0.0735	0.1017	0.1029	0.0967	0.0923	0.0997	0.0957	0.1009	0.1031	0.1016	0.1229	0.1290	0.1423	0.1585	0.3303	0.3672	0.1942	0.1920	0.2389	0.3838	0.6867	0.5982	0.3377	0.3413	0.4533	0.5212	0.8241	0.9337	0.8659	0.8754	0.7905	0.7052	0.6948	0.5960	0.3992	0.4164	0.5884	0.6148	0.5685	0.5243	0.5121	0.5227	0.4567
0.0065	0.0092	0.0118	0.0258	0.0171	0.0317	0.0259	0.0415	0.0441	0.0381	0.0474	0.0441	0.0491	0.0541	0.0441	0.0391	0.0575	0.0666	0.0532	0.0621	0.0694	0.0626	0.0629	0.0658	0.0634	0.0694	0.0685	0.0851	0.0784	0.0836	0.0922	0.0940	0.0885	0.0829	0.0867	0.0924	0.0992	0.0995	0.1096	0.1125	0.1248	0.1370	0.1357	0.1349	0.1534	0.1962	0.2734	0.2238	0.1876	0.1927	0.2254	0.2737	0.4646	0.7553	0.7468	0.5520	0.4041	0.3475	0.3786	0.3213	0.2380	0.2563	0.3549	0.5709	0.5705	0.5480	0.5295	0.5145	0.4835
0.0062	0.0125	0.0333	0.0188	0.0081	0.0000	0.0145	0.0399	0.0283	0.0315	0.0423	0.0470	0.0518	0.0494	0.0532	0.0504	0.0625	0.0548	0.0509	0.0493	0.0585	0.0631	0.0638	0.0589	0.0674	0.0773	0.0651	0.0594	0.0757	0.0693	0.0760	0.0750	0.0779	0.0781	0.0808	0.0753	0.0753	0.0814	0.0921	0.0904	0.1109	0.1171	0.1308	0.1078	0.1330	0.1348	0.1308	0.1395	0.1397	0.1420	0.1472	0.1571	0.1982	0.3489	0.3322	0.2120	0.1835	0.1526	0.1864	0.1948	0.1993	0.2159	0.2611	0.5352	0.6368	0.5649	0.5333	0.4344	0.2973
0.0000	0.0050	0.0223	0.0023	0.0090	0.0143	0.0296	0.0469	0.0282	0.0303	0.0318	0.0421	0.0449	0.0318	0.0537	0.0463	0.0556	0.0552	0.0496	0.0524	0.0594	0.0585	0.0514	0.0539	0.0531	0.0709	0.0602	0.0569	0.0626	0.0619	0.0571	0.0690	0.0743	0.0769	0.0737	0.0636	0.0748	0.0864	0.0870	0.0863	0.1054	0.1096	0.1051	0.1065	0.1084	0.1191	0.1242	0.1157	0.1195	0.1185	0.1218	0.1203	0.1191	0.1290	0.1359	0.1385	0.1334	0.1228	0.1264	0.1302	0.1426	0.1348	0.1599	0.2864	0.4671	0.4621	0.3228	0.1928	0.1046
0.0000	0.0000	0.0000	0.0000	0.0078	0.0096	0.0250	0.0324	0.0253	0.0298	0.0330	0.0280	0.0378	0.0446	0.0558	0.0433	0.0468	0.0413	0.0538	0.0443	0.0490	0.0494	0.0546	0.0572	0.0581	0.0569	0.0593	0.0582	0.0576	0.0519	0.0578	0.0605	0.0618	0.0728	0.0736	0.0676	0.0765	0.0736	0.0851	0.0862	0.0872	0.0834	0.0896	0.0928	0.0892	0.0897	0.0992	0.1145	0.1016	0.1006	0.1068	0.1100	0.1032	0.1178	0.1160	0.1057	0.1109	0.1010	0.1005	0.1190	0.1105	0.1036	0.1149	0.1175	0.1579	0.1495	0.0993	0.1055	0.0796
0.0000	0.0000	0.0000	0.0050	0.0000	0.0103	0.0221	0.0165	0.0177	0.0131	0.0253	0.0279	0.0290	0.0285	0.0335	0.0371	0.0422	0.0359	0.0215	0.0313	0.0429	0.0514	0.0430	0.0432	0.0619	0.0468	0.0579	0.0518	0.0582	0.0556	0.0627	0.0589	0.0568	0.0661	0.0627	0.0656	0.0663	0.0688	0.0759	0.0791	0.0843	0.0772	0.0919	0.0831	0.0801	0.0861	0.0943	0.0942	0.0934	0.0872	0.0853	0.0938	0.0919	0.1033	0.0985	0.0950	0.1003	0.0932	0.0844	0.0992	0.0969	0.0816	0.0841	0.0957	0.0920	0.0906	0.0967	0.0881	0.0734
0.0000	0.0000	0.0000	0.0046	0.0000	0.0045	0.0071	0.0188	0.0138	0.0009	0.0102	0.0307	0.0309	0.0157	0.0250	0.0340	0.0442	0.0258	0.0236	0.0384	0.0398	0.0331	0.0257	0.0387	0.0415	0.0503	0.0489	0.0527	0.0549	0.0515	0.0455	0.0477	0.0530	0.0652	0.0573	0.0512	0.0563	0.0717	0.0694	0.0641	0.0758	0.0735	0.0773	0.0770	0.0732	0.0815	0.0817	0.0860	0.0817	0.0736	0.0917	0.0843	0.0851	0.0798	0.0905	0.0967	0.0874	0.0756	0.0824	0.0872	0.0878	0.0697	0.0810	0.0958	0.0892	0.0856	0.0783	0.0754	0.0671
0.0055	0.0000	0.0000	0.0000	0.0000	0.0000	0.0079	0.0150	0.0163	0.0047	0.0172	0.0192	0.0243	0.0172	0.0198	0.0376	0.0400	0.0179	0.0290	0.0378	0.0400	0.0361	0.0355	0.0280	0.0363	0.0406	0.0410	0.0373	0.0472	0.0592	0.0582	0.0485	0.0535	0.0565	0.0549	0.0544	0.0614	0.0712	0.0613	0.0563	0.0614	0.0664	0.0677	0.0734	0.0733	0.0780	0.0756	0.0758	0.0670	0.0757	0.0841	0.0836	0.0849	0.0755	0.0922	0.0951	0.0812	0.0629	0.0811	0.0870	0.0759	0.0643	0.0780	0.0732	0.0644	0.0662	0.0706	0.0621	0.0604
0.0000	0.0000	0.0000	0.0046	0.0000	0.0000	0.0000	0.0219	0.0108	0.0052	0.0200	0.0244	0.0380	0.0135	0.0224	0.0346	0.0253	0.0271	0.0280	0.0327	0.0329	0.0285	0.0368	0.0373	0.0450	0.0376	0.0327	0.0421	0.0471	0.0475	0.0540	0.0448	0.0457	0.0501	0.0618	0.0590	0.0542	0.0684	0.0624	0.0650	0.0614	0.0580	0.0684	0.0723	0.0708	0.0752	0.0732	0.0709	0.0730	0.0729	0.0763	0.0745	0.0819	0.0864	0.0824	0.0817	0.0804	0.0653	0.0750	0.0737	0.0688	0.0570	0.0659	0.0813	0.0686	0.0537	0.0595	0.0502	0.0404
0.0000	0.0000	0.0000	0.0000	0.0000	0.0004	0.0000	0.0129	0.0146	0.0099	0.0167	0.0166	0.0087	0.0195	0.0267	0.0204	0.0255	0.0261	0.0318	0.0209	0.0188	0.0181	0.0248	0.0280	0.0429	0.0304	0.0315	0.0411	0.0429	0.0408	0.0464	0.0475	0.0486	0.0381	0.0459	0.0461	0.0456	0.0498	0.0608	0.0602	0.0569	0.0556	0.0653	0.0660	0.0685	0.0704	0.0671	0.0673	0.0650	0.0644	0.0682	0.0636	0.0704	0.0702	0.0729	0.0766	0.0697	0.0655	0.0685	0.0650	0.0587	0.0482	0.0485	0.0653	0.0600	0.0535	0.0458	0.0467	0.0432
0.0000	0.0000	0.0000	0.0000	0.0049	0.0000	0.0000	0.0073	0.0164	0.0000	0.0081	0.0190	0.0210	0.0105	0.0358	0.0125	0.0246	0.0087	0.0116	0.0196	0.0241	0.0129	0.0121	0.0213	0.0271	0.0242	0.0324	0.0386	0.0389	0.0412	0.0418	0.0438	0.0460	0.0290	0.0423	0.0541	0.0481	0.0471	0.0607	0.0519	0.0568	0.0655	0.0620	0.0592	0.0610	0.0634	0.0585	0.0740	0.0623	0.0657	0.0665	0.0691	0.0699	0.0748	0.0788	0.0846	0.0747	0.0689	0.0675	0.0635	0.0639	0.0612	0.0519	0.0572	0.0692	0.0776	0.0492	0.0446	0.0542
