0.0000	0.0000	0.0000	0.0046	0.0000	0.0000	0.0001	0.0079	0.0227	0.0139	0.0228	0.0257	0.0182	0.0195	0.0198	0.0222	0.0277	0.0357	0.0351	0.0433	0.0545	0.0383	0.0429	0.0651	0.0765	0.0715	0.0662	0.0639	0.0768	0.0708	0.0557	0.0734	0.0893	0.0802	0.0791	0.0912	0.0917	0.0716	0.0880	0.0887	0.0753	0.0839	0.0805	0.0724	0.0760	0.0735	0.0660	0.0739	0.0734	0.0648	0.0742	0.0615	0.0651	0.0555	0.0526	0.0632	0.0481	0.0441	0.0592	0.0447	0.0406	0.0364	0.0414	0.0398	0.0400	0.0433	0.0427	0.0280	0.0227
0.0000	0.0000	0.0000	0.0023	0.0000	0.0063	0.0061	0.0055	0.0230	0.0128	0.0195	0.0263	0.0256	0.0339	0.0288	0.0240	0.0383	0.0425	0.0418	0.0429	0.0582	0.0385	0.0436	0.0603	0.0714	0.0658	0.0764	0.0771	0.0626	0.0858	0.0850	0.0879	0.0978	0.0768	0.0782	0.1086	0.0955	0.0923	0.1039	0.1000	0.0952	0.0827	0.0741	0.0752	0.0722	0.0770	0.0733	0.0745	0.0904	0.0830	0.0749	0.0530	0.0616	0.0710	0.0559	0.0567	0.0415	0.0464	0.0541	0.0660	0.0535	0.0413	0.0514	0.0405	0.0333	0.0324	0.0391	0.0394	0.0330
0.0000	0.0000	0.0099	0.0074	0.0000	0.0065	0.0196	0.0155	0.0094	0.0155	0.0263	0.0365	0.0376	0.0310	0.0308	0.0406	0.0470	0.0440	0.0458	0.0535	0.0613	0.0635	0.0658	0.0817	0.0825	0.0739	0.0916	0.0901	0.0900	0.0879	0.0991	0.0986	0.1026	0.1036	0.0975	0.1063	0.1116	0.1032	0.0977	0.0909	0.1053	0.0978	0.0985	0.1013	0.0884	0.0920	0.1014	0.0818	0.0833	0.0802	0.0801	0.0869	0.0775	0.0667	0.0705	0.0712	0.0706	0.0605	0.0687	0.0698	0.0583	0.0634	0.0729	0.0533	0.0487	0.0518	0.0474	0.0454	0.0466
0.0000	0.0000	0.0119	0.0249	0.0089	0.0053	0.0081	0.0148	0.0162	0.0277	0.0273	0.0280	0.0356	0.0353	0.0281	0.0403	0.0571	0.0572	0.0437	0.0384	0.0770	0.0746	0.0710	0.0732	0.0848	0.0864	0.0857	0.0740	0.0896	0.0842	0.0910	0.0937	0.0931	0.1126	0.1049	0.1076	0.0961	0.1025	0.1008	0.0925	0.0990	0.1052	0.0942	0.0904	0.1046	0.1183	0.0924	0.0764	0.0839	0.0726	0.0828	0.0887	0.0806	0.0728	0.0760	0.0705	0.0675	0.0657	0.0693	0.0793	0.0732	0.0769	0.0854	0.0711	0.0742	0.0622	0.0512	0.0596	0.0490
0.0000	0.0004	0.0206	0.0178	0.0095	0.0198	0.0155	0.0142	0.0128	0.0189	0.0252	0.0248	0.0348	0.0501	0.0376	0.0420	0.0607	0.0453	0.0479	0.0614	0.0679	0.0685	0.0727	0.0656	0.0764	0.0807	0.0798	0.0895	0.0940	0.0987	0.0892	0.0944	0.1068	0.1262	0.1301	0.1096	0.0997	0.1019	0.1179	0.1103	0.0970	0.1085	0.1068	0.1040	0.0913	0.1035	0.0951	0.0880	0.0883	0.0907	0.0781	0.0889	0.0754	0.0879	0.0801	0.0918	0.0744	0.0728	0.0720	0.0842	0.0829	0.0691	0.0825	0.0781	0.0796	0.0618	0.0662	0.0643	0.0621
0.0000	0.0141	0.0094	0.0048	0.0058	0.0139	0.0196	0.0206	0.0163	0.0287	0.0310	0.0327	0.0431	0.0355	0.0410	0.0529	0.0634	0.0547	0.0655	0.0709	0.0809	0.0797	0.0715	0.0659	0.0891	0.0800	0.0817	0.0945	0.1015	0.1052	0.1222	0.1030	0.1091	0.1365	0.1262	0.1278	0.1051	0.1161	0.1307	0.1099	0.1085	0.1172	0.1318	0.1262	0.1022	0.1143	0.1125	0.1113	0.1074	0.1143	0.1019	0.0873	0.1029	0.0941	0.0806	0.1040	0.0918	0.0890	0.0858	0.0867	0.0808	0.0802	0.0893	0.0948	0.0860	0.0797	0.0736	0.0775	0.0804
0.0000	0.0071	0.0031	0.0185	0.0241	0.0158	0.0302	0.0329	0.0307	0.0436	0.0386	0.0442	0.0554	0.0369	0.0485	0.0670	0.0640	0.0691	0.0688	0.0786	0.0926	0.0871	0.0787	0.0835	0.1079	0.1035	0.0926	0.0965	0.1123	0.1111	0.1035	0.1124	0.1349	0.1626	0.1267	0.1260	0.1197	0.1330	0.1415	0.1148	0.1368	0.1378	0.1196	0.1086	0.1070	0.1199	0.1245	0.1306	0.1129	0.1161	0.1286	0.1139	0.1280	0.1220	0.1149	0.1119	0.1067	0.1105	0.1147	0.1180	0.1064	0.1037	0.1107	0.1237	0.1257	0.1002	0.0905	0.1029	0.1024
0.0086	0.0135	0.0118	0.0039	0.0172	0.0240	0.0310	0.0490	0.0416	0.0406	0.0275	0.0423	0.0604	0.0487	0.0566	0.0815	0.0658	0.0722	0.0714	0.0838	0.0971	0.1044	0.0962	0.0867	0.1078	0.1110	0.1050	0.1016	0.1168	0.1274	0.1318	0.1398	0.1333	0.1507	0.1466	0.1352	0.1376	0.1464	0.1471	0.1330	0.1369	0.1391	0.1307	0.1276	0.1353	0.1428	0.1363	0.1431	0.1350	0.1368	0.1405	0.1389	0.1388	0.1263	0.1399	0.1371	0.1176	0.1203	0.1338	0.1338	0.1470	0.1363	0.1318	0.1404	0.1303	0.1111	0.1158	0.1160	0.1248
0.0062	0.0048	0.0201	0.0205	0.0355	0.0310	0.0232	0.0412	0.0463	0.0476	0.0491	0.0485	0.0641	0.0613	0.0601	0.0686	0.0589	0.0701	0.0758	0.0919	0.0963	0.0891	0.1111	0.0919	0.0906	0.1094	0.1147	0.1242	0.1347	0.1288	0.1354	0.1465	0.1560	0.1631	0.1794	0.1817	0.1781	0.1745	0.1573	0.1755	0.1609	0.1638	0.1501	0.1572	0.1612	0.1700	0.1667	0.1756	0.1780	0.1679	0.1744	0.1566	0.1514	0.1512	0.1492	0.1577	0.1474	0.1513	0.1565	0.1463	0.1461	0.1477	0.1395	0.1347	0.1370	0.1261	0.1304	0.1545	0.1428
0.0036	0.0053	0.0216	0.0362	0.0483	0.0397	0.0318	0.0471	0.0530	0.0583	0.0580	0.0612	0.0485	0.0765	0.0634	0.0578	0.0668	0.0989	0.0932	0.0941	0.1080	0.1082	0.1112	0.1011	0.1234	0.1132	0.1283	0.1303	0.1386	0.1407	0.1458	0.1566	0.1716	0.1751	0.1930	0.1961	0.2091	0.2193	0.2156	0.1976	0.2002	0.1914	0.1942	0.1887	0.2007	0.1959	0.2050	0.2052	0.1926	0.1931	0.2005	0.1813	0.1818	0.1788	0.1761	0.1776	0.1614	0.1771	0.1727	0.1669	0.1688	0.1804	0.1673	0.1510	0.1519	0.1569	0.1298	0.1569	0.1659
0.0098	0.0184	0.0234	0.0395	0.0406	0.0487	0.0364	0.0511	0.0544	0.0662	0.0601	0.0513	0.0609	0.0729	0.0714	0.0877	0.0914	0.0998	0.0950	0.1032	0.1145	0.1057	0.1105	0.1254	0.1578	0.1496	0.1334	0.1405	0.1621	0.1734	0.1834	0.2050	0.2013	0.2359	0.2496	0.3246	0.3998	0.3650	0.3019	0.2366	0.2516	0.2432	0.2485	0.2153	0.2402	0.2364	0.2546	0.2331	0.2227	0.2187	0.2235	0.2427	0.2058	0.1861	0.1874	0.2005	0.2006	0.1795	0.1695	0.1934	0.1950	0.1719	0.1626	0.1744	0.1692	0.1512	0.1469	0.1599	0.1591
0.0047	0.0124	0.0258	0.0431	0.0297	0.0420	0.0331	0.0594	0.0457	0.0569	0.0701	0.0659	0.0722	0.0698	0.0760	0.0879	0.0960	0.0995	0.1080	0.1275	0.1180	0.1178	0.1291	0.1413	0.1802	0.1724	0.1819	0.1719	0.1896	0.2316	0.2519	0.2788	0.3094	0.3696	0.4922	0.7082	0.7906	0.6822	0.5636	0.4557	0.3173	0.2717	0.2751	0.2706	0.2929	0.2838	0.2819	0.2613	0.2486	0.2449	0.2564	0.2487	0.2333	0.2466	0.2419	0.2265	0.2282	0.2327	0.2171	0.2243	0.2233	0.2012	0.1826	0.1846	0.1934	0.1771	0.1671	0.1821	0.1694
0.0139	0.0195	0.0345	0.0470	0.0445	0.0393	0.0487	0.0487	0.0627	0.0614	0.0896	0.0765	0.0890	0.0804	0.0742	0.0935	0.1139	0.1098	0.1110	0.1427	0.1416	0.1467	0.1709	0.1800	0.2071	0.2386	0.2443	0.2652	0.3167	0.4265	0.4682	0.5477	0.7301	0.7603	0.8667	0.8299	0.8202	0.7828	0.7358	0.7458	0.5681	0.5230	0.4136	0.3504	0.3415	0.3032	0.3095	0.2898	0.3146	0.2911	0.2852	0.2819	0.2682	0.2764	0.2688	0.2667	0.2330	0.2407	0.2509	0.2334	0.2251	0.2270	0.2256	0.2212	0.2307	0.2271	0.2032	0.2255	0.2035
0.0124	0.0238	0.0294	0.0375	0.0549	0.0575	0.0543	0.0609	0.0803	0.0868	0.0955	0.0943	0.0962	0.0969	0.0852	0.1140	0.1445	0.1539	0.1558	0.1711	0.1878	0.2000	0.2331	0.2532	0.3265	0.3400	0.3939	0.5495	0.6938	0.8222	0.8521	0.8945	1.0000	0.9705	0.9010	0.8082	0.7384	0.7204	0.7523	0.7564	0.7533	0.7457	0.7246	0.6266	0.5530	0.4438	0.3791	0.3727	0.4198	0.3748	0.4037	0.5099	0.4230	0.3255	0.3060	0.3056	0.2781	0.2669	0.2609	0.2499	0.2529	0.2292	0.2287	0.2342	0.2276	0.2260	0.2199	0.2044	0.2217
0.0085	0.0257	0.0386	0.0529	0.0641	0.0690	0.0687	0.0793	0.0858	0.0843	0.0866	0.1132	0.1087	0.1157	0.1381	0.1427	0.1659	0.1834	0.2167	0.2377	0.2553	0.2989	0.3504	0.4282	0.5787	0.5829	0.6131	0.8101	0.8740	0.8693	0.8919	0.9270	0.9410	0.9350	0.8917	0.8096	0.8041	0.7772	0.7855	0.7364	0.7342	0.7740	0.7578	0.7351	0.7005	0.6402	0.5095	0.4924	0.6476	0.6631	0.6829	0.7214	0.6650	0.4861	0.4918	0.5283	0.4162	0.2978	0.2820	0.2879	0.2678	0.2519	0.2693	0.2569	0.2492	0.2482	0.2242	0.2120	0.2309
0.0128	0.0204	0.0358	0.0538	0.0655	0.0786	0.0740	0.1001	0.1012	0.1015	0.1086	0.1396	0.1367	0.1464	0.1926	0.2031	0.2617	0.2805	0.3339	0.3808	0.4068	0.4852	0.5718	0.6923	0.7668	0.7921	0.7765	0.7590	0.7914	0.7300	0.8042	0.8721	0.8682	0.8601	0.8431	0.8209	0.8058	0.7867	0.7485	0.7360	0.7207	0.7133	0.7505	0.7274	0.7111	0.7519	0.7147	0.6913	0.7312	0.7467	0.7253	0.7343	0.7030	0.6456	0.6065	0.6731	0.5955	0.3912	0.3105	0.3389	0.3103	0.2811	0.3135	0.2929	0.3137	0.3513	0.3315	0.2869	0.2980
0.0378	0.0507	0.0527	0.0597	0.0713	0.0912	0.1218	0.1327	0.1289	0.1417	0.1700	0.2063	0.2380	0.2529	0.2983	0.3420	0.4326	0.5590	0.6102	0.6679	0.7169	0.7355	0.7420	0.7400	0.7482	0.7067	0.6995	0.6891	0.6994	0.7041	0.7552	0.8192	0.8342	0.8592	0.8482	0.7949	0.7935	0.7890	0.7735	0.7089	0.6903	0.6802	0.7549	0.7215	0.6421	0.6632	0.6831	0.7415	0.6795	0.6700	0.6874	0.7459	0.7035	0.6753	0.6108	0.6474	0.6775	0.5052	0.4344	0.5373	0.4424	0.3112	0.3019	0.3103	0.3510	0.3995	0.4062	0.3681	0.3518
0.0605	0.0636	0.0821	0.1250	0.1377	0.1715	0.2592	0.2825	0.2990	0.3051	0.3943	0.3864	0.4142	0.4247	0.4778	0.6009	0.6818	0.7771	0.7796	0.7303	0.7405	0.7372	0.6892	0.6735	0.6773	0.6491	0.6585	0.7038	0.6597	0.6908	0.7519	0.7562	0.7631	0.7817	0.7548	0.7314	0.7599	0.7006	0.7064	0.7060	0.6736	0.6788	0.7269	0.7128	0.6569	0.6358	0.6395	0.6799	0.6840	0.6714	0.7022	0.7074	0.6673	0.6422	0.6376	0.6409	0.6433	0.5630	0.5941	0.6450	0.5244	0.3687	0.3355	0.3205	0.3605	0.4325	0.4323	0.4363	0.3949
0.0983	0.1886	0.2408	0.3580	0.4119	0.4692	0.5450	0.5614	0.5960	0.5950	0.5839	0.6270	0.6971	0.6479	0.6689	0.7514	0.7517	0.7231	0.7272	0.6637	0.6473	0.7004	0.6719	0.6072	0.6379	0.5972	0.6271	0.6149	0.6285	0.6713	0.6585	0.6787	0.7172	0.7450	0.7162	0.7257	0.7083	0.6366	0.6794	0.7039	0.6842	0.6411	0.6836	0.6534	0.6747	0.6571	0.6226	0.6342	0.6433	0.6911	0.7063	0.6570	0.6218	0.6339	0.6506	0.6041	0.5677	0.5822	0.5969	0.6405	0.5738	0.4011	0.3561	0.3425	0.3686	0.4486	0.4517	0.4114	0.3874
0.1976	0.3479	0.3831	0.4743	0.4984	0.5333	0.5242	0.5507	0.5745	0.5798	0.5639	0.5777	0.6646	0.6249	0.6584	0.6558	0.6712	0.6918	0.6419	0.6127	0.6042	0.6374	0.6001	0.5572	0.5999	0.5802	0.6035	0.6137	0.6233	0.6590	0.6553	0.6924	0.7389	0.7327	0.6729	0.6920	0.6433	0.6710	0.6339	0.6213	0.6204	0.6337	0.6472	0.6470	0.6819	0.6359	0.6033	0.6142	0.6339	0.6265	0.6401	0.6427	0.6061	0.6219	0.6201	0.5804	0.5879	0.5693	0.5684	0.5644	0.5492	0.5056	0.4268	0.3482	0.3827	0.4666	0.4835	0.4398	0.4001
0.2245	0.2836	0.2961	0.3217	0.3574	0.3542	0.4099	0.4217	0.4271	0.4708	0.4893	0.4679	0.5712	0.5850	0.5350	0.5609	0.5850	0.5942	0.5558	0.5419	0.5573	0.5451	0.5209	0.5258	0.5445	0.5947	0.5877	0.6328	0.6491	0.6177	0.6776	0.7007	0.7085	0.7260	0.6998	0.6882	0.6271	0.6439	0.5973	0.6171	0.6169	0.6410	0.6854	0.6461	0.6266	0.5947	0.5941	0.6058	0.6157	0.6009	0.6038	0.5876	0.5487	0.5854	0.5728	0.5707	0.5758	0.5718	0.5561	0.5537	0.5690	0.5651	0.4959	0.3507	0.4169	0.4623	0.4768	0.4758	0.4117
0.2301	0.2282	0.2674	0.2613	0.2597	0.2831	0.2854	0.3475	0.3715	0.3880	0.4003	0.4132	0.4716	0.5105	0.4769	0.5022	0.5527	0.5370	0.5204	0.5130	0.5378	0.5373	0.5550	0.5171	0.5430	0.5763	0.5705	0.6070	0.6298	0.5938	0.6322	0.6637	0.6837	0.6472	0.6790	0.6683	0.6133	0.6378	0.6135	0.6444	0.6570	0.6551	0.6305	0.6491	0.6256	0.6251	0.5895	0.6035	0.5399	0.5490	0.5834	0.5823	0.5485	0.5527	0.5488	0.5786	0.5754	0.5743	0.5651	0.5726	0.6051	0.5567	0.4757	0.3527	0.4655	0.4904	0.4542	0.4220	0.3970
0.2077	0.2074	0.2477	0.2704	0.2410	0.2456	0.2731	0.3047	0.3287	0.3347	0.3721	0.3982	0.4507	0.4599	0.4575	0.4969	0.5237	0.5002	0.4753	0.4804	0.5438	0.5713	0.5338	0.5421	0.5735	0.5350	0.5745	0.5991	0.6132	0.6468	0.6177	0.6346	0.7035	0.6662	0.6353	0.6393	0.6326	0.6285	0.6032	0.6149	0.6266	0.6133	0.6175	0.6238	0.6350	0.6320	0.5949	0.5701	0.5752	0.5651	0.5704	0.5881	0.5831	0.5849	0.5384	0.5622	0.5847	0.5825	0.5637	0.6064	0.6070	0.5605	0.4523	0.4130	0.4899	0.5031	0.4394	0.3886	0.3858
0.1947	0.2164	0.2265	0.2602	0.2570	0.2703	0.3385	0.3143	0.2953	0.3200	0.3302	0.3640	0.3921	0.4044	0.4209	0.4490	0.5093	0.5113	0.5282	0.5129	0.5198	0.5208	0.5055	0.4701	0.5801	0.5346	0.5513	0.5999	0.6173	0.6255	0.6104	0.6453	0.6726	0.6581	0.6519	0.6153	0.6334	0.6320	0.6062	0.6068	0.6355	0.6230	0.6416	0.6361	0.6216	0.6283	0.6151	0.5984	0.5794	0.5735	0.6040	0.5483	0.5866	0.5783	0.5551	0.5890	0.6417	0.6827	0.6485	0.6556	0.6147	0.5257	0.4270	0.5153	0.5194	0.4625	0.3887	0.3501	0.3505
0.1770	0.2217	0.2176	0.2400	0.2599	0.2435	0.2978	0.2999	0.2902	0.3258	0.3718	0.3877	0.4024	0.4268	0.4188	0.4533	0.4850	0.4855	0.5119	0.5136	0.4874	0.4916	0.5233	0.5471	0.5467	0.5175	0.5323	0.5553	0.5997	0.6209	0.6265	0.6411	0.6698	0.6595	0.6269	0.6210	0.6453	0.6177	0.6329	0.6416	0.6375	0.6632	0.6374	0.5973	0.6060	0.5960	0.5742	0.6130	0.6046	0.6016	0.5917	0.5555	0.5947	0.5696	0.5701	0.5943	0.6312	0.6657	0.6423	0.6117	0.5224	0.5174	0.5448	0.5308	0.5192	0.4314	0.3892	0.3698	0.3300
0.1791	0.2262	0.2309	0.2545	0.2465	0.2525	0.2700	0.2933	0.3143	0.3166	0.3491	0.3896	0.4442	0.4137	0.4138	0.4284	0.4920	0.4900	0.4707	0.4928	0.5014	0.5076	0.5026	0.5211	0.5413	0.5391	0.5294	0.5620	0.6032	0.6126	0.6768	0.6214	0.6272	0.6249	0.6056	0.6038	0.6332	0.6336	0.6640	0.6803	0.6445	0.6125	0.5900	0.6074	0.6366	0.6590	0.6142	0.6423	0.6495	0.6366	0.6244	0.5950	0.6104	0.6129	0.6573	0.6851	0.6734	0.7075	0.6397	0.5633	0.5858	0.5882	0.5524	0.5160	0.4763	0.4452	0.3976	0.3794	0.3505
0.1911	0.2036	0.2428	0.2580	0.2420	0.2667	0.2804	0.2999	0.3144	0.3017	0.3548	0.3997	0.4360	0.4051	0.3990	0.4524	0.4706	0.4709	0.4956	0.4916	0.4980	0.4959	0.5085	0.4980	0.5192	0.5359	0.5316	0.5555	0.5662	0.6068	0.6074	0.6157	0.6476	0.6099	0.6061	0.6121	0.6039	0.6132	0.6437	0.6342	0.6309	0.6074	0.6183	0.6070	0.6509	0.5956	0.5778	0.5968	0.6343	0.6183	0.6273	0.6357	0.6257	0.6265	0.6604	0.6904	0.6760	0.6906	0.7248	0.7153	0.6535	0.5633	0.5156	0.4734	0.4666	0.3992	0.3742	0.3604	0.3489
0.2095	0.2207	0.2149	0.2385	0.2394	0.2482	0.2916	0.2908	0.3209	0.3332	0.3489	0.3759	0.4091	0.4278	0.4400	0.4435	0.4483	0.4422	0.4737	0.4810	0.4830	0.4896	0.5061	0.5086	0.5425	0.5508	0.5391	0.5287	0.5418	0.5921	0.5886	0.6130	0.6185	0.5999	0.6011	0.5823	0.6052	0.6457	0.6360	0.6152	0.6361	0.6402	0.6146	0.5705	0.5693	0.5776	0.5870	0.6031	0.6122	0.5855	0.6483	0.6506	0.6595	0.6584	0.6483	0.6591	0.6563	0.6217	0.6387	0.6772	0.6184	0.5614	0.4818	0.4478	0.4338	0.3966	0.3820	0.3781	0.3584
0.1798	0.2251	0.2050	0.2341	0.2417	0.2339	0.2544	0.2827	0.3215	0.3363	0.3599	0.3704	0.4070	0.3986	0.4186	0.4388	0.4585	0.4793	0.5105	0.4843	0.5085	0.4947	0.5023	0.5271	0.5531	0.5051	0.5366	0.5595	0.5896	0.5869	0.6325	0.6248	0.6443	0.6158	0.5973	0.5982	0.6324	0.6561	0.6434	0.6230	0.6279	0.6209	0.6125	0.5925	0.5796	0.5856	0.5859	0.5861	0.5930	0.5871	0.6099	0.5969	0.5867	0.5910	0.5976	0.5961	0.5633	0.5787	0.5644	0.5822	0.5555	0.4946	0.4521	0.4588	0.4699	0.4316	0.4245	0.3789	0.3527
0.1786	0.2027	0.2305	0.2415	0.2407	0.2423	0.2866	0.2836	0.3195	0.3273	0.3681	0.4020	0.4065	0.3992	0.4150	0.4441	0.4708	0.5222	0.5010	0.5140	0.4814	0.4892	0.5101	0.5416	0.5302	0.5436	0.5522	0.5997	0.6219	0.6205	0.6402	0.6551	0.6772	0.6587	0.6067	0.6152	0.6594	0.6634	0.6406	0.6206	0.6384	0.6397	0.5933	0.6027	0.5999	0.5737	0.5820	0.6052	0.5907	0.6156	0.6056	0.6070	0.6019	0.5632	0.5647	0.5702	0.5362	0.5443	0.5237	0.5369	0.5306	0.5274	0.4900	0.4903	0.4846	0.4686	0.4455	0.4261	0.4046
0.1712	0.2027	0.2334	0.2365	0.2339	0.2316	0.2620	0.2841	0.3218	0.3514	0.3731	0.4101	0.3941	0.4116	0.4296	0.4569	0.4799	0.4747	0.4943	0.5122	0.5146	0.5217	0.5059	0.5319	0.5447	0.5474	0.5255	0.5820	0.5942	0.6026	0.6422	0.6580	0.6740	0.6328	0.6482	0.6615	0.6826	0.6336	0.6274	0.6412	0.6007	0.6482	0.6281	0.6172	0.5918	0.5707	0.5862	0.5913	0.6133	0.6489	0.6189	0.6456	0.6500	0.5778	0.5361	0.5494	0.5684	0.5924	0.5590	0.5630	0.5616	0.5647	0.5595	0.5368	0.5407	0.4864	0.4525	0.4283	0.4225
0.1597	0.1925	0.2116	0.2242	0.2441	0.2554	0.2431	0.2860	0.3116	0.3451	0.3486	0.3839	0.3884	0.3844	0.4191	0.4753	0.4908	0.4675	0.4860	0.4927	0.5114	0.5175	0.4913	0.5435	0.5460	0.5722	0.5368	0.5796	0.6122	0.6103	0.6652	0.6676	0.6647	0.6314	0.6767	0.6599	0.6574	0.6465	0.6574	0.6486	0.6040	0.6356	0.6793	0.6265	0.6252	0.6098	0.5790	0.6253	0.5956	0.6356	0.6455	0.6312	0.6131	0.6055	0.5936	0.5698	0.5602	0.5721	0.5434	0.5831	0.5836	0.6219	0.6626	0.6091	0.5285	0.4750	0.5060	0.4791	0.4813
0.1521	0.1795	0.1875	0.2342	0.2487	0.2435	0.2714	0.2594	0.2951	0.3319	0.3439	0.3867	0.4060	0.4008	0.4163	0.4417	0.4939	0.4866	0.4912	0.4940	0.5228	0.5093	0.5068	0.5513	0.5766	0.5445	0.5490	0.5768	0.6129	0.6239	0.6684	0.6990	0.6529	0.6492	0.6930	0.6613	0.6838	0.6485	0.6376	0.6399	0.6698	0.6509	0.6582	0.6412	0.6571	0.6184	0.6342	0.6348	0.6484	0.6471	0.6481	0.5974	0.6253	0.5797	0.6069	0.6134	0.5997	0.6064	0.5526	0.5746	0.5621	0.5989	0.6152	0.5874	0.5556	0.5205	0.5060	0.4462	0.4719
0.1403	0.1600	0.1849	0.2455	0.2519	0.2629	0.2759	0.2737	0.3190	0.3215	0.3551	0.3752	0.4025	0.4410	0.4217	0.4444	0.4572	0.4655	0.4818	0.5114	0.5120	0.4901	0.5118	0.5184	0.5422	0.5510	0.5537	0.5795	0.6051	0.6011	0.6877	0.6883	0.6705	0.6794	0.6455	0.6410	0.6414	0.6279	0.6408	0.6233	0.6270	0.6493	0.6419	0.6434	0.6198	0.6500	0.6623	0.6331	0.6512	0.6656	0.6592	0.6053	0.5938	0.5799	0.6138	0.5955	0.5877	0.5832	0.6102	0.5995	0.6169	0.6136	0.5925	0.6261	0.5723	0.5644	0.5293	0.4518	0.4621
0.1380	0.1622	0.1770	0.2145	0.2458	0.2555	0.2639	0.2913	0.3020	0.3181	0.3373	0.3580	0.3798	0.4164	0.4085	0.4243	0.4316	0.4605	0.4621	0.4993	0.5085	0.4975	0.5167	0.5463	0.5787	0.5508	0.5316	0.5812	0.5998	0.6115	0.6051	0.6375	0.6216	0.6347	0.6535	0.6598	0.6212	0.6286	0.6481	0.5982	0.6195	0.6350	0.6397	0.6164	0.6365	0.6686	0.6094	0.6394	0.6329	0.6866	0.6432	0.6333	0.6183	0.6260	0.6162	0.6161	0.6167	0.6227	0.6133	0.6251	0.6220	0.5973	0.5952	0.6172	0.5990	0.5549	0.5083	0.4816	0.4729
0.1285	0.1628	0.1968	0.2184	0.2294	0.2625	0.2801	0.3150	0.3264	0.3626	0.3614	0.3927	0.3990	0.4648	0.4288	0.4292	0.4240	0.4342	0.4433	0.4683	0.4895	0.5104	0.5074	0.5112	0.5760	0.5648	0.5351	0.5662	0.5948	0.5965	0.5888	0.5920	0.6369	0.6521	0.6449	0.6314	0.6107	0.6150	0.5905	0.5701	0.5904	0.6019	0.6278	0.6051	0.6135	0.6574	0.6826	0.6837	0.6964	0.6956	0.6643	0.6541	0.6127	0.6133	0.6012	0.6160	0.6281	0.6242	0.6114	0.6168	0.6008	0.5812	0.6359	0.6274	0.6080	0.5425	0.5435	0.5069	0.5086
0.1195	0.1502	0.2200	0.2348	0.2497	0.3137	0.3586	0.3672	0.3985	0.4192	0.4117	0.4602	0.4716	0.4853	0.4740	0.4568	0.4507	0.4522	0.4726	0.4907	0.4966	0.5302	0.5087	0.5062	0.5134	0.5436	0.5475	0.5705	0.5917	0.6039	0.5779	0.6228	0.6425	0.6416	0.6132	0.6072	0.6039	0.5803	0.5398	0.5348	0.5767	0.5872	0.5960	0.6362	0.6266	0.6330	0.6717	0.6652	0.7020	0.7008	0.6627	0.6384	0.6343	0.6195	0.6175	0.6494	0.6480	0.6400	0.6425	0.6280	0.6044	0.5849	0.6127	0.5972	0.5770	0.5494	0.5481	0.5304	0.4998
0.1325	0.1924	0.2197	0.2579	0.2735	0.3468	0.4115	0.4210	0.4663	0.4973	0.5062	0.5313	0.5726	0.5407	0.5815	0.5561	0.5550	0.5533	0.5049	0.4816	0.4922	0.5304	0.5031	0.5331	0.5588	0.5353	0.5504	0.5837	0.5894	0.5588	0.6279	0.6301	0.5965	0.6323	0.6396	0.5927	0.5974	0.5825	0.5728	0.5620	0.5836	0.5575	0.6163	0.6426	0.6582	0.6643	0.6747	0.6804	0.6934	0.7083	0.6824	0.6907	0.6722	0.6770	0.6614	0.6880	0.7193	0.7057	0.6917	0.6195	0.6452	0.6113	0.5794	0.5603	0.5719	0.5357	0.5451	0.5344	0.3971
0.1523	0.2729	0.3083	0.3495	0.3564	0.4208	0.4961	0.4947	0.5218	0.5860	0.5996	0.6386	0.6516	0.6478	0.6699	0.6623	0.6835	0.6170	0.5588	0.4711	0.4723	0.5258	0.5159	0.5173	0.5677	0.5287	0.5296	0.5392	0.5636	0.5722	0.5954	0.6465	0.6270	0.6038	0.6207	0.5937	0.5839	0.6052	0.5989	0.5953	0.6155	0.6627	0.6678	0.6906	0.6895	0.6756	0.6924	0.6870	0.6936	0.7214	0.7206	0.7084	0.7120	0.7178	0.7059	0.7166	0.6616	0.7347	0.7041	0.6912	0.6869	0.6220	0.5635	0.5829	0.5666	0.5380	0.5086	0.4843	0.3063
0.1021	0.1980	0.2766	0.3534	0.4059	0.5049	0.5478	0.5493	0.5699	0.6005	0.6352	0.6698	0.6573	0.7223	0.7284	0.7624	0.7622	0.7185	0.7096	0.6118	0.5154	0.5267	0.5321	0.5081	0.5099	0.5253	0.5175	0.5376	0.5406	0.5430	0.6024	0.5916	0.5693	0.5955	0.5725	0.5950	0.6132	0.6159	0.6470	0.6304	0.6254	0.7009	0.7201	0.7213	0.6871	0.7214	0.7162	0.7129	0.7484	0.7769	0.7575	0.7298	0.7575	0.7336	0.7337	0.6323	0.4947	0.7271	0.7875	0.7604	0.7090	0.6328	0.6226	0.6071	0.5683	0.5325	0.5278	0.4829	0.3036
0.0710	0.0912	0.1186	0.1470	0.1741	0.2288	0.2729	0.2934	0.2959	0.3553	0.4098	0.4289	0.4414	0.4884	0.4740	0.5612	0.7063	0.7733	0.7732	0.7498	0.6780	0.6016	0.5418	0.5081	0.5060	0.5054	0.5172	0.5357	0.5697	0.5758	0.5795	0.5928	0.5888	0.5938	0.5771	0.6426	0.6558	0.6368	0.6639	0.6741	0.7052	0.6922	0.7194	0.6900	0.6936	0.7233	0.7380	0.7418	0.7776	0.7874	0.7506	0.7485	0.7362	0.7300	0.6935	0.5129	0.3969	0.6261	0.8409	0.8138	0.7534	0.6821	0.6324	0.6093	0.5713	0.5260	0.5394	0.4300	0.2680
0.0277	0.0417	0.0620	0.0715	0.0705	0.0880	0.1066	0.1335	0.1443	0.1573	0.1922	0.1984	0.1974	0.2184	0.2585	0.2919	0.3984	0.5429	0.5062	0.5882	0.7753	0.7003	0.6544	0.6403	0.5856	0.5097	0.5168	0.5380	0.5895	0.6164	0.6242	0.6216	0.6216	0.6524	0.6502	0.6854	0.7151	0.7120	0.6874	0.6749	0.7002	0.6754	0.7010	0.6976	0.7032	0.7244	0.7659	0.7768	0.7711	0.7916	0.7739	0.7482	0.7080	0.6822	0.4936	0.3531	0.3405	0.4405	0.6469	0.8321	0.8132	0.6956	0.6638	0.6151	0.5960	0.5557	0.5001	0.2868	0.2246
0.0169	0.0174	0.0404	0.0551	0.0427	0.0458	0.0600	0.0724	0.0810	0.0910	0.1051	0.1270	0.1430	0.1437	0.1725	0.2055	0.2054	0.2667	0.2744	0.3112	0.4635	0.5495	0.5907	0.6967	0.7330	0.6867	0.6471	0.6632	0.6937	0.7317	0.7099	0.6588	0.7006	0.7117	0.7037	0.6948	0.6830	0.7250	0.6811	0.6714	0.7122	0.6766	0.6778	0.6984	0.7033	0.7022	0.7688	0.8013	0.7639	0.8227	0.7517	0.6950	0.6880	0.4986	0.2850	0.2838	0.3115	0.3474	0.3975	0.7155	0.8436	0.6919	0.6877	0.6670	0.6082	0.5532	0.3602	0.2221	0.2322
0.0016	0.0384	0.0338	0.0440	0.0533	0.0510	0.0482	0.0603	0.0621	0.0800	0.0699	0.0886	0.0946	0.1048	0.1087	0.1243	0.1437	0.1579	0.1736	0.2005	0.2302	0.2534	0.3128	0.4596	0.6576	0.6650	0.6210	0.7105	0.7848	0.8152	0.7953	0.7615	0.7610	0.7153	0.7350	0.7422	0.7173	0.7106	0.7085	0.6952	0.6887	0.7089	0.6940	0.6895	0.7334	0.7155	0.7642	0.6866	0.7192	0.7942	0.7260	0.7153	0.6060	0.3270	0.2263	0.2489	0.2725	0.3001	0.3285	0.6514	0.8272	0.7418	0.7392	0.5888	0.5908	0.4598	0.2439	0.1964	0.2046
0.0093	0.0395	0.0336	0.0320	0.0368	0.0398	0.0467	0.0522	0.0572	0.0771	0.0683	0.0669	0.0798	0.0706	0.0885	0.0883	0.0910	0.1040	0.1117	0.1295	0.1463	0.1517	0.1675	0.2173	0.3093	0.3215	0.3381	0.3881	0.5257	0.6872	0.8108	0.8574	0.8343	0.8329	0.8215	0.7860	0.7771	0.7816	0.7699	0.7570	0.7398	0.7386	0.7546	0.7554	0.7554	0.7393	0.6713	0.5207	0.6837	0.7730	0.7329	0.6683	0.4596	0.2115	0.2031	0.2075	0.2204	0.2490	0.2890	0.5632	0.8262	0.7310	0.5705	0.3143	0.3652	0.2846	0.2118	0.2029	0.1979
0.0008	0.0121	0.0257	0.0243	0.0209	0.0362	0.0541	0.0396	0.0463	0.0549	0.0695	0.0534	0.0602	0.0517	0.0677	0.0734	0.0793	0.0857	0.0898	0.0917	0.1024	0.1078	0.1218	0.1284	0.1440	0.1399	0.1647	0.1865	0.2300	0.3340	0.4900	0.6606	0.6938	0.6021	0.5444	0.6269	0.6732	0.6232	0.5644	0.5165	0.5221	0.5454	0.5422	0.6054	0.5656	0.5107	0.4153	0.4163	0.6865	0.7220	0.7124	0.5891	0.2625	0.1475	0.1523	0.1708	0.1819	0.1918	0.2060	0.3336	0.5651	0.4669	0.2969	0.2066	0.1976	0.2029	0.1956	0.1896	0.1947
0.0134	0.0100	0.0217	0.0416	0.0367	0.0426	0.0370	0.0400	0.0369	0.0405	0.0450	0.0518	0.0567	0.0512	0.0663	0.0747	0.0858	0.0780	0.0857	0.0878	0.0927	0.0912	0.0896	0.1103	0.1146	0.1083	0.1163	0.1247	0.1418	0.1442	0.1664	0.2310	0.2375	0.2038	0.1991	0.2283	0.2569	0.2179	0.1862	0.1918	0.2026	0.2077	0.2092	0.2362	0.2439	0.2237	0.2321	0.3167	0.5949	0.6843	0.6128	0.3412	0.1552	0.1374	0.1364	0.1539	0.1547	0.1556	0.1609	0.1701	0.2042	0.2033	0.1861	0.1740	0.1725	0.1674	0.1786	0.1829	0.1809
0.0107	0.0135	0.0118	0.0257	0.0324	0.0305	0.0296	0.0381	0.0337	0.0334	0.0478	0.0567	0.0574	0.0562	0.0640	0.0585	0.0680	0.0757	0.0632	0.0703	0.0710	0.0701	0.0759	0.0865	0.0864	0.0919	0.0859	0.1086	0.1142	0.1122	0.1162	0.1116	0.1279	0.1148	0.1282	0.1246	0.1325	0.1310	0.1281	0.1243	0.1281	0.1297	0.1409	0.1427	0.1465	0.1619	0.1541	0.1692	0.2438	0.2907	0.2437	0.1517	0.1310	0.1335	0.1246	0.1375	0.1380	0.1314	0.1358	0.1499	0.1567	0.1580	0.1627	0.1634	0.1509	0.1487	0.1574	0.1700	0.1568
0.0062	0.0073	0.0109	0.0113	0.0155	0.0156	0.0262	0.0405	0.0412	0.0456	0.0486	0.0469	0.0543	0.0500	0.0552	0.0532	0.0512	0.0577	0.0606	0.0630	0.0718	0.0726	0.0662	0.0786	0.0773	0.0812	0.0734	0.0825	0.0862	0.0904	0.0972	0.0943	0.1125	0.1023	0.1035	0.1004	0.1091	0.1062	0.1013	0.0996	0.0964	0.1059	0.1049	0.1136	0.1158	0.1182	0.1212	0.1223	0.1256	0.1165	0.1254	0.1287	0.1199	0.1125	0.1046	0.1140	0.1160	0.1189	0.1222	0.1419	0.1371	0.1351	0.1383	0.1268	0.1313	0.1398	0.1372	0.1392	0.1424
0.0003	0.0016	0.0091	0.0133	0.0069	0.0071	0.0209	0.0340	0.0306	0.0374	0.0391	0.0403	0.0365	0.0416	0.0514	0.0506	0.0536	0.0516	0.0559	0.0547	0.0704	0.0667	0.0667	0.0652	0.0744	0.0717	0.0707	0.0747	0.0761	0.0704	0.0869	0.0825	0.0843	0.0868	0.0825	0.0820	0.0851	0.0899	0.0849	0.0892	0.0877	0.0873	0.0891	0.0883	0.0975	0.0965	0.0975	0.0961	0.1048	0.1017	0.1044	0.1061	0.0960	0.0948	0.0852	0.0957	0.0968	0.0954	0.1070	0.1192	0.1180	0.1130	0.1127	0.1174	0.1148	0.1209	0.1279	0.1238	0.1226
0.0000	0.0000	0.0060	0.0073	0.0059	0.0158	0.0264	0.0276	0.0273	0.0208	0.0302	0.0357	0.0307	0.0351	0.0486	0.0589	0.0589	0.0507	0.0523	0.0539	0.0625	0.0525	0.0664	0.0560	0.0646	0.0655	0.0608	0.0678	0.0672	0.0645	0.0661	0.0738	0.0778	0.0771	0.0724	0.0796	0.0807	0.0804	0.0739	0.0756	0.0793	0.0801	0.0798	0.0837	0.0790	0.0840	0.0898	0.0833	0.0863	0.0840	0.0866	0.0826	0.0698	0.0778	0.0778	0.0885	0.0801	0.0817	0.0865	0.0983	0.0964	0.0976	0.0917	0.0993	0.1007	0.1039	0.1121	0.1093	0.1141
0.0000	0.0000	0.0088	0.0078	0.0106	0.0231	0.0272	0.0232	0.0261	0.0348	0.0314	0.0311	0.0310	0.0392	0.0473	0.0460	0.0515	0.0463	0.0531	0.0516	0.0562	0.0582	0.0595	0.0478	0.0570	0.0580	0.0520	0.0632	0.0663	0.0686	0.0606	0.0615	0.0566	0.0686	0.0727	0.0782	0.0774	0.0690	0.0667	0.0665	0.0716	0.0772	0.0689	0.0713	0.0695	0.0650	0.0681	0.0720	0.0711	0.0766	0.0708	0.0653	0.0652	0.0705	0.0779	0.0674	0.0673	0.0715	0.0651	0.0775	0.0828	0.0748	0.0765	0.0735	0.0801	0.0750	0.0725	0.0842	0.0830
0.0000	0.0000	0.0116	0.0076	0.0078	0.0076	0.0124	0.0195	0.0133	0.0173	0.0211	0.0232	0.0224	0.0313	0.0390	0.0355	0.0437	0.0350	0.0358	0.0422	0.0457	0.0491	0.0469	0.0480	0.0564	0.0531	0.0547	0.0584	0.0546	0.0582	0.0575	0.0564	0.0641	0.0658	0.0574	0.0631	0.0754	0.0637	0.0680	0.0673	0.0684	0.0711	0.0664	0.0650	0.0657	0.0646	0.0600	0.0641	0.0655	0.0662	0.0624	0.0607	0.0612	0.0612	0.0590	0.0613	0.0619	0.0564	0.0610	0.0671	0.0684	0.0621	0.0607	0.0575	0.0666	0.0613	0.0514	0.0542	0.0524
0.0000	0.0000	0.0000	0.0000	0.0000	0.0044	0.0105	0.0086	0.0115	0.0061	0.0110	0.0246	0.0216	0.0197	0.0289	0.0385	0.0419	0.0308	0.0305	0.0398	0.0438	0.0359	0.0444	0.0494	0.0436	0.0465	0.0527	0.0594	0.0539	0.0474	0.0496	0.0516	0.0561	0.0590	0.0532	0.0515	0.0550	0.0600	0.0661	0.0599	0.0547	0.0556	0.0578	0.0602	0.0594	0.0613	0.0625	0.0612	0.0600	0.0575	0.0591	0.0583	0.0551	0.0522	0.0549	0.0561	0.0516	0.0505	0.0545	0.0617	0.0572	0.0513	0.0575	0.0568	0.0630	0.0511	0.0470	0.0496	0.0505
0.0000	0.0000	0.0000	0.0000	0.0000	0.0000	0.0115	0.0154	0.0053	0.0101	0.0164	0.0150	0.0170	0.0251	0.0324	0.0332	0.0353	0.0275	0.0264	0.0353	0.0377	0.0418	0.0405	0.0371	0.0356	0.0404	0.0528	0.0442	0.0476	0.0527	0.0561	0.0520	0.0579	0.0615	0.0542	0.0445	0.0609	0.0603	0.0564	0.0518	0.0562	0.0554	0.0628	0.0593	0.0511	0.0548	0.0607	0.0562	0.0589	0.0568	0.0552	0.0584	0.0528	0.0527	0.0570	0.0621	0.0547	0.0526	0.0500	0.0519	0.0469	0.0475	0.0473	0.0449	0.0460	0.0383	0.0379	0.0428	0.0423
0.0000	0.0000	0.0000	0.0000	0.0040	0.0000	0.0000	0.0114	0.0040	0.0064	0.0146	0.0172	0.0197	0.0239	0.0289	0.0300	0.0283	0.0228	0.0313	0.0297	0.0341	0.0387	0.0328	0.0359	0.0462	0.0417	0.0442	0.0496	0.0482	0.0503	0.0516	0.0478	0.0500	0.0529	0.0492	0.0551	0.0534	0.0513	0.0522	0.0488	0.0565	0.0559	0.0547	0.0544	0.0492	0.0507	0.0543	0.0604	0.0528	0.0526	0.0540	0.0544	0.0539	0.0462	0.0520	0.0497	0.0508	0.0447	0.0427	0.0457	0.0501	0.0405	0.0362	0.0412	0.0451	0.0344	0.0403	0.0348	0.0302
0.0000	0.0000	0.0003	0.0000	0.0000	0.0000	0.0000	0.0027	0.0061	0.0035	0.0055	0.0161	0.0133	0.0167	0.0212	0.0243	0.0236	0.0187	0.0158	0.0203	0.0320	0.0289	0.0304	0.0364	0.0414	0.0423	0.0390	0.0434	0.0427	0.0499	0.0526	0.0417	0.0431	0.0472	0.0445	0.0441	0.0448	0.0423	0.0487	0.0441	0.0524	0.0538	0.0545	0.0543	0.0449	0.0485	0.0519	0.0562	0.0518	0.0476	0.0442	0.0419	0.0494	0.0427	0.0420	0.0444	0.0415	0.0379	0.0369	0.0382	0.0428	0.0428	0.0330	0.0378	0.0338	0.0343	0.0342	0.0305	0.0272
0.0000	0.0000	0.0000	0.0000	0.0037	0.0056	0.0000	0.0000	0.0040	0.0089	0.0122	0.0127	0.0220	0.0213	0.0223	0.0344	0.0209	0.0217	0.0202	0.0252	0.0342	0.0333	0.0257	0.0236	0.0457	0.0512	0.0372	0.0340	0.0396	0.0436	0.0401	0.0352	0.0441	0.0449	0.0493	0.0448	0.0425	0.0519	0.0504	0.0445	0.0492	0.0532	0.0509	0.0561	0.0375	0.0468	0.0554	0.0494	0.0471	0.0465	0.0484	0.0453	0.0517	0.0418	0.0466	0.0506	0.0352	0.0349	0.0290	0.0382	0.0488	0.0482	0.0403	0.0363	0.0351	0.0404	0.0323	0.0323	0.0221
