0.0000	0.0000	0.0000	0.0071	0.0062	0.0000	0.0087	0.0229	0.0132	0.0107	0.0079	0.0216	0.0133	0.0248	0.0217	0.0335	0.0319	0.0355	0.0337	0.0354	0.0323	0.0305	0.0374	0.0365	0.0473	0.0542	0.0372	0.0278	0.0398	0.0378	0.0323	0.0301	0.0357	0.0475	0.0498	0.0578	0.0618	0.0495	0.0652	0.0575	0.0555	0.0490	0.0756	0.0711	0.0541	0.0631	0.0899	0.0892	0.0672	0.0690	0.0825	0.0716	0.0662	0.0616	0.0744	0.0687	0.0634	0.0641	0.0653	0.0631	0.0509	0.0531	0.0523	0.0552	0.0609	0.0448	0.0430	0.0615	0.0444
0.0000	0.0000	0.0000	0.0079	0.0081	0.0065	0.0181	0.0211	0.0096	0.0153	0.0414	0.0159	0.0280	0.0323	0.0228	0.0195	0.0313	0.0359	0.0424	0.0273	0.0396	0.0347	0.0503	0.0523	0.0411	0.0449	0.0365	0.0273	0.0348	0.0454	0.0403	0.0368	0.0502	0.0503	0.0479	0.0497	0.0616	0.0659	0.0607	0.0657	0.0735	0.0625	0.0815	0.0750	0.0806	0.0715	0.0750	0.0877	0.0714	0.0721	0.0792	0.0834	0.0677	0.0747	0.0825	0.0606	0.0669	0.0554	0.0728	0.0723	0.0723	0.0589	0.0626	0.0689	0.0586	0.0508	0.0512	0.0469	0.0576
0.0000	0.0000	0.0041	0.0101	0.0197	0.0134	0.0166	0.0221	0.0030	0.0000	0.0310	0.0278	0.0403	0.0272	0.0324	0.0418	0.0400	0.0337	0.0398	0.0263	0.0326	0.0276	0.0451	0.0428	0.0477	0.0468	0.0479	0.0350	0.0443	0.0521	0.0417	0.0449	0.0453	0.0564	0.0516	0.0544	0.0673	0.0636	0.0565	0.0678	0.0671	0.0665	0.0854	0.0807	0.0772	0.0779	0.0803	0.0961	0.0871	0.0886	0.1038	0.0901	0.0811	0.0861	0.0816	0.0793	0.0845	0.0765	0.0811	0.0808	0.0848	0.0870	0.0771	0.0755	0.0731	0.0680	0.0757	0.0648	0.0701
0.0000	0.0000	0.0068	0.0138	0.0049	0.0065	0.0148	0.0295	0.0131	0.0044	0.0233	0.0171	0.0291	0.0225	0.0343	0.0376	0.0547	0.0381	0.0297	0.0345	0.0373	0.0440	0.0329	0.0413	0.0484	0.0474	0.0506	0.0381	0.0471	0.0511	0.0302	0.0458	0.0519	0.0535	0.0714	0.0673	0.0571	0.0646	0.0588	0.0623	0.0571	0.0587	0.0855	0.0806	0.0855	0.0886	0.0932	0.0968	0.0859	0.0887	0.1096	0.1041	0.0897	0.0842	0.1004	0.0976	0.0938	0.0866	0.0947	0.0845	0.1137	0.1060	0.0894	0.0942	0.0848	0.0817	0.0795	0.1019	0.0916
0.0000	0.0039	0.0181	0.0149	0.0151	0.0222	0.0071	0.0210	0.0251	0.0089	0.0120	0.0230	0.0302	0.0303	0.0203	0.0319	0.0321	0.0305	0.0346	0.0377	0.0459	0.0490	0.0446	0.0389	0.0610	0.0686	0.0628	0.0480	0.0406	0.0415	0.0420	0.0355	0.0545	0.0620	0.0636	0.0696	0.0621	0.0597	0.0646	0.0690	0.0760	0.0572	0.0933	0.0931	0.0937	0.1087	0.1048	0.1033	0.1000	0.1009	0.1080	0.1047	0.1075	0.1005	0.1169	0.1145	0.1027	0.1018	0.1009	0.0946	0.0981	0.1036	0.0988	0.0944	0.0894	0.0932	0.1175	0.0996	0.1442
0.0000	0.0014	0.0217	0.0311	0.0002	0.0049	0.0066	0.0229	0.0191	0.0186	0.0115	0.0288	0.0357	0.0262	0.0400	0.0386	0.0350	0.0396	0.0390	0.0596	0.0517	0.0321	0.0395	0.0474	0.0628	0.0571	0.0428	0.0452	0.0621	0.0517	0.0464	0.0427	0.0545	0.0664	0.0699	0.0682	0.0671	0.0771	0.0763	0.0818	0.0781	0.0720	0.0952	0.1190	0.0983	0.1114	0.1370	0.1806	0.1719	0.1330	0.1359	0.1644	0.1458	0.1191	0.1316	0.1192	0.1068	0.0979	0.1056	0.1201	0.1069	0.1155	0.1187	0.1278	0.1205	0.1531	0.2141	0.2153	0.2241
0.0000	0.0019	0.0180	0.0220	0.0192	0.0256	0.0253	0.0227	0.0103	0.0257	0.0239	0.0290	0.0361	0.0293	0.0355	0.0405	0.0560	0.0499	0.0455	0.0460	0.0653	0.0527	0.0401	0.0410	0.0538	0.0620	0.0538	0.0571	0.0687	0.0558	0.0444	0.0606	0.0708	0.0780	0.0669	0.0611	0.0719	0.0731	0.0868	0.0687	0.0769	0.0905	0.1061	0.1057	0.1146	0.1424	0.2099	0.4158	0.3544	0.2417	0.3088	0.3729	0.2621	0.1548	0.1308	0.1570	0.1132	0.1169	0.1275	0.1185	0.1271	0.1371	0.1442	0.1694	0.1806	0.2252	0.3028	0.3323	0.3009
0.0000	0.0043	0.0318	0.0272	0.0092	0.0250	0.0402	0.0263	0.0233	0.0257	0.0272	0.0439	0.0458	0.0494	0.0421	0.0587	0.0573	0.0472	0.0322	0.0535	0.0673	0.0728	0.0644	0.0529	0.0688	0.0671	0.0622	0.0650	0.0633	0.0679	0.0531	0.0522	0.0695	0.0749	0.0731	0.0561	0.0713	0.0912	0.0920	0.0805	0.0960	0.1133	0.1315	0.1268	0.1444	0.1854	0.3209	0.5993	0.5827	0.4660	0.4856	0.5006	0.3195	0.2184	0.2095	0.1794	0.1456	0.1364	0.1707	0.1652	0.1769	0.1803	0.1821	0.2019	0.1875	0.2517	0.3374	0.3603	0.3158
0.0112	0.0142	0.0204	0.0196	0.0247	0.0225	0.0242	0.0226	0.0319	0.0512	0.0289	0.0469	0.0492	0.0526	0.0468	0.0564	0.0428	0.0496	0.0473	0.0556	0.0658	0.0674	0.0682	0.0649	0.0752	0.0647	0.0644	0.0578	0.0779	0.0710	0.0689	0.0650	0.0936	0.0749	0.0853	0.0827	0.0805	0.0982	0.0966	0.1057	0.1117	0.1171	0.1464	0.2445	0.3263	0.2697	0.3661	0.5957	0.6467	0.5815	0.5452	0.4594	0.3063	0.3693	0.4084	0.3528	0.2912	0.2808	0.3312	0.2838	0.2763	0.2725	0.3182	0.3146	0.2272	0.2347	0.3279	0.3585	0.3254
0.0006	0.0034	0.0000	0.0126	0.0305	0.0201	0.0246	0.0396	0.0240	0.0408	0.0442	0.0373	0.0497	0.0446	0.0495	0.0653	0.0497	0.0681	0.0680	0.0705	0.0605	0.0515	0.0761	0.0737	0.0732	0.0743	0.0657	0.0560	0.0693	0.0600	0.0715	0.0565	0.0680	0.0761	0.0777	0.0874	0.0941	0.0979	0.1115	0.1296	0.1363	0.1520	0.2476	0.5155	0.6072	0.3692	0.3386	0.5454	0.6257	0.5672	0.5172	0.3958	0.3984	0.4619	0.5222	0.4940	0.4922	0.4878	0.4693	0.4212	0.3940	0.3791	0.3818	0.3760	0.3348	0.2879	0.3238	0.3486	0.3348
0.0217	0.0032	0.0080	0.0095	0.0117	0.0215	0.0262	0.0463	0.0332	0.0394	0.0518	0.0432	0.0515	0.0488	0.0501	0.0795	0.0646	0.0808	0.0812	0.0732	0.0896	0.0659	0.0739	0.0706	0.0822	0.0837	0.0878	0.0726	0.0726	0.0597	0.0680	0.0728	0.0798	0.0798	0.0917	0.0862	0.0899	0.1025	0.1290	0.1557	0.1506	0.1829	0.3682	0.6629	0.6865	0.5446	0.4287	0.4645	0.5432	0.6094	0.6225	0.6227	0.5924	0.5814	0.4927	0.5008	0.5262	0.4718	0.4213	0.4345	0.3971	0.3153	0.3505	0.3666	0.3966	0.3487	0.3127	0.3170	0.2916
0.0159	0.0163	0.0111	0.0281	0.0119	0.0235	0.0334	0.0387	0.0451	0.0514	0.0472	0.0459	0.0480	0.0638	0.0599	0.0710	0.0842	0.0866	0.0820	0.0714	0.0733	0.0805	0.0771	0.0786	0.1110	0.0936	0.0836	0.0733	0.0811	0.0797	0.0782	0.0622	0.0826	0.0995	0.1030	0.0924	0.0995	0.1294	0.1440	0.1509	0.1521	0.1949	0.3596	0.6164	0.6536	0.5586	0.5351	0.4644	0.4270	0.5934	0.6238	0.6154	0.5945	0.5640	0.5236	0.4971	0.5020	0.4273	0.3766	0.4368	0.3917	0.3614	0.3388	0.3866	0.3650	0.3084	0.2707	0.2817	0.2520
0.0058	0.0189	0.0193	0.0194	0.0330	0.0227	0.0336	0.0425	0.0578	0.0470	0.0531	0.0703	0.0609	0.0598	0.0600	0.0756	0.0720	0.0733	0.0810	0.0734	0.0744	0.0981	0.0902	0.0868	0.0975	0.1011	0.0943	0.0789	0.0895	0.0837	0.0728	0.0786	0.0922	0.1016	0.1061	0.1110	0.1272	0.1434	0.1390	0.1536	0.1759	0.2008	0.2514	0.3800	0.5199	0.4233	0.5837	0.5837	0.4675	0.5543	0.5838	0.5623	0.5440	0.5126	0.5211	0.4669	0.4288	0.4100	0.3806	0.3916	0.3630	0.3704	0.3405	0.3868	0.3599	0.3078	0.2783	0.2725	0.2363
0.0010	0.0310	0.0311	0.0185	0.0394	0.0411	0.0531	0.0649	0.0781	0.0703	0.0761	0.0906	0.0812	0.0796	0.0599	0.0788	0.1001	0.1038	0.0766	0.0841	0.1047	0.1017	0.0882	0.0953	0.1006	0.1074	0.1004	0.1080	0.0906	0.0773	0.0756	0.0909	0.0979	0.1075	0.1117	0.1229	0.1339	0.1553	0.1773	0.1791	0.1944	0.2211	0.2793	0.2799	0.3358	0.3637	0.5476	0.6220	0.6027	0.5415	0.5627	0.5334	0.4964	0.4879	0.4601	0.4793	0.4309	0.4206	0.3921	0.3962	0.3680	0.3233	0.3370	0.3368	0.3363	0.3019	0.2808	0.2410	0.2026
0.0084	0.0156	0.0288	0.0424	0.0540	0.0593	0.0703	0.0905	0.0995	0.1081	0.1358	0.1504	0.1655	0.1684	0.1888	0.1904	0.1898	0.1593	0.1326	0.1364	0.1469	0.1280	0.1244	0.1254	0.1175	0.1011	0.1053	0.1149	0.1007	0.0992	0.0877	0.0949	0.1135	0.1248	0.1310	0.1392	0.1574	0.1875	0.2173	0.2315	0.2471	0.3136	0.4342	0.4177	0.3587	0.3584	0.5349	0.6267	0.5792	0.5009	0.4902	0.4659	0.4332	0.3859	0.3937	0.4188	0.4281	0.3813	0.3539	0.3714	0.3471	0.3041	0.3390	0.3298	0.3022	0.2697	0.2448	0.2125	0.2268
0.0210	0.0334	0.0539	0.0711	0.0883	0.0913	0.1021	0.1080	0.1630	0.2095	0.2175	0.2499	0.3246	0.3842	0.4353	0.4397	0.4300	0.3656	0.3389	0.3293	0.3472	0.3424	0.2508	0.1807	0.1521	0.1219	0.1214	0.1041	0.1211	0.1102	0.0874	0.0948	0.1260	0.1457	0.1474	0.1737	0.2053	0.2725	0.3464	0.3987	0.4173	0.4411	0.6519	0.6676	0.6025	0.5365	0.5789	0.6038	0.5306	0.4979	0.4849	0.4499	0.4066	0.3920	0.4022	0.4286	0.4066	0.3812	0.3432	0.3737	0.3380	0.3041	0.3340	0.3024	0.2628	0.2609	0.2210	0.2119	0.2288
0.0400	0.0541	0.1064	0.0987	0.1343	0.1853	0.2157	0.2768	0.3442	0.3818	0.4220	0.4137	0.4258	0.4394	0.4454	0.4586	0.4999	0.5290	0.5235	0.5564	0.6097	0.6191	0.5246	0.4648	0.3743	0.2302	0.1373	0.1049	0.1318	0.1086	0.0989	0.1169	0.1434	0.1705	0.1753	0.2043	0.3154	0.5772	0.6946	0.6596	0.6073	0.5671	0.6544	0.6497	0.5765	0.5734	0.5512	0.5607	0.4901	0.4649	0.4510	0.4651	0.4189	0.3925	0.3697	0.3935	0.3701	0.3427	0.3337	0.3705	0.3341	0.2953	0.3119	0.3243	0.2677	0.2321	0.2394	0.2229	0.2268
0.0517	0.0786	0.1496	0.1987	0.2901	0.3448	0.3937	0.4250	0.3967	0.3429	0.3388	0.3218	0.2968	0.3107	0.3371	0.3368	0.3894	0.4329	0.4487	0.4977	0.5312	0.5477	0.5500	0.5832	0.5936	0.4829	0.3271	0.2173	0.1482	0.1221	0.1385	0.1431	0.1501	0.1726	0.2232	0.2643	0.4503	0.7494	0.7705	0.7364	0.6159	0.5566	0.5630	0.5439	0.5169	0.5041	0.5005	0.4749	0.4830	0.4441	0.4542	0.4312	0.4301	0.3934	0.3556	0.3439	0.3406	0.3485	0.3455	0.3224	0.3175	0.2788	0.2790	0.3203	0.2636	0.2338	0.2081	0.2206	0.2162
0.0755	0.1848	0.2719	0.3193	0.3331	0.3400	0.3196	0.3086	0.3080	0.2309	0.2245	0.2597	0.2837	0.2865	0.2974	0.3862	0.4158	0.3874	0.4142	0.4259	0.4728	0.5208	0.5319	0.5417	0.5395	0.6082	0.6039	0.4917	0.2931	0.1660	0.1413	0.1521	0.1714	0.2002	0.2699	0.2874	0.4175	0.6903	0.7249	0.6417	0.5608	0.4923	0.5056	0.5395	0.5153	0.4957	0.4609	0.4610	0.4529	0.4590	0.4263	0.4052	0.4060	0.3820	0.3699	0.3316	0.3482	0.3193	0.3270	0.3490	0.3210	0.2711	0.2987	0.2805	0.2685	0.2505	0.2328	0.2153	0.2035
0.1741	0.2426	0.2324	0.2424	0.2211	0.2586	0.2214	0.2375	0.2798	0.2252	0.2419	0.2994	0.3036	0.3076	0.3365	0.3714	0.4010	0.4186	0.3990	0.4018	0.4489	0.5031	0.4612	0.4525	0.4551	0.5331	0.5608	0.5933	0.5944	0.2957	0.1575	0.1621	0.1966	0.2693	0.2759	0.3249	0.4012	0.6403	0.6367	0.5323	0.5395	0.4824	0.5241	0.5044	0.5080	0.4407	0.4464	0.4537	0.4407	0.4323	0.4296	0.4086	0.3773	0.3724	0.3864	0.3478	0.3360	0.3199	0.3196	0.3257	0.3103	0.2877	0.2876	0.2859	0.2829	0.2395	0.2251	0.2291	0.2256
0.1543	0.1941	0.1900	0.2105	0.1981	0.2220	0.2305	0.2400	0.2332	0.2255	0.2505	0.2795	0.3350	0.3359	0.3268	0.3827	0.3671	0.4512	0.4002	0.3909	0.4433	0.4394	0.4175	0.4359	0.4628	0.5144	0.5263	0.6005	0.6552	0.3982	0.1979	0.1947	0.2235	0.3045	0.3112	0.3108	0.4349	0.6230	0.5607	0.5258	0.4717	0.4645	0.4890	0.5017	0.4641	0.4312	0.4427	0.4402	0.4405	0.4131	0.3910	0.3902	0.3395	0.3589	0.3487	0.3452	0.3425	0.3232	0.3150	0.3147	0.3163	0.2968	0.2805	0.2711	0.2864	0.2600	0.2475	0.2168	0.2065
0.1510	0.1695	0.1862	0.2086	0.1892	0.1699	0.2014	0.2178	0.2300	0.2542	0.2824	0.2865	0.3156	0.3945	0.3985	0.4176	0.4125	0.4385	0.4275	0.4315	0.4628	0.4551	0.4380	0.4310	0.4602	0.4922	0.5229	0.5503	0.6611	0.4991	0.2470	0.2516	0.3276	0.3823	0.3994	0.3530	0.4780	0.6199	0.4993	0.4924	0.4721	0.4582	0.4921	0.4825	0.4617	0.4337	0.4322	0.4031	0.4060	0.3997	0.4161	0.3782	0.3441	0.3857	0.3390	0.3317	0.3326	0.3311	0.3227	0.3126	0.3038	0.2906	0.3021	0.2766	0.2619	0.2682	0.2438	0.2492	0.2521
0.1385	0.1635	0.1839	0.1858	0.1864	0.1768	0.1995	0.2064	0.2132	0.2405	0.2779	0.3014	0.3304	0.3799	0.3982	0.4033	0.4461	0.4185	0.4025	0.3875	0.4401	0.4545	0.4246	0.4336	0.4867	0.5033	0.5267	0.5761	0.6586	0.6353	0.3615	0.3332	0.4180	0.5038	0.5056	0.4553	0.5448	0.5465	0.4780	0.4472	0.4531	0.4575	0.4730	0.4545	0.4547	0.4421	0.4422	0.4112	0.3740	0.3572	0.3920	0.3988	0.3870	0.3804	0.3786	0.3749	0.3693	0.3430	0.3331	0.3166	0.2760	0.3031	0.3021	0.2952	0.2789	0.2792	0.2584	0.2367	0.2327
0.1636	0.1653	0.1702	0.1851	0.1686	0.1789	0.2184	0.2398	0.2418	0.2462	0.3084	0.3186	0.3466	0.3655	0.3365	0.3630	0.4064	0.4237	0.4235	0.4439	0.4275	0.4547	0.4639	0.4123	0.4965	0.4928	0.5138	0.5922	0.6678	0.7052	0.5464	0.4848	0.5270	0.6521	0.6367	0.5960	0.5791	0.5011	0.4584	0.4399	0.4585	0.4453	0.4554	0.4615	0.4581	0.4532	0.4685	0.4271	0.3715	0.3698	0.3818	0.3770	0.3697	0.3861	0.3606	0.3940	0.3937	0.3563	0.3510	0.3320	0.3066	0.3062	0.2914	0.2980	0.2742	0.2810	0.2496	0.2481	0.2245
0.1493	0.1689	0.1532	0.1666	0.1818	0.1655	0.2262	0.2294	0.2532	0.2637	0.2932	0.3168	0.3332	0.3103	0.3100	0.3435	0.3938	0.4257	0.3935	0.4297	0.4278	0.4174	0.4443	0.4692	0.4885	0.5100	0.5140	0.5614	0.6723	0.7044	0.6501	0.6645	0.6634	0.6795	0.5844	0.5711	0.5311	0.4566	0.5007	0.4681	0.4777	0.4574	0.4705	0.4205	0.4205	0.4103	0.4496	0.4452	0.4290	0.4043	0.4028	0.3568	0.3789	0.3783	0.3730	0.3590	0.3723	0.3754	0.3545	0.3316	0.3199	0.3127	0.3152	0.2910	0.2826	0.2871	0.2596	0.2485	0.2285
0.1391	0.1508	0.1444	0.1842	0.1953	0.1886	0.1939	0.2298	0.2802	0.2725	0.2792	0.3163	0.3471	0.3324	0.3228	0.3453	0.3852	0.3799	0.3832	0.3993	0.4539	0.4215	0.3980	0.4058	0.4416	0.4687	0.4845	0.5380	0.6077	0.6532	0.6702	0.6587	0.6433	0.6035	0.5331	0.5002	0.5013	0.5096	0.4882	0.4918	0.4820	0.4331	0.4302	0.4520	0.4311	0.4256	0.4375	0.4279	0.4456	0.4396	0.4111	0.3872	0.3875	0.4042	0.3860	0.3670	0.3637	0.3740	0.3829	0.3623	0.3126	0.3146	0.3054	0.2930	0.2927	0.2875	0.2376	0.2474	0.2492
0.1390	0.1525	0.1452	0.2009	0.2172	0.1877	0.2113	0.1945	0.2149	0.2523	0.2956	0.2897	0.3070	0.3316	0.3468	0.3758	0.3561	0.3521	0.3974	0.4386	0.4486	0.4128	0.4067	0.3896	0.3970	0.3995	0.4641	0.4900	0.5244	0.5778	0.5814	0.5760	0.5413	0.5445	0.5031	0.4899	0.5015	0.5007	0.4766	0.4884	0.4523	0.4224	0.4263	0.4397	0.4358	0.4360	0.4257	0.4157	0.4228	0.4055	0.4127	0.4201	0.4182	0.3949	0.3975	0.3795	0.3511	0.3584	0.3593	0.3386	0.3003	0.2996	0.2920	0.2972	0.3142	0.2622	0.2446	0.2450	0.2336
0.1184	0.1428	0.1738	0.2058	0.1757	0.2061	0.2073	0.1667	0.2226	0.2950	0.2535	0.2736	0.3010	0.3084	0.3095	0.3538	0.3691	0.3777	0.3888	0.3803	0.3666	0.3807	0.3522	0.3812	0.3840	0.4024	0.4123	0.4343	0.4659	0.4630	0.4724	0.4922	0.4789	0.4933	0.4362	0.4568	0.4614	0.4533	0.4595	0.4445	0.4670	0.4710	0.4710	0.4360	0.4333	0.4264	0.4489	0.4269	0.4084	0.3809	0.4372	0.4413	0.4221	0.4155	0.3825	0.3865	0.3737	0.3374	0.3350	0.3547	0.3398	0.3163	0.3067	0.2980	0.2844	0.2569	0.2511	0.2529	0.2494
0.1322	0.1471	0.1416	0.1728	0.1927	0.1973	0.1918	0.2195	0.2316	0.2715	0.2802	0.2977	0.2816	0.2922	0.3267	0.3210	0.3345	0.3526	0.3723	0.3602	0.3707	0.3419	0.3639	0.4009	0.3870	0.3779	0.4157	0.3894	0.4556	0.4645	0.4517	0.4636	0.4827	0.4541	0.4473	0.4285	0.4681	0.4789	0.4776	0.4662	0.4854	0.4812	0.4863	0.4476	0.4384	0.4502	0.4594	0.4467	0.4079	0.4078	0.4195	0.4030	0.4152	0.3907	0.3932	0.3717	0.3606	0.3505	0.3573	0.3665	0.3347	0.3211	0.3185	0.3052	0.2975	0.2872	0.2622	0.2300	0.2351
0.1552	0.1621	0.1811	0.2013	0.1807	0.2153	0.2306	0.2394	0.2407	0.2608	0.2744	0.3030	0.3353	0.2948	0.3020	0.3082	0.3580	0.3644	0.4018	0.3951	0.3770	0.3593	0.3700	0.4036	0.3790	0.3954	0.4091	0.4289	0.4814	0.4717	0.4587	0.4432	0.5014	0.4718	0.4550	0.4466	0.4834	0.5014	0.4966	0.4724	0.4846	0.4910	0.4786	0.4392	0.4586	0.4503	0.4472	0.4467	0.4088	0.4083	0.4175	0.4173	0.4204	0.3938	0.3973	0.3899	0.3649	0.3499	0.3544	0.3611	0.3296	0.2980	0.3132	0.3023	0.3271	0.3286	0.2666	0.2635	0.2584
0.1657	0.1746	0.1906	0.1973	0.1744	0.2146	0.2421	0.2272	0.2691	0.2915	0.2856	0.2858	0.3311	0.3009	0.3151	0.3394	0.3662	0.3505	0.3611	0.3806	0.3504	0.3741	0.3960	0.3858	0.3728	0.4275	0.3740	0.4031	0.4365	0.4820	0.4794	0.4517	0.4682	0.4856	0.5095	0.5121	0.5080	0.4546	0.4496	0.4533	0.4607	0.4981	0.4811	0.4583	0.4484	0.4569	0.4842	0.4521	0.4569	0.4462	0.4147	0.4173	0.4589	0.3880	0.3561	0.3907	0.3880	0.3467	0.3311	0.3767	0.3245	0.2980	0.3043	0.2922	0.2892	0.3064	0.2522	0.2429	0.2427
0.1740	0.1704	0.1667	0.1789	0.1779	0.2176	0.2086	0.2503	0.2703	0.2720	0.2589	0.2808	0.2969	0.2818	0.3107	0.3711	0.3777	0.3915	0.3741	0.3577	0.3706	0.3796	0.3713	0.4173	0.4223	0.4356	0.3791	0.4340	0.4981	0.4662	0.4644	0.4577	0.4725	0.4691	0.4914	0.4674	0.4656	0.4357	0.4634	0.4638	0.4484	0.4744	0.5070	0.4677	0.4677	0.4519	0.4689	0.4719	0.4465	0.4389	0.4702	0.4120	0.4082	0.4278	0.4043	0.3772	0.3968	0.3618	0.3605	0.3687	0.3302	0.3169	0.3134	0.3495	0.2877	0.2906	0.2600	0.2490	0.2535
0.1799	0.1511	0.1756	0.1983	0.2320	0.2227	0.2248	0.2685	0.2913	0.2926	0.2389	0.2920	0.2968	0.2941	0.2975	0.3485	0.3561	0.3682	0.3924	0.3733	0.3962	0.4200	0.4569	0.4867	0.5152	0.5256	0.5224	0.5127	0.5256	0.4875	0.4646	0.4687	0.4643	0.4924	0.5170	0.5085	0.5140	0.4564	0.4594	0.4676	0.4665	0.4722	0.4437	0.4549	0.4469	0.4454	0.4659	0.4812	0.4793	0.4514	0.4528	0.4128	0.4378	0.4056	0.4184	0.3869	0.3747	0.3603	0.3369	0.3360	0.3203	0.3345	0.3221	0.3212	0.3169	0.2660	0.2672	0.2623	0.2510
0.1523	0.1732	0.2213	0.2423	0.2183	0.2324	0.2213	0.2511	0.2874	0.2438	0.2284	0.2635	0.2893	0.3297	0.3183	0.3407	0.3466	0.3563	0.3796	0.4287	0.4523	0.4522	0.4829	0.5101	0.5828	0.6055	0.6365	0.5928	0.5632	0.6144	0.6109	0.5076	0.4982	0.5096	0.4986	0.4890	0.5166	0.4766	0.4996	0.4785	0.4666	0.4937	0.4643	0.4658	0.4200	0.4482	0.4715	0.4677	0.4463	0.4448	0.4654	0.4322	0.4335	0.3957	0.4150	0.3897	0.3763	0.3636	0.3758	0.3558	0.3626	0.3228	0.3026	0.3048	0.3117	0.2938	0.3026	0.2735	0.2575
0.1594	0.1861	0.2175	0.2032	0.2127	0.2391	0.2258	0.2747	0.2685	0.2560	0.2363	0.2761	0.3221	0.3344	0.3124	0.3552	0.3914	0.4152	0.4452	0.4984	0.4740	0.4763	0.4905	0.5201	0.6138	0.6227	0.6538	0.6267	0.4379	0.4714	0.5877	0.6239	0.5819	0.5037	0.5779	0.5149	0.4680	0.4608	0.4892	0.4594	0.4660	0.4775	0.4456	0.4428	0.4454	0.4610	0.4466	0.4524	0.4331	0.4796	0.4309	0.4218	0.4298	0.4427	0.4090	0.3907	0.3857	0.3816	0.3678	0.3634	0.3465	0.3283	0.3412	0.3171	0.3429	0.3143	0.2955	0.2794	0.2564
0.1610	0.1814	0.1974	0.1914	0.2373	0.2597	0.2732	0.3039	0.3179	0.3027	0.2721	0.3005	0.3145	0.3170	0.3487	0.4088	0.4197	0.4775	0.4789	0.4928	0.4973	0.5017	0.4973	0.5075	0.5980	0.6142	0.6365	0.7178	0.5148	0.2597	0.3861	0.7039	0.7433	0.6114	0.5665	0.4956	0.4827	0.4722	0.4615	0.4376	0.4400	0.4432	0.4476	0.4354	0.4384	0.4333	0.4666	0.4652	0.4283	0.4395	0.4676	0.4289	0.4141	0.4185	0.4051	0.4063	0.3581	0.3679	0.3766	0.3763	0.3416	0.3384	0.3541	0.3490	0.3500	0.3119	0.2951	0.2865	0.2659
0.1593	0.1669	0.1821	0.2187	0.2208	0.2415	0.2703	0.2786	0.2710	0.3044	0.2962	0.3503	0.3604	0.3614	0.4127	0.4461	0.4304	0.4509	0.4907	0.4955	0.5427	0.5941	0.5526	0.5682	0.5948	0.6106	0.6371	0.7074	0.5534	0.2534	0.2723	0.5144	0.7815	0.7277	0.5635	0.5007	0.4792	0.4842	0.4715	0.4340	0.4526	0.4618	0.4398	0.4338	0.4614	0.4335	0.4461	0.4412	0.4671	0.4463	0.4451	0.4324	0.4343	0.4023	0.4042	0.3925	0.3538	0.3582	0.3752	0.3554	0.3300	0.3266	0.3293	0.3263	0.3339	0.3101	0.2859	0.2919	0.2805
0.1602	0.2037	0.2135	0.2318	0.2173	0.2274	0.2554	0.3085	0.2984	0.2874	0.3246	0.3822	0.3881	0.3840	0.4345	0.4601	0.4318	0.4721	0.5265	0.5103	0.5336	0.5994	0.6038	0.6311	0.6342	0.6456	0.6229	0.7086	0.5006	0.1792	0.1969	0.3021	0.5905	0.8737	0.7818	0.6061	0.5230	0.4856	0.4739	0.4472	0.4539	0.4105	0.4349	0.4224	0.4553	0.4418	0.4581	0.4523	0.4630	0.4350	0.4174	0.4060	0.4124	0.4120	0.3962	0.3984	0.3817	0.3673	0.3623	0.3284	0.3426	0.3357	0.3290	0.3483	0.3611	0.2979	0.3081	0.3035	0.3060
0.1739	0.2390	0.2390	0.2734	0.2529	0.2483	0.2618	0.2890	0.3198	0.3240	0.3575	0.3593	0.3591	0.3845	0.4097	0.4457	0.4850	0.4850	0.5409	0.5423	0.5897	0.6223	0.6607	0.6310	0.6670	0.6783	0.6959	0.6316	0.3096	0.1260	0.1811	0.2454	0.5464	0.9880	0.9731	0.7811	0.6460	0.5489	0.4939	0.4397	0.4412	0.4262	0.4534	0.4394	0.4483	0.4317	0.4625	0.4315	0.4262	0.4512	0.4412	0.4296	0.4006	0.4045	0.3796	0.3741	0.3783	0.3622	0.3447	0.3263	0.3541	0.3586	0.3719	0.3969	0.3650	0.3472	0.3086	0.2824	0.3079
0.1172	0.2519	0.2950	0.3643	0.3653	0.3328	0.3378	0.3148	0.3131	0.3353	0.3349	0.3548	0.3493	0.4032	0.3837	0.4567	0.5381	0.5605	0.5980	0.6400	0.6426	0.6872	0.6910	0.7160	0.7140	0.7065	0.6162	0.3306	0.1335	0.1128	0.1451	0.1788	0.2969	0.5469	0.7459	0.8062	0.7180	0.6587	0.5339	0.4644	0.4261	0.4434	0.4445	0.4617	0.4598	0.4605	0.4473	0.4284	0.4487	0.4640	0.4270	0.4086	0.4226	0.4124	0.3995	0.3571	0.3573	0.3463	0.3556	0.3780	0.3649	0.3713	0.4269	0.4065	0.3589	0.3638	0.3232	0.3075	0.3238
0.0461	0.1118	0.2160	0.3108	0.3593	0.4160	0.4749	0.4317	0.3749	0.3757	0.4140	0.4007	0.3904	0.4225	0.4886	0.5150	0.5808	0.6377	0.7227	0.7745	0.7724	0.7523	0.7218	0.6695	0.6565	0.4627	0.2326	0.1080	0.1018	0.1038	0.1183	0.1327	0.1824	0.2340	0.6099	0.9080	0.7887	0.7606	0.6621	0.5113	0.4683	0.4223	0.4461	0.4298	0.4424	0.4394	0.4348	0.4475	0.4386	0.4468	0.4023	0.4178	0.3867	0.3671	0.3689	0.3593	0.3851	0.3697	0.3939	0.4017	0.3942	0.4026	0.4309	0.4179	0.3974	0.3529	0.3375	0.3296	0.3241
0.0297	0.0470	0.0841	0.1072	0.1371	0.1921	0.2859	0.3921	0.4456	0.5235	0.5508	0.5207	0.5856	0.5941	0.6071	0.6378	0.6832	0.6903	0.7254	0.6834	0.6919	0.5670	0.4207	0.2981	0.2402	0.1317	0.1005	0.0982	0.0942	0.0981	0.1112	0.1215	0.1666	0.2359	0.5449	1.0000	0.9306	0.8249	0.6836	0.6534	0.5839	0.4584	0.4400	0.4396	0.4220	0.4208	0.4694	0.4417	0.4176	0.4138	0.4286	0.3893	0.4174	0.4117	0.3539	0.3733	0.3985	0.4029	0.4032	0.4432	0.4492	0.4422	0.4479	0.4190	0.4309	0.4056	0.3748	0.3366	0.3517
0.0225	0.0280	0.0429	0.0457	0.0737	0.0707	0.0918	0.1345	0.1863	0.2760	0.3754	0.4578	0.5035	0.5571	0.5794	0.6304	0.6206	0.6192	0.4528	0.3048	0.2654	0.1780	0.1308	0.1383	0.1167	0.1073	0.0982	0.0967	0.1049	0.0828	0.0927	0.1009	0.1335	0.1859	0.2837	0.6050	0.8628	0.9013	0.6456	0.4717	0.6118	0.6119	0.5186	0.4944	0.4411	0.4362	0.4668	0.4492	0.4300	0.4117	0.3927	0.3985	0.4196	0.4093	0.4067	0.4223	0.4463	0.4478	0.4572	0.4792	0.4860	0.4758	0.4890	0.4666	0.4285	0.4700	0.4621	0.3953	0.3819
0.0206	0.0259	0.0234	0.0378	0.0554	0.0648	0.0607	0.0535	0.0759	0.1069	0.1090	0.1329	0.1782	0.2137	0.2360	0.2868	0.2579	0.1915	0.1301	0.1213	0.0935	0.0907	0.0963	0.1055	0.0954	0.0948	0.0853	0.0846	0.0918	0.0953	0.0948	0.0864	0.0980	0.1214	0.1433	0.2207	0.5100	0.7142	0.5934	0.2403	0.3120	0.5555	0.6436	0.6285	0.5890	0.5510	0.5169	0.4789	0.4575	0.4347	0.4063	0.4218	0.4040	0.3994	0.4538	0.5209	0.5041	0.4934	0.4999	0.5481	0.5634	0.5731	0.5704	0.5063	0.4901	0.5464	0.5097	0.4313	0.4257
0.0170	0.0158	0.0369	0.0385	0.0352	0.0448	0.0496	0.0598	0.0485	0.0692	0.0831	0.0738	0.0739	0.0651	0.0991	0.0962	0.0947	0.0897	0.0771	0.0860	0.0911	0.0802	0.0799	0.0860	0.0878	0.0736	0.0799	0.0875	0.0890	0.0817	0.0797	0.0788	0.0882	0.0951	0.0974	0.1122	0.1519	0.2351	0.2278	0.1827	0.2391	0.5279	0.7662	0.6952	0.6173	0.6880	0.6444	0.6002	0.5255	0.4854	0.5049	0.4631	0.4849	0.4596	0.5119	0.5336	0.5306	0.5687	0.5857	0.6085	0.6018	0.5743	0.5439	0.3815	0.3293	0.4604	0.5471	0.4888	0.4720
0.0051	0.0247	0.0292	0.0244	0.0272	0.0373	0.0489	0.0421	0.0664	0.0553	0.0660	0.0621	0.0608	0.0532	0.0660	0.0848	0.0794	0.0959	0.0735	0.0631	0.0708	0.0965	0.0723	0.0810	0.0842	0.0737	0.0785	0.0750	0.0842	0.0726	0.0769	0.0821	0.0909	0.0881	0.1002	0.0921	0.1005	0.1233	0.1175	0.1320	0.1665	0.3111	0.5766	0.5421	0.4538	0.7340	0.7571	0.6886	0.5911	0.5422	0.5638	0.5450	0.5714	0.5753	0.5757	0.5905	0.6157	0.6304	0.6198	0.5487	0.5600	0.4558	0.3156	0.2374	0.2261	0.3530	0.5164	0.4953	0.4860
0.0114	0.0137	0.0423	0.0258	0.0267	0.0194	0.0393	0.0421	0.0461	0.0404	0.0363	0.0513	0.0617	0.0525	0.0389	0.0650	0.0827	0.0773	0.0646	0.0767	0.0768	0.0785	0.0621	0.0729	0.0790	0.0877	0.0797	0.0725	0.0712	0.0684	0.0673	0.0727	0.0720	0.0831	0.0810	0.0806	0.0861	0.0890	0.0903	0.0895	0.1124	0.1370	0.2024	0.2688	0.3324	0.6369	0.8300	0.7966	0.7402	0.6665	0.6699	0.6647	0.6791	0.6740	0.6565	0.6792	0.6274	0.5978	0.5445	0.4096	0.5235	0.4446	0.2128	0.1855	0.1826	0.2475	0.4388	0.4594	0.3873
0.0211	0.0318	0.0346	0.0250	0.0246	0.0184	0.0351	0.0409	0.0411	0.0245	0.0301	0.0414	0.0590	0.0484	0.0424	0.0447	0.0806	0.0671	0.0617	0.0668	0.0540	0.0560	0.0565	0.0518	0.0674	0.0614	0.0561	0.0722	0.0718	0.0709	0.0693	0.0589	0.0665	0.0652	0.0758	0.0885	0.0813	0.0792	0.0788	0.0743	0.0910	0.0944	0.1110	0.1496	0.1997	0.3251	0.6002	0.8131	0.8263	0.7735	0.7549	0.7314	0.6942	0.5985	0.5996	0.5194	0.3318	0.2825	0.2806	0.4230	0.5875	0.4798	0.2559	0.1424	0.1330	0.1590	0.2235	0.2421	0.1813
0.0069	0.0159	0.0110	0.0202	0.0192	0.0232	0.0198	0.0248	0.0297	0.0308	0.0430	0.0437	0.0501	0.0490	0.0382	0.0550	0.0624	0.0507	0.0517	0.0463	0.0510	0.0492	0.0598	0.0703	0.0596	0.0513	0.0541	0.0577	0.0701	0.0581	0.0529	0.0609	0.0612	0.0589	0.0576	0.0649	0.0694	0.0684	0.0723	0.0598	0.0704	0.0692	0.0778	0.1018	0.1139	0.1347	0.2097	0.3527	0.5645	0.6741	0.5836	0.4919	0.3096	0.1985	0.2328	0.1936	0.1363	0.1495	0.1738	0.4505	0.4754	0.3013	0.1490	0.1194	0.1159	0.1112	0.1160	0.1189	0.1131
0.0000	0.0112	0.0255	0.0248	0.0046	0.0256	0.0191	0.0229	0.0301	0.0363	0.0274	0.0322	0.0359	0.0529	0.0451	0.0507	0.0467	0.0434	0.0434	0.0468	0.0591	0.0493	0.0454	0.0546	0.0532	0.0578	0.0526	0.0429	0.0456	0.0490	0.0440	0.0500	0.0570	0.0591	0.0465	0.0516	0.0560	0.0701	0.0650	0.0538	0.0696	0.0756	0.0782	0.0788	0.0796	0.0968	0.1056	0.1069	0.1429	0.2077	0.1740	0.1352	0.1124	0.1046	0.1087	0.1061	0.1130	0.0983	0.1197	0.1775	0.1560	0.1180	0.0949	0.1019	0.1125	0.1065	0.1007	0.0925	0.0778
0.0000	0.0088	0.0145	0.0142	0.0030	0.0030	0.0198	0.0298	0.0277	0.0216	0.0129	0.0273	0.0447	0.0366	0.0344	0.0421	0.0459	0.0369	0.0407	0.0471	0.0463	0.0371	0.0403	0.0542	0.0577	0.0516	0.0517	0.0450	0.0423	0.0491	0.0466	0.0436	0.0469	0.0540	0.0429	0.0495	0.0641	0.0673	0.0535	0.0530	0.0641	0.0631	0.0631	0.0733	0.0658	0.0806	0.0874	0.0940	0.0947	0.1016	0.1039	0.0951	0.0929	0.0861	0.1111	0.1001	0.1059	0.0786	0.0969	0.0904	0.0969	0.0965	0.0944	0.0898	0.0868	0.0970	0.0933	0.0883	0.0815
0.0000	0.0000	0.0137	0.0192	0.0063	0.0036	0.0253	0.0387	0.0186	0.0193	0.0230	0.0334	0.0348	0.0408	0.0433	0.0395	0.0347	0.0346	0.0332	0.0384	0.0380	0.0338	0.0414	0.0464	0.0434	0.0470	0.0416	0.0483	0.0417	0.0500	0.0550	0.0460	0.0356	0.0392	0.0438	0.0518	0.0568	0.0489	0.0504	0.0532	0.0536	0.0583	0.0633	0.0553	0.0554	0.0693	0.0717	0.0765	0.0825	0.0807	0.0821	0.0826	0.0713	0.0826	0.0836	0.0794	0.0761	0.0676	0.0788	0.0768	0.0764	0.0818	0.0719	0.0697	0.0729	0.0820	0.0749	0.0886	0.0748
0.0000	0.0000	0.0043	0.0028	0.0078	0.0000	0.0049	0.0213	0.0104	0.0136	0.0378	0.0320	0.0229	0.0209	0.0263	0.0424	0.0383	0.0280	0.0252	0.0335	0.0300	0.0257	0.0360	0.0450	0.0454	0.0453	0.0379	0.0299	0.0323	0.0408	0.0383	0.0398	0.0387	0.0386	0.0403	0.0432	0.0458	0.0532	0.0465	0.0514	0.0570	0.0634	0.0573	0.0503	0.0464	0.0558	0.0707	0.0616	0.0677	0.0691	0.0612	0.0717	0.0689	0.0707	0.0673	0.0659	0.0626	0.0561	0.0569	0.0713	0.0599	0.0628	0.0600	0.0707	0.0707	0.0672	0.0653	0.0669	0.0654
0.0000	0.0000	0.0038	0.0005	0.0000	0.0000	0.0001	0.0213	0.0094	0.0033	0.0236	0.0338	0.0267	0.0079	0.0118	0.0273	0.0342	0.0315	0.0195	0.0283	0.0298	0.0281	0.0228	0.0419	0.0348	0.0280	0.0360	0.0375	0.0378	0.0447	0.0353	0.0305	0.0386	0.0436	0.0450	0.0376	0.0425	0.0474	0.0456	0.0421	0.0577	0.0495	0.0491	0.0504	0.0476	0.0525	0.0572	0.0596	0.0502	0.0484	0.0587	0.0631	0.0540	0.0616	0.0749	0.0655	0.0614	0.0554	0.0583	0.0526	0.0495	0.0580	0.0638	0.0656	0.0679	0.0567	0.0623	0.0600	0.0735
0.0000	0.0000	0.0000	0.0000	0.0000	0.0000	0.0078	0.0132	0.0005	0.0032	0.0079	0.0179	0.0159	0.0119	0.0240	0.0338	0.0348	0.0199	0.0255	0.0359	0.0311	0.0269	0.0196	0.0297	0.0339	0.0305	0.0382	0.0333	0.0356	0.0364	0.0346	0.0300	0.0365	0.0406	0.0467	0.0433	0.0491	0.0472	0.0505	0.0400	0.0451	0.0489	0.0517	0.0505	0.0481	0.0612	0.0627	0.0568	0.0564	0.0575	0.0647	0.0636	0.0541	0.0498	0.0576	0.0633	0.0586	0.0578	0.0589	0.0558	0.0547	0.0474	0.0507	0.0590	0.0545	0.0471	0.0476	0.0425	0.0456
0.0000	0.0000	0.0000	0.0000	0.0000	0.0027	0.0080	0.0071	0.0052	0.0062	0.0043	0.0183	0.0257	0.0397	0.0354	0.0212	0.0305	0.0286	0.0179	0.0294	0.0207	0.0332	0.0170	0.0241	0.0327	0.0294	0.0372	0.0312	0.0308	0.0303	0.0227	0.0320	0.0373	0.0397	0.0382	0.0384	0.0357	0.0439	0.0499	0.0437	0.0476	0.0386	0.0488	0.0481	0.0502	0.0622	0.0580	0.0588	0.0626	0.0578	0.0583	0.0550	0.0538	0.0509	0.0521	0.0489	0.0520	0.0490	0.0583	0.0502	0.0432	0.0403	0.0422	0.0511	0.0507	0.0375	0.0367	0.0382	0.0315
0.0000	0.0000	0.0000	0.0052	0.0000	0.0001	0.0030	0.0055	0.0075	0.0102	0.0057	0.0111	0.0153	0.0263	0.0215	0.0145	0.0315	0.0162	0.0076	0.0104	0.0220	0.0273	0.0211	0.0248	0.0190	0.0183	0.0290	0.0367	0.0304	0.0245	0.0206	0.0282	0.0299	0.0341	0.0388	0.0324	0.0372	0.0388	0.0382	0.0408	0.0411	0.0464	0.0542	0.0462	0.0526	0.0536	0.0471	0.0567	0.0570	0.0424	0.0457	0.0469	0.0536	0.0441	0.0502	0.0466	0.0467	0.0388	0.0384	0.0463	0.0450	0.0351	0.0389	0.0447	0.0510	0.0367	0.0401	0.0326	0.0271
0.0000	0.0000	0.0000	0.0000	0.0000	0.0000	0.0000	0.0000	0.0037	0.0083	0.0057	0.0171	0.0140	0.0105	0.0192	0.0186	0.0181	0.0076	0.0184	0.0224	0.0259	0.0337	0.0255	0.0183	0.0335	0.0225	0.0142	0.0347	0.0255	0.0389	0.0257	0.0286	0.0384	0.0225	0.0484	0.0338	0.0434	0.0423	0.0330	0.0570	0.0509	0.0532	0.0469	0.0483	0.0483	0.0596	0.0596	0.0500	0.0558	0.0557	0.0537	0.0529	0.0609	0.0518	0.0456	0.0529	0.0434	0.0390	0.0452	0.0565	0.0495	0.0433	0.0501	0.0389	0.0396	0.0364	0.0431	0.0257	0.0346
