0.0000	0.0000	0.0005	0.0076	0.0107	0.0086	0.0183	0.0286	0.0131	0.0084	0.0167	0.0201	0.0322	0.0137	0.0348	0.0448	0.0362	0.0435	0.0325	0.0502	0.0471	0.0360	0.0399	0.0426	0.0484	0.0648	0.0667	0.0628	0.0591	0.0703	0.0632	0.0662	0.0683	0.0688	0.0675	0.0681	0.0958	0.0685	0.0806	0.0696	0.0779	0.0844	0.0738	0.0753	0.0661	0.0719	0.0908	0.0731	0.0476	0.0694	0.0762	0.0635	0.0511	0.0536	0.0676	0.0695	0.0625	0.0576	0.0655	0.0546	0.0571	0.0436	0.0541	0.0503	0.0566	0.0532	0.0390	0.0443	0.0461
0.0000	0.0024	0.0083	0.0182	0.0116	0.0096	0.0103	0.0213	0.0214	0.0118	0.0300	0.0239	0.0220	0.0152	0.0264	0.0333	0.0356	0.0485	0.0386	0.0505	0.0477	0.0538	0.0468	0.0530	0.0572	0.0585	0.0656	0.0704	0.0695	0.0774	0.0708	0.0746	0.0931	0.0746	0.0790	0.0775	0.0815	0.0853	0.1077	0.0951	0.0953	0.0874	0.0805	0.0829	0.0812	0.0799	0.0969	0.0884	0.0789	0.0705	0.0740	0.0768	0.0615	0.0600	0.0728	0.0759	0.0577	0.0526	0.0560	0.0712	0.0607	0.0602	0.0526	0.0585	0.0638	0.0489	0.0415	0.0418	0.0455
0.0000	0.0000	0.0047	0.0162	0.0181	0.0138	0.0169	0.0353	0.0192	0.0111	0.0285	0.0245	0.0461	0.0340	0.0309	0.0526	0.0498	0.0503	0.0428	0.0566	0.0613	0.0512	0.0521	0.0752	0.0762	0.0659	0.0701	0.0618	0.0661	0.0791	0.0706	0.0764	0.0839	0.0818	0.0778	0.0796	0.0910	0.0932	0.1017	0.0852	0.1057	0.0981	0.0874	0.0959	0.0827	0.0861	0.0953	0.0944	0.0874	0.0705	0.0905	0.0932	0.0848	0.0816	0.0764	0.0633	0.0694	0.0662	0.0656	0.0814	0.0741	0.0681	0.0793	0.0692	0.0564	0.0487	0.0549	0.0500	0.0498
0.0000	0.0000	0.0113	0.0152	0.0099	0.0119	0.0238	0.0336	0.0258	0.0232	0.0283	0.0412	0.0479	0.0458	0.0296	0.0448	0.0481	0.0585	0.0497	0.0448	0.0655	0.0558	0.0634	0.0689	0.0822	0.0791	0.0701	0.0672	0.0818	0.0798	0.0773	0.0692	0.0937	0.0921	0.0783	0.0984	0.0952	0.0818	0.0940	0.0809	0.1055	0.0905	0.0870	0.0977	0.0950	0.0857	0.0858	0.0847	0.0801	0.0983	0.1024	0.0877	0.1022	0.0820	0.0872	0.0850	0.0805	0.0746	0.0763	0.0806	0.0851	0.0892	0.0880	0.0776	0.0645	0.0600	0.0644	0.0698	0.0691
0.0000	0.0045	0.0134	0.0095	0.0089	0.0041	0.0150	0.0226	0.0206	0.0231	0.0279	0.0316	0.0393	0.0490	0.0329	0.0388	0.0474	0.0370	0.0391	0.0597	0.0594	0.0622	0.0530	0.0612	0.0781	0.0718	0.0581	0.0749	0.0751	0.0952	0.0819	0.0717	0.1013	0.1079	0.0968	0.0833	0.1045	0.0925	0.0909	0.0944	0.1018	0.0854	0.0840	0.0771	0.0984	0.1041	0.1069	0.0877	0.0869	0.0831	0.0911	0.0886	0.0999	0.0877	0.0864	0.0860	0.0860	0.0704	0.0714	0.0892	0.0765	0.0739	0.0899	0.0867	0.0766	0.0707	0.0756	0.0792	0.0787
0.0000	0.0086	0.0178	0.0175	0.0220	0.0352	0.0410	0.0308	0.0299	0.0374	0.0431	0.0395	0.0516	0.0510	0.0420	0.0528	0.0549	0.0468	0.0525	0.0684	0.0735	0.0730	0.0660	0.0680	0.0729	0.0767	0.0771	0.0807	0.0871	0.0917	0.0901	0.0910	0.1052	0.1079	0.1026	0.1058	0.1031	0.0999	0.0950	0.0911	0.0954	0.1123	0.1124	0.0978	0.0930	0.1010	0.1107	0.0976	0.0923	0.1054	0.1054	0.0994	0.0972	0.1055	0.1016	0.1084	0.1052	0.1003	0.1035	0.1020	0.1008	0.0902	0.0960	0.1134	0.1065	0.0873	0.0970	0.0979	0.0868
0.0000	0.0046	0.0171	0.0201	0.0191	0.0273	0.0372	0.0311	0.0366	0.0365	0.0508	0.0627	0.0697	0.0512	0.0400	0.0578	0.0744	0.0664	0.0683	0.0715	0.0843	0.0843	0.0735	0.0721	0.0776	0.0967	0.0743	0.0836	0.0950	0.1075	0.0996	0.0992	0.1160	0.1042	0.1072	0.1010	0.1034	0.1120	0.1087	0.0925	0.0991	0.1171	0.1335	0.1145	0.1038	0.1082	0.1050	0.1132	0.1076	0.1112	0.1265	0.1215	0.1061	0.1157	0.1244	0.1434	0.1284	0.1193	0.1113	0.1133	0.1157	0.1220	0.1214	0.1295	0.1190	0.1361	0.1712	0.1690	0.1321
0.0062	0.0091	0.0269	0.0193	0.0247	0.0213	0.0318	0.0447	0.0396	0.0437	0.0506	0.0652	0.0786	0.0627	0.0449	0.0554	0.0753	0.0758	0.0622	0.0711	0.0785	0.0810	0.0832	0.0724	0.0927	0.1055	0.0798	0.0838	0.0969	0.0960	0.1064	0.1030	0.1057	0.1196	0.1250	0.1073	0.1184	0.1238	0.1240	0.1211	0.1138	0.1133	0.1236	0.1178	0.1069	0.1234	0.1364	0.1409	0.1220	0.1172	0.1323	0.1361	0.1201	0.1186	0.1356	0.1433	0.1242	0.1332	0.1296	0.1366	0.1584	0.1458	0.1498	0.1675	0.1439	0.1931	0.2752	0.2730	0.2427
0.0033	0.0150	0.0394	0.0447	0.0227	0.0347	0.0415	0.0400	0.0549	0.0518	0.0468	0.0468	0.0685	0.0611	0.0579	0.0598	0.0681	0.0785	0.0614	0.0696	0.0830	0.0753	0.0980	0.0843	0.1098	0.0956	0.0876	0.0901	0.1063	0.1006	0.1001	0.1158	0.1223	0.1268	0.1220	0.1178	0.1151	0.1247	0.1413	0.1387	0.1059	0.1176	0.1264	0.1332	0.1357	0.1556	0.1790	0.1404	0.1523	0.1513	0.1621	0.1631	0.1536	0.1642	0.1684	0.1620	0.1508	0.1560	0.1727	0.1679	0.2255	0.2775	0.2450	0.1978	0.1739	0.2211	0.3099	0.3005	0.2933
0.0000	0.0123	0.0214	0.0360	0.0407	0.0507	0.0550	0.0523	0.0405	0.0563	0.0583	0.0558	0.0612	0.0643	0.0719	0.0763	0.0672	0.0788	0.0832	0.0852	0.1052	0.1144	0.0979	0.0996	0.1155	0.1113	0.1090	0.1082	0.1029	0.1156	0.1216	0.1123	0.1163	0.1331	0.1388	0.1247	0.1398	0.1420	0.1463	0.1472	0.1371	0.1410	0.1380	0.1440	0.1586	0.1663	0.1753	0.1723	0.1784	0.1810	0.1916	0.1736	0.1897	0.1812	0.1848	0.1944	0.2034	0.2070	0.2143	0.2418	0.3425	0.4127	0.3751	0.2965	0.2335	0.2241	0.3040	0.3242	0.2968
0.0013	0.0082	0.0220	0.0313	0.0417	0.0389	0.0428	0.0536	0.0551	0.0575	0.0707	0.0649	0.0814	0.0800	0.0815	0.0854	0.0854	0.0986	0.1043	0.0891	0.1168	0.1093	0.1060	0.0923	0.1106	0.1203	0.1182	0.1146	0.1111	0.1368	0.1274	0.1191	0.1327	0.1419	0.1434	0.1477	0.1611	0.1997	0.1814	0.1697	0.1715	0.1815	0.1763	0.1862	0.1995	0.2029	0.2088	0.2192	0.2256	0.2331	0.2435	0.2571	0.2232	0.2159	0.2196	0.2213	0.2580	0.2884	0.2983	0.3038	0.3765	0.4177	0.4153	0.4074	0.3580	0.2723	0.3192	0.3154	0.2773
0.0162	0.0136	0.0285	0.0309	0.0452	0.0446	0.0543	0.0543	0.0595	0.0641	0.0787	0.0797	0.0915	0.0782	0.0840	0.0838	0.0838	0.1040	0.1074	0.0975	0.1169	0.1132	0.1255	0.1061	0.1224	0.1250	0.1330	0.1373	0.1304	0.1346	0.1442	0.1555	0.1632	0.1729	0.1730	0.1646	0.1859	0.2486	0.3367	0.2570	0.2141	0.2256	0.2180	0.2264	0.2350	0.2390	0.2648	0.3198	0.3158	0.3405	0.3507	0.3263	0.3036	0.2997	0.3163	0.3452	0.3769	0.4685	0.4922	0.4275	0.4050	0.4249	0.4391	0.4861	0.4499	0.3381	0.3194	0.3210	0.2800
0.0236	0.0297	0.0353	0.0392	0.0537	0.0499	0.0499	0.0630	0.0656	0.0560	0.0667	0.0858	0.0930	0.0857	0.0722	0.0859	0.0955	0.1086	0.1168	0.1295	0.1182	0.1084	0.1333	0.1238	0.1309	0.1461	0.1351	0.1595	0.1694	0.1633	0.1759	0.1951	0.2120	0.2047	0.2380	0.2327	0.2770	0.4520	0.7347	0.5234	0.3127	0.2841	0.2891	0.3140	0.3038	0.3284	0.4246	0.6058	0.5940	0.5992	0.5936	0.5060	0.4722	0.4072	0.4580	0.5392	0.4653	0.5308	0.5780	0.4860	0.4193	0.5035	0.4937	0.4767	0.4393	0.3969	0.3613	0.3231	0.2744
0.0275	0.0329	0.0474	0.0464	0.0650	0.0664	0.0727	0.0760	0.0682	0.0709	0.0793	0.0903	0.0893	0.0840	0.1007	0.1054	0.1240	0.1212	0.1279	0.1409	0.1399	0.1421	0.1642	0.1513	0.1547	0.1642	0.1598	0.1915	0.1911	0.2142	0.2352	0.2457	0.2675	0.2972	0.3337	0.3410	0.4030	0.6346	0.8569	0.7069	0.5310	0.4101	0.3948	0.3798	0.3884	0.4395	0.5526	0.7022	0.6780	0.6629	0.6751	0.6828	0.6285	0.5127	0.5445	0.6325	0.5791	0.5356	0.5254	0.5199	0.4585	0.4887	0.5016	0.4514	0.4069	0.3806	0.3712	0.3022	0.2784
0.0266	0.0355	0.0384	0.0460	0.0640	0.0769	0.0836	0.0905	0.0772	0.0706	0.0889	0.1065	0.1120	0.1067	0.1276	0.1248	0.1709	0.1546	0.1574	0.1699	0.1816	0.1991	0.1883	0.1973	0.2034	0.2139	0.2167	0.2408	0.2614	0.2939	0.3137	0.3562	0.3825	0.4036	0.4041	0.4334	0.5235	0.8216	0.9003	0.8111	0.7431	0.6633	0.4999	0.4495	0.5307	0.6125	0.6466	0.7073	0.7045	0.6267	0.6949	0.6768	0.6248	0.5211	0.5458	0.5693	0.5937	0.5424	0.4973	0.5215	0.4725	0.4391	0.4791	0.4546	0.4287	0.3814	0.3556	0.3205	0.2898
0.0364	0.0337	0.0425	0.0587	0.0749	0.0945	0.0926	0.1073	0.1189	0.1092	0.1394	0.1383	0.1602	0.1610	0.1966	0.1927	0.2237	0.2143	0.2035	0.2140	0.2269	0.2603	0.2621	0.2770	0.2797	0.2968	0.2963	0.3023	0.3727	0.4992	0.6176	0.5823	0.5939	0.5852	0.5385	0.6141	0.7379	0.8850	0.8387	0.7899	0.8024	0.7771	0.7108	0.6494	0.6936	0.7634	0.6971	0.6742	0.6343	0.6217	0.6515	0.6743	0.6046	0.5564	0.5537	0.5732	0.5536	0.5149	0.5018	0.5098	0.4719	0.4617	0.5165	0.4903	0.4004	0.3551	0.3645	0.3271	0.3211
0.0430	0.0419	0.0721	0.1097	0.1107	0.1384	0.1615	0.2229	0.2437	0.2752	0.3325	0.3401	0.3777	0.3124	0.3257	0.3435	0.3356	0.3931	0.3654	0.3697	0.4358	0.4569	0.5498	0.5195	0.4603	0.4293	0.4545	0.4964	0.6270	0.8412	0.9659	0.9585	1.0000	0.8585	0.7471	0.7946	0.8595	0.8713	0.8209	0.7141	0.7395	0.7315	0.7991	0.8017	0.6997	0.6786	0.6631	0.6909	0.6177	0.6135	0.6159	0.6488	0.5728	0.5648	0.5536	0.5334	0.4801	0.4842	0.4842	0.5103	0.4907	0.4643	0.5028	0.4850	0.4045	0.3504	0.3443	0.3204	0.3193
0.0682	0.0969	0.1508	0.1956	0.2692	0.3381	0.3919	0.5131	0.6167	0.5800	0.6362	0.6784	0.6682	0.6308	0.6386	0.6592	0.6779	0.6959	0.6767	0.7150	0.7413	0.7819	0.7324	0.7211	0.6819	0.6944	0.7084	0.7427	0.7663	0.8846	0.9490	0.9615	0.9442	0.9272	0.8799	0.7957	0.7692	0.7687	0.7311	0.6963	0.6878	0.6922	0.7064	0.7013	0.6612	0.6051	0.6396	0.6328	0.6197	0.5973	0.5715	0.5691	0.5691	0.5496	0.5048	0.4832	0.4445	0.4629	0.4745	0.4404	0.4790	0.4364	0.4540	0.4382	0.3932	0.3445	0.3446	0.3104	0.3074
0.1298	0.2324	0.3712	0.4422	0.5295	0.5686	0.5868	0.6132	0.6392	0.5986	0.6029	0.6510	0.7069	0.7135	0.7395	0.7794	0.8119	0.7662	0.7431	0.7519	0.7138	0.7101	0.7270	0.6837	0.6910	0.7142	0.7788	0.7444	0.7477	0.8324	0.7822	0.7602	0.8187	0.8555	0.7953	0.7016	0.6689	0.6910	0.6696	0.6497	0.6268	0.6163	0.6758	0.6480	0.6203	0.6326	0.6289	0.5818	0.5596	0.5851	0.5750	0.5161	0.5003	0.5118	0.4898	0.4689	0.4262	0.4203	0.4086	0.4359	0.4479	0.4122	0.4050	0.3882	0.3680	0.3298	0.3224	0.3025	0.3118
0.2447	0.3555	0.4363	0.4598	0.4437	0.4886	0.4538	0.4369	0.4403	0.4910	0.5114	0.5347	0.6293	0.6333	0.6463	0.7029	0.7200	0.7362	0.6607	0.6439	0.6223	0.6302	0.6116	0.6418	0.6157	0.6044	0.6872	0.6932	0.7094	0.7349	0.7313	0.7258	0.7649	0.7501	0.7050	0.6497	0.5952	0.6345	0.6127	0.6008	0.5979	0.6163	0.6526	0.5921	0.6272	0.6347	0.6056	0.5774	0.5393	0.5138	0.5066	0.4845	0.4546	0.4947	0.4861	0.4489	0.4080	0.4066	0.3873	0.3873	0.3895	0.3833	0.3843	0.3856	0.3560	0.3338	0.3245	0.3148	0.2867
0.2645	0.2921	0.3270	0.3246	0.3217	0.3562	0.3485	0.3603	0.3699	0.4142	0.4689	0.5101	0.5763	0.5986	0.5637	0.6198	0.6644	0.7005	0.5948	0.5715	0.5355	0.5189	0.5002	0.5696	0.5645	0.5939	0.6054	0.6660	0.6743	0.6652	0.7104	0.7045	0.7046	0.7087	0.6431	0.6159	0.5973	0.6196	0.5550	0.5594	0.5391	0.5439	0.5790	0.6004	0.5991	0.5791	0.5873	0.5713	0.5440	0.5157	0.5195	0.4800	0.4444	0.4729	0.4406	0.4168	0.4032	0.3998	0.3814	0.3555	0.3616	0.3588	0.3560	0.3488	0.3421	0.3230	0.3084	0.3007	0.2799
0.2424	0.2603	0.2879	0.3032	0.3062	0.3178	0.3364	0.3634	0.3346	0.4164	0.4315	0.4758	0.5228	0.5289	0.5432	0.5812	0.6606	0.6046	0.5410	0.5336	0.5081	0.4861	0.5188	0.5026	0.5396	0.5815	0.5907	0.6038	0.6338	0.6515	0.6730	0.6452	0.6222	0.6260	0.6227	0.5945	0.5645	0.5800	0.5470	0.5721	0.6073	0.5564	0.5451	0.5731	0.6026	0.5816	0.5728	0.5477	0.4990	0.4927	0.5203	0.4794	0.4308	0.4405	0.4266	0.4429	0.4428	0.3990	0.3790	0.3613	0.3598	0.3571	0.3561	0.3473	0.3282	0.3215	0.2934	0.2836	0.2796
0.2262	0.2720	0.2878	0.2716	0.2806	0.3049	0.3596	0.3593	0.3514	0.3712	0.4083	0.4462	0.4855	0.4892	0.5280	0.5724	0.5987	0.5412	0.4774	0.4713	0.5114	0.5231	0.5147	0.4965	0.5255	0.5141	0.5583	0.5818	0.5960	0.6417	0.5986	0.6284	0.6458	0.6459	0.6046	0.5863	0.5826	0.6209	0.5798	0.5610	0.5858	0.5594	0.5395	0.5498	0.5930	0.6030	0.5618	0.5252	0.4997	0.4884	0.5057	0.4794	0.4381	0.4102	0.4361	0.4509	0.4432	0.3890	0.3750	0.3983	0.3788	0.3553	0.3519	0.3231	0.3186	0.3070	0.2988	0.2822	0.2679
0.2336	0.2598	0.2727	0.2827	0.3391	0.3386	0.3821	0.3951	0.3381	0.3452	0.3802	0.4449	0.4575	0.4543	0.4831	0.5282	0.5413	0.5338	0.5306	0.5193	0.4776	0.4881	0.4902	0.4686	0.5650	0.5264	0.5567	0.5810	0.5975	0.6139	0.6140	0.6012	0.6176	0.6498	0.6221	0.5979	0.6019	0.6144	0.5705	0.5783	0.5767	0.5390	0.5832	0.6025	0.5766	0.5962	0.5901	0.5378	0.5100	0.4901	0.4530	0.4452	0.4685	0.4363	0.4232	0.4582	0.4337	0.4118	0.4164	0.3828	0.3567	0.3712	0.3604	0.3368	0.3100	0.2993	0.2867	0.2886	0.2794
0.2510	0.2701	0.3117	0.3159	0.3130	0.3433	0.3559	0.3624	0.3538	0.3605	0.3846	0.4161	0.4378	0.4340	0.4878	0.5067	0.5169	0.5178	0.5239	0.5401	0.4680	0.4552	0.4967	0.5041	0.5610	0.5509	0.5532	0.5783	0.5852	0.5885	0.6049	0.5809	0.6501	0.6374	0.6551	0.6252	0.6187	0.5787	0.5638	0.5707	0.5566	0.5771	0.5998	0.5341	0.5694	0.5706	0.5671	0.5677	0.5437	0.4970	0.4855	0.4513	0.4813	0.4669	0.4350	0.4441	0.4438	0.4180	0.3919	0.3799	0.3770	0.3794	0.3663	0.3432	0.3202	0.2921	0.2623	0.2805	0.2762
0.2708	0.2915	0.3134	0.3048	0.3379	0.3317	0.3454	0.3487	0.3675	0.3822	0.3652	0.4096	0.4495	0.4586	0.5013	0.5059	0.5233	0.4922	0.4783	0.4959	0.5086	0.4800	0.4718	0.4986	0.5564	0.5519	0.5687	0.5782	0.5944	0.6164	0.6599	0.6043	0.6250	0.6044	0.6315	0.6139	0.5934	0.5894	0.6040	0.6029	0.5974	0.6128	0.5640	0.5707	0.5707	0.6037	0.5987	0.5800	0.5610	0.5203	0.5234	0.4995	0.4808	0.4626	0.4885	0.4743	0.4432	0.4424	0.4323	0.3818	0.3940	0.3641	0.3575	0.3237	0.3186	0.2922	0.2797	0.2557	0.2664
0.2458	0.2910	0.3211	0.3309	0.3480	0.3177	0.3231	0.3162	0.3407	0.3431	0.3710	0.4105	0.4459	0.4572	0.5033	0.5099	0.5017	0.4917	0.5198	0.5267	0.5211	0.4857	0.4683	0.5032	0.5051	0.5056	0.5310	0.5597	0.5571	0.5894	0.6203	0.6203	0.6073	0.6058	0.5825	0.5835	0.5538	0.5761	0.6011	0.5949	0.6072	0.5648	0.5712	0.5661	0.5881	0.5851	0.5430	0.5394	0.5296	0.5168	0.5138	0.4982	0.4725	0.4707	0.4627	0.4720	0.4144	0.4337	0.4334	0.4181	0.3765	0.3516	0.3662	0.3499	0.3141	0.2891	0.2694	0.2490	0.2526
0.2519	0.2827	0.2881	0.3382	0.3218	0.3060	0.3157	0.2954	0.3394	0.3831	0.3691	0.3889	0.4537	0.4595	0.4664	0.4856	0.4775	0.5020	0.4735	0.5464	0.5192	0.4929	0.5086	0.5252	0.5181	0.5198	0.5363	0.5526	0.5701	0.5791	0.5991	0.6303	0.5947	0.5819	0.5473	0.5658	0.5557	0.5667	0.5783	0.5784	0.5971	0.5868	0.5676	0.5410	0.5668	0.5330	0.5524	0.5453	0.5260	0.4689	0.5108	0.5133	0.5167	0.4969	0.4568	0.4422	0.4468	0.4002	0.4039	0.4346	0.4021	0.3664	0.3689	0.3400	0.3223	0.2894	0.2957	0.2977	0.2674
0.2331	0.2698	0.2648	0.3181	0.3292	0.3205	0.3390	0.3178	0.3482	0.3744	0.3693	0.4176	0.4327	0.4499	0.4403	0.4683	0.4548	0.4780	0.5060	0.5221	0.5264	0.4955	0.5118	0.5272	0.5126	0.5230	0.5609	0.5518	0.5981	0.5706	0.6176	0.6050	0.6134	0.6069	0.5648	0.5661	0.6015	0.5977	0.5751	0.5912	0.5964	0.5816	0.5752	0.5667	0.5512	0.5155	0.5516	0.5335	0.5135	0.5184	0.5063	0.4871	0.4949	0.4933	0.4617	0.4751	0.4504	0.4263	0.3921	0.3949	0.3942	0.3561	0.3541	0.3500	0.3428	0.3325	0.3171	0.2980	0.2765
0.2175	0.2489	0.2696	0.3086	0.3209	0.3088	0.3421	0.3253	0.3536	0.3627	0.3808	0.4381	0.4317	0.4678	0.4191	0.4420	0.5094	0.4843	0.4923	0.5371	0.4973	0.4614	0.5033	0.5602	0.5524	0.5186	0.5714	0.5745	0.6098	0.6205	0.6323	0.6177	0.6364	0.6066	0.6045	0.5965	0.6245	0.6142	0.5966	0.5968	0.6060	0.6339	0.5744	0.5693	0.5658	0.5226	0.5421	0.5413	0.5115	0.5290	0.5136	0.5058	0.4747	0.4681	0.4539	0.4770	0.4412	0.4101	0.4016	0.3939	0.4115	0.3859	0.3742	0.3532	0.3645	0.3267	0.3115	0.3039	0.2858
0.2107	0.2469	0.2810	0.3072	0.3303	0.3293	0.3492	0.3442	0.3716	0.3853	0.3954	0.4106	0.4238	0.4400	0.4307	0.4582	0.5159	0.4676	0.4544	0.4831	0.4982	0.4983	0.5056	0.5313	0.5369	0.5216	0.5266	0.5478	0.5573	0.6048	0.6192	0.6396	0.6268	0.6355	0.6715	0.6499	0.6538	0.5994	0.5913	0.6045	0.5923	0.6282	0.5922	0.5777	0.5641	0.5248	0.5475	0.5367	0.5340	0.5383	0.5236	0.5358	0.5086	0.4807	0.4682	0.4504	0.4574	0.4357	0.4117	0.3968	0.3653	0.3916	0.3922	0.3435	0.3540	0.3277	0.3009	0.2744	0.2648
0.1910	0.2019	0.2523	0.2845	0.2891	0.2973	0.3065	0.3425	0.3734	0.3886	0.3626	0.3610	0.4250	0.4454	0.4756	0.5007	0.4857	0.4705	0.4793	0.4954	0.5260	0.5220	0.5230	0.5422	0.5511	0.5573	0.5460	0.5755	0.6063	0.5843	0.6199	0.6708	0.6334	0.6053	0.6496	0.6330	0.6440	0.6070	0.6273	0.6010	0.5965	0.6109	0.6115	0.5721	0.5485	0.5628	0.5476	0.5776	0.5160	0.5584	0.5394	0.5164	0.5058	0.4957	0.4793	0.4547	0.4416	0.4395	0.4137	0.4034	0.3904	0.3961	0.4011	0.3988	0.3408	0.3169	0.3190	0.2996	0.2924
0.1861	0.2236	0.2411	0.2560	0.2815	0.3194	0.3262	0.3291	0.3320	0.3896	0.3662	0.4040	0.4239	0.4671	0.4555	0.4537	0.4807	0.4882	0.4853	0.4774	0.5134	0.5016	0.5121	0.5410	0.5481	0.5849	0.6111	0.6015	0.6187	0.5957	0.6180	0.6560	0.6231	0.6450	0.6786	0.6712	0.6973	0.6552	0.6656	0.6163	0.6411	0.6131	0.6305	0.5882	0.5779	0.5500	0.5702	0.5867	0.5563	0.5507	0.5377	0.4955	0.5115	0.4990	0.4953	0.4793	0.4470	0.4381	0.4091	0.3967	0.3790	0.3933	0.4132	0.3939	0.3500	0.3337	0.3482	0.3167	0.3077
0.1666	0.1984	0.2203	0.2528	0.2944	0.3058	0.3035	0.3501	0.3561	0.3726	0.3672	0.3889	0.4195	0.4321	0.4352	0.4509	0.4556	0.4634	0.4590	0.5019	0.5317	0.4980	0.5222	0.5434	0.5434	0.5941	0.5909	0.6101	0.6165	0.6253	0.6711	0.6760	0.6538	0.6860	0.6921	0.6634	0.6180	0.6297	0.6838	0.6452	0.6463	0.6362	0.6145	0.6109	0.5741	0.5666	0.5879	0.5776	0.5987	0.5791	0.5447	0.5018	0.5057	0.5124	0.4915	0.5074	0.4577	0.4443	0.4521	0.4231	0.4117	0.4015	0.4040	0.4052	0.3565	0.3603	0.3678	0.3312	0.3258
0.1545	0.1639	0.1925	0.2205	0.2545	0.2687	0.2910	0.3353	0.3255	0.3215	0.3535	0.3853	0.4103	0.4138	0.3954	0.4285	0.4557	0.4533	0.4464	0.5045	0.5432	0.5146	0.5626	0.5947	0.5827	0.6181	0.6136	0.6058	0.6156	0.6366	0.6921	0.7192	0.6617	0.6759	0.7333	0.6935	0.6530	0.6660	0.7033	0.6525	0.6715	0.6699	0.6418	0.6327	0.6058	0.5649	0.5526	0.5712	0.5431	0.5837	0.5305	0.5116	0.5354	0.5384	0.4874	0.4735	0.4760	0.4627	0.4373	0.4423	0.4297	0.3916	0.3974	0.4015	0.3862	0.3661	0.3584	0.3319	0.3129
0.1621	0.1766	0.1800	0.1881	0.2245	0.2531	0.3012	0.3007	0.3235	0.3157	0.3490	0.3994	0.3824	0.4110	0.3849	0.4213	0.4449	0.4627	0.4558	0.4952	0.5175	0.5289	0.5634	0.5968	0.6070	0.6383	0.6425	0.6227	0.6585	0.6619	0.7025	0.6908	0.7172	0.7177	0.7336	0.7161	0.6776	0.6730	0.6573	0.6582	0.6880	0.6690	0.6629	0.6531	0.6181	0.6112	0.6151	0.6043	0.5880	0.5935	0.5416	0.5148	0.5107	0.4948	0.4891	0.4810	0.4772	0.4574	0.4449	0.4336	0.4464	0.4301	0.4303	0.4223	0.3868	0.3686	0.3734	0.3636	0.3564
0.1367	0.1487	0.1505	0.1829	0.2374	0.2728	0.3033	0.2884	0.3191	0.3479	0.3537	0.3728	0.3834	0.3913	0.3976	0.4100	0.4494	0.5023	0.5219	0.5264	0.5730	0.5890	0.5811	0.6238	0.5833	0.6342	0.6529	0.6712	0.7227	0.7564	0.7283	0.7623	0.7370	0.7653	0.7258	0.7278	0.7009	0.7001	0.6843	0.6487	0.6651	0.6558	0.6301	0.6354	0.6102	0.5914	0.6055	0.5833	0.5971	0.5781	0.5464	0.5355	0.5004	0.4818	0.4741	0.4861	0.4763	0.4558	0.4466	0.4416	0.4194	0.4136	0.4383	0.4257	0.3988	0.3910	0.4106	0.3777	0.3949
0.1287	0.1276	0.1415	0.1957	0.2354	0.2776	0.2811	0.2864	0.3019	0.3145	0.3329	0.3574	0.3777	0.3801	0.4496	0.4585	0.5077	0.5887	0.6276	0.6422	0.6368	0.6533	0.6573	0.6786	0.6769	0.7250	0.6908	0.7199	0.7771	0.7823	0.8219	0.8169	0.7868	0.8202	0.8094	0.7495	0.7517	0.7422	0.7197	0.6848	0.7040	0.6435	0.6538	0.6242	0.6286	0.6411	0.6495	0.6147	0.6060	0.5590	0.5545	0.5462	0.5096	0.5203	0.4794	0.4833	0.5193	0.4913	0.4652	0.4733	0.4715	0.4732	0.4716	0.4530	0.4357	0.4132	0.4338	0.3984	0.4293
0.1127	0.1235	0.1773	0.2315	0.2646	0.3056	0.3122	0.2853	0.3261	0.3287	0.3705	0.4192	0.4187	0.4336	0.4669	0.5157	0.6153	0.6494	0.6745	0.7206	0.6939	0.7402	0.7343	0.6950	0.7358	0.7320	0.7652	0.7907	0.8139	0.8440	0.8908	0.9020	0.9080	0.9065	0.8827	0.8118	0.7657	0.7815	0.7362	0.6936	0.7205	0.6752	0.6920	0.6908	0.6490	0.6336	0.6392	0.6085	0.5890	0.5794	0.5586	0.5592	0.5206	0.5029	0.4701	0.4909	0.5092	0.5066	0.4852	0.5004	0.5183	0.5283	0.4977	0.4969	0.4755	0.4345	0.4328	0.4116	0.4232
0.0639	0.0999	0.1645	0.2672	0.3545	0.3838	0.4348	0.4312	0.4567	0.4908	0.4925	0.5479	0.5356	0.5762	0.5926	0.6577	0.7019	0.7358	0.7851	0.8302	0.7897	0.8193	0.8016	0.7854	0.7735	0.7638	0.8075	0.7629	0.7883	0.9005	0.8843	0.7770	0.8219	0.8265	0.8884	0.8168	0.8109	0.7609	0.7828	0.7539	0.7315	0.7419	0.7638	0.6977	0.6626	0.7018	0.6893	0.6205	0.6231	0.6108	0.5698	0.5733	0.5619	0.5439	0.4977	0.4977	0.4838	0.5109	0.5276	0.5398	0.5413	0.5645	0.5376	0.5545	0.5096	0.4465	0.4512	0.4217	0.4165
0.0601	0.0768	0.1098	0.1453	0.2440	0.2729	0.3837	0.3835	0.3799	0.4619	0.6030	0.5861	0.5608	0.6020	0.6444	0.6980	0.6760	0.7716	0.8162	0.8678	0.7947	0.8184	0.6776	0.6965	0.7701	0.6597	0.5529	0.4842	0.5028	0.6227	0.5841	0.4588	0.4839	0.5504	0.8098	0.8994	0.8732	0.8027	0.7876	0.8016	0.7983	0.7337	0.7858	0.7179	0.6971	0.7237	0.6946	0.6442	0.6382	0.6244	0.5842	0.5983	0.5887	0.5521	0.5113	0.5325	0.5315	0.5416	0.5481	0.5699	0.5833	0.5565	0.5361	0.5554	0.5325	0.5086	0.4654	0.4503	0.4113
0.0394	0.0513	0.0696	0.0840	0.1049	0.1183	0.1305	0.1644	0.1765	0.2170	0.2995	0.3133	0.2726	0.2431	0.3061	0.3407	0.3460	0.4471	0.5286	0.5029	0.4227	0.4489	0.3326	0.3235	0.4021	0.3450	0.2832	0.2924	0.3147	0.3373	0.3329	0.3310	0.3575	0.4111	0.5655	0.7534	0.8214	0.8632	0.8095	0.8325	0.7975	0.6472	0.6646	0.6457	0.7797	0.7820	0.7928	0.7170	0.6677	0.6270	0.6337	0.6104	0.5731	0.5691	0.5364	0.5550	0.5684	0.5682	0.5628	0.5826	0.5368	0.3618	0.3453	0.4332	0.5175	0.5155	0.4876	0.4392	0.3754
0.0216	0.0283	0.0395	0.0469	0.0581	0.0764	0.0749	0.0977	0.1037	0.0972	0.1064	0.1166	0.1226	0.1154	0.1287	0.1443	0.1688	0.1828	0.2015	0.1850	0.1784	0.1796	0.1938	0.1929	0.2090	0.1986	0.1942	0.2013	0.2218	0.2334	0.2368	0.2318	0.2519	0.2886	0.3110	0.3619	0.4797	0.6083	0.5618	0.7496	0.8099	0.5823	0.6391	0.6590	0.8046	0.7865	0.7159	0.6107	0.6792	0.6787	0.6497	0.5948	0.5841	0.5695	0.5505	0.5761	0.6014	0.5601	0.5660	0.4938	0.3268	0.2313	0.2352	0.2511	0.3075	0.3294	0.3883	0.4341	0.3663
0.0129	0.0359	0.0337	0.0359	0.0624	0.0608	0.0633	0.0697	0.0763	0.0725	0.0772	0.0983	0.0959	0.0884	0.0877	0.0965	0.1203	0.1183	0.1239	0.1291	0.1384	0.1298	0.1397	0.1539	0.1558	0.1389	0.1444	0.1540	0.1582	0.1809	0.1683	0.1712	0.1725	0.1940	0.1969	0.2140	0.2396	0.2850	0.3396	0.5918	0.6148	0.4252	0.5421	0.6366	0.7492	0.7704	0.5838	0.4559	0.7108	0.7199	0.6525	0.6182	0.5779	0.5571	0.5381	0.6080	0.4879	0.4058	0.3822	0.2832	0.2096	0.1972	0.1976	0.1961	0.2051	0.2292	0.2502	0.3047	0.2742
0.0124	0.0193	0.0247	0.0396	0.0449	0.0406	0.0465	0.0608	0.0591	0.0552	0.0564	0.0634	0.0739	0.0763	0.0677	0.0805	0.0839	0.0779	0.0920	0.0934	0.0981	0.0968	0.1049	0.1150	0.1151	0.1094	0.1238	0.1184	0.1338	0.1360	0.1274	0.1429	0.1468	0.1559	0.1629	0.1582	0.1598	0.1897	0.2115	0.2691	0.2615	0.2418	0.3157	0.4336	0.5399	0.5341	0.3847	0.3465	0.5906	0.7181	0.6364	0.5875	0.6400	0.5990	0.5549	0.4286	0.2492	0.2114	0.2068	0.1893	0.1831	0.1756	0.1686	0.1717	0.1881	0.1902	0.1756	0.1755	0.1659
0.0055	0.0123	0.0283	0.0303	0.0312	0.0458	0.0485	0.0508	0.0541	0.0501	0.0542	0.0588	0.0642	0.0613	0.0626	0.0815	0.0757	0.0768	0.0888	0.0812	0.0883	0.0837	0.0968	0.0945	0.0944	0.0984	0.0913	0.0931	0.1098	0.1040	0.1078	0.1152	0.1202	0.1170	0.1318	0.1297	0.1293	0.1391	0.1541	0.1481	0.1514	0.1691	0.1764	0.2071	0.2344	0.2331	0.2076	0.2196	0.3031	0.4316	0.3597	0.3722	0.5642	0.5072	0.3305	0.1983	0.1679	0.1659	0.1635	0.1697	0.1735	0.1551	0.1550	0.1592	0.1454	0.1459	0.1404	0.1411	0.1333
0.0102	0.0154	0.0151	0.0170	0.0251	0.0483	0.0404	0.0426	0.0581	0.0454	0.0562	0.0684	0.0624	0.0632	0.0686	0.0725	0.0803	0.0744	0.0822	0.0863	0.0815	0.0842	0.0823	0.0835	0.0763	0.0884	0.0916	0.0984	0.1021	0.0974	0.0971	0.0971	0.0921	0.0912	0.1090	0.1002	0.1041	0.1083	0.1176	0.1224	0.1206	0.1222	0.1232	0.1410	0.1543	0.1441	0.1443	0.1481	0.1404	0.1675	0.1632	0.1878	0.2644	0.2354	0.1678	0.1489	0.1486	0.1389	0.1391	0.1359	0.1383	0.1346	0.1309	0.1308	0.1246	0.1233	0.1307	0.1253	0.1235
0.0163	0.0254	0.0172	0.0104	0.0185	0.0264	0.0334	0.0376	0.0376	0.0411	0.0506	0.0579	0.0563	0.0521	0.0601	0.0618	0.0689	0.0750	0.0668	0.0776	0.0596	0.0720	0.0683	0.0697	0.0727	0.0775	0.0714	0.0852	0.0932	0.0867	0.0792	0.0822	0.0791	0.0797	0.0982	0.0958	0.0923	0.0949	0.0885	0.0903	0.0968	0.0935	0.0916	0.0994	0.1049	0.1094	0.1236	0.1229	0.1225	0.1330	0.1270	0.1324	0.1360	0.1324	0.1296	0.1401	0.1382	0.1250	0.1196	0.1330	0.1311	0.1290	0.1207	0.1173	0.1119	0.1169	0.1221	0.1251	0.1099
0.0015	0.0111	0.0226	0.0185	0.0101	0.0265	0.0320	0.0364	0.0327	0.0356	0.0430	0.0473	0.0627	0.0426	0.0431	0.0541	0.0670	0.0662	0.0607	0.0632	0.0651	0.0628	0.0583	0.0634	0.0690	0.0726	0.0632	0.0754	0.0719	0.0767	0.0758	0.0745	0.0761	0.0754	0.0804	0.0790	0.0754	0.0790	0.0780	0.0755	0.0788	0.0776	0.0810	0.0858	0.0891	0.0872	0.0953	0.0994	0.1001	0.0939	0.0998	0.1100	0.1035	0.1023	0.0998	0.1067	0.1101	0.1094	0.1058	0.1253	0.1135	0.1061	0.1069	0.1007	0.0954	0.0966	0.1037	0.1095	0.1018
0.0000	0.0000	0.0113	0.0114	0.0095	0.0168	0.0211	0.0219	0.0288	0.0308	0.0317	0.0386	0.0510	0.0471	0.0392	0.0472	0.0581	0.0519	0.0582	0.0553	0.0723	0.0640	0.0567	0.0584	0.0651	0.0586	0.0570	0.0630	0.0688	0.0703	0.0650	0.0691	0.0744	0.0651	0.0697	0.0628	0.0636	0.0636	0.0690	0.0690	0.0750	0.0720	0.0750	0.0667	0.0751	0.0780	0.0735	0.0758	0.0786	0.0816	0.0849	0.0839	0.0859	0.0782	0.0838	0.0913	0.0941	0.0882	0.0932	0.1032	0.0944	0.0837	0.0872	0.0896	0.0984	0.0907	0.0960	0.0948	0.0877
0.0000	0.0000	0.0055	0.0055	0.0094	0.0071	0.0187	0.0220	0.0336	0.0235	0.0168	0.0427	0.0386	0.0354	0.0322	0.0355	0.0461	0.0413	0.0553	0.0599	0.0566	0.0566	0.0510	0.0514	0.0577	0.0566	0.0600	0.0473	0.0636	0.0679	0.0511	0.0590	0.0631	0.0644	0.0607	0.0646	0.0696	0.0623	0.0608	0.0637	0.0734	0.0739	0.0729	0.0636	0.0622	0.0654	0.0703	0.0729	0.0723	0.0724	0.0744	0.0669	0.0651	0.0689	0.0787	0.0797	0.0750	0.0702	0.0769	0.0806	0.0797	0.0722	0.0742	0.0844	0.0890	0.0824	0.0752	0.0780	0.0737
0.0000	0.0000	0.0130	0.0127	0.0042	0.0118	0.0176	0.0206	0.0277	0.0269	0.0213	0.0279	0.0347	0.0356	0.0363	0.0415	0.0465	0.0445	0.0376	0.0485	0.0473	0.0494	0.0585	0.0461	0.0575	0.0498	0.0552	0.0584	0.0603	0.0474	0.0496	0.0542	0.0500	0.0591	0.0568	0.0619	0.0652	0.0607	0.0617	0.0595	0.0645	0.0574	0.0625	0.0635	0.0560	0.0619	0.0702	0.0647	0.0594	0.0599	0.0621	0.0661	0.0534	0.0649	0.0692	0.0670	0.0640	0.0610	0.0626	0.0687	0.0645	0.0519	0.0656	0.0668	0.0662	0.0637	0.0566	0.0590	0.0529
0.0000	0.0058	0.0083	0.0096	0.0078	0.0102	0.0218	0.0354	0.0186	0.0137	0.0234	0.0197	0.0289	0.0281	0.0387	0.0419	0.0374	0.0389	0.0344	0.0421	0.0469	0.0445	0.0491	0.0381	0.0471	0.0459	0.0523	0.0461	0.0483	0.0441	0.0478	0.0477	0.0528	0.0646	0.0555	0.0521	0.0546	0.0504	0.0559	0.0515	0.0518	0.0571	0.0590	0.0550	0.0495	0.0541	0.0558	0.0519	0.0529	0.0539	0.0514	0.0581	0.0527	0.0572	0.0604	0.0562	0.0546	0.0457	0.0495	0.0547	0.0534	0.0446	0.0506	0.0526	0.0475	0.0521	0.0495	0.0409	0.0387
0.0000	0.0022	0.0044	0.0000	0.0020	0.0080	0.0114	0.0203	0.0125	0.0169	0.0194	0.0181	0.0251	0.0193	0.0194	0.0294	0.0392	0.0312	0.0369	0.0389	0.0442	0.0278	0.0274	0.0309	0.0355	0.0404	0.0384	0.0460	0.0426	0.0436	0.0463	0.0416	0.0384	0.0528	0.0464	0.0434	0.0487	0.0518	0.0567	0.0423	0.0470	0.0482	0.0482	0.0512	0.0469	0.0526	0.0551	0.0482	0.0445	0.0524	0.0584	0.0562	0.0507	0.0486	0.0494	0.0528	0.0428	0.0451	0.0463	0.0471	0.0427	0.0394	0.0435	0.0451	0.0466	0.0449	0.0366	0.0376	0.0345
0.0000	0.0000	0.0000	0.0000	0.0000	0.0000	0.0000	0.0106	0.0070	0.0127	0.0245	0.0280	0.0199	0.0220	0.0230	0.0276	0.0368	0.0245	0.0198	0.0272	0.0434	0.0302	0.0329	0.0305	0.0334	0.0417	0.0380	0.0432	0.0402	0.0460	0.0383	0.0450	0.0504	0.0457	0.0498	0.0443	0.0454	0.0546	0.0487	0.0443	0.0419	0.0464	0.0476	0.0481	0.0470	0.0509	0.0522	0.0492	0.0465	0.0552	0.0534	0.0525	0.0462	0.0490	0.0519	0.0500	0.0456	0.0381	0.0438	0.0478	0.0408	0.0318	0.0389	0.0409	0.0324	0.0403	0.0354	0.0352	0.0287
0.0000	0.0000	0.0000	0.0000	0.0000	0.0065	0.0047	0.0081	0.0174	0.0141	0.0186	0.0243	0.0226	0.0262	0.0252	0.0282	0.0350	0.0298	0.0229	0.0277	0.0283	0.0354	0.0295	0.0314	0.0308	0.0351	0.0347	0.0323	0.0372	0.0449	0.0471	0.0437	0.0438	0.0440	0.0486	0.0393	0.0402	0.0490	0.0467	0.0427	0.0439	0.0435	0.0461	0.0480	0.0462	0.0539	0.0486	0.0431	0.0502	0.0481	0.0457	0.0464	0.0444	0.0435	0.0444	0.0415	0.0406	0.0358	0.0385	0.0378	0.0403	0.0293	0.0289	0.0366	0.0336	0.0314	0.0229	0.0244	0.0242
0.0000	0.0000	0.0000	0.0000	0.0052	0.0000	0.0046	0.0067	0.0188	0.0056	0.0063	0.0130	0.0182	0.0200	0.0201	0.0238	0.0277	0.0205	0.0150	0.0276	0.0289	0.0208	0.0201	0.0312	0.0346	0.0350	0.0277	0.0355	0.0411	0.0392	0.0395	0.0323	0.0337	0.0374	0.0434	0.0390	0.0466	0.0474	0.0397	0.0410	0.0367	0.0415	0.0461	0.0418	0.0451	0.0494	0.0441	0.0481	0.0428	0.0404	0.0393	0.0363	0.0373	0.0411	0.0325	0.0427	0.0343	0.0301	0.0301	0.0341	0.0385	0.0244	0.0228	0.0237	0.0291	0.0261	0.0240	0.0185	0.0225
0.0000	0.0000	0.0000	0.0000	0.0005	0.0000	0.0113	0.0013	0.0041	0.0035	0.0213	0.0194	0.0207	0.0191	0.0162	0.0157	0.0174	0.0175	0.0199	0.0258	0.0227	0.0219	0.0241	0.0422	0.0378	0.0190	0.0288	0.0343	0.0232	0.0374	0.0462	0.0345	0.0376	0.0361	0.0433	0.0376	0.0405	0.0360	0.0360	0.0335	0.0354	0.0415	0.0415	0.0380	0.0449	0.0373	0.0372	0.0421	0.0416	0.0416	0.0393	0.0439	0.0415	0.0445	0.0350	0.0357	0.0355	0.0425	0.0305	0.0276	0.0318	0.0205	0.0185	0.0243	0.0218	0.0225	0.0264	0.0179	0.0251
