0.0000	0.0000	0.0069	0.0000	0.0024	0.0024	0.0020	0.0226	0.0127	0.0060	0.0186	0.0263	0.0292	0.0229	0.0252	0.0306	0.0337	0.0471	0.0374	0.0473	0.0546	0.0477	0.0520	0.0534	0.0690	0.0759	0.0679	0.0587	0.0705	0.0751	0.0757	0.0736	0.0857	0.0797	0.0741	0.0888	0.0834	0.0724	0.0864	0.0876	0.0927	0.0951	0.0919	0.0695	0.0730	0.0850	0.0875	0.0914	0.0844	0.0771	0.0609	0.0607	0.0552	0.0608	0.0597	0.0588	0.0531	0.0418	0.0537	0.0586	0.0405	0.0304	0.0443	0.0408	0.0350	0.0263	0.0318	0.0463	0.0313
0.0000	0.0000	0.0000	0.0000	0.0007	0.0035	0.0095	0.0185	0.0194	0.0179	0.0329	0.0309	0.0424	0.0314	0.0153	0.0385	0.0451	0.0582	0.0553	0.0506	0.0613	0.0553	0.0668	0.0646	0.0691	0.0792	0.0725	0.0691	0.0729	0.0856	0.0951	0.0922	0.0993	0.0947	0.0938	0.0951	0.0950	0.0867	0.0764	0.1000	0.0988	0.0957	0.0887	0.0875	0.0845	0.0813	0.0664	0.0896	0.0989	0.0868	0.0674	0.0589	0.0529	0.0669	0.0697	0.0683	0.0676	0.0591	0.0488	0.0552	0.0390	0.0341	0.0397	0.0471	0.0427	0.0363	0.0400	0.0362	0.0365
0.0000	0.0000	0.0000	0.0067	0.0094	0.0062	0.0069	0.0181	0.0306	0.0246	0.0320	0.0272	0.0458	0.0351	0.0328	0.0370	0.0393	0.0555	0.0616	0.0531	0.0662	0.0642	0.0493	0.0703	0.0881	0.0817	0.0859	0.0781	0.0779	0.0936	0.1062	0.0970	0.1017	0.1082	0.1153	0.1019	0.1122	0.0850	0.1089	0.1081	0.1059	0.1029	0.0972	0.0974	0.0815	0.0862	0.0944	0.0916	0.0913	0.0861	0.0746	0.0777	0.0659	0.0734	0.0746	0.0788	0.0657	0.0567	0.0603	0.0716	0.0703	0.0431	0.0461	0.0455	0.0555	0.0522	0.0377	0.0411	0.0465
0.0000	0.0011	0.0065	0.0220	0.0194	0.0258	0.0259	0.0117	0.0104	0.0221	0.0319	0.0388	0.0415	0.0346	0.0323	0.0371	0.0379	0.0490	0.0579	0.0633	0.0631	0.0763	0.0632	0.0672	0.0872	0.0931	0.0875	0.0787	0.0905	0.0852	0.1012	0.0945	0.0978	0.1156	0.1210	0.1189	0.0998	0.0906	0.1007	0.0962	0.1073	0.1093	0.1015	0.0942	0.0879	0.0908	0.0959	0.0793	0.0782	0.0777	0.0960	0.0746	0.0597	0.0879	0.0925	0.0679	0.0618	0.0646	0.0699	0.0735	0.0726	0.0636	0.0655	0.0516	0.0580	0.0467	0.0378	0.0397	0.0514
0.0000	0.0030	0.0098	0.0212	0.0125	0.0117	0.0153	0.0171	0.0178	0.0229	0.0296	0.0350	0.0490	0.0478	0.0315	0.0418	0.0551	0.0416	0.0528	0.0704	0.0567	0.0626	0.0679	0.0716	0.0862	0.0910	0.0928	0.0790	0.0898	0.0786	0.0837	0.1001	0.0983	0.1064	0.1127	0.1054	0.1035	0.1030	0.1123	0.0985	0.0870	0.0945	0.1108	0.1035	0.1107	0.1073	0.1053	0.1026	0.0865	0.0937	0.0934	0.0774	0.0715	0.0918	0.0960	0.0706	0.0761	0.0629	0.0811	0.0798	0.0674	0.0556	0.0722	0.0634	0.0610	0.0528	0.0542	0.0583	0.0645
0.0000	0.0048	0.0136	0.0163	0.0181	0.0278	0.0256	0.0360	0.0242	0.0341	0.0313	0.0444	0.0563	0.0536	0.0441	0.0514	0.0637	0.0612	0.0480	0.0836	0.0669	0.0671	0.0673	0.0725	0.0976	0.0967	0.0789	0.0824	0.0971	0.1080	0.1129	0.1130	0.1213	0.1161	0.1113	0.1209	0.1155	0.1094	0.1152	0.1135	0.1175	0.1157	0.1170	0.1014	0.1229	0.1221	0.1070	0.0991	0.1061	0.1132	0.0983	0.0967	0.1056	0.1017	0.0897	0.0923	0.0774	0.0703	0.0795	0.0811	0.0791	0.0653	0.0745	0.0797	0.0707	0.0628	0.0718	0.0767	0.0703
0.0000	0.0012	0.0160	0.0197	0.0190	0.0389	0.0265	0.0286	0.0248	0.0315	0.0498	0.0437	0.0432	0.0428	0.0556	0.0678	0.0831	0.0644	0.0718	0.0757	0.0854	0.0835	0.0741	0.0649	0.0921	0.1199	0.1016	0.1037	0.1053	0.1082	0.1088	0.0975	0.1209	0.1234	0.1263	0.1204	0.1193	0.1320	0.1307	0.1211	0.1189	0.1201	0.1211	0.1062	0.1232	0.1237	0.1030	0.1267	0.1242	0.1111	0.1019	0.1069	0.1226	0.1129	0.1028	0.1064	0.0886	0.0807	0.0956	0.0981	0.0833	0.0839	0.0874	0.0922	0.0946	0.0908	0.0894	0.0857	0.0863
0.0080	0.0162	0.0203	0.0320	0.0235	0.0185	0.0242	0.0290	0.0349	0.0438	0.0483	0.0446	0.0480	0.0559	0.0616	0.0832	0.0799	0.0684	0.0774	0.0727	0.0847	0.0993	0.0928	0.0853	0.1137	0.1165	0.0900	0.1000	0.1187	0.1219	0.1263	0.1182	0.1433	0.1455	0.1330	0.1245	0.1374	0.1421	0.1455	0.1412	0.1416	0.1483	0.1381	0.1366	0.1428	0.1439	0.1254	0.1372	0.1302	0.1266	0.1190	0.1152	0.1061	0.1177	0.1168	0.1181	0.0844	0.0949	0.1110	0.1000	0.1080	0.0975	0.1031	0.1073	0.1151	0.1019	0.0965	0.1014	0.0988
0.0127	0.0203	0.0219	0.0267	0.0228	0.0280	0.0414	0.0393	0.0510	0.0561	0.0460	0.0529	0.0675	0.0588	0.0647	0.0945	0.0744	0.0688	0.0760	0.1019	0.1084	0.0983	0.1033	0.0929	0.1091	0.1041	0.1024	0.1065	0.1290	0.1216	0.1154	0.1282	0.1689	0.1626	0.1541	0.1421	0.1393	0.1512	0.1502	0.1561	0.1415	0.1387	0.1429	0.1480	0.1692	0.1610	0.1526	0.1370	0.1527	0.1526	0.1525	0.1419	0.1322	0.1479	0.1318	0.1298	0.1104	0.1180	0.1401	0.1151	0.1209	0.1153	0.1072	0.1232	0.1200	0.1217	0.1202	0.1168	0.1128
0.0119	0.0148	0.0340	0.0305	0.0248	0.0393	0.0441	0.0472	0.0608	0.0646	0.0484	0.0536	0.0662	0.0670	0.0814	0.0816	0.0786	0.0780	0.0950	0.1019	0.1004	0.0981	0.1000	0.1065	0.1212	0.1275	0.1235	0.1131	0.1297	0.1285	0.1410	0.1445	0.1689	0.1856	0.1823	0.1962	0.1717	0.1714	0.1519	0.1637	0.1632	0.1655	0.1789	0.1793	0.1938	0.1937	0.1935	0.1761	0.1725	0.1680	0.1685	0.1609	0.1598	0.1597	0.1626	0.1555	0.1368	0.1351	0.1431	0.1443	0.1547	0.1383	0.1335	0.1541	0.1458	0.1580	0.1434	0.1374	0.1326
0.0192	0.0147	0.0350	0.0365	0.0350	0.0492	0.0495	0.0566	0.0638	0.0684	0.0696	0.0799	0.0733	0.0691	0.0778	0.0912	0.0982	0.1051	0.1000	0.0870	0.1206	0.1188	0.1119	0.0974	0.1346	0.1373	0.1426	0.1338	0.1400	0.1492	0.1578	0.1736	0.2632	0.3591	0.3398	0.2716	0.2187	0.1955	0.2089	0.1870	0.2057	0.2066	0.2299	0.3060	0.4140	0.3656	0.2464	0.2106	0.1974	0.2007	0.1968	0.1982	0.1795	0.1770	0.1912	0.1816	0.1610	0.1537	0.1627	0.1655	0.1673	0.1512	0.1449	0.1738	0.1795	0.1777	0.1709	0.1635	0.1531
0.0189	0.0310	0.0367	0.0478	0.0530	0.0313	0.0255	0.0561	0.0460	0.0628	0.0761	0.0801	0.0801	0.0865	0.0695	0.0864	0.0985	0.1117	0.1181	0.1153	0.1214	0.1284	0.1221	0.1336	0.1530	0.1424	0.1566	0.1608	0.1724	0.1855	0.2363	0.2903	0.5478	0.8555	0.7847	0.6028	0.4114	0.3396	0.4239	0.4478	0.3863	0.3184	0.3341	0.5258	0.7077	0.6706	0.3727	0.2363	0.2237	0.2393	0.2308	0.2266	0.2270	0.2708	0.3032	0.2485	0.2148	0.2016	0.1940	0.1920	0.1875	0.1796	0.1865	0.2137	0.2379	0.1968	0.1580	0.1660	0.1676
0.0251	0.0243	0.0320	0.0413	0.0403	0.0411	0.0588	0.0811	0.0756	0.0791	0.0871	0.0888	0.0869	0.0846	0.0865	0.0950	0.1043	0.1198	0.1312	0.1401	0.1314	0.1417	0.1412	0.1574	0.1879	0.1999	0.2223	0.2230	0.2706	0.2982	0.3578	0.4242	0.6058	0.9190	0.9144	0.8350	0.7886	0.7124	0.7390	0.7511	0.7095	0.6044	0.5769	0.6706	0.7273	0.6787	0.4797	0.3129	0.3862	0.3983	0.3336	0.2654	0.3148	0.4865	0.5127	0.3199	0.2293	0.2210	0.2354	0.2160	0.2205	0.2355	0.2383	0.2971	0.2992	0.2463	0.2053	0.1894	0.1740
0.0331	0.0308	0.0402	0.0557	0.0445	0.0543	0.0664	0.0627	0.0780	0.0723	0.0890	0.1114	0.0933	0.0924	0.0959	0.1195	0.1444	0.1509	0.1498	0.1526	0.1579	0.1708	0.1985	0.1989	0.2469	0.3087	0.3641	0.3681	0.3886	0.4846	0.6602	0.7140	0.7748	0.7771	0.8624	0.8365	0.8645	0.8277	0.7844	0.7379	0.7546	0.7534	0.7832	0.7513	0.6918	0.6968	0.6033	0.4718	0.6153	0.6341	0.5507	0.4550	0.4379	0.5535	0.5340	0.3725	0.2383	0.2476	0.2637	0.2488	0.2391	0.2335	0.2388	0.2909	0.2944	0.2611	0.2509	0.2230	0.2185
0.0292	0.0334	0.0360	0.0571	0.0551	0.0520	0.0625	0.0708	0.0960	0.0944	0.0998	0.1115	0.1175	0.1118	0.1276	0.1311	0.1857	0.1782	0.1758	0.1993	0.2326	0.2622	0.3121	0.3573	0.4416	0.6133	0.6822	0.6629	0.6575	0.7863	0.9051	0.9664	1.0000	0.8177	0.8422	0.8971	0.8598	0.8185	0.7283	0.6975	0.7065	0.7186	0.7123	0.7439	0.7167	0.6983	0.6741	0.6815	0.7524	0.7061	0.7058	0.6543	0.5876	0.5284	0.5522	0.4286	0.3027	0.2873	0.2872	0.2973	0.2832	0.2421	0.2571	0.2660	0.3282	0.3153	0.3037	0.2870	0.3082
0.0238	0.0312	0.0409	0.0597	0.0643	0.0750	0.0757	0.0889	0.1204	0.1107	0.1138	0.1547	0.1604	0.1577	0.1940	0.2071	0.2724	0.2669	0.2783	0.3171	0.3860	0.4875	0.5222	0.5961	0.6861	0.7918	0.8319	0.8027	0.8133	0.7859	0.8366	0.9091	0.9245	0.9350	0.8814	0.9038	0.8213	0.7362	0.6925	0.6632	0.6836	0.6683	0.6937	0.7219	0.6836	0.7047	0.7103	0.7139	0.7074	0.6842	0.6661	0.6904	0.6509	0.5818	0.5766	0.5316	0.3674	0.3361	0.3835	0.4569	0.3419	0.2659	0.3034	0.3651	0.3996	0.3803	0.3642	0.3384	0.3527
0.0418	0.0404	0.0575	0.0901	0.0956	0.1099	0.1254	0.1336	0.1367	0.1701	0.2090	0.2412	0.2753	0.2764	0.3191	0.3359	0.3549	0.4449	0.5026	0.5483	0.6337	0.7622	0.7454	0.7367	0.7315	0.7067	0.7237	0.7056	0.7055	0.7339	0.7977	0.8343	0.8671	0.8551	0.8901	0.8331	0.8238	0.7493	0.7384	0.6586	0.6894	0.6601	0.6862	0.7040	0.6725	0.6512	0.6552	0.6684	0.6428	0.6613	0.6673	0.6982	0.6646	0.6317	0.6079	0.5828	0.4617	0.4118	0.5005	0.5285	0.3885	0.3032	0.3095	0.3569	0.4250	0.3873	0.3547	0.3136	0.3052
0.0696	0.0781	0.1097	0.1456	0.1836	0.2328	0.2914	0.3487	0.4035	0.3756	0.4282	0.4993	0.5375	0.5460	0.5930	0.5950	0.6238	0.6876	0.7617	0.7819	0.7865	0.8063	0.6943	0.6819	0.6447	0.6372	0.6362	0.6840	0.6586	0.7333	0.7900	0.7504	0.7687	0.7613	0.7888	0.7217	0.7226	0.6857	0.6619	0.6769	0.6555	0.6623	0.6901	0.6648	0.6522	0.6331	0.6456	0.6152	0.6431	0.6383	0.6270	0.6472	0.6497	0.6404	0.5908	0.5874	0.5198	0.4829	0.5596	0.4849	0.3957	0.3149	0.3523	0.3577	0.3593	0.3696	0.3515	0.3309	0.3017
0.1464	0.2153	0.2827	0.3996	0.4862	0.5314	0.5878	0.5909	0.6557	0.6271	0.6164	0.7084	0.7372	0.7331	0.7383	0.8101	0.8137	0.7783	0.8029	0.7559	0.6970	0.6699	0.6650	0.6155	0.6018	0.5890	0.6472	0.6234	0.6059	0.6898	0.6832	0.6939	0.7434	0.7583	0.7156	0.6688	0.6169	0.6207	0.6145	0.6414	0.6205	0.5927	0.6872	0.6299	0.6231	0.6437	0.6014	0.5848	0.6030	0.6137	0.6018	0.6012	0.5639	0.5902	0.5771	0.5363	0.5168	0.5302	0.4923	0.4838	0.4147	0.3158	0.4440	0.4377	0.3949	0.3678	0.3438	0.3306	0.3051
0.2697	0.3738	0.4385	0.5255	0.5440	0.5555	0.5209	0.5351	0.5774	0.5903	0.5775	0.6243	0.6874	0.6754	0.6638	0.7127	0.7307	0.7541	0.7185	0.7128	0.6566	0.6366	0.5912	0.5912	0.5630	0.5205	0.5806	0.5823	0.6042	0.6352	0.6079	0.6710	0.6705	0.6755	0.6695	0.6581	0.6078	0.5761	0.5543	0.5659	0.5825	0.5846	0.6340	0.6444	0.6606	0.5911	0.5803	0.5799	0.5784	0.5464	0.5128	0.5330	0.5421	0.5625	0.5545	0.5223	0.5010	0.5186	0.4598	0.4674	0.4485	0.3903	0.4373	0.4863	0.4689	0.3969	0.3214	0.3087	0.3003
0.2441	0.3147	0.3291	0.3624	0.3880	0.4011	0.4207	0.4151	0.4683	0.4909	0.5056	0.5401	0.6208	0.5660	0.5648	0.6482	0.6604	0.6955	0.6533	0.5984	0.5905	0.5598	0.5335	0.5385	0.5171	0.5325	0.5324	0.5759	0.5965	0.5779	0.6427	0.6662	0.6412	0.6610	0.6704	0.6349	0.6065	0.5977	0.5874	0.5684	0.5560	0.5408	0.6033	0.6335	0.5833	0.5382	0.5795	0.5796	0.5625	0.5378	0.5302	0.5297	0.4874	0.5298	0.5022	0.4882	0.4836	0.4656	0.4591	0.4469	0.4758	0.4661	0.4912	0.4735	0.4751	0.4114	0.3240	0.3073	0.2973
0.2621	0.2680	0.2870	0.3089	0.3198	0.3150	0.3586	0.3751	0.3852	0.4007	0.4369	0.4727	0.5018	0.4667	0.5150	0.5655	0.6617	0.6483	0.6295	0.6136	0.5801	0.5343	0.5280	0.4879	0.4906	0.5211	0.5410	0.5553	0.5996	0.5936	0.6002	0.6054	0.6109	0.6162	0.6391	0.6026	0.5804	0.6061	0.5766	0.5980	0.5940	0.5780	0.5948	0.6312	0.5913	0.5723	0.5522	0.5413	0.4973	0.5151	0.5349	0.5297	0.4737	0.5134	0.4716	0.4915	0.4732	0.4622	0.4492	0.4246	0.4288	0.4358	0.4263	0.4217	0.4137	0.3823	0.3180	0.3130	0.2984
0.2147	0.2310	0.2736	0.3103	0.2941	0.3031	0.3347	0.3158	0.3392	0.3358	0.3576	0.4070	0.4241	0.4580	0.4740	0.5023	0.5837	0.5590	0.5340	0.5227	0.5045	0.5348	0.4967	0.4815	0.5044	0.4656	0.5107	0.5779	0.5776	0.6068	0.5761	0.5816	0.6123	0.5995	0.5948	0.6048	0.6145	0.6210	0.5844	0.5633	0.5778	0.5744	0.5666	0.5614	0.6053	0.5800	0.5423	0.5384	0.5083	0.4821	0.4907	0.5045	0.5053	0.4992	0.4768	0.5092	0.4820	0.4584	0.4379	0.4488	0.4178	0.4037	0.4128	0.3902	0.3774	0.3581	0.3412	0.2950	0.2881
0.1989	0.2281	0.2666	0.2793	0.2902	0.2951	0.3246	0.3062	0.2966	0.3191	0.3394	0.3763	0.4003	0.4321	0.4263	0.4889	0.4921	0.5037	0.5084	0.5031	0.4850	0.5148	0.4996	0.4675	0.5286	0.4870	0.5142	0.5646	0.5497	0.5609	0.5884	0.6013	0.5713	0.6206	0.6226	0.5786	0.6047	0.6150	0.5948	0.5476	0.5680	0.5637	0.5671	0.5819	0.5711	0.5612	0.5559	0.5136	0.5110	0.4945	0.4711	0.4658	0.4816	0.4620	0.4265	0.4702	0.4437	0.4404	0.4182	0.4268	0.4063	0.3946	0.3916	0.3625	0.3436	0.3423	0.3208	0.2871	0.2777
0.1869	0.2177	0.2514	0.2722	0.2810	0.3221	0.3429	0.3254	0.3120	0.3375	0.3621	0.3760	0.3789	0.3970	0.3939	0.4660	0.4893	0.5013	0.5115	0.5086	0.4884	0.5134	0.5145	0.5006	0.5002	0.4916	0.5026	0.5379	0.5686	0.5574	0.5780	0.6053	0.5774	0.5797	0.5935	0.5844	0.6088	0.5863	0.5673	0.5840	0.5680	0.5761	0.5814	0.5465	0.5518	0.5429	0.5039	0.5011	0.5023	0.4936	0.4823	0.4505	0.4381	0.4443	0.4335	0.4441	0.4183	0.4269	0.3999	0.3868	0.3817	0.3761	0.3873	0.3537	0.3585	0.3275	0.2955	0.2698	0.2540
0.1876	0.1852	0.2477	0.3126	0.2825	0.2941	0.3092	0.3085	0.3214	0.3340	0.3475	0.3817	0.3830	0.3941	0.4346	0.4739	0.4875	0.4718	0.5087	0.5080	0.5386	0.4838	0.5001	0.4864	0.4869	0.4915	0.5183	0.5289	0.5882	0.5559	0.5868	0.5779	0.5993	0.5710	0.5761	0.5801	0.5836	0.5819	0.5858	0.5600	0.5670	0.5634	0.5500	0.5500	0.5651	0.5351	0.5175	0.5208	0.5131	0.5018	0.5107	0.4723	0.4407	0.4649	0.4755	0.4475	0.4439	0.4307	0.4400	0.4006	0.3756	0.3608	0.3573	0.3660	0.3603	0.3145	0.2948	0.2909	0.2629
0.2060	0.2155	0.2680	0.3129	0.2783	0.2645	0.2875	0.3347	0.3101	0.2982	0.3502	0.3630	0.3961	0.3948	0.4581	0.4646	0.4665	0.4673	0.4957	0.4786	0.4999	0.4804	0.4951	0.5064	0.4728	0.4938	0.5196	0.5263	0.5109	0.5647	0.6017	0.5941	0.5870	0.5859	0.5618	0.5359	0.5361	0.5557	0.5867	0.5538	0.5537	0.5510	0.5767	0.5634	0.5575	0.5294	0.5135	0.5001	0.5153	0.5326	0.5121	0.4759	0.4729	0.4726	0.4517	0.4605	0.4161	0.4258	0.4255	0.4302	0.3854	0.3552	0.3679	0.3417	0.3388	0.3175	0.3008	0.2910	0.2890
0.2013	0.2572	0.2515	0.2732	0.2864	0.2491	0.3067	0.3042	0.3110	0.3406	0.3425	0.3552	0.3986	0.4537	0.4432	0.4516	0.4622	0.4538	0.4675	0.5291	0.5084	0.4815	0.4915	0.5062	0.4934	0.5092	0.5219	0.5332	0.5276	0.5503	0.5730	0.6177	0.5712	0.5392	0.5353	0.5584	0.5465	0.5585	0.5599	0.5723	0.5581	0.5688	0.6004	0.5512	0.5223	0.5086	0.5325	0.5489	0.5396	0.4996	0.5161	0.5285	0.5292	0.4888	0.4496	0.4641	0.4318	0.4186	0.4161	0.4323	0.3903	0.3704	0.3617	0.3361	0.3255	0.3328	0.3052	0.2938	0.2806
0.2035	0.2322	0.2368	0.2655	0.2738	0.2816	0.3111	0.3219	0.3094	0.3285	0.3647	0.3608	0.3791	0.4132	0.4133	0.4451	0.4435	0.4709	0.5068	0.4995	0.5286	0.4968	0.5089	0.5237	0.5342	0.4954	0.5302	0.5878	0.5957	0.5730	0.5841	0.5928	0.6079	0.5899	0.5678	0.5877	0.5631	0.5835	0.5542	0.5818	0.5951	0.5705	0.5736	0.5533	0.5370	0.5431	0.5400	0.5502	0.5564	0.5221	0.5323	0.4976	0.4781	0.4817	0.4728	0.4460	0.4066	0.4331	0.4153	0.4051	0.3956	0.3706	0.3773	0.3625	0.3604	0.3297	0.2998	0.2832	0.2792
0.2155	0.2354	0.2600	0.2919	0.2819	0.2951	0.2994	0.3317	0.3544	0.3575	0.3587	0.3944	0.3933	0.3956	0.3887	0.4155	0.4604	0.4837	0.5247	0.5125	0.4964	0.4911	0.4967	0.5577	0.5114	0.4897	0.5400	0.6069	0.6144	0.6046	0.6014	0.6266	0.6620	0.6259	0.5862	0.5915	0.6073	0.6278	0.5739	0.5843	0.6061	0.6090	0.5879	0.6109	0.5876	0.5454	0.5701	0.5483	0.5268	0.5277	0.5172	0.5111	0.4733	0.4778	0.4866	0.4752	0.4163	0.4029	0.3929	0.4050	0.3839	0.3872	0.3642	0.3700	0.3667	0.3244	0.2999	0.3173	0.2916
0.1881	0.2032	0.2612	0.2647	0.2624	0.2623	0.2992	0.3036	0.3584	0.3700	0.3765	0.3908	0.3679	0.3910	0.3994	0.4299	0.4591	0.4738	0.4873	0.4910	0.5114	0.5247	0.5118	0.5348	0.5519	0.5282	0.5057	0.5368	0.5853	0.5648	0.6151	0.6435	0.6540	0.6085	0.6210	0.6613	0.6420	0.6115	0.6078	0.6268	0.6018	0.6324	0.5976	0.6088	0.5774	0.5563	0.5799	0.5602	0.5447	0.5744	0.5565	0.5423	0.5206	0.4935	0.4491	0.4519	0.4419	0.4235	0.4179	0.4159	0.3845	0.3777	0.3827	0.3689	0.3828	0.3423	0.3095	0.2964	0.2792
0.1818	0.2055	0.2219	0.2454	0.2704	0.2771	0.2864	0.3300	0.3356	0.3311	0.3651	0.3551	0.3928	0.3977	0.4200	0.4523	0.4735	0.4555	0.4705	0.4655	0.4944	0.5129	0.5245	0.5372	0.5879	0.5851	0.5183	0.5554	0.5945	0.5527	0.6130	0.6656	0.6772	0.6332	0.6719	0.6607	0.6299	0.6367	0.6518	0.6469	0.5935	0.6047	0.6617	0.6390	0.6036	0.5946	0.5688	0.6238	0.5668	0.5682	0.5801	0.5300	0.5337	0.5304	0.5115	0.4731	0.4451	0.4427	0.4042	0.4193	0.4344	0.3927	0.4227	0.3977	0.3797	0.3482	0.3194	0.3283	0.3159
0.1765	0.2039	0.2043	0.2450	0.2665	0.2934	0.3181	0.3054	0.3272	0.3578	0.3477	0.3745	0.3994	0.4387	0.4188	0.4557	0.4872	0.4329	0.4624	0.4934	0.4953	0.4668	0.5109	0.5215	0.5602	0.5453	0.5544	0.5929	0.6237	0.5940	0.6350	0.6690	0.6652	0.6619	0.6817	0.6738	0.6844	0.6339	0.6766	0.6445	0.6522	0.6377	0.6621	0.6616	0.6296	0.5757	0.5861	0.6124	0.6097	0.5890	0.5832	0.5440	0.5625	0.5333	0.5125	0.4916	0.4475	0.4454	0.4221	0.4263	0.4158	0.4065	0.4190	0.4008	0.3787	0.3485	0.3431	0.3354	0.3406
0.1578	0.1785	0.2110	0.2120	0.2647	0.2664	0.2815	0.3185	0.3408	0.3468	0.3456	0.3499	0.3719	0.4283	0.4074	0.4522	0.4573	0.4534	0.4819	0.4873	0.5097	0.4584	0.4796	0.4973	0.5241	0.5382	0.5553	0.6134	0.5976	0.6097	0.6642	0.6783	0.7015	0.7112	0.6743	0.6882	0.6727	0.6443	0.6436	0.6483	0.6535	0.6215	0.6334	0.6377	0.5999	0.6214	0.6212	0.5840	0.6096	0.6074	0.6071	0.5427	0.5489	0.5284	0.5080	0.4883	0.4478	0.4511	0.4632	0.4441	0.4149	0.4194	0.4041	0.4090	0.3943	0.3677	0.3458	0.3284	0.3355
0.1433	0.1603	0.1580	0.1991	0.2576	0.2543	0.3031	0.3428	0.3301	0.3170	0.3562	0.3565	0.3896	0.4246	0.4267	0.4482	0.4837	0.4825	0.4631	0.4809	0.5016	0.4929	0.4769	0.4827	0.5286	0.5625	0.5684	0.5465	0.5479	0.5983	0.6253	0.6502	0.6728	0.6632	0.7003	0.6913	0.6743	0.6335	0.6354	0.6312	0.6319	0.6231	0.6372	0.6223	0.6125	0.6350	0.6081	0.6190	0.5909	0.6367	0.5934	0.5478	0.5614	0.5657	0.5202	0.4836	0.4627	0.4904	0.4804	0.4767	0.4486	0.4188	0.4374	0.4192	0.4129	0.3968	0.3590	0.3575	0.3141
0.1551	0.1667	0.1467	0.1758	0.2469	0.2870	0.3223	0.3185	0.3130	0.3157	0.3438	0.3924	0.4013	0.4447	0.4533	0.4753	0.4437	0.4542	0.4651	0.4903	0.4830	0.4863	0.4929	0.4958	0.5517	0.5503	0.5471	0.5643	0.5891	0.5759	0.5877	0.5972	0.6396	0.6688	0.6805	0.6718	0.6560	0.6386	0.6057	0.6256	0.6311	0.6021	0.6208	0.6275	0.6012	0.6128	0.6565	0.6441	0.6375	0.6461	0.6231	0.5815	0.5741	0.5539	0.5174	0.4983	0.4800	0.5214	0.5174	0.4910	0.4810	0.4676	0.4626	0.4710	0.4275	0.4169	0.3960	0.3988	0.3675
0.1191	0.1351	0.1490	0.1890	0.2359	0.2646	0.3232	0.3412	0.3502	0.3687	0.3839	0.4272	0.4560	0.4865	0.4924	0.4743	0.4728	0.5140	0.5238	0.5167	0.5283	0.5350	0.5265	0.5516	0.5204	0.5262	0.5312	0.5902	0.6295	0.6131	0.5925	0.6370	0.6602	0.6891	0.6397	0.6299	0.6410	0.6120	0.5888	0.5831	0.5992	0.5999	0.5917	0.6347	0.6104	0.6155	0.6703	0.6422	0.6638	0.6623	0.6078	0.5783	0.5595	0.5532	0.5264	0.5386	0.5382	0.5358	0.5313	0.5071	0.4786	0.4943	0.4888	0.4883	0.4585	0.4483	0.4164	0.3915	0.4073
0.1220	0.1659	0.1684	0.1871	0.2426	0.2766	0.3231	0.3860	0.4020	0.3789	0.4520	0.4803	0.5289	0.5147	0.6138	0.6029	0.6173	0.6619	0.6490	0.6138	0.5913	0.6104	0.6093	0.6105	0.5939	0.6231	0.5956	0.6423	0.6595	0.6116	0.6875	0.6991	0.6764	0.6815	0.6580	0.6311	0.6258	0.5961	0.6012	0.5982	0.5902	0.5659	0.6011	0.6162	0.6206	0.6502	0.6578	0.6735	0.6605	0.6492	0.6180	0.6067	0.5997	0.5912	0.5643	0.5467	0.5516	0.5635	0.5783	0.5445	0.5465	0.5565	0.5462	0.5460	0.5188	0.4693	0.4391	0.4233	0.4217
0.1119	0.1370	0.1907	0.2347	0.2892	0.3300	0.3583	0.4205	0.4295	0.4555	0.5334	0.6036	0.6106	0.5978	0.6917	0.7415	0.8057	0.7772	0.7317	0.7156	0.6907	0.6705	0.6778	0.6262	0.6715	0.6636	0.6615	0.6743	0.6594	0.6638	0.7005	0.7168	0.7097	0.6963	0.7028	0.6421	0.6281	0.6217	0.6118	0.6048	0.6054	0.5910	0.6020	0.6252	0.6224	0.6330	0.6856	0.6478	0.6627	0.6730	0.6297	0.6745	0.6401	0.5948	0.5621	0.6045	0.5927	0.5708	0.5989	0.6279	0.6091	0.6055	0.6024	0.5352	0.4944	0.4941	0.4545	0.4404	0.4229
0.0734	0.0929	0.1440	0.2457	0.2929	0.3451	0.4133	0.4658	0.4500	0.4983	0.6071	0.6767	0.5673	0.5902	0.7256	0.7448	0.6451	0.6222	0.7423	0.7501	0.6815	0.7554	0.7450	0.6843	0.6666	0.6689	0.6704	0.6559	0.6598	0.6778	0.7252	0.7332	0.6944	0.7071	0.7120	0.6837	0.6808	0.6128	0.6087	0.5706	0.5829	0.6250	0.6511	0.6645	0.6709	0.6510	0.6863	0.6807	0.7206	0.7049	0.6709	0.6572	0.6434	0.6403	0.6116	0.6066	0.5919	0.6274	0.6660	0.6855	0.6233	0.4685	0.4371	0.3864	0.3737	0.4194	0.4808	0.4623	0.4185
0.0564	0.0854	0.1006	0.1375	0.1609	0.2093	0.2536	0.2747	0.2799	0.3034	0.4246	0.4616	0.3593	0.3707	0.4744	0.5221	0.4299	0.3969	0.4883	0.5426	0.5033	0.6369	0.7888	0.8013	0.7438	0.6867	0.6959	0.6570	0.7104	0.7258	0.7483	0.7648	0.7250	0.7352	0.7245	0.7530	0.7277	0.6537	0.6291	0.5972	0.6200	0.6084	0.6891	0.6725	0.6610	0.6739	0.6960	0.7017	0.7127	0.6952	0.6540	0.6515	0.6391	0.6472	0.6113	0.6172	0.6356	0.6416	0.6449	0.6627	0.6100	0.4092	0.3276	0.3126	0.3169	0.3911	0.4947	0.4733	0.4269
0.0310	0.0342	0.0586	0.0730	0.0868	0.0929	0.1115	0.1203	0.1426	0.1528	0.1819	0.1828	0.1936	0.1997	0.2275	0.2396	0.2481	0.2799	0.3107	0.3363	0.3928	0.4178	0.5342	0.7436	0.8382	0.7412	0.7433	0.7207	0.7978	0.7718	0.7643	0.7875	0.8026	0.8297	0.8302	0.8260	0.7506	0.7312	0.6721	0.6561	0.6411	0.6503	0.6435	0.6598	0.6674	0.6814	0.7138	0.7011	0.6797	0.6833	0.6939	0.6501	0.6252	0.6267	0.5938	0.6421	0.6507	0.5762	0.6393	0.6966	0.6109	0.4200	0.3054	0.3172	0.3377	0.4549	0.5366	0.4791	0.4424
0.0124	0.0277	0.0457	0.0360	0.0491	0.0571	0.0594	0.0742	0.0793	0.0970	0.1093	0.1017	0.1070	0.1158	0.1395	0.1441	0.1607	0.1681	0.2128	0.2283	0.2701	0.3053	0.3623	0.5292	0.8054	0.8355	0.7973	0.8155	0.8215	0.8086	0.8203	0.8085	0.8238	0.9030	0.8641	0.8160	0.8218	0.7918	0.7362	0.7048	0.7282	0.6912	0.6699	0.7010	0.6944	0.6892	0.7190	0.7490	0.7359	0.7122	0.6653	0.6425	0.6567	0.6384	0.6276	0.6769	0.6445	0.5290	0.6450	0.6970	0.6397	0.4248	0.2852	0.3058	0.3377	0.5255	0.5727	0.5043	0.4782
0.0171	0.0245	0.0322	0.0350	0.0458	0.0475	0.0668	0.0494	0.0503	0.0677	0.0813	0.0820	0.0775	0.0807	0.0909	0.1023	0.1135	0.1177	0.1270	0.1427	0.1543	0.1644	0.2133	0.2927	0.4380	0.6835	0.7545	0.7101	0.5243	0.6725	0.8116	0.8256	0.8499	0.8516	0.7611	0.6950	0.6925	0.7794	0.8385	0.8083	0.7571	0.7432	0.7411	0.7256	0.7443	0.7603	0.7421	0.7732	0.7690	0.7299	0.6940	0.6778	0.6485	0.6279	0.6367	0.6732	0.5169	0.4368	0.6207	0.7155	0.6485	0.4227	0.2944	0.3062	0.4177	0.6195	0.6053	0.5333	0.4897
0.0124	0.0098	0.0175	0.0298	0.0309	0.0362	0.0634	0.0523	0.0438	0.0565	0.0592	0.0629	0.0599	0.0662	0.0752	0.0847	0.0868	0.0885	0.0989	0.1027	0.1113	0.1108	0.1165	0.1582	0.1774	0.2392	0.3641	0.2882	0.2264	0.2820	0.3659	0.3665	0.4689	0.5100	0.3815	0.3338	0.3562	0.5439	0.7303	0.7778	0.7250	0.7211	0.6750	0.5710	0.5149	0.5631	0.5979	0.6131	0.6186	0.6343	0.6285	0.5469	0.4586	0.4060	0.4258	0.3868	0.2659	0.2818	0.4313	0.5914	0.5724	0.3347	0.2475	0.2966	0.4984	0.6322	0.5639	0.4404	0.4394
0.0103	0.0142	0.0244	0.0324	0.0305	0.0468	0.0535	0.0581	0.0505	0.0509	0.0505	0.0573	0.0558	0.0649	0.0639	0.0733	0.0758	0.0783	0.0934	0.0886	0.0940	0.0988	0.0982	0.1106	0.1210	0.1183	0.1298	0.1414	0.1470	0.1356	0.1397	0.1586	0.1643	0.1667	0.1616	0.1738	0.1813	0.2110	0.2957	0.3725	0.4515	0.5051	0.3402	0.2239	0.2040	0.2174	0.2406	0.2449	0.2571	0.2997	0.2975	0.2387	0.2035	0.1786	0.1871	0.1812	0.1903	0.2073	0.2286	0.3274	0.3645	0.2564	0.2256	0.2715	0.4998	0.5804	0.4398	0.2738	0.2917
0.0077	0.0055	0.0262	0.0380	0.0163	0.0320	0.0386	0.0447	0.0549	0.0529	0.0595	0.0520	0.0545	0.0657	0.0717	0.0787	0.0759	0.0736	0.0811	0.0738	0.0851	0.0861	0.0835	0.0883	0.0974	0.1044	0.1148	0.1161	0.1115	0.1131	0.1203	0.1259	0.1202	0.1214	0.1268	0.1265	0.1261	0.1263	0.1243	0.1352	0.1781	0.1962	0.1538	0.1653	0.1623	0.1494	0.1439	0.1525	0.1610	0.1540	0.1590	0.1484	0.1521	0.1461	0.1426	0.1535	0.1431	0.1574	0.1546	0.1564	0.1617	0.1591	0.1661	0.1882	0.3204	0.4495	0.3365	0.1839	0.1656
0.0089	0.0098	0.0170	0.0279	0.0157	0.0256	0.0321	0.0453	0.0462	0.0463	0.0414	0.0540	0.0513	0.0699	0.0607	0.0610	0.0696	0.0844	0.0729	0.0714	0.0743	0.0772	0.0789	0.0770	0.0786	0.0838	0.0922	0.1015	0.0998	0.1068	0.1008	0.0897	0.0977	0.0953	0.1071	0.1059	0.1083	0.1045	0.1058	0.1062	0.1102	0.1104	0.1241	0.1161	0.1190	0.1247	0.1219	0.1334	0.1231	0.1215	0.1314	0.1256	0.1269	0.1247	0.1246	0.1260	0.1213	0.1270	0.1227	0.1252	0.1321	0.1345	0.1278	0.1335	0.1389	0.1898	0.1839	0.1588	0.1351
0.0000	0.0095	0.0119	0.0220	0.0218	0.0290	0.0218	0.0241	0.0331	0.0454	0.0371	0.0472	0.0493	0.0444	0.0535	0.0650	0.0692	0.0639	0.0564	0.0612	0.0617	0.0714	0.0756	0.0765	0.0781	0.0757	0.0819	0.0960	0.0856	0.0867	0.0832	0.0836	0.0901	0.0820	0.0855	0.0836	0.0874	0.0853	0.0919	0.0919	0.0902	0.0878	0.1013	0.0921	0.0959	0.0964	0.1019	0.1094	0.1029	0.0990	0.1065	0.1003	0.0934	0.0924	0.0940	0.1007	0.0959	0.0990	0.0983	0.1100	0.1076	0.1042	0.1130	0.1016	0.1030	0.0969	0.1101	0.1121	0.1120
0.0040	0.0029	0.0078	0.0142	0.0131	0.0161	0.0213	0.0324	0.0339	0.0363	0.0347	0.0408	0.0442	0.0424	0.0489	0.0575	0.0519	0.0543	0.0637	0.0667	0.0684	0.0634	0.0655	0.0682	0.0732	0.0731	0.0788	0.0777	0.0750	0.0795	0.0713	0.0766	0.0758	0.0743	0.0708	0.0687	0.0702	0.0808	0.0767	0.0752	0.0775	0.0799	0.0860	0.0843	0.0895	0.0757	0.0786	0.0802	0.0856	0.0933	0.0823	0.0803	0.0774	0.0754	0.0754	0.0794	0.0796	0.0788	0.0777	0.0954	0.0921	0.0777	0.0762	0.0852	0.0875	0.0817	0.0840	0.0887	0.0879
0.0012	0.0042	0.0077	0.0147	0.0206	0.0157	0.0174	0.0232	0.0362	0.0271	0.0269	0.0382	0.0308	0.0428	0.0419	0.0596	0.0519	0.0501	0.0540	0.0577	0.0643	0.0553	0.0518	0.0554	0.0642	0.0730	0.0712	0.0658	0.0710	0.0718	0.0605	0.0685	0.0696	0.0709	0.0693	0.0624	0.0727	0.0751	0.0718	0.0718	0.0744	0.0788	0.0712	0.0712	0.0774	0.0773	0.0737	0.0688	0.0710	0.0744	0.0743	0.0707	0.0644	0.0712	0.0768	0.0689	0.0670	0.0663	0.0757	0.0829	0.0690	0.0675	0.0692	0.0729	0.0752	0.0813	0.0706	0.0829	0.0814
0.0000	0.0000	0.0041	0.0179	0.0017	0.0097	0.0273	0.0160	0.0265	0.0194	0.0277	0.0311	0.0375	0.0321	0.0430	0.0525	0.0534	0.0429	0.0438	0.0454	0.0575	0.0660	0.0630	0.0565	0.0564	0.0582	0.0641	0.0667	0.0638	0.0610	0.0577	0.0613	0.0574	0.0701	0.0698	0.0633	0.0641	0.0679	0.0648	0.0697	0.0678	0.0710	0.0684	0.0660	0.0672	0.0604	0.0682	0.0643	0.0671	0.0632	0.0695	0.0666	0.0603	0.0705	0.0631	0.0590	0.0604	0.0668	0.0683	0.0686	0.0666	0.0615	0.0664	0.0668	0.0785	0.0640	0.0557	0.0687	0.0641
0.0000	0.0000	0.0000	0.0039	0.0000	0.0017	0.0118	0.0234	0.0287	0.0185	0.0298	0.0302	0.0241	0.0245	0.0348	0.0365	0.0333	0.0365	0.0307	0.0405	0.0480	0.0553	0.0462	0.0590	0.0553	0.0645	0.0625	0.0598	0.0634	0.0601	0.0623	0.0621	0.0634	0.0632	0.0560	0.0560	0.0548	0.0574	0.0633	0.0626	0.0582	0.0612	0.0646	0.0629	0.0619	0.0552	0.0625	0.0589	0.0593	0.0571	0.0588	0.0596	0.0596	0.0606	0.0589	0.0586	0.0619	0.0598	0.0590	0.0636	0.0594	0.0557	0.0481	0.0530	0.0620	0.0503	0.0488	0.0470	0.0443
0.0000	0.0000	0.0000	0.0006	0.0000	0.0050	0.0060	0.0099	0.0111	0.0123	0.0150	0.0267	0.0194	0.0174	0.0227	0.0288	0.0323	0.0274	0.0317	0.0303	0.0395	0.0367	0.0384	0.0399	0.0506	0.0521	0.0535	0.0492	0.0538	0.0588	0.0568	0.0608	0.0595	0.0599	0.0565	0.0500	0.0533	0.0537	0.0611	0.0588	0.0540	0.0558	0.0582	0.0581	0.0516	0.0519	0.0605	0.0581	0.0514	0.0549	0.0571	0.0563	0.0501	0.0468	0.0580	0.0623	0.0614	0.0461	0.0524	0.0554	0.0551	0.0435	0.0477	0.0461	0.0507	0.0502	0.0498	0.0571	0.0402
0.0000	0.0000	0.0000	0.0000	0.0000	0.0000	0.0017	0.0102	0.0043	0.0007	0.0195	0.0329	0.0318	0.0158	0.0128	0.0264	0.0410	0.0356	0.0309	0.0366	0.0435	0.0482	0.0420	0.0442	0.0476	0.0484	0.0575	0.0487	0.0463	0.0558	0.0533	0.0525	0.0556	0.0545	0.0586	0.0508	0.0508	0.0531	0.0526	0.0539	0.0495	0.0517	0.0574	0.0556	0.0480	0.0556	0.0534	0.0476	0.0484	0.0509	0.0552	0.0538	0.0518	0.0471	0.0450	0.0534	0.0528	0.0423	0.0500	0.0519	0.0430	0.0432	0.0391	0.0420	0.0357	0.0435	0.0438	0.0440	0.0337
0.0000	0.0000	0.0000	0.0000	0.0000	0.0000	0.0000	0.0058	0.0084	0.0074	0.0191	0.0204	0.0304	0.0257	0.0172	0.0194	0.0274	0.0337	0.0321	0.0363	0.0404	0.0378	0.0395	0.0511	0.0350	0.0460	0.0561	0.0470	0.0504	0.0564	0.0510	0.0447	0.0509	0.0548	0.0501	0.0445	0.0463	0.0556	0.0535	0.0468	0.0515	0.0464	0.0495	0.0478	0.0449	0.0534	0.0491	0.0546	0.0500	0.0467	0.0509	0.0539	0.0539	0.0466	0.0454	0.0522	0.0451	0.0371	0.0442	0.0463	0.0429	0.0376	0.0432	0.0477	0.0358	0.0356	0.0341	0.0306	0.0281
0.0000	0.0000	0.0000	0.0000	0.0000	0.0000	0.0000	0.0000	0.0044	0.0082	0.0142	0.0167	0.0163	0.0193	0.0150	0.0175	0.0243	0.0263	0.0242	0.0233	0.0270	0.0281	0.0336	0.0422	0.0396	0.0421	0.0445	0.0469	0.0497	0.0526	0.0463	0.0450	0.0477	0.0407	0.0481	0.0465	0.0440	0.0403	0.0431	0.0436	0.0433	0.0500	0.0546	0.0509	0.0463	0.0523	0.0460	0.0411	0.0400	0.0404	0.0434	0.0383	0.0447	0.0393	0.0421	0.0487	0.0405	0.0382	0.0370	0.0326	0.0361	0.0380	0.0460	0.0445	0.0307	0.0274	0.0275	0.0244	0.0204
0.0000	0.0000	0.0000	0.0000	0.0000	0.0052	0.0065	0.0064	0.0037	0.0031	0.0007	0.0168	0.0238	0.0135	0.0081	0.0115	0.0211	0.0187	0.0285	0.0221	0.0283	0.0279	0.0387	0.0327	0.0373	0.0345	0.0434	0.0473	0.0464	0.0566	0.0458	0.0344	0.0498	0.0457	0.0430	0.0453	0.0395	0.0369	0.0391	0.0453	0.0451	0.0568	0.0506	0.0519	0.0434	0.0444	0.0434	0.0459	0.0422	0.0395	0.0388	0.0413	0.0475	0.0376	0.0483	0.0362	0.0394	0.0441	0.0371	0.0412	0.0366	0.0295	0.0377	0.0461	0.0383	0.0404	0.0314	0.0293	0.0281
