0.0000	0.0000	0.0000	0.0046	0.0018	0.0039	0.0005	0.0113	0.0091	0.0067	0.0084	0.0262	0.0150	0.0096	0.0221	0.0402	0.0260	0.0326	0.0229	0.0387	0.0433	0.0402	0.0411	0.0446	0.0532	0.0572	0.0563	0.0495	0.0592	0.0709	0.0628	0.0664	0.0723	0.0649	0.0699	0.0791	0.0820	0.0917	0.0796	0.0637	0.0745	0.0949	0.1043	0.1079	0.0992	0.0921	0.1095	0.0941	0.0814	0.0944	0.0886	0.0773	0.0799	0.0730	0.0736	0.0768	0.0743	0.0738	0.0669	0.0658	0.0533	0.0461	0.0507	0.0466	0.0470	0.0460	0.0401	0.0385	0.0453
0.0000	0.0000	0.0027	0.0114	0.0022	0.0086	0.0000	0.0142	0.0102	0.0143	0.0218	0.0199	0.0163	0.0281	0.0185	0.0365	0.0423	0.0358	0.0459	0.0474	0.0580	0.0513	0.0587	0.0457	0.0560	0.0568	0.0555	0.0656	0.0744	0.0677	0.0684	0.0692	0.0800	0.0807	0.0790	0.0738	0.0862	0.1043	0.0996	0.0938	0.0998	0.1086	0.1010	0.1144	0.1125	0.0878	0.1000	0.1091	0.0914	0.0910	0.0881	0.0786	0.0748	0.0711	0.0892	0.0834	0.0699	0.0797	0.0700	0.0712	0.0554	0.0480	0.0600	0.0570	0.0453	0.0399	0.0442	0.0494	0.0499
0.0000	0.0033	0.0065	0.0090	0.0066	0.0028	0.0109	0.0182	0.0125	0.0171	0.0249	0.0221	0.0250	0.0244	0.0185	0.0308	0.0510	0.0479	0.0498	0.0535	0.0476	0.0457	0.0614	0.0640	0.0716	0.0651	0.0744	0.0621	0.0674	0.0769	0.0838	0.0694	0.0612	0.0891	0.0870	0.0787	0.0888	0.0968	0.1026	0.0994	0.1130	0.1128	0.1025	0.1158	0.0961	0.1039	0.1158	0.1103	0.0991	0.1031	0.1191	0.0926	0.1086	0.0896	0.0809	0.0913	0.0811	0.0742	0.0840	0.0875	0.0699	0.0668	0.0750	0.0592	0.0625	0.0450	0.0379	0.0555	0.0445
0.0028	0.0000	0.0025	0.0199	0.0114	0.0105	0.0228	0.0276	0.0148	0.0249	0.0256	0.0320	0.0362	0.0374	0.0305	0.0510	0.0522	0.0574	0.0457	0.0560	0.0797	0.0534	0.0526	0.0673	0.0688	0.0697	0.0818	0.0690	0.0746	0.0725	0.0689	0.0707	0.0690	0.0906	0.0950	0.0877	0.0727	0.0852	0.1117	0.1169	0.1103	0.1138	0.1087	0.1055	0.1172	0.1063	0.1190	0.1022	0.1019	0.1029	0.1274	0.1085	0.1047	0.1108	0.0997	0.0931	0.0781	0.0994	0.0955	0.0965	0.0941	0.0791	0.0869	0.0769	0.0713	0.0643	0.0615	0.0716	0.0709
0.0000	0.0000	0.0032	0.0106	0.0100	0.0096	0.0108	0.0330	0.0190	0.0275	0.0283	0.0349	0.0388	0.0416	0.0225	0.0499	0.0610	0.0460	0.0386	0.0549	0.0635	0.0604	0.0652	0.0641	0.0594	0.0640	0.0604	0.0610	0.0838	0.0875	0.0784	0.0854	0.0922	0.1019	0.1095	0.0949	0.0897	0.1004	0.1105	0.1054	0.0957	0.1109	0.1175	0.1168	0.1236	0.1272	0.1309	0.1068	0.1093	0.1228	0.1121	0.1145	0.1048	0.1036	0.1108	0.1048	0.0896	0.1000	0.0878	0.0934	0.1048	0.0772	0.0895	0.0817	0.0837	0.0809	0.0680	0.0707	0.0799
0.0000	0.0008	0.0084	0.0177	0.0116	0.0165	0.0085	0.0345	0.0355	0.0379	0.0321	0.0243	0.0465	0.0481	0.0382	0.0413	0.0522	0.0416	0.0527	0.0877	0.0579	0.0673	0.0843	0.0726	0.0949	0.0766	0.0810	0.0815	0.0883	0.0988	0.1050	0.1010	0.1095	0.1091	0.0988	0.1084	0.0992	0.1050	0.1206	0.0961	0.1073	0.1351	0.1325	0.1210	0.1375	0.1320	0.1272	0.1297	0.1273	0.1414	0.1387	0.1206	0.1266	0.1262	0.1131	0.1184	0.1106	0.1067	0.0985	0.1001	0.1030	0.0995	0.0928	0.0910	0.0934	0.0758	0.0702	0.0820	0.0755
0.0082	0.0067	0.0072	0.0092	0.0051	0.0042	0.0171	0.0375	0.0304	0.0254	0.0517	0.0424	0.0431	0.0354	0.0441	0.0556	0.0616	0.0483	0.0735	0.0671	0.0627	0.0749	0.0822	0.0628	0.0746	0.0879	0.0796	0.0850	0.0945	0.0948	0.0868	0.0940	0.1084	0.1051	0.0993	0.0954	0.1018	0.1131	0.1173	0.1163	0.1092	0.1297	0.1471	0.1349	0.1593	0.1467	0.1349	0.1528	0.1539	0.1689	0.1650	0.1370	0.1409	0.1457	0.1290	0.1355	0.1311	0.1323	0.1266	0.1237	0.1083	0.1196	0.1194	0.1108	0.1090	0.0902	0.0848	0.0902	0.0829
0.0019	0.0042	0.0131	0.0114	0.0027	0.0171	0.0202	0.0359	0.0341	0.0277	0.0435	0.0537	0.0523	0.0422	0.0594	0.0768	0.0590	0.0461	0.0757	0.0551	0.0732	0.0880	0.0903	0.0606	0.0749	0.0871	0.0896	0.0832	0.1005	0.1037	0.0873	0.0828	0.1104	0.1194	0.1184	0.1116	0.1175	0.1308	0.1252	0.1271	0.1340	0.1418	0.1723	0.1625	0.1581	0.1685	0.1704	0.1874	0.1950	0.2132	0.1703	0.1711	0.1410	0.1380	0.1546	0.1528	0.1290	0.1356	0.1448	0.1360	0.1347	0.1408	0.1356	0.1371	0.1245	0.1013	0.1068	0.1093	0.1050
0.0000	0.0056	0.0124	0.0236	0.0219	0.0288	0.0403	0.0431	0.0418	0.0393	0.0325	0.0500	0.0518	0.0541	0.0634	0.0755	0.0652	0.0724	0.0762	0.0907	0.0936	0.0944	0.1020	0.0993	0.0884	0.0929	0.0892	0.0848	0.0991	0.1048	0.0983	0.1011	0.1170	0.1181	0.1247	0.1250	0.1108	0.1261	0.1396	0.1470	0.1543	0.1618	0.1786	0.1941	0.2157	0.2182	0.2378	0.3390	0.4869	0.4771	0.3994	0.2515	0.1855	0.1869	0.1807	0.1753	0.1643	0.1706	0.1860	0.1802	0.2229	0.2663	0.2071	0.1745	0.1337	0.1222	0.1336	0.1388	0.1303
0.0000	0.0056	0.0283	0.0133	0.0197	0.0261	0.0275	0.0390	0.0444	0.0647	0.0575	0.0493	0.0561	0.0675	0.0771	0.0611	0.0802	0.0927	0.0812	0.0957	0.0899	0.0801	0.0898	0.1005	0.1036	0.1024	0.0993	0.1033	0.1085	0.1071	0.1113	0.1032	0.1136	0.1324	0.1472	0.1382	0.1365	0.1483	0.1620	0.1770	0.1891	0.2056	0.2325	0.2914	0.4176	0.4102	0.3931	0.5967	0.7283	0.6805	0.6412	0.4965	0.3407	0.2405	0.2393	0.2494	0.2587	0.2854	0.2794	0.3273	0.4524	0.4490	0.3972	0.2676	0.1698	0.1575	0.1372	0.1466	0.1451
0.0000	0.0147	0.0332	0.0279	0.0270	0.0365	0.0401	0.0364	0.0462	0.0568	0.0503	0.0552	0.0651	0.0672	0.0568	0.0686	0.0941	0.0962	0.0903	0.0950	0.1036	0.0876	0.0940	0.0915	0.1032	0.1168	0.1142	0.1037	0.1172	0.1212	0.1155	0.1333	0.1394	0.1704	0.1739	0.1424	0.1613	0.1992	0.2061	0.2309	0.2367	0.3135	0.3563	0.5531	0.8142	0.7905	0.5918	0.7099	0.7538	0.6904	0.6463	0.6900	0.5963	0.3614	0.3257	0.4462	0.4611	0.4667	0.4089	0.4741	0.4999	0.4241	0.4300	0.3661	0.2123	0.1830	0.1797	0.1692	0.1767
0.0111	0.0172	0.0312	0.0417	0.0361	0.0450	0.0544	0.0558	0.0680	0.0575	0.0610	0.0656	0.0673	0.0678	0.0839	0.0941	0.1015	0.1046	0.0961	0.1054	0.1191	0.1089	0.1126	0.0943	0.1114	0.1149	0.1180	0.1236	0.1341	0.1439	0.1467	0.1571	0.1663	0.1831	0.1878	0.1859	0.2066	0.2377	0.2590	0.2888	0.3220	0.3850	0.5578	0.8491	0.9137	0.8308	0.7436	0.7043	0.8035	0.7640	0.6885	0.6733	0.6948	0.5311	0.4766	0.6383	0.6162	0.5910	0.4856	0.4816	0.5247	0.4526	0.4466	0.4239	0.2816	0.2758	0.2676	0.2322	0.2054
0.0255	0.0248	0.0297	0.0455	0.0445	0.0393	0.0479	0.0598	0.0794	0.0663	0.0805	0.0747	0.0718	0.0727	0.0874	0.0885	0.1094	0.1133	0.1210	0.1253	0.1228	0.1253	0.1380	0.1218	0.1302	0.1529	0.1329	0.1333	0.1733	0.1806	0.1758	0.1954	0.2189	0.2312	0.2425	0.2420	0.2533	0.3055	0.3476	0.4027	0.4399	0.5333	0.7921	0.9114	0.9174	0.8183	0.8374	0.7707	0.7682	0.7517	0.6971	0.6726	0.7222	0.6717	0.6224	0.6390	0.6042	0.5408	0.5549	0.5473	0.4975	0.4725	0.4612	0.4758	0.3882	0.3914	0.3497	0.3409	0.2632
0.0125	0.0288	0.0370	0.0390	0.0298	0.0303	0.0492	0.0679	0.0776	0.0673	0.0764	0.0893	0.0823	0.0793	0.0875	0.0946	0.1258	0.1434	0.1425	0.1432	0.1389	0.1259	0.1530	0.1394	0.1663	0.1766	0.1713	0.1910	0.2052	0.2204	0.2245	0.2554	0.2696	0.3000	0.3239	0.3306	0.3942	0.4739	0.6366	0.6966	0.6349	0.7284	0.9294	0.9331	0.8960	0.8451	0.8014	0.7903	0.7512	0.7298	0.7346	0.6977	0.7024	0.6756	0.6370	0.6278	0.5865	0.5399	0.5391	0.5249	0.4684	0.4449	0.4924	0.5010	0.4493	0.3953	0.3842	0.3403	0.3284
0.0103	0.0208	0.0382	0.0493	0.0558	0.0541	0.0705	0.0729	0.0894	0.0692	0.0794	0.0927	0.1061	0.1045	0.1206	0.1177	0.1390	0.1578	0.1403	0.1644	0.1740	0.1852	0.1866	0.1935	0.2054	0.2014	0.2182	0.2319	0.2529	0.2802	0.2970	0.3267	0.3824	0.4103	0.4766	0.6141	0.7906	0.8819	0.9265	0.8701	0.8266	0.8764	0.9283	0.9562	0.9422	0.8368	0.7412	0.7211	0.7814	0.7101	0.6977	0.6969	0.6681	0.6164	0.6245	0.5635	0.5563	0.5506	0.4936	0.4785	0.4574	0.4408	0.4736	0.4690	0.4599	0.3865	0.3657	0.3261	0.3263
0.0222	0.0180	0.0370	0.0626	0.0778	0.0767	0.0856	0.0918	0.1077	0.1094	0.1135	0.1257	0.1335	0.1362	0.1766	0.1878	0.2326	0.2170	0.2089	0.2216	0.2317	0.2355	0.2430	0.2462	0.2567	0.2658	0.2839	0.2850	0.3430	0.3761	0.4094	0.4290	0.5135	0.6270	0.7441	0.9333	1.0000	0.9167	0.8379	0.8080	0.8560	0.8127	0.8561	0.9002	0.8964	0.8691	0.7916	0.7271	0.7090	0.7008	0.7324	0.7211	0.6765	0.6331	0.6043	0.6057	0.5399	0.5051	0.4734	0.4896	0.4548	0.4414	0.4852	0.4559	0.4095	0.3398	0.3393	0.3369	0.3234
0.0221	0.0290	0.0557	0.0697	0.0826	0.0885	0.1066	0.1322	0.1434	0.1668	0.2025	0.2500	0.2488	0.2874	0.3294	0.3843	0.4011	0.4629	0.4113	0.3674	0.4015	0.3880	0.3932	0.3924	0.3993	0.3974	0.3807	0.4339	0.4967	0.6458	0.7282	0.6478	0.8484	0.9502	0.9695	0.9271	0.8559	0.7626	0.7407	0.6738	0.6853	0.7427	0.8390	0.8870	0.8354	0.7477	0.7420	0.7601	0.6898	0.6856	0.6966	0.7197	0.6540	0.6390	0.5833	0.5815	0.5393	0.5018	0.4710	0.4975	0.4382	0.4134	0.4541	0.4246	0.3982	0.3601	0.3300	0.3383	0.3168
0.0479	0.0667	0.1038	0.1480	0.1920	0.2451	0.3069	0.3568	0.4158	0.3915	0.4816	0.5786	0.5816	0.5653	0.6272	0.6910	0.6952	0.7649	0.7468	0.7336	0.7329	0.7051	0.7058	0.7158	0.7099	0.6981	0.6927	0.7462	0.7423	0.8647	0.8973	0.8351	0.8757	0.8741	0.8268	0.7367	0.6779	0.6361	0.6280	0.6264	0.5949	0.6745	0.7260	0.7957	0.7884	0.7012	0.7116	0.6924	0.7294	0.6616	0.6786	0.6680	0.6416	0.5966	0.5585	0.5419	0.4795	0.4662	0.4771	0.4482	0.4397	0.4240	0.4357	0.4047	0.3681	0.3489	0.3347	0.3236	0.2880
0.0918	0.1759	0.2964	0.3990	0.4717	0.5214	0.6206	0.6126	0.6632	0.6413	0.5997	0.6295	0.6818	0.6326	0.6272	0.7586	0.8183	0.7699	0.7854	0.7878	0.7458	0.7814	0.7527	0.7559	0.7719	0.7325	0.8037	0.7354	0.7537	0.8288	0.7845	0.7784	0.7696	0.7737	0.6657	0.6388	0.5811	0.6027	0.5959	0.6171	0.6166	0.6304	0.6860	0.7030	0.7540	0.7347	0.6797	0.6422	0.6473	0.6537	0.6952	0.6455	0.6071	0.5848	0.5612	0.5374	0.4450	0.4323	0.4199	0.4184	0.4408	0.3914	0.3842	0.3847	0.3369	0.3134	0.3199	0.3107	0.3117
0.2092	0.3215	0.3843	0.4270	0.4493	0.5166	0.4940	0.4867	0.4919	0.5104	0.5011	0.5096	0.5591	0.5239	0.5488	0.5893	0.6931	0.7279	0.7008	0.6936	0.6924	0.7193	0.6764	0.6822	0.6665	0.6471	0.7174	0.7144	0.7185	0.7301	0.6978	0.6892	0.6875	0.6811	0.5926	0.5855	0.5826	0.5914	0.5648	0.5681	0.6046	0.6490	0.6603	0.6573	0.7271	0.6484	0.6225	0.6195	0.6262	0.6172	0.5881	0.5880	0.5624	0.5509	0.5374	0.5141	0.4526	0.4508	0.4127	0.4087	0.3968	0.3828	0.4031	0.3798	0.3349	0.3165	0.3067	0.3107	0.3015
0.2197	0.2922	0.2806	0.2744	0.2834	0.3645	0.3486	0.3889	0.3695	0.4034	0.4107	0.4392	0.4735	0.4613	0.4627	0.5431	0.6134	0.6530	0.6012	0.6125	0.6624	0.6602	0.6174	0.5972	0.5869	0.6454	0.6162	0.6583	0.6338	0.6091	0.6297	0.6284	0.6077	0.6200	0.6044	0.5922	0.6022	0.6171	0.5881	0.5724	0.5881	0.5951	0.6271	0.6629	0.6489	0.6158	0.6387	0.5971	0.5853	0.5740	0.5732	0.5405	0.5201	0.5431	0.5249	0.4902	0.4626	0.4384	0.4368	0.4133	0.3949	0.4019	0.3884	0.3661	0.3545	0.3188	0.3042	0.3060	0.2743
0.2221	0.2323	0.2635	0.2849	0.2693	0.3009	0.2994	0.3416	0.3100	0.3503	0.3427	0.3682	0.4217	0.4515	0.4620	0.4966	0.6304	0.6359	0.6355	0.6711	0.6602	0.6664	0.6282	0.5480	0.5568	0.5826	0.5744	0.5705	0.5798	0.5726	0.5861	0.5988	0.5803	0.5994	0.6166	0.5664	0.5711	0.5739	0.5637	0.5960	0.6299	0.5950	0.5953	0.6424	0.6073	0.5973	0.5844	0.5772	0.5593	0.5565	0.5929	0.5121	0.5021	0.5000	0.4834	0.5063	0.4868	0.4441	0.4376	0.3947	0.3965	0.3995	0.3680	0.3382	0.3362	0.3245	0.2881	0.2870	0.2628
0.1775	0.1868	0.2196	0.2653	0.2689	0.2910	0.2973	0.3202	0.3174	0.3014	0.3264	0.3666	0.3845	0.4284	0.4659	0.5210	0.5667	0.5717	0.5812	0.6006	0.6285	0.6483	0.5813	0.5546	0.5731	0.5259	0.5430	0.5664	0.5664	0.5838	0.5317	0.5601	0.5906	0.5835	0.5700	0.5698	0.5688	0.5836	0.5916	0.5774	0.5771	0.5708	0.5819	0.5853	0.6089	0.5704	0.5733	0.5670	0.5262	0.4898	0.5249	0.5304	0.5437	0.4972	0.4981	0.5067	0.4812	0.4250	0.4172	0.4191	0.4048	0.3652	0.3534	0.3457	0.3042	0.3015	0.2996	0.2817	0.2635
0.1647	0.1964	0.2066	0.2597	0.2809	0.2852	0.3078	0.3097	0.3177	0.3094	0.3247	0.3456	0.3760	0.3826	0.4146	0.4967	0.5325	0.5718	0.5881	0.5889	0.5713	0.5878	0.5310	0.5099	0.5707	0.5170	0.5203	0.5386	0.5302	0.5466	0.5475	0.5834	0.5875	0.6050	0.5825	0.5446	0.5647	0.5625	0.5634	0.5639	0.5748	0.5809	0.6019	0.5837	0.5958	0.5676	0.5883	0.5387	0.5011	0.5104	0.4869	0.4921	0.5111	0.4918	0.4697	0.4964	0.4741	0.4491	0.4400	0.4475	0.3752	0.3717	0.3600	0.3256	0.3130	0.3108	0.2963	0.2662	0.2672
0.1705	0.2123	0.2199	0.2710	0.2872	0.3080	0.3202	0.3047	0.3252	0.3232	0.3385	0.3377	0.4066	0.4132	0.4368	0.4473	0.4788	0.5190	0.5509	0.5425	0.5076	0.5364	0.5517	0.5157	0.5317	0.5339	0.5033	0.5217	0.5327	0.5273	0.5679	0.5910	0.6023	0.6008	0.5630	0.5953	0.5706	0.5706	0.5820	0.5960	0.5897	0.6091	0.5968	0.5856	0.5828	0.5578	0.5672	0.5105	0.5166	0.5207	0.5049	0.4911	0.4703	0.4978	0.4811	0.4894	0.4728	0.4389	0.4213	0.4156	0.4006	0.3742	0.3710	0.3333	0.3285	0.3037	0.2877	0.2663	0.2519
0.2021	0.2252	0.2364	0.2831	0.2932	0.2986	0.3169	0.3376	0.3340	0.3368	0.3455	0.3672	0.4208	0.4381	0.4390	0.4584	0.4798	0.4703	0.5014	0.5163	0.5193	0.5207	0.4941	0.5054	0.5295	0.5170	0.5198	0.5298	0.5749	0.5558	0.6076	0.5751	0.5777	0.6020	0.5629	0.5616	0.5860	0.5830	0.5915	0.5663	0.5870	0.5977	0.5627	0.5980	0.6072	0.5902	0.5713	0.5324	0.5454	0.5175	0.5229	0.5183	0.4952	0.5101	0.4907	0.5034	0.4694	0.4589	0.4329	0.4173	0.4400	0.3903	0.3681	0.3425	0.3361	0.3089	0.2912	0.2875	0.2528
0.1851	0.1951	0.2483	0.2803	0.2748	0.2976	0.3025	0.3165	0.3323	0.3370	0.3544	0.3925	0.4382	0.4334	0.4269	0.4572	0.4651	0.4570	0.5116	0.5058	0.4971	0.4633	0.4771	0.5118	0.4859	0.5231	0.5297	0.5515	0.5755	0.5851	0.5809	0.5877	0.6081	0.6179	0.5632	0.5466	0.5774	0.5934	0.5983	0.5899	0.5894	0.5624	0.5708	0.6023	0.6016	0.5636	0.5402	0.5326	0.5392	0.5426	0.5394	0.5095	0.5046	0.5093	0.4853	0.4984	0.4556	0.4726	0.4490	0.4616	0.4235	0.3868	0.3757	0.3618	0.3328	0.3061	0.2964	0.2890	0.2735
0.2043	0.2303	0.2454	0.2890	0.2799	0.2896	0.3254	0.3214	0.3187	0.3409	0.3566	0.3855	0.4199	0.4071	0.4228	0.4606	0.4705	0.4626	0.4816	0.5146	0.4920	0.4803	0.5002	0.4913	0.4992	0.5048	0.5154	0.5329	0.5822	0.5733	0.5584	0.5994	0.6058	0.5684	0.5301	0.5477	0.5513	0.5833	0.5961	0.6036	0.6166	0.5945	0.5836	0.5800	0.5881	0.5553	0.5549	0.5500	0.5593	0.5258	0.5440	0.5586	0.5401	0.5087	0.4786	0.4903	0.4884	0.4507	0.4227	0.4584	0.4389	0.4171	0.4007	0.3782	0.3594	0.3262	0.3186	0.3039	0.2787
0.2087	0.2025	0.2407	0.2643	0.2920	0.2951	0.3148	0.3319	0.3062	0.3440	0.3603	0.3958	0.3828	0.3960	0.4356	0.4406	0.4697	0.4720	0.5079	0.4873	0.4999	0.5047	0.5082	0.5196	0.5109	0.4787	0.5216	0.5685	0.5650	0.5817	0.6122	0.6171	0.6257	0.6010	0.5481	0.5604	0.5676	0.6127	0.5727	0.6144	0.6225	0.6085	0.6095	0.6098	0.5941	0.5395	0.5454	0.5494	0.5572	0.5289	0.5126	0.5102	0.5002	0.5095	0.4785	0.4942	0.4722	0.4569	0.4345	0.4333	0.4139	0.4153	0.4111	0.3875	0.3741	0.3425	0.3173	0.3014	0.2646
0.1959	0.1883	0.2512	0.2819	0.2887	0.2997	0.3150	0.3048	0.3426	0.3538	0.3433	0.3821	0.3745	0.3934	0.3882	0.4224	0.4896	0.4829	0.4844	0.4955	0.5081	0.4993	0.4868	0.5229	0.4873	0.4829	0.5465	0.5854	0.5810	0.6153	0.6129	0.5880	0.6412	0.6258	0.5673	0.5881	0.6127	0.6243	0.5875	0.6058	0.6219	0.6055	0.5873	0.6041	0.5875	0.5569	0.5717	0.5423	0.5055	0.5028	0.5037	0.5121	0.5019	0.5048	0.4819	0.4982	0.4615	0.4396	0.4333	0.4306	0.4183	0.4126	0.4006	0.3903	0.3733	0.3569	0.3122	0.3059	0.3032
0.1798	0.2004	0.2615	0.2823	0.2911	0.3013	0.3439	0.3387	0.3400	0.3744	0.3547	0.3645	0.3999	0.4129	0.4102	0.4222	0.4827	0.4919	0.4813	0.4801	0.4861	0.4942	0.4863	0.5188	0.5035	0.4804	0.5005	0.5414	0.5739	0.5658	0.5858	0.5726	0.6155	0.6066	0.6192	0.6204	0.6100	0.5669	0.6042	0.6095	0.5707	0.6266	0.6250	0.6188	0.5789	0.5425	0.5708	0.5212	0.5351	0.5373	0.5100	0.5508	0.5385	0.5218	0.4802	0.4726	0.4784	0.4543	0.4418	0.4379	0.4183	0.3854	0.3965	0.3801	0.3690	0.3369	0.3252	0.3076	0.2992
0.1696	0.2077	0.2232	0.2734	0.2885	0.2915	0.3077	0.3436	0.3473	0.3679	0.3428	0.3553	0.3745	0.3902	0.4170	0.4288	0.4849	0.4656	0.4577	0.4791	0.4783	0.5081	0.4960	0.4817	0.5034	0.4791	0.4741	0.5323	0.5554	0.5407	0.5615	0.6032	0.6176	0.6012	0.6205	0.6023	0.5943	0.5740	0.5952	0.5881	0.5795	0.6058	0.6159	0.5989	0.5702	0.5386	0.5534	0.5889	0.5375	0.5602	0.5539	0.5262	0.5228	0.5126	0.5099	0.4875	0.4816	0.4571	0.4347	0.4205	0.4111	0.3982	0.4391	0.4140	0.3730	0.3452	0.3415	0.3286	0.3052
0.1755	0.2205	0.2362	0.2656	0.2928	0.3012	0.3345	0.3495	0.3302	0.3630	0.3381	0.3634	0.3883	0.3753	0.3834	0.4106	0.4879	0.4560	0.4693	0.4870	0.4868	0.4654	0.4752	0.5091	0.5076	0.4841	0.4913	0.5375	0.5605	0.5650	0.5878	0.5897	0.5593	0.5809	0.6326	0.6226	0.6236	0.5856	0.5844	0.5774	0.6102	0.6275	0.6273	0.6190	0.6010	0.5490	0.5848	0.5931	0.5643	0.5589	0.5293	0.5099	0.5434	0.5144	0.5025	0.4941	0.4915	0.4595	0.4156	0.4249	0.4117	0.4172	0.4126	0.3861	0.3654	0.3496	0.3339	0.2954	0.2832
0.1480	0.1908	0.2088	0.2455	0.2745	0.2870	0.3278	0.3759	0.3607	0.3703	0.3342	0.3538	0.3826	0.4078	0.3892	0.4210	0.4396	0.4504	0.4571	0.4805	0.4668	0.4565	0.4712	0.4735	0.4995	0.5173	0.5077	0.5609	0.5565	0.5528	0.6057	0.6142	0.5935	0.6283	0.6274	0.5881	0.5662	0.5841	0.6303	0.6206	0.6217	0.6340	0.6291	0.6366	0.5731	0.5633	0.6130	0.5676	0.5692	0.5755	0.5502	0.5085	0.5213	0.5023	0.5221	0.4971	0.4706	0.4519	0.4531	0.4275	0.4267	0.4251	0.4156	0.4023	0.3709	0.3613	0.3577	0.3300	0.3046
0.1310	0.1654	0.1977	0.2065	0.2565	0.2856	0.2907	0.3576	0.3365	0.3169	0.3573	0.3689	0.3905	0.3949	0.3908	0.4459	0.4634	0.4842	0.4692	0.5013	0.5092	0.5131	0.5051	0.5284	0.5781	0.5710	0.5698	0.5935	0.6150	0.6270	0.6271	0.6352	0.6154	0.6384	0.6801	0.6095	0.5848	0.5900	0.6111	0.6204	0.6240	0.6190	0.6367	0.6222	0.5868	0.5878	0.5638	0.5861	0.5697	0.5897	0.5343	0.5033	0.5310	0.5286	0.5153	0.5097	0.4746	0.4596	0.4474	0.4479	0.4407	0.4026	0.4056	0.3949	0.4082	0.3877	0.3569	0.3455	0.3018
0.1247	0.1472	0.2081	0.2384	0.2720	0.3116	0.3211	0.3435	0.3419	0.3059	0.3553	0.3981	0.3652	0.3796	0.4300	0.4868	0.4972	0.5189	0.5548	0.6155	0.5472	0.5683	0.5687	0.5873	0.6483	0.6485	0.6072	0.6154	0.6550	0.6416	0.6577	0.6593	0.6840	0.6835	0.6748	0.6505	0.6200	0.6027	0.5520	0.5784	0.6148	0.6057	0.6309	0.6310	0.6167	0.5875	0.6192	0.6280	0.5914	0.5790	0.5584	0.5428	0.5161	0.4882	0.4756	0.4782	0.4603	0.4496	0.4362	0.4402	0.4345	0.4243	0.4235	0.3998	0.4114	0.3751	0.3519	0.3620	0.3190
0.1083	0.1393	0.1977	0.2481	0.2626	0.3080	0.3112	0.3485	0.3521	0.3604	0.3428	0.3746	0.4176	0.4459	0.4691	0.5020	0.5589	0.5778	0.6377	0.6262	0.6327	0.6626	0.6349	0.6617	0.6474	0.6472	0.6560	0.6781	0.7379	0.7189	0.7241	0.7483	0.7461	0.7611	0.7205	0.7086	0.6739	0.6667	0.6035	0.5797	0.6084	0.6546	0.6464	0.6493	0.6379	0.5884	0.6214	0.5934	0.6114	0.6026	0.5489	0.5389	0.5085	0.4794	0.4595	0.5004	0.4639	0.4680	0.4571	0.4356	0.4283	0.4269	0.4239	0.4194	0.4093	0.3730	0.3475	0.3551	0.3316
0.1238	0.1503	0.1921	0.2483	0.2657	0.2887	0.3057	0.3770	0.3773	0.3925	0.3855	0.4097	0.4397	0.4692	0.5297	0.5467	0.6026	0.6852	0.7080	0.7403	0.7144	0.7256	0.7345	0.7459	0.7323	0.7454	0.7374	0.7561	0.7933	0.7606	0.8134	0.8295	0.8081	0.8242	0.8015	0.7806	0.7874	0.7536	0.6882	0.6056	0.6165	0.6290	0.6583	0.6639	0.6695	0.6381	0.6422	0.6336	0.6062	0.5937	0.5694	0.5553	0.5472	0.5180	0.4995	0.5008	0.4814	0.4883	0.4572	0.4458	0.4708	0.4569	0.4448	0.4412	0.4193	0.3925	0.4013	0.3728	0.3476
0.1001	0.1584	0.1973	0.2847	0.3279	0.3751	0.3915	0.4373	0.4196	0.4307	0.4675	0.4721	0.4696	0.5244	0.5525	0.5950	0.6878	0.7014	0.7614	0.7881	0.7691	0.7904	0.7776	0.7534	0.8065	0.7707	0.7918	0.7960	0.8355	0.8305	0.8469	0.8311	0.8197	0.8890	0.8804	0.7626	0.7634	0.8384	0.7664	0.6704	0.6820	0.6935	0.6720	0.7062	0.6891	0.6242	0.6272	0.6095	0.6365	0.6028	0.5727	0.5924	0.5640	0.5386	0.5002	0.5153	0.5077	0.4945	0.4721	0.4812	0.4926	0.4848	0.4753	0.4771	0.4412	0.4323	0.3979	0.3876	0.3419
0.0642	0.1142	0.1781	0.2928	0.3585	0.4487	0.5037	0.5366	0.5831	0.6111	0.5771	0.5801	0.5779	0.5808	0.6187	0.6772	0.7607	0.7734	0.8243	0.8369	0.7834	0.8219	0.8231	0.7631	0.7954	0.6818	0.5385	0.6758	0.8137	0.7528	0.9034	0.6946	0.6425	0.7110	0.6173	0.4513	0.4935	0.6081	0.7395	0.7486	0.7237	0.7203	0.7091	0.7244	0.7194	0.6783	0.6557	0.6322	0.6414	0.6136	0.6185	0.5987	0.5849	0.5723	0.5364	0.5156	0.5276	0.5121	0.5254	0.5466	0.5151	0.5051	0.4841	0.4781	0.4516	0.4657	0.4201	0.4081	0.3731
0.0450	0.0716	0.0906	0.1258	0.1626	0.2295	0.3515	0.3827	0.3694	0.5060	0.4900	0.4551	0.5381	0.6684	0.7223	0.7886	0.8283	0.8156	0.8405	0.8026	0.7029	0.7187	0.6882	0.4993	0.4801	0.3885	0.3251	0.3767	0.5091	0.4544	0.5748	0.4369	0.4369	0.4991	0.3540	0.3549	0.3658	0.3890	0.5006	0.7070	0.8112	0.7228	0.7454	0.7238	0.7027	0.6952	0.6690	0.6370	0.6437	0.6029	0.6395	0.6187	0.5911	0.5893	0.5443	0.5521	0.5353	0.5055	0.5088	0.5486	0.5408	0.5355	0.5031	0.5005	0.4694	0.4756	0.4528	0.4466	0.4211
0.0276	0.0489	0.0686	0.0744	0.0794	0.0795	0.0987	0.1292	0.1406	0.1709	0.2015	0.1981	0.2508	0.3605	0.5092	0.5903	0.5747	0.5549	0.4949	0.4167	0.3334	0.2962	0.2834	0.2334	0.2367	0.2282	0.2192	0.2282	0.2536	0.2590	0.2745	0.2666	0.2920	0.3517	0.3170	0.3373	0.3311	0.3738	0.5037	0.7201	0.8240	0.7565	0.7492	0.7011	0.6931	0.6560	0.6876	0.6511	0.6343	0.6151	0.6579	0.6488	0.6082	0.5877	0.5796	0.5855	0.5643	0.5474	0.5469	0.5895	0.5606	0.5482	0.5463	0.5218	0.5065	0.4879	0.4651	0.4181	0.4032
0.0130	0.0300	0.0501	0.0437	0.0503	0.0671	0.0729	0.0717	0.0860	0.0907	0.1065	0.0975	0.1122	0.1211	0.1668	0.2110	0.2042	0.2048	0.1801	0.1764	0.1706	0.1690	0.1759	0.1921	0.1983	0.1897	0.1800	0.2000	0.2187	0.2384	0.2430	0.2349	0.2551	0.2824	0.2785	0.2791	0.3082	0.3691	0.5125	0.7721	0.8559	0.7931	0.7803	0.7594	0.7333	0.6828	0.6954	0.6644	0.6645	0.6631	0.6577	0.6625	0.6365	0.6480	0.6219	0.6129	0.6281	0.6440	0.6112	0.6260	0.6150	0.5665	0.5680	0.5701	0.5254	0.5083	0.4753	0.4307	0.4263
0.0295	0.0199	0.0286	0.0331	0.0506	0.0548	0.0652	0.0570	0.0635	0.0834	0.0799	0.0732	0.0769	0.0859	0.0930	0.1009	0.1123	0.1169	0.1093	0.1240	0.1186	0.1236	0.1306	0.1552	0.1490	0.1536	0.1601	0.1772	0.1771	0.1924	0.2103	0.2170	0.2336	0.2370	0.2441	0.2605	0.2910	0.3242	0.4181	0.7015	0.8618	0.8421	0.8016	0.7698	0.7951	0.7698	0.7194	0.7073	0.7283	0.7029	0.6993	0.7024	0.6678	0.6769	0.6566	0.6973	0.6731	0.6546	0.6183	0.6346	0.6048	0.5063	0.5449	0.5711	0.5594	0.5404	0.4869	0.4494	0.4349
0.0204	0.0120	0.0369	0.0360	0.0538	0.0627	0.0513	0.0524	0.0451	0.0503	0.0639	0.0664	0.0728	0.0705	0.0724	0.0802	0.0961	0.0906	0.0889	0.0928	0.1062	0.1001	0.0860	0.1007	0.1124	0.1132	0.1217	0.1191	0.1357	0.1464	0.1503	0.1613	0.1746	0.1807	0.1928	0.2167	0.2361	0.2825	0.3439	0.5896	0.8219	0.8149	0.8186	0.7943	0.7525	0.7641	0.7336	0.7317	0.7065	0.7114	0.7047	0.5467	0.5342	0.6646	0.7008	0.6778	0.6375	0.6279	0.5979	0.5892	0.5087	0.3197	0.2954	0.3628	0.3679	0.4223	0.4766	0.4777	0.4082
0.0122	0.0078	0.0289	0.0373	0.0466	0.0530	0.0486	0.0484	0.0508	0.0489	0.0568	0.0589	0.0591	0.0559	0.0570	0.0701	0.0754	0.0666	0.0826	0.0810	0.0842	0.0784	0.0864	0.0791	0.0882	0.0922	0.0947	0.0883	0.0979	0.1103	0.1048	0.1107	0.1191	0.1256	0.1364	0.1444	0.1574	0.1787	0.2228	0.3340	0.6066	0.7622	0.7709	0.6314	0.5797	0.7091	0.6993	0.6680	0.5663	0.5769	0.4664	0.2820	0.3166	0.5103	0.6523	0.6589	0.6245	0.5992	0.5479	0.5033	0.3365	0.2194	0.1990	0.2149	0.2099	0.2293	0.2865	0.3254	0.2838
0.0031	0.0240	0.0255	0.0330	0.0294	0.0397	0.0487	0.0415	0.0524	0.0529	0.0556	0.0517	0.0534	0.0546	0.0510	0.0678	0.0833	0.0730	0.0872	0.0752	0.0634	0.0732	0.0857	0.0752	0.0757	0.0819	0.0807	0.0809	0.0876	0.0880	0.0911	0.0887	0.0921	0.0942	0.1031	0.1043	0.1111	0.1153	0.1220	0.1622	0.2500	0.4781	0.5482	0.3142	0.3925	0.4441	0.4088	0.2998	0.2345	0.2504	0.2104	0.1801	0.1920	0.2375	0.3498	0.4593	0.5694	0.5664	0.4253	0.2877	0.1711	0.1627	0.1539	0.1669	0.1639	0.1563	0.1657	0.1742	0.1797
0.0005	0.0126	0.0154	0.0083	0.0156	0.0374	0.0381	0.0417	0.0461	0.0395	0.0445	0.0537	0.0564	0.0519	0.0600	0.0693	0.0725	0.0805	0.0634	0.0640	0.0622	0.0685	0.0700	0.0689	0.0714	0.0773	0.0693	0.0860	0.0818	0.0804	0.0818	0.0764	0.0852	0.0788	0.0887	0.0891	0.0886	0.0935	0.1024	0.1016	0.1126	0.1544	0.1869	0.1399	0.1490	0.1489	0.1513	0.1339	0.1281	0.1306	0.1347	0.1252	0.1318	0.1345	0.1573	0.2029	0.3386	0.3447	0.2184	0.1535	0.1451	0.1415	0.1386	0.1387	0.1359	0.1420	0.1427	0.1509	0.1331
0.0000	0.0066	0.0187	0.0202	0.0185	0.0258	0.0275	0.0364	0.0344	0.0365	0.0381	0.0360	0.0487	0.0520	0.0500	0.0514	0.0527	0.0548	0.0542	0.0619	0.0585	0.0657	0.0659	0.0676	0.0622	0.0715	0.0653	0.0738	0.0760	0.0766	0.0662	0.0650	0.0704	0.0748	0.0747	0.0723	0.0775	0.0803	0.0804	0.0839	0.0959	0.0996	0.0989	0.1053	0.0965	0.0988	0.1131	0.1130	0.0988	0.1024	0.1027	0.1049	0.1043	0.1038	0.1142	0.1173	0.1223	0.1409	0.1328	0.1420	0.1226	0.1131	0.1152	0.1126	0.1068	0.1062	0.1102	0.1131	0.1137
0.0004	0.0046	0.0157	0.0224	0.0136	0.0190	0.0310	0.0300	0.0313	0.0402	0.0364	0.0363	0.0355	0.0437	0.0442	0.0399	0.0452	0.0478	0.0548	0.0588	0.0590	0.0533	0.0539	0.0543	0.0603	0.0599	0.0634	0.0543	0.0624	0.0566	0.0659	0.0619	0.0640	0.0656	0.0620	0.0615	0.0636	0.0633	0.0679	0.0719	0.0843	0.0880	0.0919	0.0923	0.0855	0.0888	0.0840	0.0835	0.0826	0.0855	0.0887	0.0814	0.0845	0.0830	0.0863	0.0921	0.0956	0.0948	0.0966	0.1109	0.1017	0.0849	0.0875	0.0985	0.0957	0.0927	0.0975	0.0865	0.0829
0.0000	0.0000	0.0080	0.0090	0.0120	0.0189	0.0311	0.0295	0.0284	0.0291	0.0316	0.0263	0.0355	0.0273	0.0407	0.0432	0.0425	0.0504	0.0483	0.0500	0.0521	0.0465	0.0508	0.0504	0.0562	0.0475	0.0641	0.0621	0.0569	0.0623	0.0524	0.0573	0.0652	0.0611	0.0591	0.0589	0.0632	0.0619	0.0674	0.0724	0.0787	0.0732	0.0701	0.0763	0.0763	0.0762	0.0789	0.0763	0.0744	0.0695	0.0760	0.0770	0.0660	0.0718	0.0859	0.0771	0.0721	0.0735	0.0842	0.0832	0.0793	0.0795	0.0746	0.0765	0.0804	0.0882	0.0860	0.0718	0.0721
0.0000	0.0002	0.0114	0.0109	0.0082	0.0140	0.0210	0.0163	0.0248	0.0300	0.0331	0.0302	0.0296	0.0290	0.0349	0.0353	0.0460	0.0352	0.0457	0.0510	0.0487	0.0437	0.0526	0.0579	0.0487	0.0498	0.0485	0.0561	0.0569	0.0525	0.0498	0.0491	0.0517	0.0555	0.0572	0.0641	0.0602	0.0572	0.0611	0.0601	0.0590	0.0707	0.0683	0.0694	0.0674	0.0726	0.0721	0.0683	0.0618	0.0664	0.0646	0.0672	0.0591	0.0695	0.0720	0.0684	0.0678	0.0655	0.0670	0.0762	0.0642	0.0639	0.0668	0.0638	0.0668	0.0610	0.0554	0.0577	0.0444
0.0000	0.0000	0.0020	0.0031	0.0000	0.0125	0.0084	0.0191	0.0175	0.0175	0.0162	0.0246	0.0338	0.0373	0.0372	0.0360	0.0336	0.0324	0.0285	0.0415	0.0420	0.0434	0.0409	0.0435	0.0448	0.0514	0.0492	0.0433	0.0478	0.0476	0.0526	0.0435	0.0481	0.0541	0.0493	0.0526	0.0451	0.0466	0.0505	0.0519	0.0567	0.0636	0.0641	0.0590	0.0547	0.0608	0.0670	0.0619	0.0603	0.0641	0.0539	0.0557	0.0650	0.0582	0.0575	0.0614	0.0691	0.0555	0.0536	0.0636	0.0651	0.0529	0.0530	0.0510	0.0490	0.0435	0.0454	0.0457	0.0393
0.0000	0.0000	0.0000	0.0000	0.0000	0.0011	0.0119	0.0089	0.0168	0.0045	0.0149	0.0280	0.0222	0.0176	0.0166	0.0265	0.0290	0.0257	0.0266	0.0348	0.0395	0.0388	0.0232	0.0329	0.0433	0.0385	0.0359	0.0398	0.0422	0.0409	0.0448	0.0426	0.0469	0.0512	0.0486	0.0428	0.0395	0.0488	0.0537	0.0517	0.0520	0.0549	0.0512	0.0562	0.0462	0.0513	0.0565	0.0582	0.0574	0.0547	0.0566	0.0615	0.0603	0.0502	0.0584	0.0607	0.0567	0.0508	0.0524	0.0540	0.0542	0.0446	0.0485	0.0465	0.0487	0.0450	0.0440	0.0439	0.0465
0.0000	0.0000	0.0000	0.0000	0.0000	0.0015	0.0068	0.0123	0.0084	0.0045	0.0210	0.0252	0.0266	0.0173	0.0283	0.0327	0.0307	0.0220	0.0174	0.0242	0.0351	0.0349	0.0232	0.0376	0.0383	0.0341	0.0400	0.0382	0.0467	0.0564	0.0479	0.0397	0.0420	0.0441	0.0426	0.0347	0.0455	0.0564	0.0476	0.0466	0.0575	0.0524	0.0584	0.0544	0.0506	0.0553	0.0566	0.0546	0.0492	0.0530	0.0573	0.0548	0.0488	0.0487	0.0528	0.0592	0.0512	0.0434	0.0521	0.0519	0.0425	0.0365	0.0428	0.0432	0.0408	0.0318	0.0249	0.0357	0.0394
0.0000	0.0000	0.0000	0.0000	0.0000	0.0073	0.0036	0.0139	0.0090	0.0053	0.0090	0.0198	0.0275	0.0202	0.0203	0.0299	0.0181	0.0217	0.0232	0.0305	0.0277	0.0251	0.0292	0.0328	0.0320	0.0339	0.0379	0.0322	0.0422	0.0458	0.0371	0.0364	0.0399	0.0401	0.0365	0.0351	0.0408	0.0516	0.0449	0.0500	0.0527	0.0492	0.0502	0.0457	0.0485	0.0494	0.0461	0.0467	0.0482	0.0528	0.0451	0.0505	0.0478	0.0447	0.0510	0.0453	0.0485	0.0449	0.0453	0.0438	0.0383	0.0355	0.0390	0.0460	0.0432	0.0291	0.0315	0.0373	0.0258
0.0000	0.0000	0.0000	0.0000	0.0085	0.0107	0.0000	0.0052	0.0087	0.0145	0.0157	0.0097	0.0168	0.0164	0.0187	0.0222	0.0204	0.0181	0.0274	0.0317	0.0279	0.0228	0.0278	0.0301	0.0254	0.0295	0.0306	0.0333	0.0423	0.0395	0.0296	0.0258	0.0338	0.0376	0.0387	0.0386	0.0364	0.0391	0.0387	0.0487	0.0450	0.0449	0.0479	0.0448	0.0418	0.0444	0.0437	0.0486	0.0487	0.0432	0.0422	0.0439	0.0481	0.0426	0.0457	0.0484	0.0436	0.0344	0.0328	0.0336	0.0357	0.0335	0.0411	0.0333	0.0315	0.0257	0.0241	0.0323	0.0313
0.0000	0.0000	0.0000	0.0000	0.0000	0.0036	0.0000	0.0000	0.0095	0.0051	0.0061	0.0050	0.0048	0.0205	0.0248	0.0046	0.0219	0.0227	0.0230	0.0232	0.0197	0.0189	0.0117	0.0266	0.0296	0.0275	0.0258	0.0330	0.0385	0.0407	0.0412	0.0301	0.0374	0.0370	0.0392	0.0395	0.0402	0.0397	0.0401	0.0427	0.0504	0.0551	0.0437	0.0458	0.0429	0.0480	0.0496	0.0523	0.0436	0.0461	0.0437	0.0470	0.0503	0.0456	0.0389	0.0466	0.0448	0.0349	0.0347	0.0427	0.0450	0.0315	0.0406	0.0400	0.0305	0.0304	0.0238	0.0209	0.0246
